# Frequency [GHz] 	Fouriercomponent
-4.99967	 1.5314
-4.99633	 0.746895
-4.993	 1.07104
-4.98967	 0.392351
-4.98633	 0.462912
-4.983	 0.535383
-4.97967	 1.49452
-4.97633	 0.877697
-4.973	 2.66838
-4.96967	 2.13761
-4.96634	 1.54553
-4.963	 0.685841
-4.95967	 0.208332
-4.95634	 1.13998
-4.953	 1.39977
-4.94967	 2.02813
-4.94634	 0.810254
-4.943	 1.01134
-4.93967	 0.885724
-4.93634	 1.14982
-4.933	 0.601202
-4.92967	 1.17621
-4.92634	 0.33669
-4.92301	 1.14805
-4.91967	 2.6578
-4.91634	 1.81545
-4.91301	 1.23822
-4.90967	 1.72143
-4.90634	 1.01353
-4.90301	 0.229791
-4.89967	 2.7732
-4.89634	 1.00891
-4.89301	 2.28686
-4.88967	 1.23982
-4.88634	 1.35381
-4.88301	 1.07816
-4.87967	 0.537214
-4.87634	 0.0721479
-4.87301	 0.418368
-4.86968	 1.16102
-4.86634	 0.508693
-4.86301	 1.95157
-4.85968	 2.43889
-4.85634	 0.984698
-4.85301	 1.50653
-4.84968	 0.896038
-4.84634	 0.694604
-4.84301	 0.428754
-4.83968	 1.20523
-4.83634	 0.561408
-4.83301	 0.385986
-4.82968	 1.54808
-4.82634	 0.219422
-4.82301	 1.26219
-4.81968	 1.15478
-4.81635	 1.71152
-4.81301	 1.41744
-4.80968	 1.34604
-4.80635	 1.11534
-4.80301	 1.12236
-4.79968	 1.85042
-4.79635	 0.767086
-4.79301	 0.808211
-4.78968	 0.198542
-4.78635	 0.366296
-4.78301	 1.92535
-4.77968	 1.90187
-4.77635	 0.412751
-4.77302	 0.868805
-4.76968	 0.475749
-4.76635	 0.579427
-4.76302	 1.11798
-4.75968	 0.302511
-4.75635	 0.356828
-4.75302	 0.628598
-4.74968	 0.210731
-4.74635	 0.649061
-4.74302	 0.672876
-4.73968	 1.60224
-4.73635	 1.04307
-4.73302	 0.596935
-4.72968	 1.47365
-4.72635	 0.46116
-4.72302	 0.485559
-4.71969	 1.97746
-4.71635	 1.64194
-4.71302	 0.77118
-4.70969	 1.48471
-4.70635	 0.320751
-4.70302	 0.73645
-4.69969	 0.605355
-4.69635	 0.288534
-4.69302	 2.35442
-4.68969	 0.553369
-4.68635	 0.22309
-4.68302	 0.708324
-4.67969	 0.279475
-4.67635	 0.23589
-4.67302	 1.88793
-4.66969	 0.983139
-4.66636	 0.696878
-4.66302	 0.794583
-4.65969	 0.694676
-4.65636	 0.663373
-4.65302	 1.09817
-4.64969	 1.53466
-4.64636	 0.649286
-4.64302	 1.02525
-4.63969	 0.864327
-4.63636	 0.704932
-4.63302	 1.57936
-4.62969	 0.88737
-4.62636	 2.66486
-4.62303	 0.868265
-4.61969	 0.621546
-4.61636	 2.55286
-4.61303	 0.798344
-4.60969	 0.456281
-4.60636	 1.78208
-4.60303	 1.05712
-4.59969	 0.451251
-4.59636	 2.8003
-4.59303	 1.10188
-4.58969	 0.887287
-4.58636	 1.783
-4.58303	 0.618082
-4.57969	 0.765729
-4.57636	 0.832378
-4.57303	 1.11923
-4.5697	 2.78739
-4.56636	 1.43393
-4.56303	 1.64374
-4.5597	 0.394007
-4.55636	 0.338077
-4.55303	 0.585111
-4.5497	 0.125511
-4.54636	 1.73276
-4.54303	 1.13821
-4.5397	 0.576827
-4.53636	 0.348973
-4.53303	 1.29171
-4.5297	 1.42968
-4.52636	 1.0939
-4.52303	 1.86566
-4.5197	 0.909728
-4.51637	 0.952041
-4.51303	 0.188041
-4.5097	 1.96482
-4.50637	 0.838938
-4.50303	 1.58366
-4.4997	 1.65713
-4.49637	 1.61201
-4.49303	 0.916883
-4.4897	 1.12802
-4.48637	 1.3698
-4.48303	 2.44214
-4.4797	 0.267365
-4.47637	 1.38357
-4.47304	 0.841549
-4.4697	 0.2525
-4.46637	 1.2659
-4.46304	 1.07766
-4.4597	 0.453866
-4.45637	 0.829929
-4.45304	 0.703306
-4.4497	 0.721074
-4.44637	 0.793156
-4.44304	 1.47841
-4.4397	 0.558047
-4.43637	 0.952367
-4.43304	 0.643983
-4.4297	 0.628981
-4.42637	 1.05268
-4.42304	 1.71708
-4.41971	 1.05853
-4.41637	 1.27951
-4.41304	 0.697521
-4.40971	 0.369514
-4.40637	 0.759787
-4.40304	 0.319277
-4.39971	 0.424583
-4.39637	 0.649002
-4.39304	 1.30555
-4.38971	 2.49249
-4.38637	 1.16909
-4.38304	 0.60531
-4.37971	 1.67723
-4.37637	 0.302602
-4.37304	 1.40292
-4.36971	 1.51764
-4.36638	 0.818155
-4.36304	 0.109021
-4.35971	 1.20066
-4.35638	 1.33184
-4.35304	 0.416149
-4.34971	 0.903735
-4.34638	 0.567701
-4.34304	 1.6093
-4.33971	 0.065636
-4.33638	 0.639082
-4.33304	 1.19812
-4.32971	 1.35495
-4.32638	 1.51416
-4.32305	 0.167196
-4.31971	 0.294678
-4.31638	 0.828968
-4.31305	 0.834801
-4.30971	 2.03373
-4.30638	 0.592778
-4.30305	 0.429695
-4.29971	 0.845478
-4.29638	 0.917482
-4.29305	 1.26858
-4.28971	 1.05198
-4.28638	 0.319196
-4.28305	 1.49413
-4.27971	 0.589493
-4.27638	 0.825999
-4.27305	 0.219345
-4.26972	 1.11383
-4.26638	 1.05468
-4.26305	 1.22207
-4.25972	 1.62741
-4.25638	 0.729968
-4.25305	 1.03584
-4.24972	 0.909234
-4.24638	 0.847652
-4.24305	 0.994149
-4.23972	 0.710601
-4.23638	 1.39242
-4.23305	 1.04747
-4.22972	 0.404939
-4.22638	 0.833282
-4.22305	 1.19922
-4.21972	 1.54103
-4.21639	 1.32588
-4.21305	 1.3107
-4.20972	 0.608903
-4.20639	 1.40006
-4.20305	 1.24654
-4.19972	 0.391462
-4.19639	 0.886795
-4.19305	 1.88164
-4.18972	 0.92699
-4.18639	 0.554136
-4.18305	 0.680608
-4.17972	 0.338462
-4.17639	 1.34815
-4.17306	 0.85108
-4.16972	 1.88477
-4.16639	 2.07997
-4.16306	 1.283
-4.15972	 1.38258
-4.15639	 0.356401
-4.15306	 0.674135
-4.14972	 1.97601
-4.14639	 1.75641
-4.14306	 1.90144
-4.13972	 0.89318
-4.13639	 0.180466
-4.13306	 0.42163
-4.12972	 0.934568
-4.12639	 1.34925
-4.12306	 1.50851
-4.11973	 0.798168
-4.11639	 0.374938
-4.11306	 1.01909
-4.10973	 1.56175
-4.10639	 1.10288
-4.10306	 0.638722
-4.09973	 0.630553
-4.09639	 1.98164
-4.09306	 1.54038
-4.08973	 1.0865
-4.08639	 1.29305
-4.08306	 0.761752
-4.07973	 1.13792
-4.07639	 0.981542
-4.07306	 2.02807
-4.06973	 1.20096
-4.0664	 1.25301
-4.06306	 0.824989
-4.05973	 0.631692
-4.0564	 1.82627
-4.05306	 0.823516
-4.04973	 1.80876
-4.0464	 1.41185
-4.04306	 1.07273
-4.03973	 1.35412
-4.0364	 0.654742
-4.03306	 1.90799
-4.02973	 0.858134
-4.0264	 1.00331
-4.02307	 1.78272
-4.01973	 1.74849
-4.0164	 0.767058
-4.01307	 2.08017
-4.00973	 0.988268
-4.0064	 0.176596
-4.00307	 1.95939
-3.99973	 1.26871
-3.9964	 1.02798
-3.99307	 3.11153
-3.98973	 0.475402
-3.9864	 0.606155
-3.98307	 0.827218
-3.97973	 1.51152
-3.9764	 0.999173
-3.97307	 1.47451
-3.96974	 0.585855
-3.9664	 0.833953
-3.96307	 0.768336
-3.95974	 1.45216
-3.9564	 1.07414
-3.95307	 1.18186
-3.94974	 0.559295
-3.9464	 0.858716
-3.94307	 1.62352
-3.93974	 1.17083
-3.9364	 1.59414
-3.93307	 0.94844
-3.92974	 1.09015
-3.9264	 1.03091
-3.92307	 1.12618
-3.91974	 0.972722
-3.91641	 0.365689
-3.91307	 0.986921
-3.90974	 0.789681
-3.90641	 0.83926
-3.90307	 0.972104
-3.89974	 1.13608
-3.89641	 1.40224
-3.89307	 0.554708
-3.88974	 0.545942
-3.88641	 0.409573
-3.88307	 0.443994
-3.87974	 1.80376
-3.87641	 0.661686
-3.87308	 1.3615
-3.86974	 0.336841
-3.86641	 2.40262
-3.86308	 0.725578
-3.85974	 0.833146
-3.85641	 0.47354
-3.85308	 1.64537
-3.84974	 0.567694
-3.84641	 1.23277
-3.84308	 0.965367
-3.83974	 2.64699
-3.83641	 0.819939
-3.83308	 1.50735
-3.82974	 0.990166
-3.82641	 0.894465
-3.82308	 1.74436
-3.81975	 2.49271
-3.81641	 1.33228
-3.81308	 1.48837
-3.80975	 0.579434
-3.80641	 0.750452
-3.80308	 1.73814
-3.79975	 0.3964
-3.79641	 0.266552
-3.79308	 1.21189
-3.78975	 0.646896
-3.78641	 0.345094
-3.78308	 0.373629
-3.77975	 1.29426
-3.77641	 1.22177
-3.77308	 1.42972
-3.76975	 1.17731
-3.76642	 2.23399
-3.76308	 1.57093
-3.75975	 1.86733
-3.75642	 2.60787
-3.75308	 0.616048
-3.74975	 0.977324
-3.74642	 1.38477
-3.74308	 0.623996
-3.73975	 0.605771
-3.73642	 1.26191
-3.73308	 2.29427
-3.72975	 1.77222
-3.72642	 2.84371
-3.72309	 0.994367
-3.71975	 1.14592
-3.71642	 1.31922
-3.71309	 2.64552
-3.70975	 2.37593
-3.70642	 1.20882
-3.70309	 1.50606
-3.69975	 0.24659
-3.69642	 2.17812
-3.69309	 0.615339
-3.68975	 1.80757
-3.68642	 2.08268
-3.68309	 1.15385
-3.67975	 0.553504
-3.67642	 1.80472
-3.67309	 1.43109
-3.66976	 0.196257
-3.66642	 0.416792
-3.66309	 0.712312
-3.65976	 1.57152
-3.65642	 1.42336
-3.65309	 0.584961
-3.64976	 1.24594
-3.64642	 0.732992
-3.64309	 0.290984
-3.63976	 1.38508
-3.63642	 1.60788
-3.63309	 0.266908
-3.62976	 0.804089
-3.62642	 0.754058
-3.62309	 0.854983
-3.61976	 0.754343
-3.61643	 1.86821
-3.61309	 1.05832
-3.60976	 0.649268
-3.60643	 1.85895
-3.60309	 0.12991
-3.59976	 0.298713
-3.59643	 0.162166
-3.59309	 1.43612
-3.58976	 1.56778
-3.58643	 0.562293
-3.58309	 1.38498
-3.57976	 0.86266
-3.57643	 0.864703
-3.5731	 0.841996
-3.56976	 2.52664
-3.56643	 1.60348
-3.5631	 0.496555
-3.55976	 2.66478
-3.55643	 0.312381
-3.5531	 2.16059
-3.54976	 0.118935
-3.54643	 0.573384
-3.5431	 1.16545
-3.53976	 1.16937
-3.53643	 1.5878
-3.5331	 1.78513
-3.52976	 1.01462
-3.52643	 1.43289
-3.5231	 0.661065
-3.51977	 3.06101
-3.51643	 1.93204
-3.5131	 0.659369
-3.50977	 1.69426
-3.50643	 0.889235
-3.5031	 1.14644
-3.49977	 0.356759
-3.49643	 0.567407
-3.4931	 2.15343
-3.48977	 0.42059
-3.48643	 0.388311
-3.4831	 1.2078
-3.47977	 2.78585
-3.47643	 1.99863
-3.4731	 0.43074
-3.46977	 0.98666
-3.46644	 2.19069
-3.4631	 1.43182
-3.45977	 0.317861
-3.45644	 0.557615
-3.4531	 1.36454
-3.44977	 1.12095
-3.44644	 0.454317
-3.4431	 1.74235
-3.43977	 2.12593
-3.43644	 0.61947
-3.4331	 0.912098
-3.42977	 0.582121
-3.42644	 0.863303
-3.42311	 1.22383
-3.41977	 1.34857
-3.41644	 1.33863
-3.41311	 1.15359
-3.40977	 0.349103
-3.40644	 2.23976
-3.40311	 0.898509
-3.39977	 1.5662
-3.39644	 1.73445
-3.39311	 1.45713
-3.38977	 0.975138
-3.38644	 0.69424
-3.38311	 1.66794
-3.37977	 0.294915
-3.37644	 1.13061
-3.37311	 1.1756
-3.36978	 1.50174
-3.36644	 0.951895
-3.36311	 1.40237
-3.35978	 1.33131
-3.35644	 1.8238
-3.35311	 1.32867
-3.34978	 0.453966
-3.34644	 1.03856
-3.34311	 0.470574
-3.33978	 0.614994
-3.33644	 0.761841
-3.33311	 1.44535
-3.32978	 0.870474
-3.32644	 0.624299
-3.32311	 1.32121
-3.31978	 0.290692
-3.31645	 0.867633
-3.31311	 1.21828
-3.30978	 1.37187
-3.30645	 0.107389
-3.30311	 0.680475
-3.29978	 1.48814
-3.29645	 1.05328
-3.29311	 0.66559
-3.28978	 0.69586
-3.28645	 1.39546
-3.28311	 0.686651
-3.27978	 1.07966
-3.27645	 0.626249
-3.27312	 0.951387
-3.26978	 0.852973
-3.26645	 0.842682
-3.26312	 0.860384
-3.25978	 1.203
-3.25645	 0.749828
-3.25312	 1.56536
-3.24978	 0.465557
-3.24645	 1.00161
-3.24312	 1.57289
-3.23978	 0.427517
-3.23645	 0.695059
-3.23312	 0.893624
-3.22978	 0.909036
-3.22645	 1.63101
-3.22312	 0.791421
-3.21979	 0.819797
-3.21645	 0.684875
-3.21312	 0.534674
-3.20979	 0.542769
-3.20645	 0.564385
-3.20312	 1.01853
-3.19979	 0.190144
-3.19645	 1.17522
-3.19312	 1.07198
-3.18979	 2.13298
-3.18645	 0.280205
-3.18312	 0.399634
-3.17979	 1.30044
-3.17645	 0.981953
-3.17312	 1.53286
-3.16979	 0.936749
-3.16646	 0.574515
-3.16312	 0.575897
-3.15979	 1.53481
-3.15646	 1.34556
-3.15312	 1.63947
-3.14979	 0.50892
-3.14646	 1.16126
-3.14312	 0.406276
-3.13979	 1.07994
-3.13646	 0.665362
-3.13312	 0.584406
-3.12979	 1.65633
-3.12646	 2.0198
-3.12313	 0.486433
-3.11979	 0.871872
-3.11646	 0.297161
-3.11313	 1.49603
-3.10979	 0.780495
-3.10646	 0.023988
-3.10313	 1.17395
-3.09979	 1.64115
-3.09646	 0.639639
-3.09313	 1.05023
-3.08979	 0.718339
-3.08646	 0.81732
-3.08313	 1.68326
-3.07979	 0.354061
-3.07646	 1.3168
-3.07313	 1.192
-3.0698	 1.18631
-3.06646	 1.9229
-3.06313	 2.96824
-3.0598	 0.708451
-3.05646	 1.34683
-3.05313	 1.01846
-3.0498	 0.410557
-3.04646	 1.26408
-3.04313	 0.501468
-3.0398	 1.17091
-3.03646	 0.772937
-3.03313	 1.50329
-3.0298	 2.13105
-3.02646	 1.13452
-3.02313	 0.392714
-3.0198	 1.34379
-3.01647	 1.60875
-3.01313	 0.993574
-3.0098	 1.10124
-3.00647	 1.34835
-3.00313	 0.981999
-2.9998	 1.3304
-2.99647	 0.274588
-2.99313	 0.930373
-2.9898	 1.68166
-2.98647	 0.297091
-2.98313	 1.25666
-2.9798	 1.84434
-2.97647	 1.35162
-2.97314	 1.58991
-2.9698	 1.74284
-2.96647	 1.86976
-2.96314	 0.770015
-2.9598	 1.05622
-2.95647	 1.07713
-2.95314	 2.48731
-2.9498	 0.129293
-2.94647	 0.622893
-2.94314	 2.01401
-2.9398	 0.61743
-2.93647	 1.6381
-2.93314	 0.981139
-2.9298	 1.43177
-2.92647	 1.82979
-2.92314	 1.08681
-2.91981	 1.18109
-2.91647	 0.993262
-2.91314	 1.07148
-2.90981	 0.481087
-2.90647	 0.769476
-2.90314	 1.11098
-2.89981	 1.08506
-2.89647	 1.83242
-2.89314	 1.52502
-2.88981	 0.411016
-2.88647	 0.767033
-2.88314	 0.631941
-2.87981	 1.8662
-2.87647	 1.98836
-2.87314	 0.488041
-2.86981	 1.03841
-2.86648	 0.994058
-2.86314	 1.49759
-2.85981	 0.23904
-2.85648	 0.410842
-2.85314	 0.82093
-2.84981	 0.802757
-2.84648	 1.12981
-2.84314	 1.21712
-2.83981	 1.01071
-2.83648	 0.610245
-2.83314	 1.93539
-2.82981	 0.957724
-2.82648	 1.24841
-2.82315	 0.74833
-2.81981	 2.01505
-2.81648	 0.373601
-2.81315	 0.961232
-2.80981	 0.750367
-2.80648	 1.29078
-2.80315	 1.45788
-2.79981	 2.39336
-2.79648	 1.50295
-2.79315	 1.2696
-2.78981	 1.55238
-2.78648	 1.21865
-2.78315	 1.16028
-2.77981	 0.95276
-2.77648	 1.01235
-2.77315	 1.63878
-2.76982	 2.28932
-2.76648	 0.455747
-2.76315	 0.680531
-2.75982	 0.680815
-2.75648	 0.965087
-2.75315	 0.600773
-2.74982	 1.74752
-2.74648	 0.338683
-2.74315	 1.15023
-2.73982	 1.45969
-2.73648	 1.17607
-2.73315	 0.878596
-2.72982	 0.572636
-2.72648	 0.878371
-2.72315	 2.46071
-2.71982	 0.905176
-2.71649	 1.89967
-2.71315	 0.400437
-2.70982	 1.22666
-2.70649	 1.93145
-2.70315	 1.24424
-2.69982	 1.46341
-2.69649	 2.57853
-2.69315	 0.940247
-2.68982	 0.906888
-2.68649	 1.54784
-2.68315	 1.83305
-2.67982	 2.55278
-2.67649	 1.01938
-2.67316	 0.674867
-2.66982	 1.33525
-2.66649	 1.37097
-2.66316	 3.31636
-2.65982	 1.67413
-2.65649	 1.38099
-2.65316	 1.25089
-2.64982	 2.14226
-2.64649	 1.32287
-2.64316	 0.886133
-2.63982	 1.23557
-2.63649	 2.18735
-2.63316	 0.65884
-2.62982	 1.17311
-2.62649	 0.265668
-2.62316	 0.811639
-2.61983	 0.346726
-2.61649	 1.47054
-2.61316	 1.28107
-2.60983	 2.6776
-2.60649	 0.546183
-2.60316	 1.71681
-2.59983	 0.169896
-2.59649	 0.619147
-2.59316	 0.244758
-2.58983	 2.95317
-2.58649	 0.987702
-2.58316	 1.56999
-2.57983	 1.44762
-2.57649	 0.150124
-2.57316	 1.83309
-2.56983	 1.45109
-2.5665	 1.81729
-2.56316	 1.58139
-2.55983	 1.75697
-2.5565	 1.67118
-2.55316	 0.87284
-2.54983	 1.24058
-2.5465	 2.40153
-2.54316	 2.62855
-2.53983	 2.54981
-2.5365	 0.321004
-2.53316	 1.51682
-2.52983	 2.17475
-2.5265	 0.291999
-2.52317	 2.27629
-2.51983	 1.12995
-2.5165	 1.5377
-2.51317	 0.649584
-2.50983	 1.57554
-2.5065	 1.05795
-2.50317	 0.727612
-2.49983	 1.79183
-2.4965	 2.1478
-2.49317	 0.604531
-2.48983	 1.97739
-2.4865	 1.78456
-2.48317	 1.13649
-2.47983	 0.967458
-2.4765	 1.03015
-2.47317	 0.575737
-2.46984	 0.614045
-2.4665	 0.537128
-2.46317	 0.572352
-2.45984	 1.59006
-2.4565	 0.873675
-2.45317	 0.756567
-2.44984	 1.48487
-2.4465	 0.268421
-2.44317	 1.14805
-2.43984	 0.891703
-2.4365	 1.78848
-2.43317	 0.754082
-2.42984	 2.08595
-2.4265	 1.00278
-2.42317	 2.01651
-2.41984	 1.14063
-2.41651	 1.00029
-2.41317	 1.86713
-2.40984	 1.28254
-2.40651	 1.14827
-2.40317	 0.855513
-2.39984	 2.24376
-2.39651	 2.02291
-2.39317	 1.27216
-2.38984	 1.23595
-2.38651	 0.824313
-2.38317	 1.7569
-2.37984	 0.866175
-2.37651	 1.10114
-2.37318	 0.76601
-2.36984	 0.847867
-2.36651	 0.730716
-2.36318	 1.02011
-2.35984	 1.55286
-2.35651	 0.414809
-2.35318	 1.39029
-2.34984	 1.69958
-2.34651	 3.16148
-2.34318	 1.91144
-2.33984	 1.08634
-2.33651	 2.43494
-2.33318	 1.58798
-2.32984	 1.43051
-2.32651	 0.508083
-2.32318	 0.428562
-2.31985	 0.98933
-2.31651	 0.546648
-2.31318	 0.540293
-2.30985	 0.719527
-2.30651	 0.442018
-2.30318	 1.94697
-2.29985	 2.06108
-2.29651	 0.766972
-2.29318	 2.26718
-2.28985	 1.73694
-2.28651	 0.493318
-2.28318	 1.46516
-2.27985	 1.96814
-2.27651	 0.896337
-2.27318	 2.19133
-2.26985	 0.397883
-2.26652	 0.716107
-2.26318	 1.31975
-2.25985	 1.89816
-2.25652	 0.238089
-2.25318	 0.118506
-2.24985	 0.681314
-2.24652	 0.843202
-2.24318	 0.222425
-2.23985	 0.814835
-2.23652	 1.35423
-2.23318	 0.708596
-2.22985	 0.307929
-2.22652	 0.292304
-2.22319	 0.0775236
-2.21985	 2.37251
-2.21652	 0.534514
-2.21319	 0.448019
-2.20985	 0.12083
-2.20652	 0.854341
-2.20319	 1.36175
-2.19985	 1.15932
-2.19652	 0.499278
-2.19319	 1.76254
-2.18985	 1.62485
-2.18652	 0.244211
-2.18319	 0.458951
-2.17985	 1.54495
-2.17652	 1.4034
-2.17319	 1.35117
-2.16986	 1.63923
-2.16652	 1.71627
-2.16319	 1.79607
-2.15986	 1.01185
-2.15652	 0.134118
-2.15319	 1.20645
-2.14986	 1.27186
-2.14652	 1.21635
-2.14319	 1.76232
-2.13986	 0.954729
-2.13652	 0.29428
-2.13319	 0.19107
-2.12986	 0.608925
-2.12652	 1.15127
-2.12319	 0.85987
-2.11986	 1.01364
-2.11653	 0.455813
-2.11319	 0.502118
-2.10986	 0.827781
-2.10653	 0.775991
-2.10319	 1.75679
-2.09986	 1.73308
-2.09653	 0.977024
-2.09319	 2.39224
-2.08986	 1.38807
-2.08653	 0.398847
-2.08319	 0.354343
-2.07986	 0.724909
-2.07653	 1.65466
-2.0732	 1.42279
-2.06986	 0.492811
-2.06653	 0.378442
-2.0632	 0.531985
-2.05986	 1.42452
-2.05653	 2.06769
-2.0532	 1.50488
-2.04986	 0.824088
-2.04653	 0.31522
-2.0432	 0.500926
-2.03986	 1.01102
-2.03653	 1.16764
-2.0332	 0.528445
-2.02986	 0.247976
-2.02653	 1.4487
-2.0232	 1.45778
-2.01987	 0.608349
-2.01653	 2.06101
-2.0132	 1.48003
-2.00987	 0.386885
-2.00653	 0.341002
-2.0032	 0.831723
-1.99987	 0.549297
-1.99653	 0.542157
-1.9932	 0.791519
-1.98987	 1.87392
-1.98653	 0.827207
-1.9832	 0.651976
-1.97987	 1.93844
-1.97653	 0.576494
-1.9732	 1.06622
-1.96987	 0.415878
-1.96654	 0.553771
-1.9632	 0.662735
-1.95987	 1.59632
-1.95654	 0.214617
-1.9532	 1.10583
-1.94987	 2.1789
-1.94654	 1.55554
-1.9432	 1.15251
-1.93987	 2.12744
-1.93654	 0.583563
-1.9332	 0.558874
-1.92987	 1.09245
-1.92654	 1.31235
-1.92321	 1.34507
-1.91987	 1.30548
-1.91654	 0.218799
-1.91321	 0.657229
-1.90987	 0.693713
-1.90654	 0.717311
-1.90321	 1.32113
-1.89987	 0.699436
-1.89654	 1.61786
-1.89321	 1.60471
-1.88987	 0.942639
-1.88654	 1.1726
-1.88321	 0.991234
-1.87987	 1.15718
-1.87654	 1.82239
-1.87321	 0.917717
-1.86988	 1.10264
-1.86654	 1.01099
-1.86321	 0.869344
-1.85988	 1.53834
-1.85654	 1.00822
-1.85321	 0.728506
-1.84988	 1.2474
-1.84654	 1.09557
-1.84321	 2.38575
-1.83988	 0.901682
-1.83654	 2.0636
-1.83321	 2.3141
-1.82988	 1.07837
-1.82654	 0.44124
-1.82321	 1.42302
-1.81988	 0.792923
-1.81655	 1.8419
-1.81321	 1.8244
-1.80988	 0.507255
-1.80655	 0.197313
-1.80321	 1.14155
-1.79988	 0.52161
-1.79655	 0.321111
-1.79321	 2.44843
-1.78988	 0.401272
-1.78655	 0.961611
-1.78321	 1.47635
-1.77988	 1.32604
-1.77655	 0.646405
-1.77322	 1.05788
-1.76988	 0.796673
-1.76655	 1.20101
-1.76322	 1.03458
-1.75988	 1.6369
-1.75655	 1.24368
-1.75322	 1.93893
-1.74988	 1.09437
-1.74655	 1.0271
-1.74322	 0.137209
-1.73988	 1.56521
-1.73655	 0.846532
-1.73322	 0.166163
-1.72988	 1.26158
-1.72655	 0.652461
-1.72322	 2.76058
-1.71989	 0.812358
-1.71655	 0.98406
-1.71322	 0.857947
-1.70989	 1.26352
-1.70655	 0.647276
-1.70322	 0.634323
-1.69989	 1.85191
-1.69655	 0.61817
-1.69322	 0.993394
-1.68989	 1.17134
-1.68655	 1.08554
-1.68322	 1.01371
-1.67989	 1.90296
-1.67655	 1.58538
-1.67322	 0.654747
-1.66989	 1.18316
-1.66656	 1.34052
-1.66322	 0.197936
-1.65989	 1.1556
-1.65656	 0.758837
-1.65322	 0.975114
-1.64989	 0.402552
-1.64656	 1.52601
-1.64322	 0.574995
-1.63989	 1.91715
-1.63656	 0.694471
-1.63322	 1.40224
-1.62989	 2.29452
-1.62656	 1.46489
-1.62323	 1.84342
-1.61989	 0.110811
-1.61656	 0.651564
-1.61323	 1.12797
-1.60989	 0.86385
-1.60656	 0.522268
-1.60323	 1.98727
-1.59989	 0.680158
-1.59656	 0.855629
-1.59323	 0.92776
-1.58989	 1.81229
-1.58656	 1.03954
-1.58323	 0.660975
-1.57989	 0.896751
-1.57656	 0.593962
-1.57323	 1.7197
-1.5699	 0.721672
-1.56656	 0.667352
-1.56323	 1.21981
-1.5599	 0.315187
-1.55656	 0.779474
-1.55323	 0.572854
-1.5499	 0.942753
-1.54656	 0.396024
-1.54323	 0.409764
-1.5399	 2.14781
-1.53656	 1.48482
-1.53323	 1.61494
-1.5299	 1.65514
-1.52656	 1.54292
-1.52323	 0.732142
-1.5199	 0.905536
-1.51657	 0.678251
-1.51323	 0.872937
-1.5099	 0.67095
-1.50657	 1.75182
-1.50323	 0.470651
-1.4999	 1.56519
-1.49657	 0.702433
-1.49323	 0.258782
-1.4899	 0.967021
-1.48657	 0.759365
-1.48323	 0.80805
-1.4799	 0.808258
-1.47657	 1.05771
-1.47324	 1.15005
-1.4699	 0.981949
-1.46657	 1.23846
-1.46324	 0.951856
-1.4599	 0.335403
-1.45657	 0.448749
-1.45324	 1.80665
-1.4499	 0.87652
-1.44657	 1.61042
-1.44324	 0.59284
-1.4399	 0.591242
-1.43657	 0.41677
-1.43324	 0.52919
-1.4299	 1.2277
-1.42657	 1.17519
-1.42324	 1.17012
-1.41991	 0.890449
-1.41657	 0.895305
-1.41324	 1.72275
-1.40991	 0.47025
-1.40657	 1.04438
-1.40324	 1.51217
-1.39991	 0.51019
-1.39657	 1.29986
-1.39324	 0.391682
-1.38991	 0.335178
-1.38657	 1.36558
-1.38324	 0.296972
-1.37991	 1.89133
-1.37657	 0.963316
-1.37324	 0.803901
-1.36991	 0.992469
-1.36658	 1.27048
-1.36324	 0.589424
-1.35991	 1.57814
-1.35658	 1.22823
-1.35324	 1.26904
-1.34991	 0.66358
-1.34658	 0.845782
-1.34324	 0.368329
-1.33991	 2.46853
-1.33658	 1.06366
-1.33324	 0.844892
-1.32991	 1.29042
-1.32658	 0.705644
-1.32325	 0.955591
-1.31991	 2.1168
-1.31658	 2.03528
-1.31325	 1.65238
-1.30991	 1.37193
-1.30658	 0.719767
-1.30325	 0.838939
-1.29991	 1.21407
-1.29658	 1.73315
-1.29325	 0.361252
-1.28991	 1.426
-1.28658	 0.1015
-1.28325	 2.47131
-1.27991	 0.739869
-1.27658	 0.89984
-1.27325	 2.05016
-1.26992	 0.575083
-1.26658	 1.53755
-1.26325	 1.9134
-1.25992	 1.61136
-1.25658	 1.86847
-1.25325	 1.11285
-1.24992	 1.90825
-1.24658	 1.33533
-1.24325	 1.35875
-1.23992	 0.546188
-1.23658	 1.49827
-1.23325	 2.44566
-1.22992	 1.54177
-1.22658	 0.713002
-1.22325	 2.21462
-1.21992	 0.379969
-1.21659	 1.25263
-1.21325	 0.705288
-1.20992	 2.20348
-1.20659	 0.68135
-1.20325	 1.06003
-1.19992	 2.0403
-1.19659	 0.69342
-1.19325	 1.08038
-1.18992	 0.956077
-1.18659	 0.925545
-1.18325	 0.425752
-1.17992	 0.679004
-1.17659	 1.80139
-1.17326	 2.01592
-1.16992	 1.22991
-1.16659	 0.452582
-1.16326	 2.06144
-1.15992	 0.580659
-1.15659	 1.49418
-1.15326	 0.983868
-1.14992	 0.890271
-1.14659	 2.1408
-1.14326	 1.71471
-1.13992	 1.00595
-1.13659	 1.21887
-1.13326	 0.905117
-1.12992	 1.56655
-1.12659	 0.779067
-1.12326	 1.12225
-1.11993	 1.44144
-1.11659	 1.036
-1.11326	 1.05507
-1.10993	 0.680198
-1.10659	 2.14047
-1.10326	 0.679899
-1.09993	 0.938184
-1.09659	 2.73017
-1.09326	 0.554305
-1.08993	 1.77884
-1.08659	 1.31773
-1.08326	 1.57305
-1.07993	 1.98109
-1.07659	 3.10227
-1.07326	 1.09722
-1.06993	 1.67367
-1.0666	 1.89391
-1.06326	 0.493369
-1.05993	 1.4479
-1.0566	 0.525274
-1.05326	 0.688907
-1.04993	 1.51355
-1.0466	 0.415798
-1.04326	 0.758345
-1.03993	 0.38409
-1.0366	 0.85642
-1.03326	 1.48819
-1.02993	 1.49731
-1.0266	 1.61935
-1.02327	 0.640744
-1.01993	 0.638558
-1.0166	 1.25624
-1.01327	 0.721096
-1.00993	 2.22176
-1.0066	 0.298584
-1.00327	 2.05207
-0.999933	 0.392565
-0.9966	 0.367182
-0.993267	 2.44449
-0.989934	 0.437556
-0.986601	 1.50964
-0.983268	 1.73844
-0.979935	 1.42804
-0.976602	 2.09639
-0.973268	 0.870621
-0.969935	 2.50632
-0.966602	 2.06382
-0.963269	 0.979109
-0.959936	 1.34186
-0.956603	 1.18159
-0.95327	 1.50269
-0.949937	 1.98212
-0.946604	 0.238302
-0.94327	 1.43851
-0.939937	 2.43984
-0.936604	 0.938731
-0.933271	 1.73157
-0.929938	 2.80225
-0.926605	 2.77925
-0.923272	 0.39192
-0.919939	 0.660144
-0.916606	 1.19624
-0.913272	 1.26726
-0.909939	 1.41652
-0.906606	 2.27078
-0.903273	 0.359104
-0.89994	 1.64027
-0.896607	 1.15127
-0.893274	 1.52004
-0.889941	 1.10486
-0.886608	 2.10995
-0.883274	 0.966037
-0.879941	 1.36011
-0.876608	 0.74966
-0.873275	 1.39705
-0.869942	 0.079175
-0.866609	 1.05432
-0.863276	 0.795848
-0.859943	 2.45876
-0.85661	 2.82013
-0.853276	 0.289246
-0.849943	 0.706983
-0.84661	 0.339682
-0.843277	 0.575203
-0.839944	 1.0561
-0.836611	 0.940754
-0.833278	 0.922068
-0.829945	 0.301586
-0.826612	 1.14613
-0.823278	 0.584037
-0.819945	 1.67616
-0.816612	 0.293872
-0.813279	 1.52998
-0.809946	 0.208841
-0.806613	 0.924796
-0.80328	 1.123
-0.799947	 0.237853
-0.796614	 0.744918
-0.79328	 0.611508
-0.789947	 1.7562
-0.786614	 1.10466
-0.783281	 0.71706
-0.779948	 0.827401
-0.776615	 0.755557
-0.773282	 0.883055
-0.769949	 0.549189
-0.766616	 1.78851
-0.763282	 1.03948
-0.759949	 0.631401
-0.756616	 1.24486
-0.753283	 1.11453
-0.74995	 0.914965
-0.746617	 0.369637
-0.743284	 1.51021
-0.739951	 0.525248
-0.736618	 0.717982
-0.733284	 1.28754
-0.729951	 1.96156
-0.726618	 0.114081
-0.723285	 0.837025
-0.719952	 1.24534
-0.716619	 0.527155
-0.713286	 1.09093
-0.709953	 1.00098
-0.70662	 0.393574
-0.703286	 1.66878
-0.699953	 1.23352
-0.69662	 0.53945
-0.693287	 2.00352
-0.689954	 0.735389
-0.686621	 1.31476
-0.683288	 1.13716
-0.679955	 1.44941
-0.676622	 2.02933
-0.673288	 1.21004
-0.669955	 0.905991
-0.666622	 0.309817
-0.663289	 1.23703
-0.659956	 0.889126
-0.656623	 1.15666
-0.65329	 1.55104
-0.649957	 0.99414
-0.646624	 2.36855
-0.64329	 0.891132
-0.639957	 1.83169
-0.636624	 1.42953
-0.633291	 0.779896
-0.629958	 1.53457
-0.626625	 0.308399
-0.623292	 2.86758
-0.619959	 0.772192
-0.616626	 1.18005
-0.613292	 0.837945
-0.609959	 0.787304
-0.606626	 0.84103
-0.603293	 0.203842
-0.59996	 1.06905
-0.596627	 0.167351
-0.593294	 1.03332
-0.589961	 0.789279
-0.586628	 0.255733
-0.583294	 1.24236
-0.579961	 1.00585
-0.576628	 0.697088
-0.573295	 1.40926
-0.569962	 0.314244
-0.566629	 0.523335
-0.563296	 0.833086
-0.559963	 1.00981
-0.55663	 0.546364
-0.553296	 1.09776
-0.549963	 0.43
-0.54663	 1.22962
-0.543297	 1.04974
-0.539964	 1.32856
-0.536631	 1.18556
-0.533298	 0.97328
-0.529965	 0.856443
-0.526632	 0.462186
-0.523298	 0.122723
-0.519965	 0.742441
-0.516632	 0.855616
-0.513299	 0.179885
-0.509966	 1.50541
-0.506633	 1.35347
-0.5033	 0.619062
-0.499967	 0.87725
-0.496634	 1.83729
-0.4933	 1.70313
-0.489967	 0.823353
-0.486634	 0.115346
-0.483301	 0.263807
-0.479968	 2.01523
-0.476635	 1.7353
-0.473302	 1.50239
-0.469969	 1.91874
-0.466636	 0.854704
-0.463302	 0.887479
-0.459969	 1.70218
-0.456636	 1.34415
-0.453303	 1.59076
-0.44997	 2.18231
-0.446637	 0.597441
-0.443304	 1.32579
-0.439971	 1.14854
-0.436638	 1.08784
-0.433304	 0.0806255
-0.429971	 1.56789
-0.426638	 1.74608
-0.423305	 0.546774
-0.419972	 1.80124
-0.416639	 1.09142
-0.413306	 0.533259
-0.409973	 0.947461
-0.40664	 1.2644
-0.403306	 1.1444
-0.399973	 0.971097
-0.39664	 2.11813
-0.393307	 1.14942
-0.389974	 0.810479
-0.386641	 0.86121
-0.383308	 0.442758
-0.379975	 0.434808
-0.376642	 1.05928
-0.373308	 1.66022
-0.369975	 1.05307
-0.366642	 0.701761
-0.363309	 0.952623
-0.359976	 0.629377
-0.356643	 2.14978
-0.35331	 0.751766
-0.349977	 1.37567
-0.346644	 0.815483
-0.34331	 0.859922
-0.339977	 0.998375
-0.336644	 0.499053
-0.333311	 0.805147
-0.329978	 0.826595
-0.326645	 1.2361
-0.323312	 0.18117
-0.319979	 1.97397
-0.316646	 1.03598
-0.313312	 1.59857
-0.309979	 0.877267
-0.306646	 1.34825
-0.303313	 0.898435
-0.29998	 1.28968
-0.296647	 1.90054
-0.293314	 1.47555
-0.289981	 1.7534
-0.286648	 0.650027
-0.283314	 0.709143
-0.279981	 0.219903
-0.276648	 1.60164
-0.273315	 2.0369
-0.269982	 0.84586
-0.266649	 0.894505
-0.263316	 1.30389
-0.259983	 1.83785
-0.25665	 0.620508
-0.253316	 0.899915
-0.249983	 0.220559
-0.24665	 2.00064
-0.243317	 2.38689
-0.239984	 1.35157
-0.236651	 0.105573
-0.233318	 1.71489
-0.229985	 0.889949
-0.226652	 1.1365
-0.223318	 0.779184
-0.219985	 0.41885
-0.216652	 0.734628
-0.213319	 1.78234
-0.209986	 1.42605
-0.206653	 2.36609
-0.20332	 0.316482
-0.199987	 2.9981
-0.196654	 1.61098
-0.19332	 1.22331
-0.189987	 1.31208
-0.186654	 1.62815
-0.183321	 1.29521
-0.179988	 1.57716
-0.176655	 1.21785
-0.173322	 1.56063
-0.169989	 1.91362
-0.166656	 2.3527
-0.163322	 0.81512
-0.159989	 1.91206
-0.156656	 1.76257
-0.153323	 1.49307
-0.14999	 1.9527
-0.146657	 1.09185
-0.143324	 1.17064
-0.139991	 1.32247
-0.136658	 0.489021
-0.133324	 1.27763
-0.129991	 1.35448
-0.126658	 1.77299
-0.123325	 0.599797
-0.119992	 0.4934
-0.116659	 0.474931
-0.113326	 1.17141
-0.109993	 1.36485
-0.10666	 1.11253
-0.103326	 0.234254
-0.0999933	 0.613598
-0.0966602	 0.417462
-0.0933271	 2.01191
-0.089994	 1.84381
-0.0866609	 0.903725
-0.0833278	 1.16393
-0.0799947	 0.403016
-0.0766616	 0.955998
-0.0733284	 1.6017
-0.0699953	 0.848602
-0.0666622	 1.02723
-0.0633291	 2.69828
-0.059996	 1.30299
-0.0566629	 1.00352
-0.0533298	 1.55917
-0.0499967	 0.469111
-0.0466636	 0.411427
-0.0433304	 1.63994
-0.0399973	 0.329104
-0.0366642	 0.764889
-0.0333311	 1.91552
-0.029998	 0.763163
-0.0266649	 1.34658
-0.0233318	 2.25816
-0.0199987	 0.635955
-0.0166656	 0.661286
-0.0133324	 1.01029
-0.00999933	 0.654605
-0.00666622	 1.10541
-0.00333311	 0.974688
0	 1
0.00333311	 0.697618
0.00666622	 0.279761
0.00999933	 0.565772
0.0133324	 2.87288
0.0166656	 1.67676
0.0199987	 0.218976
0.0233318	 0.56822
0.0266649	 1.44364
0.029998	 1.0976
0.0333311	 0.615424
0.0366642	 0.268046
0.0399973	 0.230561
0.0433304	 1.11042
0.0466636	 2.90635
0.0499967	 0.600336
0.0533298	 0.903652
0.0566629	 2.04439
0.059996	 1.20194
0.0633291	 1.58842
0.0666622	 1.52605
0.0699953	 1.47175
0.0733284	 1.27249
0.0766616	 2.45585
0.0799947	 1.5367
0.0833278	 0.828122
0.0866609	 1.57896
0.089994	 1.9282
0.0933271	 2.15188
0.0966602	 0.487444
0.0999933	 1.88901
0.103326	 1.63926
0.10666	 1.01207
0.109993	 2.09446
0.113326	 0.641574
0.116659	 0.874506
0.119992	 1.08962
0.123325	 0.211953
0.126658	 2.14962
0.129991	 1.95516
0.133324	 1.36462
0.136658	 0.795397
0.139991	 0.454564
0.143324	 0.41552
0.146657	 2.30106
0.14999	 2.27112
0.153323	 2.92286
0.156656	 1.77802
0.159989	 1.46323
0.163322	 0.43824
0.166656	 1.15214
0.169989	 1.0387
0.173322	 2.55587
0.176655	 2.7728
0.179988	 1.81136
0.183321	 0.0271714
0.186654	 1.3077
0.189987	 0.162851
0.19332	 0.71704
0.196654	 1.2851
0.199987	 2.10398
0.20332	 0.248928
0.206653	 1.67948
0.209986	 0.616355
0.213319	 1.29845
0.216652	 1.24367
0.219985	 1.19209
0.223318	 1.33472
0.226652	 1.15382
0.229985	 0.940576
0.233318	 1.15449
0.236651	 1.88223
0.239984	 1.06766
0.243317	 0.580267
0.24665	 1.71897
0.249983	 1.4955
0.253316	 2.29514
0.25665	 1.96991
0.259983	 0.505325
0.263316	 1.1742
0.266649	 1.65199
0.269982	 0.859996
0.273315	 1.91979
0.276648	 0.242049
0.279981	 1.46877
0.283314	 1.04595
0.286648	 1.40529
0.289981	 1.29651
0.293314	 0.507114
0.296647	 1.08209
0.29998	 0.827467
0.303313	 0.935067
0.306646	 0.233149
0.309979	 1.48478
0.313312	 1.62418
0.316646	 1.14989
0.319979	 1.36134
0.323312	 1.92889
0.326645	 1.6023
0.329978	 1.35056
0.333311	 1.08457
0.336644	 1.07404
0.339977	 0.622686
0.34331	 0.671273
0.346644	 0.346916
0.349977	 1.70604
0.35331	 1.30408
0.356643	 0.875025
0.359976	 1.55427
0.363309	 0.179405
0.366642	 0.650541
0.369975	 1.07094
0.373308	 0.926815
0.376642	 1.70231
0.379975	 0.642402
0.383308	 1.3988
0.386641	 1.00885
0.389974	 0.478938
0.393307	 0.361654
0.39664	 1.0698
0.399973	 0.464153
0.403306	 0.527594
0.40664	 0.501985
0.409973	 0.692603
0.413306	 1.89153
0.416639	 0.566932
0.419972	 0.779961
0.423305	 0.893255
0.426638	 0.210845
0.429971	 1.21368
0.433304	 0.977307
0.436638	 2.67376
0.439971	 1.71766
0.443304	 0.944636
0.446637	 0.659415
0.44997	 0.188523
0.453303	 0.794522
0.456636	 0.471363
0.459969	 0.424922
0.463302	 0.858966
0.466636	 0.5151
0.469969	 1.20912
0.473302	 0.663152
0.476635	 1.69642
0.479968	 0.526551
0.483301	 1.08886
0.486634	 1.4412
0.489967	 1.09015
0.4933	 1.54208
0.496634	 1.35629
0.499967	 0.47056
0.5033	 0.763046
0.506633	 0.236749
0.509966	 0.930892
0.513299	 1.12982
0.516632	 1.4101
0.519965	 0.854445
0.523298	 1.20395
0.526632	 0.299594
0.529965	 2.05082
0.533298	 0.563595
0.536631	 1.24525
0.539964	 0.0791342
0.543297	 0.533008
0.54663	 2.10688
0.549963	 0.254295
0.553296	 1.80024
0.55663	 0.55829
0.559963	 1.21595
0.563296	 1.71005
0.566629	 1.15179
0.569962	 0.94044
0.573295	 0.616048
0.576628	 0.974701
0.579961	 0.832421
0.583294	 1.44218
0.586628	 0.107776
0.589961	 1.71481
0.593294	 1.39665
0.596627	 1.20256
0.59996	 2.7437
0.603293	 0.320127
0.606626	 1.15175
0.609959	 0.120535
0.613292	 0.453166
0.616626	 1.07846
0.619959	 0.85613
0.623292	 0.912188
0.626625	 1.32374
0.629958	 0.052949
0.633291	 0.282254
0.636624	 0.968649
0.639957	 1.11989
0.64329	 0.490882
0.646624	 1.95392
0.649957	 0.479671
0.65329	 1.18649
0.656623	 0.627408
0.659956	 0.637886
0.663289	 0.601115
0.666622	 1.55023
0.669955	 0.159985
0.673288	 1.19238
0.676622	 0.74882
0.679955	 1.61291
0.683288	 1.58415
0.686621	 0.671984
0.689954	 0.460802
0.693287	 2.32829
0.69662	 1.80294
0.699953	 0.366417
0.703286	 2.05122
0.70662	 0.482586
0.709953	 0.457368
0.713286	 2.13836
0.716619	 0.609039
0.719952	 0.729612
0.723285	 1.22597
0.726618	 0.405183
0.729951	 1.71203
0.733284	 2.01592
0.736618	 0.0714575
0.739951	 1.26055
0.743284	 0.0982203
0.746617	 0.728628
0.74995	 0.116535
0.753283	 1.85025
0.756616	 0.794063
0.759949	 1.47447
0.763282	 1.80281
0.766616	 0.461068
0.769949	 0.272269
0.773282	 2.15526
0.776615	 1.69251
0.779948	 1.18929
0.783281	 1.40662
0.786614	 1.08342
0.789947	 1.64354
0.79328	 1.30062
0.796614	 1.48965
0.799947	 1.15375
0.80328	 0.71166
0.806613	 1.10387
0.809946	 0.442636
0.813279	 0.622971
0.816612	 1.85178
0.819945	 0.535422
0.823278	 2.0074
0.826612	 0.501358
0.829945	 0.658681
0.833278	 0.92942
0.836611	 1.07375
0.839944	 1.12169
0.843277	 1.43706
0.84661	 1.49166
0.849943	 1.14636
0.853276	 1.10012
0.85661	 0.405414
0.859943	 1.24141
0.863276	 1.2623
0.866609	 0.753548
0.869942	 0.814652
0.873275	 1.2141
0.876608	 2.03067
0.879941	 0.613959
0.883274	 2.80019
0.886608	 0.80641
0.889941	 0.469562
0.893274	 1.22425
0.896607	 0.993326
0.89994	 0.497756
0.903273	 0.890816
0.906606	 0.987549
0.909939	 0.785058
0.913272	 1.31604
0.916606	 0.103162
0.919939	 1.21881
0.923272	 2.43034
0.926605	 0.875579
0.929938	 1.6526
0.933271	 0.593365
0.936604	 2.04695
0.939937	 0.837593
0.94327	 2.67253
0.946604	 0.129901
0.949937	 2.13936
0.95327	 0.905256
0.956603	 0.185738
0.959936	 1.25194
0.963269	 1.47784
0.966602	 0.83853
0.969935	 0.595805
0.973268	 0.274108
0.976602	 0.512593
0.979935	 0.730179
0.983268	 0.551438
0.986601	 0.986094
0.989934	 0.707546
0.993267	 0.205495
0.9966	 1.50948
0.999933	 0.939596
1.00327	 1.40008
1.0066	 2.48191
1.00993	 1.23463
1.01327	 2.45633
1.0166	 2.01324
1.01993	 0.934075
1.02327	 2.48253
1.0266	 0.864966
1.02993	 1.00097
1.03326	 1.6137
1.0366	 1.83738
1.03993	 0.690963
1.04326	 1.85104
1.0466	 0.645853
1.04993	 0.984566
1.05326	 0.453926
1.0566	 2.15354
1.05993	 1.67786
1.06326	 0.676972
1.0666	 0.732698
1.06993	 0.991056
1.07326	 0.652367
1.07659	 1.91039
1.07993	 0.468397
1.08326	 1.43173
1.08659	 0.26718
1.08993	 0.724346
1.09326	 1.09393
1.09659	 1.05079
1.09993	 0.700828
1.10326	 1.72727
1.10659	 1.15554
1.10993	 2.31396
1.11326	 1.83287
1.11659	 0.146197
1.11993	 1.73016
1.12326	 1.53137
1.12659	 0.477932
1.12992	 0.119877
1.13326	 1.71068
1.13659	 1.8348
1.13992	 0.72102
1.14326	 1.25434
1.14659	 0.888306
1.14992	 0.967984
1.15326	 1.23706
1.15659	 0.701836
1.15992	 0.84043
1.16326	 0.841599
1.16659	 1.41066
1.16992	 1.5186
1.17326	 0.856603
1.17659	 0.352194
1.17992	 1.55925
1.18325	 2.06845
1.18659	 1.02552
1.18992	 0.195481
1.19325	 2.44301
1.19659	 0.710523
1.19992	 0.356974
1.20325	 1.04214
1.20659	 0.657166
1.20992	 0.831158
1.21325	 1.0943
1.21659	 2.32683
1.21992	 0.238147
1.22325	 1.03392
1.22658	 1.23105
1.22992	 1.18359
1.23325	 1.98604
1.23658	 1.96325
1.23992	 2.23363
1.24325	 1.13816
1.24658	 0.258896
1.24992	 0.857561
1.25325	 0.858621
1.25658	 0.495558
1.25992	 1.21298
1.26325	 1.78244
1.26658	 1.99311
1.26992	 1.3704
1.27325	 1.7205
1.27658	 1.30569
1.27991	 1.39078
1.28325	 2.78874
1.28658	 1.90529
1.28991	 0.594089
1.29325	 1.27269
1.29658	 2.0082
1.29991	 1.72671
1.30325	 0.696654
1.30658	 0.550234
1.30991	 0.401095
1.31325	 2.6563
1.31658	 0.20513
1.31991	 1.25
1.32325	 1.22887
1.32658	 1.41634
1.32991	 2.71549
1.33324	 0.811703
1.33658	 0.99753
1.33991	 1.35918
1.34324	 1.42303
1.34658	 0.0608856
1.34991	 0.29349
1.35324	 0.969779
1.35658	 0.896588
1.35991	 1.48377
1.36324	 1.13195
1.36658	 1.3379
1.36991	 1.48109
1.37324	 0.691963
1.37657	 0.943597
1.37991	 0.610823
1.38324	 1.14595
1.38657	 1.74904
1.38991	 1.38959
1.39324	 1.63769
1.39657	 1.00997
1.39991	 1.85451
1.40324	 0.817673
1.40657	 1.10119
1.40991	 1.47647
1.41324	 2.00516
1.41657	 0.860374
1.41991	 1.48754
1.42324	 1.81973
1.42657	 1.88671
1.4299	 1.90578
1.43324	 2.29018
1.43657	 0.902876
1.4399	 0.235159
1.44324	 0.938778
1.44657	 1.16771
1.4499	 0.789538
1.45324	 1.35553
1.45657	 0.298412
1.4599	 3.09823
1.46324	 1.36575
1.46657	 1.11783
1.4699	 1.72727
1.47324	 0.504712
1.47657	 0.372821
1.4799	 0.266027
1.48323	 0.315846
1.48657	 1.10981
1.4899	 1.37853
1.49323	 1.30071
1.49657	 1.42175
1.4999	 0.619276
1.50323	 0.322115
1.50657	 0.943736
1.5099	 0.45915
1.51323	 1.48666
1.51657	 2.60693
1.5199	 0.185113
1.52323	 1.43152
1.52656	 1.43312
1.5299	 0.978159
1.53323	 0.468612
1.53656	 1.19402
1.5399	 1.5898
1.54323	 1.47112
1.54656	 1.25032
1.5499	 1.92996
1.55323	 0.712405
1.55656	 2.21223
1.5599	 1.04966
1.56323	 1.027
1.56656	 1.13343
1.5699	 1.18171
1.57323	 2.6603
1.57656	 1.03323
1.57989	 1.87004
1.58323	 0.709903
1.58656	 0.428753
1.58989	 0.6004
1.59323	 1.14473
1.59656	 1.16448
1.59989	 0.852159
1.60323	 1.5122
1.60656	 1.10057
1.60989	 1.21932
1.61323	 0.400982
1.61656	 1.39304
1.61989	 1.26613
1.62323	 1.64981
1.62656	 0.682572
1.62989	 0.711398
1.63322	 0.556678
1.63656	 1.72893
1.63989	 1.70091
1.64322	 1.00105
1.64656	 0.242197
1.64989	 1.89905
1.65322	 0.370476
1.65656	 1.06669
1.65989	 1.42774
1.66322	 1.26999
1.66656	 0.966201
1.66989	 0.708375
1.67322	 2.01096
1.67655	 1.34191
1.67989	 0.534867
1.68322	 0.164803
1.68655	 1.22366
1.68989	 0.260759
1.69322	 1.56728
1.69655	 0.744833
1.69989	 1.1125
1.70322	 0.462988
1.70655	 1.65789
1.70989	 0.950596
1.71322	 0.959043
1.71655	 0.954078
1.71989	 0.685801
1.72322	 2.05121
1.72655	 0.780953
1.72988	 0.957834
1.73322	 2.31679
1.73655	 1.1811
1.73988	 0.819541
1.74322	 0.957338
1.74655	 2.64766
1.74988	 1.21769
1.75322	 2.60078
1.75655	 0.621373
1.75988	 0.559644
1.76322	 1.59214
1.76655	 0.382631
1.76988	 1.13004
1.77322	 1.22457
1.77655	 0.833534
1.77988	 2.27338
1.78321	 1.07489
1.78655	 1.31711
1.78988	 1.85979
1.79321	 1.41889
1.79655	 0.355835
1.79988	 0.842887
1.80321	 0.364445
1.80655	 0.906708
1.80988	 1.93163
1.81321	 1.11706
1.81655	 0.539325
1.81988	 1.05016
1.82321	 0.975723
1.82654	 1.13697
1.82988	 0.593724
1.83321	 0.438938
1.83654	 1.21376
1.83988	 0.896145
1.84321	 2.17256
1.84654	 1.81623
1.84988	 0.028948
1.85321	 1.06024
1.85654	 0.542115
1.85988	 0.739681
1.86321	 0.336127
1.86654	 1.00729
1.86988	 1.3244
1.87321	 1.19148
1.87654	 1.04085
1.87987	 1.40938
1.88321	 0.259556
1.88654	 0.692325
1.88987	 1.22117
1.89321	 0.883566
1.89654	 1.08099
1.89987	 1.51303
1.90321	 0.875173
1.90654	 1.01274
1.90987	 0.288397
1.91321	 1.04863
1.91654	 1.19476
1.91987	 0.440014
1.92321	 2.35155
1.92654	 1.83835
1.92987	 1.03468
1.9332	 1.05123
1.93654	 0.453076
1.93987	 0.551151
1.9432	 1.42533
1.94654	 1.15251
1.94987	 1.43226
1.9532	 1.88132
1.95654	 0.774898
1.95987	 0.699526
1.9632	 1.06867
1.96654	 0.713441
1.96987	 0.93282
1.9732	 0.404202
1.97653	 2.28641
1.97987	 0.813561
1.9832	 0.863646
1.98653	 0.978849
1.98987	 0.437091
1.9932	 1.53847
1.99653	 0.95808
1.99987	 0.420325
2.0032	 1.21867
2.00653	 1.17821
2.00987	 0.560342
2.0132	 1.63776
2.01653	 1.48641
2.01987	 0.927162
2.0232	 1.45842
2.02653	 0.909039
2.02986	 0.859617
2.0332	 0.241974
2.03653	 2.23113
2.03986	 0.313923
2.0432	 1.20681
2.04653	 1.48539
2.04986	 0.754759
2.0532	 0.747869
2.05653	 0.916803
2.05986	 1.48192
2.0632	 0.561391
2.06653	 1.81358
2.06986	 0.530072
2.0732	 0.969334
2.07653	 1.43047
2.07986	 1.32225
2.08319	 1.00188
2.08653	 0.495101
2.08986	 0.881222
2.09319	 0.733032
2.09653	 1.04243
2.09986	 0.577436
2.10319	 0.768025
2.10653	 1.60094
2.10986	 0.418356
2.11319	 1.16388
2.11653	 1.8229
2.11986	 0.452685
2.12319	 0.0770387
2.12652	 0.538705
2.12986	 1.33036
2.13319	 0.373141
2.13652	 0.930978
2.13986	 1.16187
2.14319	 0.96246
2.14652	 2.31106
2.14986	 1.74359
2.15319	 1.03649
2.15652	 0.389062
2.15986	 1.77273
2.16319	 0.456754
2.16652	 0.827054
2.16986	 2.08309
2.17319	 1.55851
2.17652	 0.177146
2.17985	 1.08717
2.18319	 0.482412
2.18652	 1.40758
2.18985	 0.836644
2.19319	 1.13438
2.19652	 1.84708
2.19985	 1.74608
2.20319	 1.6872
2.20652	 0.902787
2.20985	 1.54642
2.21319	 2.22225
2.21652	 0.57966
2.21985	 0.752313
2.22319	 1.42191
2.22652	 0.515058
2.22985	 0.610712
2.23318	 0.9135
2.23652	 2.59183
2.23985	 1.50267
2.24318	 1.18446
2.24652	 1.98657
2.24985	 0.208555
2.25318	 0.822001
2.25652	 1.3111
2.25985	 1.3317
2.26318	 1.88356
2.26652	 0.652527
2.26985	 0.942566
2.27318	 0.285031
2.27651	 0.575976
2.27985	 1.19047
2.28318	 0.664598
2.28651	 1.12682
2.28985	 0.928786
2.29318	 0.242997
2.29651	 1.19566
2.29985	 0.917396
2.30318	 0.966439
2.30651	 1.43454
2.30985	 2.29676
2.31318	 0.971634
2.31651	 0.519427
2.31985	 2.03622
2.32318	 0.490641
2.32651	 0.792614
2.32984	 0.857476
2.33318	 1.64383
2.33651	 1.20703
2.33984	 1.23379
2.34318	 1.78882
2.34651	 0.204774
2.34984	 0.616989
2.35318	 1.40486
2.35651	 2.07745
2.35984	 1.86765
2.36318	 1.355
2.36651	 2.00369
2.36984	 1.84995
2.37318	 1.37298
2.37651	 0.820836
2.37984	 0.871087
2.38317	 1.71045
2.38651	 1.20928
2.38984	 1.0264
2.39317	 1.45236
2.39651	 2.08097
2.39984	 1.45028
2.40317	 1.65077
2.40651	 2.28088
2.40984	 0.921107
2.41317	 0.301322
2.41651	 0.408703
2.41984	 0.596978
2.42317	 1.29599
2.4265	 0.88324
2.42984	 0.818803
2.43317	 0.289228
2.4365	 1.45258
2.43984	 1.28354
2.44317	 0.522512
2.4465	 1.49898
2.44984	 2.19557
2.45317	 1.42438
2.4565	 1.38498
2.45984	 2.71117
2.46317	 1.03487
2.4665	 0.278977
2.46984	 0.680573
2.47317	 1.71693
2.4765	 2.26856
2.47983	 0.983683
2.48317	 0.891861
2.4865	 0.742399
2.48983	 1.37051
2.49317	 1.29539
2.4965	 2.22541
2.49983	 1.0963
2.50317	 1.35516
2.5065	 1.44131
2.50983	 0.63997
2.51317	 1.04112
2.5165	 1.4279
2.51983	 0.371647
2.52317	 1.08638
2.5265	 2.19301
2.52983	 1.54017
2.53316	 0.430806
2.5365	 0.659432
2.53983	 0.743846
2.54316	 1.9782
2.5465	 0.638802
2.54983	 1.14635
2.55316	 0.893513
2.5565	 1.02979
2.55983	 0.429118
2.56316	 1.68458
2.5665	 2.93157
2.56983	 2.04632
2.57316	 1.79629
2.57649	 0.434725
2.57983	 1.03032
2.58316	 1.29292
2.58649	 1.07303
2.58983	 1.06076
2.59316	 1.42781
2.59649	 1.41427
2.59983	 1.47538
2.60316	 1.98046
2.60649	 1.4039
2.60983	 2.85404
2.61316	 0.31918
2.61649	 2.05322
2.61983	 3.16354
2.62316	 0.467915
2.62649	 1.76447
2.62982	 1.71453
2.63316	 0.799532
2.63649	 0.800048
2.63982	 0.808539
2.64316	 0.587403
2.64649	 1.57901
2.64982	 1.72227
2.65316	 1.23044
2.65649	 0.784471
2.65982	 0.745656
2.66316	 0.53937
2.66649	 1.49964
2.66982	 1.24257
2.67316	 0.944059
2.67649	 0.986189
2.67982	 0.752093
2.68315	 1.49694
2.68649	 0.379643
2.68982	 2.11852
2.69315	 1.10622
2.69649	 1.17384
2.69982	 1.15093
2.70315	 0.550692
2.70649	 2.66887
2.70982	 1.70083
2.71315	 1.08335
2.71649	 0.671099
2.71982	 0.643855
2.72315	 0.354766
2.72648	 0.626675
2.72982	 0.467876
2.73315	 0.464132
2.73648	 1.64834
2.73982	 1.10901
2.74315	 0.381094
2.74648	 0.340807
2.74982	 0.906149
2.75315	 1.12881
2.75648	 1.76883
2.75982	 1.31501
2.76315	 0.937686
2.76648	 1.84668
2.76982	 1.11524
2.77315	 2.0074
2.77648	 0.778072
2.77981	 0.661471
2.78315	 0.197791
2.78648	 0.127536
2.78981	 0.64308
2.79315	 1.03691
2.79648	 1.17629
2.79981	 2.45927
2.80315	 0.811216
2.80648	 1.16897
2.80981	 1.41957
2.81315	 1.93279
2.81648	 2.03687
2.81981	 1.27154
2.82315	 0.726517
2.82648	 1.5689
2.82981	 1.03357
2.83314	 0.196173
2.83648	 0.901115
2.83981	 0.991836
2.84314	 1.21129
2.84648	 1.80082
2.84981	 0.337441
2.85314	 1.26128
2.85648	 0.798052
2.85981	 0.846598
2.86314	 0.588642
2.86648	 0.358095
2.86981	 0.56946
2.87314	 1.2999
2.87647	 1.04105
2.87981	 2.13743
2.88314	 0.690438
2.88647	 0.447203
2.88981	 0.459301
2.89314	 0.822518
2.89647	 1.70226
2.89981	 1.26346
2.90314	 1.32265
2.90647	 1.64935
2.90981	 0.595335
2.91314	 0.327587
2.91647	 0.708282
2.91981	 0.244393
2.92314	 0.826748
2.92647	 1.48367
2.9298	 1.53209
2.93314	 1.06894
2.93647	 0.291988
2.9398	 1.26893
2.94314	 1.29932
2.94647	 0.732026
2.9498	 0.337131
2.95314	 0.614565
2.95647	 2.2355
2.9598	 1.20251
2.96314	 0.85427
2.96647	 0.738702
2.9698	 0.140583
2.97314	 0.132568
2.97647	 0.878292
2.9798	 1.03984
2.98313	 0.789279
2.98647	 1.50646
2.9898	 0.792222
2.99313	 0.550292
2.99647	 0.615444
2.9998	 1.78379
3.00313	 0.756712
3.00647	 1.19937
3.0098	 1.21825
3.01313	 1.11829
3.01647	 0.547483
3.0198	 1.71787
3.02313	 0.725743
3.02646	 0.956526
3.0298	 1.55672
3.03313	 1.68737
3.03646	 0.242738
3.0398	 1.48622
3.04313	 2.03981
3.04646	 0.753318
3.0498	 0.669818
3.05313	 1.90146
3.05646	 2.08462
3.0598	 0.957015
3.06313	 0.678984
3.06646	 1.29055
3.0698	 0.284537
3.07313	 0.0321348
3.07646	 0.865439
3.07979	 1.09098
3.08313	 1.57113
3.08646	 0.243778
3.08979	 0.580228
3.09313	 0.901162
3.09646	 2.26603
3.09979	 1.12033
3.10313	 0.993908
3.10646	 0.766901
3.10979	 1.30369
3.11313	 0.513245
3.11646	 0.452843
3.11979	 0.678053
3.12313	 0.412665
3.12646	 0.1723
3.12979	 1.18077
3.13312	 0.706216
3.13646	 1.39573
3.13979	 2.30591
3.14312	 1.0856
3.14646	 0.345374
3.14979	 1.21472
3.15312	 1.30386
3.15646	 1.31517
3.15979	 0.88542
3.16312	 0.517121
3.16646	 1.2533
3.16979	 0.561589
3.17312	 1.04169
3.17645	 1.06253
3.17979	 0.622244
3.18312	 2.71814
3.18645	 0.819728
3.18979	 1.57599
3.19312	 0.686831
3.19645	 0.412433
3.19979	 0.865722
3.20312	 1.99576
3.20645	 0.961229
3.20979	 0.727428
3.21312	 0.894458
3.21645	 1.21042
3.21979	 1.35889
3.22312	 1.43873
3.22645	 1.51998
3.22978	 0.556058
3.23312	 0.906915
3.23645	 1.0247
3.23978	 0.760605
3.24312	 1.35591
3.24645	 1.88613
3.24978	 0.930357
3.25312	 0.571836
3.25645	 1.13361
3.25978	 1.98137
3.26312	 1.15971
3.26645	 0.467141
3.26978	 0.509606
3.27312	 1.02073
3.27645	 1.09349
3.27978	 0.414209
3.28311	 1.71021
3.28645	 1.74297
3.28978	 1.10562
3.29311	 0.84686
3.29645	 0.761351
3.29978	 0.746606
3.30311	 0.840897
3.30645	 0.366828
3.30978	 0.370304
3.31311	 0.378435
3.31645	 0.785328
3.31978	 1.5512
3.32311	 0.582571
3.32644	 0.987241
3.32978	 0.283956
3.33311	 1.7778
3.33644	 1.43145
3.33978	 1.09573
3.34311	 1.26862
3.34644	 0.920685
3.34978	 2.2104
3.35311	 1.55825
3.35644	 1.73379
3.35978	 2.08098
3.36311	 0.822507
3.36644	 0.818047
3.36978	 1.54483
3.37311	 0.536426
3.37644	 0.807282
3.37977	 1.85097
3.38311	 1.11881
3.38644	 1.56923
3.38977	 0.565911
3.39311	 2.12483
3.39644	 0.514205
3.39977	 1.27946
3.40311	 0.460558
3.40644	 2.15458
3.40977	 1.49889
3.41311	 0.821681
3.41644	 0.742638
3.41977	 1.9628
3.42311	 1.75491
3.42644	 0.687045
3.42977	 1.11492
3.4331	 1.55225
3.43644	 0.785512
3.43977	 0.789898
3.4431	 1.07032
3.44644	 0.766313
3.44977	 0.476966
3.4531	 1.16995
3.45644	 0.638161
3.45977	 0.878536
3.4631	 1.25177
3.46644	 0.419961
3.46977	 0.735203
3.4731	 0.821037
3.47643	 1.21308
3.47977	 1.39047
3.4831	 1.46496
3.48643	 1.95909
3.48977	 1.17395
3.4931	 0.909297
3.49643	 2.32269
3.49977	 0.812383
3.5031	 0.846341
3.50643	 1.89764
3.50977	 0.90984
3.5131	 1.93183
3.51643	 0.848155
3.51977	 1.87656
3.5231	 0.910037
3.52643	 1.09485
3.52976	 1.37704
3.5331	 1.49056
3.53643	 1.42658
3.53976	 1.72943
3.5431	 0.168029
3.54643	 1.83937
3.54976	 1.51741
3.5531	 0.608022
3.55643	 0.721917
3.55976	 0.876708
3.5631	 0.562565
3.56643	 2.30547
3.56976	 0.490443
3.5731	 1.39951
3.57643	 1.68459
3.57976	 1.60718
3.58309	 1.13273
3.58643	 0.181949
3.58976	 2.30002
3.59309	 1.57906
3.59643	 0.80704
3.59976	 1.56656
3.60309	 1.13175
3.60643	 0.489219
3.60976	 1.4702
3.61309	 0.126847
3.61643	 1.07399
3.61976	 1.94825
3.62309	 1.2977
3.62642	 1.5392
3.62976	 2.11466
3.63309	 2.10932
3.63642	 0.354362
3.63976	 0.925247
3.64309	 1.82585
3.64642	 1.61337
3.64976	 0.856313
3.65309	 1.04457
3.65642	 1.04134
3.65976	 1.14218
3.66309	 0.692631
3.66642	 0.812175
3.66976	 0.487048
3.67309	 1.96573
3.67642	 1.1781
3.67975	 1.39829
3.68309	 0.0178683
3.68642	 1.6247
3.68975	 0.367455
3.69309	 2.31365
3.69642	 1.40863
3.69975	 1.01318
3.70309	 1.83238
3.70642	 0.583013
3.70975	 0.307977
3.71309	 0.811854
3.71642	 1.09839
3.71975	 0.638977
3.72309	 1.86242
3.72642	 1.58765
3.72975	 2.87853
3.73308	 1.84308
3.73642	 0.659612
3.73975	 1.22493
3.74308	 1.17105
3.74642	 0.963155
3.74975	 1.14934
3.75308	 0.882981
3.75642	 0.292983
3.75975	 0.749707
3.76308	 1.34609
3.76642	 1.53423
3.76975	 2.14511
3.77308	 0.181805
3.77641	 1.22956
3.77975	 2.13039
3.78308	 0.581386
3.78641	 0.587488
3.78975	 0.703865
3.79308	 1.17797
3.79641	 0.546637
3.79975	 1.88534
3.80308	 0.791145
3.80641	 1.01796
3.80975	 1.85311
3.81308	 1.05764
3.81641	 0.448403
3.81975	 1.97209
3.82308	 0.173864
3.82641	 1.11796
3.82974	 0.90567
3.83308	 1.09286
3.83641	 0.0941292
3.83974	 0.229962
3.84308	 1.0365
3.84641	 1.79596
3.84974	 2.08547
3.85308	 0.976722
3.85641	 0.682593
3.85974	 0.668373
3.86308	 2.19276
3.86641	 0.966696
3.86974	 0.48338
3.87308	 0.776551
3.87641	 1.57265
3.87974	 1.2109
3.88307	 1.0294
3.88641	 0.666472
3.88974	 1.53275
3.89307	 0.14953
3.89641	 0.768836
3.89974	 1.7237
3.90307	 0.381857
3.90641	 1.77778
3.90974	 1.60602
3.91307	 0.833125
3.91641	 1.4918
3.91974	 0.897155
3.92307	 0.652818
3.9264	 1.94987
3.92974	 2.36786
3.93307	 1.73737
3.9364	 0.351917
3.93974	 0.543346
3.94307	 0.198875
3.9464	 1.98159
3.94974	 0.659718
3.95307	 0.42625
3.9564	 0.647818
3.95974	 0.40768
3.96307	 0.62682
3.9664	 0.915674
3.96974	 0.587165
3.97307	 2.17524
3.9764	 0.674877
3.97973	 0.485283
3.98307	 0.735172
3.9864	 0.71993
3.98973	 1.29253
3.99307	 1.79094
3.9964	 0.284045
3.99973	 0.778215
4.00307	 1.04684
4.0064	 1.5217
4.00973	 0.496138
4.01307	 1.09145
4.0164	 0.260466
4.01973	 0.955524
4.02307	 1.10418
4.0264	 1.58823
4.02973	 1.26963
4.03306	 0.991755
4.0364	 1.24655
4.03973	 1.13535
4.04306	 0.391115
4.0464	 2.2128
4.04973	 1.71847
4.05306	 1.23397
4.0564	 0.795757
4.05973	 0.459953
4.06306	 0.211228
4.0664	 2.25987
4.06973	 1.10505
4.07306	 2.17771
4.07639	 1.29921
4.07973	 0.412538
4.08306	 1.51965
4.08639	 1.33268
4.08973	 0.0991549
4.09306	 0.886365
4.09639	 1.22491
4.09973	 1.21163
4.10306	 0.753047
4.10639	 1.869
4.10973	 1.63357
4.11306	 1.27051
4.11639	 0.882115
4.11973	 0.43978
4.12306	 1.05341
4.12639	 3.14529
4.12972	 0.72453
4.13306	 0.943854
4.13639	 1.72803
4.13972	 1.07502
4.14306	 0.935758
4.14639	 0.372891
4.14972	 1.10385
4.15306	 1.38703
4.15639	 1.07154
4.15972	 1.32948
4.16306	 1.26152
4.16639	 0.504489
4.16972	 0.785057
4.17306	 0.562412
4.17639	 0.969997
4.17972	 2.8983
4.18305	 0.990253
4.18639	 0.514053
4.18972	 1.16686
4.19305	 1.24968
4.19639	 0.724643
4.19972	 0.730678
4.20305	 0.700134
4.20639	 0.918522
4.20972	 0.368785
4.21305	 0.428265
4.21639	 1.34411
4.21972	 1.76176
4.22305	 1.01535
4.22638	 0.962871
4.22972	 1.78086
4.23305	 1.32244
4.23638	 0.883126
4.23972	 1.51701
4.24305	 2.09145
4.24638	 0.866436
4.24972	 1.24747
4.25305	 0.807623
4.25638	 0.746909
4.25972	 0.6419
4.26305	 1.70377
4.26638	 0.896705
4.26972	 0.372459
4.27305	 0.555409
4.27638	 1.2734
4.27971	 0.682507
4.28305	 1.1369
4.28638	 1.20346
4.28971	 2.22055
4.29305	 0.982092
4.29638	 1.58266
4.29971	 0.067799
4.30305	 0.765912
4.30638	 0.994124
4.30971	 1.36686
4.31305	 0.503213
4.31638	 1.20022
4.31971	 0.840102
4.32305	 0.631421
4.32638	 0.308641
4.32971	 0.572657
4.33304	 0.967509
4.33638	 0.0754842
4.33971	 1.29439
4.34304	 1.11814
4.34638	 0.715347
4.34971	 0.714711
4.35304	 3.02205
4.35638	 1.51301
4.35971	 1.07847
4.36304	 0.421131
4.36638	 0.427268
4.36971	 1.36808
4.37304	 0.508909
4.37637	 1.16682
4.37971	 0.983431
4.38304	 1.85003
4.38637	 0.907978
4.38971	 1.88463
4.39304	 0.753983
4.39637	 1.05005
4.39971	 0.288565
4.40304	 0.405842
4.40637	 0.509841
4.40971	 1.8665
4.41304	 1.11885
4.41637	 1.09528
4.41971	 1.25234
4.42304	 0.735066
4.42637	 1.57728
4.4297	 0.551161
4.43304	 1.82187
4.43637	 0.657604
4.4397	 1.12028
4.44304	 0.761031
4.44637	 1.27649
4.4497	 0.954287
4.45304	 1.47993
4.45637	 0.262987
4.4597	 0.753918
4.46304	 1.07759
4.46637	 0.582284
4.4697	 0.662735
4.47304	 0.489268
4.47637	 0.0682514
4.4797	 1.04149
4.48303	 0.236456
4.48637	 1.06629
4.4897	 0.149556
4.49303	 0.275481
4.49637	 0.882928
4.4997	 1.69765
4.50303	 0.929066
4.50637	 0.8125
4.5097	 1.45695
4.51303	 0.875094
4.51637	 2.0793
4.5197	 0.0169153
4.52303	 1.05323
4.52636	 1.95293
4.5297	 0.609145
4.53303	 1.52488
4.53636	 1.27736
4.5397	 0.475648
4.54303	 1.22952
4.54636	 0.876289
4.5497	 2.17488
4.55303	 1.18368
4.55636	 1.22451
4.5597	 0.471486
4.56303	 0.812961
4.56636	 1.19291
4.5697	 0.861133
4.57303	 0.868417
4.57636	 1.07527
4.57969	 2.85174
4.58303	 1.65062
4.58636	 1.27838
4.58969	 0.348187
4.59303	 1.69584
4.59636	 1.80572
4.59969	 1.11037
4.60303	 0.739941
4.60636	 0.513475
4.60969	 0.205427
4.61303	 0.810945
4.61636	 0.953694
4.61969	 1.06671
4.62303	 2.17709
4.62636	 0.991077
4.62969	 1.67521
4.63302	 1.59543
4.63636	 1.9676
4.63969	 1.10283
4.64302	 0.427691
4.64636	 0.516203
4.64969	 0.427002
4.65302	 2.11784
4.65636	 0.796883
4.65969	 0.16433
4.66302	 1.41943
4.66636	 0.543429
4.66969	 1.07814
4.67302	 0.981689
4.67635	 1.38968
4.67969	 0.817464
4.68302	 1.1921
4.68635	 1.8226
4.68969	 0.508088
4.69302	 0.0512883
4.69635	 2.35062
4.69969	 1.42689
4.70302	 0.941441
4.70635	 1.51891
4.70969	 2.35286
4.71302	 1.68201
4.71635	 1.2379
4.71969	 0.565016
4.72302	 0.975553
4.72635	 0.964597
4.72968	 1.703
4.73302	 1.84541
4.73635	 1.55276
4.73968	 2.08895
4.74302	 1.44044
4.74635	 0.967398
4.74968	 1.15265
4.75302	 1.33098
4.75635	 1.20427
4.75968	 1.38383
4.76302	 0.906055
4.76635	 0.0552876
4.76968	 1.82286
4.77302	 1.26671
4.77635	 1.07755
4.77968	 0.144432
4.78301	 1.29621
4.78635	 0.310016
4.78968	 1.70818
4.79301	 1.18596
4.79635	 0.296493
4.79968	 1.42093
4.80301	 1.45458
4.80635	 1.99403
4.80968	 0.762821
4.81301	 1.89002
4.81635	 0.428016
4.81968	 0.165295
4.82301	 0.251986
4.82634	 0.815608
4.82968	 0.417772
4.83301	 0.572538
4.83634	 2.23353
4.83968	 0.541956
4.84301	 0.94239
4.84634	 0.96366
4.84968	 2.36729
4.85301	 1.19128
4.85634	 0.856959
4.85968	 0.921297
4.86301	 2.16423
4.86634	 0.644004
4.86968	 2.25126
4.87301	 0.335715
4.87634	 2.47388
4.87967	 2.14131
4.88301	 1.26124
4.88634	 0.769365
4.88967	 0.702253
4.89301	 1.37195
4.89634	 0.267524
4.89967	 0.99821
4.90301	 1.41724
4.90634	 1.77763
4.90967	 0.343173
4.91301	 0.954783
4.91634	 0.12634
4.91967	 1.40779
4.92301	 1.84421
4.92634	 1.92943
4.92967	 1.7933
4.933	 1.21459
4.93634	 0.876841
4.93967	 0.63453
4.943	 0.685593
4.94634	 1.31295
4.94967	 0.652085
4.953	 1.62321
4.95634	 1.42653
4.95967	 0.406764
4.963	 1.75136
4.96634	 1.05381
4.96967	 1.97795
4.973	 0.465338
4.97633	 0.387045
4.97967	 1.43907
4.983	 1.82852
4.98633	 1.53513
4.98967	 1.42339
4.993	 0.791854
4.99633	 1.28177
