# Frequency [GHz] 	Fouriercomponent
-4.99967	 0.227287
-4.99633	 0.481426
-4.993	 1.01675
-4.98967	 0.717942
-4.98633	 1.19014
-4.983	 0.919595
-4.97967	 1.33681
-4.97633	 1.006
-4.973	 0.660064
-4.96967	 0.702292
-4.96634	 0.132844
-4.963	 0.60826
-4.95967	 0.655694
-4.95634	 0.372794
-4.953	 0.326974
-4.94967	 1.10186
-4.94634	 0.16388
-4.943	 0.820364
-4.93967	 1.18634
-4.93634	 1.2778
-4.933	 0.766916
-4.92967	 0.642353
-4.92634	 1.19338
-4.92301	 0.533556
-4.91967	 0.335417
-4.91634	 0.580096
-4.91301	 0.620877
-4.90967	 0.435367
-4.90634	 0.581001
-4.90301	 0.412143
-4.89967	 0.911532
-4.89634	 0.803561
-4.89301	 0.192066
-4.88967	 0.948159
-4.88634	 0.753351
-4.88301	 0.260287
-4.87967	 0.660691
-4.87634	 0.464457
-4.87301	 0.358075
-4.86968	 0.493696
-4.86634	 0.283555
-4.86301	 0.536961
-4.85968	 0.763498
-4.85634	 1.03791
-4.85301	 0.778522
-4.84968	 0.0776567
-4.84634	 0.261413
-4.84301	 0.973758
-4.83968	 0.373258
-4.83634	 0.221129
-4.83301	 0.458402
-4.82968	 0.68575
-4.82634	 1.1079
-4.82301	 0.77785
-4.81968	 0.938535
-4.81635	 0.670771
-4.81301	 0.644431
-4.80968	 0.523077
-4.80635	 0.295964
-4.80301	 0.990703
-4.79968	 0.349781
-4.79635	 0.527022
-4.79301	 0.731949
-4.78968	 0.952815
-4.78635	 0.336481
-4.78301	 0.511627
-4.77968	 0.305251
-4.77635	 0.431473
-4.77302	 0.489462
-4.76968	 0.247612
-4.76635	 0.527402
-4.76302	 0.765867
-4.75968	 0.396025
-4.75635	 0.222591
-4.75302	 0.725464
-4.74968	 0.305978
-4.74635	 0.610361
-4.74302	 0.600001
-4.73968	 1.30313
-4.73635	 0.915011
-4.73302	 0.525789
-4.72968	 0.258129
-4.72635	 0.711947
-4.72302	 0.0917511
-4.71969	 0.57606
-4.71635	 0.445563
-4.71302	 0.556582
-4.70969	 0.514422
-4.70635	 0.706605
-4.70302	 0.650474
-4.69969	 0.884366
-4.69635	 0.575185
-4.69302	 0.336124
-4.68969	 0.306309
-4.68635	 0.716267
-4.68302	 0.545672
-4.67969	 0.920522
-4.67635	 0.637545
-4.67302	 0.900068
-4.66969	 0.255088
-4.66636	 0.461107
-4.66302	 0.514212
-4.65969	 1.04254
-4.65636	 0.348365
-4.65302	 1.11648
-4.64969	 0.585924
-4.64636	 0.641007
-4.64302	 0.535949
-4.63969	 0.41215
-4.63636	 0.778401
-4.63302	 0.469858
-4.62969	 0.554851
-4.62636	 1.07614
-4.62303	 0.655357
-4.61969	 0.952632
-4.61636	 0.81981
-4.61303	 0.760823
-4.60969	 1.12167
-4.60636	 0.0904903
-4.60303	 0.529524
-4.59969	 0.563712
-4.59636	 0.12345
-4.59303	 0.350071
-4.58969	 0.544739
-4.58636	 0.939836
-4.58303	 0.33644
-4.57969	 0.457661
-4.57636	 1.15841
-4.57303	 0.952868
-4.5697	 1.5334
-4.56636	 0.652403
-4.56303	 1.31993
-4.5597	 0.81857
-4.55636	 0.75788
-4.55303	 1.09388
-4.5497	 0.239171
-4.54636	 0.647508
-4.54303	 0.633989
-4.5397	 0.907974
-4.53636	 0.650947
-4.53303	 0.295977
-4.5297	 0.980699
-4.52636	 0.837809
-4.52303	 0.511022
-4.5197	 1.51514
-4.51637	 0.447276
-4.51303	 0.633559
-4.5097	 0.247239
-4.50637	 0.765689
-4.50303	 0.190728
-4.4997	 0.667311
-4.49637	 0.593268
-4.49303	 0.134681
-4.4897	 1.37833
-4.48637	 0.251664
-4.48303	 0.429437
-4.4797	 0.595858
-4.47637	 0.112482
-4.47304	 0.182123
-4.4697	 0.0981324
-4.46637	 0.637329
-4.46304	 0.580477
-4.4597	 0.137827
-4.45637	 0.600951
-4.45304	 0.811691
-4.4497	 0.818992
-4.44637	 0.206084
-4.44304	 0.290931
-4.4397	 0.910003
-4.43637	 0.880196
-4.43304	 0.669781
-4.4297	 0.189505
-4.42637	 0.314254
-4.42304	 0.0840603
-4.41971	 0.117596
-4.41637	 0.665611
-4.41304	 0.712774
-4.40971	 0.293975
-4.40637	 0.179017
-4.40304	 1.20592
-4.39971	 0.815549
-4.39637	 0.400014
-4.39304	 0.143399
-4.38971	 0.992607
-4.38637	 0.0982103
-4.38304	 0.615501
-4.37971	 0.713499
-4.37637	 0.311038
-4.37304	 1.08087
-4.36971	 0.284793
-4.36638	 0.546366
-4.36304	 0.595464
-4.35971	 1.18909
-4.35638	 0.735413
-4.35304	 0.34292
-4.34971	 0.357836
-4.34638	 0.626822
-4.34304	 0.654122
-4.33971	 0.714791
-4.33638	 0.27264
-4.33304	 0.343986
-4.32971	 1.10112
-4.32638	 0.200138
-4.32305	 1.09668
-4.31971	 0.153725
-4.31638	 0.455224
-4.31305	 0.464861
-4.30971	 0.61364
-4.30638	 1.35777
-4.30305	 0.341915
-4.29971	 0.569733
-4.29638	 1.07536
-4.29305	 0.803471
-4.28971	 0.98654
-4.28638	 1.15996
-4.28305	 0.782788
-4.27971	 0.865064
-4.27638	 0.43152
-4.27305	 0.381988
-4.26972	 0.331747
-4.26638	 1.27778
-4.26305	 0.185323
-4.25972	 0.402236
-4.25638	 0.592213
-4.25305	 0.938535
-4.24972	 1.03812
-4.24638	 1.12997
-4.24305	 0.655503
-4.23972	 0.847251
-4.23638	 0.869735
-4.23305	 0.745816
-4.22972	 0.380364
-4.22638	 1.11929
-4.22305	 0.91474
-4.21972	 0.564064
-4.21639	 0.491608
-4.21305	 1.28723
-4.20972	 1.035
-4.20639	 0.41693
-4.20305	 0.732176
-4.19972	 0.495201
-4.19639	 0.565322
-4.19305	 0.719573
-4.18972	 0.951745
-4.18639	 0.632496
-4.18305	 0.239541
-4.17972	 0.135078
-4.17639	 1.31601
-4.17306	 0.48474
-4.16972	 1.40669
-4.16639	 0.316094
-4.16306	 0.77598
-4.15972	 0.336272
-4.15639	 0.726015
-4.15306	 0.292533
-4.14972	 0.663976
-4.14639	 0.346107
-4.14306	 0.203488
-4.13972	 0.290885
-4.13639	 0.0796891
-4.13306	 0.15903
-4.12972	 0.533218
-4.12639	 0.595852
-4.12306	 0.29571
-4.11973	 0.733398
-4.11639	 0.475305
-4.11306	 0.61691
-4.10973	 1.14213
-4.10639	 0.433475
-4.10306	 0.896162
-4.09973	 0.194079
-4.09639	 0.341195
-4.09306	 0.37854
-4.08973	 0.645287
-4.08639	 0.563996
-4.08306	 0.791611
-4.07973	 0.522345
-4.07639	 0.691153
-4.07306	 0.750326
-4.06973	 0.848907
-4.0664	 1.03464
-4.06306	 1.08322
-4.05973	 0.980616
-4.0564	 0.0546803
-4.05306	 0.729302
-4.04973	 0.829328
-4.0464	 0.826675
-4.04306	 1.50584
-4.03973	 0.575544
-4.0364	 0.802188
-4.03306	 0.987098
-4.02973	 0.769178
-4.0264	 1.034
-4.02307	 0.833705
-4.01973	 0.546121
-4.0164	 0.586536
-4.01307	 1.23571
-4.00973	 0.472649
-4.0064	 0.536952
-4.00307	 0.884038
-3.99973	 0.300582
-3.9964	 0.157764
-3.99307	 0.0609812
-3.98973	 0.260987
-3.9864	 0.503284
-3.98307	 0.686286
-3.97973	 0.21708
-3.9764	 0.773195
-3.97307	 0.393497
-3.96974	 0.177269
-3.9664	 0.396227
-3.96307	 0.780785
-3.95974	 0.705129
-3.9564	 0.199484
-3.95307	 0.68022
-3.94974	 0.52593
-3.9464	 0.589791
-3.94307	 0.955138
-3.93974	 0.335921
-3.9364	 0.377244
-3.93307	 0.512315
-3.92974	 1.4508
-3.9264	 1.06194
-3.92307	 0.106802
-3.91974	 0.455091
-3.91641	 0.547769
-3.91307	 0.547177
-3.90974	 0.883609
-3.90641	 0.196213
-3.90307	 0.374852
-3.89974	 0.167059
-3.89641	 0.178734
-3.89307	 0.457088
-3.88974	 0.310628
-3.88641	 0.387931
-3.88307	 0.47147
-3.87974	 1.00841
-3.87641	 0.310101
-3.87308	 0.84439
-3.86974	 0.135329
-3.86641	 0.555152
-3.86308	 0.384343
-3.85974	 0.183292
-3.85641	 0.655014
-3.85308	 0.256318
-3.84974	 1.35006
-3.84641	 0.767776
-3.84308	 0.635511
-3.83974	 0.94255
-3.83641	 0.629435
-3.83308	 0.137408
-3.82974	 0.746934
-3.82641	 0.593296
-3.82308	 0.370561
-3.81975	 0.0998223
-3.81641	 0.224315
-3.81308	 1.31655
-3.80975	 0.877348
-3.80641	 0.535461
-3.80308	 0.57156
-3.79975	 0.284259
-3.79641	 0.56824
-3.79308	 0.962638
-3.78975	 1.16359
-3.78641	 0.510563
-3.78308	 0.527893
-3.77975	 0.298426
-3.77641	 0.60233
-3.77308	 1.12033
-3.76975	 0.537917
-3.76642	 0.654073
-3.76308	 0.355801
-3.75975	 0.764431
-3.75642	 0.998144
-3.75308	 0.442984
-3.74975	 0.695681
-3.74642	 0.826582
-3.74308	 0.650835
-3.73975	 0.731059
-3.73642	 0.387684
-3.73308	 0.849248
-3.72975	 0.314268
-3.72642	 0.383305
-3.72309	 0.582746
-3.71975	 0.488569
-3.71642	 0.981672
-3.71309	 0.225944
-3.70975	 0.33278
-3.70642	 0.568967
-3.70309	 0.720448
-3.69975	 0.488735
-3.69642	 0.62108
-3.69309	 0.714168
-3.68975	 0.17226
-3.68642	 0.613379
-3.68309	 0.401733
-3.67975	 0.499816
-3.67642	 0.140131
-3.67309	 0.417417
-3.66976	 0.336913
-3.66642	 0.60217
-3.66309	 0.5031
-3.65976	 0.496947
-3.65642	 0.972877
-3.65309	 0.811258
-3.64976	 0.501808
-3.64642	 0.208321
-3.64309	 1.07843
-3.63976	 0.720574
-3.63642	 0.666477
-3.63309	 0.669357
-3.62976	 0.576524
-3.62642	 0.596652
-3.62309	 0.370113
-3.61976	 0.250962
-3.61643	 0.318444
-3.61309	 0.509891
-3.60976	 0.423368
-3.60643	 0.373266
-3.60309	 0.642784
-3.59976	 0.5991
-3.59643	 0.468651
-3.59309	 0.521638
-3.58976	 0.790284
-3.58643	 0.878317
-3.58309	 0.590743
-3.57976	 0.204238
-3.57643	 0.0374819
-3.5731	 0.926919
-3.56976	 0.796621
-3.56643	 0.711816
-3.5631	 0.553367
-3.55976	 0.214454
-3.55643	 0.274762
-3.5531	 0.390895
-3.54976	 0.684028
-3.54643	 1.04579
-3.5431	 0.548933
-3.53976	 0.232982
-3.53643	 1.30391
-3.5331	 0.21287
-3.52976	 0.459269
-3.52643	 1.00046
-3.5231	 0.903447
-3.51977	 0.635101
-3.51643	 0.839507
-3.5131	 0.171737
-3.50977	 0.622242
-3.50643	 1.27347
-3.5031	 0.41328
-3.49977	 0.535605
-3.49643	 0.365546
-3.4931	 1.02776
-3.48977	 0.40497
-3.48643	 0.427281
-3.4831	 0.75414
-3.47977	 1.36126
-3.47643	 0.579434
-3.4731	 0.499213
-3.46977	 0.274407
-3.46644	 0.315364
-3.4631	 0.526891
-3.45977	 0.374865
-3.45644	 0.336467
-3.4531	 0.815991
-3.44977	 0.693322
-3.44644	 1.03871
-3.4431	 0.453616
-3.43977	 1.27754
-3.43644	 1.47399
-3.4331	 0.276267
-3.42977	 0.277325
-3.42644	 0.0944579
-3.42311	 0.305202
-3.41977	 0.406442
-3.41644	 1.2586
-3.41311	 0.410294
-3.40977	 1.22594
-3.40644	 0.329654
-3.40311	 0.986798
-3.39977	 0.785
-3.39644	 1.27771
-3.39311	 0.229461
-3.38977	 0.37975
-3.38644	 0.66323
-3.38311	 0.338948
-3.37977	 1.54473
-3.37644	 1.12966
-3.37311	 0.711409
-3.36978	 1.03415
-3.36644	 1.19821
-3.36311	 0.320076
-3.35978	 0.783779
-3.35644	 1.00454
-3.35311	 0.525842
-3.34978	 0.564833
-3.34644	 0.88613
-3.34311	 0.947499
-3.33978	 0.669681
-3.33644	 0.57504
-3.33311	 0.393184
-3.32978	 0.395416
-3.32644	 0.881423
-3.32311	 0.932702
-3.31978	 0.688288
-3.31645	 0.424269
-3.31311	 0.944521
-3.30978	 0.751803
-3.30645	 0.663762
-3.30311	 0.20309
-3.29978	 0.834381
-3.29645	 0.660683
-3.29311	 0.284908
-3.28978	 0.563178
-3.28645	 0.74655
-3.28311	 0.26935
-3.27978	 0.783564
-3.27645	 0.739464
-3.27312	 0.279545
-3.26978	 0.62779
-3.26645	 0.55985
-3.26312	 0.580602
-3.25978	 0.650876
-3.25645	 0.471732
-3.25312	 1.2172
-3.24978	 0.741106
-3.24645	 0.175629
-3.24312	 0.502024
-3.23978	 0.750272
-3.23645	 0.69282
-3.23312	 1.25298
-3.22978	 1.58577
-3.22645	 0.874911
-3.22312	 0.858911
-3.21979	 0.831959
-3.21645	 0.96825
-3.21312	 0.895655
-3.20979	 0.495772
-3.20645	 1.3185
-3.20312	 0.49077
-3.19979	 1.42421
-3.19645	 0.902908
-3.19312	 0.213155
-3.18979	 0.527102
-3.18645	 1.13406
-3.18312	 0.619489
-3.17979	 0.642222
-3.17645	 0.739212
-3.17312	 0.420859
-3.16979	 0.686544
-3.16646	 0.917909
-3.16312	 0.298648
-3.15979	 0.456769
-3.15646	 0.254566
-3.15312	 0.78592
-3.14979	 0.883865
-3.14646	 0.827159
-3.14312	 0.424308
-3.13979	 0.868481
-3.13646	 0.722835
-3.13312	 0.332398
-3.12979	 0.18781
-3.12646	 0.904055
-3.12313	 0.8047
-3.11979	 0.611904
-3.11646	 0.208761
-3.11313	 0.66186
-3.10979	 0.797773
-3.10646	 0.712464
-3.10313	 0.225107
-3.09979	 0.520667
-3.09646	 0.691778
-3.09313	 0.747623
-3.08979	 0.84699
-3.08646	 1.05994
-3.08313	 0.809395
-3.07979	 0.449261
-3.07646	 1.05316
-3.07313	 0.21889
-3.0698	 0.662269
-3.06646	 0.636297
-3.06313	 0.678293
-3.0598	 0.301764
-3.05646	 0.683124
-3.05313	 0.367351
-3.0498	 0.535862
-3.04646	 0.297817
-3.04313	 0.437931
-3.0398	 0.301331
-3.03646	 0.138311
-3.03313	 0.648014
-3.0298	 0.339012
-3.02646	 0.407667
-3.02313	 0.480116
-3.0198	 0.699029
-3.01647	 0.797474
-3.01313	 0.709741
-3.0098	 0.430245
-3.00647	 1.69611
-3.00313	 0.798643
-2.9998	 0.458328
-2.99647	 0.150884
-2.99313	 1.30219
-2.9898	 0.647236
-2.98647	 0.134321
-2.98313	 0.394762
-2.9798	 1.0674
-2.97647	 0.708619
-2.97314	 0.96195
-2.9698	 0.229067
-2.96647	 0.189486
-2.96314	 0.286276
-2.9598	 0.583806
-2.95647	 0.92216
-2.95314	 0.291874
-2.9498	 0.905345
-2.94647	 0.648384
-2.94314	 0.507604
-2.9398	 0.610865
-2.93647	 1.1947
-2.93314	 0.690845
-2.9298	 1.27932
-2.92647	 0.819191
-2.92314	 0.213918
-2.91981	 0.128198
-2.91647	 0.543131
-2.91314	 0.749992
-2.90981	 0.73125
-2.90647	 0.559192
-2.90314	 0.324964
-2.89981	 0.925534
-2.89647	 0.945078
-2.89314	 0.678111
-2.88981	 0.799428
-2.88647	 0.808232
-2.88314	 0.659176
-2.87981	 0.586016
-2.87647	 1.70808
-2.87314	 0.483272
-2.86981	 0.538895
-2.86648	 0.564706
-2.86314	 0.58449
-2.85981	 0.382682
-2.85648	 0.124088
-2.85314	 0.628052
-2.84981	 1.252
-2.84648	 0.381556
-2.84314	 0.186646
-2.83981	 0.542259
-2.83648	 0.585118
-2.83314	 0.996938
-2.82981	 0.282235
-2.82648	 0.831391
-2.82315	 1.18737
-2.81981	 0.258773
-2.81648	 0.605288
-2.81315	 0.610047
-2.80981	 0.261409
-2.80648	 0.878698
-2.80315	 0.743054
-2.79981	 0.353256
-2.79648	 0.309108
-2.79315	 0.750636
-2.78981	 0.430812
-2.78648	 0.226297
-2.78315	 0.610326
-2.77981	 1.17346
-2.77648	 0.691107
-2.77315	 0.327969
-2.76982	 0.719357
-2.76648	 0.563293
-2.76315	 1.55813
-2.75982	 0.220182
-2.75648	 0.887036
-2.75315	 0.468719
-2.74982	 0.50684
-2.74648	 0.546239
-2.74315	 0.338431
-2.73982	 0.691283
-2.73648	 0.28368
-2.73315	 1.3356
-2.72982	 0.201874
-2.72648	 0.270865
-2.72315	 1.07096
-2.71982	 0.279449
-2.71649	 0.201991
-2.71315	 0.289681
-2.70982	 0.760247
-2.70649	 0.598875
-2.70315	 0.139854
-2.69982	 0.890572
-2.69649	 0.139562
-2.69315	 1.1525
-2.68982	 0.92132
-2.68649	 0.551698
-2.68315	 0.962657
-2.67982	 0.427029
-2.67649	 0.339766
-2.67316	 1.0386
-2.66982	 0.453947
-2.66649	 0.485023
-2.66316	 0.1826
-2.65982	 0.233663
-2.65649	 0.452796
-2.65316	 0.550387
-2.64982	 0.211641
-2.64649	 1.27414
-2.64316	 0.373369
-2.63982	 0.235861
-2.63649	 0.816028
-2.63316	 0.64903
-2.62982	 0.148303
-2.62649	 0.181008
-2.62316	 0.356821
-2.61983	 0.389313
-2.61649	 0.564019
-2.61316	 0.166013
-2.60983	 0.833494
-2.60649	 0.604334
-2.60316	 0.599561
-2.59983	 0.877022
-2.59649	 0.340518
-2.59316	 0.472472
-2.58983	 0.128628
-2.58649	 0.297205
-2.58316	 0.425328
-2.57983	 1.06267
-2.57649	 0.105664
-2.57316	 0.984165
-2.56983	 0.911817
-2.5665	 0.648271
-2.56316	 0.620573
-2.55983	 0.841867
-2.5565	 0.46691
-2.55316	 1.04978
-2.54983	 0.782073
-2.5465	 0.44782
-2.54316	 0.633955
-2.53983	 0.747103
-2.5365	 0.884832
-2.53316	 0.417581
-2.52983	 0.748123
-2.5265	 0.488578
-2.52317	 0.677012
-2.51983	 0.347732
-2.5165	 1.16628
-2.51317	 1.17098
-2.50983	 0.394464
-2.5065	 1.29035
-2.50317	 0.103861
-2.49983	 0.780651
-2.4965	 0.472651
-2.49317	 0.78134
-2.48983	 0.953655
-2.4865	 1.11546
-2.48317	 0.0368081
-2.47983	 0.894848
-2.4765	 0.98078
-2.47317	 0.414763
-2.46984	 0.470612
-2.4665	 0.60491
-2.46317	 0.350588
-2.45984	 0.321013
-2.4565	 0.289517
-2.45317	 0.867024
-2.44984	 0.405906
-2.4465	 0.18531
-2.44317	 1.15871
-2.43984	 0.438301
-2.4365	 0.9752
-2.43317	 0.726063
-2.42984	 0.632122
-2.4265	 0.198279
-2.42317	 0.589421
-2.41984	 0.561785
-2.41651	 1.36797
-2.41317	 0.450807
-2.40984	 0.15615
-2.40651	 0.894629
-2.40317	 0.929467
-2.39984	 0.859895
-2.39651	 0.609754
-2.39317	 0.789524
-2.38984	 0.482008
-2.38651	 0.394512
-2.38317	 0.294937
-2.37984	 1.09456
-2.37651	 0.757827
-2.37318	 0.337806
-2.36984	 0.915466
-2.36651	 0.117397
-2.36318	 0.8111
-2.35984	 1.45997
-2.35651	 0.316893
-2.35318	 0.302886
-2.34984	 0.490166
-2.34651	 0.677917
-2.34318	 0.574757
-2.33984	 0.246273
-2.33651	 0.0500714
-2.33318	 1.27844
-2.32984	 0.677278
-2.32651	 0.257627
-2.32318	 1.21893
-2.31985	 0.388673
-2.31651	 0.799648
-2.31318	 0.483677
-2.30985	 0.507755
-2.30651	 0.964843
-2.30318	 0.43812
-2.29985	 0.277134
-2.29651	 0.116599
-2.29318	 0.667797
-2.28985	 0.93498
-2.28651	 0.557484
-2.28318	 0.539171
-2.27985	 1.09281
-2.27651	 0.72027
-2.27318	 0.143345
-2.26985	 0.58446
-2.26652	 0.468685
-2.26318	 0.799049
-2.25985	 0.338646
-2.25652	 0.393374
-2.25318	 0.951198
-2.24985	 1.01415
-2.24652	 0.590889
-2.24318	 0.79092
-2.23985	 0.264113
-2.23652	 0.553404
-2.23318	 0.638636
-2.22985	 0.302502
-2.22652	 0.37594
-2.22319	 0.697856
-2.21985	 0.980809
-2.21652	 0.966796
-2.21319	 0.492963
-2.20985	 0.919425
-2.20652	 0.447667
-2.20319	 0.781697
-2.19985	 0.48326
-2.19652	 1.01293
-2.19319	 0.67979
-2.18985	 0.652644
-2.18652	 0.554259
-2.18319	 0.742442
-2.17985	 0.823471
-2.17652	 0.677313
-2.17319	 0.733333
-2.16986	 0.491707
-2.16652	 0.28868
-2.16319	 1.02829
-2.15986	 0.682709
-2.15652	 0.606121
-2.15319	 1.18064
-2.14986	 1.49176
-2.14652	 0.639548
-2.14319	 0.812913
-2.13986	 0.403763
-2.13652	 0.23244
-2.13319	 0.316129
-2.12986	 0.800937
-2.12652	 0.756862
-2.12319	 0.841231
-2.11986	 0.582889
-2.11653	 0.701007
-2.11319	 1.44711
-2.10986	 0.302928
-2.10653	 1.35229
-2.10319	 0.482736
-2.09986	 1.08428
-2.09653	 0.643737
-2.09319	 1.33895
-2.08986	 0.236592
-2.08653	 0.516523
-2.08319	 1.01466
-2.07986	 0.599474
-2.07653	 0.545801
-2.0732	 0.790796
-2.06986	 0.275799
-2.06653	 0.497502
-2.0632	 0.796645
-2.05986	 0.471845
-2.05653	 0.75154
-2.0532	 0.249333
-2.04986	 0.34599
-2.04653	 0.402561
-2.0432	 0.890121
-2.03986	 0.582735
-2.03653	 0.288234
-2.0332	 1.2392
-2.02986	 0.513532
-2.02653	 0.331702
-2.0232	 0.453062
-2.01987	 0.109902
-2.01653	 0.636388
-2.0132	 0.541112
-2.00987	 0.428573
-2.00653	 0.983552
-2.0032	 0.447673
-1.99987	 0.991948
-1.99653	 0.462107
-1.9932	 0.546723
-1.98987	 0.133648
-1.98653	 0.36092
-1.9832	 0.203551
-1.97987	 0.970801
-1.97653	 1.28353
-1.9732	 0.206287
-1.96987	 0.339194
-1.96654	 1.45628
-1.9632	 0.204847
-1.95987	 1.03871
-1.95654	 0.908327
-1.9532	 0.989885
-1.94987	 1.26397
-1.94654	 0.124899
-1.9432	 0.61797
-1.93987	 0.886206
-1.93654	 0.124409
-1.9332	 0.668981
-1.92987	 0.419948
-1.92654	 0.231104
-1.92321	 0.316905
-1.91987	 0.553809
-1.91654	 0.260879
-1.91321	 0.872823
-1.90987	 0.13725
-1.90654	 0.521552
-1.90321	 0.450848
-1.89987	 0.567737
-1.89654	 0.27291
-1.89321	 0.619657
-1.88987	 0.828191
-1.88654	 0.460531
-1.88321	 0.258859
-1.87987	 0.63544
-1.87654	 0.852495
-1.87321	 0.640297
-1.86988	 0.313495
-1.86654	 0.843478
-1.86321	 0.477029
-1.85988	 0.387618
-1.85654	 0.297353
-1.85321	 0.55928
-1.84988	 0.350964
-1.84654	 0.971212
-1.84321	 0.372673
-1.83988	 0.520367
-1.83654	 0.32653
-1.83321	 0.179895
-1.82988	 0.510879
-1.82654	 0.105575
-1.82321	 0.803011
-1.81988	 0.572165
-1.81655	 0.560403
-1.81321	 0.41228
-1.80988	 0.244617
-1.80655	 0.354898
-1.80321	 0.985355
-1.79988	 0.144592
-1.79655	 0.51744
-1.79321	 0.713773
-1.78988	 0.596919
-1.78655	 1.09993
-1.78321	 0.553385
-1.77988	 1.01821
-1.77655	 0.700315
-1.77322	 0.574007
-1.76988	 0.681281
-1.76655	 0.863813
-1.76322	 0.623455
-1.75988	 0.950739
-1.75655	 0.485458
-1.75322	 0.355464
-1.74988	 0.710434
-1.74655	 0.929946
-1.74322	 0.551071
-1.73988	 0.542663
-1.73655	 0.212931
-1.73322	 0.2202
-1.72988	 0.522263
-1.72655	 0.241584
-1.72322	 0.566849
-1.71989	 0.636686
-1.71655	 0.709469
-1.71322	 0.607448
-1.70989	 0.685059
-1.70655	 0.845768
-1.70322	 0.352336
-1.69989	 0.41764
-1.69655	 0.49865
-1.69322	 0.523162
-1.68989	 0.401261
-1.68655	 0.530904
-1.68322	 0.47004
-1.67989	 1.06092
-1.67655	 1.04565
-1.67322	 0.567653
-1.66989	 0.954617
-1.66656	 0.328091
-1.66322	 0.523081
-1.65989	 0.950649
-1.65656	 1.18299
-1.65322	 0.778832
-1.64989	 0.0869942
-1.64656	 0.416234
-1.64322	 0.308053
-1.63989	 0.87524
-1.63656	 0.326511
-1.63322	 0.461254
-1.62989	 0.67853
-1.62656	 0.16168
-1.62323	 0.290151
-1.61989	 0.215819
-1.61656	 0.458504
-1.61323	 0.575513
-1.60989	 0.558044
-1.60656	 1.37913
-1.60323	 0.145557
-1.59989	 0.920477
-1.59656	 0.247867
-1.59323	 0.925189
-1.58989	 0.889397
-1.58656	 1.04825
-1.58323	 0.594354
-1.57989	 0.544016
-1.57656	 0.884218
-1.57323	 1.32404
-1.5699	 0.123739
-1.56656	 0.370192
-1.56323	 0.299338
-1.5599	 0.484186
-1.55656	 0.951969
-1.55323	 0.379059
-1.5499	 0.719511
-1.54656	 0.638291
-1.54323	 0.737373
-1.5399	 1.04333
-1.53656	 0.446255
-1.53323	 0.23379
-1.5299	 0.588504
-1.52656	 0.112283
-1.52323	 0.483289
-1.5199	 0.150029
-1.51657	 0.490051
-1.51323	 0.303139
-1.5099	 1.14251
-1.50657	 1.1062
-1.50323	 0.85208
-1.4999	 1.06277
-1.49657	 0.682176
-1.49323	 1.30657
-1.4899	 0.651171
-1.48657	 0.217925
-1.48323	 0.410613
-1.4799	 0.244309
-1.47657	 0.443204
-1.47324	 0.805886
-1.4699	 0.685905
-1.46657	 0.219818
-1.46324	 0.292401
-1.4599	 1.08305
-1.45657	 0.257557
-1.45324	 0.426411
-1.4499	 0.70311
-1.44657	 0.413195
-1.44324	 0.372661
-1.4399	 0.68313
-1.43657	 0.458769
-1.43324	 0.0870186
-1.4299	 0.64325
-1.42657	 0.533277
-1.42324	 1.61749
-1.41991	 0.603243
-1.41657	 0.480951
-1.41324	 0.681755
-1.40991	 1.01263
-1.40657	 0.314072
-1.40324	 0.891615
-1.39991	 0.927438
-1.39657	 0.330386
-1.39324	 0.706896
-1.38991	 1.25539
-1.38657	 0.817965
-1.38324	 0.164544
-1.37991	 1.23231
-1.37657	 0.714816
-1.37324	 0.90361
-1.36991	 0.467037
-1.36658	 0.346967
-1.36324	 1.26404
-1.35991	 0.771669
-1.35658	 0.516199
-1.35324	 0.170409
-1.34991	 1.07979
-1.34658	 0.907458
-1.34324	 0.905158
-1.33991	 0.556366
-1.33658	 0.393949
-1.33324	 1.10167
-1.32991	 0.199902
-1.32658	 0.709412
-1.32325	 0.423003
-1.31991	 0.661006
-1.31658	 0.171085
-1.31325	 0.362215
-1.30991	 0.895444
-1.30658	 0.453748
-1.30325	 0.456411
-1.29991	 0.471364
-1.29658	 0.27902
-1.29325	 0.296155
-1.28991	 1.01648
-1.28658	 0.66765
-1.28325	 0.525186
-1.27991	 0.747449
-1.27658	 0.619505
-1.27325	 0.40642
-1.26992	 0.452229
-1.26658	 0.807568
-1.26325	 0.424586
-1.25992	 0.989432
-1.25658	 0.502785
-1.25325	 0.334992
-1.24992	 1.05282
-1.24658	 0.548648
-1.24325	 0.590832
-1.23992	 0.923975
-1.23658	 0.844648
-1.23325	 0.463431
-1.22992	 0.274858
-1.22658	 0.812045
-1.22325	 0.867511
-1.21992	 0.778693
-1.21659	 0.1388
-1.21325	 0.382113
-1.20992	 0.521581
-1.20659	 0.506979
-1.20325	 0.541029
-1.19992	 0.341281
-1.19659	 0.217931
-1.19325	 0.306567
-1.18992	 0.565298
-1.18659	 0.545137
-1.18325	 0.585461
-1.17992	 1.03494
-1.17659	 1.07347
-1.17326	 1.19538
-1.16992	 0.294218
-1.16659	 1.51769
-1.16326	 0.629383
-1.15992	 0.727859
-1.15659	 0.992148
-1.15326	 0.604653
-1.14992	 0.464151
-1.14659	 0.254061
-1.14326	 0.404247
-1.13992	 0.563931
-1.13659	 0.834571
-1.13326	 0.263364
-1.12992	 0.269704
-1.12659	 0.685268
-1.12326	 0.165014
-1.11993	 0.579851
-1.11659	 0.652722
-1.11326	 0.267787
-1.10993	 0.713147
-1.10659	 0.665598
-1.10326	 0.408908
-1.09993	 0.731322
-1.09659	 0.393355
-1.09326	 0.101811
-1.08993	 0.288172
-1.08659	 0.868065
-1.08326	 0.4515
-1.07993	 0.273726
-1.07659	 0.412235
-1.07326	 0.635082
-1.06993	 0.946437
-1.0666	 0.52146
-1.06326	 0.296788
-1.05993	 0.12205
-1.0566	 0.481505
-1.05326	 0.780112
-1.04993	 0.676454
-1.0466	 0.467995
-1.04326	 0.527762
-1.03993	 0.0890886
-1.0366	 0.587023
-1.03326	 0.444445
-1.02993	 0.916995
-1.0266	 0.524052
-1.02327	 0.240308
-1.01993	 0.59839
-1.0166	 0.480929
-1.01327	 0.293874
-1.00993	 0.586515
-1.0066	 0.435106
-1.00327	 0.674363
-0.999933	 0.983908
-0.9966	 0.6055
-0.993267	 0.572306
-0.989934	 0.493206
-0.986601	 0.98802
-0.983268	 0.358012
-0.979935	 0.360968
-0.976602	 0.147902
-0.973268	 0.385933
-0.969935	 0.521286
-0.966602	 0.613946
-0.963269	 0.382585
-0.959936	 0.950081
-0.956603	 0.689509
-0.95327	 0.901393
-0.949937	 0.643854
-0.946604	 1.57121
-0.94327	 0.502487
-0.939937	 0.921091
-0.936604	 0.9778
-0.933271	 0.648045
-0.929938	 0.141712
-0.926605	 0.158312
-0.923272	 0.88216
-0.919939	 0.302021
-0.916606	 1.21784
-0.913272	 0.517523
-0.909939	 0.695264
-0.906606	 0.598397
-0.903273	 0.413691
-0.89994	 0.328588
-0.896607	 0.647664
-0.893274	 0.150629
-0.889941	 0.338557
-0.886608	 0.973897
-0.883274	 0.873008
-0.879941	 0.228158
-0.876608	 1.428
-0.873275	 0.687618
-0.869942	 0.736682
-0.866609	 0.647043
-0.863276	 0.623556
-0.859943	 0.8895
-0.85661	 0.988439
-0.853276	 0.683364
-0.849943	 0.278614
-0.84661	 0.157669
-0.843277	 0.945523
-0.839944	 0.242827
-0.836611	 0.531407
-0.833278	 0.441965
-0.829945	 1.00504
-0.826612	 0.854512
-0.823278	 0.259061
-0.819945	 0.528606
-0.816612	 0.908011
-0.813279	 0.865294
-0.809946	 0.582217
-0.806613	 0.459746
-0.80328	 0.970806
-0.799947	 0.161911
-0.796614	 0.748512
-0.79328	 0.631474
-0.789947	 0.330643
-0.786614	 0.73438
-0.783281	 0.909829
-0.779948	 0.87485
-0.776615	 0.603983
-0.773282	 0.537855
-0.769949	 0.332241
-0.766616	 0.679627
-0.763282	 1.29084
-0.759949	 0.290317
-0.756616	 0.288704
-0.753283	 0.585518
-0.74995	 0.840979
-0.746617	 0.592638
-0.743284	 0.885471
-0.739951	 0.486584
-0.736618	 0.939405
-0.733284	 0.374857
-0.729951	 0.8451
-0.726618	 0.918672
-0.723285	 1.02741
-0.719952	 0.831735
-0.716619	 0.535598
-0.713286	 0.321159
-0.709953	 0.158931
-0.70662	 0.699247
-0.703286	 0.519175
-0.699953	 0.516432
-0.69662	 0.576343
-0.693287	 0.433606
-0.689954	 0.204218
-0.686621	 0.663444
-0.683288	 0.672013
-0.679955	 0.772334
-0.676622	 0.67493
-0.673288	 0.704488
-0.669955	 0.868569
-0.666622	 0.368498
-0.663289	 0.409819
-0.659956	 1.13694
-0.656623	 0.724071
-0.65329	 0.804671
-0.649957	 1.36271
-0.646624	 0.577518
-0.64329	 1.22939
-0.639957	 1.18842
-0.636624	 0.637102
-0.633291	 1.05149
-0.629958	 0.282902
-0.626625	 0.596463
-0.623292	 1.19807
-0.619959	 1.29286
-0.616626	 0.434956
-0.613292	 0.728659
-0.609959	 0.524179
-0.606626	 0.0938798
-0.603293	 1.28766
-0.59996	 0.430128
-0.596627	 1.29784
-0.593294	 0.659768
-0.589961	 0.241642
-0.586628	 0.337438
-0.583294	 0.850287
-0.579961	 0.654325
-0.576628	 0.740624
-0.573295	 0.340704
-0.569962	 0.0607
-0.566629	 0.781583
-0.563296	 0.634467
-0.559963	 0.494801
-0.55663	 0.559044
-0.553296	 1.15493
-0.549963	 1.8611
-0.54663	 1.51465
-0.543297	 0.654388
-0.539964	 0.567071
-0.536631	 0.413531
-0.533298	 0.780163
-0.529965	 0.691487
-0.526632	 0.947347
-0.523298	 0.982577
-0.519965	 0.302242
-0.516632	 0.148088
-0.513299	 0.480531
-0.509966	 0.146744
-0.506633	 0.147353
-0.5033	 0.231331
-0.499967	 0.256945
-0.496634	 0.443434
-0.4933	 0.286205
-0.489967	 0.565086
-0.486634	 0.354363
-0.483301	 0.573968
-0.479968	 0.678579
-0.476635	 0.761806
-0.473302	 0.27326
-0.469969	 0.534185
-0.466636	 0.574101
-0.463302	 1.02668
-0.459969	 0.65965
-0.456636	 0.638582
-0.453303	 1.35101
-0.44997	 0.261005
-0.446637	 0.745957
-0.443304	 0.731228
-0.439971	 0.124569
-0.436638	 0.739438
-0.433304	 0.906517
-0.429971	 0.569493
-0.426638	 0.65289
-0.423305	 0.983111
-0.419972	 0.653227
-0.416639	 0.220633
-0.413306	 0.277949
-0.409973	 1.32385
-0.40664	 0.629978
-0.403306	 0.0779548
-0.399973	 0.841055
-0.39664	 0.268234
-0.393307	 0.998131
-0.389974	 0.618902
-0.386641	 0.711677
-0.383308	 0.552068
-0.379975	 0.711351
-0.376642	 1.28967
-0.373308	 0.652229
-0.369975	 0.505591
-0.366642	 0.932855
-0.363309	 0.74477
-0.359976	 0.619173
-0.356643	 0.281227
-0.35331	 0.588948
-0.349977	 0.510421
-0.346644	 0.364167
-0.34331	 1.35878
-0.339977	 0.242684
-0.336644	 0.276235
-0.333311	 0.480749
-0.329978	 0.0770121
-0.326645	 1.03371
-0.323312	 0.399734
-0.319979	 0.311485
-0.316646	 0.104864
-0.313312	 0.308921
-0.309979	 0.335563
-0.306646	 0.804433
-0.303313	 1.42478
-0.29998	 0.451115
-0.296647	 0.256713
-0.293314	 0.352332
-0.289981	 1.03472
-0.286648	 0.883655
-0.283314	 0.525058
-0.279981	 0.79436
-0.276648	 0.915668
-0.273315	 0.672429
-0.269982	 0.266679
-0.266649	 0.383917
-0.263316	 0.228648
-0.259983	 1.18307
-0.25665	 0.191159
-0.253316	 0.282924
-0.249983	 0.723316
-0.24665	 0.215938
-0.243317	 1.26728
-0.239984	 0.274357
-0.236651	 0.416023
-0.233318	 0.371429
-0.229985	 1.15728
-0.226652	 0.48842
-0.223318	 0.594659
-0.219985	 0.596213
-0.216652	 0.0867095
-0.213319	 1.34403
-0.209986	 0.64945
-0.206653	 0.536693
-0.20332	 0.673859
-0.199987	 0.330482
-0.196654	 0.689308
-0.19332	 0.388018
-0.189987	 0.471955
-0.186654	 0.167975
-0.183321	 0.956521
-0.179988	 0.617206
-0.176655	 0.900005
-0.173322	 0.979557
-0.169989	 0.673517
-0.166656	 0.434778
-0.163322	 0.420318
-0.159989	 0.977831
-0.156656	 0.702239
-0.153323	 0.657075
-0.14999	 0.300085
-0.146657	 1.06005
-0.143324	 0.692472
-0.139991	 0.0862521
-0.136658	 0.76581
-0.133324	 0.616135
-0.129991	 0.798291
-0.126658	 1.28871
-0.123325	 0.420654
-0.119992	 0.781391
-0.116659	 0.188687
-0.113326	 0.518007
-0.109993	 0.468009
-0.10666	 0.446585
-0.103326	 1.50693
-0.0999933	 1.14942
-0.0966602	 0.508138
-0.0933271	 0.203675
-0.089994	 0.126775
-0.0866609	 0.48018
-0.0833278	 0.345553
-0.0799947	 0.911535
-0.0766616	 0.608141
-0.0733284	 0.966883
-0.0699953	 1.38529
-0.0666622	 0.396298
-0.0633291	 1.21068
-0.059996	 0.698771
-0.0566629	 0.317904
-0.0533298	 0.82702
-0.0499967	 0.541014
-0.0466636	 0.833088
-0.0433304	 0.644706
-0.0399973	 0.871759
-0.0366642	 0.477295
-0.0333311	 0.521441
-0.029998	 0.160764
-0.0266649	 0.187895
-0.0233318	 1.1709
-0.0199987	 0.82355
-0.0166656	 0.960425
-0.0133324	 0.510724
-0.00999933	 0.835557
-0.00666622	 0.940166
-0.00333311	 0.538404
0	 1
0.00333311	 0.267949
0.00666622	 0.226842
0.00999933	 0.0449725
0.0133324	 0.210743
0.0166656	 0.507307
0.0199987	 0.604554
0.0233318	 0.173245
0.0266649	 0.178331
0.029998	 0.598038
0.0333311	 0.574008
0.0366642	 0.524622
0.0399973	 0.539133
0.0433304	 0.656174
0.0466636	 0.170029
0.0499967	 0.713999
0.0533298	 0.542364
0.0566629	 0.572765
0.059996	 0.784373
0.0633291	 0.822095
0.0666622	 0.787112
0.0699953	 0.761659
0.0733284	 0.402037
0.0766616	 0.684334
0.0799947	 0.78734
0.0833278	 0.710133
0.0866609	 0.116853
0.089994	 0.0844816
0.0933271	 0.715431
0.0966602	 0.371667
0.0999933	 0.331697
0.103326	 0.594159
0.10666	 0.824757
0.109993	 0.686613
0.113326	 0.400085
0.116659	 0.158778
0.119992	 0.439492
0.123325	 0.274691
0.126658	 0.178019
0.129991	 0.448086
0.133324	 0.654384
0.136658	 0.596348
0.139991	 0.455543
0.143324	 0.496726
0.146657	 0.583796
0.14999	 1.28295
0.153323	 0.344138
0.156656	 0.721654
0.159989	 0.293537
0.163322	 0.741578
0.166656	 0.418093
0.169989	 0.321012
0.173322	 1.32769
0.176655	 0.557682
0.179988	 0.598912
0.183321	 0.300524
0.186654	 0.197376
0.189987	 0.454381
0.19332	 1.23036
0.196654	 0.358059
0.199987	 0.741715
0.20332	 0.587483
0.206653	 0.747846
0.209986	 0.111141
0.213319	 0.75457
0.216652	 1.1102
0.219985	 1.03457
0.223318	 0.77402
0.226652	 0.624945
0.229985	 0.61073
0.233318	 0.34025
0.236651	 0.656658
0.239984	 0.544238
0.243317	 0.724419
0.24665	 1.57625
0.249983	 0.585535
0.253316	 0.170912
0.25665	 0.253808
0.259983	 0.432212
0.263316	 0.563364
0.266649	 0.991094
0.269982	 0.763943
0.273315	 0.298228
0.276648	 0.363938
0.279981	 0.415122
0.283314	 0.0962148
0.286648	 0.456131
0.289981	 0.432308
0.293314	 0.569577
0.296647	 0.746912
0.29998	 0.52625
0.303313	 0.754624
0.306646	 1.02029
0.309979	 0.476319
0.313312	 0.294362
0.316646	 0.490805
0.319979	 0.516377
0.323312	 1.30431
0.326645	 0.899039
0.329978	 0.633363
0.333311	 0.862409
0.336644	 0.788021
0.339977	 0.398988
0.34331	 0.389185
0.346644	 0.0806487
0.349977	 0.980188
0.35331	 0.546686
0.356643	 0.494657
0.359976	 0.194812
0.363309	 0.593234
0.366642	 0.971757
0.369975	 0.255989
0.373308	 0.206582
0.376642	 0.89287
0.379975	 0.714854
0.383308	 0.971239
0.386641	 0.759224
0.389974	 0.282475
0.393307	 0.852504
0.39664	 0.636682
0.399973	 0.300487
0.403306	 0.736823
0.40664	 0.461432
0.409973	 0.378514
0.413306	 0.963846
0.416639	 0.735614
0.419972	 0.871056
0.423305	 0.5675
0.426638	 0.391326
0.429971	 0.564555
0.433304	 0.127794
0.436638	 0.679798
0.439971	 0.568852
0.443304	 0.702
0.446637	 0.333307
0.44997	 0.574202
0.453303	 0.430398
0.456636	 0.604553
0.459969	 0.168257
0.463302	 0.829685
0.466636	 0.191531
0.469969	 0.857927
0.473302	 0.527069
0.476635	 1.43153
0.479968	 0.357271
0.483301	 0.480804
0.486634	 0.653784
0.489967	 0.385403
0.4933	 0.791766
0.496634	 1.1186
0.499967	 0.261985
0.5033	 0.595498
0.506633	 0.865602
0.509966	 1.09509
0.513299	 0.627519
0.516632	 0.138398
0.519965	 1.02964
0.523298	 0.89412
0.526632	 0.788862
0.529965	 0.644818
0.533298	 1.04423
0.536631	 0.34828
0.539964	 0.279987
0.543297	 1.61134
0.54663	 0.591484
0.549963	 0.0818024
0.553296	 1.22928
0.55663	 0.419386
0.559963	 0.183202
0.563296	 0.695196
0.566629	 0.0391784
0.569962	 0.686947
0.573295	 0.80712
0.576628	 1.06958
0.579961	 0.624581
0.583294	 0.346237
0.586628	 0.703981
0.589961	 0.72991
0.593294	 0.947889
0.596627	 0.511351
0.59996	 1.16918
0.603293	 0.27557
0.606626	 0.404015
0.609959	 0.550991
0.613292	 0.63875
0.616626	 0.54684
0.619959	 1.04866
0.623292	 0.386342
0.626625	 0.29767
0.629958	 0.553717
0.633291	 1.02651
0.636624	 0.412781
0.639957	 0.486335
0.64329	 0.445237
0.646624	 0.116169
0.649957	 0.878327
0.65329	 0.19547
0.656623	 1.11522
0.659956	 0.457967
0.663289	 0.85347
0.666622	 0.749543
0.669955	 0.0991145
0.673288	 0.617529
0.676622	 0.481461
0.679955	 0.39619
0.683288	 1.21758
0.686621	 0.996044
0.689954	 0.459392
0.693287	 0.778207
0.69662	 0.809301
0.699953	 0.40175
0.703286	 1.29961
0.70662	 0.22482
0.709953	 0.525381
0.713286	 0.733631
0.716619	 0.62457
0.719952	 0.635834
0.723285	 0.519786
0.726618	 0.576716
0.729951	 0.17639
0.733284	 0.709576
0.736618	 0.367228
0.739951	 0.758333
0.743284	 0.947852
0.746617	 1.38106
0.74995	 0.224222
0.753283	 0.898936
0.756616	 0.681475
0.759949	 0.194074
0.763282	 0.121008
0.766616	 0.41882
0.769949	 0.733802
0.773282	 0.822935
0.776615	 0.421865
0.779948	 0.207723
0.783281	 0.499263
0.786614	 0.254749
0.789947	 0.533357
0.79328	 0.260171
0.796614	 0.695534
0.799947	 0.488524
0.80328	 0.561166
0.806613	 0.398523
0.809946	 0.300318
0.813279	 0.616582
0.816612	 0.417038
0.819945	 0.950207
0.823278	 1.12484
0.826612	 0.52396
0.829945	 1.03714
0.833278	 0.244919
0.836611	 0.421721
0.839944	 0.694205
0.843277	 0.429553
0.84661	 0.606903
0.849943	 0.760536
0.853276	 0.486786
0.85661	 0.146312
0.859943	 0.658385
0.863276	 0.327755
0.866609	 0.127587
0.869942	 0.725744
0.873275	 0.736323
0.876608	 0.442268
0.879941	 0.77377
0.883274	 0.603122
0.886608	 0.71471
0.889941	 0.531064
0.893274	 0.0827883
0.896607	 1.31608
0.89994	 0.813335
0.903273	 0.569892
0.906606	 0.243291
0.909939	 0.486448
0.913272	 0.56055
0.916606	 0.232276
0.919939	 0.834653
0.923272	 0.199556
0.926605	 1.58393
0.929938	 0.211954
0.933271	 0.625506
0.936604	 0.982897
0.939937	 0.659315
0.94327	 0.330381
0.946604	 0.0438875
0.949937	 0.916263
0.95327	 0.161554
0.956603	 0.307607
0.959936	 0.104299
0.963269	 0.990551
0.966602	 0.422162
0.969935	 0.459914
0.973268	 0.622973
0.976602	 0.810513
0.979935	 0.251862
0.983268	 1.15965
0.986601	 0.774846
0.989934	 0.363778
0.993267	 0.326548
0.9966	 0.30821
0.999933	 1.28677
1.00327	 1.24442
1.0066	 1.09056
1.00993	 0.149402
1.01327	 1.03178
1.0166	 0.254872
1.01993	 1.12819
1.02327	 0.884807
1.0266	 0.898469
1.02993	 0.0761122
1.03326	 0.663983
1.0366	 0.55275
1.03993	 0.647466
1.04326	 0.669284
1.0466	 0.445052
1.04993	 1.06913
1.05326	 0.337783
1.0566	 0.115838
1.05993	 1.10879
1.06326	 0.116136
1.0666	 1.39369
1.06993	 0.0957042
1.07326	 0.503192
1.07659	 0.532461
1.07993	 0.849721
1.08326	 1.41043
1.08659	 0.127209
1.08993	 0.621658
1.09326	 0.53569
1.09659	 0.139004
1.09993	 0.905079
1.10326	 0.563129
1.10659	 0.205084
1.10993	 0.819332
1.11326	 0.443828
1.11659	 1.01442
1.11993	 0.343396
1.12326	 1.36592
1.12659	 0.851286
1.12992	 1.39147
1.13326	 0.459609
1.13659	 1.06138
1.13992	 0.426903
1.14326	 0.304237
1.14659	 1.39466
1.14992	 0.603682
1.15326	 0.451747
1.15659	 0.132988
1.15992	 1.05122
1.16326	 1.40312
1.16659	 0.747022
1.16992	 0.439447
1.17326	 0.050761
1.17659	 0.69489
1.17992	 0.630313
1.18325	 0.244804
1.18659	 0.816551
1.18992	 0.889525
1.19325	 0.719057
1.19659	 0.574536
1.19992	 0.702073
1.20325	 0.115903
1.20659	 0.434506
1.20992	 0.390804
1.21325	 0.372974
1.21659	 0.562284
1.21992	 0.522085
1.22325	 0.203185
1.22658	 0.530055
1.22992	 0.329185
1.23325	 1.24624
1.23658	 0.949295
1.23992	 0.982923
1.24325	 0.558984
1.24658	 0.778548
1.24992	 0.561828
1.25325	 0.204028
1.25658	 0.425056
1.25992	 1.09725
1.26325	 0.359491
1.26658	 0.448089
1.26992	 0.708049
1.27325	 0.838003
1.27658	 0.295761
1.27991	 1.32373
1.28325	 0.241139
1.28658	 0.869712
1.28991	 0.696425
1.29325	 0.317562
1.29658	 1.19957
1.29991	 0.775079
1.30325	 0.911481
1.30658	 0.277246
1.30991	 1.0747
1.31325	 1.22312
1.31658	 0.235893
1.31991	 0.518496
1.32325	 0.406997
1.32658	 1.16256
1.32991	 0.692944
1.33324	 1.12835
1.33658	 0.421421
1.33991	 0.622148
1.34324	 0.406304
1.34658	 0.602936
1.34991	 0.55526
1.35324	 0.726723
1.35658	 0.403223
1.35991	 0.500721
1.36324	 0.810449
1.36658	 0.558126
1.36991	 0.952733
1.37324	 0.618229
1.37657	 0.366554
1.37991	 0.787287
1.38324	 0.383888
1.38657	 0.421916
1.38991	 0.746242
1.39324	 0.13986
1.39657	 0.928136
1.39991	 0.370223
1.40324	 0.397526
1.40657	 0.315727
1.40991	 0.795961
1.41324	 0.410653
1.41657	 0.99865
1.41991	 0.107552
1.42324	 0.334317
1.42657	 0.742231
1.4299	 0.731145
1.43324	 0.617533
1.43657	 0.841051
1.4399	 0.655369
1.44324	 0.273253
1.44657	 0.492161
1.4499	 0.841788
1.45324	 0.395164
1.45657	 1.04759
1.4599	 0.787683
1.46324	 0.726351
1.46657	 0.432187
1.4699	 0.841008
1.47324	 0.578541
1.47657	 0.646909
1.4799	 0.412421
1.48323	 0.667223
1.48657	 0.927406
1.4899	 0.478756
1.49323	 0.570271
1.49657	 0.941295
1.4999	 0.57247
1.50323	 0.559926
1.50657	 1.30353
1.5099	 0.771571
1.51323	 0.879111
1.51657	 0.557489
1.5199	 0.226652
1.52323	 0.173277
1.52656	 0.635537
1.5299	 0.769249
1.53323	 0.631051
1.53656	 0.509444
1.5399	 0.0921164
1.54323	 0.596225
1.54656	 0.579566
1.5499	 0.792431
1.55323	 0.575675
1.55656	 0.607107
1.5599	 1.20488
1.56323	 0.804387
1.56656	 0.394052
1.5699	 0.256094
1.57323	 0.613794
1.57656	 0.810538
1.57989	 0.312965
1.58323	 0.528797
1.58656	 1.1131
1.58989	 0.456433
1.59323	 0.722764
1.59656	 0.686397
1.59989	 1.26052
1.60323	 0.591804
1.60656	 0.279067
1.60989	 0.491474
1.61323	 0.550941
1.61656	 0.473354
1.61989	 0.605278
1.62323	 0.536726
1.62656	 1.04987
1.62989	 0.403998
1.63322	 0.393412
1.63656	 1.13202
1.63989	 0.0348238
1.64322	 0.460238
1.64656	 0.32883
1.64989	 0.824176
1.65322	 0.210874
1.65656	 0.569338
1.65989	 0.37055
1.66322	 0.676939
1.66656	 0.455899
1.66989	 1.2774
1.67322	 1.09762
1.67655	 0.122313
1.67989	 0.606507
1.68322	 0.857097
1.68655	 0.602595
1.68989	 0.522734
1.69322	 0.420242
1.69655	 0.201333
1.69989	 0.361793
1.70322	 0.525291
1.70655	 0.506724
1.70989	 0.108606
1.71322	 0.792384
1.71655	 1.08043
1.71989	 0.611353
1.72322	 0.435647
1.72655	 0.765043
1.72988	 0.446486
1.73322	 0.489903
1.73655	 0.746378
1.73988	 0.5418
1.74322	 0.773111
1.74655	 0.359387
1.74988	 0.781557
1.75322	 0.710445
1.75655	 0.854805
1.75988	 0.287626
1.76322	 0.436907
1.76655	 0.366925
1.76988	 0.319496
1.77322	 0.352369
1.77655	 0.556748
1.77988	 0.246598
1.78321	 0.230192
1.78655	 0.572313
1.78988	 1.30343
1.79321	 0.206538
1.79655	 0.33517
1.79988	 0.418809
1.80321	 1.22052
1.80655	 0.0829298
1.80988	 0.615909
1.81321	 0.286132
1.81655	 0.437375
1.81988	 0.534194
1.82321	 0.606789
1.82654	 1.11162
1.82988	 0.435245
1.83321	 1.03899
1.83654	 1.05895
1.83988	 0.750039
1.84321	 0.837804
1.84654	 0.405691
1.84988	 0.433004
1.85321	 0.565179
1.85654	 0.197937
1.85988	 0.790298
1.86321	 0.533066
1.86654	 0.622881
1.86988	 0.743464
1.87321	 0.336388
1.87654	 0.732365
1.87987	 0.253533
1.88321	 0.341333
1.88654	 0.17982
1.88987	 0.915796
1.89321	 0.0571967
1.89654	 0.327116
1.89987	 1.35428
1.90321	 0.860069
1.90654	 1.02536
1.90987	 1.18253
1.91321	 0.383367
1.91654	 0.991175
1.91987	 0.351571
1.92321	 0.35815
1.92654	 0.31565
1.92987	 0.468108
1.9332	 0.654319
1.93654	 0.804397
1.93987	 0.639362
1.9432	 1.27741
1.94654	 1.03659
1.94987	 0.158987
1.9532	 0.218237
1.95654	 0.617982
1.95987	 0.272991
1.9632	 0.741401
1.96654	 1.10997
1.96987	 0.161575
1.9732	 1.00645
1.97653	 0.276975
1.97987	 0.440197
1.9832	 1.05417
1.98653	 0.427913
1.98987	 1.40157
1.9932	 1.27697
1.99653	 0.331376
1.99987	 0.729064
2.0032	 0.357476
2.00653	 0.303629
2.00987	 0.64037
2.0132	 0.251695
2.01653	 0.611782
2.01987	 1.01088
2.0232	 0.840359
2.02653	 0.482605
2.02986	 0.538812
2.0332	 0.504326
2.03653	 0.544115
2.03986	 0.736364
2.0432	 0.457734
2.04653	 0.742797
2.04986	 0.685845
2.0532	 0.916196
2.05653	 0.896899
2.05986	 0.666909
2.0632	 0.788209
2.06653	 1.20552
2.06986	 0.479664
2.0732	 0.35566
2.07653	 0.400976
2.07986	 0.613254
2.08319	 0.740865
2.08653	 1.05492
2.08986	 0.866288
2.09319	 0.214131
2.09653	 0.718621
2.09986	 0.193726
2.10319	 0.371037
2.10653	 0.676119
2.10986	 0.522239
2.11319	 0.170895
2.11653	 0.136937
2.11986	 0.39662
2.12319	 0.406196
2.12652	 0.212079
2.12986	 0.630955
2.13319	 1.38142
2.13652	 0.548183
2.13986	 0.49692
2.14319	 0.705191
2.14652	 0.573721
2.14986	 0.790908
2.15319	 1.26228
2.15652	 0.538945
2.15986	 1.01384
2.16319	 0.783797
2.16652	 0.678388
2.16986	 0.314796
2.17319	 0.603771
2.17652	 0.939077
2.17985	 0.517969
2.18319	 0.339657
2.18652	 1.15167
2.18985	 0.533443
2.19319	 0.264806
2.19652	 0.442936
2.19985	 0.735873
2.20319	 0.648899
2.20652	 0.865125
2.20985	 0.140033
2.21319	 0.389929
2.21652	 0.807911
2.21985	 1.16444
2.22319	 0.75358
2.22652	 0.643051
2.22985	 0.706491
2.23318	 0.608674
2.23652	 0.645344
2.23985	 1.14861
2.24318	 0.582603
2.24652	 0.433688
2.24985	 0.398145
2.25318	 1.15382
2.25652	 0.863186
2.25985	 0.695129
2.26318	 0.426006
2.26652	 1.02486
2.26985	 0.826076
2.27318	 0.835635
2.27651	 0.838342
2.27985	 0.767661
2.28318	 1.02546
2.28651	 0.393159
2.28985	 0.911384
2.29318	 0.537058
2.29651	 0.763682
2.29985	 1.05665
2.30318	 0.618471
2.30651	 0.636865
2.30985	 0.15082
2.31318	 0.822761
2.31651	 0.49441
2.31985	 0.268807
2.32318	 0.641815
2.32651	 0.504954
2.32984	 0.688621
2.33318	 0.539297
2.33651	 0.531781
2.33984	 0.963262
2.34318	 0.958872
2.34651	 0.390722
2.34984	 0.940965
2.35318	 0.796711
2.35651	 1.0728
2.35984	 1.12114
2.36318	 0.798243
2.36651	 0.775852
2.36984	 0.044143
2.37318	 1.48522
2.37651	 1.41342
2.37984	 0.45816
2.38317	 0.384153
2.38651	 0.775422
2.38984	 1.14064
2.39317	 0.35112
2.39651	 0.614736
2.39984	 1.10599
2.40317	 0.73467
2.40651	 0.237384
2.40984	 0.636483
2.41317	 0.303115
2.41651	 0.620222
2.41984	 0.566563
2.42317	 0.303408
2.4265	 0.8002
2.42984	 1.20089
2.43317	 1.19861
2.4365	 1.0002
2.43984	 0.876989
2.44317	 0.233525
2.4465	 0.840725
2.44984	 0.665442
2.45317	 0.641896
2.4565	 0.845744
2.45984	 0.366793
2.46317	 0.502738
2.4665	 0.216283
2.46984	 0.555224
2.47317	 0.890355
2.4765	 0.0771118
2.47983	 0.692874
2.48317	 0.21683
2.4865	 1.32951
2.48983	 0.556425
2.49317	 0.574267
2.4965	 1.26746
2.49983	 0.586727
2.50317	 0.317121
2.5065	 0.686416
2.50983	 0.81185
2.51317	 0.835566
2.5165	 0.54053
2.51983	 0.922329
2.52317	 0.399889
2.5265	 0.421861
2.52983	 1.14284
2.53316	 0.680937
2.5365	 0.791387
2.53983	 0.578113
2.54316	 0.842186
2.5465	 0.837634
2.54983	 1.37469
2.55316	 0.514746
2.5565	 0.180605
2.55983	 0.309865
2.56316	 0.0726194
2.5665	 0.713486
2.56983	 1.01964
2.57316	 0.503018
2.57649	 0.570234
2.57983	 0.669584
2.58316	 0.707192
2.58649	 0.292942
2.58983	 1.12734
2.59316	 0.463238
2.59649	 0.938738
2.59983	 0.40861
2.60316	 0.298126
2.60649	 0.742793
2.60983	 0.682398
2.61316	 0.43131
2.61649	 0.698506
2.61983	 0.641528
2.62316	 0.484352
2.62649	 0.329845
2.62982	 0.294562
2.63316	 0.569198
2.63649	 0.196789
2.63982	 0.416072
2.64316	 0.5267
2.64649	 0.680093
2.64982	 0.310679
2.65316	 0.382489
2.65649	 1.42478
2.65982	 0.861077
2.66316	 0.575226
2.66649	 1.06035
2.66982	 0.650246
2.67316	 0.377767
2.67649	 0.747881
2.67982	 0.121574
2.68315	 0.954336
2.68649	 0.603672
2.68982	 0.458202
2.69315	 0.914448
2.69649	 0.100636
2.69982	 1.23782
2.70315	 0.548636
2.70649	 0.789376
2.70982	 0.207824
2.71315	 0.656217
2.71649	 0.331543
2.71982	 0.995676
2.72315	 0.143283
2.72648	 0.916695
2.72982	 0.462858
2.73315	 1.13129
2.73648	 0.325914
2.73982	 0.604904
2.74315	 0.736566
2.74648	 0.816731
2.74982	 0.588219
2.75315	 1.1283
2.75648	 0.584483
2.75982	 0.204182
2.76315	 0.0659936
2.76648	 0.590177
2.76982	 0.200197
2.77315	 0.252687
2.77648	 0.246881
2.77981	 0.634961
2.78315	 0.578416
2.78648	 0.357904
2.78981	 0.683049
2.79315	 0.579866
2.79648	 0.897991
2.79981	 0.392685
2.80315	 0.244505
2.80648	 0.393757
2.80981	 0.857242
2.81315	 0.395111
2.81648	 0.246085
2.81981	 1.18714
2.82315	 0.539239
2.82648	 0.691613
2.82981	 0.592608
2.83314	 0.583227
2.83648	 0.23006
2.83981	 0.601416
2.84314	 0.757413
2.84648	 0.994359
2.84981	 0.79969
2.85314	 0.760658
2.85648	 1.36276
2.85981	 0.827561
2.86314	 0.510789
2.86648	 0.559707
2.86981	 1.33106
2.87314	 0.696928
2.87647	 0.831889
2.87981	 1.02535
2.88314	 0.572982
2.88647	 0.174383
2.88981	 1.06481
2.89314	 1.09772
2.89647	 1.02756
2.89981	 0.522978
2.90314	 0.242413
2.90647	 0.722402
2.90981	 0.713161
2.91314	 0.556061
2.91647	 0.164466
2.91981	 0.290624
2.92314	 0.582429
2.92647	 0.701902
2.9298	 0.530099
2.93314	 1.05701
2.93647	 0.444194
2.9398	 0.61299
2.94314	 0.433724
2.94647	 0.29095
2.9498	 0.769699
2.95314	 0.833333
2.95647	 0.698691
2.9598	 0.736277
2.96314	 0.230713
2.96647	 0.717788
2.9698	 1.04701
2.97314	 1.0595
2.97647	 0.242426
2.9798	 0.771383
2.98313	 0.696901
2.98647	 0.991177
2.9898	 0.551891
2.99313	 0.517276
2.99647	 0.478879
2.9998	 1.20962
3.00313	 0.56271
3.00647	 0.510912
3.0098	 0.655332
3.01313	 0.273498
3.01647	 0.60661
3.0198	 0.19542
3.02313	 0.699671
3.02646	 1.01886
3.0298	 0.337351
3.03313	 0.615297
3.03646	 0.516768
3.0398	 0.253181
3.04313	 0.529368
3.04646	 0.599493
3.0498	 0.872589
3.05313	 0.849052
3.05646	 0.90702
3.0598	 0.462739
3.06313	 0.431012
3.06646	 1.01073
3.0698	 0.564911
3.07313	 0.247982
3.07646	 0.952848
3.07979	 0.995972
3.08313	 0.305633
3.08646	 0.0693251
3.08979	 0.61745
3.09313	 0.469045
3.09646	 0.805636
3.09979	 0.230624
3.10313	 0.455946
3.10646	 0.763597
3.10979	 0.827393
3.11313	 0.879694
3.11646	 0.606745
3.11979	 0.489492
3.12313	 0.878804
3.12646	 0.677889
3.12979	 0.511871
3.13312	 0.503949
3.13646	 0.795218
3.13979	 0.451691
3.14312	 0.219564
3.14646	 1.13833
3.14979	 0.508146
3.15312	 0.371253
3.15646	 1.01401
3.15979	 1.26552
3.16312	 0.953756
3.16646	 0.654803
3.16979	 0.535114
3.17312	 0.679902
3.17645	 0.736751
3.17979	 1.62748
3.18312	 0.279104
3.18645	 0.216087
3.18979	 0.402613
3.19312	 0.972649
3.19645	 1.37817
3.19979	 0.29036
3.20312	 0.381091
3.20645	 0.792241
3.20979	 0.426567
3.21312	 0.0906569
3.21645	 0.500175
3.21979	 0.54406
3.22312	 0.705737
3.22645	 0.434008
3.22978	 0.449175
3.23312	 0.704287
3.23645	 0.348444
3.23978	 0.572773
3.24312	 0.606779
3.24645	 0.737274
3.24978	 0.525812
3.25312	 0.185226
3.25645	 0.497551
3.25978	 0.396617
3.26312	 0.590531
3.26645	 0.621971
3.26978	 0.59295
3.27312	 0.800835
3.27645	 0.323659
3.27978	 0.583536
3.28311	 0.526211
3.28645	 0.198605
3.28978	 0.223533
3.29311	 0.922523
3.29645	 0.254931
3.29978	 0.653664
3.30311	 0.347292
3.30645	 0.391158
3.30978	 0.439086
3.31311	 1.05621
3.31645	 0.152218
3.31978	 1.18765
3.32311	 1.3373
3.32644	 0.252509
3.32978	 0.102394
3.33311	 0.0508137
3.33644	 0.139872
3.33978	 1.29063
3.34311	 0.272144
3.34644	 0.808395
3.34978	 0.491225
3.35311	 0.960089
3.35644	 0.740902
3.35978	 1.1795
3.36311	 0.286969
3.36644	 0.708766
3.36978	 0.812782
3.37311	 2.08388
3.37644	 0.255858
3.37977	 0.386184
3.38311	 0.284441
3.38644	 0.80607
3.38977	 0.765887
3.39311	 0.461167
3.39644	 1.22775
3.39977	 1.00554
3.40311	 0.340058
3.40644	 1.08456
3.40977	 0.40533
3.41311	 0.377632
3.41644	 0.990636
3.41977	 1.05084
3.42311	 0.0455514
3.42644	 0.697622
3.42977	 1.16504
3.4331	 1.30098
3.43644	 0.739326
3.43977	 0.414168
3.4431	 0.589271
3.44644	 0.459904
3.44977	 0.186548
3.4531	 0.74748
3.45644	 0.237748
3.45977	 0.340279
3.4631	 0.17943
3.46644	 0.434714
3.46977	 0.981335
3.4731	 0.625508
3.47643	 0.367352
3.47977	 0.879009
3.4831	 0.503081
3.48643	 1.20251
3.48977	 0.94125
3.4931	 0.0401177
3.49643	 0.324991
3.49977	 0.396987
3.5031	 0.682514
3.50643	 0.845651
3.50977	 0.185407
3.5131	 0.281731
3.51643	 0.678172
3.51977	 0.239365
3.5231	 0.546485
3.52643	 0.528733
3.52976	 0.964072
3.5331	 1.03059
3.53643	 0.525711
3.53976	 1.30097
3.5431	 1.11769
3.54643	 0.365582
3.54976	 1.01088
3.5531	 0.842842
3.55643	 0.318527
3.55976	 0.31752
3.5631	 0.684955
3.56643	 0.582596
3.56976	 0.261633
3.5731	 0.422442
3.57643	 0.398568
3.57976	 0.941602
3.58309	 0.629243
3.58643	 0.895692
3.58976	 1.1803
3.59309	 0.8585
3.59643	 0.136058
3.59976	 0.805718
3.60309	 0.576414
3.60643	 0.580309
3.60976	 0.222057
3.61309	 1.37944
3.61643	 0.750029
3.61976	 0.468402
3.62309	 0.880159
3.62642	 0.894549
3.62976	 0.222024
3.63309	 0.622203
3.63642	 0.660894
3.63976	 0.492151
3.64309	 0.491414
3.64642	 0.560486
3.64976	 0.731695
3.65309	 0.42354
3.65642	 0.907743
3.65976	 0.460415
3.66309	 0.477924
3.66642	 0.7841
3.66976	 1.34006
3.67309	 1.03233
3.67642	 0.212891
3.67975	 0.854192
3.68309	 0.37759
3.68642	 1.12029
3.68975	 0.587665
3.69309	 1.08877
3.69642	 0.690279
3.69975	 0.409993
3.70309	 0.844208
3.70642	 0.266699
3.70975	 0.717231
3.71309	 0.200623
3.71642	 0.949762
3.71975	 0.156314
3.72309	 0.734867
3.72642	 0.810664
3.72975	 1.06196
3.73308	 0.806723
3.73642	 1.30779
3.73975	 0.649445
3.74308	 0.722181
3.74642	 1.16219
3.74975	 0.239418
3.75308	 0.750219
3.75642	 0.896679
3.75975	 0.394068
3.76308	 0.367842
3.76642	 0.46299
3.76975	 0.664172
3.77308	 0.679853
3.77641	 0.889278
3.77975	 0.418153
3.78308	 0.321512
3.78641	 0.741546
3.78975	 0.558312
3.79308	 0.42372
3.79641	 0.535188
3.79975	 1.11861
3.80308	 1.26302
3.80641	 0.590754
3.80975	 0.575941
3.81308	 0.354565
3.81641	 0.798432
3.81975	 0.515568
3.82308	 0.835303
3.82641	 0.791071
3.82974	 0.688759
3.83308	 0.656355
3.83641	 0.948344
3.83974	 0.749553
3.84308	 0.295785
3.84641	 0.152171
3.84974	 0.461794
3.85308	 1.0682
3.85641	 0.72947
3.85974	 1.25377
3.86308	 1.31627
3.86641	 0.325762
3.86974	 0.492839
3.87308	 1.50101
3.87641	 0.125947
3.87974	 0.879832
3.88307	 0.994806
3.88641	 0.898761
3.88974	 0.420208
3.89307	 0.513028
3.89641	 1.23282
3.89974	 0.878039
3.90307	 0.670731
3.90641	 0.846456
3.90974	 0.527307
3.91307	 0.326929
3.91641	 0.155942
3.91974	 0.463597
3.92307	 0.865897
3.9264	 0.534609
3.92974	 0.534813
3.93307	 0.255241
3.9364	 0.320527
3.93974	 0.515438
3.94307	 0.53442
3.9464	 0.210466
3.94974	 0.169102
3.95307	 0.510361
3.9564	 0.495127
3.95974	 0.167882
3.96307	 0.927138
3.9664	 0.593253
3.96974	 0.684059
3.97307	 1.17186
3.9764	 1.03682
3.97973	 1.17532
3.98307	 0.581526
3.9864	 0.856003
3.98973	 0.0991922
3.99307	 0.363354
3.9964	 0.417459
3.99973	 1.15893
4.00307	 1.54644
4.0064	 0.312101
4.00973	 0.474694
4.01307	 0.0447884
4.0164	 1.06425
4.01973	 0.45402
4.02307	 0.431313
4.0264	 0.239457
4.02973	 1.10547
4.03306	 0.469819
4.0364	 0.515019
4.03973	 0.851253
4.04306	 0.685662
4.0464	 1.00279
4.04973	 0.916134
4.05306	 0.487661
4.0564	 1.03591
4.05973	 1.05766
4.06306	 0.391409
4.0664	 0.340827
4.06973	 0.739917
4.07306	 0.872105
4.07639	 0.592059
4.07973	 1.2059
4.08306	 0.714637
4.08639	 0.580473
4.08973	 0.685203
4.09306	 0.476912
4.09639	 0.799092
4.09973	 1.02446
4.10306	 0.577801
4.10639	 1.11905
4.10973	 1.2287
4.11306	 0.796781
4.11639	 0.529947
4.11973	 0.523942
4.12306	 0.395842
4.12639	 0.425137
4.12972	 0.917211
4.13306	 0.687389
4.13639	 0.193644
4.13972	 0.280086
4.14306	 0.593109
4.14639	 0.480187
4.14972	 0.470062
4.15306	 0.454546
4.15639	 0.499294
4.15972	 0.663371
4.16306	 0.522635
4.16639	 0.6157
4.16972	 0.623502
4.17306	 0.300023
4.17639	 0.517724
4.17972	 0.581237
4.18305	 0.435404
4.18639	 0.468351
4.18972	 0.719597
4.19305	 0.354108
4.19639	 1.05824
4.19972	 0.985923
4.20305	 0.383747
4.20639	 0.734495
4.20972	 0.711295
4.21305	 0.839188
4.21639	 0.894239
4.21972	 0.719529
4.22305	 0.581809
4.22638	 0.458124
4.22972	 0.7112
4.23305	 0.210104
4.23638	 0.268862
4.23972	 1.0445
4.24305	 0.465561
4.24638	 1.20329
4.24972	 0.828851
4.25305	 0.922425
4.25638	 0.331218
4.25972	 0.957201
4.26305	 0.877386
4.26638	 0.701489
4.26972	 1.25972
4.27305	 1.13042
4.27638	 0.349978
4.27971	 0.483194
4.28305	 0.108118
4.28638	 0.288536
4.28971	 0.593101
4.29305	 0.170198
4.29638	 0.667451
4.29971	 0.746897
4.30305	 0.790725
4.30638	 0.213316
4.30971	 1.00062
4.31305	 0.410734
4.31638	 0.228418
4.31971	 0.275161
4.32305	 0.625558
4.32638	 0.534714
4.32971	 0.489035
4.33304	 0.273326
4.33638	 1.03713
4.33971	 0.359918
4.34304	 0.358328
4.34638	 0.424675
4.34971	 0.784529
4.35304	 0.684449
4.35638	 0.295694
4.35971	 0.745619
4.36304	 0.889683
4.36638	 1.40047
4.36971	 0.90488
4.37304	 0.519064
4.37637	 0.327344
4.37971	 0.222039
4.38304	 1.34091
4.38637	 0.725027
4.38971	 0.587313
4.39304	 0.234606
4.39637	 1.01247
4.39971	 0.605069
4.40304	 0.434062
4.40637	 0.538786
4.40971	 0.656375
4.41304	 0.293477
4.41637	 0.647489
4.41971	 0.366267
4.42304	 0.451873
4.42637	 0.690421
4.4297	 0.440048
4.43304	 0.453299
4.43637	 0.931082
4.4397	 1.27216
4.44304	 1.04902
4.44637	 0.496883
4.4497	 0.635836
4.45304	 1.06257
4.45637	 0.481546
4.4597	 0.175207
4.46304	 0.767737
4.46637	 0.744089
4.4697	 0.437052
4.47304	 0.380198
4.47637	 0.698763
4.4797	 0.652448
4.48303	 0.397777
4.48637	 0.605425
4.4897	 0.421897
4.49303	 0.171414
4.49637	 0.806993
4.4997	 0.732753
4.50303	 0.742049
4.50637	 0.717472
4.5097	 0.347365
4.51303	 1.36279
4.51637	 0.447636
4.5197	 0.39206
4.52303	 0.676798
4.52636	 0.855174
4.5297	 0.426217
4.53303	 0.213414
4.53636	 0.219311
4.5397	 0.285531
4.54303	 0.189137
4.54636	 0.83623
4.5497	 0.905736
4.55303	 0.825659
4.55636	 0.302444
4.5597	 0.38707
4.56303	 0.178597
4.56636	 1.19007
4.5697	 0.651367
4.57303	 0.405562
4.57636	 0.729735
4.57969	 0.731461
4.58303	 0.706745
4.58636	 0.804308
4.58969	 0.914403
4.59303	 0.803817
4.59636	 0.389306
4.59969	 0.147348
4.60303	 1.12989
4.60636	 0.530456
4.60969	 0.512651
4.61303	 0.45218
4.61636	 0.372073
4.61969	 0.689003
4.62303	 0.505147
4.62636	 0.197409
4.62969	 0.419685
4.63302	 0.904367
4.63636	 1.00314
4.63969	 0.21225
4.64302	 0.305456
4.64636	 1.06161
4.64969	 1.2426
4.65302	 0.874527
4.65636	 0.930128
4.65969	 0.408622
4.66302	 0.56761
4.66636	 0.572345
4.66969	 0.157474
4.67302	 0.771027
4.67635	 0.283675
4.67969	 0.834987
4.68302	 0.316055
4.68635	 1.05658
4.68969	 0.39704
4.69302	 0.662303
4.69635	 1.07145
4.69969	 0.238076
4.70302	 0.583231
4.70635	 0.454331
4.70969	 0.541484
4.71302	 0.3103
4.71635	 0.11449
4.71969	 1.02427
4.72302	 0.817713
4.72635	 0.834478
4.72968	 0.477344
4.73302	 1.32308
4.73635	 1.27137
4.73968	 1.08927
4.74302	 0.746188
4.74635	 0.616897
4.74968	 0.640653
4.75302	 0.115951
4.75635	 0.403086
4.75968	 0.756879
4.76302	 0.479949
4.76635	 0.326943
4.76968	 0.832715
4.77302	 0.990834
4.77635	 0.6205
4.77968	 0.237214
4.78301	 0.117517
4.78635	 0.092402
4.78968	 0.817984
4.79301	 0.364094
4.79635	 0.674993
4.79968	 0.670004
4.80301	 0.686253
4.80635	 0.345375
4.80968	 0.568291
4.81301	 1.29228
4.81635	 0.730963
4.81968	 0.642387
4.82301	 0.330827
4.82634	 0.661947
4.82968	 0.532831
4.83301	 0.164992
4.83634	 0.181545
4.83968	 0.139605
4.84301	 0.270786
4.84634	 0.912902
4.84968	 0.820001
4.85301	 0.830859
4.85634	 0.392991
4.85968	 0.75347
4.86301	 0.45187
4.86634	 0.441399
4.86968	 0.679802
4.87301	 0.776096
4.87634	 0.484354
4.87967	 1.17886
4.88301	 0.831916
4.88634	 0.666424
4.88967	 1.10577
4.89301	 0.149769
4.89634	 0.823191
4.89967	 0.663682
4.90301	 0.587799
4.90634	 0.505344
4.90967	 0.148618
4.91301	 1.26307
4.91634	 0.496297
4.91967	 0.905027
4.92301	 0.265206
4.92634	 0.647818
4.92967	 1.00961
4.933	 1.17268
4.93634	 0.251076
4.93967	 0.555202
4.943	 0.68456
4.94634	 0.291102
4.94967	 0.192976
4.953	 1.18346
4.95634	 0.611562
4.95967	 0.754842
4.963	 0.727231
4.96634	 0.452576
4.96967	 0.668526
4.973	 0.500544
4.97633	 1.12234
4.97967	 0.482644
4.983	 0.582364
4.98633	 0.796333
4.98967	 0.720889
4.993	 0.683413
4.99633	 0.373945
