#Time [1ns] 	 Re(Es) 	 Im(Es) 	 |Es|^2 	 rho 	 w
0	40.0950294	-333.288808	0.681310225	550.361933	0.277007174	3.82578279e+12
1e-11	-218.095706	-356.190169	-344.269985	-474.645487	0.277092096	4.06469133e+12
2e-11	227.37948	-65.9012593	-378.830618	49.5178494	0.277346018	4.27705149e+12
3e-11	-8.50402055	281.754623	-589.593654	905.268019	0.277757566	4.46586842e+12
4e-11	-774.637831	1202.66333	-373.677357	639.846707	0.278322391	4.63382024e+12
5e-11	-640.509802	112.255414	-115.977601	459.935437	0.27896629	4.78327638e+12
6e-11	-220.721342	-496.640352	-216.885328	-75.1030032	0.279689222	4.91632827e+12
7e-11	53.6151173	181.815896	453.059418	1.53793285	0.280473865	5.03483702e+12
8e-11	-271.460239	-189.332863	-394.253517	-1331.10868	0.281350344	5.14045472e+12
9e-11	-48.4602224	45.8287245	370.409858	-490.440978	0.282294686	5.23465647e+12
1e-10	28.9836168	24.1814808	332.06258	-94.8260608	0.283256716	5.31873338e+12
1.1e-10	204.274421	-531.606863	-77.7512377	-37.3503317	0.284260693	5.39383078e+12
1.2e-10	218.582915	59.9616258	-874.055838	114.166816	0.285306656	5.46096925e+12
1.3e-10	683.041345	396.548245	446.072896	-413.790571	0.286394852	5.52105634e+12
1.4e-10	479.038528	1436.91097	891.941547	682.149886	0.287523719	5.57489535e+12
1.5e-10	156.31747	263.717224	-446.977968	-689.264361	0.28866538	5.62320071e+12
1.6e-10	-140.156044	476.828383	-679.765104	-756.50785	0.28981107	5.66658787e+12
1.7e-10	-511.639138	-282.937412	376.988623	173.672179	0.290958796	5.70561338e+12
1.8e-10	-512.952894	272.183363	162.922749	-618.327679	0.292115423	5.74076498e+12
1.9e-10	-195.207785	23.1852308	107.407646	50.4723307	0.293268889	5.77247919e+12
2e-10	-38.2091092	499.826796	102.594175	-810.997699	0.294432718	5.80113852e+12
2.1e-10	-51.7535181	-227.230088	-44.2480949	25.5355337	0.295593725	5.82708877e+12
2.2e-10	-585.085109	-453.473285	-142.692231	-584.702328	0.296754408	5.85062949e+12
2.3e-10	-468.953628	299.162571	-335.134088	446.576098	0.297917167	5.87203198e+12
2.4e-10	645.132694	-379.518703	307.765379	-151.725484	0.299072843	5.89153236e+12
2.5e-10	159.643893	-487.000666	735.775466	537.179112	0.300225437	5.90934201e+12
2.6e-10	-37.8446569	-721.332065	-4.28749215	1046.09382	0.30137064	5.92564659e+12
2.7e-10	407.798926	-190.417008	-75.6616884	71.5382815	0.30252087	5.94061504e+12
2.8e-10	-59.2362683	-1338.13579	-66.6548617	-57.7321097	0.303666443	5.95439219e+12
2.9e-10	-299.222188	-186.554763	-243.049173	963.589397	0.304781099	5.96710846e+12
3e-10	-386.480349	-366.576472	-373.950979	1203.21168	0.305900269	5.97887369e+12
3.1e-10	-390.4628	-373.800298	-802.044289	1018.4689	0.307046899	5.98980123e+12
3.2e-10	1254.76609	-268.437314	-566.668115	-577.19317	0.30816021	5.99998385e+12
3.3e-10	1856.22944	402.233668	-278.549876	127.346154	0.309256945	6.00949507e+12
3.4e-10	853.034217	921.648226	-673.643397	473.46984	0.31037426	6.01840939e+12
3.5e-10	-400.167408	592.519783	-238.801959	108.553871	0.311445106	6.02678963e+12
3.6e-10	87.5145818	-379.294789	-471.039484	-284.869797	0.312490434	6.03467918e+12
3.7e-10	576.667478	474.694333	-319.274329	-221.076884	0.313517027	6.04212377e+12
3.8e-10	42.2388452	-800.515622	-198.752844	-557.265345	0.314544339	6.04917004e+12
3.9e-10	386.867931	-638.55539	-596.789542	-448.262102	0.315563039	6.05586043e+12
4e-10	-135.071736	-878.882009	-1025.80841	115.161621	0.316582259	6.06223263e+12
4.1e-10	745.338974	272.144526	116.70036	-1033.8122	0.317581958	6.06832019e+12
4.2e-10	351.536956	-103.963623	-945.521458	-488.416393	0.318583268	6.07415011e+12
4.3e-10	230.893152	265.052106	-221.987236	-136.311563	0.319562444	6.07974732e+12
4.4e-10	164.87993	58.1038537	254.224222	103.507806	0.320516032	6.08512607e+12
4.5e-10	-1287.00619	-198.825632	-836.354511	566.103038	0.32146452	6.09030525e+12
4.6e-10	-333.68399	246.771262	234.153964	237.801263	0.32240088	6.09530791e+12
4.7e-10	-459.221341	-936.240868	-368.30903	929.192642	0.32332177	6.10014168e+12
4.8e-10	-488.569964	-753.098644	615.672423	251.390966	0.324235816	6.10482526e+12
4.9e-10	-758.357685	-728.909435	320.653251	-127.645866	0.325140805	6.10937151e+12
5e-10	214.368145	-217.108352	1.03416762	128.132397	0.326043062	6.11379315e+12
5.1e-10	-681.991857	-855.00364	142.024753	199.267642	0.326929325	6.1180983e+12
5.2e-10	-214.509814	-804.890116	1212.85	-362.927771	0.327797434	6.12229661e+12
5.3e-10	7.58151976	-400.245897	-51.7746158	505.467597	0.328657291	6.12639636e+12
5.4e-10	306.965258	806.390679	-589.310279	673.09886	0.329489278	6.13039667e+12
5.5e-10	123.910007	273.894055	-247.437986	304.002192	0.330354286	6.13431102e+12
5.6e-10	-40.7286364	-1295.74375	-567.172239	-4.58807058	0.331163776	6.1381453e+12
5.7e-10	720.60485	-418.622318	-5.04155788	-814.356146	0.33199199	6.14190217e+12
5.8e-10	67.4798675	1079.27209	-1126.9561	-601.57005	0.332800811	6.14558666e+12
5.9e-10	644.771832	-47.5778313	-1462.81794	-699.129996	0.333613354	6.14920662e+12
6e-10	-648.559498	-695.197106	-574.194944	636.635515	0.334397951	6.15276528e+12
6.1e-10	-1054.66638	-431.394146	257.855454	826.696126	0.33519779	6.1562633e+12
6.2e-10	99.9312249	114.04725	203.398424	-574.145803	0.335947542	6.15970401e+12
6.3e-10	956.222115	62.5487969	1162.1766	-788.877676	0.336709443	6.1630824e+12
6.4e-10	1107.49772	-630.590888	625.333256	-16.652622	0.337479272	6.16641297e+12
6.5e-10	596.691495	417.278888	165.153839	-103.957355	0.338214826	6.16969565e+12
6.6e-10	-394.202862	807.234764	686.594435	319.699281	0.338934403	6.17292431e+12
6.7e-10	992.956511	872.22613	80.7396366	504.951421	0.339653952	6.17610147e+12
6.8e-10	488.812007	33.0767492	26.9639238	218.202402	0.3403497	6.17923068e+12
6.9e-10	198.982624	175.351814	505.257009	-330.748661	0.341036872	6.1823078e+12
7e-10	-357.839136	-1002.50322	153.727978	1079.35405	0.341714068	6.18533473e+12
7.1e-10	44.6717087	-340.305831	908.537093	296.391294	0.342388639	6.18831739e+12
7.2e-10	593.236179	-70.6657364	-146.846542	-503.421214	0.343046441	6.1912549e+12
7.3e-10	-418.380898	-188.980158	-762.000601	-298.419325	0.343700114	6.19414716e+12
7.4e-10	-745.402693	-335.379912	447.9845	-226.459665	0.344340176	6.19699808e+12
7.5e-10	0.462646505	-615.060403	-260.477651	845.509643	0.344973176	6.19980644e+12
7.6e-10	-31.7809181	135.401145	224.422164	624.531108	0.345609999	6.20257515e+12
7.7e-10	-1069.20246	389.578658	-566.909968	315.886193	0.346230255	6.2053073e+12
7.8e-10	195.378899	232.565148	-334.395285	-585.344487	0.346849474	6.20800547e+12
7.9e-10	-308.640873	612.510561	-196.548081	693.534027	0.347441918	6.21066481e+12
8e-10	-414.012232	240.613942	25.7088399	-480.359153	0.34802882	6.21328437e+12
8.1e-10	409.86386	139.589402	-214.499602	-14.6640351	0.348610387	6.2158657e+12
8.2e-10	-57.0081302	-256.602507	-771.14445	740.878555	0.349195468	6.21841129e+12
8.3e-10	199.474079	-135.285719	273.597279	-679.251276	0.349758094	6.22092567e+12
8.4e-10	-326.085035	278.23848	772.391342	-269.391357	0.350315246	6.22340303e+12
8.5e-10	726.754909	-43.6412433	-572.141361	-211.02501	0.350862298	6.22584562e+12
8.6e-10	748.079815	359.279905	-2.719958	346.348594	0.351419966	6.22825584e+12
8.7e-10	438.449761	74.8621499	120.587348	455.615433	0.351964665	6.2306393e+12
8.8e-10	-497.352959	-765.357475	-648.669457	360.587545	0.352499028	6.23299146e+12
8.9e-10	596.072282	-192.474111	220.888483	53.9310523	0.353022226	6.23531376e+12
9e-10	568.200997	539.929478	411.082389	-477.683122	0.353534209	6.2376036e+12
9.1e-10	-1338.36844	422.963452	563.202654	-21.452345	0.354058566	6.23986449e+12
9.2e-10	-1111.07712	635.708638	244.883006	378.161621	0.354581088	6.24210388e+12
9.3e-10	-247.201308	-326.408399	439.330834	262.140012	0.35508158	6.2443175e+12
9.4e-10	-630.000546	-167.395713	-85.320023	571.920714	0.35557195	6.24650113e+12
9.5e-10	-878.426523	-102.664769	331.712622	1886.64338	0.356075394	6.24865759e+12
9.6e-10	-907.371074	516.848116	923.88117	-278.135183	0.356586762	6.2508006e+12
9.7e-10	64.5419757	-145.962175	-396.506989	-256.249914	0.357050381	6.25291773e+12
9.8e-10	462.665119	692.916848	-533.889544	764.360227	0.357516533	6.25500218e+12
9.9e-10	765.459061	45.7374654	612.499388	1489.14963	0.357976371	6.25705838e+12
1e-09	202.584269	-591.990069	712.613823	1880.30193	0.35847578	6.2590957e+12
1.01e-09	-861.150007	775.41157	-50.4409425	727.009809	0.358937477	6.26111976e+12
1.02e-09	223.998438	1235.94251	-108.533808	615.676501	0.359374849	6.26311538e+12
1.03e-09	-288.564308	456.876704	140.967105	149.822787	0.359809761	6.26508224e+12
1.04e-09	-1318.79648	150.326032	-521.676194	-135.339372	0.360234431	6.26701794e+12
1.05e-09	-368.048813	904.467283	-582.961102	-27.2220309	0.360671545	6.26892817e+12
1.06e-09	-25.2103352	829.998841	-286.343752	802.795937	0.361090368	6.27081537e+12
1.07e-09	580.868031	-246.066725	-835.997812	412.238977	0.361509784	6.27267851e+12
1.08e-09	-158.158508	181.781894	341.812116	713.598198	0.361911792	6.27451645e+12
1.09e-09	-549.894301	-662.106104	-304.156835	-61.2628095	0.362325673	6.27632944e+12
1.1e-09	-88.6997001	-360.71552	745.320581	257.854313	0.362717432	6.27811956e+12
1.11e-09	-515.646043	-87.7759725	203.009063	162.175393	0.36310332	6.27988224e+12
1.12e-09	232.334123	-314.555053	-485.094886	2275.22758	0.363494316	6.28161949e+12
1.13e-09	-486.293298	-1037.7271	-362.175799	30.3392225	0.363903872	6.28334534e+12
1.14e-09	227.677409	131.832644	-1803.90893	-238.034408	0.364281411	6.28504989e+12
1.15e-09	734.59963	364.534177	-525.221676	1181.39726	0.364667198	6.28673563e+12
1.16e-09	630.855686	405.099108	385.223225	-223.727568	0.365041294	6.28840253e+12
1.17e-09	584.541148	-375.27723	310.003415	-900.324849	0.365396422	6.29004601e+12
1.18e-09	754.280974	-686.376342	599.437731	-354.577855	0.365756376	6.29166468e+12
1.19e-09	-1331.26484	791.200993	362.42544	643.666173	0.366106654	6.29326079e+12
1.2e-09	-1668.51966	1629.74361	-8.87081578	109.486179	0.366473876	6.2948387e+12
1.21e-09	-1053.19987	453.851552	143.09047	254.316367	0.366862163	6.29641191e+12
1.22e-09	-763.95358	-462.328611	396.650973	679.682923	0.367209537	6.29796944e+12
1.23e-09	-277.247754	-361.335204	-1064.43922	-483.32643	0.367546915	6.29950799e+12
1.24e-09	-1101.62575	246.762286	-826.990272	-1436.22345	0.367884032	6.30102491e+12
1.25e-09	-252.486544	-1142.60196	-1318.44589	92.8991535	0.368228393	6.30252365e+12
1.26e-09	386.98755	-1181.51394	-862.668372	-655.746765	0.368577786	6.30401159e+12
1.27e-09	772.539438	-414.7055	-540.739926	117.20161	0.368897209	6.30548357e+12
1.28e-09	1019.30874	-187.87992	-1334.99917	89.0753909	0.369196509	6.30692993e+12
1.29e-09	696.801594	721.974454	309.316797	-696.221761	0.36953072	6.30835608e+12
1.3e-09	-363.902791	-423.390483	-1058.44957	-214.65902	0.369824958	6.30976554e+12
1.31e-09	67.8620346	270.050628	412.965109	-542.908324	0.37011065	6.311148e+12
1.32e-09	-802.563884	36.3479061	-79.4822767	-670.593536	0.370404857	6.31250562e+12
1.33e-09	1213.48041	-962.022495	-228.880111	-35.4550424	0.370695549	6.31384384e+12
1.34e-09	278.375185	322.302188	30.968519	-751.072079	0.37097312	6.31516199e+12
1.35e-09	412.768184	161.348923	-1260.81555	-1059.99992	0.371286714	6.31646242e+12
1.36e-09	-484.561857	1104.26869	-1042.09331	62.0415162	0.371567175	6.31775297e+12
1.37e-09	358.932499	665.723932	-915.502428	-1387.93783	0.371871426	6.31902889e+12
1.38e-09	637.076069	420.748733	-509.65785	384.308799	0.372158207	6.32029894e+12
1.39e-09	824.563443	680.253547	1415.53877	448.922894	0.372424098	6.32154886e+12
1.4e-09	1294.90043	1081.49163	1235.95678	375.348643	0.372712391	6.32278375e+12
1.41e-09	148.882128	740.585486	549.459908	273.100644	0.372970511	6.32400703e+12
1.42e-09	290.513621	784.462528	-464.294227	883.524139	0.373217363	6.32520705e+12
1.43e-09	106.371113	73.7616259	64.9782659	306.394959	0.373469798	6.32638609e+12
1.44e-09	441.10361	-621.795493	-218.783227	215.721425	0.37371314	6.327545e+12
1.45e-09	632.989312	679.395944	-788.636824	-223.366455	0.373946106	6.32868292e+12
1.46e-09	505.860098	107.335293	-560.957643	-332.472408	0.374186925	6.32980126e+12
1.47e-09	-448.954167	192.949763	124.143395	777.5141	0.374417277	6.33090107e+12
1.48e-09	-421.706985	816.109815	269.571966	-327.200179	0.374642039	6.33198178e+12
1.49e-09	-291.802319	744.96742	-404.300316	-188.844384	0.374865283	6.33304344e+12
1.5e-09	328.368529	58.2448946	385.236269	602.467745	0.375081986	6.33408609e+12
1.51e-09	-1631.07157	639.052029	1238.38725	1086.13419	0.375315423	6.33511298e+12
1.52e-09	-553.186079	-248.501487	478.457856	-177.345191	0.375550398	6.33613394e+12
1.53e-09	-437.665277	-700.597928	-252.817186	-241.609232	0.375774869	6.33714316e+12
1.54e-09	-238.648038	-799.353224	708.631089	-154.641512	0.375993498	6.33813949e+12
1.55e-09	-166.3099	141.22244	1210.44174	-810.4114	0.376206375	6.33912263e+12
1.56e-09	-771.664786	319.427917	1730.31603	-7.76698612	0.376442459	6.34009614e+12
1.57e-09	-518.23734	-970.18684	603.410175	8.59504561	0.376650121	6.34106371e+12
1.58e-09	103.213793	-549.484734	286.117859	211.622133	0.376862462	6.34201701e+12
1.59e-09	-399.597228	-93.2310683	-246.473645	-251.253387	0.377054663	6.34295636e+12
1.6e-09	1431.19173	828.500004	1130.82728	426.900565	0.377242776	6.34387716e+12
1.61e-09	230.182092	-511.627174	635.600428	132.145864	0.377446314	6.34478604e+12
1.62e-09	98.6077009	-134.293067	-6.58343884	118.247419	0.377627204	6.34567974e+12
1.63e-09	-99.2592852	-230.474512	719.323628	279.835935	0.377813511	6.3465564e+12
1.64e-09	-983.990978	675.411058	-51.1894026	406.215443	0.377990823	6.34741886e+12
1.65e-09	721.093916	455.726849	-315.071359	255.615259	0.378175657	6.3482669e+12
1.66e-09	521.449427	-163.86206	-1142.87694	-336.380086	0.378360316	6.34910407e+12
1.67e-09	562.691213	373.602738	-565.701658	437.161516	0.378551959	6.34993383e+12
1.68e-09	-189.429219	45.3995067	376.728874	889.313754	0.378725837	6.35075353e+12
1.69e-09	-364.140935	-238.966827	729.31555	757.149495	0.378899297	6.35156123e+12
1.7e-09	321.366414	-111.37728	-128.283674	-164.843269	0.37906199	6.35235614e+12
1.71e-09	541.052914	-284.198206	489.943741	-214.867986	0.379229501	6.35313629e+12
1.72e-09	29.9827846	-383.124589	-62.9175431	192.704976	0.379386762	6.35390392e+12
1.73e-09	-141.499507	163.284955	-46.6531867	865.927712	0.379555626	6.35465959e+12
1.74e-09	210.196744	-963.332248	-942.86813	-55.2347244	0.379714231	6.35540624e+12
1.75e-09	540.63112	-811.508024	-1570.39508	-45.9686491	0.3799105	6.35614832e+12
1.76e-09	520.858195	99.6323659	-1144.03128	713.43779	0.380081714	6.35689214e+12
1.77e-09	3.52326628	-215.189769	998.472941	1371.85874	0.380233409	6.35762653e+12
1.78e-09	267.670983	-261.705324	835.626381	346.045677	0.380386727	6.35834962e+12
1.79e-09	-533.49036	-654.412668	-498.382696	913.49727	0.380541189	6.35906027e+12
1.8e-09	-172.009621	-40.5012561	-105.274983	687.956298	0.380689173	6.35976116e+12
1.81e-09	-138.555912	-705.955933	-14.5715034	574.257147	0.380844284	6.3604523e+12
1.82e-09	-856.746306	-982.583305	-751.864391	120.449902	0.380987344	6.36113437e+12
1.83e-09	-304.046998	-1370.14693	176.39663	1247.23679	0.381139052	6.36180799e+12
1.84e-09	88.5500644	-216.888448	-258.359255	859.95067	0.381295375	6.36247787e+12
1.85e-09	389.407182	224.605745	-361.87926	-219.264944	0.381426005	6.36313783e+12
1.86e-09	378.435958	-370.323449	-1007.80228	-236.770158	0.381553753	6.36378291e+12
1.87e-09	-234.387572	-179.525517	-1695.54775	569.926292	0.381706325	6.36441937e+12
1.88e-09	-1020.83777	-690.483268	-786.897238	1111.1863	0.381857598	6.36505423e+12
1.89e-09	-621.238368	98.0714816	125.420506	1018.90246	0.38200711	6.36568753e+12
1.9e-09	260.539607	-100.595528	-327.509838	517.227624	0.382138187	6.36631305e+12
1.91e-09	-1120.95593	1191.30103	-104.56563	234.379195	0.382275813	6.36692926e+12
1.92e-09	647.236619	59.1799463	-1009.44844	637.256486	0.382411536	6.36754074e+12
1.93e-09	-604.226529	-472.232751	-987.115802	65.1878515	0.382538572	6.36814437e+12
1.94e-09	545.360458	-517.008195	-873.062719	-518.243902	0.382656856	6.36873646e+12
1.95e-09	-536.482277	-48.4472057	-271.127578	632.14713	0.382775082	6.36931721e+12
1.96e-09	-82.2507682	117.939299	-294.888753	1744.08599	0.382905774	6.36988783e+12
1.97e-09	715.151017	-587.401901	436.56871	2023.97806	0.383050908	6.37045772e+12
1.98e-09	-439.340369	-35.6463839	699.694759	796.697775	0.383171453	6.37102768e+12
1.99e-09	-294.318022	-298.320144	1401.73914	24.9332187	0.383293844	6.37158822e+12
2e-09	-119.972042	706.870842	192.828702	-333.907659	0.383400583	6.37213905e+12
2.01e-09	529.856723	347.143229	1322.56831	-765.789777	0.383518562	6.37267856e+12
2.02e-09	1808.07315	-486.786891	777.076919	-388.194189	0.383661702	6.3732175e+12
2.03e-09	1160.19512	-1919.30656	354.046406	-867.838627	0.383803712	6.3737617e+12
2.04e-09	442.531688	-1597.78509	-422.36536	-331.495959	0.383961739	6.37431453e+12
2.05e-09	29.4954782	-1596.06805	-1054.34319	229.524875	0.384091858	6.37486874e+12
2.06e-09	-1298.29529	270.248666	-361.327623	139.164202	0.384219107	6.37542099e+12
2.07e-09	14.3243429	363.71931	588.316823	-566.113028	0.384324533	6.37596441e+12
2.08e-09	-909.783626	-964.751753	1139.78788	-912.476566	0.38444574	6.37649564e+12
2.09e-09	-175.193371	-909.056112	1629.69667	-1503.78904	0.384561344	6.37702552e+12
2.1e-09	-284.043966	-1013.70944	768.300675	-1216.42781	0.384720111	6.37755768e+12
2.11e-09	-161.921248	80.0276559	612.585978	-988.520376	0.384822435	6.37809043e+12
2.12e-09	494.628165	-5.79795927	976.630106	-1834.48729	0.384960057	6.37861454e+12
2.13e-09	938.832376	-111.689053	223.016653	-809.621403	0.385066701	6.3791403e+12
2.14e-09	2790.84449	6.42033237	432.19692	-611.283053	0.385171477	6.37965244e+12
2.15e-09	1209.75577	-120.146949	1145.03735	660.053276	0.385297581	6.38016438e+12
2.16e-09	689.852378	-949.912632	1818.95357	132.183105	0.385407177	6.38067039e+12
2.17e-09	-1156.26616	372.489038	1312.32146	-532.665334	0.385508091	6.38117073e+12
2.18e-09	643.156351	436.453167	864.865931	-215.187715	0.385597462	6.38165913e+12
2.19e-09	463.818334	317.494632	933.768869	947.592459	0.385687739	6.38213307e+12
2.2e-09	1040.27542	382.622284	588.925245	310.950934	0.385792226	6.38259893e+12
2.21e-09	802.494539	-695.368425	348.583301	673.504655	0.385874693	6.38305635e+12
2.22e-09	493.136207	542.250096	698.752091	-2.84284653	0.385958577	6.38350158e+12
2.23e-09	178.403068	184.926194	80.1370146	205.564444	0.386030377	6.38393395e+12
2.24e-09	-264.330162	872.758155	648.14698	51.7934851	0.386098441	6.38435015e+12
2.25e-09	-389.894156	504.541748	-10.8864826	-669.005298	0.386171651	6.38475334e+12
2.26e-09	-991.619346	10.3165846	312.99841	-1364.88602	0.386251656	6.38514594e+12
2.27e-09	121.041192	-253.657989	1279.15129	-1038.06646	0.386331269	6.38553293e+12
2.28e-09	-1396.93509	-67.8453759	110.260751	-621.884785	0.386423855	6.38591577e+12
2.29e-09	-769.713924	-44.5671595	-437.660999	-757.642997	0.386503328	6.38629578e+12
2.3e-09	-715.093034	-60.8725194	-1424.00009	-929.584823	0.386598314	6.38667054e+12
2.31e-09	-442.478176	39.5883224	-427.177585	-1377.53604	0.386682259	6.38704676e+12
2.32e-09	-584.858196	-777.855651	-1075.39194	-565.504486	0.386756235	6.3874172e+12
2.33e-09	142.232494	-134.104423	-813.792883	-621.363697	0.386844387	6.3877842e+12
2.34e-09	-197.131337	-12.0293686	-1286.45177	39.225731	0.386913733	6.3881457e+12
2.35e-09	-539.851529	322.627176	-100.201941	-266.433903	0.386997927	6.38850141e+12
2.36e-09	-419.498183	-366.044847	-828.419822	-32.7567304	0.387058078	6.38885195e+12
2.37e-09	169.637451	368.80892	233.821023	232.806145	0.387121486	6.38919158e+12
2.38e-09	-562.122515	836.936532	-552.952077	728.874162	0.387175136	6.38952132e+12
2.39e-09	-78.1551876	-53.0122717	-476.282168	514.78445	0.387232984	6.389841e+12
2.4e-09	-593.604044	-349.028058	-525.876624	-961.564847	0.387286849	6.39015e+12
2.41e-09	-938.08516	-378.285904	-412.814037	-672.904011	0.387361888	6.39045419e+12
2.42e-09	761.96713	573.511479	-82.3626431	-647.17214	0.387418035	6.39075561e+12
2.43e-09	611.571856	608.283014	1476.16896	512.598683	0.387474987	6.39104889e+12
2.44e-09	-557.170998	-7.05541091	1092.95081	1267.00367	0.387545117	6.39133969e+12
2.45e-09	186.009825	-716.528566	-494.056845	1326.35127	0.387622877	6.39163215e+12
2.46e-09	-105.834656	-1002.54237	69.5567682	391.763687	0.387680424	6.39192275e+12
2.47e-09	126.361795	-1254.10268	-1070.42436	144.990376	0.387745158	6.3922074e+12
2.48e-09	669.945674	-2.64330337	1360.9679	334.619936	0.387802211	6.39248954e+12
2.49e-09	-188.803144	276.568485	875.955974	2054.98688	0.387877962	6.39276926e+12
2.5e-09	485.518372	-43.4944726	-68.9581055	1370.47853	0.3879582	6.39305394e+12
2.51e-09	485.605398	-12.7713328	-228.337222	453.840473	0.388006663	6.393337e+12
2.52e-09	209.688048	188.624489	-294.678004	-26.4476285	0.388047866	6.39360937e+12
2.53e-09	665.860285	52.6354146	771.620368	60.5036055	0.388085637	6.39386995e+12
2.54e-09	-1019.84573	814.547554	309.929704	-37.8161238	0.388126244	6.39411988e+12
2.55e-09	-1508.21184	-925.53293	-466.652009	-63.3072927	0.388184939	6.39436436e+12
2.56e-09	-1072.24266	277.975183	-315.41828	865.342074	0.388248242	6.39461054e+12
2.57e-09	-143.287293	541.433745	-13.4932406	807.542327	0.388306425	6.39485644e+12
2.58e-09	-698.768042	453.425827	1286.46451	227.604001	0.388351997	6.39509899e+12
2.59e-09	-1077.65625	-659.434709	-159.039256	-180.784814	0.388405499	6.39533826e+12
2.6e-09	464.801995	-553.245518	126.578058	-628.412692	0.388441597	6.39557146e+12
2.61e-09	582.801629	205.162894	-292.725383	70.605361	0.388480195	6.39579568e+12
2.62e-09	268.883304	-193.569923	-1289.42008	273.712526	0.388524135	6.39601289e+12
2.63e-09	39.1300057	-716.437191	-557.802434	648.893116	0.388560555	6.3962265e+12
2.64e-09	275.855556	483.056229	640.12568	485.6199	0.38859633	6.39643261e+12
2.65e-09	-831.942542	17.345954	326.303485	-297.252678	0.388634981	6.39663324e+12
2.66e-09	287.405117	-101.987639	656.472918	-553.594822	0.388667612	6.39682804e+12
2.67e-09	-566.785997	322.717642	-206.701803	-657.781914	0.388699493	6.39701679e+12
2.68e-09	677.321734	505.870998	-1164.55029	-1458.29158	0.388749393	6.397202e+12
2.69e-09	847.293856	234.181452	-640.151771	-977.318965	0.388828675	6.39739691e+12
2.7e-09	1213.83085	515.280239	598.071972	-357.640566	0.388873297	6.39759782e+12
2.71e-09	452.380917	393.553631	29.8230022	492.536699	0.388926287	6.39779875e+12
2.72e-09	-963.356498	-599.404952	-343.91263	1242.15633	0.388959738	6.39799636e+12
2.73e-09	-244.634365	-586.779229	361.186365	685.712054	0.389001931	6.3981901e+12
2.74e-09	-462.842077	-1182.31899	117.801011	-550.62968	0.389039351	6.39838013e+12
2.75e-09	-112.80807	703.394528	-259.2243	-256.544213	0.389072183	6.39856591e+12
2.76e-09	939.368397	-1147.23932	56.2010176	121.668142	0.389103706	6.39874552e+12
2.77e-09	-71.6206039	-1012.84336	-298.820133	-566.161081	0.389141613	6.3989216e+12
2.78e-09	37.2604834	650.644494	-262.233456	605.796418	0.389169241	6.39909367e+12
2.79e-09	212.037013	672.76644	-326.242265	1020.05013	0.389206178	6.39926097e+12
2.8e-09	745.963953	764.745337	-1175.93171	682.309995	0.389239666	6.39942564e+12
2.81e-09	415.073298	163.340134	-612.347034	-218.367391	0.389280114	6.39959037e+12
2.82e-09	-98.2211899	408.085387	-403.515481	364.457561	0.389303935	6.39975112e+12
2.83e-09	-268.206595	647.756592	-285.661235	-63.9136303	0.389324945	6.3999044e+12
2.84e-09	-924.873684	787.980619	-940.858512	171.202093	0.389363682	6.40005228e+12
2.85e-09	-849.602875	32.6118144	-1813.58042	-0.78327958	0.389422396	6.40020676e+12
2.86e-09	-1745.55665	1205.79445	456.950885	275.100927	0.389472371	6.40037011e+12
2.87e-09	-1303.2771	887.985515	151.997887	-612.725011	0.389528233	6.40053861e+12
2.88e-09	-765.527524	1.75821881	-42.3412228	-325.97508	0.389578268	6.40071185e+12
2.89e-09	-182.8018	-556.685981	-1587.24585	-477.839359	0.38960347	6.40088236e+12
2.9e-09	629.715684	-461.80294	-1055.77917	-560.809528	0.389635508	6.4010473e+12
2.91e-09	395.583033	-720.256676	-809.446193	-100.255074	0.389674681	6.40121049e+12
2.92e-09	46.2917459	-262.830633	-636.99706	-1073.79804	0.389698782	6.40137066e+12
2.93e-09	-368.186484	-338.11907	-2165.19147	-2087.02143	0.389754316	6.40152844e+12
2.94e-09	-215.728588	-733.711908	-2146.68073	-1646.38932	0.389845792	6.40170475e+12
2.95e-09	453.955735	-275.918322	-555.913045	-848.279788	0.389895165	6.40189513e+12
2.96e-09	-3.21570736	527.825788	-501.221781	-612.441092	0.389919297	6.4020781e+12
2.97e-09	-159.774136	301.60986	-11.2327757	189.093405	0.389936442	6.40225067e+12
2.98e-09	178.521396	439.097881	365.578356	-511.258611	0.38994794	6.40241193e+12
2.99e-09	467.926849	204.632749	456.503806	142.768308	0.389963232	6.40256195e+12
3e-09	123.154886	136.596427	348.166363	-466.45977	0.389985821	6.40270476e+12
3.01e-09	309.290054	917.98675	794.308014	-332.051562	0.390012513	6.40284141e+12
3.02e-09	-918.034463	504.105693	338.045686	-980.726875	0.390039983	6.40297617e+12
3.03e-09	-185.67133	934.66176	1450.41436	-1099.87381	0.39006972	6.40310884e+12
3.04e-09	-198.176064	1011.97911	1458.55115	-1021.55867	0.390126502	6.40324687e+12
3.05e-09	-228.19777	-4.85777639	634.726593	-1489.34749	0.390185628	6.40339565e+12
3.06e-09	76.1139738	973.293223	-32.7254594	-510.007892	0.390213469	6.40354781e+12
3.07e-09	-530.448135	1629.1055	1414.75155	632.26857	0.39025236	6.40369616e+12
3.08e-09	-642.615754	365.078198	1049.6552	-1624.71402	0.390319226	6.40385319e+12
3.09e-09	92.8299487	134.443691	20.7724743	-853.48282	0.390356196	6.40401736e+12
3.1e-09	601.9425	-82.9669158	1485.52908	-1572.45782	0.390388425	6.40417582e+12
3.11e-09	85.9604195	-22.0439875	489.364804	-1018.04657	0.390423009	6.40433654e+12
3.12e-09	-225.029279	716.556339	-462.671906	-403.015466	0.390441048	6.40448986e+12
3.13e-09	-714.892722	726.639819	-991.695477	-1325.2208	0.39048419	6.40463728e+12
3.14e-09	-840.768714	488.317648	-209.250697	-411.620319	0.390515219	6.40478901e+12
3.15e-09	-696.740043	1503.93939	307.339715	-842.11026	0.390524672	6.40493291e+12
3.16e-09	861.064759	1231.97269	192.927018	180.10178	0.390564402	6.40507239e+12
3.17e-09	463.811037	883.898059	785.303406	1115.21222	0.390578723	6.4052085e+12
3.18e-09	-30.7215438	737.091261	1090.76937	477.216476	0.390604162	6.40533951e+12
3.19e-09	291.947479	621.844009	61.7720629	497.315852	0.390624303	6.4054665e+12
3.2e-09	-268.045224	-411.262025	100.086169	-705.162389	0.390628165	6.4055849e+12
3.21e-09	-170.518935	-28.2551157	-689.288627	-356.619644	0.390635428	6.40569351e+12
3.22e-09	-1219.24668	519.970431	-1749.49665	-289.270405	0.390665714	6.405797e+12
3.23e-09	-113.174514	202.503786	-1455.48068	-228.746304	0.390733151	6.40591263e+12
3.24e-09	-481.968064	-31.5399485	-619.323896	160.477424	0.390743459	6.40603334e+12
3.25e-09	-327.61353	526.836003	-854.044846	-366.066767	0.390749698	6.40614484e+12
3.26e-09	90.3034059	699.36386	-1627.10354	458.454363	0.390780636	6.40625042e+12
3.27e-09	-546.443465	376.212498	230.358887	245.136928	0.390801258	6.40635804e+12
3.28e-09	-305.242173	513.621509	1415.57358	-100.617415	0.390809873	6.40645954e+12
3.29e-09	1332.17861	-28.1467683	1355.16139	748.370255	0.390834025	6.40655694e+12
3.3e-09	1089.28919	1492.19324	-981.479877	-122.129439	0.390856075	6.40665571e+12
3.31e-09	273.174148	688.583575	-1014.68392	-1097.44446	0.390883383	6.40675406e+12
3.32e-09	-104.903996	86.6232009	-805.17008	-1277.03963	0.390897707	6.40685157e+12
3.33e-09	403.82534	325.321655	182.650866	-588.734755	0.390904713	6.40694415e+12
3.34e-09	-223.51764	-463.539492	-511.760526	-243.735275	0.39090694	6.4070284e+12
3.35e-09	-744.829167	-462.529199	-121.294445	502.056655	0.390909367	6.40710423e+12
3.36e-09	-881.990634	-755.722663	-717.661013	696.033859	0.39092485	6.40717596e+12
3.37e-09	200.715982	1170.49647	-224.851859	561.584973	0.390950188	6.40724997e+12
3.38e-09	69.1456655	51.2864138	-1091.54891	987.071983	0.390970005	6.40732415e+12
3.39e-09	867.802092	256.274167	4.58960834	889.567379	0.390980533	6.40739923e+12
3.4e-09	823.62017	-873.799849	-764.962308	-646.039137	0.39099985	6.40747015e+12
3.41e-09	-20.6709803	-1226.87562	542.615181	-1378.72447	0.391013907	6.40754201e+12
3.42e-09	-600.377123	-240.294004	747.260265	-163.91701	0.391032614	6.40761552e+12
3.43e-09	667.661621	-58.7855225	-224.229848	159.006203	0.391039435	6.40768553e+12
3.44e-09	514.511736	-508.856408	-225.386783	814.653719	0.391051385	6.40775169e+12
3.45e-09	355.285679	-1129.21663	-102.930137	-357.034206	0.391059967	6.40781622e+12
3.46e-09	-936.931999	-119.316234	802.963652	-1397.84638	0.391069948	6.40787632e+12
3.47e-09	-1076.8923	-1191.45979	1478.08448	331.620218	0.3911057	6.40794024e+12
3.48e-09	-77.9675566	839.907208	55.8896178	-652.384493	0.391133994	6.4080134e+12
3.49e-09	761.566464	620.032613	-1280.23842	-652.215874	0.3911434	6.40808464e+12
3.5e-09	1224.55295	-113.479871	-1336.12173	-2053.38726	0.391182106	6.40815939e+12
3.51e-09	432.823537	505.53894	-401.009937	-40.0371469	0.391199269	6.40824053e+12
3.52e-09	257.587194	-293.045164	35.0393186	-272.276518	0.391199479	6.40831515e+12
3.53e-09	59.5007215	-358.768367	-309.405882	-738.555294	0.391206942	6.40838302e+12
3.54e-09	-775.073155	-619.434324	243.476044	894.437468	0.391216809	6.40844696e+12
3.55e-09	-2010.10713	-213.730041	719.644062	132.075047	0.391249884	6.40851405e+12
3.56e-09	-553.493549	49.0562838	729.476684	-1250.93857	0.391278631	6.40858829e+12
3.57e-09	-142.313225	1461.38579	88.7122155	625.602794	0.391288581	6.40866243e+12
3.58e-09	-561.804781	1077.36721	1213.9486	714.221193	0.39129709	6.40873332e+12
3.59e-09	572.883993	710.519022	-151.178667	199.792162	0.391305009	6.40880165e+12
3.6e-09	1646.19914	-384.158696	-1026.94407	1172.47396	0.391330868	6.4088658e+12
3.61e-09	366.396162	394.835749	-267.560477	1482.89014	0.391363392	6.40893939e+12
3.62e-09	574.184823	-864.620311	240.244034	406.84087	0.391380294	6.40901491e+12
3.63e-09	-101.339983	349.249893	-1194.80526	194.102087	0.39137376	6.40908526e+12
3.64e-09	422.52067	326.472592	147.971364	-133.094481	0.391369111	6.40914613e+12
3.65e-09	-951.955842	1060.84389	-186.158718	-1495.61119	0.391376151	6.40919894e+12
3.66e-09	-923.862144	849.277455	-6.73575482	-1680.62147	0.391417577	6.40925657e+12
3.67e-09	-165.210409	38.8016134	490.80035	-180.573355	0.3914347	6.40932452e+12
3.68e-09	-127.793626	-201.713727	34.1764174	-470.786572	0.391427645	6.40938575e+12
3.69e-09	569.592319	-81.5806048	-924.460648	318.251382	0.391427431	6.40943795e+12
3.7e-09	124.942252	403.804559	143.863297	870.366427	0.39142499	6.40948529e+12
3.71e-09	-933.003037	-78.6621255	233.06682	1130.8626	0.39143379	6.40952766e+12
3.72e-09	63.0023312	-269.660991	158.7858	570.618818	0.391431933	6.40956843e+12
3.73e-09	625.331519	-328.300138	-341.115101	959.624579	0.391439783	6.40960599e+12
3.74e-09	-596.102598	316.781817	-1773.57487	-91.4330885	0.391451834	6.40964346e+12
3.75e-09	-382.252517	-150.613175	-1542.77735	1466.08065	0.391500941	6.40968866e+12
3.76e-09	-215.245453	-725.81437	244.871607	595.50705	0.391517395	6.40974622e+12
3.77e-09	183.687327	-1350.54984	601.480564	-458.920052	0.391514293	6.40979916e+12
3.78e-09	-222.062613	21.8612823	900.21227	-480.385543	0.391516973	6.40984665e+12
3.79e-09	113.655843	-66.9574296	888.816826	1176.83	0.391515165	6.40988946e+12
3.8e-09	-611.238671	1015.47906	303.892026	336.951409	0.391515667	6.40992832e+12
3.81e-09	-155.792612	-10.1863479	211.243681	-137.90967	0.391518912	6.40996387e+12
3.82e-09	216.223805	-879.013967	96.0483331	1017.57133	0.3915141	6.40999418e+12
3.83e-09	-107.455869	626.732032	344.501261	294.531617	0.391518861	6.41002299e+12
3.84e-09	168.341117	-612.166308	-325.526155	-264.832141	0.391515705	6.41004855e+12
3.85e-09	-215.590319	-56.7216224	609.229766	-1244.3254	0.391521864	6.4100706e+12
3.86e-09	-41.7515872	-137.868273	756.406109	-2827.30007	0.391543863	6.41009554e+12
3.87e-09	-481.940009	263.67948	327.929363	-1490.63656	0.391581718	6.4101346e+12
3.88e-09	332.510706	-222.191266	995.388037	122.068359	0.39158776	6.41017683e+12
3.89e-09	237.225162	-869.678159	474.391933	-235.18444	0.391586148	6.41021552e+12
3.9e-09	-184.47835	-1320.20154	188.594705	-453.298911	0.391591605	6.41025185e+12
3.91e-09	-773.536909	-83.254286	-1005.24946	-818.02995	0.391592025	6.41028519e+12
3.92e-09	-346.542144	1004.11718	-692.900309	-970.380206	0.391606226	6.41031835e+12
3.93e-09	-1439.4851	64.018411	658.739061	-462.974144	0.391603014	6.41035053e+12
3.94e-09	-686.594878	-47.2856182	-355.112549	-409.994026	0.391607001	6.41037965e+12
3.95e-09	-668.706669	681.641427	760.363435	-669.062596	0.391608027	6.41040599e+12
3.96e-09	-802.129551	-553.613763	982.402801	-448.06995	0.391631019	6.41043386e+12
3.97e-09	-587.18456	323.254078	-272.868382	392.731204	0.391625965	6.41046453e+12
3.98e-09	-673.861421	-739.864893	2029.81851	774.024582	0.391639759	6.41049049e+12
3.99e-09	-994.193358	-1092.94135	918.9618	-717.824338	0.391671812	6.41052584e+12
4e-09	-762.899405	275.118687	1104.77037	-1416.15442	0.391692508	6.41056934e+12
4.01e-09	376.452156	-148.226608	1425.70045	-1104.87737	0.391718549	6.41061859e+12
4.02e-09	511.986238	211.184194	108.242154	-656.045225	0.391714699	6.41066793e+12
4.03e-09	913.400532	911.132448	-465.948748	-87.9381832	0.391711755	6.41070879e+12
4.04e-09	-143.969759	-263.973592	642.607727	221.453973	0.391707862	6.41074554e+12
4.05e-09	-856.814661	1055.3255	663.204143	1190.0212	0.391720627	6.41077861e+12
4.06e-09	176.634072	612.284219	-239.447281	424.380071	0.391724258	6.41081414e+12
4.07e-09	-191.549637	-69.6009875	516.523679	-50.1548154	0.391724128	6.41084546e+12
4.08e-09	-385.732369	-1151.93817	-132.012242	-147.464627	0.391724594	6.41087319e+12
4.09e-09	-570.00961	-1471.30185	1610.22945	-228.566486	0.391758114	6.41090263e+12
4.1e-09	431.180124	-958.241494	1996.78113	-524.219867	0.391794957	6.41094597e+12
4.11e-09	1008.95207	-416.591412	1290.91978	-765.791962	0.391817513	6.41099972e+12
4.12e-09	23.8813274	703.199987	753.704404	-1192.03284	0.39182079	6.41105276e+12
4.13e-09	-103.605695	908.269697	-330.048629	-402.358379	0.391816382	6.41110081e+12
4.14e-09	188.513583	541.15472	-120.908706	-100.324127	0.391813032	6.41114103e+12
4.15e-09	784.720453	963.703064	1219.4717	43.8587213	0.391809911	6.41117523e+12
4.16e-09	428.67278	553.212173	793.402539	409.542501	0.391805767	6.41120538e+12
4.17e-09	752.964378	214.336933	19.8255129	1047.51558	0.391802472	6.41123046e+12
4.18e-09	157.773155	801.499175	1244.74364	1377.18258	0.391831536	6.41125662e+12
4.19e-09	-572.362147	80.1446444	-141.699288	155.133664	0.391831345	6.41128951e+12
4.2e-09	274.333235	1044.37189	-281.073768	476.508757	0.391823223	6.41131527e+12
4.21e-09	925.161951	619.096406	341.663846	955.46005	0.391829485	6.41133662e+12
4.22e-09	855.736931	-204.369026	2271.68412	61.287165	0.39183265	6.41135886e+12
4.23e-09	550.87258	-11.2446364	1041.91653	-305.552747	0.39187261	6.41138924e+12
4.24e-09	567.491284	136.73774	-268.207797	888.563633	0.391864226	6.41142252e+12
4.25e-09	-410.003902	99.1127004	-669.596168	704.805133	0.391858676	6.41144982e+12
4.26e-09	-436.434861	-2107.87619	120.280964	662.06578	0.391879426	6.41147373e+12
4.27e-09	-866.202175	-1358.99841	-363.981341	1460.91067	0.391918616	6.41151122e+12
4.28e-09	-94.6885039	-849.188676	450.041445	966.364735	0.391953863	6.4115598e+12
4.29e-09	291.29265	180.460289	934.42856	1040.83294	0.391957478	6.41161237e+12
4.3e-09	1902.18981	-109.761009	993.339534	-522.179264	0.39197004	6.41166207e+12
4.31e-09	205.296416	368.402957	-173.674211	-814.49722	0.391976133	6.4117129e+12
4.32e-09	240.24397	-43.0786685	218.434848	-293.357726	0.391971021	6.4117576e+12
4.33e-09	-504.400972	226.104932	-1163.00628	-756.509954	0.391972401	6.41179511e+12
4.34e-09	-1000.23077	-70.6967405	-1069.54711	217.797754	0.39198821	6.41183362e+12
4.35e-09	-256.995159	-307.853939	-786.018468	322.264873	0.391992844	6.41187275e+12
4.36e-09	-1344.48752	-336.510821	239.790418	311.577013	0.391985155	6.41190742e+12
4.37e-09	-616.263834	79.0206657	-32.4651924	109.419939	0.391974062	6.41193506e+12
4.38e-09	-333.97711	-244.216175	-370.182579	-897.415672	0.391961937	6.41195426e+12
4.39e-09	-276.752738	-1151.39513	-257.391836	-1091.21886	0.391965869	6.41196826e+12
4.4e-09	-1132.75673	156.085306	311.90471	-525.775841	0.391971683	6.41198464e+12
4.41e-09	-1293.56514	1302.91943	-561.479099	-459.424137	0.391979848	6.41200108e+12
4.42e-09	-597.009616	1680.25347	384.006932	-26.7319228	0.391993562	6.41202103e+12
4.43e-09	645.259754	694.757484	-115.915987	-735.661216	0.392005391	6.41204483e+12
4.44e-09	135.233	415.274442	902.349253	-835.742509	0.392000682	6.41206779e+12
4.45e-09	-1072.46086	282.532918	454.505318	-147.833263	0.391994982	6.412086e+12
4.46e-09	-444.267979	-1301.08355	-110.073103	-711.595367	0.391990831	6.41209973e+12
4.47e-09	-85.9564109	-470.623051	-1060.04276	-600.044612	0.392007767	6.41211494e+12
4.48e-09	149.590851	-26.630078	-578.727737	354.842364	0.392000483	6.41213114e+12
4.49e-09	602.749846	407.454784	8.7206164	1200.16007	0.391983671	6.41214043e+12
4.5e-09	-659.086714	248.107416	-389.142251	5.55044967	0.391983739	6.41214595e+12
4.51e-09	-597.302015	-371.697182	-391.475992	-99.8802449	0.391980264	6.41214847e+12
4.52e-09	-192.000979	-20.1962389	120.43478	-1004.74652	0.391976028	6.41214883e+12
4.53e-09	685.001605	-1310.6699	-895.811388	311.643334	0.391967773	6.41214689e+12
4.54e-09	-851.601259	-504.992618	116.42537	-4.77532989	0.391961016	6.41214349e+12
4.55e-09	-1348.17355	694.486644	515.345033	-104.785223	0.391952856	6.41213624e+12
4.56e-09	-2051.91639	431.160213	68.7473532	-585.528125	0.39196682	6.41212992e+12
4.57e-09	-1155.1743	790.843714	1109.37061	76.3754561	0.391996576	6.41213438e+12
4.58e-09	-95.0557176	-221.332351	507.875124	156.984138	0.391998427	6.41214593e+12
4.59e-09	-1225.73452	1025.10523	412.839033	-1078.9529	0.391992322	6.41215304e+12
4.6e-09	-1559.07384	1159.69006	1283.48099	-370.630609	0.392024849	6.41216558e+12
4.61e-09	-1254.51584	-360.765241	1064.45374	670.688948	0.392028602	6.41218698e+12
4.62e-09	-1965.75412	437.870932	1749.28923	-392.400164	0.39206042	6.41221143e+12
4.63e-09	-445.822694	56.8787748	63.8661101	691.42945	0.392073361	6.41224576e+12
4.64e-09	-463.32501	378.952102	419.332311	112.327847	0.392056656	6.41227435e+12
4.65e-09	-547.887718	663.33622	1213.39887	-342.55154	0.392057734	6.41229568e+12
4.66e-09	233.685507	458.861244	869.665584	380.828739	0.392065459	6.41231788e+12
4.67e-09	-412.907999	-296.20995	727.760075	556.197707	0.39207453	6.41234099e+12
4.68e-09	438.919628	899.267492	1475.10756	557.713716	0.392089755	6.41236518e+12
4.69e-09	1016.35351	-599.51169	843.954629	167.335943	0.392104765	6.41239509e+12
4.7e-09	1338.75747	543.412663	1367.17379	-305.784657	0.392115408	6.41242624e+12
4.71e-09	1503.60827	-350.768762	770.359179	-272.601692	0.392131871	6.41246144e+12
4.72e-09	1474.2023	-255.325401	-199.749188	-812.649265	0.39216134	6.41250151e+12
4.73e-09	-608.297741	-877.56278	8.03698462	-1206.46733	0.392161733	6.41254431e+12
4.74e-09	-155.614527	-158.648796	1217.35324	-1175.07949	0.392164968	6.41258358e+12
4.75e-09	376.572763	-1772.62987	699.656254	-308.881956	0.392166298	6.41261905e+12
4.76e-09	-851.589829	-410.513179	640.427717	205.573182	0.392176868	6.41265482e+12
4.77e-09	-661.806533	-112.869327	800.441025	241.742728	0.392171236	6.4126872e+12
4.78e-09	289.097448	327.82397	1492.22553	358.301814	0.392156875	6.41271192e+12
4.79e-09	988.344103	-369.467501	284.730193	-237.684377	0.392157186	6.41273238e+12
4.8e-09	983.195711	-465.186391	-21.8188716	224.476626	0.392152483	6.41274835e+12
4.81e-09	1782.94336	-188.257664	379.801273	1342.42247	0.392153542	6.41276083e+12
4.82e-09	132.305899	204.299456	712.538623	320.524282	0.392160262	6.41277669e+12
4.83e-09	1219.00291	506.0513	-345.67799	-1040.84236	0.392156842	6.41278893e+12
4.84e-09	700.6128	967.488201	-726.733549	40.4334902	0.392168789	6.41280354e+12
4.85e-09	640.098946	-259.845619	-255.880581	532.430682	0.39216707	6.41281735e+12
4.86e-09	135.732696	-187.93089	-516.526359	74.1730194	0.39214975	6.41282651e+12
4.87e-09	-311.658171	1096.84129	62.3039976	597.757653	0.392136799	6.41282743e+12
4.88e-09	110.558385	1287.27157	782.622071	-104.847349	0.39214316	6.41282672e+12
4.89e-09	-265.335412	77.2578721	-278.086432	485.7489	0.392131873	6.41282629e+12
4.9e-09	-799.1923	614.559427	-251.61795	-203.143663	0.392123937	6.4128207e+12
4.91e-09	279.030112	415.095001	-274.045568	265.346033	0.392114995	6.41281294e+12
4.92e-09	-1086.76748	415.158816	320.873503	263.751499	0.39209879	6.4128002e+12
4.93e-09	-514.242059	437.432843	338.382875	1320.38722	0.392093251	6.41278416e+12
4.94e-09	-71.0771174	-792.480997	-109.133893	969.166044	0.392084131	6.41276671e+12
4.95e-09	-419.611875	-1364.02937	-660.464788	277.992918	0.392088453	6.41274859e+12
4.96e-09	69.8580671	-837.260591	-502.762386	-434.552944	0.392098976	6.41273735e+12
4.97e-09	1168.17618	705.029167	326.395209	-227.957522	0.39208966	6.41272748e+12
4.98e-09	1559.73455	-149.804037	106.040893	-1367.19305	0.392110555	6.41271842e+12
4.99e-09	533.736449	-475.449652	-757.744191	-1068.46953	0.392117246	6.41271963e+12
5e-09	713.112408	-596.56909	-492.353891	-830.233208	0.392123937	6.41272256e+12
5.01e-09	1692.69173	281.672047	1016.84721	120.202256	0.392119338	6.41272427e+12
5.02e-09	238.610483	396.893733	221.680192	184.640088	0.392112569	6.41272617e+12
5.03e-09	-501.516006	1032.47381	642.705247	-258.4044	0.392095864	6.41272151e+12
5.04e-09	-1420.44767	417.769739	-167.637571	-138.796136	0.392091881	6.41271211e+12
5.05e-09	-602.320645	426.420592	-265.360042	555.847106	0.392090398	6.41270384e+12
5.06e-09	11.3804642	358.261598	-1443.14009	-891.81698	0.392091167	6.41269403e+12
5.07e-09	-388.151377	-1065.13667	-1694.00521	-901.556552	0.39210611	6.41268908e+12
5.08e-09	-187.79549	-1218.53854	-1070.80221	-512.341737	0.392129634	6.41269374e+12
5.09e-09	-602.609813	-68.4371425	130.832425	-112.114652	0.392126136	6.41270362e+12
5.1e-09	1365.63458	278.503778	-824.228609	-1236.01144	0.392119767	6.41270842e+12
5.11e-09	925.232505	1005.17695	438.709978	234.452265	0.392135112	6.41271622e+12
5.12e-09	586.811436	-506.559728	-841.160344	458.690221	0.392127209	6.41272383e+12
5.13e-09	-576.168193	-378.43013	-1175.90296	1362.48184	0.392125188	6.41272785e+12
5.14e-09	-653.790268	559.459117	-1066.27749	899.594905	0.392140354	6.41273502e+12
5.15e-09	-1383.06604	1428.35819	-1211.95462	659.675137	0.392153314	6.41274608e+12
5.16e-09	-1004.11272	699.290897	-372.188699	-702.614473	0.392172877	6.41276536e+12
5.17e-09	-1382.43249	716.195427	-66.8608312	-86.8703588	0.392164631	6.41278364e+12
5.18e-09	-1323.50629	1735.22872	151.727341	-11.9953498	0.392200999	6.41280363e+12
5.19e-09	231.318594	-3.9313621	592.054386	-997.304735	0.392203589	6.41283372e+12
5.2e-09	97.3086825	382.354777	1272.83294	-227.774511	0.392197944	6.41285947e+12
5.21e-09	-478.338712	441.627744	2347.67573	-672.754659	0.39220961	6.41288048e+12
5.22e-09	-196.666394	1056.15711	97.1476156	-1728.55892	0.392237184	6.41291066e+12
5.23e-09	331.942448	-523.715521	726.155634	-1295.54465	0.392253632	6.41294665e+12
5.24e-09	655.703814	-301.550812	-407.968746	-434.488538	0.392255105	6.41298396e+12
5.25e-09	-656.546373	621.426608	749.385971	-558.065528	0.392244922	6.41301401e+12
5.26e-09	-1039.08688	259.699467	1313.75562	-966.257887	0.39224702	6.41303893e+12
5.27e-09	-1600.47388	-991.802175	548.149292	1001.50637	0.392264075	6.41306646e+12
5.28e-09	33.2864929	-503.593823	1102.5269	633.378086	0.392266707	6.41309592e+12
5.29e-09	841.812373	-422.905076	373.34844	-787.081724	0.392264348	6.41312179e+12
5.3e-09	289.265441	-248.677863	340.285227	272.885421	0.392253511	6.41314189e+12
5.31e-09	-314.215558	-232.453475	-294.354237	87.0669432	0.392234155	6.41315389e+12
5.32e-09	-680.380966	-419.580634	-121.601973	1312.62954	0.392233801	6.41315984e+12
5.33e-09	4.0585869	152.450246	1316.10917	846.270474	0.392243831	6.41316666e+12
5.34e-09	279.63617	-228.660939	-934.435939	75.7834231	0.39223366	6.41317393e+12
5.35e-09	1020.8184	-78.7533227	-413.636283	603.18752	0.392224689	6.41317571e+12
5.36e-09	-94.5987414	367.848149	1078.79706	350.451674	0.392218563	6.4131744e+12
5.37e-09	49.2591619	1035.68071	1107.1102	-100.483198	0.392222848	6.41317266e+12
5.38e-09	-214.626884	355.069195	670.175599	593.566027	0.392214008	6.413171e+12
5.39e-09	-160.103843	392.857226	-235.231229	539.751828	0.392202938	6.41316499e+12
5.4e-09	41.5185056	673.459338	-513.293236	-284.500404	0.392192261	6.41315381e+12
5.41e-09	-82.7179243	834.70886	151.74072	-816.667133	0.392189212	6.41314181e+12
5.42e-09	-131.431887	1455.99132	-690.57173	-162.510783	0.392193512	6.41313056e+12
5.43e-09	1104.54802	1111.14293	54.2796861	-916.230453	0.392194948	6.41312176e+12
5.44e-09	449.625712	158.618498	38.3585781	-1286.62209	0.392209643	6.41311654e+12
5.45e-09	1686.72284	771.963533	439.088759	-404.475573	0.392218081	6.41311745e+12
5.46e-09	1551.55824	1206.38715	814.324417	-804.414819	0.392235428	6.41312238e+12
5.47e-09	1145.99609	951.69369	-124.786167	1875.47053	0.392247724	6.41313471e+12
5.48e-09	315.690124	1722.55935	577.801806	878.034779	0.392275221	6.4131555e+12
5.49e-09	294.025837	-443.819846	-0.681025859	-538.015652	0.392265839	6.41317908e+12
5.5e-09	706.313222	469.679042	-899.201594	-1322.86441	0.392258219	6.41319371e+12
5.51e-09	381.063456	129.781395	18.0731524	86.3205095	0.392251007	6.41320597e+12
5.52e-09	-845.301363	-83.6191389	208.196506	-558.807278	0.392230032	6.41320935e+12
5.53e-09	-1271.08048	-859.370261	-291.459743	-729.908516	0.392226564	6.41320654e+12
5.54e-09	534.237349	333.784646	-23.0030004	-1241.7584	0.39221829	6.41320276e+12
5.55e-09	1170.43722	-672.125068	-251.515871	-1941.1796	0.39222875	6.41319753e+12
5.56e-09	27.4732031	-269.397912	-252.896889	16.1570278	0.392256736	6.41320498e+12
5.57e-09	-991.229454	428.185934	520.23927	134.750607	0.392248852	6.41321252e+12
5.58e-09	-832.689482	-100.863475	233.694661	-356.880619	0.39224947	6.41321928e+12
5.59e-09	-394.768809	243.381419	1427.11319	672.012502	0.39223695	6.41322151e+12
5.6e-09	-850.649596	330.000509	1406.17765	518.636513	0.392245783	6.4132224e+12
5.61e-09	824.659544	38.4878452	1179.35656	127.893457	0.392250532	6.41322779e+12
5.62e-09	833.504323	713.243997	-106.031858	-58.4679468	0.392245922	6.41323251e+12
5.63e-09	-385.462814	831.371018	-412.260801	-551.37814	0.392234461	6.41323301e+12
5.64e-09	964.856875	-184.493859	80.1601166	-1690.89271	0.392233029	6.41322944e+12
5.65e-09	-782.855867	-390.506853	1364.29286	311.85926	0.392227901	6.41322707e+12
5.66e-09	-463.886454	-172.941458	655.695065	938.652486	0.392217671	6.41322172e+12
5.67e-09	-357.221211	-458.253477	800.476157	-381.290024	0.392209917	6.41321174e+12
5.68e-09	-295.68363	-903.501437	2216.85185	-676.144866	0.392225655	6.41320098e+12
5.69e-09	-833.155841	-292.433686	1095.16507	-385.299229	0.392268624	6.41321006e+12
5.7e-09	-778.623575	-1415.10263	784.813728	339.839751	0.392262347	6.41322373e+12
5.71e-09	-809.477117	210.144599	-308.2574	-250.727233	0.392259657	6.41323528e+12
5.72e-09	-1064.17571	-144.562873	284.133307	770.784858	0.392253044	6.41324155e+12
5.73e-09	-1990.23026	670.110183	-104.109545	108.731987	0.392269477	6.41324903e+12
5.74e-09	-829.208908	-9.19393758	396.266208	-744.298208	0.392274888	6.41326306e+12
5.75e-09	-811.847515	368.041652	521.98494	899.734718	0.392258496	6.41327187e+12
5.76e-09	-351.162396	184.864717	829.325178	31.9231212	0.392248098	6.41327461e+12
5.77e-09	1666.78234	-21.3167543	835.095578	-376.495183	0.392239775	6.41327157e+12
5.78e-09	786.410489	-123.946319	966.005158	920.227611	0.39224901	6.41327043e+12
5.79e-09	-530.382223	-311.204752	911.859371	-133.073084	0.392246894	6.41327013e+12
5.8e-09	-276.338509	-435.259326	469.760255	140.237064	0.392232022	6.41326679e+12
5.81e-09	-528.894174	151.182168	405.080812	39.5552376	0.392218771	6.41325733e+12
5.82e-09	975.043372	617.216119	-56.5526747	429.290536	0.392200797	6.41324283e+12
5.83e-09	1717.47141	358.446548	285.697739	120.858268	0.392193785	6.41322372e+12
5.84e-09	1208.3638	-256.534221	-293.944302	-726.511193	0.392199828	6.41320701e+12
5.85e-09	830.423488	478.702143	-1137.41613	-76.3606285	0.392202123	6.41319354e+12
5.86e-09	-6.19567161	-124.327771	-122.938164	-622.062367	0.392187594	6.41317962e+12
5.87e-09	-153.878912	529.527749	814.49992	-527.918805	0.392169155	6.41315923e+12
5.88e-09	-461.657001	243.740108	704.338829	-1159.73322	0.392179691	6.41313807e+12
5.89e-09	-2016.47419	479.000098	-176.218532	-1227.32502	0.392194743	6.4131239e+12
5.9e-09	-731.276632	102.968678	4.38279227	-681.13617	0.392204211	6.41312037e+12
5.91e-09	-222.593063	-1021.46535	344.190623	-1230.92135	0.392212994	6.41311888e+12
5.92e-09	-901.362032	-1032.37414	303.102179	600.060457	0.392225338	6.41312097e+12
5.93e-09	-656.69581	185.596077	917.744125	66.8804023	0.392217263	6.41312512e+12
5.94e-09	43.4811614	156.174483	228.023222	784.375402	0.392206887	6.41312536e+12
5.95e-09	-367.951766	-469.856141	371.899882	-22.076686	0.392189022	6.4131191e+12
5.96e-09	-791.934111	18.2265013	-379.878981	403.349943	0.392174616	6.41310607e+12
5.97e-09	-1012.85438	180.823225	209.507458	683.604041	0.39216157	6.41308938e+12
5.98e-09	-1027.58054	-310.795993	-332.37742	39.4327184	0.392150752	6.41306893e+12
5.99e-09	-1061.02542	-469.246167	-469.657897	744.136823	0.392157643	6.41304961e+12
6e-09	-461.184214	-157.095089	305.23129	307.745092	0.392150957	6.41303314e+12
6.01e-09	-102.45695	-965.451887	825.256201	-369.312097	0.392150483	6.41301605e+12
6.02e-09	-339.383702	53.4999564	460.273555	-565.938809	0.392148218	6.41299974e+12
6.03e-09	-496.931915	-1056.44091	-523.25839	-252.121078	0.392152427	6.41298423e+12
6.04e-09	-807.73595	-174.148377	26.9437833	-321.877931	0.392141731	6.41297128e+12
6.05e-09	-319.568656	867.427008	1009.69108	-286.612617	0.392136646	6.41295489e+12
6.06e-09	-541.506876	488.507915	873.280956	-1367.05388	0.39213476	6.41293937e+12
6.07e-09	-712.643384	-634.971146	315.508709	-887.795555	0.392138748	6.41292694e+12
6.08e-09	-965.40112	667.250871	-700.46467	158.636881	0.39213482	6.41291427e+12
6.09e-09	690.38215	-653.003607	-791.091755	-858.769859	0.392132293	6.41290306e+12
6.1e-09	-87.4655717	-232.698021	-381.646984	1107.94981	0.392129218	6.41289188e+12
6.11e-09	883.809302	-46.6182738	-409.010328	753.293456	0.392121836	6.4128783e+12
6.12e-09	199.382131	591.316217	-28.6709437	637.147001	0.392110194	6.4128629e+12
6.13e-09	-1170.29523	432.918816	-661.35534	748.452082	0.392111031	6.41284482e+12
6.14e-09	-174.294465	155.370063	11.5557381	-399.439929	0.392100734	6.4128291e+12
6.15e-09	952.221012	-875.950219	-1447.71232	246.162901	0.392089972	6.41280879e+12
6.16e-09	891.396101	-178.809313	-940.917449	896.892475	0.392112691	6.41279303e+12
6.17e-09	-45.5690777	414.453094	-742.522617	-387.648771	0.392102576	6.41278347e+12
6.18e-09	-399.715416	-73.8971975	-1082.8415	-58.3354008	0.392097544	6.41277089e+12
6.19e-09	108.101793	-74.800679	-131.658471	623.646221	0.392090153	6.41275665e+12
6.2e-09	115.648679	652.047849	274.10415	-377.986743	0.39207945	6.41274e+12
6.21e-09	119.77985	886.89274	224.118137	-435.744417	0.392065938	6.41272011e+12
6.22e-09	261.283433	896.700027	1005.10499	-806.276068	0.392074411	6.41269996e+12
6.23e-09	-852.171033	1007.96185	-910.623696	-367.467134	0.392069616	6.41268403e+12
6.24e-09	48.4064167	843.155821	-870.320153	-1008.50792	0.392071463	6.41267032e+12
6.25e-09	-334.67332	108.367304	-915.052405	277.809359	0.392067929	6.41265691e+12
6.26e-09	-1307.61551	176.257593	-190.105832	707.673221	0.392061926	6.41264189e+12
6.27e-09	-914.622668	539.019552	160.052807	-425.437958	0.392067124	6.41262978e+12
6.28e-09	-612.680355	249.184901	185.059341	-470.172302	0.392057008	6.41261757e+12
6.29e-09	-1506.33899	191.883237	1101.85605	-823.891192	0.392059706	6.41260305e+12
6.3e-09	-516.34718	-23.8247537	1346.44134	-73.7932625	0.392079418	6.41259616e+12
6.31e-09	-946.189285	83.4543665	1020.18334	-129.971846	0.392087738	6.41259519e+12
6.32e-09	-1392.59548	-733.951154	327.954418	-496.046985	0.392091505	6.41259769e+12
6.33e-09	-344.439476	-1126.70775	-57.9270861	-658.837167	0.392113553	6.41260396e+12
6.34e-09	-358.625044	323.63995	-1160.97866	-124.658172	0.392101109	6.4126131e+12
6.35e-09	-270.066279	1213.42623	-1330.91079	-213.338302	0.392118769	6.41262105e+12
6.36e-09	-849.817677	-189.393766	-327.679344	1149.54655	0.39212728	6.41263389e+12
6.37e-09	135.131342	-285.256717	-697.732647	1501.8152	0.392147158	6.41265135e+12
6.38e-09	746.658337	749.059251	-106.062836	876.54336	0.392149853	6.41267325e+12
6.39e-09	50.9292484	-3.77586883	973.229013	-498.004786	0.392138346	6.4126911e+12
6.4e-09	1023.56911	-946.763431	473.453261	193.433444	0.3921264	6.41270204e+12
6.41e-09	660.559743	-224.979135	-253.233419	1147.37025	0.392140035	6.41271121e+12
6.42e-09	-190.424208	227.623209	796.192211	776.150738	0.392143839	6.41272341e+12
6.43e-09	277.883991	-527.461052	-178.71898	319.779584	0.39212708	6.41273225e+12
6.44e-09	-1294.54126	773.406251	1150.14776	-765.164347	0.392119298	6.41273372e+12
6.45e-09	-98.0103929	1494.74516	995.323144	-314.352265	0.39213202	6.41273704e+12
6.46e-09	141.785768	189.118877	-140.610564	-1127.88806	0.392152523	6.41274841e+12
6.47e-09	301.755264	763.454763	822.567227	183.322642	0.39214968	6.41276094e+12
6.48e-09	306.217066	458.219988	174.31565	60.5255444	0.392135423	6.41276943e+12
6.49e-09	311.078416	1215.08844	658.831792	-192.721567	0.392121855	6.41277049e+12
6.5e-09	270.529676	603.619085	540.197881	258.358698	0.39211068	6.4127669e+12
6.51e-09	654.53409	1560.96687	457.977601	657.31081	0.392113696	6.41275952e+12
6.52e-09	325.169339	1365.90147	-29.8788451	-26.9303977	0.392124354	6.4127577e+12
6.53e-09	-193.029271	-398.796502	-260.050304	651.995111	0.392114008	6.41275602e+12
6.54e-09	-134.680235	-1240.37345	-518.835713	45.4022935	0.392116437	6.41275218e+12
6.55e-09	-691.407516	-206.718362	-87.8397797	-132.093987	0.392118027	6.41274978e+12
6.56e-09	-198.153587	-942.685687	-591.254819	-300.123209	0.392102085	6.41274535e+12
6.57e-09	-1057.16305	-1123.34779	1695.863	-92.5969718	0.392100908	6.41273569e+12
6.58e-09	-765.992621	-374.508886	940.987367	148.544415	0.392127416	6.41273404e+12
6.59e-09	166.836875	-501.645502	499.206306	678.450275	0.392124616	6.4127382e+12
6.6e-09	-664.282825	-1051.9344	908.771709	297.706683	0.392124812	6.41274007e+12
6.61e-09	-19.6206007	-384.46793	841.800389	167.417855	0.392116577	6.41274085e+12
6.62e-09	-528.080946	1408.90575	1476.98495	-528.263675	0.39212169	6.41273912e+12
6.63e-09	-508.127734	273.977394	1006.68639	596.045977	0.392136613	6.41274431e+12
6.64e-09	-82.6743739	-1482.56807	510.979374	-1222.27172	0.392142126	6.41275052e+12
6.65e-09	144.075583	-519.391044	188.077297	-609.966621	0.392150233	6.41276233e+12
6.66e-09	238.543987	-255.68226	363.219664	-995.940116	0.39213648	6.41277056e+12
6.67e-09	467.346863	724.286034	-34.8894293	793.597972	0.392123685	6.41277179e+12
6.68e-09	33.5567245	696.98115	695.23229	-530.030519	0.392130625	6.41277135e+12
6.69e-09	-175.558115	132.753629	471.141171	-864.61616	0.392116778	6.41276979e+12
6.7e-09	-572.568051	673.433141	796.741234	-1846.37096	0.392133823	6.41276732e+12
6.71e-09	3.06218016	-117.737701	-262.209447	-1121.56358	0.39213091	6.412772e+12
6.72e-09	112.81552	-1430.49339	-48.4996054	-404.723705	0.392137933	6.41277412e+12
6.73e-09	435.587209	-645.454277	-260.742249	1126.40154	0.392141945	6.41277871e+12
6.74e-09	-648.60036	-950.622137	-302.175064	973.198546	0.392147397	6.41278492e+12
6.75e-09	-588.276335	-402.003385	-380.837921	-534.184341	0.392135278	6.41279002e+12
6.76e-09	-1131.94901	55.5555667	309.258234	842.248931	0.392136355	6.41279049e+12
6.77e-09	-943.460865	-447.016532	-285.078655	578.029516	0.392138497	6.41279357e+12
6.78e-09	-682.801013	311.760087	-394.570851	-375.876561	0.392127925	6.41279395e+12
6.79e-09	491.323837	358.364478	-523.384021	163.61776	0.39211775	6.41278953e+12
6.8e-09	105.211534	1032.24339	-383.75795	-596.05346	0.392118076	6.41278366e+12
6.81e-09	-1476.89332	834.76235	-269.532655	441.604929	0.392106993	6.412776e+12
6.82e-09	-1727.22431	140.618218	143.401169	654.90213	0.392120679	6.4127693e+12
6.83e-09	-1973.09257	235.362292	-785.655852	-13.714672	0.392142824	6.41276997e+12
6.84e-09	-1016.64677	-84.8565741	-402.722497	-306.623847	0.392140999	6.4127784e+12
6.85e-09	-147.210535	-485.901875	-467.155103	149.819387	0.392131316	6.4127821e+12
6.86e-09	-607.379066	-478.104244	618.474089	-848.875856	0.392115656	6.41277938e+12
6.87e-09	-91.4355565	-63.94513	586.185282	-290.928154	0.392106565	6.41277237e+12
6.88e-09	-528.402096	-164.138228	-603.502136	199.848334	0.392102518	6.4127625e+12
6.89e-09	-643.222593	-254.372787	-1378.38644	-398.377268	0.392109088	6.41275235e+12
6.9e-09	93.2220112	-1346.32522	-542.129707	247.061141	0.392104816	6.4127462e+12
6.91e-09	2228.01621	-266.487838	-124.166086	-186.306232	0.392119721	6.41274109e+12
6.92e-09	741.625386	688.57025	-145.502257	1594.52436	0.392122758	6.41274237e+12
6.93e-09	200.828124	-104.643009	-1831.69488	1233.72201	0.392163712	6.41275001e+12
6.94e-09	892.516881	217.236411	-1323.9545	470.071569	0.392167696	6.41276986e+12
6.95e-09	63.4735797	49.3193287	-818.396137	-560.133289	0.39216633	6.4127884e+12
6.96e-09	1198.04214	1381.99928	-2180.23291	153.448078	0.392178837	6.41280383e+12
6.97e-09	881.384849	1216.40873	-1447.12158	228.40769	0.392219697	6.41283346e+12
6.98e-09	419.482972	508.065944	-1525.89939	-269.388686	0.392232049	6.41286987e+12
6.99e-09	1054.37995	963.475203	-1026.81552	-901.404542	0.392248293	6.41290765e+12
7e-09	1506.7453	416.82266	-914.527931	-1297.18796	0.392254302	6.41294636e+12
7.01e-09	773.102115	158.373416	-329.008098	-793.218494	0.392254438	6.41298446e+12
7.02e-09	894.705325	357.620786	758.251048	517.96627	0.392243265	6.41301412e+12
7.03e-09	853.082003	252.935079	-1192.34767	1054.19433	0.392237061	6.41303765e+12
7.04e-09	117.896229	624.126943	-698.772641	1346.14771	0.392237459	6.41305772e+12
7.05e-09	-109.76476	-581.705326	-731.582849	105.966724	0.39223843	6.41307491e+12
7.06e-09	-520.753287	-790.653276	-710.60753	-1481.94909	0.392240021	6.41309057e+12
7.07e-09	-931.862714	95.2334782	-492.086508	765.223884	0.392237035	6.41310625e+12
7.08e-09	707.648145	-708.057491	-637.789727	854.95044	0.392225079	6.41311686e+12
7.09e-09	201.003892	-176.653389	243.377164	-229.313386	0.39221698	6.41312169e+12
7.1e-09	-640.614273	153.131529	456.218284	-421.437267	0.392210125	6.41312238e+12
7.11e-09	-762.646467	-298.236433	-420.66859	-420.323177	0.392211485	6.41312118e+12
7.12e-09	-541.123549	-392.117271	-10.7482169	-609.478173	0.392204408	6.41311918e+12
7.13e-09	-677.307386	-817.644033	-992.132126	-847.256386	0.392197079	6.41311414e+12
7.14e-09	291.25146	536.004983	-1612.83401	-616.081944	0.392212829	6.41311123e+12
7.15e-09	-989.006136	658.825697	-96.3066985	-1338.15285	0.392219054	6.413115e+12
7.16e-09	-1283.3145	780.614001	-1181.71723	-1845.6812	0.392247244	6.41312196e+12
7.17e-09	-1126.10002	848.312362	-184.377259	-1389.49811	0.392247907	6.41313922e+12
7.18e-09	-1374.27205	467.807799	-63.897412	353.22412	0.392263742	6.4131563e+12
7.19e-09	-807.03797	635.707098	-474.00297	139.901456	0.392257471	6.41317368e+12
7.2e-09	-1312.48058	-7.5441351	-356.087138	-56.1747884	0.392253473	6.41318609e+12
7.21e-09	-1354.03706	-241.881889	113.80445	335.622005	0.392255942	6.41319686e+12
7.22e-09	-290.023962	219.037224	745.652177	206.160463	0.392247684	6.41320662e+12
7.23e-09	23.5793328	-1290.97029	228.254463	468.217149	0.392231574	6.41320963e+12
7.24e-09	-1220.41165	-595.065859	732.520533	1022.28887	0.392237845	6.41320939e+12
7.25e-09	-740.259822	-429.551911	590.976545	1324.27053	0.392240032	6.4132131e+12
7.26e-09	-964.407787	-423.457419	-514.621057	736.166074	0.392237766	6.41321533e+12
7.27e-09	-1264.40766	-1249.58747	1118.14917	770.50704	0.392244344	6.41321633e+12
7.28e-09	-584.684183	-653.747241	-241.930551	474.760742	0.392241082	6.41322046e+12
7.29e-09	145.175961	-178.786239	-434.901664	862.291526	0.392238523	6.4132221e+12
7.3e-09	-154.646286	225.441281	1195.24055	-1029.73176	0.392229604	6.41322024e+12
7.31e-09	148.593438	1045.20771	-203.917695	-1388.68942	0.392223797	6.4132171e+12
7.32e-09	353.665681	59.6306297	-632.431216	-1152.59847	0.392230723	6.41321346e+12
7.33e-09	108.723537	1395.34581	-771.675344	-484.53294	0.392221099	6.41321032e+12
7.34e-09	384.231074	849.661073	74.453552	-1540.57226	0.392226636	6.41320601e+12
7.35e-09	-35.57787	360.210198	-123.082002	-1249.18595	0.392248872	6.4132079e+12
7.36e-09	135.561148	358.07509	-590.803633	-230.024609	0.392240597	6.41321314e+12
7.37e-09	-1522.76477	239.230979	-345.783093	-108.172327	0.392227309	6.41321305e+12
7.38e-09	-1196.26581	-251.235407	1572.40846	-835.763362	0.392261124	6.41321591e+12
7.39e-09	-981.818837	954.493173	1032.01405	-457.82568	0.392277431	6.41323126e+12
7.4e-09	-1090.49355	1660.7964	-31.2605445	-315.594916	0.392289334	6.41324886e+12
7.41e-09	-825.476191	2078.92418	263.06319	-400.798144	0.392295413	6.41327007e+12
7.42e-09	-400.743294	98.5033006	102.631389	-432.42784	0.392294119	6.41329223e+12
7.43e-09	-374.517844	515.418551	877.030238	-117.680551	0.392281623	6.41330759e+12
7.44e-09	-312.423455	394.526773	-904.993463	870.072688	0.392274574	6.41331625e+12
7.45e-09	-863.629083	122.627827	-215.995702	-32.8878251	0.392275686	6.41332341e+12
7.46e-09	625.783769	-701.491419	125.869254	-752.613851	0.39226034	6.41332692e+12
7.47e-09	56.0965381	-1771.90229	362.41738	451.167828	0.39225925	6.41332571e+12
7.48e-09	-1268.29519	-569.85731	-187.463158	-982.42738	0.392258792	6.41332545e+12
7.49e-09	730.001522	345.730005	1106.05077	-281.161092	0.392250399	6.41332348e+12
7.5e-09	2105.27384	72.2871745	103.300406	-90.9327817	0.392267938	6.41331964e+12
7.51e-09	2020.93169	-726.667462	13.0936803	-1298.88478	0.392307602	6.41333095e+12
7.52e-09	504.600617	455.289654	-810.68643	112.762317	0.392316882	6.41335484e+12
7.53e-09	952.597594	-928.911818	217.852588	491.03482	0.392303817	6.41337266e+12
7.54e-09	-69.4278254	10.9733447	-236.110236	738.585933	0.392300906	6.41338516e+12
7.55e-09	421.476458	236.390623	-526.645316	469.77003	0.392283341	6.41339197e+12
7.56e-09	431.182657	583.831076	202.10592	630.704528	0.392264641	6.41339049e+12
7.57e-09	633.44716	575.738239	-311.04556	-212.156619	0.392249708	6.41338229e+12
7.58e-09	1221.04586	1700.51441	-778.191169	-671.844465	0.392243575	6.41336946e+12
7.59e-09	243.951784	1049.17465	-688.26779	-956.764929	0.392284325	6.4133669e+12
7.6e-09	1663.44738	645.766363	-897.272917	-159.843424	0.392294721	6.41337439e+12
7.61e-09	1622.62421	-416.333808	-786.972657	661.875061	0.392295007	6.41338415e+12
7.62e-09	953.870524	405.901868	-406.270979	-111.124213	0.392290905	6.41339291e+12
7.63e-09	70.6190382	311.640146	-901.47458	171.73684	0.392278984	6.41339623e+12
7.64e-09	375.677552	-13.4781221	-2049.20724	903.27674	0.392293798	6.41339732e+12
7.65e-09	1237.00759	-301.670157	-2181.41941	663.409155	0.392342853	6.41341268e+12
7.66e-09	1382.27677	64.5232485	-1458.58462	-184.567344	0.392369898	6.41344494e+12
7.67e-09	540.521123	1103.78598	-1453.32715	220.719097	0.392393677	6.41348348e+12
7.68e-09	452.979878	298.792247	-375.050997	719.180705	0.39238727	6.41352308e+12
7.69e-09	196.821228	1234.41832	-592.613526	1768.71024	0.392379935	6.41355367e+12
7.7e-09	-394.734249	1043.23678	-727.870931	1371.66248	0.392399714	6.41358518e+12
7.71e-09	-168.406342	1377.32703	69.6393099	794.260348	0.392404183	6.41361788e+12
7.72e-09	-68.8627231	-858.393058	472.489173	533.884228	0.392396224	6.41364677e+12
7.73e-09	-210.45208	-298.262298	517.582097	572.993216	0.392385781	6.41366844e+12
7.74e-09	5.93830323	-237.874208	-0.363547893	1157.72626	0.392370984	6.41368247e+12
7.75e-09	-1073.35619	1015.08865	195.413845	749.982204	0.392373087	6.41369227e+12
7.76e-09	-148.564271	-1691.86104	-297.482039	-830.974163	0.392375489	6.41370122e+12
7.77e-09	-439.546849	-748.219809	133.400995	-961.510404	0.392378792	6.41371144e+12
7.78e-09	4.16427368	-542.212807	-527.218975	398.552614	0.392377259	6.4137224e+12
7.79e-09	1330.8776	-621.296292	62.0659722	709.710167	0.392383218	6.41373008e+12
7.8e-09	-473.016944	385.513331	189.403116	-292.325918	0.392374721	6.41373941e+12
7.81e-09	591.787134	-78.7285154	186.546553	35.9222184	0.392356415	6.41374076e+12
7.82e-09	-185.632534	591.223965	-303.163916	-309.682062	0.392343407	6.41373501e+12
7.83e-09	756.759771	704.914048	480.076935	550.632909	0.392325818	6.41372349e+12
7.84e-09	749.521791	452.516705	-69.8937915	324.274521	0.392318535	6.41370905e+12
7.85e-09	-145.697939	-716.307825	-410.418313	698.946675	0.392303835	6.41369043e+12
7.86e-09	1110.75598	-22.5363856	975.802788	342.10885	0.39230129	6.41366902e+12
7.87e-09	937.460333	710.444163	922.791594	1595.33741	0.392304676	6.41364963e+12
7.88e-09	1175.88255	-543.542252	419.530085	584.571853	0.392307201	6.41363642e+12
7.89e-09	647.640795	708.60465	299.275265	-178.498424	0.392300821	6.41362233e+12
7.9e-09	708.133059	-79.9932849	103.816367	-1152.14076	0.392300676	6.41360767e+12
7.91e-09	390.762087	-7.47710491	-580.659057	-969.098271	0.392304203	6.41359578e+12
7.92e-09	383.388584	668.58012	500.0997	-1171.38357	0.392294952	6.41358367e+12
7.93e-09	1759.83615	309.956555	-531.249809	-83.9417167	0.392292851	6.41357079e+12
7.94e-09	-90.4598796	563.639484	-1232.64548	-154.412673	0.39229175	6.41355839e+12
7.95e-09	-787.002785	16.239488	-1391.91314	-263.018133	0.392296414	6.41354743e+12
7.96e-09	116.559006	-142.458044	-809.809159	-622.422176	0.392286498	6.41353778e+12
7.97e-09	274.862072	477.730438	271.66634	47.2257495	0.392271153	6.41352342e+12
7.98e-09	-388.161875	241.229031	678.302985	-703.361399	0.392252703	6.41350319e+12
7.99e-09	-1299.90253	1155.95998	714.285428	-335.134694	0.392253189	6.41348011e+12
8e-09	-66.5150839	103.807192	-499.223192	-125.645802	0.392242583	6.41345882e+12
8.01e-09	184.381899	-664.238673	1035.35084	1231.93073	0.392229292	6.41343354e+12
8.02e-09	-87.8588639	762.151427	-431.964049	381.657884	0.392227017	6.41340938e+12
8.03e-09	-341.540043	666.005201	90.2203178	36.8463384	0.392214289	6.41338333e+12
8.04e-09	-577.213912	251.822699	1159.03612	564.200104	0.392206715	6.41335508e+12
8.05e-09	-6.2834381	-48.2758241	417.711506	-86.2079293	0.392198343	6.41332746e+12
8.06e-09	550.186792	41.1131195	26.511303	447.475874	0.392181285	6.41329619e+12
8.07e-09	1020.99885	-525.340116	144.291607	500.274179	0.392176875	6.41326313e+12
8.08e-09	637.321931	-26.7211558	865.715832	462.383052	0.392179503	6.4132338e+12
8.09e-09	953.486975	608.770977	-168.752185	-230.705102	0.39216971	6.41320631e+12
8.1e-09	451.544709	-488.966568	75.7711358	-573.035617	0.392157052	6.41317728e+12
8.11e-09	218.89379	-1370.99022	163.663204	-1211.68382	0.392146806	6.41314537e+12
8.12e-09	873.316783	-14.0980563	-715.030985	-343.313332	0.392150524	6.41311635e+12
8.13e-09	899.858481	509.079745	-1114.73463	-227.243681	0.392156345	6.41309073e+12
8.14e-09	-714.203241	696.87975	-190.760603	-817.175225	0.392152602	6.41306882e+12
8.15e-09	671.270561	-73.4133965	374.8782	296.993185	0.39214012	6.41304712e+12
8.16e-09	1082.45708	291.254302	596.191072	-402.800124	0.392139852	6.41302334e+12
8.17e-09	181.893295	596.902698	-568.108475	118.474332	0.392129639	6.41300116e+12
8.18e-09	-228.958347	644.733723	-1023.34382	-20.3200406	0.392118613	6.41297605e+12
8.19e-09	-326.91554	1266.09725	-1298.19749	825.098866	0.392112567	6.41294901e+12
8.2e-09	-518.915862	798.21141	-1426.85068	-229.289237	0.392126921	6.4129275e+12
8.21e-09	-1163.9915	85.1756268	-478.910119	-400.943876	0.392136962	6.41291415e+12
8.22e-09	-457.171994	-147.974098	630.425175	781.590396	0.392127416	6.41290209e+12
8.23e-09	66.1579985	472.944558	-294.784986	93.6382885	0.392119052	6.41288736e+12
8.24e-09	744.089532	-88.9712965	884.321109	206.06527	0.392104252	6.4128683e+12
8.25e-09	66.0878496	-125.105388	-509.77375	377.208315	0.39209131	6.41284596e+12
8.26e-09	825.018857	-1225.03895	396.530114	1151.97686	0.392094144	6.41282286e+12
8.27e-09	598.675602	-1595.11178	-470.068331	1231.91203	0.392123322	6.41280869e+12
8.28e-09	329.315552	-664.544827	407.151482	450.877785	0.392131572	6.41280666e+12
8.29e-09	172.549486	-249.401136	215.251726	545.61702	0.392116022	6.41280217e+12
8.3e-09	621.752473	-885.879465	-108.958347	158.453148	0.392100024	6.4127909e+12
8.31e-09	877.694786	399.181065	54.9808238	762.983646	0.392092959	6.41277609e+12
8.32e-09	701.458296	101.813956	-232.144916	899.599007	0.39209479	6.41276139e+12
8.33e-09	630.291742	282.193285	292.858396	-579.743667	0.392087107	6.41274791e+12
8.34e-09	697.181088	-247.153825	26.3476694	1134.83633	0.392074434	6.41273084e+12
8.35e-09	904.054582	-1369.67883	-395.214373	1631.19088	0.392091264	6.41271448e+12
8.36e-09	1862.65793	409.074216	719.026288	546.290229	0.392129175	6.41271225e+12
8.37e-09	1004.17704	1680.14054	-917.199595	-766.332752	0.392141891	6.41272255e+12
8.38e-09	1103.00048	1784.55649	-968.476042	-335.213659	0.392163031	6.41273951e+12
8.39e-09	1166.29458	-371.983335	327.191351	171.828711	0.392193081	6.41276637e+12
8.4e-09	1006.21475	-518.37683	-237.51297	189.886899	0.392183398	6.41279342e+12
8.41e-09	545.237265	-345.795007	-1135.60674	463.837394	0.392183729	6.41281486e+12
8.42e-09	138.634865	546.845693	-306.342796	411.674718	0.392173915	6.41283329e+12
8.43e-09	672.537161	572.176179	1246.39241	-105.778532	0.392169645	6.4128447e+12
8.44e-09	136.010717	1236.28793	590.650278	340.554734	0.392172024	6.41285523e+12
8.45e-09	-1086.20046	347.64175	118.60005	444.023401	0.392192315	6.41286944e+12
8.46e-09	-846.276185	-1336.59118	-99.2762672	-588.846968	0.392183456	6.41288539e+12
8.47e-09	-619.188609	-860.356211	853.895372	-1000.80038	0.392180065	6.41289766e+12
8.48e-09	-407.848846	-370.096347	245.773542	182.150836	0.392175149	6.41290687e+12
8.49e-09	-461.150702	-508.698308	-1956.05128	97.7140712	0.392182581	6.41291308e+12
8.5e-09	229.270641	397.325303	-1120.91917	-442.685191	0.392191932	6.41292494e+12
8.51e-09	776.624847	-160.922284	-2.38346221	-218.524323	0.392185049	6.41293641e+12
8.52e-09	311.276067	-95.443306	-97.6449426	-587.124903	0.392170071	6.41294101e+12
8.53e-09	265.779565	-577.411565	609.841162	29.9850938	0.39215948	6.41293964e+12
8.54e-09	-685.698403	-62.226444	-202.455105	-821.541805	0.392147134	6.41293342e+12
8.55e-09	-402.773351	-1329.25636	-659.770454	442.288394	0.392138318	6.41292328e+12
8.56e-09	-233.588165	199.400525	-678.919327	602.185277	0.392128698	6.41291118e+12
8.57e-09	1073.45154	170.388384	1473.33662	716.046736	0.392123516	6.41289507e+12
8.58e-09	-433.875127	-136.427518	610.491781	198.513335	0.392125703	6.41288181e+12
8.59e-09	-321.339301	359.127175	-485.249402	2466.62928	0.392139754	6.41287004e+12
8.6e-09	-305.191005	-255.719554	-681.290562	-1069.0393	0.392150991	6.41286871e+12
8.61e-09	607.612733	171.075006	-1049.75811	-810.481375	0.392155968	6.41287067e+12
8.62e-09	1191.53154	-530.717791	-52.4418437	37.9968181	0.39215129	6.41287215e+12
8.63e-09	601.531436	-909.37165	-1072.9819	887.684545	0.392150928	6.41287219e+12
8.64e-09	-111.221493	81.985399	-763.880189	694.761849	0.392157106	6.41287389e+12
8.65e-09	590.43871	1079.46138	-762.518549	-83.9401493	0.392154217	6.41287549e+12
8.66e-09	-757.679746	-125.208903	585.933683	-63.2667996	0.392152901	6.41287615e+12
8.67e-09	98.6833114	41.3523318	692.348738	501.865358	0.392144441	6.4128747e+12
8.68e-09	1151.79124	459.430525	-671.99115	228.367487	0.392133845	6.41286908e+12
8.69e-09	-206.179241	-95.3643112	26.5220958	358.078496	0.392119513	6.41285942e+12
8.7e-09	-38.8598879	-857.352271	-377.763849	30.911851	0.392105017	6.41284377e+12
8.71e-09	-788.020926	1207.27425	-345.985622	150.195991	0.392094937	6.41282476e+12
8.72e-09	-255.893391	741.082435	35.7953518	-383.564363	0.392084996	6.41280398e+12
8.73e-09	920.217461	1106.77315	-1014.83942	-815.608113	0.39207495	6.41278006e+12
8.74e-09	678.224993	316.392012	-630.652167	680.07993	0.392078684	6.41275804e+12
8.75e-09	233.839397	466.762143	1158.81667	-81.9996623	0.392085282	6.41274109e+12
8.76e-09	-415.715909	1255.6592	686.770279	-144.199127	0.392078317	6.41272463e+12
8.77e-09	-432.968646	1251.97832	-67.6703297	504.109737	0.39207383	6.41270838e+12
8.78e-09	45.6936224	555.264777	-383.540915	-634.688583	0.392079124	6.41269318e+12
8.79e-09	-89.3607707	-1.52835822	2.74512587	-406.044699	0.392065353	6.41267841e+12
8.8e-09	26.0165871	-457.109608	-251.367961	326.101502	0.392052659	6.41265932e+12
8.81e-09	324.500003	-201.490998	-587.721906	1080.03156	0.392041347	6.41263663e+12
8.82e-09	-139.129644	-286.944225	-1672.6551	-622.979266	0.392034448	6.41261295e+12
8.83e-09	-77.3656814	-2088.8012	-1219.3088	145.494292	0.392082522	6.41259871e+12
8.84e-09	-513.305128	-809.313455	-569.266537	-561.862877	0.392117863	6.41260652e+12
8.85e-09	-1693.98738	-327.947829	468.753685	-143.571405	0.392125396	6.41262021e+12
8.86e-09	-363.032862	-1561.90533	827.351893	506.463246	0.392131079	6.41263764e+12
8.87e-09	-1115.0362	-606.827135	12.5954343	-44.7180557	0.392154095	6.4126586e+12
8.88e-09	-470.16374	-696.373956	402.928276	317.160681	0.392150842	6.41268099e+12
8.89e-09	-715.039011	-1908.15137	166.19622	370.802493	0.39216114	6.41270212e+12
8.9e-09	-336.852874	-1297.24356	246.555433	-660.350739	0.392186965	6.41273042e+12
8.91e-09	-744.018464	-906.751738	198.277989	370.625383	0.392184804	6.41275987e+12
8.92e-09	-603.859875	-1718.42566	-318.121178	-561.66438	0.39217926	6.41278439e+12
8.93e-09	370.192684	17.3088618	-121.384275	351.501566	0.392178382	6.41280637e+12
8.94e-09	1168.42088	-1060.22078	-82.2082599	378.866055	0.392167818	6.41282161e+12
8.95e-09	1871.44074	-971.140472	-47.0752239	202.145189	0.392175748	6.41283448e+12
8.96e-09	-346.129312	-578.244756	-278.668425	815.153622	0.39217935	6.41285052e+12
8.97e-09	-393.1751	-1075.03986	888.527389	468.34656	0.392188081	6.41286556e+12
8.98e-09	205.029129	-121.721574	171.618999	140.442589	0.39218191	6.41288144e+12
8.99e-09	-809.824874	602.236784	-154.784585	-267.679618	0.392173886	6.41289106e+12
9e-09	-851.755771	-793.902743	-702.752383	498.351712	0.392159941	6.41289533e+12
9.01e-09	-328.204507	71.0101505	-1379.44919	-760.478259	0.392161149	6.41289664e+12
9.02e-09	146.340289	-36.8229232	848.483102	-257.853598	0.392149046	6.41289651e+12
9.03e-09	-1.48654653	-1255.78187	-174.275221	360.920114	0.392142586	6.41289162e+12
9.04e-09	-1446.68109	336.323072	244.459766	162.512954	0.392134075	6.4128837e+12
9.05e-09	332.893284	381.567454	-1604.27704	-799.318664	0.392139051	6.41287526e+12
9.06e-09	8.8539956	908.12659	262.233299	-173.904014	0.392145932	6.41287167e+12
9.07e-09	363.829417	-444.201523	105.044715	-846.576577	0.392133058	6.41286619e+12
9.08e-09	279.421971	-578.201655	915.704681	-961.854291	0.392138895	6.41286074e+12
9.09e-09	-325.157562	-1157.96636	318.739196	-1029.37417	0.392129468	6.41285538e+12
9.1e-09	1115.60235	-509.074688	-170.642798	-12.1145391	0.392130485	6.41284855e+12
9.11e-09	1005.55653	-493.579547	-1063.97038	1024.04013	0.392146052	6.41284363e+12
9.12e-09	-259.228866	685.773305	18.932049	240.019027	0.392140646	6.41284397e+12
9.13e-09	-187.545848	1114.9151	848.214439	380.777927	0.392136862	6.41284032e+12
9.14e-09	-1199.82221	1017.30034	657.516364	-433.657087	0.392137689	6.41283726e+12
9.15e-09	-1086.0702	1036.27888	106.494349	1227.27146	0.392149963	6.41283722e+12
9.16e-09	-515.785051	446.681985	-139.782458	-563.612984	0.392162414	6.41284361e+12
9.17e-09	255.411398	178.513701	-78.621609	221.782896	0.392145598	6.41284813e+12
9.18e-09	-577.287266	219.347931	-377.838064	-207.560201	0.392132711	6.41284506e+12
9.19e-09	135.35399	-394.604739	-164.820043	854.223243	0.39211779	6.41283678e+12
9.2e-09	30.9537975	-865.610616	-1065.65357	-28.0256595	0.392112432	6.41282472e+12
9.21e-09	-655.299032	-1910.91062	-1145.12781	-657.966376	0.392121735	6.41281464e+12
9.22e-09	-1343.99199	-1074.07956	-1287.01106	-461.671308	0.392163982	6.41281745e+12
9.23e-09	331.089044	-617.7558	-391.072702	-365.120574	0.392160274	6.41282936e+12
9.24e-09	372.79978	-1145.71124	-102.381197	-242.876121	0.39215305	6.41283625e+12
9.25e-09	497.078159	6.55434965	1038.9764	843.772948	0.392144325	6.41283831e+12
9.26e-09	731.115792	694.781735	1275.30258	717.979664	0.392147871	6.41283984e+12
9.27e-09	416.178865	1758.49217	787.144889	130.799755	0.392170739	6.41284598e+12
9.28e-09	495.917306	251.891968	-209.522538	-231.01302	0.392162845	6.41285693e+12
9.29e-09	-156.388119	-740.217008	875.598511	-2447.81198	0.392160766	6.4128613e+12
9.3e-09	371.598329	-373.584601	1395.25652	-2122.57874	0.39222296	6.41287857e+12
9.31e-09	-52.7766917	792.052989	237.277115	-1765.00733	0.392242212	6.4129135e+12
9.32e-09	169.544271	857.882645	-22.814069	-1214.93543	0.392257966	6.41295199e+12
9.33e-09	1083.30797	259.60567	1216.97022	657.676751	0.392257249	6.41298872e+12
9.34e-09	588.670274	1446.8828	-748.396469	-157.730056	0.392251291	6.41302064e+12
9.35e-09	-1056.21397	1799.40937	-986.607366	-434.669912	0.392258385	6.41304918e+12
9.36e-09	465.832422	772.383634	36.9448847	751.141225	0.392273266	6.41308146e+12
9.37e-09	-1020.75567	-475.400664	629.739276	-473.67752	0.39225869	6.41310849e+12
9.38e-09	-680.943231	-821.13106	215.731202	-146.794245	0.392264723	6.41313075e+12
9.39e-09	-244.072705	-313.032988	-392.084763	951.638024	0.392246788	6.4131491e+12
9.4e-09	-941.049194	-391.836453	663.523743	1001.63936	0.392258576	6.41316155e+12
9.41e-09	-133.260186	-504.45835	124.016108	353.737576	0.392244484	6.41317535e+12
9.42e-09	-981.338552	-289.9541	-601.113756	437.229157	0.392235862	6.41318124e+12
9.43e-09	-799.715491	-211.300394	139.145172	181.393933	0.392227578	6.41318347e+12
9.44e-09	-969.101056	-82.7629374	1599.87701	-278.973286	0.392230353	6.4131827e+12
9.45e-09	-202.438167	1424.75762	1019.84267	32.2794981	0.39224698	6.41318726e+12
9.46e-09	-590.290191	679.938596	-413.401092	-84.4171322	0.392238273	6.41319458e+12
9.47e-09	361.534302	1104.38058	933.086161	570.156702	0.392224911	6.41319539e+12
9.48e-09	-339.460378	-667.764829	1037.09747	775.309509	0.392245275	6.41319689e+12
9.49e-09	771.293265	-761.454682	-29.3384641	763.638426	0.392236777	6.41320221e+12
9.5e-09	-56.354382	-16.3748744	-153.367985	990.830353	0.392225823	6.41320201e+12
9.51e-09	-388.702543	-101.395594	215.557077	562.06604	0.392225657	6.41320033e+12
9.52e-09	-955.730491	-824.296039	8.57099698	987.014798	0.392213362	6.41319545e+12
9.53e-09	-838.529356	-10.2799252	1144.20034	-39.514199	0.392203721	6.4131873e+12
9.54e-09	-417.316336	413.670357	187.741629	373.937084	0.392205455	6.41317702e+12
9.55e-09	-298.522143	1482.38636	285.53765	425.186843	0.392192787	6.41316549e+12
9.56e-09	285.686573	475.232431	-1188.99077	-632.968762	0.39220678	6.41315625e+12
9.57e-09	-53.1308478	95.7707146	-703.435731	69.7895689	0.392198687	6.41314947e+12
9.58e-09	-167.345773	701.227947	-695.350308	404.968511	0.392189531	6.41313823e+12
9.59e-09	-551.413767	426.253993	-1148.18358	-482.171869	0.392182841	6.41312422e+12
9.6e-09	331.98444	-832.413413	-405.874931	213.408482	0.392181656	6.41311229e+12
9.61e-09	424.944245	-1108.7456	-834.670861	5.46087021	0.392176493	6.41309825e+12
9.62e-09	-281.165233	-66.9025356	92.2325744	1188.36456	0.392176056	6.41308507e+12
9.63e-09	-404.898387	748.372349	-297.428517	332.543991	0.392177148	6.41307294e+12
9.64e-09	-540.742692	658.806697	-608.715955	-987.429368	0.392168101	6.41306079e+12
9.65e-09	469.917994	791.493354	-373.363399	-631.625471	0.392165057	6.41304863e+12
9.66e-09	618.202858	35.6349334	966.642341	58.3978387	0.392158035	6.41303557e+12
9.67e-09	-1024.74968	-295.710199	677.017504	-986.026119	0.392149694	6.41301923e+12
9.68e-09	-47.5027308	-690.240002	678.810213	-54.1736351	0.392146635	6.41300281e+12
9.69e-09	634.724122	-313.879945	1120.74973	1097.11326	0.392140259	6.41298541e+12
9.7e-09	-14.4911158	-769.816714	574.389075	254.404689	0.392142947	6.41297035e+12
9.71e-09	597.347327	-1328.2762	871.492826	-670.948849	0.392153092	6.41295732e+12
9.72e-09	756.35984	-341.366017	629.122533	-724.954171	0.392150587	6.4129493e+12
9.73e-09	-661.5137	391.896514	-202.622183	214.178052	0.392141097	6.41293912e+12
9.74e-09	-42.4568296	313.800125	-357.684171	305.148362	0.392126982	6.41292525e+12
9.75e-09	-34.3328401	-410.317669	620.761264	1058.90059	0.392121276	6.41290719e+12
9.76e-09	-776.119656	452.643915	438.93824	937.623116	0.392110842	6.41288849e+12
9.77e-09	523.189468	-557.276697	-72.8046352	1112.05187	0.392125728	6.41287197e+12
9.78e-09	340.329052	-603.744034	462.671577	1322.02186	0.392130706	6.41286048e+12
9.79e-09	250.529739	389.926398	-17.5713132	325.531721	0.392123563	6.41285241e+12
9.8e-09	-904.088807	1051.16577	-422.834393	522.376144	0.392125153	6.41284113e+12
9.81e-09	107.101315	1015.49111	-1042.53737	379.410581	0.392120375	6.41283188e+12
9.82e-09	-197.01595	546.003265	-1288.40173	395.822252	0.39215214	6.41282966e+12
9.83e-09	1031.65064	475.369846	-417.593703	122.831181	0.392149546	6.41283439e+12
9.84e-09	448.338907	81.6208309	670.26837	263.893506	0.392139982	6.41283549e+12
9.85e-09	759.714593	-219.704958	290.283474	-764.30242	0.392123698	6.41283138e+12
9.86e-09	570.668268	-557.832289	-1396.39591	-1283.00251	0.392128704	6.41282353e+12
9.87e-09	313.134072	95.2073123	885.390649	340.439509	0.392119486	6.41281827e+12
9.88e-09	821.659455	-42.9675329	-107.905314	310.113656	0.392107892	6.41280812e+12
9.89e-09	15.843358	-254.697069	-388.005476	215.081839	0.392097583	6.41279429e+12
9.9e-09	-95.2992089	548.793266	584.24837	-562.816821	0.392081993	6.41277595e+12
9.91e-09	357.537972	323.866266	7.2912738	299.490093	0.392065159	6.41275305e+12
9.92e-09	-227.036576	-237.232504	8.56513851	129.066602	0.392048337	6.41272537e+12
9.93e-09	-1198.47372	835.313622	104.830119	722.185668	0.392035813	6.4126935e+12
9.94e-09	582.116291	1365.49504	720.29558	916.998989	0.392053036	6.41266492e+12
9.95e-09	-14.097952	801.252109	-992.813912	-22.5036027	0.392051331	6.41264501e+12
9.96e-09	572.377905	-211.292341	-528.327205	324.764853	0.392051681	6.41262608e+12
9.97e-09	1315.00886	-1347.87841	-1317.19522	63.1561247	0.392047698	6.41260698e+12
9.98e-09	1170.34569	-1474.44591	-194.267122	-522.672435	0.392069612	6.41259567e+12
9.99e-09	702.573763	-66.7783545	801.523077	1161.54278	0.392073802	6.41259122e+12
1e-08	1065.79265	-445.414143	1692.71697	2156.94155	0.392128337	6.41259478e+12
