# Frequency [GHz] 	Fouriercomponent
-4.99967	 0.624535
-4.99633	 1.44815
-4.993	 0.481628
-4.98967	 0.39049
-4.98633	 0.595687
-4.983	 0.430477
-4.97967	 0.84939
-4.97633	 1.06088
-4.973	 0.972194
-4.96967	 0.692064
-4.96634	 0.905948
-4.963	 0.483961
-4.95967	 0.295746
-4.95634	 0.988237
-4.953	 0.717586
-4.94967	 0.562159
-4.94634	 0.64231
-4.943	 1.03624
-4.93967	 0.326877
-4.93634	 0.502116
-4.933	 0.857459
-4.92967	 0.587621
-4.92634	 0.984038
-4.92301	 0.703812
-4.91967	 1.12903
-4.91634	 0.710503
-4.91301	 0.791293
-4.90967	 0.53554
-4.90634	 1.02288
-4.90301	 0.439108
-4.89967	 1.22597
-4.89634	 0.882757
-4.89301	 1.12067
-4.88967	 1.04655
-4.88634	 0.716195
-4.88301	 0.291386
-4.87967	 0.237034
-4.87634	 0.618514
-4.87301	 0.180884
-4.86968	 1.26327
-4.86634	 0.225706
-4.86301	 0.778684
-4.85968	 1.03398
-4.85634	 0.696233
-4.85301	 1.11724
-4.84968	 0.660692
-4.84634	 0.275189
-4.84301	 0.957637
-4.83968	 0.805861
-4.83634	 0.373866
-4.83301	 0.379162
-4.82968	 0.775057
-4.82634	 0.353961
-4.82301	 0.931482
-4.81968	 0.710133
-4.81635	 0.813127
-4.81301	 0.441896
-4.80968	 1.15444
-4.80635	 0.464085
-4.80301	 0.660254
-4.79968	 0.956872
-4.79635	 0.43541
-4.79301	 0.999464
-4.78968	 0.430291
-4.78635	 0.426825
-4.78301	 1.00654
-4.77968	 0.558682
-4.77635	 0.161676
-4.77302	 0.369958
-4.76968	 0.832225
-4.76635	 0.492328
-4.76302	 0.673313
-4.75968	 0.797449
-4.75635	 0.68878
-4.75302	 0.582437
-4.74968	 0.63893
-4.74635	 0.570227
-4.74302	 0.540563
-4.73968	 0.506797
-4.73635	 0.481645
-4.73302	 0.440853
-4.72968	 1.27289
-4.72635	 0.233656
-4.72302	 0.508327
-4.71969	 0.733019
-4.71635	 0.865412
-4.71302	 0.598724
-4.70969	 0.728388
-4.70635	 0.330735
-4.70302	 0.575614
-4.69969	 0.567247
-4.69635	 0.206168
-4.69302	 0.671169
-4.68969	 0.385666
-4.68635	 0.593341
-4.68302	 0.706113
-4.67969	 0.842635
-4.67635	 0.397173
-4.67302	 0.944093
-4.66969	 0.998947
-4.66636	 0.507142
-4.66302	 0.811043
-4.65969	 0.675636
-4.65636	 0.407738
-4.65302	 0.596057
-4.64969	 0.923098
-4.64636	 0.333545
-4.64302	 0.851233
-4.63969	 0.833785
-4.63636	 0.724154
-4.63302	 0.736868
-4.62969	 0.708503
-4.62636	 0.84915
-4.62303	 0.216255
-4.61969	 0.418698
-4.61636	 0.94489
-4.61303	 0.577393
-4.60969	 0.293369
-4.60636	 0.667473
-4.60303	 1.3173
-4.59969	 0.544675
-4.59636	 0.908269
-4.59303	 0.80157
-4.58969	 0.264542
-4.58636	 0.625089
-4.58303	 0.600641
-4.57969	 0.711759
-4.57636	 0.965728
-4.57303	 0.650579
-4.5697	 0.753833
-4.56636	 0.413813
-4.56303	 0.796159
-4.5597	 0.460976
-4.55636	 0.262378
-4.55303	 0.30067
-4.5497	 0.256882
-4.54636	 0.832123
-4.54303	 0.469641
-4.5397	 0.857609
-4.53636	 0.467836
-4.53303	 0.630966
-4.5297	 0.565072
-4.52636	 0.739624
-4.52303	 0.642633
-4.5197	 0.346245
-4.51637	 0.797231
-4.51303	 0.681205
-4.5097	 0.888962
-4.50637	 0.555558
-4.50303	 0.584343
-4.4997	 0.825155
-4.49637	 0.816358
-4.49303	 0.697106
-4.4897	 0.589646
-4.48637	 0.667951
-4.48303	 0.641198
-4.4797	 0.590253
-4.47637	 0.606249
-4.47304	 0.315178
-4.4697	 0.375521
-4.46637	 0.628912
-4.46304	 0.430126
-4.4597	 0.297046
-4.45637	 0.518801
-4.45304	 0.808067
-4.4497	 0.474589
-4.44637	 0.489113
-4.44304	 0.603117
-4.4397	 0.476294
-4.43637	 0.535089
-4.43304	 0.645512
-4.4297	 0.41685
-4.42637	 0.278377
-4.42304	 0.657151
-4.41971	 0.465715
-4.41637	 0.478646
-4.41304	 0.34953
-4.40971	 0.556277
-4.40637	 0.281465
-4.40304	 0.41184
-4.39971	 0.216547
-4.39637	 0.784025
-4.39304	 0.660157
-4.38971	 0.881185
-4.38637	 1.06666
-4.38304	 0.348586
-4.37971	 0.691807
-4.37637	 0.524445
-4.37304	 0.705178
-4.36971	 0.629233
-4.36638	 0.638092
-4.36304	 0.454879
-4.35971	 0.331162
-4.35638	 0.817256
-4.35304	 0.570575
-4.34971	 0.522682
-4.34638	 0.430918
-4.34304	 0.839057
-4.33971	 0.172415
-4.33638	 0.624457
-4.33304	 0.714918
-4.32971	 0.848722
-4.32638	 0.772699
-4.32305	 0.552324
-4.31971	 0.758426
-4.31638	 0.690736
-4.31305	 0.393116
-4.30971	 1.13094
-4.30638	 0.494287
-4.30305	 0.657097
-4.29971	 0.44706
-4.29638	 0.756521
-4.29305	 0.500834
-4.28971	 0.769456
-4.28638	 0.232187
-4.28305	 0.534539
-4.27971	 0.351488
-4.27638	 0.456943
-4.27305	 0.470782
-4.26972	 0.425054
-4.26638	 0.434606
-4.26305	 1.02453
-4.25972	 0.465619
-4.25638	 0.54925
-4.25305	 0.534692
-4.24972	 0.435061
-4.24638	 0.633078
-4.24305	 0.572576
-4.23972	 0.282339
-4.23638	 0.637536
-4.23305	 0.82849
-4.22972	 0.2814
-4.22638	 0.347931
-4.22305	 0.673262
-4.21972	 0.757252
-4.21639	 0.372834
-4.21305	 0.32777
-4.20972	 0.533632
-4.20639	 0.574693
-4.20305	 0.768367
-4.19972	 0.466055
-4.19639	 0.680932
-4.19305	 0.857066
-4.18972	 0.574893
-4.18639	 0.531355
-4.18305	 0.658108
-4.17972	 0.433698
-4.17639	 0.752833
-4.17306	 0.71847
-4.16972	 0.924081
-4.16639	 0.543751
-4.16306	 0.578807
-4.15972	 0.952344
-4.15639	 0.423175
-4.15306	 0.313326
-4.14972	 0.940412
-4.14639	 0.713054
-4.14306	 0.774673
-4.13972	 0.309576
-4.13639	 0.520397
-4.13306	 0.411334
-4.12972	 0.493148
-4.12639	 0.492187
-4.12306	 0.68458
-4.11973	 0.567396
-4.11639	 0.273218
-4.11306	 0.758184
-4.10973	 0.525252
-4.10639	 0.555591
-4.10306	 0.570905
-4.09973	 0.505251
-4.09639	 0.862385
-4.09306	 0.929471
-4.08973	 0.312185
-4.08639	 0.928604
-4.08306	 0.586441
-4.07973	 0.493144
-4.07639	 0.339836
-4.07306	 1.23504
-4.06973	 0.824328
-4.0664	 0.572729
-4.06306	 0.964619
-4.05973	 0.461799
-4.0564	 0.565105
-4.05306	 0.445976
-4.04973	 0.503172
-4.0464	 0.88981
-4.04306	 0.409178
-4.03973	 0.629975
-4.0364	 0.444812
-4.03306	 0.52444
-4.02973	 0.581667
-4.0264	 0.445475
-4.02307	 0.96084
-4.01973	 0.60497
-4.0164	 0.442432
-4.01307	 0.734233
-4.00973	 0.511564
-4.0064	 0.308899
-4.00307	 0.637984
-3.99973	 0.632623
-3.9964	 0.638607
-3.99307	 1.03168
-3.98973	 0.948586
-3.9864	 0.464767
-3.98307	 0.543467
-3.97973	 0.474508
-3.9764	 0.510536
-3.97307	 1.20848
-3.96974	 0.209643
-3.9664	 0.482409
-3.96307	 1.05311
-3.95974	 0.474775
-3.9564	 0.886527
-3.95307	 0.569173
-3.94974	 0.330488
-3.9464	 0.634772
-3.94307	 0.696069
-3.93974	 0.534304
-3.9364	 0.826319
-3.93307	 0.707398
-3.92974	 0.868881
-3.9264	 0.443494
-3.92307	 0.511611
-3.91974	 0.959768
-3.91641	 0.0965689
-3.91307	 0.520553
-3.90974	 0.782369
-3.90641	 0.911133
-3.90307	 0.550821
-3.89974	 0.89583
-3.89641	 0.57558
-3.89307	 0.547212
-3.88974	 1.20266
-3.88641	 0.57557
-3.88307	 0.75852
-3.87974	 0.535142
-3.87641	 0.727047
-3.87308	 0.640168
-3.86974	 0.483798
-3.86641	 1.13052
-3.86308	 0.882428
-3.85974	 0.581807
-3.85641	 0.513594
-3.85308	 0.877385
-3.84974	 0.563153
-3.84641	 0.544153
-3.84308	 0.379904
-3.83974	 1.49856
-3.83641	 0.476683
-3.83308	 1.15513
-3.82974	 0.833738
-3.82641	 0.686623
-3.82308	 0.680755
-3.81975	 1.15112
-3.81641	 0.577285
-3.81308	 0.744688
-3.80975	 0.662681
-3.80641	 0.939333
-3.80308	 0.568972
-3.79975	 0.472544
-3.79641	 0.726679
-3.79308	 0.755599
-3.78975	 0.625903
-3.78641	 0.67606
-3.78308	 0.204769
-3.77975	 0.388573
-3.77641	 1.02398
-3.77308	 0.488769
-3.76975	 0.742425
-3.76642	 0.825632
-3.76308	 0.463086
-3.75975	 1.06491
-3.75642	 1.11867
-3.75308	 0.475215
-3.74975	 0.41021
-3.74642	 0.725344
-3.74308	 0.419094
-3.73975	 0.463949
-3.73642	 0.658903
-3.73308	 0.930849
-3.72975	 1.08759
-3.72642	 0.781265
-3.72309	 0.739693
-3.71975	 0.754667
-3.71642	 1.09201
-3.71309	 1.525
-3.70975	 1.0642
-3.70642	 0.760452
-3.70309	 0.495848
-3.69975	 0.295956
-3.69642	 0.771641
-3.69309	 0.844296
-3.68975	 0.673011
-3.68642	 0.899117
-3.68309	 1.19993
-3.67975	 0.670946
-3.67642	 0.959244
-3.67309	 0.734183
-3.66976	 0.507302
-3.66642	 0.503061
-3.66309	 0.680685
-3.65976	 1.07804
-3.65642	 0.870927
-3.65309	 0.375562
-3.64976	 1.04175
-3.64642	 0.690868
-3.64309	 0.321254
-3.63976	 0.668898
-3.63642	 0.661848
-3.63309	 0.461953
-3.62976	 0.90151
-3.62642	 0.418593
-3.62309	 0.559001
-3.61976	 0.543157
-3.61643	 1.26302
-3.61309	 0.963061
-3.60976	 1.17549
-3.60643	 0.560543
-3.60309	 0.577139
-3.59976	 0.922263
-3.59643	 0.353232
-3.59309	 1.13502
-3.58976	 0.465921
-3.58643	 0.340265
-3.58309	 0.422562
-3.57976	 0.643699
-3.57643	 0.637681
-3.5731	 0.549639
-3.56976	 0.77438
-3.56643	 1.00256
-3.5631	 0.837313
-3.55976	 0.892124
-3.55643	 0.324916
-3.5531	 1.20772
-3.54976	 0.568127
-3.54643	 0.39458
-3.5431	 0.778088
-3.53976	 0.544285
-3.53643	 1.06426
-3.5331	 0.563594
-3.52976	 0.694257
-3.52643	 0.723402
-3.5231	 0.692271
-3.51977	 1.21746
-3.51643	 0.933528
-3.5131	 0.442572
-3.50977	 1.08846
-3.50643	 0.438899
-3.5031	 0.934796
-3.49977	 0.504661
-3.49643	 0.430851
-3.4931	 0.651048
-3.48977	 0.581188
-3.48643	 0.397188
-3.4831	 0.635177
-3.47977	 0.872645
-3.47643	 0.906702
-3.4731	 0.351051
-3.46977	 0.629648
-3.46644	 0.789368
-3.4631	 0.63214
-3.45977	 0.829938
-3.45644	 0.259302
-3.4531	 0.696154
-3.44977	 0.743395
-3.44644	 0.351922
-3.4431	 1.29024
-3.43977	 1.39612
-3.43644	 0.381066
-3.4331	 0.507192
-3.42977	 0.478901
-3.42644	 0.567052
-3.42311	 0.764507
-3.41977	 0.548221
-3.41644	 0.935248
-3.41311	 0.540387
-3.40977	 0.400227
-3.40644	 0.850516
-3.40311	 0.514338
-3.39977	 0.879733
-3.39644	 0.588967
-3.39311	 0.437883
-3.38977	 0.819883
-3.38644	 0.481582
-3.38311	 0.500898
-3.37977	 0.163886
-3.37644	 0.430861
-3.37311	 0.468486
-3.36978	 0.667244
-3.36644	 0.501577
-3.36311	 0.677502
-3.35978	 0.890322
-3.35644	 0.781868
-3.35311	 0.405232
-3.34978	 0.342195
-3.34644	 0.735027
-3.34311	 0.32039
-3.33978	 0.29451
-3.33644	 0.555247
-3.33311	 0.808795
-3.32978	 0.383501
-3.32644	 0.231691
-3.32311	 1.04701
-3.31978	 0.282292
-3.31645	 0.540118
-3.31311	 0.617183
-3.30978	 0.889816
-3.30645	 0.466938
-3.30311	 0.525447
-3.29978	 0.532013
-3.29645	 0.586241
-3.29311	 1.06754
-3.28978	 0.649178
-3.28645	 0.652941
-3.28311	 0.662624
-3.27978	 0.503189
-3.27645	 0.366772
-3.27312	 0.29383
-3.26978	 0.784776
-3.26645	 0.767248
-3.26312	 0.396455
-3.25978	 0.475151
-3.25645	 0.666198
-3.25312	 0.704011
-3.24978	 0.195602
-3.24645	 0.415205
-3.24312	 0.801495
-3.23978	 0.691005
-3.23645	 0.419366
-3.23312	 0.54246
-3.22978	 0.534025
-3.22645	 0.984017
-3.22312	 0.803105
-3.21979	 0.801303
-3.21645	 0.423952
-3.21312	 0.901078
-3.20979	 0.510836
-3.20645	 0.640131
-3.20312	 0.473906
-3.19979	 0.485418
-3.19645	 0.559939
-3.19312	 0.397929
-3.18979	 0.696268
-3.18645	 0.431551
-3.18312	 0.270858
-3.17979	 0.588092
-3.17645	 0.487205
-3.17312	 0.800826
-3.16979	 0.65008
-3.16646	 0.91158
-3.16312	 0.608266
-3.15979	 0.733471
-3.15646	 0.859862
-3.15312	 0.79582
-3.14979	 0.274105
-3.14646	 0.345487
-3.14312	 0.418209
-3.13979	 0.595559
-3.13646	 0.63047
-3.13312	 0.492092
-3.12979	 0.964033
-3.12646	 0.644997
-3.12313	 0.893867
-3.11979	 0.309734
-3.11646	 0.196823
-3.11313	 0.507206
-3.10979	 0.338313
-3.10646	 0.116381
-3.10313	 0.60586
-3.09979	 0.785727
-3.09646	 0.500522
-3.09313	 0.68705
-3.08979	 0.451626
-3.08646	 0.887297
-3.08313	 0.951596
-3.07979	 0.273176
-3.07646	 0.492406
-3.07313	 0.415513
-3.0698	 0.394035
-3.06646	 0.640583
-3.06313	 1.24281
-3.0598	 0.765182
-3.05646	 0.726086
-3.05313	 0.495829
-3.0498	 0.279218
-3.04646	 0.626905
-3.04313	 0.889
-3.0398	 0.668483
-3.03646	 0.562555
-3.03313	 0.558539
-3.0298	 1.1082
-3.02646	 0.418009
-3.02313	 0.663939
-3.0198	 0.861825
-3.01647	 0.723181
-3.01313	 0.810676
-3.0098	 0.812933
-3.00647	 0.756351
-3.00313	 0.402154
-2.9998	 0.402723
-2.99647	 0.430788
-2.99313	 0.530258
-2.9898	 0.740702
-2.98647	 0.853042
-2.98313	 0.508915
-2.9798	 0.986088
-2.97647	 0.564428
-2.97314	 0.849759
-2.9698	 0.50695
-2.96647	 0.643799
-2.96314	 0.422499
-2.9598	 0.670168
-2.95647	 0.82952
-2.95314	 0.883836
-2.9498	 0.591077
-2.94647	 0.319353
-2.94314	 0.758754
-2.9398	 0.642854
-2.93647	 0.858933
-2.93314	 0.320004
-2.9298	 0.872459
-2.92647	 0.75676
-2.92314	 0.653644
-2.91981	 0.824871
-2.91647	 0.591558
-2.91314	 0.570788
-2.90981	 0.599506
-2.90647	 0.711996
-2.90314	 0.674026
-2.89981	 0.579596
-2.89647	 0.606928
-2.89314	 0.91199
-2.88981	 0.38097
-2.88647	 0.613776
-2.88314	 0.265938
-2.87981	 0.557119
-2.87647	 0.646383
-2.87314	 0.369254
-2.86981	 0.591403
-2.86648	 0.238232
-2.86314	 1.01077
-2.85981	 0.323734
-2.85648	 0.292873
-2.85314	 0.359751
-2.84981	 0.406321
-2.84648	 0.840765
-2.84314	 0.952591
-2.83981	 0.849811
-2.83648	 0.698482
-2.83314	 1.04811
-2.82981	 0.714505
-2.82648	 0.589361
-2.82315	 0.426011
-2.81981	 0.935526
-2.81648	 0.526236
-2.81315	 0.614934
-2.80981	 0.721686
-2.80648	 0.829888
-2.80315	 0.668445
-2.79981	 1.10534
-2.79648	 0.524534
-2.79315	 0.90564
-2.78981	 0.772646
-2.78648	 0.327234
-2.78315	 0.427495
-2.77981	 0.429447
-2.77648	 0.441656
-2.77315	 0.839917
-2.76982	 1.0902
-2.76648	 0.433225
-2.76315	 1.23694
-2.75982	 0.344482
-2.75648	 1.0134
-2.75315	 0.45462
-2.74982	 0.666823
-2.74648	 0.217519
-2.74315	 1.02091
-2.73982	 0.735527
-2.73648	 0.664928
-2.73315	 0.334677
-2.72982	 0.628268
-2.72648	 1.07952
-2.72315	 0.715077
-2.71982	 0.735497
-2.71649	 0.903703
-2.71315	 0.722895
-2.70982	 0.958099
-2.70649	 0.649217
-2.70315	 0.773858
-2.69982	 1.03227
-2.69649	 1.1896
-2.69315	 0.536077
-2.68982	 0.456158
-2.68649	 0.705898
-2.68315	 0.930029
-2.67982	 0.997062
-2.67649	 0.442411
-2.67316	 0.739818
-2.66982	 0.782771
-2.66649	 0.863113
-2.66316	 1.5064
-2.65982	 0.717877
-2.65649	 0.478577
-2.65316	 0.59524
-2.64982	 0.767989
-2.64649	 0.799083
-2.64316	 0.859733
-2.63982	 0.574807
-2.63649	 1.12525
-2.63316	 0.201371
-2.62982	 0.322715
-2.62649	 0.412445
-2.62316	 0.509797
-2.61983	 0.576356
-2.61649	 1.14703
-2.61316	 0.9253
-2.60983	 1.13655
-2.60649	 0.596911
-2.60316	 0.777789
-2.59983	 0.472032
-2.59649	 0.272646
-2.59316	 0.260853
-2.58983	 1.03903
-2.58649	 0.695953
-2.58316	 1.0951
-2.57983	 0.703348
-2.57649	 0.244594
-2.57316	 0.892565
-2.56983	 0.384064
-2.5665	 0.801175
-2.56316	 1.54481
-2.55983	 1.30244
-2.5565	 0.776393
-2.55316	 1.01806
-2.54983	 0.406048
-2.5465	 0.842486
-2.54316	 0.811336
-2.53983	 0.903848
-2.5365	 1.08941
-2.53316	 1.24261
-2.52983	 1.54691
-2.5265	 0.528932
-2.52317	 1.39625
-2.51983	 1.00898
-2.5165	 1.10422
-2.51317	 0.746786
-2.50983	 0.743531
-2.5065	 1.07635
-2.50317	 0.796767
-2.49983	 1.2064
-2.4965	 1.34988
-2.49317	 0.348145
-2.48983	 0.545983
-2.4865	 1.47866
-2.48317	 0.491543
-2.47983	 0.55223
-2.4765	 0.962809
-2.47317	 0.620931
-2.46984	 0.608257
-2.4665	 0.945387
-2.46317	 1.16363
-2.45984	 1.45415
-2.4565	 0.843181
-2.45317	 1.14334
-2.44984	 1.0643
-2.4465	 0.296955
-2.44317	 0.841239
-2.43984	 1.18818
-2.4365	 0.696304
-2.43317	 0.994304
-2.42984	 0.94068
-2.4265	 0.634156
-2.42317	 1.35099
-2.41984	 0.740318
-2.41651	 0.419627
-2.41317	 0.683708
-2.40984	 0.817283
-2.40651	 0.95204
-2.40317	 0.768135
-2.39984	 1.26028
-2.39651	 1.01987
-2.39317	 1.08463
-2.38984	 0.813174
-2.38651	 0.305232
-2.38317	 0.987619
-2.37984	 0.474678
-2.37651	 0.74199
-2.37318	 0.588335
-2.36984	 0.948409
-2.36651	 0.616497
-2.36318	 0.681927
-2.35984	 0.414411
-2.35651	 0.684665
-2.35318	 0.451448
-2.34984	 1.35756
-2.34651	 1.31775
-2.34318	 0.996961
-2.33984	 0.42688
-2.33651	 0.719922
-2.33318	 0.644512
-2.32984	 0.828875
-2.32651	 0.707127
-2.32318	 0.83339
-2.31985	 1.04444
-2.31651	 0.394929
-2.31318	 0.471465
-2.30985	 1.11415
-2.30651	 0.694263
-2.30318	 1.08657
-2.29985	 1.0219
-2.29651	 0.580289
-2.29318	 1.35719
-2.28985	 1.19373
-2.28651	 0.926737
-2.28318	 0.744626
-2.27985	 0.940825
-2.27651	 0.526685
-2.27318	 1.05794
-2.26985	 0.435218
-2.26652	 0.528144
-2.26318	 0.79095
-2.25985	 1.48593
-2.25652	 0.473103
-2.25318	 0.317254
-2.24985	 0.952435
-2.24652	 0.499976
-2.24318	 0.447414
-2.23985	 0.505136
-2.23652	 1.17197
-2.23318	 0.525424
-2.22985	 0.407453
-2.22652	 0.368032
-2.22319	 0.268856
-2.21985	 0.946636
-2.21652	 0.697655
-2.21319	 0.596714
-2.20985	 0.0959542
-2.20652	 0.370847
-2.20319	 0.667891
-2.19985	 0.495504
-2.19652	 0.447065
-2.19319	 0.853126
-2.18985	 0.756924
-2.18652	 0.596389
-2.18319	 0.366872
-2.17985	 0.719053
-2.17652	 0.831371
-2.17319	 0.658273
-2.16986	 1.0964
-2.16652	 0.755215
-2.16319	 0.63193
-2.15986	 1.02597
-2.15652	 0.845538
-2.15319	 1.04933
-2.14986	 0.548155
-2.14652	 0.764618
-2.14319	 0.738144
-2.13986	 0.526759
-2.13652	 0.321414
-2.13319	 0.151356
-2.12986	 0.41316
-2.12652	 0.347177
-2.12319	 0.697501
-2.11986	 0.380955
-2.11653	 0.345602
-2.11319	 0.632409
-2.10986	 0.475665
-2.10653	 0.414358
-2.10319	 0.962671
-2.09986	 0.77241
-2.09653	 0.352779
-2.09319	 1.12319
-2.08986	 0.846708
-2.08653	 0.428799
-2.08319	 0.210844
-2.07986	 0.810286
-2.07653	 0.520092
-2.0732	 0.529197
-2.06986	 0.458904
-2.06653	 0.72248
-2.0632	 0.618731
-2.05986	 0.70213
-2.05653	 0.594268
-2.0532	 0.546471
-2.04986	 0.562759
-2.04653	 0.527251
-2.0432	 0.867783
-2.03986	 0.419508
-2.03653	 0.482009
-2.0332	 0.725065
-2.02986	 0.226197
-2.02653	 0.520836
-2.0232	 0.66773
-2.01987	 1.03052
-2.01653	 0.591762
-2.0132	 0.751078
-2.00987	 0.354345
-2.00653	 0.762584
-2.0032	 0.582012
-1.99987	 0.652216
-1.99653	 0.691174
-1.9932	 0.288941
-1.98987	 0.611712
-1.98653	 0.768259
-1.9832	 0.710432
-1.97987	 0.809483
-1.97653	 0.313499
-1.9732	 0.444227
-1.96987	 0.53951
-1.96654	 0.730739
-1.9632	 0.290187
-1.95987	 0.618793
-1.95654	 0.523861
-1.9532	 0.730953
-1.94987	 0.628314
-1.94654	 0.832153
-1.9432	 0.553651
-1.93987	 0.635485
-1.93654	 0.694446
-1.9332	 0.425323
-1.92987	 0.663184
-1.92654	 0.661379
-1.92321	 0.900055
-1.91987	 0.53618
-1.91654	 0.163743
-1.91321	 0.613425
-1.90987	 0.466384
-1.90654	 0.340937
-1.90321	 0.462248
-1.89987	 0.597508
-1.89654	 0.786559
-1.89321	 0.811848
-1.88987	 0.34912
-1.88654	 0.327082
-1.88321	 0.670224
-1.87987	 0.401353
-1.87654	 0.768905
-1.87321	 0.594298
-1.86988	 0.429048
-1.86654	 0.69243
-1.86321	 0.444261
-1.85988	 0.485764
-1.85654	 0.966678
-1.85321	 0.459134
-1.84988	 0.740508
-1.84654	 0.768796
-1.84321	 0.940578
-1.83988	 0.33279
-1.83654	 0.682894
-1.83321	 0.629389
-1.82988	 0.554786
-1.82654	 0.503807
-1.82321	 0.381334
-1.81988	 0.551327
-1.81655	 0.596323
-1.81321	 0.729725
-1.80988	 0.547083
-1.80655	 0.183824
-1.80321	 0.826476
-1.79988	 0.361399
-1.79655	 0.346362
-1.79321	 0.648738
-1.78988	 0.402874
-1.78655	 0.37351
-1.78321	 0.673392
-1.77988	 0.623227
-1.77655	 0.713513
-1.77322	 0.51203
-1.76988	 0.452846
-1.76655	 0.676287
-1.76322	 0.324779
-1.75988	 0.739326
-1.75655	 0.450475
-1.75322	 0.598617
-1.74988	 0.668785
-1.74655	 0.590881
-1.74322	 0.203409
-1.73988	 0.398538
-1.73655	 0.391681
-1.73322	 0.286956
-1.72988	 0.52996
-1.72655	 0.605408
-1.72322	 1.12244
-1.71989	 0.268881
-1.71655	 0.713655
-1.71322	 0.749362
-1.70989	 0.589423
-1.70655	 0.78223
-1.70322	 0.274877
-1.69989	 1.34381
-1.69655	 0.343054
-1.69322	 0.512267
-1.68989	 0.32888
-1.68655	 0.581428
-1.68322	 0.732064
-1.67989	 0.896765
-1.67655	 0.587168
-1.67322	 1.19504
-1.66989	 0.432111
-1.66656	 0.829681
-1.66322	 0.504952
-1.65989	 0.438177
-1.65656	 0.437378
-1.65322	 0.596735
-1.64989	 0.481027
-1.64656	 0.512603
-1.64322	 0.371637
-1.63989	 0.731096
-1.63656	 0.223454
-1.63322	 0.804476
-1.62989	 1.39198
-1.62656	 0.615076
-1.62323	 1.2994
-1.61989	 0.691448
-1.61656	 0.627729
-1.61323	 0.446067
-1.60989	 0.354318
-1.60656	 0.535854
-1.60323	 0.827432
-1.59989	 0.326029
-1.59656	 0.446948
-1.59323	 0.785733
-1.58989	 0.910439
-1.58656	 0.746649
-1.58323	 0.581613
-1.57989	 0.578815
-1.57656	 0.909633
-1.57323	 0.597539
-1.5699	 0.342368
-1.56656	 0.437163
-1.56323	 0.445252
-1.5599	 0.640702
-1.55656	 0.756244
-1.55323	 0.267829
-1.5499	 0.474209
-1.54656	 0.707245
-1.54323	 0.526315
-1.5399	 1.54186
-1.53656	 0.890591
-1.53323	 0.783602
-1.5299	 0.977244
-1.52656	 0.61088
-1.52323	 0.397811
-1.5199	 0.516347
-1.51657	 0.41998
-1.51323	 0.9215
-1.5099	 0.283586
-1.50657	 0.806193
-1.50323	 0.651098
-1.4999	 0.495772
-1.49657	 0.742087
-1.49323	 0.277442
-1.4899	 0.481574
-1.48657	 0.603922
-1.48323	 0.69557
-1.4799	 0.950406
-1.47657	 0.528309
-1.47324	 0.821486
-1.4699	 0.349987
-1.46657	 1.03002
-1.46324	 0.594357
-1.4599	 0.90705
-1.45657	 0.277302
-1.45324	 0.672597
-1.4499	 0.655826
-1.44657	 0.625611
-1.44324	 0.300128
-1.4399	 0.576977
-1.43657	 0.418958
-1.43324	 0.269978
-1.4299	 0.567001
-1.42657	 0.556052
-1.42324	 1.16972
-1.41991	 0.694029
-1.41657	 0.876824
-1.41324	 0.797753
-1.40991	 0.576673
-1.40657	 0.903009
-1.40324	 0.925724
-1.39991	 0.761819
-1.39657	 1.17793
-1.39324	 0.894261
-1.38991	 0.196164
-1.38657	 0.835019
-1.38324	 0.911539
-1.37991	 1.09352
-1.37657	 0.721807
-1.37324	 0.552469
-1.36991	 1.09024
-1.36658	 0.702143
-1.36324	 0.710464
-1.35991	 0.723235
-1.35658	 0.802014
-1.35324	 0.573646
-1.34991	 0.63421
-1.34658	 0.263179
-1.34324	 0.731635
-1.33991	 1.74497
-1.33658	 0.682892
-1.33324	 0.624143
-1.32991	 0.930307
-1.32658	 1.27856
-1.32325	 0.705273
-1.31991	 1.1743
-1.31658	 0.989373
-1.31325	 0.633197
-1.30991	 0.661461
-1.30658	 0.917995
-1.30325	 0.755997
-1.29991	 0.491517
-1.29658	 1.20107
-1.29325	 0.725181
-1.28991	 0.770286
-1.28658	 0.208086
-1.28325	 1.49808
-1.27991	 0.495099
-1.27658	 0.822921
-1.27325	 1.02735
-1.26992	 1.19894
-1.26658	 0.490525
-1.26325	 1.02846
-1.25992	 1.1255
-1.25658	 0.972274
-1.25325	 0.372476
-1.24992	 1.31103
-1.24658	 1.0351
-1.24325	 0.428274
-1.23992	 0.519557
-1.23658	 0.924788
-1.23325	 0.959647
-1.22992	 0.684937
-1.22658	 0.415707
-1.22325	 1.11628
-1.21992	 0.187604
-1.21659	 0.989399
-1.21325	 0.700201
-1.20992	 0.844203
-1.20659	 1.5238
-1.20325	 0.46099
-1.19992	 1.02853
-1.19659	 0.736974
-1.19325	 0.880443
-1.18992	 0.341541
-1.18659	 0.541556
-1.18325	 0.87364
-1.17992	 0.40964
-1.17659	 1.31179
-1.17326	 0.774816
-1.16992	 0.695711
-1.16659	 0.298909
-1.16326	 1.10969
-1.15992	 1.25637
-1.15659	 0.742539
-1.15326	 0.710908
-1.14992	 0.429833
-1.14659	 0.666101
-1.14326	 1.17042
-1.13992	 1.02703
-1.13659	 0.684113
-1.13326	 0.45355
-1.12992	 0.636664
-1.12659	 0.770043
-1.12326	 0.907852
-1.11993	 0.607361
-1.11659	 0.566902
-1.11326	 0.816665
-1.10993	 0.831952
-1.10659	 1.91037
-1.10326	 1.06408
-1.09993	 0.999604
-1.09659	 1.43906
-1.09326	 0.482439
-1.08993	 0.831398
-1.08659	 0.648769
-1.08326	 0.923122
-1.07993	 0.831854
-1.07659	 0.981504
-1.07326	 0.907711
-1.06993	 0.844058
-1.0666	 1.02891
-1.06326	 0.725546
-1.05993	 0.954637
-1.0566	 0.610452
-1.05326	 0.609212
-1.04993	 0.968647
-1.0466	 0.615273
-1.04326	 0.300724
-1.03993	 1.32526
-1.0366	 0.574158
-1.03326	 1.05672
-1.02993	 1.11274
-1.0266	 0.772934
-1.02327	 0.536651
-1.01993	 0.609099
-1.0166	 1.01288
-1.01327	 0.441256
-1.00993	 1.21768
-1.0066	 0.172755
-1.00327	 0.601019
-0.999933	 0.558616
-0.9966	 0.650906
-0.993267	 0.833343
-0.989934	 0.426261
-0.986601	 1.04389
-0.983268	 0.821999
-0.979935	 0.492877
-0.976602	 0.692387
-0.973268	 0.951905
-0.969935	 0.85068
-0.966602	 0.958906
-0.963269	 0.823428
-0.959936	 0.834408
-0.956603	 0.663685
-0.95327	 0.926426
-0.949937	 0.580677
-0.946604	 0.516188
-0.94327	 0.83728
-0.939937	 1.01818
-0.936604	 0.9538
-0.933271	 1.15352
-0.929938	 0.920848
-0.926605	 0.954307
-0.923272	 0.282532
-0.919939	 0.805311
-0.916606	 0.539102
-0.913272	 0.923022
-0.909939	 0.435793
-0.906606	 0.93292
-0.903273	 0.377645
-0.89994	 1.03721
-0.896607	 0.834704
-0.893274	 0.472069
-0.889941	 0.785548
-0.886608	 0.886608
-0.883274	 0.702012
-0.879941	 0.934845
-0.876608	 0.376535
-0.873275	 0.787315
-0.869942	 0.8064
-0.866609	 0.790082
-0.863276	 0.697613
-0.859943	 1.00617
-0.85661	 1.31565
-0.853276	 0.257661
-0.849943	 0.842653
-0.84661	 0.750028
-0.843277	 0.372458
-0.839944	 0.919206
-0.836611	 0.252717
-0.833278	 0.679339
-0.829945	 0.304606
-0.826612	 0.656031
-0.823278	 0.532395
-0.819945	 1.02985
-0.816612	 0.430714
-0.813279	 0.471128
-0.809946	 0.345077
-0.806613	 0.759116
-0.80328	 0.574949
-0.799947	 0.209455
-0.796614	 0.460891
-0.79328	 0.416902
-0.789947	 0.881757
-0.786614	 0.84628
-0.783281	 0.488337
-0.779948	 0.602393
-0.776615	 0.368666
-0.773282	 0.582138
-0.769949	 0.63165
-0.766616	 0.738905
-0.763282	 0.543019
-0.759949	 0.395578
-0.756616	 0.413949
-0.753283	 0.528723
-0.74995	 0.431902
-0.746617	 0.784608
-0.743284	 0.551949
-0.739951	 0.372077
-0.736618	 0.2407
-0.733284	 0.54287
-0.729951	 1.02632
-0.726618	 0.424509
-0.723285	 0.461017
-0.719952	 0.682116
-0.716619	 0.740546
-0.713286	 0.829583
-0.709953	 0.411526
-0.70662	 0.375991
-0.703286	 0.777474
-0.699953	 0.716754
-0.69662	 0.683892
-0.693287	 0.83579
-0.689954	 0.595248
-0.686621	 0.572277
-0.683288	 0.859682
-0.679955	 0.75136
-0.676622	 1.02803
-0.673288	 0.525772
-0.669955	 0.421374
-0.666622	 0.172049
-0.663289	 0.551185
-0.659956	 0.324409
-0.656623	 0.639394
-0.65329	 0.460456
-0.649957	 0.670502
-0.646624	 0.723746
-0.64329	 0.49598
-0.639957	 0.64693
-0.636624	 0.549493
-0.633291	 0.564275
-0.629958	 0.869714
-0.626625	 0.368446
-0.623292	 1.01378
-0.619959	 0.44009
-0.616626	 0.704089
-0.613292	 0.645572
-0.609959	 0.379221
-0.606626	 0.353503
-0.603293	 0.379299
-0.59996	 0.415315
-0.596627	 0.420087
-0.593294	 0.661481
-0.589961	 0.590086
-0.586628	 0.291088
-0.583294	 0.692081
-0.579961	 0.332398
-0.576628	 0.392038
-0.573295	 1.03662
-0.569962	 0.437008
-0.566629	 0.470999
-0.563296	 0.743308
-0.559963	 1.16617
-0.55663	 0.31207
-0.553296	 0.699371
-0.549963	 0.490947
-0.54663	 0.516023
-0.543297	 0.502383
-0.539964	 1.01977
-0.536631	 0.49268
-0.533298	 0.864784
-0.529965	 0.412534
-0.526632	 0.338996
-0.523298	 0.640931
-0.519965	 0.30613
-0.516632	 0.48213
-0.513299	 0.565727
-0.509966	 0.900609
-0.506633	 0.454094
-0.5033	 0.617965
-0.499967	 0.431297
-0.496634	 0.648438
-0.4933	 1.08146
-0.489967	 0.713681
-0.486634	 0.545885
-0.483301	 0.694206
-0.479968	 0.566899
-0.476635	 0.601116
-0.473302	 0.691728
-0.469969	 0.488633
-0.466636	 0.505602
-0.463302	 0.481208
-0.459969	 0.874253
-0.456636	 0.953268
-0.453303	 1.24022
-0.44997	 0.948035
-0.446637	 0.459496
-0.443304	 0.437624
-0.439971	 1.01677
-0.436638	 0.78785
-0.433304	 0.359658
-0.429971	 0.633183
-0.426638	 0.661605
-0.423305	 0.597172
-0.419972	 1.34957
-0.416639	 0.761614
-0.413306	 0.465557
-0.409973	 0.959453
-0.40664	 0.50859
-0.403306	 0.887267
-0.399973	 0.762839
-0.39664	 0.976037
-0.393307	 0.305056
-0.389974	 0.573316
-0.386641	 0.798086
-0.383308	 0.65846
-0.379975	 0.385296
-0.376642	 0.564579
-0.373308	 0.604116
-0.369975	 0.899386
-0.366642	 0.813439
-0.363309	 0.810665
-0.359976	 0.37316
-0.356643	 0.885166
-0.35331	 1.03667
-0.349977	 0.666663
-0.346644	 0.58942
-0.34331	 0.571016
-0.339977	 0.451336
-0.336644	 0.189567
-0.333311	 0.430089
-0.329978	 0.37733
-0.326645	 0.771891
-0.323312	 0.415321
-0.319979	 0.752303
-0.316646	 0.78202
-0.313312	 0.616003
-0.309979	 0.723665
-0.306646	 0.722805
-0.303313	 0.410436
-0.29998	 0.545012
-0.296647	 0.746245
-0.293314	 0.831522
-0.289981	 1.07404
-0.286648	 0.305072
-0.283314	 0.965043
-0.279981	 0.39171
-0.276648	 1.25227
-0.273315	 0.965229
-0.269982	 0.759569
-0.266649	 0.582473
-0.263316	 0.571636
-0.259983	 1.08752
-0.25665	 0.493661
-0.253316	 0.427683
-0.249983	 0.68186
-0.24665	 0.725634
-0.243317	 0.957952
-0.239984	 0.64561
-0.236651	 0.0896761
-0.233318	 0.584457
-0.229985	 0.442959
-0.226652	 0.297788
-0.223318	 0.314631
-0.219985	 0.544402
-0.216652	 0.523097
-0.213319	 1.22708
-0.209986	 0.455853
-0.206653	 0.822972
-0.20332	 0.483453
-0.199987	 1.4605
-0.196654	 0.6398
-0.19332	 0.636615
-0.189987	 0.682011
-0.186654	 1.04637
-0.183321	 1.03721
-0.179988	 0.773052
-0.176655	 0.371162
-0.173322	 0.508129
-0.169989	 0.561233
-0.166656	 1.29814
-0.163322	 1.29578
-0.159989	 0.521416
-0.156656	 1.16969
-0.153323	 0.960781
-0.14999	 0.792311
-0.146657	 1.04145
-0.143324	 0.566194
-0.139991	 0.61125
-0.136658	 0.680826
-0.133324	 0.759368
-0.129991	 0.599874
-0.126658	 0.822473
-0.123325	 0.708138
-0.119992	 0.792063
-0.116659	 0.821737
-0.113326	 0.548283
-0.109993	 0.582973
-0.10666	 0.448896
-0.103326	 0.548142
-0.0999933	 0.998251
-0.0966602	 1.03969
-0.0933271	 1.12706
-0.089994	 0.673095
-0.0866609	 0.514598
-0.0833278	 0.90655
-0.0799947	 0.560161
-0.0766616	 0.984583
-0.0733284	 1.09459
-0.0699953	 1.42698
-0.0666622	 0.331623
-0.0633291	 1.23931
-0.059996	 0.957693
-0.0566629	 1.07681
-0.0533298	 0.583552
-0.0499967	 0.827165
-0.0466636	 0.518914
-0.0433304	 1.04338
-0.0399973	 0.394191
-0.0366642	 0.924882
-0.0333311	 1.37172
-0.029998	 0.486218
-0.0266649	 1.20584
-0.0233318	 1.40758
-0.0199987	 1.0252
-0.0166656	 0.420582
-0.0133324	 0.546871
-0.00999933	 0.741426
-0.00666622	 0.529376
-0.00333311	 0.220106
0	 1
0.00333311	 1.53244
0.00666622	 0.955447
0.00999933	 0.514763
0.0133324	 1.23548
0.0166656	 1.14088
0.0199987	 0.457805
0.0233318	 0.32991
0.0266649	 0.6445
0.029998	 1.10423
0.0333311	 0.578552
0.0366642	 0.261219
0.0399973	 0.314925
0.0433304	 0.794377
0.0466636	 1.24169
0.0499967	 0.501657
0.0533298	 0.967275
0.0566629	 0.814497
0.059996	 0.579815
0.0633291	 1.23999
0.0666622	 0.856322
0.0699953	 0.458807
0.0733284	 0.50466
0.0766616	 0.628473
0.0799947	 0.974744
0.0833278	 0.678916
0.0866609	 0.714435
0.089994	 0.595156
0.0933271	 0.936349
0.0966602	 0.614309
0.0999933	 1.08188
0.103326	 0.882613
0.10666	 0.757714
0.109993	 0.59455
0.113326	 0.536872
0.116659	 0.689354
0.119992	 1.19722
0.123325	 0.515993
0.126658	 0.945191
0.129991	 1.08601
0.133324	 0.834621
0.136658	 0.41473
0.139991	 0.608117
0.143324	 0.539747
0.146657	 0.791806
0.14999	 1.0694
0.153323	 1.00731
0.156656	 0.707923
0.159989	 0.828193
0.163322	 0.501069
0.166656	 0.591749
0.169989	 0.560181
0.173322	 1.10519
0.176655	 1.11874
0.179988	 0.61265
0.183321	 0.205098
0.186654	 0.938369
0.189987	 0.292414
0.19332	 0.930527
0.196654	 0.651754
0.199987	 1.07299
0.20332	 0.188644
0.206653	 1.20181
0.209986	 0.61526
0.213319	 0.939377
0.216652	 0.710603
0.219985	 1.02187
0.223318	 0.779093
0.226652	 0.759201
0.229985	 0.584746
0.233318	 0.513426
0.236651	 0.747787
0.239984	 0.591945
0.243317	 0.45649
0.24665	 0.957825
0.249983	 1.26531
0.253316	 1.76684
0.25665	 1.37665
0.259983	 0.313077
0.263316	 0.80726
0.266649	 0.672134
0.269982	 0.587321
0.273315	 0.900554
0.276648	 0.48743
0.279981	 0.361606
0.283314	 0.912765
0.286648	 1.00716
0.289981	 0.478444
0.293314	 0.400267
0.296647	 0.562853
0.29998	 0.51107
0.303313	 0.749307
0.306646	 0.605044
0.309979	 0.791511
0.313312	 0.634624
0.316646	 0.531017
0.319979	 0.515846
0.323312	 0.801393
0.326645	 0.778548
0.329978	 0.597397
0.333311	 0.783445
0.336644	 0.599843
0.339977	 0.287159
0.34331	 0.474851
0.346644	 0.444169
0.349977	 0.720892
0.35331	 0.726304
0.356643	 1.42401
0.359976	 0.801967
0.363309	 0.280335
0.366642	 0.476762
0.369975	 0.652404
0.373308	 0.34708
0.376642	 1.04771
0.379975	 0.377597
0.383308	 0.634666
0.386641	 0.765911
0.389974	 0.811092
0.393307	 0.373997
0.39664	 0.650809
0.399973	 0.700318
0.403306	 0.289269
0.40664	 0.406701
0.409973	 0.556374
0.413306	 0.682648
0.416639	 0.306853
0.419972	 0.404145
0.423305	 0.566638
0.426638	 0.328003
0.429971	 0.663257
0.433304	 0.67926
0.436638	 0.87501
0.439971	 0.681425
0.443304	 0.743208
0.446637	 0.533037
0.44997	 0.418036
0.453303	 0.400169
0.456636	 0.266263
0.459969	 0.541963
0.463302	 0.447121
0.466636	 0.322867
0.469969	 0.614414
0.473302	 0.445418
0.476635	 0.956622
0.479968	 0.497663
0.483301	 0.500752
0.486634	 0.530249
0.489967	 0.744605
0.4933	 0.616958
0.496634	 0.707915
0.499967	 0.55241
0.5033	 0.727938
0.506633	 0.526917
0.509966	 0.321222
0.513299	 0.319579
0.516632	 0.888061
0.519965	 0.671229
0.523298	 0.533338
0.526632	 0.390527
0.529965	 1.07445
0.533298	 0.574846
0.536631	 0.442293
0.539964	 0.184904
0.543297	 0.849574
0.54663	 0.880448
0.549963	 0.666567
0.553296	 0.868999
0.55663	 0.71554
0.559963	 0.565014
0.563296	 0.750431
0.566629	 0.576874
0.569962	 0.796879
0.573295	 0.380727
0.576628	 0.3392
0.579961	 0.561508
0.583294	 0.389424
0.586628	 0.763011
0.589961	 0.772938
0.593294	 1.06296
0.596627	 0.501567
0.59996	 1.18783
0.603293	 0.625904
0.606626	 0.488883
0.609959	 0.640275
0.613292	 0.644867
0.616626	 0.424494
0.619959	 0.328929
0.623292	 0.335877
0.626625	 0.625641
0.629958	 0.319345
0.633291	 0.340971
0.636624	 0.438942
0.639957	 0.30312
0.64329	 0.258042
0.646624	 0.499832
0.649957	 0.291022
0.65329	 0.772611
0.656623	 0.544546
0.659956	 0.744049
0.663289	 0.431455
0.666622	 0.521133
0.669955	 0.629031
0.673288	 0.432106
0.676622	 0.410817
0.679955	 0.76333
0.683288	 0.815769
0.686621	 0.640923
0.689954	 0.286863
0.693287	 0.667418
0.69662	 0.709322
0.699953	 0.29607
0.703286	 0.7918
0.70662	 0.248278
0.709953	 0.552932
0.713286	 0.849238
0.716619	 0.235681
0.719952	 0.59376
0.723285	 0.806255
0.726618	 0.339828
0.729951	 0.793482
0.733284	 0.73817
0.736618	 0.378834
0.739951	 0.801383
0.743284	 0.165905
0.746617	 0.383603
0.74995	 0.209976
0.753283	 0.810158
0.756616	 0.44324
0.759949	 0.691087
0.763282	 0.710911
0.766616	 0.746061
0.769949	 0.739155
0.773282	 1.1873
0.776615	 0.892015
0.779948	 0.59882
0.783281	 0.800841
0.786614	 0.526772
0.789947	 0.77525
0.79328	 0.768657
0.796614	 0.468525
0.799947	 0.37701
0.80328	 0.289054
0.806613	 0.341884
0.809946	 0.431891
0.813279	 0.5704
0.816612	 0.972659
0.819945	 0.67041
0.823278	 0.882395
0.826612	 0.294632
0.829945	 0.790223
0.833278	 0.657795
0.836611	 0.436569
0.839944	 0.521658
0.843277	 0.814595
0.84661	 1.12897
0.849943	 0.926116
0.853276	 0.646373
0.85661	 0.520393
0.859943	 0.66741
0.863276	 0.709236
0.866609	 0.443653
0.869942	 0.299782
0.873275	 0.904134
0.876608	 0.723738
0.879941	 0.304618
0.883274	 0.806902
0.886608	 0.354667
0.889941	 1.03366
0.893274	 0.500649
0.896607	 0.559615
0.89994	 0.549576
0.903273	 0.339063
0.906606	 0.339462
0.909939	 0.346974
0.913272	 0.916661
0.916606	 0.612748
0.919939	 0.887344
0.923272	 0.867491
0.926605	 0.587081
0.929938	 0.580718
0.933271	 0.616519
0.936604	 1.06541
0.939937	 0.757049
0.94327	 0.929256
0.946604	 0.500556
0.949937	 0.899172
0.95327	 0.420262
0.956603	 0.548251
0.959936	 0.880051
0.963269	 0.672506
0.966602	 0.256324
0.969935	 0.421146
0.973268	 0.264407
0.976602	 0.444268
0.979935	 0.276331
0.983268	 0.696515
0.986601	 1.12392
0.989934	 0.576116
0.993267	 0.762431
0.9966	 0.861972
0.999933	 0.778702
1.00327	 0.411513
1.0066	 0.914634
1.00993	 0.965038
1.01327	 0.801703
1.0166	 0.999376
1.01993	 0.586952
1.02327	 1.27459
1.0266	 0.536561
1.02993	 1.02529
1.03326	 0.870252
1.0366	 0.997214
1.03993	 1.09966
1.04326	 0.603611
1.0466	 0.777336
1.04993	 0.697135
1.05326	 0.403925
1.0566	 1.38695
1.05993	 0.612974
1.06326	 1.14774
1.0666	 0.349378
1.06993	 0.864159
1.07326	 0.700042
1.07659	 0.549088
1.07993	 0.537854
1.08326	 0.631313
1.08659	 0.601094
1.08993	 0.547213
1.09326	 0.88034
1.09659	 1.03567
1.09993	 0.349515
1.10326	 0.508973
1.10659	 1.14567
1.10993	 1.27908
1.11326	 0.606336
1.11659	 0.0785597
1.11993	 1.40767
1.12326	 0.826597
1.12659	 0.951628
1.12992	 0.229081
1.13326	 0.90826
1.13659	 0.970533
1.13992	 0.412591
1.14326	 0.879473
1.14659	 0.451515
1.14992	 0.425984
1.15326	 0.400659
1.15659	 0.406128
1.15992	 1.19657
1.16326	 0.722601
1.16659	 0.823404
1.16992	 0.723304
1.17326	 0.921426
1.17659	 0.36916
1.17992	 0.521056
1.18325	 0.760154
1.18659	 1.04594
1.18992	 0.728815
1.19325	 0.959838
1.19659	 0.895457
1.19992	 0.798654
1.20325	 0.41301
1.20659	 0.262288
1.20992	 0.670556
1.21325	 0.693696
1.21659	 1.00769
1.21992	 0.823679
1.22325	 0.80645
1.22658	 0.688887
1.22992	 0.847942
1.23325	 0.599293
1.23658	 1.18795
1.23992	 0.740661
1.24325	 0.563997
1.24658	 0.592978
1.24992	 0.663102
1.25325	 0.710311
1.25658	 0.430486
1.25992	 0.678372
1.26325	 0.86857
1.26658	 0.577644
1.26992	 1.31209
1.27325	 1.25374
1.27658	 0.445388
1.27991	 0.874116
1.28325	 1.08665
1.28658	 1.40607
1.28991	 0.213691
1.29325	 0.706379
1.29658	 0.912977
1.29991	 1.0797
1.30325	 0.838001
1.30658	 0.787887
1.30991	 0.750748
1.31325	 1.08975
1.31658	 0.97458
1.31991	 0.622884
1.32325	 0.918525
1.32658	 1.11463
1.32991	 0.859277
1.33324	 0.413558
1.33658	 0.455847
1.33991	 0.639031
1.34324	 0.944544
1.34658	 0.446929
1.34991	 0.917519
1.35324	 1.2174
1.35658	 0.491877
1.35991	 1.1125
1.36324	 0.573337
1.36658	 0.724969
1.36991	 1.28899
1.37324	 0.324391
1.37657	 0.377229
1.37991	 0.48013
1.38324	 0.582841
1.38657	 0.717155
1.38991	 0.922975
1.39324	 0.97034
1.39657	 0.546603
1.39991	 0.708909
1.40324	 0.466468
1.40657	 0.44908
1.40991	 0.648976
1.41324	 0.852666
1.41657	 0.74642
1.41991	 0.372313
1.42324	 0.805183
1.42657	 1.16994
1.4299	 1.18968
1.43324	 0.924253
1.43657	 0.843131
1.4399	 0.167187
1.44324	 1.16368
1.44657	 0.4453
1.4499	 0.758018
1.45324	 0.513909
1.45657	 0.21625
1.4599	 0.927702
1.46324	 0.817609
1.46657	 0.390531
1.4699	 0.93078
1.47324	 0.592289
1.47657	 0.492551
1.4799	 0.484919
1.48323	 0.645789
1.48657	 0.471765
1.4899	 0.700067
1.49323	 0.703512
1.49657	 0.663836
1.4999	 0.420568
1.50323	 0.336192
1.50657	 1.01963
1.5099	 0.49852
1.51323	 0.483745
1.51657	 1.02935
1.5199	 0.361432
1.52323	 0.687922
1.52656	 0.751121
1.5299	 0.744745
1.53323	 0.153151
1.53656	 0.852893
1.5399	 0.98039
1.54323	 0.67066
1.54656	 0.41561
1.5499	 1.08684
1.55323	 0.515546
1.55656	 0.622977
1.5599	 0.689413
1.56323	 0.477034
1.56656	 0.723078
1.5699	 0.505062
1.57323	 1.10751
1.57656	 0.640125
1.57989	 0.865374
1.58323	 0.84695
1.58656	 0.551951
1.58989	 0.751572
1.59323	 0.746142
1.59656	 0.666915
1.59989	 0.73064
1.60323	 0.814977
1.60656	 0.663085
1.60989	 0.757653
1.61323	 0.428151
1.61656	 0.445858
1.61989	 0.951019
1.62323	 0.900259
1.62656	 0.507562
1.62989	 0.337841
1.63322	 0.559221
1.63656	 0.688108
1.63989	 0.971269
1.64322	 0.760457
1.64656	 0.738896
1.64989	 0.528462
1.65322	 0.4547
1.65656	 0.319259
1.65989	 0.530845
1.66322	 0.712371
1.66656	 0.497568
1.66989	 0.814676
1.67322	 0.544839
1.67655	 0.597503
1.67989	 0.552366
1.68322	 0.59163
1.68655	 0.87424
1.68989	 0.565345
1.69322	 1.17735
1.69655	 0.567053
1.69989	 0.762261
1.70322	 0.484755
1.70655	 0.549933
1.70989	 0.89872
1.71322	 0.28456
1.71655	 0.576209
1.71989	 0.51016
1.72322	 0.546358
1.72655	 0.544955
1.72988	 0.510746
1.73322	 0.950006
1.73655	 0.661903
1.73988	 0.786167
1.74322	 0.366245
1.74655	 1.26349
1.74988	 0.455995
1.75322	 0.905907
1.75655	 0.288257
1.75988	 0.25213
1.76322	 0.44731
1.76655	 0.470686
1.76988	 0.762622
1.77322	 0.342226
1.77655	 0.321908
1.77988	 0.779084
1.78321	 0.55341
1.78655	 0.489663
1.78988	 0.702915
1.79321	 1.0199
1.79655	 0.680607
1.79988	 0.262016
1.80321	 0.63529
1.80655	 0.651088
1.80988	 0.663066
1.81321	 0.502535
1.81655	 0.847137
1.81988	 0.644447
1.82321	 0.581197
1.82654	 0.678197
1.82988	 0.512157
1.83321	 0.300926
1.83654	 0.574807
1.83988	 0.419394
1.84321	 0.636644
1.84654	 0.841508
1.84988	 0.418167
1.85321	 0.447181
1.85654	 0.39656
1.85988	 0.59262
1.86321	 0.469432
1.86654	 0.559017
1.86988	 0.41932
1.87321	 0.470702
1.87654	 0.938448
1.87987	 0.795796
1.88321	 0.226057
1.88654	 0.293975
1.88987	 1.0337
1.89321	 0.800051
1.89654	 0.371582
1.89987	 0.988743
1.90321	 0.777514
1.90654	 0.62841
1.90987	 0.457507
1.91321	 0.443037
1.91654	 0.973552
1.91987	 0.579026
1.92321	 1.07085
1.92654	 0.60021
1.92987	 0.907806
1.9332	 0.623785
1.93654	 0.265961
1.93987	 0.611203
1.9432	 0.487889
1.94654	 0.656304
1.94987	 0.480229
1.9532	 0.579022
1.95654	 0.633389
1.95987	 0.847692
1.9632	 0.606155
1.96654	 0.524226
1.96987	 0.48787
1.9732	 0.497677
1.97653	 0.856094
1.97987	 0.397516
1.9832	 0.422671
1.98653	 0.631385
1.98987	 0.440493
1.9932	 0.876196
1.99653	 0.866238
1.99987	 0.567398
2.0032	 0.889042
2.00653	 0.465162
2.00987	 0.470977
2.0132	 0.543736
2.01653	 0.539844
2.01987	 0.730975
2.0232	 0.521229
2.02653	 0.843602
2.02986	 0.583966
2.0332	 0.363339
2.03653	 0.649789
2.03986	 0.261344
2.0432	 0.373087
2.04653	 0.521822
2.04986	 0.729756
2.0532	 0.3394
2.05653	 0.884446
2.05986	 0.999246
2.0632	 0.389534
2.06653	 0.570038
2.06986	 0.202793
2.0732	 0.555313
2.07653	 0.762121
2.07986	 0.836691
2.08319	 0.702759
2.08653	 0.347078
2.08986	 0.420898
2.09319	 0.869742
2.09653	 0.899957
2.09986	 0.730102
2.10319	 0.42556
2.10653	 0.86885
2.10986	 0.54013
2.11319	 0.326314
2.11653	 1.31642
2.11986	 0.259825
2.12319	 0.241746
2.12652	 0.280668
2.12986	 0.736137
2.13319	 0.273604
2.13652	 0.598603
2.13986	 0.666524
2.14319	 0.802113
2.14652	 1.11449
2.14986	 0.822386
2.15319	 0.342373
2.15652	 0.283418
2.15986	 0.471748
2.16319	 0.858144
2.16652	 0.909858
2.16986	 0.893048
2.17319	 0.597752
2.17652	 0.364303
2.17985	 0.765016
2.18319	 0.558817
2.18652	 0.602101
2.18985	 0.485992
2.19319	 0.526534
2.19652	 0.710174
2.19985	 0.715973
2.20319	 0.476017
2.20652	 0.558018
2.20985	 1.18699
2.21319	 0.724714
2.21652	 0.756369
2.21985	 0.755579
2.22319	 1.15836
2.22652	 0.321487
2.22985	 0.756516
2.23318	 1.08112
2.23652	 1.08382
2.23985	 0.481308
2.24318	 0.783139
2.24652	 0.640263
2.24985	 0.689307
2.25318	 0.390094
2.25652	 0.736314
2.25985	 1.13192
2.26318	 0.884724
2.26652	 0.367581
2.26985	 0.642582
2.27318	 0.799511
2.27651	 0.718734
2.27985	 0.484383
2.28318	 0.840515
2.28651	 0.748611
2.28985	 0.877532
2.29318	 0.439491
2.29651	 0.827896
2.29985	 0.524451
2.30318	 0.769751
2.30651	 1.0529
2.30985	 0.754762
2.31318	 0.44656
2.31651	 0.667151
2.31985	 0.638621
2.32318	 1.20605
2.32651	 0.270837
2.32984	 0.629028
2.33318	 1.0958
2.33651	 0.707638
2.33984	 0.629251
2.34318	 1.27845
2.34651	 0.289291
2.34984	 0.722493
2.35318	 2.05749
2.35651	 1.47795
2.35984	 0.836534
2.36318	 1.10389
2.36651	 0.613361
2.36984	 0.688223
2.37318	 0.782864
2.37651	 0.413953
2.37984	 1.06351
2.38317	 1.01426
2.38651	 0.682819
2.38984	 0.976708
2.39317	 0.60988
2.39651	 1.23468
2.39984	 0.877144
2.40317	 1.12343
2.40651	 0.772203
2.40984	 0.517883
2.41317	 0.554668
2.41651	 0.543198
2.41984	 0.556596
2.42317	 0.696483
2.4265	 0.676868
2.42984	 1.07438
2.43317	 0.237861
2.4365	 1.04034
2.43984	 0.930346
2.44317	 0.658839
2.4465	 0.490473
2.44984	 1.09199
2.45317	 0.448183
2.4565	 1.45059
2.45984	 1.05645
2.46317	 0.522008
2.4665	 0.93984
2.46984	 0.606549
2.47317	 0.554452
2.4765	 1.1661
2.47983	 0.935216
2.48317	 0.996873
2.4865	 0.458136
2.48983	 0.881252
2.49317	 0.76105
2.4965	 0.966484
2.49983	 1.01746
2.50317	 0.452396
2.5065	 0.492471
2.50983	 0.599792
2.51317	 1.20514
2.5165	 0.406188
2.51983	 0.606107
2.52317	 0.957627
2.5265	 1.19928
2.52983	 1.5875
2.53316	 0.148907
2.5365	 0.631212
2.53983	 0.944934
2.54316	 0.525915
2.5465	 0.246853
2.54983	 1.16381
2.55316	 0.974511
2.5565	 1.01228
2.55983	 0.704821
2.56316	 0.803415
2.5665	 1.31122
2.56983	 1.602
2.57316	 0.709299
2.57649	 0.217264
2.57983	 0.465303
2.58316	 0.525626
2.58649	 0.53252
2.58983	 0.404094
2.59316	 0.819541
2.59649	 0.615118
2.59983	 0.632926
2.60316	 1.35904
2.60649	 0.927719
2.60983	 1.07541
2.61316	 0.436964
2.61649	 1.00228
2.61983	 1.17882
2.62316	 0.658591
2.62649	 1.34895
2.62982	 0.962901
2.63316	 0.580064
2.63649	 1.0796
2.63982	 0.629545
2.64316	 0.444932
2.64649	 0.709908
2.64982	 1.02489
2.65316	 0.45569
2.65649	 0.349381
2.65982	 0.946094
2.66316	 0.415411
2.66649	 0.619619
2.66982	 0.837187
2.67316	 0.643889
2.67649	 0.998209
2.67982	 0.759311
2.68315	 0.488846
2.68649	 0.639658
2.68982	 0.990506
2.69315	 0.888188
2.69649	 0.438444
2.69982	 0.825225
2.70315	 0.473774
2.70649	 1.28373
2.70982	 1.29449
2.71315	 0.416035
2.71649	 0.62885
2.71982	 0.807695
2.72315	 0.527526
2.72648	 1.48649
2.72982	 0.529993
2.73315	 0.401818
2.73648	 1.00968
2.73982	 0.893881
2.74315	 0.64571
2.74648	 0.288205
2.74982	 0.294678
2.75315	 0.634706
2.75648	 0.691198
2.75982	 0.923806
2.76315	 0.451401
2.76648	 0.838829
2.76982	 0.613357
2.77315	 0.814872
2.77648	 0.576261
2.77981	 1.06684
2.78315	 0.606974
2.78648	 0.719013
2.78981	 0.851939
2.79315	 1.00609
2.79648	 0.420455
2.79981	 0.999716
2.80315	 0.614477
2.80648	 0.350487
2.80981	 0.939136
2.81315	 1.06462
2.81648	 0.916627
2.81981	 0.810607
2.82315	 0.636178
2.82648	 1.16948
2.82981	 0.42228
2.83314	 0.425338
2.83648	 0.524499
2.83981	 0.520159
2.84314	 1.12876
2.84648	 0.462654
2.84981	 0.470717
2.85314	 0.654283
2.85648	 0.329791
2.85981	 0.262816
2.86314	 0.497279
2.86648	 0.727202
2.86981	 1.0167
2.87314	 0.666008
2.87647	 0.665551
2.87981	 0.791054
2.88314	 0.750314
2.88647	 0.467322
2.88981	 0.592934
2.89314	 0.599817
2.89647	 0.785695
2.89981	 0.455802
2.90314	 0.735681
2.90647	 0.985401
2.90981	 0.504279
2.91314	 0.809339
2.91647	 0.409399
2.91981	 0.433599
2.92314	 0.52542
2.92647	 0.656157
2.9298	 0.720509
2.93314	 0.437191
2.93647	 0.321046
2.9398	 0.467935
2.94314	 0.920128
2.94647	 0.60798
2.9498	 0.122533
2.95314	 0.549266
2.95647	 0.8365
2.9598	 1.02841
2.96314	 0.370505
2.96647	 0.36938
2.9698	 0.465612
2.97314	 0.223752
2.97647	 0.774691
2.9798	 0.60117
2.98313	 0.289651
2.98647	 0.905245
2.9898	 0.328646
2.99313	 0.281526
2.99647	 0.632553
2.9998	 0.946416
3.00313	 0.344657
3.00647	 0.469051
3.0098	 0.370089
3.01313	 0.723556
3.01647	 0.936838
3.0198	 0.741037
3.02313	 0.551829
3.02646	 0.501561
3.0298	 0.805493
3.03313	 0.646824
3.03646	 0.586991
3.0398	 0.787608
3.04313	 0.778301
3.04646	 0.370324
3.0498	 0.348518
3.05313	 0.708178
3.05646	 0.738292
3.0598	 0.352272
3.06313	 0.652245
3.06646	 0.851203
3.0698	 0.58729
3.07313	 0.141981
3.07646	 0.31632
3.07979	 0.59779
3.08313	 0.821142
3.08646	 0.205596
3.08979	 0.411674
3.09313	 0.538016
3.09646	 0.958478
3.09979	 0.55048
3.10313	 1.1022
3.10646	 0.307452
3.10979	 0.542532
3.11313	 0.620891
3.11646	 0.385246
3.11979	 0.590192
3.12313	 0.531228
3.12646	 0.299472
3.12979	 0.766894
3.13312	 0.488724
3.13646	 0.567641
3.13979	 0.634638
3.14312	 0.50608
3.14646	 0.928781
3.14979	 0.310922
3.15312	 0.703204
3.15646	 0.389091
3.15979	 0.637683
3.16312	 0.201162
3.16646	 0.686705
3.16979	 0.437064
3.17312	 0.311627
3.17645	 0.562715
3.17979	 0.731207
3.18312	 0.800598
3.18645	 0.527721
3.18979	 1.05161
3.19312	 0.63973
3.19645	 0.268001
3.19979	 0.438413
3.20312	 1.10777
3.20645	 0.320558
3.20979	 0.546459
3.21312	 0.716949
3.21645	 0.693039
3.21979	 0.634456
3.22312	 0.528608
3.22645	 0.933584
3.22978	 0.406369
3.23312	 0.566897
3.23645	 0.370781
3.23978	 0.344875
3.24312	 0.660971
3.24645	 0.760718
3.24978	 0.398626
3.25312	 0.343475
3.25645	 0.877292
3.25978	 0.722494
3.26312	 0.468348
3.26645	 0.521915
3.26978	 0.357904
3.27312	 0.471749
3.27645	 0.39586
3.27978	 0.540736
3.28311	 1.01982
3.28645	 0.888733
3.28978	 0.376858
3.29311	 0.517236
3.29645	 0.475394
3.29978	 0.641154
3.30311	 0.634665
3.30645	 0.485955
3.30978	 0.863884
3.31311	 0.745183
3.31645	 0.725683
3.31978	 0.55802
3.32311	 0.657904
3.32644	 0.537587
3.32978	 0.126948
3.33311	 0.851995
3.33644	 0.970011
3.33978	 0.558382
3.34311	 0.443407
3.34644	 0.749027
3.34978	 0.597742
3.35311	 0.731546
3.35644	 0.733202
3.35978	 0.729653
3.36311	 0.517325
3.36644	 0.217388
3.36978	 0.983645
3.37311	 0.413507
3.37644	 0.80075
3.37977	 0.687363
3.38311	 0.504664
3.38644	 0.404304
3.38977	 0.763775
3.39311	 0.68087
3.39644	 0.654363
3.39977	 0.933449
3.40311	 1.12803
3.40644	 0.837735
3.40977	 0.648061
3.41311	 0.633543
3.41644	 0.439594
3.41977	 1.06553
3.42311	 0.750925
3.42644	 0.652512
3.42977	 0.702155
3.4331	 0.645441
3.43644	 0.647945
3.43977	 0.606338
3.4431	 0.250544
3.44644	 0.417768
3.44977	 0.917772
3.4531	 0.800081
3.45644	 0.906831
3.45977	 1.3049
3.4631	 0.61662
3.46644	 0.238043
3.46977	 0.405006
3.4731	 1.36309
3.47643	 0.580919
3.47977	 0.431349
3.4831	 0.736323
3.48643	 0.866525
3.48977	 0.704797
3.4931	 0.745676
3.49643	 0.621974
3.49977	 0.694434
3.5031	 0.468224
3.50643	 1.00974
3.50977	 1.1787
3.5131	 1.24421
3.51643	 0.563351
3.51977	 0.842769
3.5231	 0.590787
3.52643	 0.995058
3.52976	 0.618975
3.5331	 0.690439
3.53643	 0.928148
3.53976	 0.93728
3.5431	 0.444804
3.54643	 0.963851
3.54976	 0.615817
3.5531	 0.500906
3.55643	 0.629649
3.55976	 0.624181
3.5631	 0.525456
3.56643	 1.333
3.56976	 0.591382
3.5731	 0.964487
3.57643	 0.802827
3.57976	 0.561628
3.58309	 0.516034
3.58643	 0.434032
3.58976	 0.865232
3.59309	 1.19305
3.59643	 0.3893
3.59976	 0.682292
3.60309	 0.764923
3.60643	 0.315741
3.60976	 0.539489
3.61309	 0.961153
3.61643	 0.881644
3.61976	 0.933354
3.62309	 0.730373
3.62642	 0.919592
3.62976	 1.01799
3.63309	 1.12447
3.63642	 0.400233
3.63976	 0.45013
3.64309	 1.28025
3.64642	 0.967019
3.64976	 0.661789
3.65309	 1.16693
3.65642	 0.460285
3.65976	 0.618877
3.66309	 0.919838
3.66642	 0.506527
3.66976	 0.618861
3.67309	 1.16584
3.67642	 0.382072
3.67975	 0.867998
3.68309	 0.680664
3.68642	 0.555671
3.68975	 1.01108
3.69309	 0.927959
3.69642	 0.815997
3.69975	 0.86207
3.70309	 0.973781
3.70642	 0.478604
3.70975	 0.757899
3.71309	 0.774157
3.71642	 0.74358
3.71975	 0.813211
3.72309	 0.590006
3.72642	 0.824563
3.72975	 1.41776
3.73308	 1.32313
3.73642	 0.408844
3.73975	 1.17056
3.74308	 1.19462
3.74642	 0.904187
3.74975	 0.875054
3.75308	 0.423717
3.75642	 0.648268
3.75975	 1.13313
3.76308	 0.937763
3.76642	 1.01076
3.76975	 0.911775
3.77308	 0.302362
3.77641	 0.594358
3.77975	 1.18107
3.78308	 0.34005
3.78641	 0.882414
3.78975	 0.919139
3.79308	 0.914184
3.79641	 1.06674
3.79975	 1.20914
3.80308	 0.564122
3.80641	 0.403624
3.80975	 0.54629
3.81308	 0.93384
3.81641	 0.495208
3.81975	 1.03277
3.82308	 0.128467
3.82641	 0.485109
3.82974	 0.833507
3.83308	 0.526344
3.83641	 0.321488
3.83974	 0.162115
3.84308	 0.567129
3.84641	 1.03279
3.84974	 0.604509
3.85308	 1.21448
3.85641	 0.740856
3.85974	 0.621855
3.86308	 0.756688
3.86641	 0.905716
3.86974	 0.492658
3.87308	 0.394991
3.87641	 0.738919
3.87974	 1.19404
3.88307	 0.616997
3.88641	 0.268232
3.88974	 0.672414
3.89307	 0.911809
3.89641	 0.598146
3.89974	 0.741607
3.90307	 0.791526
3.90641	 0.879036
3.90974	 0.928273
3.91307	 0.396707
3.91641	 0.700113
3.91974	 0.382281
3.92307	 0.954741
3.9264	 0.901388
3.92974	 0.865683
3.93307	 0.932908
3.9364	 0.491865
3.93974	 0.517151
3.94307	 0.297327
3.9464	 0.99264
3.94974	 0.542528
3.95307	 0.245921
3.9564	 0.930753
3.95974	 0.610359
3.96307	 1.15428
3.9664	 0.457959
3.96974	 0.805044
3.97307	 0.683175
3.9764	 0.928095
3.97973	 0.453613
3.98307	 0.566572
3.9864	 0.527839
3.98973	 0.770964
3.99307	 0.762366
3.9964	 0.158975
3.99973	 0.978511
4.00307	 0.447387
4.0064	 1.14103
4.00973	 0.406287
4.01307	 0.453471
4.0164	 0.865772
4.01973	 0.608867
4.02307	 0.337587
4.0264	 0.459726
4.02973	 0.588182
4.03306	 0.439909
4.0364	 0.677962
4.03973	 0.617958
4.04306	 0.473223
4.0464	 1.05744
4.04973	 0.911804
4.05306	 0.777534
4.0564	 0.237623
4.05973	 0.230384
4.06306	 0.165714
4.0664	 0.877443
4.06973	 0.406996
4.07306	 1.03862
4.07639	 0.923736
4.07973	 0.385864
4.08306	 0.595891
4.08639	 0.525716
4.08973	 0.280676
4.09306	 0.598153
4.09639	 0.81341
4.09973	 0.716282
4.10306	 0.615236
4.10639	 0.746249
4.10973	 0.884484
4.11306	 0.435442
4.11639	 0.783049
4.11973	 0.64801
4.12306	 0.393884
4.12639	 1.01265
4.12972	 0.327234
4.13306	 0.407394
4.13639	 0.534049
4.13972	 0.903515
4.14306	 0.349932
4.14639	 0.696698
4.14972	 0.843345
4.15306	 0.687697
4.15639	 0.627989
4.15972	 0.676412
4.16306	 0.54761
4.16639	 0.328841
4.16972	 0.568847
4.17306	 0.868175
4.17639	 0.342179
4.17972	 1.19224
4.18305	 0.534996
4.18639	 0.591951
4.18972	 1.16784
4.19305	 0.592325
4.19639	 0.558905
4.19972	 0.366568
4.20305	 0.593719
4.20639	 0.900427
4.20972	 0.694788
4.21305	 0.470686
4.21639	 0.500407
4.21972	 0.902872
4.22305	 0.755447
4.22638	 0.466693
4.22972	 0.493432
4.23305	 0.772534
4.23638	 0.545981
4.23972	 0.612542
4.24305	 1.01982
4.24638	 0.511081
4.24972	 0.613042
4.25305	 0.966618
4.25638	 0.321296
4.25972	 0.479372
4.26305	 0.482751
4.26638	 0.753435
4.26972	 0.720496
4.27305	 0.469938
4.27638	 0.674079
4.27971	 0.409728
4.28305	 0.634465
4.28638	 0.687694
4.28971	 0.772724
4.29305	 0.374569
4.29638	 0.533267
4.29971	 0.315969
4.30305	 0.619226
4.30638	 0.332487
4.30971	 0.799413
4.31305	 0.713175
4.31638	 1.12274
4.31971	 0.316564
4.32305	 0.779444
4.32638	 0.593987
4.32971	 0.51392
4.33304	 0.25028
4.33638	 0.460798
4.33971	 0.514492
4.34304	 0.454573
4.34638	 0.2944
4.34971	 0.568891
4.35304	 1.2718
4.35638	 0.63966
4.35971	 0.414206
4.36304	 0.308822
4.36638	 0.327769
4.36971	 0.774347
4.37304	 0.703525
4.37637	 0.789794
4.37971	 0.508743
4.38304	 0.58834
4.38637	 0.527455
4.38971	 0.559464
4.39304	 0.606295
4.39637	 0.396918
4.39971	 0.495018
4.40304	 0.431054
4.40637	 0.390815
4.40971	 0.771822
4.41304	 0.796391
4.41637	 0.773772
4.41971	 0.816134
4.42304	 0.537699
4.42637	 0.628774
4.4297	 0.277748
4.43304	 0.808733
4.43637	 0.450874
4.4397	 0.36123
4.44304	 0.492334
4.44637	 0.552323
4.4497	 0.665459
4.45304	 0.560834
4.45637	 0.740947
4.4597	 0.329817
4.46304	 0.551904
4.46637	 0.463394
4.4697	 0.506038
4.47304	 0.426536
4.47637	 0.288522
4.4797	 0.675424
4.48303	 0.292236
4.48637	 0.822508
4.4897	 0.381499
4.49303	 0.187282
4.49637	 0.576627
4.4997	 0.607981
4.50303	 0.591426
4.50637	 0.556554
4.5097	 0.409299
4.51303	 0.366938
4.51637	 0.829576
4.5197	 0.383082
4.52303	 0.604506
4.52636	 1.00756
4.5297	 0.319827
4.53303	 0.613677
4.53636	 0.562937
4.5397	 0.604849
4.54303	 0.483462
4.54636	 0.662304
4.5497	 1.13039
4.55303	 0.558079
4.55636	 0.816681
4.5597	 0.635139
4.56303	 0.59697
4.56636	 0.815274
4.5697	 0.433469
4.57303	 0.618418
4.57636	 0.581748
4.57969	 0.95809
4.58303	 1.10675
4.58636	 0.710722
4.58969	 0.448216
4.59303	 0.979189
4.59636	 0.900376
4.59969	 0.664818
4.60303	 0.720304
4.60636	 0.211248
4.60969	 0.171453
4.61303	 0.904835
4.61636	 0.629239
4.61969	 0.418297
4.62303	 0.782043
4.62636	 0.332155
4.62969	 0.701922
4.63302	 1.04269
4.63636	 0.869204
4.63969	 0.954361
4.64302	 0.291902
4.64636	 0.475005
4.64969	 0.330976
4.65302	 0.783343
4.65636	 0.332385
4.65969	 0.685706
4.66302	 0.686995
4.66636	 0.424229
4.66969	 0.806614
4.67302	 0.405734
4.67635	 0.786735
4.67969	 0.458578
4.68302	 0.683907
4.68635	 1.10221
4.68969	 0.229465
4.69302	 0.221507
4.69635	 0.678046
4.69969	 0.579077
4.70302	 1.08295
4.70635	 1.15236
4.70969	 0.89352
4.71302	 0.687906
4.71635	 0.416556
4.71969	 0.42476
4.72302	 0.504621
4.72635	 0.776976
4.72968	 0.680361
4.73302	 0.468355
4.73635	 0.435574
4.73968	 1.01413
4.74302	 0.820696
4.74635	 0.797303
4.74968	 0.915372
4.75302	 0.796384
4.75635	 0.913378
4.75968	 0.728863
4.76302	 0.280741
4.76635	 0.495685
4.76968	 1.1585
4.77302	 0.65189
4.77635	 0.706695
4.77968	 0.324501
4.78301	 0.72352
4.78635	 0.140306
4.78968	 0.820273
4.79301	 0.802176
4.79635	 0.166699
4.79968	 0.823964
4.80301	 0.769601
4.80635	 1.01494
4.80968	 0.670819
4.81301	 0.834621
4.81635	 0.545885
4.81968	 0.369557
4.82301	 0.807976
4.82634	 0.658814
4.82968	 0.186884
4.83301	 0.587042
4.83634	 0.92113
4.83968	 0.322314
4.84301	 0.957874
4.84634	 0.745732
4.84968	 0.808852
4.85301	 0.543368
4.85634	 0.836136
4.85968	 0.266876
4.86301	 1.37209
4.86634	 1.02552
4.86968	 0.574364
4.87301	 0.156222
4.87634	 1.2644
4.87967	 1.17111
4.88301	 0.793712
4.88634	 0.655308
4.88967	 0.209599
4.89301	 1.08992
4.89634	 0.876846
4.89967	 1.14658
4.90301	 0.566878
4.90634	 0.737667
4.90967	 0.346989
4.91301	 0.611309
4.91634	 0.515707
4.91967	 0.696561
4.92301	 1.51134
4.92634	 1.11418
4.92967	 0.775934
4.933	 0.456223
4.93634	 0.315994
4.93967	 0.752695
4.943	 0.413847
4.94634	 0.830419
4.94967	 0.523929
4.953	 1.13955
4.95634	 0.720103
4.95967	 0.23273
4.963	 0.69594
4.96634	 0.850383
4.96967	 0.854651
4.973	 0.84317
4.97633	 0.746698
4.97967	 0.78022
4.983	 0.633043
4.98633	 0.705611
4.98967	 0.822505
4.993	 0.348197
4.99633	 0.508738
