# Frequency [GHz] 	Fouriercomponent
-4.99967	 1.17351
-4.99633	 1.35198
-4.993	 0.63298
-4.98967	 0.570671
-4.98633	 0.874658
-4.983	 1.24144
-4.97967	 0.957798
-4.97633	 0.767314
-4.973	 1.05851
-4.96967	 0.69201
-4.96634	 0.989506
-4.963	 0.861007
-4.95967	 0.340608
-4.95634	 1.3755
-4.953	 0.67397
-4.94967	 0.497051
-4.94634	 0.485396
-4.943	 0.865055
-4.93967	 0.374206
-4.93634	 0.849711
-4.933	 0.911694
-4.92967	 0.837155
-4.92634	 0.917698
-4.92301	 1.1006
-4.91967	 1.08749
-4.91634	 0.650126
-4.91301	 0.999342
-4.90967	 0.333084
-4.90634	 1.11752
-4.90301	 0.629693
-4.89967	 1.0273
-4.89634	 0.879517
-4.89301	 1.28958
-4.88967	 1.23211
-4.88634	 0.686566
-4.88301	 0.701376
-4.87967	 0.619573
-4.87634	 0.759641
-4.87301	 1.08959
-4.86968	 1.54164
-4.86634	 0.290939
-4.86301	 1.68102
-4.85968	 1.06689
-4.85634	 0.764084
-4.85301	 0.824126
-4.84968	 0.81551
-4.84634	 0.773793
-4.84301	 0.565094
-4.83968	 0.920309
-4.83634	 0.476796
-4.83301	 0.632737
-4.82968	 0.80546
-4.82634	 0.372239
-4.82301	 0.806377
-4.81968	 0.600876
-4.81635	 0.642357
-4.81301	 0.544961
-4.80968	 1.92766
-4.80635	 1.05943
-4.80301	 0.782209
-4.79968	 1.26488
-4.79635	 0.465419
-4.79301	 1.15186
-4.78968	 0.447956
-4.78635	 0.459801
-4.78301	 1.03126
-4.77968	 0.34974
-4.77635	 0.353602
-4.77302	 0.327031
-4.76968	 0.725825
-4.76635	 0.689176
-4.76302	 0.815286
-4.75968	 0.927451
-4.75635	 0.593014
-4.75302	 0.75532
-4.74968	 0.765775
-4.74635	 0.649191
-4.74302	 0.492949
-4.73968	 0.680817
-4.73635	 1.04704
-4.73302	 1.18102
-4.72968	 1.02597
-4.72635	 0.627166
-4.72302	 0.338197
-4.71969	 0.817151
-4.71635	 1.04581
-4.71302	 1.03794
-4.70969	 1.00211
-4.70635	 0.917283
-4.70302	 0.709757
-4.69969	 0.899131
-4.69635	 0.315284
-4.69302	 1.0996
-4.68969	 0.485506
-4.68635	 1.1697
-4.68302	 0.462348
-4.67969	 1.21121
-4.67635	 0.374755
-4.67302	 0.673234
-4.66969	 0.67117
-4.66636	 0.750965
-4.66302	 0.847097
-4.65969	 0.677978
-4.65636	 0.607546
-4.65302	 0.63459
-4.64969	 0.778667
-4.64636	 1.0068
-4.64302	 0.960238
-4.63969	 0.967649
-4.63636	 0.73321
-4.63302	 0.90353
-4.62969	 0.474078
-4.62636	 0.861863
-4.62303	 0.448327
-4.61969	 0.379444
-4.61636	 0.756246
-4.61303	 0.319777
-4.60969	 0.169027
-4.60636	 1.06431
-4.60303	 1.04036
-4.59969	 0.515877
-4.59636	 0.552357
-4.59303	 0.50514
-4.58969	 0.594903
-4.58636	 0.717824
-4.58303	 0.401499
-4.57969	 0.657654
-4.57636	 0.738188
-4.57303	 0.540862
-4.5697	 0.715974
-4.56636	 0.458921
-4.56303	 0.772181
-4.5597	 0.488036
-4.55636	 0.482456
-4.55303	 0.515943
-4.5497	 0.364121
-4.54636	 0.798025
-4.54303	 0.513767
-4.5397	 0.905955
-4.53636	 0.572245
-4.53303	 0.694006
-4.5297	 0.442724
-4.52636	 0.57412
-4.52303	 1.06522
-4.5197	 0.552175
-4.51637	 0.716983
-4.51303	 0.622183
-4.5097	 1.1211
-4.50637	 0.524932
-4.50303	 0.643765
-4.4997	 0.747557
-4.49637	 0.734967
-4.49303	 0.916281
-4.4897	 0.702593
-4.48637	 0.899907
-4.48303	 0.414795
-4.4797	 0.601735
-4.47637	 0.664747
-4.47304	 0.482979
-4.4697	 0.486924
-4.46637	 0.734468
-4.46304	 0.38158
-4.4597	 0.560804
-4.45637	 0.844767
-4.45304	 0.81972
-4.4497	 1.21866
-4.44637	 0.41394
-4.44304	 0.588909
-4.4397	 0.300866
-4.43637	 0.500907
-4.43304	 0.669918
-4.4297	 0.434888
-4.42637	 0.504131
-4.42304	 0.773572
-4.41971	 0.397422
-4.41637	 0.465544
-4.41304	 0.600272
-4.40971	 0.686238
-4.40637	 0.329371
-4.40304	 0.339028
-4.39971	 0.3276
-4.39637	 0.833723
-4.39304	 0.585443
-4.38971	 0.967129
-4.38637	 0.679345
-4.38304	 0.325065
-4.37971	 0.494011
-4.37637	 0.542213
-4.37304	 0.630739
-4.36971	 0.812088
-4.36638	 0.675318
-4.36304	 0.42169
-4.35971	 0.427234
-4.35638	 0.834203
-4.35304	 0.389922
-4.34971	 0.560157
-4.34638	 0.334561
-4.34304	 0.542143
-4.33971	 0.279545
-4.33638	 0.750192
-4.33304	 0.756003
-4.32971	 0.637173
-4.32638	 0.775073
-4.32305	 0.530979
-4.31971	 0.586759
-4.31638	 0.661667
-4.31305	 0.364851
-4.30971	 1.06652
-4.30638	 0.595973
-4.30305	 0.761746
-4.29971	 0.288752
-4.29638	 0.473878
-4.29305	 0.523995
-4.28971	 0.54248
-4.28638	 0.460115
-4.28305	 0.547735
-4.27971	 0.366015
-4.27638	 0.296543
-4.27305	 0.852055
-4.26972	 0.558855
-4.26638	 0.451968
-4.26305	 0.721504
-4.25972	 0.889633
-4.25638	 0.652172
-4.25305	 0.544029
-4.24972	 0.60644
-4.24638	 0.559513
-4.24305	 0.42448
-4.23972	 0.353158
-4.23638	 0.831627
-4.23305	 0.737654
-4.22972	 0.389787
-4.22638	 0.391626
-4.22305	 0.811918
-4.21972	 0.607278
-4.21639	 0.708486
-4.21305	 0.53841
-4.20972	 0.422343
-4.20639	 0.446578
-4.20305	 0.67753
-4.19972	 0.393783
-4.19639	 0.766814
-4.19305	 0.8988
-4.18972	 0.593083
-4.18639	 0.985361
-4.18305	 0.530658
-4.17972	 0.339767
-4.17639	 0.679722
-4.17306	 0.985173
-4.16972	 0.899924
-4.16639	 0.56979
-4.16306	 0.637701
-4.15972	 0.636389
-4.15639	 0.332524
-4.15306	 0.221121
-4.14972	 0.754894
-4.14639	 0.966424
-4.14306	 0.761106
-4.13972	 0.209402
-4.13639	 0.59669
-4.13306	 0.636854
-4.12972	 0.723803
-4.12639	 0.826574
-4.12306	 0.73661
-4.11973	 0.396523
-4.11639	 0.324477
-4.11306	 0.530884
-4.10973	 0.776167
-4.10639	 0.582446
-4.10306	 0.707909
-4.09973	 0.382052
-4.09639	 1.00724
-4.09306	 0.887588
-4.08973	 0.33922
-4.08639	 0.825369
-4.08306	 0.533652
-4.07973	 0.668224
-4.07639	 0.401347
-4.07306	 1.13358
-4.06973	 0.866387
-4.0664	 0.639376
-4.06306	 0.810332
-4.05973	 0.659246
-4.0564	 0.476555
-4.05306	 0.261735
-4.04973	 0.665915
-4.0464	 0.93653
-4.04306	 0.451909
-4.03973	 0.672668
-4.0364	 0.410167
-4.03306	 0.981891
-4.02973	 0.462735
-4.0264	 0.285715
-4.02307	 0.990482
-4.01973	 0.731439
-4.0164	 0.622091
-4.01307	 0.466424
-4.00973	 0.54197
-4.0064	 0.767576
-4.00307	 0.73543
-3.99973	 0.85116
-3.9964	 0.825659
-3.99307	 1.09002
-3.98973	 1.22311
-3.9864	 0.589362
-3.98307	 0.521377
-3.97973	 0.434204
-3.9764	 0.786352
-3.97307	 1.12131
-3.96974	 0.98641
-3.9664	 0.393861
-3.96307	 0.942821
-3.95974	 0.687179
-3.9564	 0.941869
-3.95307	 0.54119
-3.94974	 0.550994
-3.9464	 0.608931
-3.94307	 0.611926
-3.93974	 1.12002
-3.9364	 0.674468
-3.93307	 0.99353
-3.92974	 0.746817
-3.9264	 0.461622
-3.92307	 0.573285
-3.91974	 0.639169
-3.91641	 0.434034
-3.91307	 1.05306
-3.90974	 0.80117
-3.90641	 0.786928
-3.90307	 0.840741
-3.89974	 1.02254
-3.89641	 0.587191
-3.89307	 0.912873
-3.88974	 0.797463
-3.88641	 0.761418
-3.88307	 0.730581
-3.87974	 0.377583
-3.87641	 0.656634
-3.87308	 0.594173
-3.86974	 0.40788
-3.86641	 0.880853
-3.86308	 0.774844
-3.85974	 0.762145
-3.85641	 0.904371
-3.85308	 1.07197
-3.84974	 0.5753
-3.84641	 0.595456
-3.84308	 0.913056
-3.83974	 1.07387
-3.83641	 0.419159
-3.83308	 1.14994
-3.82974	 0.675682
-3.82641	 0.486532
-3.82308	 1.15347
-3.81975	 1.41024
-3.81641	 0.58406
-3.81308	 0.456263
-3.80975	 0.900999
-3.80641	 1.01954
-3.80308	 0.952243
-3.79975	 0.661543
-3.79641	 0.661198
-3.79308	 0.800407
-3.78975	 1.10151
-3.78641	 0.711007
-3.78308	 0.255639
-3.77975	 1.1005
-3.77641	 0.963385
-3.77308	 0.744731
-3.76975	 0.619766
-3.76642	 0.852632
-3.76308	 0.482951
-3.75975	 0.90805
-3.75642	 0.832081
-3.75308	 0.91389
-3.74975	 0.839503
-3.74642	 1.31824
-3.74308	 0.649696
-3.73975	 0.819874
-3.73642	 0.609748
-3.73308	 0.751136
-3.72975	 1.2993
-3.72642	 0.797322
-3.72309	 0.506618
-3.71975	 0.824875
-3.71642	 0.766023
-3.71309	 1.75967
-3.70975	 0.959678
-3.70642	 1.11852
-3.70309	 1.18738
-3.69975	 0.948709
-3.69642	 1.38949
-3.69309	 0.747741
-3.68975	 0.737028
-3.68642	 0.659929
-3.68309	 1.22384
-3.67975	 1.00706
-3.67642	 1.14279
-3.67309	 1.01589
-3.66976	 1.34283
-3.66642	 0.927569
-3.66309	 0.679614
-3.65976	 1.3492
-3.65642	 1.05446
-3.65309	 0.822187
-3.64976	 1.49847
-3.64642	 1.44862
-3.64309	 0.520298
-3.63976	 1.01102
-3.63642	 1.11322
-3.63309	 0.663586
-3.62976	 1.09511
-3.62642	 0.454199
-3.62309	 0.76853
-3.61976	 0.517145
-3.61643	 1.85113
-3.61309	 1.24555
-3.60976	 1.38999
-3.60643	 0.692383
-3.60309	 0.785136
-3.59976	 0.950076
-3.59643	 0.977735
-3.59309	 0.989489
-3.58976	 0.368058
-3.58643	 0.942943
-3.58309	 0.879086
-3.57976	 0.407951
-3.57643	 0.671856
-3.5731	 0.828758
-3.56976	 0.769713
-3.56643	 1.38709
-3.5631	 1.01105
-3.55976	 1.15213
-3.55643	 0.562075
-3.5531	 0.743709
-3.54976	 0.597474
-3.54643	 0.652482
-3.5431	 1.38335
-3.53976	 0.757871
-3.53643	 1.13551
-3.5331	 0.343437
-3.52976	 0.685676
-3.52643	 0.954266
-3.5231	 0.651956
-3.51977	 1.12784
-3.51643	 0.963173
-3.5131	 0.53295
-3.50977	 1.14623
-3.50643	 0.66452
-3.5031	 1.44188
-3.49977	 0.903098
-3.49643	 0.888108
-3.4931	 0.530831
-3.48977	 0.743567
-3.48643	 0.575028
-3.4831	 0.81476
-3.47977	 0.983374
-3.47643	 0.928954
-3.4731	 0.38685
-3.46977	 0.547053
-3.46644	 1.106
-3.4631	 0.861936
-3.45977	 0.635657
-3.45644	 0.89981
-3.4531	 1.09078
-3.44977	 0.538211
-3.44644	 0.258123
-3.4431	 1.09194
-3.43977	 1.30101
-3.43644	 0.731928
-3.4331	 0.853269
-3.42977	 0.596456
-3.42644	 0.320132
-3.42311	 0.749527
-3.41977	 0.637985
-3.41644	 1.39805
-3.41311	 0.410483
-3.40977	 1.00505
-3.40644	 0.943593
-3.40311	 0.639044
-3.39977	 1.03175
-3.39644	 0.381136
-3.39311	 0.577885
-3.38977	 1.12944
-3.38644	 0.460844
-3.38311	 0.618562
-3.37977	 0.405953
-3.37644	 0.557776
-3.37311	 0.546778
-3.36978	 0.634462
-3.36644	 0.669429
-3.36311	 0.648864
-3.35978	 0.708229
-3.35644	 0.748128
-3.35311	 0.836807
-3.34978	 0.900938
-3.34644	 0.774532
-3.34311	 0.510127
-3.33978	 0.206566
-3.33644	 0.412207
-3.33311	 0.622624
-3.32978	 0.495281
-3.32644	 0.423744
-3.32311	 0.797399
-3.31978	 0.269548
-3.31645	 0.455267
-3.31311	 0.638559
-3.30978	 0.896356
-3.30645	 0.530391
-3.30311	 0.939279
-3.29978	 0.363149
-3.29645	 0.622577
-3.29311	 1.09008
-3.28978	 0.505669
-3.28645	 0.483216
-3.28311	 0.527297
-3.27978	 0.438986
-3.27645	 0.607819
-3.27312	 0.230725
-3.26978	 0.65
-3.26645	 0.612248
-3.26312	 0.366636
-3.25978	 0.763304
-3.25645	 0.609335
-3.25312	 0.554234
-3.24978	 0.211843
-3.24645	 0.461405
-3.24312	 0.641555
-3.23978	 0.75696
-3.23645	 0.495934
-3.23312	 0.515071
-3.22978	 0.904867
-3.22645	 0.977038
-3.22312	 0.473057
-3.21979	 0.551591
-3.21645	 0.56404
-3.21312	 0.971464
-3.20979	 0.486054
-3.20645	 0.618487
-3.20312	 0.520566
-3.19979	 0.468397
-3.19645	 0.468116
-3.19312	 0.490658
-3.18979	 0.513059
-3.18645	 0.684166
-3.18312	 0.27526
-3.17979	 0.383476
-3.17645	 0.426894
-3.17312	 0.622497
-3.16979	 0.55242
-3.16646	 0.933184
-3.16312	 0.550718
-3.15979	 0.718263
-3.15646	 0.757383
-3.15312	 0.874013
-3.14979	 0.364473
-3.14646	 0.325856
-3.14312	 0.689781
-3.13979	 0.620959
-3.13646	 0.576206
-3.13312	 0.546686
-3.12979	 0.878578
-3.12646	 0.534412
-3.12313	 0.822129
-3.11979	 0.757739
-3.11646	 0.322369
-3.11313	 0.416415
-3.10979	 0.368332
-3.10646	 0.35887
-3.10313	 0.919412
-3.09979	 0.776478
-3.09646	 0.322016
-3.09313	 0.448919
-3.08979	 0.421789
-3.08646	 0.664787
-3.08313	 0.681519
-3.07979	 0.686621
-3.07646	 0.720812
-3.07313	 0.567587
-3.0698	 0.500459
-3.06646	 0.947642
-3.06313	 0.781318
-3.0598	 0.676687
-3.05646	 0.768957
-3.05313	 0.394473
-3.0498	 0.30605
-3.04646	 0.699869
-3.04313	 0.617842
-3.0398	 0.739895
-3.03646	 1.00055
-3.03313	 0.471904
-3.0298	 0.792169
-3.02646	 0.365394
-3.02313	 0.706225
-3.0198	 0.876943
-3.01647	 0.724503
-3.01313	 0.734422
-3.0098	 0.790198
-3.00647	 0.803281
-3.00313	 0.538685
-2.9998	 0.452437
-2.99647	 0.665768
-2.99313	 0.522574
-2.9898	 0.957932
-2.98647	 0.870536
-2.98313	 0.488411
-2.9798	 0.888029
-2.97647	 0.646914
-2.97314	 0.796804
-2.9698	 0.70802
-2.96647	 0.617569
-2.96314	 0.392536
-2.9598	 0.565325
-2.95647	 0.669264
-2.95314	 0.738775
-2.9498	 0.745597
-2.94647	 0.351055
-2.94314	 0.606301
-2.9398	 0.80541
-2.93647	 0.710295
-2.93314	 0.564714
-2.9298	 0.620267
-2.92647	 0.818432
-2.92314	 0.565885
-2.91981	 0.703411
-2.91647	 0.840279
-2.91314	 0.436026
-2.90981	 0.730378
-2.90647	 0.722211
-2.90314	 0.601889
-2.89981	 0.696209
-2.89647	 0.673878
-2.89314	 0.918299
-2.88981	 0.429755
-2.88647	 0.682267
-2.88314	 0.632717
-2.87981	 1.05466
-2.87647	 0.549678
-2.87314	 0.897597
-2.86981	 0.624309
-2.86648	 0.262933
-2.86314	 0.867757
-2.85981	 0.465218
-2.85648	 0.516101
-2.85314	 0.636471
-2.84981	 0.403003
-2.84648	 0.500823
-2.84314	 0.860503
-2.83981	 0.610857
-2.83648	 0.659658
-2.83314	 0.909475
-2.82981	 0.846873
-2.82648	 0.50785
-2.82315	 0.603944
-2.81981	 0.981787
-2.81648	 0.949409
-2.81315	 0.536645
-2.80981	 0.842618
-2.80648	 1.017
-2.80315	 0.927227
-2.79981	 0.954621
-2.79648	 0.387285
-2.79315	 1.07409
-2.78981	 0.488698
-2.78648	 0.376237
-2.78315	 0.8355
-2.77981	 0.837154
-2.77648	 0.503486
-2.77315	 0.958485
-2.76982	 1.14291
-2.76648	 0.522887
-2.76315	 1.00964
-2.75982	 0.426193
-2.75648	 0.901833
-2.75315	 0.494351
-2.74982	 0.582533
-2.74648	 0.321094
-2.74315	 1.10398
-2.73982	 0.652892
-2.73648	 0.658661
-2.73315	 0.621836
-2.72982	 1.02925
-2.72648	 1.07708
-2.72315	 0.472002
-2.71982	 0.694785
-2.71649	 0.94981
-2.71315	 0.893055
-2.70982	 0.941023
-2.70649	 0.433785
-2.70315	 0.977333
-2.69982	 1.19634
-2.69649	 0.82779
-2.69315	 0.636433
-2.68982	 0.335556
-2.68649	 0.812714
-2.68315	 0.809209
-2.67982	 0.829551
-2.67649	 0.559567
-2.67316	 0.649044
-2.66982	 0.75926
-2.66649	 0.582275
-2.66316	 1.08935
-2.65982	 1.20416
-2.65649	 0.559547
-2.65316	 0.720537
-2.64982	 0.791352
-2.64649	 1.06274
-2.64316	 0.666578
-2.63982	 0.489909
-2.63649	 1.31465
-2.63316	 0.721069
-2.62982	 0.793936
-2.62649	 0.356216
-2.62316	 0.735777
-2.61983	 0.845534
-2.61649	 1.02961
-2.61316	 0.817788
-2.60983	 1.15241
-2.60649	 1.09658
-2.60316	 0.58084
-2.59983	 0.689668
-2.59649	 0.915883
-2.59316	 0.573253
-2.58983	 0.980404
-2.58649	 1.03871
-2.58316	 0.679595
-2.57983	 0.549322
-2.57649	 0.858478
-2.57316	 0.764637
-2.56983	 0.510926
-2.5665	 0.911293
-2.56316	 1.48451
-2.55983	 0.883363
-2.5565	 1.28772
-2.55316	 1.25204
-2.54983	 0.618157
-2.5465	 0.774284
-2.54316	 1.0998
-2.53983	 0.841853
-2.5365	 1.54461
-2.53316	 0.762746
-2.52983	 1.23705
-2.5265	 0.888694
-2.52317	 1.11348
-2.51983	 1.29568
-2.5165	 1.12116
-2.51317	 1.2578
-2.50983	 1.39602
-2.5065	 0.67832
-2.50317	 0.563501
-2.49983	 0.967435
-2.4965	 1.37829
-2.49317	 0.72504
-2.48983	 0.86331
-2.4865	 1.74403
-2.48317	 0.804392
-2.47983	 0.664059
-2.4765	 0.951531
-2.47317	 1.33799
-2.46984	 0.574206
-2.4665	 0.739581
-2.46317	 1.5069
-2.45984	 1.23466
-2.4565	 0.770629
-2.45317	 1.1408
-2.44984	 0.969232
-2.4465	 1.01151
-2.44317	 0.990126
-2.43984	 1.19429
-2.4365	 0.822726
-2.43317	 1.58458
-2.42984	 1.47185
-2.4265	 1.66809
-2.42317	 1.26185
-2.41984	 0.612209
-2.41651	 0.639976
-2.41317	 0.854854
-2.40984	 1.20607
-2.40651	 0.993636
-2.40317	 1.64366
-2.39984	 1.50177
-2.39651	 1.54299
-2.39317	 1.8584
-2.38984	 1.47324
-2.38651	 0.776356
-2.38317	 0.963514
-2.37984	 1.17502
-2.37651	 0.988053
-2.37318	 1.48591
-2.36984	 1.11742
-2.36651	 0.969437
-2.36318	 0.618364
-2.35984	 0.984286
-2.35651	 0.49579
-2.35318	 1.10242
-2.34984	 1.44788
-2.34651	 1.10791
-2.34318	 1.32138
-2.33984	 0.344441
-2.33651	 0.653776
-2.33318	 1.16021
-2.32984	 1.04153
-2.32651	 0.542224
-2.32318	 0.894867
-2.31985	 0.681144
-2.31651	 0.375091
-2.31318	 0.931102
-2.30985	 0.693849
-2.30651	 1.03208
-2.30318	 1.62157
-2.29985	 0.892811
-2.29651	 0.657034
-2.29318	 0.93075
-2.28985	 1.41444
-2.28651	 0.956802
-2.28318	 0.823651
-2.27985	 0.682415
-2.27651	 1.34982
-2.27318	 1.31311
-2.26985	 0.819317
-2.26652	 0.390255
-2.26318	 0.566658
-2.25985	 1.01046
-2.25652	 0.994258
-2.25318	 0.850534
-2.24985	 0.686106
-2.24652	 0.687528
-2.24318	 0.53503
-2.23985	 0.982815
-2.23652	 0.799369
-2.23318	 0.719104
-2.22985	 0.478046
-2.22652	 0.524575
-2.22319	 0.435781
-2.21985	 0.880797
-2.21652	 0.867408
-2.21319	 0.801191
-2.20985	 0.697319
-2.20652	 0.623561
-2.20319	 0.741661
-2.19985	 0.444694
-2.19652	 0.36913
-2.19319	 0.825783
-2.18985	 1.17471
-2.18652	 0.735837
-2.18319	 0.407186
-2.17985	 0.73991
-2.17652	 0.691193
-2.17319	 1.00286
-2.16986	 0.861403
-2.16652	 0.788658
-2.16319	 0.488586
-2.15986	 0.717978
-2.15652	 0.676831
-2.15319	 0.888042
-2.14986	 0.936821
-2.14652	 0.612417
-2.14319	 0.612418
-2.13986	 0.579826
-2.13652	 0.753753
-2.13319	 0.205914
-2.12986	 0.608496
-2.12652	 0.557842
-2.12319	 0.605598
-2.11986	 0.750277
-2.11653	 0.975977
-2.11319	 0.711654
-2.10986	 0.306117
-2.10653	 0.921706
-2.10319	 1.16253
-2.09986	 0.508161
-2.09653	 0.505243
-2.09319	 0.984955
-2.08986	 0.479117
-2.08653	 0.562394
-2.08319	 0.229446
-2.07986	 0.595777
-2.07653	 0.570034
-2.0732	 0.669265
-2.06986	 0.714603
-2.06653	 0.62066
-2.0632	 0.621524
-2.05986	 0.466878
-2.05653	 0.658066
-2.0532	 0.776461
-2.04986	 0.858131
-2.04653	 0.444674
-2.0432	 0.774768
-2.03986	 0.382756
-2.03653	 0.593775
-2.0332	 0.566199
-2.02986	 0.455326
-2.02653	 0.346061
-2.0232	 0.557417
-2.01987	 1.04115
-2.01653	 0.82747
-2.0132	 0.807276
-2.00987	 0.483073
-2.00653	 0.91803
-2.0032	 0.474223
-1.99987	 0.664698
-1.99653	 0.556277
-1.9932	 0.467776
-1.98987	 0.488679
-1.98653	 0.582168
-1.9832	 0.920449
-1.97987	 0.707061
-1.97653	 0.583462
-1.9732	 0.649111
-1.96987	 0.933877
-1.96654	 0.597773
-1.9632	 0.295859
-1.95987	 0.605609
-1.95654	 0.603091
-1.9532	 0.585935
-1.94987	 0.467579
-1.94654	 0.614171
-1.9432	 0.848734
-1.93987	 0.54168
-1.93654	 0.466067
-1.9332	 0.331249
-1.92987	 0.872404
-1.92654	 0.497493
-1.92321	 1.06453
-1.91987	 0.423241
-1.91654	 0.149845
-1.91321	 0.529256
-1.90987	 0.543913
-1.90654	 0.505243
-1.90321	 0.583825
-1.89987	 0.564912
-1.89654	 0.712055
-1.89321	 0.885741
-1.88987	 0.226493
-1.88654	 0.324515
-1.88321	 0.426301
-1.87987	 0.572925
-1.87654	 0.832805
-1.87321	 0.551974
-1.86988	 0.692587
-1.86654	 0.711796
-1.86321	 0.553045
-1.85988	 0.576323
-1.85654	 1.17109
-1.85321	 0.317228
-1.84988	 0.657652
-1.84654	 0.846128
-1.84321	 1.0225
-1.83988	 0.378408
-1.83654	 0.608999
-1.83321	 0.561614
-1.82988	 0.474431
-1.82654	 0.566299
-1.82321	 0.294325
-1.81988	 0.374926
-1.81655	 0.527586
-1.81321	 0.633227
-1.80988	 0.738818
-1.80655	 0.513426
-1.80321	 0.718715
-1.79988	 0.236518
-1.79655	 0.439409
-1.79321	 0.498359
-1.78988	 0.544845
-1.78655	 0.51608
-1.78321	 0.664653
-1.77988	 0.819071
-1.77655	 0.716238
-1.77322	 0.77548
-1.76988	 0.465533
-1.76655	 0.796052
-1.76322	 0.325268
-1.75988	 1.02168
-1.75655	 0.779191
-1.75322	 0.753864
-1.74988	 0.741658
-1.74655	 0.55003
-1.74322	 0.23615
-1.73988	 0.295384
-1.73655	 0.494889
-1.73322	 0.412904
-1.72988	 0.488941
-1.72655	 0.474644
-1.72322	 0.99931
-1.71989	 0.271161
-1.71655	 0.533997
-1.71322	 0.766269
-1.70989	 0.753608
-1.70655	 0.702588
-1.70322	 0.349476
-1.69989	 1.15785
-1.69655	 0.314444
-1.69322	 0.633638
-1.68989	 0.271067
-1.68655	 0.536207
-1.68322	 1.20372
-1.67989	 0.883834
-1.67655	 0.527647
-1.67322	 0.91459
-1.66989	 0.370282
-1.66656	 0.606775
-1.66322	 0.491764
-1.65989	 0.688547
-1.65656	 0.531219
-1.65322	 0.434223
-1.64989	 0.455299
-1.64656	 0.745827
-1.64322	 0.523735
-1.63989	 0.778293
-1.63656	 0.314756
-1.63322	 0.704675
-1.62989	 1.03485
-1.62656	 0.575923
-1.62323	 0.927924
-1.61989	 0.692942
-1.61656	 0.811531
-1.61323	 0.54461
-1.60989	 0.671258
-1.60656	 0.698213
-1.60323	 0.686159
-1.59989	 0.354644
-1.59656	 0.528044
-1.59323	 0.583564
-1.58989	 0.923616
-1.58656	 0.448505
-1.58323	 0.491247
-1.57989	 0.397208
-1.57656	 0.638498
-1.57323	 0.723211
-1.5699	 0.669613
-1.56656	 0.611896
-1.56323	 0.806698
-1.5599	 0.735267
-1.55656	 0.767937
-1.55323	 0.668057
-1.5499	 0.568187
-1.54656	 0.690626
-1.54323	 0.598889
-1.5399	 1.29783
-1.53656	 0.921644
-1.53323	 0.702747
-1.5299	 0.992244
-1.52656	 0.555459
-1.52323	 0.826377
-1.5199	 0.660527
-1.51657	 0.602403
-1.51323	 0.63424
-1.5099	 0.407964
-1.50657	 0.644609
-1.50323	 0.485949
-1.4999	 0.641503
-1.49657	 0.922876
-1.49323	 0.233277
-1.4899	 0.395985
-1.48657	 0.61209
-1.48323	 0.46164
-1.4799	 0.957804
-1.47657	 0.48941
-1.47324	 0.716912
-1.4699	 0.408358
-1.46657	 0.762999
-1.46324	 0.640881
-1.4599	 1.1898
-1.45657	 0.390776
-1.45324	 1.13802
-1.4499	 0.656589
-1.44657	 1.15081
-1.44324	 0.401523
-1.4399	 0.565926
-1.43657	 0.561179
-1.43324	 0.582026
-1.4299	 0.583542
-1.42657	 0.497376
-1.42324	 1.1184
-1.41991	 0.793171
-1.41657	 0.590192
-1.41324	 1.28998
-1.40991	 0.825752
-1.40657	 0.665889
-1.40324	 0.869172
-1.39991	 0.892903
-1.39657	 1.1501
-1.39324	 1.94424
-1.38991	 0.464286
-1.38657	 1.12313
-1.38324	 0.751479
-1.37991	 0.903212
-1.37657	 0.736521
-1.37324	 1.02579
-1.36991	 0.785455
-1.36658	 0.879721
-1.36324	 0.824652
-1.35991	 0.793675
-1.35658	 1.23289
-1.35324	 1.02688
-1.34991	 1.29861
-1.34658	 0.316576
-1.34324	 0.84759
-1.33991	 1.59845
-1.33658	 1.31708
-1.33324	 0.979381
-1.32991	 0.621773
-1.32658	 0.863841
-1.32325	 1.44909
-1.31991	 1.17887
-1.31658	 0.901769
-1.31325	 1.55251
-1.30991	 0.873707
-1.30658	 0.671875
-1.30325	 1.03949
-1.29991	 0.441846
-1.29658	 1.72229
-1.29325	 0.977845
-1.28991	 1.67643
-1.28658	 0.626203
-1.28325	 1.46898
-1.27991	 0.502686
-1.27658	 1.13127
-1.27325	 1.643
-1.26992	 1.87204
-1.26658	 1.08254
-1.26325	 0.744787
-1.25992	 1.6689
-1.25658	 0.855746
-1.25325	 1.37238
-1.24992	 1.58848
-1.24658	 1.61263
-1.24325	 0.896179
-1.23992	 0.764055
-1.23658	 0.888864
-1.23325	 0.994635
-1.22992	 0.659571
-1.22658	 1.82825
-1.22325	 1.0897
-1.21992	 1.03244
-1.21659	 1.0426
-1.21325	 1.62534
-1.20992	 0.570978
-1.20659	 1.28715
-1.20325	 1.1779
-1.19992	 0.918484
-1.19659	 1.19793
-1.19325	 1.55844
-1.18992	 0.717393
-1.18659	 0.373107
-1.18325	 1.05384
-1.17992	 0.860497
-1.17659	 1.33877
-1.17326	 0.829201
-1.16992	 0.667084
-1.16659	 0.724031
-1.16326	 0.734845
-1.15992	 1.43526
-1.15659	 0.576479
-1.15326	 0.620391
-1.14992	 1.00407
-1.14659	 0.995755
-1.14326	 1.0496
-1.13992	 1.16294
-1.13659	 1.07736
-1.13326	 0.848747
-1.12992	 1.29081
-1.12659	 1.40292
-1.12326	 0.891992
-1.11993	 0.520074
-1.11659	 0.349875
-1.11326	 0.890577
-1.10993	 1.32428
-1.10659	 1.85666
-1.10326	 1.01046
-1.09993	 1.15117
-1.09659	 0.929564
-1.09326	 0.775481
-1.08993	 1.34607
-1.08659	 0.805843
-1.08326	 1.22813
-1.07993	 0.71997
-1.07659	 1.11253
-1.07326	 1.01914
-1.06993	 1.20707
-1.0666	 0.757638
-1.06326	 0.704075
-1.05993	 1.09355
-1.0566	 0.553111
-1.05326	 0.416145
-1.04993	 0.877997
-1.0466	 0.725658
-1.04326	 0.643733
-1.03993	 0.752781
-1.0366	 0.498889
-1.03326	 0.685038
-1.02993	 0.792305
-1.0266	 0.72116
-1.02327	 1.10173
-1.01993	 0.855803
-1.0166	 0.825161
-1.01327	 0.359445
-1.00993	 1.37106
-1.0066	 0.322625
-1.00327	 0.633792
-0.999933	 0.758519
-0.9966	 0.774414
-0.993267	 0.86493
-0.989934	 0.324303
-0.986601	 1.05322
-0.983268	 0.778783
-0.979935	 0.65248
-0.976602	 0.916552
-0.973268	 1.31522
-0.969935	 0.679736
-0.966602	 0.7966
-0.963269	 0.938888
-0.959936	 0.878363
-0.956603	 0.735584
-0.95327	 1.52439
-0.949937	 0.815873
-0.946604	 0.77522
-0.94327	 0.759029
-0.939937	 1.02052
-0.936604	 1.33112
-0.933271	 1.05689
-0.929938	 0.678471
-0.926605	 0.838548
-0.923272	 0.542375
-0.919939	 0.693955
-0.916606	 0.66379
-0.913272	 0.718957
-0.909939	 0.80548
-0.906606	 0.619026
-0.903273	 0.557158
-0.89994	 1.54059
-0.896607	 0.786799
-0.893274	 0.318227
-0.889941	 1.11456
-0.886608	 1.00314
-0.883274	 0.939995
-0.879941	 0.793896
-0.876608	 0.272567
-0.873275	 0.680218
-0.869942	 0.503973
-0.866609	 0.599854
-0.863276	 0.872589
-0.859943	 0.593116
-0.85661	 1.24516
-0.853276	 0.638045
-0.849943	 0.823077
-0.84661	 1.0383
-0.843277	 0.370156
-0.839944	 0.712207
-0.836611	 0.243829
-0.833278	 0.503366
-0.829945	 0.577148
-0.826612	 0.925054
-0.823278	 0.491195
-0.819945	 0.843916
-0.816612	 0.847062
-0.813279	 0.699296
-0.809946	 0.661348
-0.806613	 0.645189
-0.80328	 0.546561
-0.799947	 0.705189
-0.796614	 0.316507
-0.79328	 0.3569
-0.789947	 1.09287
-0.786614	 0.692113
-0.783281	 0.671531
-0.779948	 0.878472
-0.776615	 0.600026
-0.773282	 0.607331
-0.769949	 0.502706
-0.766616	 0.565948
-0.763282	 0.500155
-0.759949	 0.339762
-0.756616	 0.481947
-0.753283	 0.606251
-0.74995	 0.394251
-0.746617	 0.92932
-0.743284	 0.569501
-0.739951	 0.868178
-0.736618	 0.547037
-0.733284	 0.317333
-0.729951	 0.729513
-0.726618	 0.382122
-0.723285	 0.481482
-0.719952	 0.519955
-0.716619	 0.61595
-0.713286	 0.895744
-0.709953	 0.667457
-0.70662	 0.485922
-0.703286	 0.852562
-0.699953	 0.53169
-0.69662	 0.656802
-0.693287	 0.66933
-0.689954	 0.807087
-0.686621	 0.624954
-0.683288	 0.79369
-0.679955	 0.94623
-0.676622	 0.915558
-0.673288	 0.506335
-0.669955	 0.515833
-0.666622	 0.475997
-0.663289	 0.514362
-0.659956	 0.363336
-0.656623	 0.642522
-0.65329	 0.792057
-0.649957	 0.543088
-0.646624	 0.448332
-0.64329	 0.57304
-0.639957	 0.559552
-0.636624	 0.562689
-0.633291	 0.396883
-0.629958	 0.639667
-0.626625	 0.606796
-0.623292	 0.820123
-0.619959	 0.31446
-0.616626	 0.963393
-0.613292	 0.538084
-0.609959	 0.494452
-0.606626	 0.550162
-0.603293	 0.413881
-0.59996	 0.290043
-0.596627	 0.437927
-0.593294	 0.617132
-0.589961	 0.403924
-0.586628	 0.600918
-0.583294	 0.597022
-0.579961	 0.511175
-0.576628	 0.373686
-0.573295	 0.757954
-0.569962	 0.49793
-0.566629	 0.726684
-0.563296	 1.0619
-0.559963	 0.851996
-0.55663	 0.346354
-0.553296	 0.776335
-0.549963	 0.356939
-0.54663	 0.435798
-0.543297	 0.311706
-0.539964	 0.998071
-0.536631	 0.562016
-0.533298	 0.841947
-0.529965	 0.454105
-0.526632	 0.497441
-0.523298	 0.689365
-0.519965	 0.484656
-0.516632	 0.492757
-0.513299	 0.388271
-0.509966	 0.717344
-0.506633	 0.315283
-0.5033	 0.723365
-0.499967	 0.465624
-0.496634	 0.726668
-0.4933	 0.835557
-0.489967	 0.678087
-0.486634	 0.772477
-0.483301	 0.708425
-0.479968	 0.552464
-0.476635	 0.693632
-0.473302	 0.63551
-0.469969	 0.693319
-0.466636	 0.485024
-0.463302	 0.689068
-0.459969	 0.711714
-0.456636	 0.628962
-0.453303	 1.10811
-0.44997	 0.842422
-0.446637	 0.383786
-0.443304	 0.404622
-0.439971	 0.640821
-0.436638	 0.583158
-0.433304	 0.466816
-0.429971	 0.499112
-0.426638	 0.387752
-0.423305	 0.597051
-0.419972	 1.21575
-0.416639	 0.567217
-0.413306	 0.85518
-0.409973	 0.836477
-0.40664	 0.693882
-0.403306	 0.779817
-0.399973	 0.694464
-0.39664	 0.599827
-0.393307	 0.446056
-0.389974	 1.16498
-0.386641	 0.672036
-0.383308	 0.837878
-0.379975	 0.32489
-0.376642	 0.562104
-0.373308	 0.615768
-0.369975	 0.545338
-0.366642	 0.883684
-0.363309	 0.763148
-0.359976	 0.906926
-0.356643	 0.69121
-0.35331	 0.761488
-0.349977	 0.986102
-0.346644	 0.984084
-0.34331	 0.417823
-0.339977	 0.421216
-0.336644	 0.578152
-0.333311	 0.452705
-0.329978	 0.406978
-0.326645	 0.79821
-0.323312	 0.627661
-0.319979	 0.712994
-0.316646	 0.959996
-0.313312	 0.649736
-0.309979	 0.902509
-0.306646	 0.616386
-0.303313	 0.675159
-0.29998	 0.720552
-0.296647	 0.876718
-0.293314	 1.00298
-0.289981	 0.721888
-0.286648	 0.200999
-0.283314	 1.04723
-0.279981	 0.514853
-0.276648	 0.937405
-0.273315	 1.14707
-0.269982	 0.880922
-0.266649	 0.69854
-0.263316	 0.53799
-0.259983	 0.905549
-0.25665	 0.514372
-0.253316	 0.586187
-0.249983	 0.461995
-0.24665	 0.479327
-0.243317	 0.955205
-0.239984	 0.581556
-0.236651	 0.704875
-0.233318	 0.460286
-0.229985	 0.813304
-0.226652	 0.400592
-0.223318	 0.599209
-0.219985	 0.74286
-0.216652	 0.649792
-0.213319	 0.956107
-0.209986	 1.11568
-0.206653	 0.756488
-0.20332	 0.693386
-0.199987	 1.38776
-0.196654	 0.434555
-0.19332	 0.51806
-0.189987	 0.60507
-0.186654	 0.778973
-0.183321	 0.748389
-0.179988	 0.564732
-0.176655	 0.993839
-0.173322	 0.745473
-0.169989	 0.607366
-0.166656	 1.19786
-0.163322	 1.00441
-0.159989	 0.923601
-0.156656	 0.784841
-0.153323	 1.28708
-0.14999	 0.808975
-0.146657	 1.66833
-0.143324	 0.619859
-0.139991	 0.728924
-0.136658	 0.739351
-0.133324	 1.02263
-0.129991	 1.08745
-0.126658	 0.953609
-0.123325	 0.85675
-0.119992	 1.09226
-0.116659	 0.773357
-0.113326	 1.23419
-0.109993	 0.628818
-0.10666	 0.66296
-0.103326	 1.38273
-0.0999933	 1.00657
-0.0966602	 0.696171
-0.0933271	 1.34445
-0.089994	 1.79383
-0.0866609	 0.310069
-0.0833278	 1.52452
-0.0799947	 0.997513
-0.0766616	 0.826957
-0.0733284	 1.68193
-0.0699953	 1.20433
-0.0666622	 0.480998
-0.0633291	 0.824582
-0.059996	 2.0358
-0.0566629	 0.864648
-0.0533298	 1.17244
-0.0499967	 1.01011
-0.0466636	 0.610598
-0.0433304	 1.3445
-0.0399973	 0.522194
-0.0366642	 1.02953
-0.0333311	 1.30597
-0.029998	 0.331482
-0.0266649	 1.87829
-0.0233318	 1.50112
-0.0199987	 1.07386
-0.0166656	 1.31994
-0.0133324	 1.37993
-0.00999933	 0.730141
-0.00666622	 1.68545
-0.00333311	 0.117931
0	 1
0.00333311	 1.23776
0.00666622	 1.35212
0.00999933	 0.496662
0.0133324	 1.07961
0.0166656	 1.34968
0.0199987	 0.431796
0.0233318	 1.54873
0.0266649	 1.29658
0.029998	 0.920613
0.0333311	 0.812691
0.0366642	 0.434302
0.0399973	 0.811086
0.0433304	 0.784108
0.0466636	 1.77462
0.0499967	 1.15836
0.0533298	 0.555804
0.0566629	 0.974131
0.059996	 0.662687
0.0633291	 0.758599
0.0666622	 1.49279
0.0699953	 1.06079
0.0733284	 1.14799
0.0766616	 0.934247
0.0799947	 1.20707
0.0833278	 0.676883
0.0866609	 1.1176
0.089994	 1.37547
0.0933271	 0.779009
0.0966602	 0.982079
0.0999933	 1.75746
0.103326	 1.21727
0.10666	 0.843309
0.109993	 1.19048
0.113326	 0.717125
0.116659	 0.905737
0.119992	 1.87002
0.123325	 0.966606
0.126658	 0.715441
0.129991	 1.31937
0.133324	 1.21239
0.136658	 0.958208
0.139991	 0.689169
0.143324	 0.829482
0.146657	 1.23651
0.14999	 0.790616
0.153323	 0.801664
0.156656	 0.888235
0.159989	 1.16288
0.163322	 1.21377
0.166656	 0.76205
0.169989	 0.84599
0.173322	 0.662004
0.176655	 0.833278
0.179988	 0.611342
0.183321	 0.747207
0.186654	 0.941471
0.189987	 0.461423
0.19332	 1.28058
0.196654	 0.919533
0.199987	 0.97012
0.20332	 0.235185
0.206653	 0.946707
0.209986	 0.442414
0.213319	 1.37512
0.216652	 0.803443
0.219985	 1.0932
0.223318	 0.852743
0.226652	 0.972579
0.229985	 0.484234
0.233318	 0.731735
0.236651	 0.839442
0.239984	 0.385909
0.243317	 0.577858
0.24665	 1.1773
0.249983	 1.10075
0.253316	 1.23824
0.25665	 1.40077
0.259983	 0.562568
0.263316	 0.677687
0.266649	 0.592988
0.269982	 0.898736
0.273315	 1.05581
0.276648	 0.608664
0.279981	 0.695633
0.283314	 0.7432
0.286648	 0.795286
0.289981	 0.360697
0.293314	 0.658885
0.296647	 0.725486
0.29998	 0.8702
0.303313	 1.04197
0.306646	 0.52284
0.309979	 0.924281
0.313312	 0.923092
0.316646	 0.395678
0.319979	 0.779741
0.323312	 0.856232
0.326645	 0.626277
0.329978	 0.630731
0.333311	 0.754197
0.336644	 0.653548
0.339977	 0.415972
0.34331	 0.392488
0.346644	 0.492453
0.349977	 0.706605
0.35331	 0.563594
0.356643	 1.01371
0.359976	 0.576956
0.363309	 0.395467
0.366642	 0.447045
0.369975	 0.596631
0.373308	 0.552255
0.376642	 0.761228
0.379975	 0.501108
0.383308	 0.499308
0.386641	 0.625213
0.389974	 0.821957
0.393307	 0.565339
0.39664	 0.534849
0.399973	 0.726244
0.403306	 0.763656
0.40664	 0.831075
0.409973	 0.651543
0.413306	 0.604164
0.416639	 0.501921
0.419972	 0.468287
0.423305	 0.429609
0.426638	 0.638195
0.429971	 0.443078
0.433304	 0.587405
0.436638	 0.841367
0.439971	 0.870762
0.443304	 0.616861
0.446637	 0.671802
0.44997	 0.773584
0.453303	 0.390039
0.456636	 0.246987
0.459969	 0.568792
0.463302	 0.757758
0.466636	 0.303462
0.469969	 0.602016
0.473302	 0.403705
0.476635	 0.88009
0.479968	 0.520689
0.483301	 0.835998
0.486634	 0.514726
0.489967	 0.539133
0.4933	 0.547858
0.496634	 0.590754
0.499967	 0.660396
0.5033	 0.497719
0.506633	 0.58795
0.509966	 0.61213
0.513299	 0.538743
0.516632	 0.586894
0.519965	 0.459287
0.523298	 0.657357
0.526632	 0.417813
0.529965	 0.779513
0.533298	 0.696953
0.536631	 0.404112
0.539964	 0.191411
0.543297	 0.927405
0.54663	 0.813744
0.549963	 0.598357
0.553296	 0.782358
0.55663	 0.7902
0.559963	 0.55821
0.563296	 0.638645
0.566629	 0.560332
0.569962	 0.534111
0.573295	 0.41978
0.576628	 0.232384
0.579961	 0.598671
0.583294	 0.583874
0.586628	 0.473066
0.589961	 0.903431
0.593294	 0.961249
0.596627	 0.474702
0.59996	 1.10659
0.603293	 0.594686
0.606626	 0.488728
0.609959	 0.575882
0.613292	 0.713791
0.616626	 0.891623
0.619959	 0.467934
0.623292	 0.270929
0.626625	 0.673653
0.629958	 0.521628
0.633291	 0.480721
0.636624	 0.644303
0.639957	 0.513844
0.64329	 0.495
0.646624	 0.757271
0.649957	 0.604124
0.65329	 0.683686
0.656623	 0.497018
0.659956	 0.685796
0.663289	 0.571189
0.666622	 0.669149
0.669955	 0.560287
0.673288	 0.842245
0.676622	 0.743255
0.679955	 0.772782
0.683288	 0.819627
0.686621	 0.541259
0.689954	 0.337649
0.693287	 0.718111
0.69662	 0.557476
0.699953	 0.316128
0.703286	 0.57103
0.70662	 0.730602
0.709953	 0.53516
0.713286	 1.0916
0.716619	 0.188295
0.719952	 0.762447
0.723285	 0.794093
0.726618	 0.565638
0.729951	 0.504827
0.733284	 0.497702
0.736618	 0.604759
0.739951	 0.872376
0.743284	 0.428685
0.746617	 0.560711
0.74995	 0.53501
0.753283	 0.967539
0.756616	 0.652008
0.759949	 0.622836
0.763282	 0.69062
0.766616	 0.443872
0.769949	 1.01798
0.773282	 0.91933
0.776615	 0.545397
0.779948	 0.346287
0.783281	 0.81662
0.786614	 0.67072
0.789947	 0.827899
0.79328	 1.07376
0.796614	 0.468727
0.799947	 0.508235
0.80328	 0.610523
0.806613	 0.476052
0.809946	 0.33745
0.813279	 0.777762
0.816612	 0.640838
0.819945	 0.606276
0.823278	 1.097
0.826612	 0.535393
0.829945	 0.801973
0.833278	 0.515653
0.836611	 0.498621
0.839944	 0.562856
0.843277	 0.890259
0.84661	 0.828623
0.849943	 0.867196
0.853276	 0.61112
0.85661	 0.61287
0.859943	 0.589618
0.863276	 0.836958
0.866609	 0.65811
0.869942	 0.283599
0.873275	 0.682765
0.876608	 0.564544
0.879941	 0.754169
0.883274	 0.634316
0.886608	 0.513879
0.889941	 0.626393
0.893274	 0.614998
0.896607	 0.447617
0.89994	 0.432844
0.903273	 0.408123
0.906606	 0.614936
0.909939	 0.483974
0.913272	 0.688704
0.916606	 0.521967
0.919939	 1.12856
0.923272	 0.670342
0.926605	 0.69226
0.929938	 0.463523
0.933271	 0.582202
0.936604	 1.23659
0.939937	 0.85425
0.94327	 1.07263
0.946604	 0.554126
0.949937	 0.988566
0.95327	 0.853978
0.956603	 0.526795
0.959936	 0.707295
0.963269	 0.843117
0.966602	 0.761805
0.969935	 1.26948
0.973268	 0.805479
0.976602	 0.51001
0.979935	 0.745011
0.983268	 1.20758
0.986601	 0.693337
0.989934	 1.19218
0.993267	 1.16036
0.9966	 1.26713
0.999933	 0.720147
1.00327	 0.491161
1.0066	 1.2961
1.00993	 1.03188
1.01327	 0.797245
1.0166	 0.788055
1.01993	 0.543824
1.02327	 1.25792
1.0266	 0.494111
1.02993	 1.22316
1.03326	 0.911246
1.0366	 1.18078
1.03993	 0.866364
1.04326	 0.871487
1.0466	 0.543084
1.04993	 0.469543
1.05326	 0.604695
1.0566	 1.35191
1.05993	 0.692641
1.06326	 1.28705
1.0666	 0.4744
1.06993	 1.06172
1.07326	 0.60542
1.07659	 0.94731
1.07993	 0.793008
1.08326	 0.715377
1.08659	 1.33614
1.08993	 1.13478
1.09326	 0.880582
1.09659	 0.827734
1.09993	 0.543327
1.10326	 0.655847
1.10659	 1.02529
1.10993	 1.30149
1.11326	 0.717361
1.11659	 0.526141
1.11993	 0.789782
1.12326	 1.41851
1.12659	 0.72164
1.12992	 0.392419
1.13326	 0.626907
1.13659	 0.985407
1.13992	 0.993595
1.14326	 1.16818
1.14659	 0.672055
1.14992	 0.63991
1.15326	 1.0175
1.15659	 0.811118
1.15992	 0.966981
1.16326	 1.03856
1.16659	 0.609867
1.16992	 0.849183
1.17326	 1.31443
1.17659	 0.428179
1.17992	 0.941277
1.18325	 1.30739
1.18659	 1.29832
1.18992	 1.42118
1.19325	 0.898292
1.19659	 1.01068
1.19992	 1.02831
1.20325	 0.912618
1.20659	 0.325248
1.20992	 1.50017
1.21325	 1.33062
1.21659	 0.982029
1.21992	 1.19947
1.22325	 1.73757
1.22658	 1.42789
1.22992	 1.21263
1.23325	 0.950537
1.23658	 1.13073
1.23992	 0.660824
1.24325	 0.518599
1.24658	 0.625842
1.24992	 1.71732
1.25325	 0.886377
1.25658	 0.831885
1.25992	 0.835614
1.26325	 1.21315
1.26658	 0.503337
1.26992	 1.2188
1.27325	 1.03286
1.27658	 1.31718
1.27991	 0.477978
1.28325	 1.56022
1.28658	 1.49521
1.28991	 0.881479
1.29325	 1.25071
1.29658	 0.748458
1.29991	 1.08395
1.30325	 0.764328
1.30658	 0.701372
1.30991	 0.888561
1.31325	 1.08584
1.31658	 1.02653
1.31991	 0.862996
1.32325	 0.930682
1.32658	 0.784025
1.32991	 1.53969
1.33324	 0.801754
1.33658	 0.560379
1.33991	 0.492994
1.34324	 1.00857
1.34658	 1.05581
1.34991	 1.47081
1.35324	 1.20108
1.35658	 0.765599
1.35991	 0.990626
1.36324	 0.896549
1.36658	 0.786644
1.36991	 1.13972
1.37324	 0.977752
1.37657	 0.669037
1.37991	 0.763814
1.38324	 1.07087
1.38657	 0.90249
1.38991	 0.671115
1.39324	 0.986883
1.39657	 0.62393
1.39991	 0.59403
1.40324	 0.623308
1.40657	 0.952887
1.40991	 0.720922
1.41324	 0.597749
1.41657	 0.910444
1.41991	 0.603269
1.42324	 1.14976
1.42657	 1.20036
1.4299	 1.35701
1.43324	 0.948534
1.43657	 0.866629
1.4399	 0.918306
1.44324	 0.787461
1.44657	 0.586376
1.4499	 0.985485
1.45324	 0.85485
1.45657	 0.43466
1.4599	 0.849144
1.46324	 0.693293
1.46657	 0.398638
1.4699	 0.819684
1.47324	 0.656322
1.47657	 0.335333
1.4799	 0.665302
1.48323	 0.752159
1.48657	 0.550569
1.4899	 1.22144
1.49323	 0.439655
1.49657	 0.717334
1.4999	 1.07949
1.50323	 1.06812
1.50657	 0.840915
1.5099	 1.00617
1.51323	 0.440763
1.51657	 0.825485
1.5199	 0.70837
1.52323	 0.573651
1.52656	 0.582506
1.5299	 1.09715
1.53323	 0.310586
1.53656	 0.679301
1.5399	 0.958097
1.54323	 0.5544
1.54656	 0.398347
1.5499	 0.780074
1.55323	 0.573917
1.55656	 0.587596
1.5599	 0.57085
1.56323	 0.627244
1.56656	 0.615824
1.5699	 0.397188
1.57323	 0.747047
1.57656	 0.795443
1.57989	 0.983982
1.58323	 0.53062
1.58656	 0.652966
1.58989	 0.716482
1.59323	 0.697007
1.59656	 0.412112
1.59989	 0.591384
1.60323	 0.763203
1.60656	 0.536275
1.60989	 0.725556
1.61323	 0.773703
1.61656	 0.608662
1.61989	 0.836419
1.62323	 0.639894
1.62656	 0.673799
1.62989	 0.56215
1.63322	 0.472563
1.63656	 0.726744
1.63989	 0.687042
1.64322	 0.766855
1.64656	 1.23195
1.64989	 0.627319
1.65322	 0.84835
1.65656	 0.446878
1.65989	 0.49422
1.66322	 0.539815
1.66656	 0.502233
1.66989	 0.877858
1.67322	 0.55903
1.67655	 0.769085
1.67989	 0.391888
1.68322	 0.451401
1.68655	 0.886484
1.68989	 0.672897
1.69322	 0.772881
1.69655	 0.389242
1.69989	 0.618853
1.70322	 0.685163
1.70655	 0.362202
1.70989	 0.825264
1.71322	 0.390038
1.71655	 0.830554
1.71989	 0.730688
1.72322	 0.654208
1.72655	 0.648347
1.72988	 0.47076
1.73322	 0.687812
1.73655	 0.639245
1.73988	 0.966526
1.74322	 0.299443
1.74655	 1.08726
1.74988	 0.77683
1.75322	 0.696062
1.75655	 0.40244
1.75988	 0.217947
1.76322	 0.610112
1.76655	 0.610303
1.76988	 0.515474
1.77322	 0.400913
1.77655	 0.277045
1.77988	 0.710264
1.78321	 0.47376
1.78655	 0.477711
1.78988	 0.50304
1.79321	 0.694498
1.79655	 0.66992
1.79988	 0.386989
1.80321	 0.640611
1.80655	 0.509678
1.80988	 0.511149
1.81321	 0.727971
1.81655	 0.76222
1.81988	 0.547634
1.82321	 0.404248
1.82654	 0.681906
1.82988	 0.334379
1.83321	 0.593119
1.83654	 0.506587
1.83988	 0.659649
1.84321	 0.467003
1.84654	 0.771806
1.84988	 0.266797
1.85321	 0.547068
1.85654	 0.645734
1.85988	 0.754868
1.86321	 0.392567
1.86654	 0.63877
1.86988	 0.60531
1.87321	 0.469767
1.87654	 0.929614
1.87987	 0.783831
1.88321	 0.160754
1.88654	 0.773494
1.88987	 0.827896
1.89321	 0.972848
1.89654	 0.55912
1.89987	 0.678405
1.90321	 0.741323
1.90654	 0.58758
1.90987	 0.644931
1.91321	 0.680124
1.91654	 0.684345
1.91987	 0.405545
1.92321	 1.14694
1.92654	 0.59008
1.92987	 0.735143
1.9332	 0.572852
1.93654	 0.356578
1.93987	 0.74846
1.9432	 0.415561
1.94654	 0.528594
1.94987	 0.434346
1.9532	 0.374515
1.95654	 0.848945
1.95987	 0.911304
1.9632	 0.515308
1.96654	 0.65789
1.96987	 0.855176
1.9732	 0.345828
1.97653	 0.806429
1.97987	 0.412094
1.9832	 0.692907
1.98653	 0.493688
1.98987	 0.779112
1.9932	 0.759126
1.99653	 0.753699
1.99987	 0.770755
2.0032	 0.504977
2.00653	 0.477936
2.00987	 0.483612
2.0132	 0.339758
2.01653	 0.489718
2.01987	 0.834273
2.0232	 0.601835
2.02653	 1.09277
2.02986	 0.540044
2.0332	 0.531403
2.03653	 0.750212
2.03986	 0.673162
2.0432	 0.827925
2.04653	 0.938849
2.04986	 0.653991
2.0532	 0.614114
2.05653	 0.64849
2.05986	 0.695222
2.0632	 0.494796
2.06653	 0.672262
2.06986	 0.552117
2.0732	 0.503709
2.07653	 0.720261
2.07986	 0.863276
2.08319	 0.499522
2.08653	 0.485291
2.08986	 0.903938
2.09319	 0.938381
2.09653	 0.495749
2.09986	 0.736932
2.10319	 0.59516
2.10653	 0.543817
2.10986	 0.695228
2.11319	 0.579976
2.11653	 1.18496
2.11986	 0.597293
2.12319	 0.620478
2.12652	 0.493904
2.12986	 0.864749
2.13319	 0.594094
2.13652	 0.754329
2.13986	 0.735219
2.14319	 0.676158
2.14652	 1.11315
2.14986	 0.675932
2.15319	 0.673682
2.15652	 0.511439
2.15986	 0.714611
2.16319	 0.985618
2.16652	 0.856104
2.16986	 0.990596
2.17319	 1.04235
2.17652	 0.511005
2.17985	 0.695308
2.18319	 0.720637
2.18652	 0.600003
2.18985	 0.487305
2.19319	 0.488366
2.19652	 0.769064
2.19985	 0.741444
2.20319	 0.498191
2.20652	 0.711631
2.20985	 1.15522
2.21319	 0.671728
2.21652	 0.680959
2.21985	 0.8536
2.22319	 0.884463
2.22652	 0.593368
2.22985	 1.16882
2.23318	 0.775986
2.23652	 0.956314
2.23985	 0.889542
2.24318	 1.11827
2.24652	 0.777596
2.24985	 0.8607
2.25318	 0.92036
2.25652	 0.709094
2.25985	 1.44946
2.26318	 1.06335
2.26652	 0.711237
2.26985	 0.886916
2.27318	 0.574564
2.27651	 1.36198
2.27985	 0.628843
2.28318	 0.623778
2.28651	 0.615185
2.28985	 0.642546
2.29318	 0.78033
2.29651	 0.774406
2.29985	 0.839298
2.30318	 1.17473
2.30651	 1.2527
2.30985	 0.714886
2.31318	 0.599635
2.31651	 0.702403
2.31985	 0.511819
2.32318	 1.27366
2.32651	 0.821233
2.32984	 0.909308
2.33318	 0.801482
2.33651	 0.78238
2.33984	 0.831906
2.34318	 1.11814
2.34651	 0.632606
2.34984	 0.952404
2.35318	 1.31056
2.35651	 1.57461
2.35984	 0.973317
2.36318	 1.11026
2.36651	 1.02992
2.36984	 0.880221
2.37318	 1.5334
2.37651	 0.777479
2.37984	 0.985394
2.38317	 1.19035
2.38651	 0.80401
2.38984	 1.44873
2.39317	 1.13901
2.39651	 1.59772
2.39984	 1.07697
2.40317	 0.886071
2.40651	 1.15932
2.40984	 1.5067
2.41317	 1.36776
2.41651	 1.47266
2.41984	 0.961921
2.42317	 0.603502
2.4265	 0.650434
2.42984	 1.18796
2.43317	 0.83332
2.4365	 1.00259
2.43984	 1.6364
2.44317	 0.766626
2.4465	 0.688378
2.44984	 1.46628
2.45317	 0.842686
2.4565	 1.50942
2.45984	 0.807717
2.46317	 0.679235
2.4665	 1.16451
2.46984	 1.74567
2.47317	 0.557684
2.4765	 0.708037
2.47983	 1.01595
2.48317	 0.96088
2.4865	 1.70872
2.48983	 0.86662
2.49317	 0.65973
2.4965	 0.934252
2.49983	 1.15193
2.50317	 0.728748
2.5065	 0.448027
2.50983	 0.761097
2.51317	 1.02201
2.5165	 0.455584
2.51983	 0.971658
2.52317	 1.15307
2.5265	 1.11207
2.52983	 1.53019
2.53316	 0.693349
2.5365	 0.769238
2.53983	 1.33984
2.54316	 0.749317
2.5465	 0.524533
2.54983	 1.44948
2.55316	 1.45536
2.5565	 1.19015
2.55983	 0.598991
2.56316	 0.730435
2.5665	 1.35597
2.56983	 1.52781
2.57316	 0.870466
2.57649	 0.712025
2.57983	 0.678956
2.58316	 0.549847
2.58649	 1.34443
2.58983	 1.2614
2.59316	 0.695247
2.59649	 1.14119
2.59983	 0.601107
2.60316	 1.46466
2.60649	 0.859897
2.60983	 0.903307
2.61316	 0.39467
2.61649	 1.15844
2.61983	 1.44081
2.62316	 0.767588
2.62649	 1.06852
2.62982	 0.840238
2.63316	 0.444628
2.63649	 1.03213
2.63982	 0.740355
2.64316	 0.425657
2.64649	 0.754297
2.64982	 0.99739
2.65316	 0.748378
2.65649	 0.318424
2.65982	 0.940999
2.66316	 0.55997
2.66649	 0.494751
2.66982	 0.943943
2.67316	 1.25442
2.67649	 0.660383
2.67982	 1.07221
2.68315	 0.788725
2.68649	 1.25939
2.68982	 0.711029
2.69315	 1.03331
2.69649	 0.348777
2.69982	 0.826815
2.70315	 0.436906
2.70649	 1.12135
2.70982	 0.792613
2.71315	 0.587263
2.71649	 0.691822
2.71982	 0.996045
2.72315	 0.556719
2.72648	 1.15947
2.72982	 0.658171
2.73315	 1.00135
2.73648	 0.806559
2.73982	 0.561898
2.74315	 0.931542
2.74648	 0.412679
2.74982	 0.535502
2.75315	 0.831808
2.75648	 0.647322
2.75982	 0.619963
2.76315	 0.45602
2.76648	 0.846038
2.76982	 0.586676
2.77315	 0.44934
2.77648	 0.550133
2.77981	 0.857095
2.78315	 0.837325
2.78648	 0.754533
2.78981	 0.689953
2.79315	 0.81632
2.79648	 0.611761
2.79981	 0.88842
2.80315	 0.420991
2.80648	 0.451882
2.80981	 0.87299
2.81315	 0.737878
2.81648	 0.636386
2.81981	 0.876546
2.82315	 0.432865
2.82648	 0.83358
2.82981	 0.640561
2.83314	 0.548134
2.83648	 0.435387
2.83981	 0.517025
2.84314	 0.832966
2.84648	 0.331998
2.84981	 0.64858
2.85314	 0.822806
2.85648	 0.272491
2.85981	 0.436079
2.86314	 0.433951
2.86648	 0.843092
2.86981	 1.01834
2.87314	 0.459955
2.87647	 0.704535
2.87981	 0.473352
2.88314	 0.970864
2.88647	 0.719754
2.88981	 0.553619
2.89314	 0.678508
2.89647	 0.699737
2.89981	 0.296136
2.90314	 1.075
2.90647	 0.700313
2.90981	 0.578051
2.91314	 0.747877
2.91647	 0.458424
2.91981	 0.472354
2.92314	 0.361251
2.92647	 0.537221
2.9298	 0.535937
2.93314	 0.362173
2.93647	 0.433663
2.9398	 0.501923
2.94314	 0.81779
2.94647	 0.757961
2.9498	 0.281397
2.95314	 0.479967
2.95647	 0.697937
2.9598	 0.892442
2.96314	 0.61072
2.96647	 0.302022
2.9698	 0.435365
2.97314	 0.391706
2.97647	 0.550833
2.9798	 0.921834
2.98313	 0.387871
2.98647	 0.928567
2.9898	 0.486936
2.99313	 0.538059
2.99647	 0.543012
2.9998	 0.682569
3.00313	 0.391246
3.00647	 0.586493
3.0098	 0.363115
3.01313	 0.529544
3.01647	 0.785216
3.0198	 0.699362
3.02313	 0.37395
3.02646	 0.61563
3.0298	 0.75879
3.03313	 0.65639
3.03646	 0.48006
3.0398	 0.547907
3.04313	 0.612823
3.04646	 0.501814
3.0498	 0.517817
3.05313	 0.542132
3.05646	 0.499092
3.0598	 0.54493
3.06313	 0.704428
3.06646	 1.05447
3.0698	 0.508358
3.07313	 0.136008
3.07646	 0.595645
3.07979	 0.720032
3.08313	 0.548207
3.08646	 0.320389
3.08979	 0.535813
3.09313	 0.59026
3.09646	 0.601404
3.09979	 0.747948
3.10313	 1.05871
3.10646	 0.365879
3.10979	 0.58243
3.11313	 0.68265
3.11646	 0.388706
3.11979	 0.45365
3.12313	 0.334882
3.12646	 0.51245
3.12979	 0.831826
3.13312	 0.413735
3.13646	 0.539084
3.13979	 0.45743
3.14312	 0.523889
3.14646	 0.695606
3.14979	 0.494985
3.15312	 0.506018
3.15646	 0.668512
3.15979	 0.511127
3.16312	 0.334998
3.16646	 0.518348
3.16979	 0.358339
3.17312	 0.384177
3.17645	 0.532982
3.17979	 0.807434
3.18312	 0.720261
3.18645	 0.643814
3.18979	 0.958744
3.19312	 0.447919
3.19645	 0.691355
3.19979	 1.11458
3.20312	 0.70151
3.20645	 0.725633
3.20979	 0.561154
3.21312	 0.686255
3.21645	 0.893763
3.21979	 0.660954
3.22312	 0.447511
3.22645	 0.911786
3.22978	 0.715134
3.23312	 0.397838
3.23645	 0.353834
3.23978	 0.332015
3.24312	 0.778071
3.24645	 0.602603
3.24978	 0.514839
3.25312	 0.487725
3.25645	 0.92137
3.25978	 1.01504
3.26312	 0.283491
3.26645	 0.38891
3.26978	 0.463419
3.27312	 0.444196
3.27645	 0.411729
3.27978	 0.47071
3.28311	 1.1561
3.28645	 0.734475
3.28978	 0.317967
3.29311	 0.402444
3.29645	 0.415686
3.29978	 0.800855
3.30311	 0.969852
3.30645	 0.87176
3.30978	 0.901789
3.31311	 0.636786
3.31645	 0.588501
3.31978	 1.02344
3.32311	 0.867436
3.32644	 0.472586
3.32978	 0.342576
3.33311	 0.643467
3.33644	 0.765638
3.33978	 0.518688
3.34311	 0.535642
3.34644	 0.764564
3.34978	 0.549476
3.35311	 0.415521
3.35644	 0.639958
3.35978	 0.856618
3.36311	 0.642773
3.36644	 0.292193
3.36978	 0.863629
3.37311	 0.544398
3.37644	 0.63325
3.37977	 0.523068
3.38311	 0.790084
3.38644	 0.333031
3.38977	 0.888128
3.39311	 0.83999
3.39644	 1.03845
3.39977	 0.800121
3.40311	 0.964479
3.40644	 0.930481
3.40977	 0.412617
3.41311	 0.666802
3.41644	 0.650797
3.41977	 1.0533
3.42311	 0.904128
3.42644	 0.585808
3.42977	 0.769398
3.4331	 0.717159
3.43644	 0.974539
3.43977	 0.375028
3.4431	 0.769494
3.44644	 0.535621
3.44977	 1.05121
3.4531	 0.881214
3.45644	 1.07166
3.45977	 1.1259
3.4631	 0.754758
3.46644	 0.544565
3.46977	 0.915634
3.4731	 1.33743
3.47643	 0.60128
3.47977	 0.475804
3.4831	 0.649024
3.48643	 0.715382
3.48977	 1.07845
3.4931	 0.444018
3.49643	 0.801181
3.49977	 1.333
3.5031	 0.748325
3.50643	 1.10683
3.50977	 0.804202
3.5131	 1.02401
3.51643	 1.02159
3.51977	 0.853471
3.5231	 0.445149
3.52643	 0.97065
3.52976	 0.764261
3.5331	 0.673045
3.53643	 1.4729
3.53976	 1.14007
3.5431	 0.960005
3.54643	 0.797
3.54976	 0.63527
3.5531	 0.664624
3.55643	 0.969339
3.55976	 0.80661
3.5631	 0.8952
3.56643	 1.2436
3.56976	 0.514688
3.5731	 0.700243
3.57643	 0.67031
3.57976	 1.31355
3.58309	 0.459979
3.58643	 0.980629
3.58976	 0.762055
3.59309	 1.06814
3.59643	 0.853495
3.59976	 0.778693
3.60309	 1.09536
3.60643	 0.418674
3.60976	 0.680445
3.61309	 0.909046
3.61643	 0.867368
3.61976	 1.18049
3.62309	 0.954213
3.62642	 0.901012
3.62976	 1.24525
3.63309	 0.823236
3.63642	 0.893653
3.63976	 0.759294
3.64309	 1.65327
3.64642	 1.92672
3.64976	 1.51183
3.65309	 1.0954
3.65642	 1.00045
3.65976	 1.07893
3.66309	 0.635577
3.66642	 0.861543
3.66976	 0.822469
3.67309	 1.36291
3.67642	 1.00285
3.67975	 0.892459
3.68309	 1.06425
3.68642	 0.558148
3.68975	 0.939881
3.69309	 1.36871
3.69642	 0.784902
3.69975	 1.00668
3.70309	 1.45152
3.70642	 1.04053
3.70975	 0.754916
3.71309	 0.727954
3.71642	 0.957483
3.71975	 0.934121
3.72309	 1.25893
3.72642	 0.970516
3.72975	 1.54037
3.73308	 0.848988
3.73642	 1.1795
3.73975	 1.25022
3.74308	 1.62424
3.74642	 0.850962
3.74975	 1.56492
3.75308	 0.741397
3.75642	 0.921529
3.75975	 0.848041
3.76308	 1.46851
3.76642	 1.2357
3.76975	 0.665037
3.77308	 0.324267
3.77641	 1.14
3.77975	 1.31725
3.78308	 0.539701
3.78641	 1.1605
3.78975	 1.36456
3.79308	 0.779614
3.79641	 0.830398
3.79975	 0.935916
3.80308	 0.448185
3.80641	 0.314933
3.80975	 1.18484
3.81308	 1.13765
3.81641	 0.88683
3.81975	 1.40074
3.82308	 0.979252
3.82641	 0.866876
3.82974	 0.696346
3.83308	 1.08379
3.83641	 0.742049
3.83974	 0.702043
3.84308	 1.00527
3.84641	 0.806367
3.84974	 0.688351
3.85308	 1.28449
3.85641	 0.567585
3.85974	 0.745566
3.86308	 0.860527
3.86641	 0.925816
3.86974	 0.819232
3.87308	 0.384974
3.87641	 0.710265
3.87974	 1.01795
3.88307	 0.871429
3.88641	 0.35241
3.88974	 0.716309
3.89307	 0.961655
3.89641	 0.62848
3.89974	 0.662672
3.90307	 0.728486
3.90641	 0.586568
3.90974	 0.77677
3.91307	 0.75219
3.91641	 0.655394
3.91974	 0.268021
3.92307	 0.940381
3.9264	 1.15909
3.92974	 0.828923
3.93307	 0.863381
3.9364	 0.704573
3.93974	 0.539233
3.94307	 0.447127
3.9464	 1.16727
3.94974	 0.769516
3.95307	 0.498124
3.9564	 0.889812
3.95974	 0.436685
3.96307	 1.12802
3.9664	 0.492851
3.96974	 0.80814
3.97307	 0.786416
3.9764	 0.602879
3.97973	 0.563078
3.98307	 0.95784
3.9864	 0.750528
3.98973	 0.792041
3.99307	 0.609148
3.9964	 0.65364
3.99973	 0.723223
4.00307	 0.978868
4.0064	 1.19302
4.00973	 0.494322
4.01307	 0.624703
4.0164	 0.771254
4.01973	 0.6695
4.02307	 0.419184
4.0264	 0.891945
4.02973	 0.593384
4.03306	 0.533484
4.0364	 0.52438
4.03973	 0.441322
4.04306	 0.363024
4.0464	 0.895211
4.04973	 0.521069
4.05306	 0.754181
4.0564	 0.515986
4.05973	 0.214536
4.06306	 0.499174
4.0664	 0.710277
4.06973	 0.649684
4.07306	 0.744125
4.07639	 0.554931
4.07973	 0.343651
4.08306	 0.511572
4.08639	 0.537795
4.08973	 0.404609
4.09306	 0.564785
4.09639	 0.605617
4.09973	 0.755482
4.10306	 0.537729
4.10639	 0.585606
4.10973	 0.84053
4.11306	 0.485268
4.11639	 0.594497
4.11973	 0.811736
4.12306	 0.45336
4.12639	 0.805819
4.12972	 0.291473
4.13306	 0.52433
4.13639	 0.58083
4.13972	 0.811605
4.14306	 0.437154
4.14639	 0.586341
4.14972	 0.685384
4.15306	 0.69867
4.15639	 0.591711
4.15972	 0.599229
4.16306	 0.872256
4.16639	 0.280688
4.16972	 0.584864
4.17306	 0.635565
4.17639	 0.220388
4.17972	 0.885305
4.18305	 0.683054
4.18639	 0.48321
4.18972	 0.899105
4.19305	 0.430606
4.19639	 0.51197
4.19972	 0.216484
4.20305	 0.416844
4.20639	 0.728592
4.20972	 0.685778
4.21305	 0.506357
4.21639	 0.51051
4.21972	 0.70513
4.22305	 0.764241
4.22638	 0.54221
4.22972	 0.600482
4.23305	 0.816796
4.23638	 0.68477
4.23972	 0.503199
4.24305	 0.699192
4.24638	 0.519915
4.24972	 0.632333
4.25305	 1.06231
4.25638	 0.333796
4.25972	 0.41356
4.26305	 0.777043
4.26638	 0.628549
4.26972	 0.95887
4.27305	 0.416761
4.27638	 0.60029
4.27971	 0.256845
4.28305	 0.549717
4.28638	 0.632857
4.28971	 0.738627
4.29305	 0.360357
4.29638	 0.674113
4.29971	 0.429619
4.30305	 0.676903
4.30638	 0.492411
4.30971	 0.514928
4.31305	 0.419966
4.31638	 0.652611
4.31971	 0.357131
4.32305	 0.970449
4.32638	 0.697543
4.32971	 0.339713
4.33304	 0.185521
4.33638	 0.321422
4.33971	 0.631193
4.34304	 0.538566
4.34638	 0.461988
4.34971	 0.69155
4.35304	 0.814829
4.35638	 0.579308
4.35971	 0.50792
4.36304	 0.59675
4.36638	 0.661676
4.36971	 0.875279
4.37304	 0.824719
4.37637	 0.520063
4.37971	 0.512185
4.38304	 0.607618
4.38637	 0.733318
4.38971	 0.495086
4.39304	 0.369673
4.39637	 0.266677
4.39971	 0.475872
4.40304	 0.555229
4.40637	 0.402109
4.40971	 0.606583
4.41304	 0.654179
4.41637	 0.746503
4.41971	 0.548929
4.42304	 0.585047
4.42637	 0.679762
4.4297	 0.488304
4.43304	 0.84433
4.43637	 0.346974
4.4397	 0.716195
4.44304	 0.454508
4.44637	 0.559961
4.4497	 0.392808
4.45304	 0.407608
4.45637	 0.683556
4.4597	 0.367507
4.46304	 0.372294
4.46637	 0.622795
4.4697	 0.645202
4.47304	 0.567129
4.47637	 0.338793
4.4797	 0.505868
4.48303	 0.446723
4.48637	 0.713844
4.4897	 0.607829
4.49303	 0.174179
4.49637	 0.416056
4.4997	 0.691092
4.50303	 0.371316
4.50637	 0.908924
4.5097	 0.448662
4.51303	 0.417639
4.51637	 0.939126
4.5197	 0.572403
4.52303	 0.56188
4.52636	 1.1003
4.5297	 0.379319
4.53303	 0.634331
4.53636	 0.432836
4.5397	 0.573145
4.54303	 0.643558
4.54636	 0.896683
4.5497	 1.10492
4.55303	 0.465754
4.55636	 0.63869
4.5597	 0.841456
4.56303	 0.843171
4.56636	 1.23045
4.5697	 0.751114
4.57303	 0.858038
4.57636	 0.594383
4.57969	 0.739227
4.58303	 0.862498
4.58636	 0.581648
4.58969	 0.933074
4.59303	 1.01728
4.59636	 0.510858
4.59969	 0.698925
4.60303	 0.564843
4.60636	 0.390456
4.60969	 0.355444
4.61303	 0.758151
4.61636	 0.653493
4.61969	 0.572258
4.62303	 0.612393
4.62636	 0.543324
4.62969	 0.545666
4.63302	 0.82207
4.63636	 0.825493
4.63969	 0.966503
4.64302	 0.397358
4.64636	 0.960999
4.64969	 0.59207
4.65302	 0.828971
4.65636	 0.351811
4.65969	 0.749729
4.66302	 0.682579
4.66636	 0.915107
4.66969	 1.09972
4.67302	 0.494598
4.67635	 0.723468
4.67969	 0.360105
4.68302	 0.684354
4.68635	 1.48289
4.68969	 0.371314
4.69302	 0.492485
4.69635	 0.828436
4.69969	 0.76578
4.70302	 0.684934
4.70635	 1.05833
4.70969	 1.16105
4.71302	 0.864409
4.71635	 0.659568
4.71969	 0.710785
4.72302	 1.22082
4.72635	 0.649264
4.72968	 0.638273
4.73302	 0.883989
4.73635	 0.713115
4.73968	 0.726146
4.74302	 0.790463
4.74635	 0.6285
4.74968	 1.36554
4.75302	 0.763906
4.75635	 1.09329
4.75968	 0.702476
4.76302	 0.601109
4.76635	 0.447588
4.76968	 1.11827
4.77302	 1.27549
4.77635	 0.880806
4.77968	 0.422521
4.78301	 1.01133
4.78635	 0.582586
4.78968	 1.26672
4.79301	 0.868187
4.79635	 0.429858
4.79968	 1.14734
4.80301	 1.05803
4.80635	 0.721648
4.80968	 0.574488
4.81301	 0.750856
4.81635	 0.685556
4.81968	 0.530339
4.82301	 1.10694
4.82634	 0.667457
4.82968	 0.528987
4.83301	 1.19486
4.83634	 0.748732
4.83968	 0.501447
4.84301	 0.954637
4.84634	 0.865914
4.84968	 0.787023
4.85301	 0.696402
4.85634	 0.476262
4.85968	 0.27871
4.86301	 1.44531
4.86634	 0.857239
4.86968	 0.399152
4.87301	 0.291255
4.87634	 1.01952
4.87967	 1.18262
4.88301	 1.39019
4.88634	 0.78809
4.88967	 0.954266
4.89301	 0.808451
4.89634	 0.953338
4.89967	 1.32512
4.90301	 0.945653
4.90634	 0.61302
4.90967	 0.580493
4.91301	 0.846301
4.91634	 0.787568
4.91967	 0.847979
4.92301	 1.0966
4.92634	 1.11627
4.92967	 0.700357
4.933	 0.864802
4.93634	 1.44514
4.93967	 1.30657
4.943	 0.628996
4.94634	 1.25257
4.94967	 0.527269
4.953	 1.10906
4.95634	 0.534405
4.95967	 1.0028
4.963	 0.619421
4.96634	 1.45036
4.96967	 0.72305
4.973	 1.00036
4.97633	 0.589961
4.97967	 0.689097
4.983	 0.600628
4.98633	 0.912614
4.98967	 0.685921
4.993	 0.749466
4.99633	 0.336916
