# Frequency [GHz] 	Fouriercomponent
-4.99967	 0.295431
-4.99633	 0.348378
-4.993	 0.655633
-4.98967	 0.964528
-4.98633	 0.811737
-4.983	 0.642161
-4.97967	 0.684648
-4.97633	 0.872769
-4.973	 1.13497
-4.96967	 0.467391
-4.96634	 0.678328
-4.963	 0.681934
-4.95967	 0.754859
-4.95634	 0.914898
-4.953	 0.703596
-4.94967	 0.916984
-4.94634	 0.953752
-4.943	 0.305534
-4.93967	 0.601423
-4.93634	 0.562493
-4.933	 0.33745
-4.92967	 0.736008
-4.92634	 0.606526
-4.92301	 0.746828
-4.91967	 0.361068
-4.91634	 1.15947
-4.91301	 0.378925
-4.90967	 0.568948
-4.90634	 0.682012
-4.90301	 0.731329
-4.89967	 1.17969
-4.89634	 0.455534
-4.89301	 0.81447
-4.88967	 0.767408
-4.88634	 0.636178
-4.88301	 0.94466
-4.87967	 0.800944
-4.87634	 0.696291
-4.87301	 0.651885
-4.86968	 0.422672
-4.86634	 0.778704
-4.86301	 0.801312
-4.85968	 0.51904
-4.85634	 0.968958
-4.85301	 0.794968
-4.84968	 0.41226
-4.84634	 0.558025
-4.84301	 0.665716
-4.83968	 0.630868
-4.83634	 0.658469
-4.83301	 0.609672
-4.82968	 0.567423
-4.82634	 0.868594
-4.82301	 0.504476
-4.81968	 0.728311
-4.81635	 0.71603
-4.81301	 0.730188
-4.80968	 0.654096
-4.80635	 0.753072
-4.80301	 0.752633
-4.79968	 0.54732
-4.79635	 0.672446
-4.79301	 0.740923
-4.78968	 0.644429
-4.78635	 0.917136
-4.78301	 0.80852
-4.77968	 0.596605
-4.77635	 0.441471
-4.77302	 0.482326
-4.76968	 0.36071
-4.76635	 0.568742
-4.76302	 0.501394
-4.75968	 0.783537
-4.75635	 0.183124
-4.75302	 0.657823
-4.74968	 0.650446
-4.74635	 0.586658
-4.74302	 0.279515
-4.73968	 0.715513
-4.73635	 0.767627
-4.73302	 0.427648
-4.72968	 0.383343
-4.72635	 0.718535
-4.72302	 0.548799
-4.71969	 0.571278
-4.71635	 0.754883
-4.71302	 0.488218
-4.70969	 0.577712
-4.70635	 0.853074
-4.70302	 0.548415
-4.69969	 0.643382
-4.69635	 0.581584
-4.69302	 0.583191
-4.68969	 0.500583
-4.68635	 0.91767
-4.68302	 0.903743
-4.67969	 1.06237
-4.67635	 0.514317
-4.67302	 0.42793
-4.66969	 1.03691
-4.66636	 0.488476
-4.66302	 0.602378
-4.65969	 0.738257
-4.65636	 0.620223
-4.65302	 1.15392
-4.64969	 0.393656
-4.64636	 0.886611
-4.64302	 0.461187
-4.63969	 0.883917
-4.63636	 1.04659
-4.63302	 0.520822
-4.62969	 0.337009
-4.62636	 0.634714
-4.62303	 0.611682
-4.61969	 0.605975
-4.61636	 0.9457
-4.61303	 0.911577
-4.60969	 0.702251
-4.60636	 0.861064
-4.60303	 0.680199
-4.59969	 0.593303
-4.59636	 0.471108
-4.59303	 0.9222
-4.58969	 0.457129
-4.58636	 0.643755
-4.58303	 0.394383
-4.57969	 0.986358
-4.57636	 0.70298
-4.57303	 0.764057
-4.5697	 0.789148
-4.56636	 0.677955
-4.56303	 0.864096
-4.5597	 0.755115
-4.55636	 0.575628
-4.55303	 0.782535
-4.5497	 0.448028
-4.54636	 0.647398
-4.54303	 0.86004
-4.5397	 0.602248
-4.53636	 0.476145
-4.53303	 0.708574
-4.5297	 0.912797
-4.52636	 0.975388
-4.52303	 0.540717
-4.5197	 0.697651
-4.51637	 0.90318
-4.51303	 0.471076
-4.5097	 0.681978
-4.50637	 0.662486
-4.50303	 0.476446
-4.4997	 0.421709
-4.49637	 0.610622
-4.49303	 0.82694
-4.4897	 0.405362
-4.48637	 0.30749
-4.48303	 0.773677
-4.4797	 0.844679
-4.47637	 0.412046
-4.47304	 0.530097
-4.4697	 0.50211
-4.46637	 0.361364
-4.46304	 0.706813
-4.4597	 0.940984
-4.45637	 1.01453
-4.45304	 0.593981
-4.4497	 0.541204
-4.44637	 0.691535
-4.44304	 0.868296
-4.4397	 0.539349
-4.43637	 0.686776
-4.43304	 0.653237
-4.4297	 0.93616
-4.42637	 0.525851
-4.42304	 1.0063
-4.41971	 0.720657
-4.41637	 0.693575
-4.41304	 0.588349
-4.40971	 0.561468
-4.40637	 0.442904
-4.40304	 0.373501
-4.39971	 1.1668
-4.39637	 0.751294
-4.39304	 0.768991
-4.38971	 0.517078
-4.38637	 0.620336
-4.38304	 0.814768
-4.37971	 0.642002
-4.37637	 0.526482
-4.37304	 0.478096
-4.36971	 0.467166
-4.36638	 0.732987
-4.36304	 0.761605
-4.35971	 0.787019
-4.35638	 0.24789
-4.35304	 0.376956
-4.34971	 0.419065
-4.34638	 0.562977
-4.34304	 0.750509
-4.33971	 0.932334
-4.33638	 0.688598
-4.33304	 0.708442
-4.32971	 0.909389
-4.32638	 0.681118
-4.32305	 0.884801
-4.31971	 0.316786
-4.31638	 0.804607
-4.31305	 0.804219
-4.30971	 0.82534
-4.30638	 0.914768
-4.30305	 1.0634
-4.29971	 0.773211
-4.29638	 0.859856
-4.29305	 0.659314
-4.28971	 0.74139
-4.28638	 0.864091
-4.28305	 0.892303
-4.27971	 0.625923
-4.27638	 0.484586
-4.27305	 0.475187
-4.26972	 0.678618
-4.26638	 0.848847
-4.26305	 0.683869
-4.25972	 0.630887
-4.25638	 0.401213
-4.25305	 0.638977
-4.24972	 0.581352
-4.24638	 0.830251
-4.24305	 1.07369
-4.23972	 0.866214
-4.23638	 0.940617
-4.23305	 0.828993
-4.22972	 0.643044
-4.22638	 0.484926
-4.22305	 0.648785
-4.21972	 0.377883
-4.21639	 0.535294
-4.21305	 0.785873
-4.20972	 0.79136
-4.20639	 0.525876
-4.20305	 1.03086
-4.19972	 0.885231
-4.19639	 0.561332
-4.19305	 0.733157
-4.18972	 0.690278
-4.18639	 0.573442
-4.18305	 0.588216
-4.17972	 0.69703
-4.17639	 0.781413
-4.17306	 0.643023
-4.16972	 0.707151
-4.16639	 0.968801
-4.16306	 0.613739
-4.15972	 0.6771
-4.15639	 0.330481
-4.15306	 0.48987
-4.14972	 0.460071
-4.14639	 1.04444
-4.14306	 0.428674
-4.13972	 0.669064
-4.13639	 0.629585
-4.13306	 0.409207
-4.12972	 0.86236
-4.12639	 0.566384
-4.12306	 0.479881
-4.11973	 0.609432
-4.11639	 0.610977
-4.11306	 1.11767
-4.10973	 0.509512
-4.10639	 0.929571
-4.10306	 0.964058
-4.09973	 0.755319
-4.09639	 0.584242
-4.09306	 0.932156
-4.08973	 0.364965
-4.08639	 0.831201
-4.08306	 0.393741
-4.07973	 0.471965
-4.07639	 0.689565
-4.07306	 0.850832
-4.06973	 0.605917
-4.0664	 0.619555
-4.06306	 0.557734
-4.05973	 0.454636
-4.0564	 0.327897
-4.05306	 0.49866
-4.04973	 0.712907
-4.0464	 0.592732
-4.04306	 0.737299
-4.03973	 0.757542
-4.0364	 0.548563
-4.03306	 0.531836
-4.02973	 0.337727
-4.0264	 0.656946
-4.02307	 0.964505
-4.01973	 0.497101
-4.0164	 0.539085
-4.01307	 0.54059
-4.00973	 0.758974
-4.0064	 0.79367
-4.00307	 0.608266
-3.99973	 0.517362
-3.9964	 0.554199
-3.99307	 0.495065
-3.98973	 0.647962
-3.9864	 0.60904
-3.98307	 0.735082
-3.97973	 0.401975
-3.9764	 0.583153
-3.97307	 0.7348
-3.96974	 0.658128
-3.9664	 0.641942
-3.96307	 0.519324
-3.95974	 0.720674
-3.9564	 0.233762
-3.95307	 0.862868
-3.94974	 1.08152
-3.9464	 0.341648
-3.94307	 0.448239
-3.93974	 0.836647
-3.9364	 0.656177
-3.93307	 0.808797
-3.92974	 0.595404
-3.9264	 0.686717
-3.92307	 0.698967
-3.91974	 0.508053
-3.91641	 0.795203
-3.91307	 1.12282
-3.90974	 0.462056
-3.90641	 0.435437
-3.90307	 0.391581
-3.89974	 0.465087
-3.89641	 0.577525
-3.89307	 0.52983
-3.88974	 0.660493
-3.88641	 0.298793
-3.88307	 0.921228
-3.87974	 0.612028
-3.87641	 0.917831
-3.87308	 0.801547
-3.86974	 0.533629
-3.86641	 0.667752
-3.86308	 0.912067
-3.85974	 0.958911
-3.85641	 0.847961
-3.85308	 0.688214
-3.84974	 0.906113
-3.84641	 0.876843
-3.84308	 0.250547
-3.83974	 0.478629
-3.83641	 0.650562
-3.83308	 0.891218
-3.82974	 1.01648
-3.82641	 0.928793
-3.82308	 0.983875
-3.81975	 0.673183
-3.81641	 0.63534
-3.81308	 0.452605
-3.80975	 0.545971
-3.80641	 0.755105
-3.80308	 0.441095
-3.79975	 0.558072
-3.79641	 0.276636
-3.79308	 1.28321
-3.78975	 0.560117
-3.78641	 0.5635
-3.78308	 0.435173
-3.77975	 0.567459
-3.77641	 0.692998
-3.77308	 0.5233
-3.76975	 0.61934
-3.76642	 0.376501
-3.76308	 0.391003
-3.75975	 1.0605
-3.75642	 0.718124
-3.75308	 0.524081
-3.74975	 0.555971
-3.74642	 0.627302
-3.74308	 0.730174
-3.73975	 0.630834
-3.73642	 0.364578
-3.73308	 0.75448
-3.72975	 0.75602
-3.72642	 0.559543
-3.72309	 0.464456
-3.71975	 0.294729
-3.71642	 0.614233
-3.71309	 0.479496
-3.70975	 0.525668
-3.70642	 0.641577
-3.70309	 0.567177
-3.69975	 0.527711
-3.69642	 0.399286
-3.69309	 0.319218
-3.68975	 0.351311
-3.68642	 0.843531
-3.68309	 0.576582
-3.67975	 0.420822
-3.67642	 0.597558
-3.67309	 0.887736
-3.66976	 0.464514
-3.66642	 0.805617
-3.66309	 0.55704
-3.65976	 0.567489
-3.65642	 0.745103
-3.65309	 0.592213
-3.64976	 0.554727
-3.64642	 0.227728
-3.64309	 0.768686
-3.63976	 0.716952
-3.63642	 0.698258
-3.63309	 0.855648
-3.62976	 0.966051
-3.62642	 0.701143
-3.62309	 0.461773
-3.61976	 0.41995
-3.61643	 0.898521
-3.61309	 0.562455
-3.60976	 0.192955
-3.60643	 0.612673
-3.60309	 0.571703
-3.59976	 1.11236
-3.59643	 0.334985
-3.59309	 0.794325
-3.58976	 0.401133
-3.58643	 0.733481
-3.58309	 0.859228
-3.57976	 0.351654
-3.57643	 0.561952
-3.5731	 0.413873
-3.56976	 0.497765
-3.56643	 0.628822
-3.5631	 0.511451
-3.55976	 0.490537
-3.55643	 0.324188
-3.5531	 0.685992
-3.54976	 0.663471
-3.54643	 0.961771
-3.5431	 0.656051
-3.53976	 0.392143
-3.53643	 0.87677
-3.5331	 0.551621
-3.52976	 0.746897
-3.52643	 0.638124
-3.5231	 0.762032
-3.51977	 0.888142
-3.51643	 1.16542
-3.5131	 0.999473
-3.50977	 0.956186
-3.50643	 1.16286
-3.5031	 0.916671
-3.49977	 0.794862
-3.49643	 0.680946
-3.4931	 0.577486
-3.48977	 0.809634
-3.48643	 1.02852
-3.4831	 0.434541
-3.47977	 0.900944
-3.47643	 1.17371
-3.4731	 0.762705
-3.46977	 0.503083
-3.46644	 0.482535
-3.4631	 1.22776
-3.45977	 0.684445
-3.45644	 0.773993
-3.4531	 0.711519
-3.44977	 0.83182
-3.44644	 0.455075
-3.4431	 0.966104
-3.43977	 0.82598
-3.43644	 0.955849
-3.4331	 0.309586
-3.42977	 0.731817
-3.42644	 0.34551
-3.42311	 1.0782
-3.41977	 0.506894
-3.41644	 0.698455
-3.41311	 0.665478
-3.40977	 1.05692
-3.40644	 0.881742
-3.40311	 0.510696
-3.39977	 0.973402
-3.39644	 0.547411
-3.39311	 0.875248
-3.38977	 0.368224
-3.38644	 1.06249
-3.38311	 0.406593
-3.37977	 0.986474
-3.37644	 0.951316
-3.37311	 0.341651
-3.36978	 0.67247
-3.36644	 0.455873
-3.36311	 0.338117
-3.35978	 0.801008
-3.35644	 0.834328
-3.35311	 0.272977
-3.34978	 0.913531
-3.34644	 0.867805
-3.34311	 0.554033
-3.33978	 1.25488
-3.33644	 0.865933
-3.33311	 0.746106
-3.32978	 0.69322
-3.32644	 0.6132
-3.32311	 0.597948
-3.31978	 0.862355
-3.31645	 0.295639
-3.31311	 0.717561
-3.30978	 0.87818
-3.30645	 0.584195
-3.30311	 0.681311
-3.29978	 0.912575
-3.29645	 0.986048
-3.29311	 0.479337
-3.28978	 0.523127
-3.28645	 0.5825
-3.28311	 0.572749
-3.27978	 0.441094
-3.27645	 0.94399
-3.27312	 0.625979
-3.26978	 0.860922
-3.26645	 0.691678
-3.26312	 0.676325
-3.25978	 0.431101
-3.25645	 0.710178
-3.25312	 1.24873
-3.24978	 0.922796
-3.24645	 0.471587
-3.24312	 0.431257
-3.23978	 1.31526
-3.23645	 0.825687
-3.23312	 0.705476
-3.22978	 1.0717
-3.22645	 0.483499
-3.22312	 0.398112
-3.21979	 0.722284
-3.21645	 0.783973
-3.21312	 1.07079
-3.20979	 1.04457
-3.20645	 0.96086
-3.20312	 0.9917
-3.19979	 0.801632
-3.19645	 1.0312
-3.19312	 0.628771
-3.18979	 0.48711
-3.18645	 0.83485
-3.18312	 0.875245
-3.17979	 0.539601
-3.17645	 1.17521
-3.17312	 0.872481
-3.16979	 0.942565
-3.16646	 0.998678
-3.16312	 0.664725
-3.15979	 0.467654
-3.15646	 0.770828
-3.15312	 0.350893
-3.14979	 0.53702
-3.14646	 0.936533
-3.14312	 0.615187
-3.13979	 0.719579
-3.13646	 0.477283
-3.13312	 0.607321
-3.12979	 0.626487
-3.12646	 0.940273
-3.12313	 1.07274
-3.11979	 0.825155
-3.11646	 0.811454
-3.11313	 0.865011
-3.10979	 0.868646
-3.10646	 1.24451
-3.10313	 0.349392
-3.09979	 0.835802
-3.09646	 0.572966
-3.09313	 0.7994
-3.08979	 0.563627
-3.08646	 0.798411
-3.08313	 0.909509
-3.07979	 0.363664
-3.07646	 0.466748
-3.07313	 0.624242
-3.0698	 0.556487
-3.06646	 1.42384
-3.06313	 0.495674
-3.0598	 0.395329
-3.05646	 0.74751
-3.05313	 0.871646
-3.0498	 0.949522
-3.04646	 0.753318
-3.04313	 0.552504
-3.0398	 0.835824
-3.03646	 0.75384
-3.03313	 0.771494
-3.0298	 0.71604
-3.02646	 0.550876
-3.02313	 0.871341
-3.0198	 0.646741
-3.01647	 0.50687
-3.01313	 0.448886
-3.0098	 0.597997
-3.00647	 1.02725
-3.00313	 0.580935
-2.9998	 0.650049
-2.99647	 0.439783
-2.99313	 0.540785
-2.9898	 0.763842
-2.98647	 0.762253
-2.98313	 0.744104
-2.9798	 1.18352
-2.97647	 1.04196
-2.97314	 0.821697
-2.9698	 1.03913
-2.96647	 1.0448
-2.96314	 0.864686
-2.9598	 0.623269
-2.95647	 0.805284
-2.95314	 1.15805
-2.9498	 0.969916
-2.94647	 1.17423
-2.94314	 0.809867
-2.9398	 0.701485
-2.93647	 1.07742
-2.93314	 0.651779
-2.9298	 0.852604
-2.92647	 0.762755
-2.92314	 0.683115
-2.91981	 0.804312
-2.91647	 0.463473
-2.91314	 0.45678
-2.90981	 0.759898
-2.90647	 0.380776
-2.90314	 0.574342
-2.89981	 0.635652
-2.89647	 0.740358
-2.89314	 0.474833
-2.88981	 0.488029
-2.88647	 0.448932
-2.88314	 0.956493
-2.87981	 0.71351
-2.87647	 0.771052
-2.87314	 0.796467
-2.86981	 0.495411
-2.86648	 0.34023
-2.86314	 0.459608
-2.85981	 0.826192
-2.85648	 0.304481
-2.85314	 0.932753
-2.84981	 0.828649
-2.84648	 0.557202
-2.84314	 0.643355
-2.83981	 0.95222
-2.83648	 0.600546
-2.83314	 0.493522
-2.82981	 0.307942
-2.82648	 0.649102
-2.82315	 0.67913
-2.81981	 0.774489
-2.81648	 0.677529
-2.81315	 0.850015
-2.80981	 0.53664
-2.80648	 0.703411
-2.80315	 0.695481
-2.79981	 0.308516
-2.79648	 0.540071
-2.79315	 0.523004
-2.78981	 0.682994
-2.78648	 0.701683
-2.78315	 0.439239
-2.77981	 0.379818
-2.77648	 0.88276
-2.77315	 0.701854
-2.76982	 0.954137
-2.76648	 0.605144
-2.76315	 1.35082
-2.75982	 0.536364
-2.75648	 0.977286
-2.75315	 0.707409
-2.74982	 1.03361
-2.74648	 0.38834
-2.74315	 0.607786
-2.73982	 0.944867
-2.73648	 0.717355
-2.73315	 0.625601
-2.72982	 0.536094
-2.72648	 0.776775
-2.72315	 0.7492
-2.71982	 0.527614
-2.71649	 0.831156
-2.71315	 0.148904
-2.70982	 0.777856
-2.70649	 0.605775
-2.70315	 0.558897
-2.69982	 1.13297
-2.69649	 0.884816
-2.69315	 0.461907
-2.68982	 0.690324
-2.68649	 0.460834
-2.68315	 0.576034
-2.67982	 0.418009
-2.67649	 0.854412
-2.67316	 0.481276
-2.66982	 0.540643
-2.66649	 0.419001
-2.66316	 0.763462
-2.65982	 0.487548
-2.65649	 0.782813
-2.65316	 0.382323
-2.64982	 0.427958
-2.64649	 1.08025
-2.64316	 0.895902
-2.63982	 0.215775
-2.63649	 0.979393
-2.63316	 0.714147
-2.62982	 0.580263
-2.62649	 0.351712
-2.62316	 0.598245
-2.61983	 0.40243
-2.61649	 0.902661
-2.61316	 0.657326
-2.60983	 0.573453
-2.60649	 0.414033
-2.60316	 0.492775
-2.59983	 0.731634
-2.59649	 0.723827
-2.59316	 0.657268
-2.58983	 0.699061
-2.58649	 0.534874
-2.58316	 0.873662
-2.57983	 1.12297
-2.57649	 0.448047
-2.57316	 0.929458
-2.56983	 0.765899
-2.5665	 0.79941
-2.56316	 0.729078
-2.55983	 1.2181
-2.5565	 0.569327
-2.55316	 1.03406
-2.54983	 0.876276
-2.5465	 0.94188
-2.54316	 0.526643
-2.53983	 0.590576
-2.5365	 0.694993
-2.53316	 0.445953
-2.52983	 0.892594
-2.5265	 0.604048
-2.52317	 0.754699
-2.51983	 0.972991
-2.5165	 0.762033
-2.51317	 0.750655
-2.50983	 0.396892
-2.5065	 0.859448
-2.50317	 0.657414
-2.49983	 0.900448
-2.4965	 0.634753
-2.49317	 0.967225
-2.48983	 0.730847
-2.4865	 0.863035
-2.48317	 0.605684
-2.47983	 0.923433
-2.4765	 0.76116
-2.47317	 0.939625
-2.46984	 0.710968
-2.4665	 0.393061
-2.46317	 0.677684
-2.45984	 0.972708
-2.4565	 0.770403
-2.45317	 0.709159
-2.44984	 0.383104
-2.4465	 0.751959
-2.44317	 0.736118
-2.43984	 0.821532
-2.4365	 0.744874
-2.43317	 0.78827
-2.42984	 0.664271
-2.4265	 0.313552
-2.42317	 0.820976
-2.41984	 0.792182
-2.41651	 0.748026
-2.41317	 0.945432
-2.40984	 0.723511
-2.40651	 0.642813
-2.40317	 0.688847
-2.39984	 0.683036
-2.39651	 0.486517
-2.39317	 0.591947
-2.38984	 0.634475
-2.38651	 0.454216
-2.38317	 0.51852
-2.37984	 0.489545
-2.37651	 0.664694
-2.37318	 0.33575
-2.36984	 0.518484
-2.36651	 0.486474
-2.36318	 0.735163
-2.35984	 0.731651
-2.35651	 0.355536
-2.35318	 0.714804
-2.34984	 0.882936
-2.34651	 1.40647
-2.34318	 0.461235
-2.33984	 0.481484
-2.33651	 0.44142
-2.33318	 1.063
-2.32984	 0.941547
-2.32651	 0.553132
-2.32318	 1.01674
-2.31985	 0.742031
-2.31651	 0.581404
-2.31318	 0.725451
-2.30985	 0.708385
-2.30651	 0.970621
-2.30318	 0.394585
-2.29985	 0.517332
-2.29651	 0.492431
-2.29318	 0.76791
-2.28985	 1.01174
-2.28651	 0.541117
-2.28318	 0.847145
-2.27985	 1.06184
-2.27651	 0.679171
-2.27318	 0.644214
-2.26985	 0.666723
-2.26652	 0.534984
-2.26318	 0.521907
-2.25985	 0.614155
-2.25652	 0.836522
-2.25318	 0.627685
-2.24985	 0.385206
-2.24652	 0.490554
-2.24318	 0.592737
-2.23985	 0.366576
-2.23652	 0.767159
-2.23318	 0.594551
-2.22985	 0.628984
-2.22652	 0.492016
-2.22319	 0.698274
-2.21985	 0.711227
-2.21652	 0.831055
-2.21319	 0.265397
-2.20985	 0.536793
-2.20652	 0.987928
-2.20319	 0.570268
-2.19985	 0.335916
-2.19652	 0.918106
-2.19319	 0.721043
-2.18985	 0.637732
-2.18652	 0.791011
-2.18319	 0.386826
-2.17985	 1.11358
-2.17652	 0.627263
-2.17319	 0.935745
-2.16986	 0.806658
-2.16652	 0.712639
-2.16319	 0.702089
-2.15986	 0.675847
-2.15652	 0.82774
-2.15319	 0.434632
-2.14986	 0.942434
-2.14652	 0.762001
-2.14319	 0.53671
-2.13986	 0.562481
-2.13652	 0.579642
-2.13319	 0.802503
-2.12986	 0.654283
-2.12652	 1.00836
-2.12319	 0.633181
-2.11986	 0.542854
-2.11653	 0.867792
-2.11319	 1.3652
-2.10986	 0.685569
-2.10653	 0.851973
-2.10319	 1.00779
-2.09986	 0.740303
-2.09653	 0.82763
-2.09319	 0.636298
-2.08986	 0.420209
-2.08653	 0.644868
-2.08319	 0.601519
-2.07986	 1.03723
-2.07653	 0.883589
-2.0732	 0.483541
-2.06986	 0.765847
-2.06653	 0.530809
-2.0632	 0.645273
-2.05986	 0.782422
-2.05653	 0.454196
-2.0532	 0.735757
-2.04986	 0.637328
-2.04653	 0.480047
-2.0432	 0.692702
-2.03986	 0.574758
-2.03653	 0.599535
-2.0332	 1.48076
-2.02986	 0.651153
-2.02653	 0.352287
-2.0232	 0.787231
-2.01987	 0.972267
-2.01653	 0.560079
-2.0132	 0.763431
-2.00987	 0.94699
-2.00653	 0.953554
-2.0032	 0.596479
-1.99987	 0.827921
-1.99653	 0.320118
-1.9932	 0.507797
-1.98987	 0.654619
-1.98653	 0.605771
-1.9832	 0.89167
-1.97987	 0.749445
-1.97653	 1.02668
-1.9732	 0.463598
-1.96987	 0.781699
-1.96654	 0.504428
-1.9632	 0.572989
-1.95987	 0.744419
-1.95654	 1.04245
-1.9532	 0.698748
-1.94987	 0.963112
-1.94654	 0.645369
-1.9432	 0.494361
-1.93987	 0.792976
-1.93654	 0.353864
-1.9332	 0.840613
-1.92987	 0.529777
-1.92654	 0.419973
-1.92321	 1.11591
-1.91987	 0.470465
-1.91654	 0.666353
-1.91321	 0.594584
-1.90987	 0.525883
-1.90654	 0.585959
-1.90321	 0.738983
-1.89987	 0.591778
-1.89654	 0.81992
-1.89321	 0.936188
-1.88987	 0.606666
-1.88654	 0.481933
-1.88321	 0.325774
-1.87987	 0.905093
-1.87654	 0.74303
-1.87321	 0.545431
-1.86988	 0.74695
-1.86654	 1.00417
-1.86321	 0.634086
-1.85988	 0.519416
-1.85654	 0.902773
-1.85321	 0.684208
-1.84988	 0.702183
-1.84654	 1.35055
-1.84321	 0.706102
-1.83988	 0.871681
-1.83654	 0.810682
-1.83321	 0.803583
-1.82988	 0.402761
-1.82654	 0.603821
-1.82321	 0.906436
-1.81988	 0.766916
-1.81655	 0.507131
-1.81321	 0.298453
-1.80988	 0.311179
-1.80655	 0.683258
-1.80321	 0.768791
-1.79988	 0.549466
-1.79655	 0.417365
-1.79321	 0.892876
-1.78988	 0.633068
-1.78655	 0.48991
-1.78321	 0.8987
-1.77988	 0.653269
-1.77655	 1.12104
-1.77322	 0.55526
-1.76988	 0.727126
-1.76655	 0.920263
-1.76322	 0.548652
-1.75988	 1.09306
-1.75655	 0.991343
-1.75322	 1.03985
-1.74988	 0.60785
-1.74655	 0.877156
-1.74322	 0.980586
-1.73988	 0.90022
-1.73655	 0.471835
-1.73322	 0.573474
-1.72988	 1.11604
-1.72655	 0.461257
-1.72322	 0.561467
-1.71989	 0.503018
-1.71655	 0.701944
-1.71322	 0.646558
-1.70989	 0.696385
-1.70655	 1.05427
-1.70322	 0.767084
-1.69989	 0.852422
-1.69655	 0.459554
-1.69322	 0.601351
-1.68989	 0.865673
-1.68655	 0.709033
-1.68322	 0.599256
-1.67989	 0.625618
-1.67655	 0.757975
-1.67322	 0.824695
-1.66989	 0.917702
-1.66656	 0.873405
-1.66322	 0.709343
-1.65989	 0.656777
-1.65656	 0.826664
-1.65322	 0.687664
-1.64989	 0.416935
-1.64656	 0.882649
-1.64322	 0.515853
-1.63989	 0.872651
-1.63656	 0.753422
-1.63322	 0.759508
-1.62989	 1.02559
-1.62656	 0.599485
-1.62323	 0.267698
-1.61989	 0.499614
-1.61656	 0.522706
-1.61323	 0.823674
-1.60989	 1.03429
-1.60656	 1.06767
-1.60323	 0.47443
-1.59989	 0.891266
-1.59656	 0.439535
-1.59323	 0.604028
-1.58989	 0.767886
-1.58656	 0.751224
-1.58323	 0.884717
-1.57989	 0.657889
-1.57656	 1.08787
-1.57323	 0.971992
-1.5699	 0.72543
-1.56656	 1.01574
-1.56323	 0.437859
-1.5599	 0.746414
-1.55656	 0.644039
-1.55323	 0.473387
-1.5499	 0.491261
-1.54656	 0.496239
-1.54323	 0.922591
-1.5399	 0.721241
-1.53656	 0.560638
-1.53323	 0.764824
-1.5299	 0.597103
-1.52656	 0.851152
-1.52323	 0.512663
-1.5199	 0.826651
-1.51657	 0.574256
-1.51323	 0.45436
-1.5099	 0.90728
-1.50657	 0.783527
-1.50323	 0.868825
-1.4999	 0.417515
-1.49657	 0.640544
-1.49323	 0.916876
-1.4899	 0.467434
-1.48657	 0.635932
-1.48323	 0.879625
-1.4799	 0.577331
-1.47657	 0.345645
-1.47324	 0.575465
-1.4699	 0.616807
-1.46657	 0.423981
-1.46324	 0.746348
-1.4599	 1.07626
-1.45657	 0.178137
-1.45324	 0.943856
-1.4499	 1.11202
-1.44657	 0.498369
-1.44324	 0.296505
-1.4399	 0.551804
-1.43657	 0.571369
-1.43324	 0.598022
-1.4299	 0.635764
-1.42657	 0.79384
-1.42324	 1.19349
-1.41991	 0.81897
-1.41657	 0.572265
-1.41324	 0.658969
-1.40991	 0.963992
-1.40657	 0.762515
-1.40324	 0.578168
-1.39991	 0.648076
-1.39657	 0.788938
-1.39324	 0.564342
-1.38991	 1.02517
-1.38657	 0.308395
-1.38324	 0.847287
-1.37991	 0.668942
-1.37657	 0.664558
-1.37324	 0.534929
-1.36991	 0.775722
-1.36658	 0.467573
-1.36324	 1.13629
-1.35991	 0.769451
-1.35658	 0.90736
-1.35324	 0.700086
-1.34991	 0.492044
-1.34658	 0.633135
-1.34324	 1.07568
-1.33991	 1.18885
-1.33658	 0.815594
-1.33324	 0.497034
-1.32991	 0.754592
-1.32658	 0.753421
-1.32325	 0.591311
-1.31991	 0.866797
-1.31658	 1.29027
-1.31325	 0.367693
-1.30991	 1.02032
-1.30658	 0.49945
-1.30325	 0.613766
-1.29991	 0.664343
-1.29658	 0.583266
-1.29325	 0.792814
-1.28991	 0.809083
-1.28658	 0.705294
-1.28325	 0.790021
-1.27991	 1.03572
-1.27658	 0.587442
-1.27325	 0.495304
-1.26992	 0.774169
-1.26658	 1.09642
-1.26325	 0.440207
-1.25992	 0.706831
-1.25658	 0.662448
-1.25325	 0.492747
-1.24992	 0.95862
-1.24658	 0.589
-1.24325	 0.793077
-1.23992	 0.932698
-1.23658	 0.961639
-1.23325	 0.51634
-1.22992	 0.515213
-1.22658	 0.750876
-1.22325	 1.39909
-1.21992	 0.744918
-1.21659	 0.643868
-1.21325	 0.560766
-1.20992	 0.684034
-1.20659	 0.632083
-1.20325	 0.721675
-1.19992	 0.796319
-1.19659	 0.427244
-1.19325	 0.305862
-1.18992	 0.528673
-1.18659	 0.907257
-1.18325	 1.00674
-1.17992	 0.511189
-1.17659	 0.935601
-1.17326	 0.906889
-1.16992	 0.413693
-1.16659	 0.673367
-1.16326	 0.705196
-1.15992	 0.601518
-1.15659	 0.788864
-1.15326	 0.434582
-1.14992	 0.946323
-1.14659	 0.579688
-1.14326	 0.367955
-1.13992	 0.596367
-1.13659	 0.950707
-1.13326	 0.870625
-1.12992	 0.977673
-1.12659	 1.23775
-1.12326	 0.930466
-1.11993	 0.575974
-1.11659	 0.439329
-1.11326	 0.787525
-1.10993	 0.65403
-1.10659	 1.30623
-1.10326	 0.36349
-1.09993	 0.628823
-1.09659	 0.836092
-1.09326	 0.60204
-1.08993	 0.589241
-1.08659	 1.18194
-1.08326	 1.1956
-1.07993	 0.522711
-1.07659	 0.46987
-1.07326	 0.409185
-1.06993	 0.617246
-1.0666	 0.571695
-1.06326	 0.517943
-1.05993	 0.873826
-1.0566	 0.93455
-1.05326	 0.528854
-1.04993	 0.646809
-1.0466	 0.792004
-1.04326	 0.685723
-1.03993	 0.275913
-1.0366	 1.09401
-1.03326	 0.659236
-1.02993	 0.840421
-1.0266	 0.387365
-1.02327	 0.651508
-1.01993	 0.713357
-1.0166	 0.422125
-1.01327	 0.804973
-1.00993	 0.498726
-1.0066	 0.528731
-1.00327	 0.534396
-0.999933	 1.13208
-0.9966	 0.555365
-0.993267	 0.809487
-0.989934	 0.437097
-0.986601	 1.15751
-0.983268	 0.499912
-0.979935	 0.515695
-0.976602	 1.17978
-0.973268	 0.550016
-0.969935	 0.915555
-0.966602	 0.592545
-0.963269	 0.826754
-0.959936	 0.702673
-0.956603	 0.429138
-0.95327	 1.086
-0.949937	 0.869347
-0.946604	 0.793081
-0.94327	 0.662155
-0.939937	 0.692057
-0.936604	 1.0723
-0.933271	 0.783745
-0.929938	 0.402414
-0.926605	 0.916898
-0.923272	 0.695754
-0.919939	 1.18517
-0.916606	 0.634169
-0.913272	 0.821858
-0.909939	 0.755493
-0.906606	 1.09421
-0.903273	 0.60703
-0.89994	 0.29831
-0.896607	 0.846001
-0.893274	 0.671569
-0.889941	 0.642026
-0.886608	 0.427966
-0.883274	 0.808702
-0.879941	 0.784357
-0.876608	 0.597114
-0.873275	 0.402574
-0.869942	 0.675143
-0.866609	 0.84797
-0.863276	 0.622033
-0.859943	 1.05748
-0.85661	 0.59155
-0.853276	 0.531341
-0.849943	 0.691287
-0.84661	 0.80246
-0.843277	 0.674555
-0.839944	 0.451828
-0.836611	 0.873537
-0.833278	 0.740258
-0.829945	 1.47671
-0.826612	 0.722677
-0.823278	 0.619683
-0.819945	 1.06841
-0.816612	 0.868294
-0.813279	 1.11158
-0.809946	 0.43251
-0.806613	 0.597456
-0.80328	 0.935555
-0.799947	 0.452784
-0.796614	 0.984769
-0.79328	 0.593755
-0.789947	 0.968442
-0.786614	 0.84389
-0.783281	 0.635252
-0.779948	 0.914034
-0.776615	 0.790543
-0.773282	 0.387214
-0.769949	 0.773371
-0.766616	 0.905121
-0.763282	 0.601363
-0.759949	 1.1083
-0.756616	 0.960824
-0.753283	 1.01328
-0.74995	 0.525489
-0.746617	 0.648898
-0.743284	 0.527831
-0.739951	 0.613709
-0.736618	 0.590176
-0.733284	 0.763263
-0.729951	 0.789795
-0.726618	 0.81416
-0.723285	 1.0593
-0.719952	 0.894207
-0.716619	 0.463752
-0.713286	 0.436896
-0.709953	 0.644245
-0.70662	 0.642575
-0.703286	 0.68082
-0.699953	 0.725182
-0.69662	 0.762434
-0.693287	 0.41751
-0.689954	 0.414651
-0.686621	 0.588036
-0.683288	 0.578697
-0.679955	 0.753647
-0.676622	 0.746811
-0.673288	 1.00181
-0.669955	 0.507344
-0.666622	 0.910328
-0.663289	 1.08279
-0.659956	 0.75704
-0.656623	 0.334458
-0.65329	 0.888983
-0.649957	 0.974657
-0.646624	 0.830151
-0.64329	 1.20705
-0.639957	 0.662421
-0.636624	 1.34644
-0.633291	 0.346996
-0.629958	 0.811394
-0.626625	 0.674696
-0.623292	 0.940187
-0.619959	 0.852289
-0.616626	 0.556213
-0.613292	 0.864223
-0.609959	 0.881487
-0.606626	 1.22046
-0.603293	 1.05954
-0.59996	 0.572419
-0.596627	 0.709046
-0.593294	 0.869722
-0.589961	 0.473121
-0.586628	 0.848139
-0.583294	 0.919963
-0.579961	 0.414888
-0.576628	 0.856971
-0.573295	 0.557237
-0.569962	 0.510438
-0.566629	 1.01336
-0.563296	 1.08163
-0.559963	 0.446444
-0.55663	 0.82186
-0.553296	 0.93449
-0.549963	 0.897725
-0.54663	 1.14596
-0.543297	 0.753781
-0.539964	 0.477855
-0.536631	 0.558213
-0.533298	 0.85799
-0.529965	 0.50476
-0.526632	 0.807044
-0.523298	 0.548137
-0.519965	 0.663412
-0.516632	 0.509096
-0.513299	 0.650556
-0.509966	 0.254577
-0.506633	 0.593744
-0.5033	 0.539578
-0.499967	 0.252618
-0.496634	 0.866872
-0.4933	 1.00998
-0.489967	 0.605374
-0.486634	 1.06674
-0.483301	 0.746828
-0.479968	 0.564211
-0.476635	 0.741989
-0.473302	 0.385114
-0.469969	 0.764018
-0.466636	 0.412472
-0.463302	 0.579388
-0.459969	 0.894964
-0.456636	 0.572575
-0.453303	 0.902706
-0.44997	 0.450878
-0.446637	 0.987759
-0.443304	 0.894358
-0.439971	 1.13327
-0.436638	 1.09886
-0.433304	 0.878866
-0.429971	 1.03033
-0.426638	 1.02772
-0.423305	 0.670274
-0.419972	 0.74392
-0.416639	 0.652248
-0.413306	 0.83219
-0.409973	 0.573778
-0.40664	 0.585697
-0.403306	 0.479062
-0.399973	 0.662393
-0.39664	 0.856176
-0.393307	 1.31037
-0.389974	 0.563
-0.386641	 0.561012
-0.383308	 0.642514
-0.379975	 0.945246
-0.376642	 0.814087
-0.373308	 0.621108
-0.369975	 0.591309
-0.366642	 0.699556
-0.363309	 0.396504
-0.359976	 0.804589
-0.356643	 0.7716
-0.35331	 0.683533
-0.349977	 0.494824
-0.346644	 0.476707
-0.34331	 0.750079
-0.339977	 0.47873
-0.336644	 0.672109
-0.333311	 0.581799
-0.329978	 0.640073
-0.326645	 0.328127
-0.323312	 0.250801
-0.319979	 0.503866
-0.316646	 0.70353
-0.313312	 0.658958
-0.309979	 0.706017
-0.306646	 0.625405
-0.303313	 0.744425
-0.29998	 0.618782
-0.296647	 0.865957
-0.293314	 0.361355
-0.289981	 0.844481
-0.286648	 0.630716
-0.283314	 0.788341
-0.279981	 0.855738
-0.276648	 0.415954
-0.273315	 0.768121
-0.269982	 0.684952
-0.266649	 0.272957
-0.263316	 0.849963
-0.259983	 0.793248
-0.25665	 1.05699
-0.253316	 0.919051
-0.249983	 0.806885
-0.24665	 0.754582
-0.243317	 1.01049
-0.239984	 0.752952
-0.236651	 0.775741
-0.233318	 0.483507
-0.229985	 0.585266
-0.226652	 0.508027
-0.223318	 0.873289
-0.219985	 0.569045
-0.216652	 0.561424
-0.213319	 0.829204
-0.209986	 0.801761
-0.206653	 0.919561
-0.20332	 0.627039
-0.199987	 0.84966
-0.196654	 0.658759
-0.19332	 0.482374
-0.189987	 1.10707
-0.186654	 0.497074
-0.183321	 0.596358
-0.179988	 0.835634
-0.176655	 0.660115
-0.173322	 0.937375
-0.169989	 1.14838
-0.166656	 1.01306
-0.163322	 1.14658
-0.159989	 1.00581
-0.156656	 1.03929
-0.153323	 0.577931
-0.14999	 0.485233
-0.146657	 0.394903
-0.143324	 0.863509
-0.139991	 0.916814
-0.136658	 0.488655
-0.133324	 0.988764
-0.129991	 0.720064
-0.126658	 0.827525
-0.123325	 0.691871
-0.119992	 0.659114
-0.116659	 0.552627
-0.113326	 0.452384
-0.109993	 0.316145
-0.10666	 0.752557
-0.103326	 0.984565
-0.0999933	 0.626887
-0.0966602	 0.804561
-0.0933271	 0.636322
-0.089994	 0.640842
-0.0866609	 0.603528
-0.0833278	 0.503126
-0.0799947	 1.00146
-0.0766616	 0.55841
-0.0733284	 0.433192
-0.0699953	 0.864622
-0.0666622	 0.918478
-0.0633291	 0.901547
-0.059996	 0.505824
-0.0566629	 0.472517
-0.0533298	 0.817506
-0.0499967	 0.824958
-0.0466636	 1.26511
-0.0433304	 0.814879
-0.0399973	 0.751546
-0.0366642	 0.59267
-0.0333311	 0.835749
-0.029998	 1.01695
-0.0266649	 0.271351
-0.0233318	 0.765229
-0.0199987	 1.08484
-0.0166656	 0.567763
-0.0133324	 0.933131
-0.00999933	 0.829126
-0.00666622	 0.778706
-0.00333311	 0.11072
0	 1
0.00333311	 0.996547
0.00666622	 1.23245
0.00999933	 0.595696
0.0133324	 0.947053
0.0166656	 0.508686
0.0199987	 0.603589
0.0233318	 0.488623
0.0266649	 0.820533
0.029998	 0.736302
0.0333311	 0.834565
0.0366642	 1.05437
0.0399973	 0.980499
0.0433304	 0.436911
0.0466636	 0.727159
0.0499967	 0.521976
0.0533298	 0.351184
0.0566629	 0.779563
0.059996	 0.817548
0.0633291	 0.508157
0.0666622	 0.419006
0.0699953	 0.92212
0.0733284	 0.679767
0.0766616	 0.700221
0.0799947	 1.04554
0.0833278	 1.07198
0.0866609	 0.315069
0.089994	 0.878862
0.0933271	 0.665091
0.0966602	 0.58853
0.0999933	 0.675897
0.103326	 0.645601
0.10666	 0.871529
0.109993	 0.893887
0.113326	 0.770737
0.116659	 0.998612
0.119992	 0.376912
0.123325	 0.592441
0.126658	 0.841361
0.129991	 0.74394
0.133324	 0.567648
0.136658	 1.08478
0.139991	 0.78508
0.143324	 0.459142
0.146657	 0.487047
0.14999	 0.920875
0.153323	 0.194064
0.156656	 0.935513
0.159989	 0.960634
0.163322	 1.18722
0.166656	 0.900873
0.169989	 0.463379
0.173322	 0.829071
0.176655	 1.14672
0.179988	 0.825149
0.183321	 0.490421
0.186654	 0.770944
0.189987	 0.408687
0.19332	 0.820377
0.196654	 0.670701
0.199987	 0.768534
0.20332	 0.568637
0.206653	 0.673846
0.209986	 0.521056
0.213319	 0.34947
0.216652	 1.10503
0.219985	 0.938369
0.223318	 0.713079
0.226652	 0.477676
0.229985	 1.08114
0.233318	 0.484355
0.236651	 0.862769
0.239984	 0.717256
0.243317	 0.634645
0.24665	 0.644913
0.249983	 0.452345
0.253316	 0.518859
0.25665	 0.963501
0.259983	 0.565795
0.263316	 0.63744
0.266649	 0.635176
0.269982	 0.888718
0.273315	 0.493614
0.276648	 0.853604
0.279981	 0.485506
0.283314	 0.535101
0.286648	 1.10347
0.289981	 0.335899
0.293314	 0.412441
0.296647	 0.419516
0.29998	 0.777711
0.303313	 0.448863
0.306646	 0.489119
0.309979	 1.12098
0.313312	 0.711278
0.316646	 0.802791
0.319979	 0.557093
0.323312	 0.740599
0.326645	 0.600067
0.329978	 0.598709
0.333311	 0.694819
0.336644	 0.381091
0.339977	 0.600053
0.34331	 0.678356
0.346644	 0.238877
0.349977	 0.634785
0.35331	 0.530379
0.356643	 0.683388
0.359976	 0.608858
0.363309	 1.51195
0.366642	 0.802945
0.369975	 0.642547
0.373308	 0.440295
0.376642	 0.583833
0.379975	 0.750415
0.383308	 0.672005
0.386641	 0.834014
0.389974	 0.686804
0.393307	 0.599896
0.39664	 0.897515
0.399973	 0.776098
0.403306	 0.615006
0.40664	 0.649729
0.409973	 0.790638
0.413306	 1.23992
0.416639	 0.503858
0.419972	 0.600837
0.423305	 0.902557
0.426638	 0.597824
0.429971	 1.16312
0.433304	 0.862173
0.436638	 0.72437
0.439971	 0.981881
0.443304	 0.640283
0.446637	 1.1198
0.44997	 0.666438
0.453303	 0.868174
0.456636	 0.967429
0.459969	 0.677061
0.463302	 0.757146
0.466636	 0.635077
0.469969	 0.631348
0.473302	 0.542554
0.476635	 1.03625
0.479968	 0.637417
0.483301	 0.579692
0.486634	 0.978278
0.489967	 1.00211
0.4933	 1.10862
0.496634	 0.615571
0.499967	 0.736072
0.5033	 0.624365
0.506633	 0.761407
0.509966	 1.25108
0.513299	 0.434044
0.516632	 0.42289
0.519965	 1.24081
0.523298	 0.723041
0.526632	 1.41813
0.529965	 0.590614
0.533298	 1.00572
0.536631	 0.738011
0.539964	 0.937308
0.543297	 1.28374
0.54663	 0.84515
0.549963	 0.406352
0.553296	 1.07463
0.55663	 0.683919
0.559963	 0.985812
0.563296	 0.230463
0.566629	 0.619556
0.569962	 0.394707
0.573295	 1.20442
0.576628	 0.769964
0.579961	 0.478366
0.583294	 0.301913
0.586628	 0.614087
0.589961	 0.696524
0.593294	 0.717488
0.596627	 0.463422
0.59996	 0.79453
0.603293	 0.430893
0.606626	 0.706744
0.609959	 0.321565
0.613292	 0.866172
0.616626	 0.343591
0.619959	 0.918066
0.623292	 0.26904
0.626625	 0.721898
0.629958	 0.536561
0.633291	 0.863227
0.636624	 0.455139
0.639957	 0.860513
0.64329	 0.679227
0.646624	 0.665172
0.649957	 0.590684
0.65329	 0.609639
0.656623	 0.678611
0.659956	 0.655364
0.663289	 0.377762
0.666622	 0.641066
0.669955	 0.49204
0.673288	 0.474331
0.676622	 0.610492
0.679955	 1.15692
0.683288	 0.380103
0.686621	 0.885471
0.689954	 1.11739
0.693287	 0.646004
0.69662	 0.52146
0.699953	 0.404905
0.703286	 0.779222
0.70662	 1.02864
0.709953	 0.422285
0.713286	 0.903313
0.716619	 0.379768
0.719952	 0.317547
0.723285	 0.617626
0.726618	 1.10478
0.729951	 0.496689
0.733284	 0.898453
0.736618	 0.644642
0.739951	 0.864675
0.743284	 0.515169
0.746617	 0.839429
0.74995	 0.394982
0.753283	 0.483305
0.756616	 0.614196
0.759949	 0.979631
0.763282	 0.531874
0.766616	 0.692873
0.769949	 0.714575
0.773282	 1.06639
0.776615	 0.365962
0.779948	 0.310922
0.783281	 0.725662
0.786614	 0.465172
0.789947	 0.247188
0.79328	 0.590829
0.796614	 0.53771
0.799947	 0.644375
0.80328	 1.02959
0.806613	 0.718333
0.809946	 0.367595
0.813279	 0.895762
0.816612	 0.795071
0.819945	 0.71672
0.823278	 1.05811
0.826612	 0.575194
0.829945	 0.631124
0.833278	 0.44138
0.836611	 0.712486
0.839944	 0.561241
0.843277	 0.423131
0.84661	 0.997125
0.849943	 0.571131
0.853276	 0.692647
0.85661	 0.28749
0.859943	 0.78809
0.863276	 0.488451
0.866609	 0.941035
0.869942	 0.518966
0.873275	 0.557293
0.876608	 0.7274
0.879941	 0.640776
0.883274	 0.462724
0.886608	 0.681988
0.889941	 0.672769
0.893274	 0.552895
0.896607	 0.895094
0.89994	 0.707446
0.903273	 0.922691
0.906606	 0.887039
0.909939	 0.846327
0.913272	 0.579595
0.916606	 0.965708
0.919939	 0.870544
0.923272	 0.726245
0.926605	 0.787211
0.929938	 0.403792
0.933271	 0.932877
0.936604	 1.01269
0.939937	 1.02821
0.94327	 0.47692
0.946604	 0.465521
0.949937	 0.871691
0.95327	 0.757571
0.956603	 0.668838
0.959936	 0.602924
0.963269	 1.1901
0.966602	 0.388139
0.969935	 0.827233
0.973268	 0.996834
0.976602	 0.734106
0.979935	 0.575863
0.983268	 0.719191
0.986601	 0.535415
0.989934	 0.534191
0.993267	 0.384395
0.9966	 0.334288
0.999933	 0.418385
1.00327	 1.31916
1.0066	 0.958206
1.00993	 0.575401
1.01327	 0.597012
1.0166	 0.668748
1.01993	 0.640297
1.02327	 0.982714
1.0266	 0.793993
1.02993	 0.275013
1.03326	 0.962385
1.0366	 0.824988
1.03993	 0.756912
1.04326	 1.6635
1.0466	 0.601274
1.04993	 0.883164
1.05326	 0.439287
1.0566	 0.797424
1.05993	 0.901615
1.06326	 0.532918
1.0666	 1.31138
1.06993	 0.409189
1.07326	 0.693357
1.07659	 0.441589
1.07993	 1.20024
1.08326	 1.45145
1.08659	 0.542847
1.08993	 1.19065
1.09326	 0.567283
1.09659	 0.672503
1.09993	 0.816021
1.10326	 0.622835
1.10659	 0.580135
1.10993	 1.33387
1.11326	 0.785119
1.11659	 0.537327
1.11993	 0.162787
1.12326	 0.966728
1.12659	 0.968126
1.12992	 0.742308
1.13326	 0.661358
1.13659	 0.990381
1.13992	 0.557482
1.14326	 0.3589
1.14659	 0.950788
1.14992	 0.393238
1.15326	 0.931728
1.15659	 0.420907
1.15992	 0.735365
1.16326	 0.776751
1.16659	 0.927403
1.16992	 0.597282
1.17326	 0.756084
1.17659	 1.14406
1.17992	 0.556213
1.18325	 0.619295
1.18659	 0.460637
1.18992	 1.00745
1.19325	 0.870294
1.19659	 0.597645
1.19992	 0.726599
1.20325	 0.862746
1.20659	 0.413736
1.20992	 0.666573
1.21325	 0.624241
1.21659	 0.449253
1.21992	 0.672508
1.22325	 0.325216
1.22658	 1.05467
1.22992	 0.666233
1.23325	 1.13962
1.23658	 0.730406
1.23992	 0.741005
1.24325	 0.529289
1.24658	 0.692266
1.24992	 0.659765
1.25325	 0.895314
1.25658	 0.271117
1.25992	 0.507126
1.26325	 0.442848
1.26658	 0.953146
1.26992	 0.724164
1.27325	 0.781712
1.27658	 0.704339
1.27991	 0.528398
1.28325	 0.701059
1.28658	 0.864675
1.28991	 0.620801
1.29325	 0.832096
1.29658	 1.18543
1.29991	 0.699234
1.30325	 0.949601
1.30658	 0.224378
1.30991	 0.777172
1.31325	 0.506709
1.31658	 0.213765
1.31991	 0.46863
1.32325	 0.757967
1.32658	 0.722473
1.32991	 0.749824
1.33324	 0.422225
1.33658	 0.69214
1.33991	 0.465436
1.34324	 0.744509
1.34658	 0.479688
1.34991	 0.743317
1.35324	 0.734491
1.35658	 0.727691
1.35991	 0.499413
1.36324	 0.954434
1.36658	 0.898865
1.36991	 1.11646
1.37324	 1.04348
1.37657	 0.409832
1.37991	 0.583709
1.38324	 0.372152
1.38657	 0.667979
1.38991	 0.70603
1.39324	 0.287522
1.39657	 1.01869
1.39991	 0.470623
1.40324	 0.970371
1.40657	 0.45209
1.40991	 1.13841
1.41324	 0.371204
1.41657	 0.694624
1.41991	 1.03202
1.42324	 1.03902
1.42657	 0.607115
1.4299	 1.16072
1.43324	 0.943548
1.43657	 0.939801
1.4399	 0.985329
1.44324	 0.417939
1.44657	 0.919842
1.4499	 0.436706
1.45324	 1.13984
1.45657	 0.748811
1.4599	 0.756604
1.46324	 0.634053
1.46657	 0.442138
1.4699	 0.686096
1.47324	 0.691243
1.47657	 0.561461
1.4799	 0.547963
1.48323	 0.653716
1.48657	 1.17491
1.4899	 0.628197
1.49323	 1.06622
1.49657	 0.861786
1.4999	 0.599233
1.50323	 0.646027
1.50657	 0.882919
1.5099	 0.632771
1.51323	 0.729717
1.51657	 0.736925
1.5199	 0.854767
1.52323	 0.782696
1.52656	 1.08882
1.5299	 0.577007
1.53323	 0.777064
1.53656	 0.31044
1.5399	 0.312464
1.54323	 0.668375
1.54656	 1.15181
1.5499	 0.682941
1.55323	 0.33117
1.55656	 0.987604
1.5599	 0.772069
1.56323	 0.787654
1.56656	 0.539178
1.5699	 0.781523
1.57323	 0.76964
1.57656	 0.837425
1.57989	 1.2165
1.58323	 0.758697
1.58656	 1.05628
1.58989	 0.400638
1.59323	 0.61887
1.59656	 0.311904
1.59989	 1.08145
1.60323	 0.638348
1.60656	 0.672276
1.60989	 0.671816
1.61323	 1.02535
1.61656	 0.537
1.61989	 0.55793
1.62323	 0.831329
1.62656	 0.496778
1.62989	 0.758422
1.63322	 0.731725
1.63656	 0.606855
1.63989	 0.49323
1.64322	 0.816861
1.64656	 0.761268
1.64989	 0.467878
1.65322	 0.409297
1.65656	 0.753149
1.65989	 0.461185
1.66322	 0.60353
1.66656	 0.954833
1.66989	 0.862706
1.67322	 0.706383
1.67655	 0.688149
1.67989	 0.62179
1.68322	 0.902176
1.68655	 0.337503
1.68989	 1.05675
1.69322	 0.39366
1.69655	 0.793041
1.69989	 0.740189
1.70322	 0.799932
1.70655	 0.349888
1.70989	 0.666692
1.71322	 0.361856
1.71655	 0.744817
1.71989	 0.336615
1.72322	 0.701904
1.72655	 1.06297
1.72988	 0.710506
1.73322	 1.18619
1.73655	 0.473907
1.73988	 0.337895
1.74322	 0.787544
1.74655	 0.47917
1.74988	 0.830745
1.75322	 0.463847
1.75655	 0.728702
1.75988	 0.686988
1.76322	 0.435639
1.76655	 0.67574
1.76988	 0.532206
1.77322	 0.634629
1.77655	 0.429525
1.77988	 0.355649
1.78321	 0.803278
1.78655	 0.684237
1.78988	 0.893241
1.79321	 0.64772
1.79655	 0.631632
1.79988	 0.523106
1.80321	 0.842052
1.80655	 0.403056
1.80988	 0.554974
1.81321	 1.03796
1.81655	 0.692623
1.81988	 0.551828
1.82321	 0.77711
1.82654	 0.792524
1.82988	 0.449901
1.83321	 0.772224
1.83654	 0.857745
1.83988	 0.349287
1.84321	 0.702243
1.84654	 0.41662
1.84988	 0.44705
1.85321	 0.258631
1.85654	 0.843279
1.85988	 0.651992
1.86321	 0.591915
1.86654	 0.862711
1.86988	 0.427659
1.87321	 0.723256
1.87654	 0.820824
1.87987	 0.298063
1.88321	 1.00378
1.88654	 0.530704
1.88987	 0.569771
1.89321	 0.38147
1.89654	 0.775738
1.89987	 0.992209
1.90321	 0.842018
1.90654	 0.614184
1.90987	 0.972182
1.91321	 0.985986
1.91654	 0.53331
1.91987	 0.906925
1.92321	 0.826533
1.92654	 0.692872
1.92987	 0.564341
1.9332	 0.677111
1.93654	 0.494077
1.93987	 0.441035
1.9432	 0.7981
1.94654	 0.596669
1.94987	 0.562291
1.9532	 0.761167
1.95654	 0.670655
1.95987	 0.849213
1.9632	 0.832894
1.96654	 0.630056
1.96987	 0.309623
1.9732	 0.724475
1.97653	 0.369057
1.97987	 0.576104
1.9832	 0.555139
1.98653	 0.931075
1.98987	 0.926729
1.9932	 0.859801
1.99653	 0.715441
1.99987	 0.792169
2.0032	 0.563171
2.00653	 1.04989
2.00987	 0.302971
2.0132	 0.79815
2.01653	 0.521769
2.01987	 0.665772
2.0232	 0.439408
2.02653	 0.554492
2.02986	 0.365814
2.0332	 0.37794
2.03653	 0.602644
2.03986	 0.943812
2.0432	 0.916845
2.04653	 0.641437
2.04986	 0.262831
2.0532	 0.642759
2.05653	 1.03524
2.05986	 0.492125
2.0632	 0.568233
2.06653	 0.662837
2.06986	 0.606359
2.0732	 0.570543
2.07653	 0.671022
2.07986	 0.666234
2.08319	 0.92874
2.08653	 0.555931
2.08986	 0.606909
2.09319	 0.564257
2.09653	 0.751611
2.09986	 0.366117
2.10319	 0.673551
2.10653	 0.663088
2.10986	 0.517222
2.11319	 0.519622
2.11653	 0.68099
2.11986	 0.528385
2.12319	 0.77216
2.12652	 0.593955
2.12986	 0.810707
2.13319	 0.758389
2.13652	 0.493843
2.13986	 0.595998
2.14319	 0.92807
2.14652	 0.531395
2.14986	 0.730082
2.15319	 0.639512
2.15652	 0.688485
2.15986	 0.497226
2.16319	 0.670115
2.16652	 1.038
2.16986	 0.423972
2.17319	 0.629156
2.17652	 0.761238
2.17985	 0.756817
2.18319	 0.679686
2.18652	 0.689232
2.18985	 0.385583
2.19319	 0.270745
2.19652	 0.560148
2.19985	 0.511401
2.20319	 0.792906
2.20652	 0.96314
2.20985	 0.611076
2.21319	 0.389324
2.21652	 0.779098
2.21985	 0.501057
2.22319	 0.486309
2.22652	 0.893002
2.22985	 0.690937
2.23318	 0.840548
2.23652	 0.769848
2.23985	 0.937335
2.24318	 0.41938
2.24652	 0.576303
2.24985	 0.750174
2.25318	 0.95236
2.25652	 0.371762
2.25985	 1.10671
2.26318	 1.05889
2.26652	 0.834482
2.26985	 1.10052
2.27318	 0.882265
2.27651	 0.844261
2.27985	 0.593001
2.28318	 0.789441
2.28651	 0.447529
2.28985	 0.738251
2.29318	 0.655679
2.29651	 0.550397
2.29985	 0.621792
2.30318	 1.19806
2.30651	 1.1481
2.30985	 0.525098
2.31318	 0.614592
2.31651	 0.915705
2.31985	 0.788864
2.32318	 0.781121
2.32651	 0.962206
2.32984	 0.494503
2.33318	 0.765438
2.33651	 0.559538
2.33984	 1.01959
2.34318	 0.676991
2.34651	 0.374508
2.34984	 0.586372
2.35318	 0.645763
2.35651	 1.02011
2.35984	 0.688872
2.36318	 0.883576
2.36651	 1.0582
2.36984	 0.795007
2.37318	 1.12206
2.37651	 0.896669
2.37984	 1.09921
2.38317	 0.721753
2.38651	 1.0173
2.38984	 0.600177
2.39317	 0.80582
2.39651	 0.435777
2.39984	 0.567841
2.40317	 0.554918
2.40651	 0.603578
2.40984	 1.3156
2.41317	 0.797496
2.41651	 0.417157
2.41984	 0.525432
2.42317	 0.481294
2.4265	 1.0404
2.42984	 0.890446
2.43317	 0.969409
2.4365	 0.575478
2.43984	 1.1736
2.44317	 0.794888
2.4465	 0.551845
2.44984	 0.884058
2.45317	 0.527954
2.4565	 0.709815
2.45984	 0.643504
2.46317	 0.598113
2.4665	 0.482388
2.46984	 0.94924
2.47317	 0.991849
2.4765	 0.314594
2.47983	 0.59975
2.48317	 0.733821
2.4865	 0.594117
2.48983	 0.337987
2.49317	 1.36952
2.4965	 1.00809
2.49983	 0.589311
2.50317	 0.546548
2.5065	 0.304207
2.50983	 0.8433
2.51317	 1.17188
2.5165	 0.980661
2.51983	 0.767898
2.52317	 0.565064
2.5265	 0.677811
2.52983	 1.1209
2.53316	 0.90225
2.5365	 0.564408
2.53983	 0.997874
2.54316	 1.00564
2.5465	 0.767026
2.54983	 1.03275
2.55316	 0.48866
2.5565	 0.662526
2.55983	 0.418874
2.56316	 0.359299
2.5665	 0.677106
2.56983	 0.586735
2.57316	 0.782111
2.57649	 0.328122
2.57983	 0.629011
2.58316	 0.700269
2.58649	 0.945888
2.58983	 0.77615
2.59316	 0.657716
2.59649	 0.533325
2.59983	 0.674206
2.60316	 0.61448
2.60649	 0.944247
2.60983	 1.18781
2.61316	 0.626638
2.61649	 0.627346
2.61983	 0.293276
2.62316	 0.749604
2.62649	 0.828014
2.62982	 0.459084
2.63316	 0.924917
2.63649	 0.447621
2.63982	 1.15729
2.64316	 0.562186
2.64649	 0.591028
2.64982	 0.74867
2.65316	 0.428837
2.65649	 1.01583
2.65982	 0.833435
2.66316	 1.05654
2.66649	 0.704805
2.66982	 0.79366
2.67316	 0.396142
2.67649	 0.623275
2.67982	 0.500686
2.68315	 0.997759
2.68649	 0.940112
2.68982	 0.328241
2.69315	 0.834935
2.69649	 0.953784
2.69982	 0.623546
2.70315	 0.549108
2.70649	 0.822792
2.70982	 0.745374
2.71315	 0.797411
2.71649	 0.181481
2.71982	 0.795293
2.72315	 0.977567
2.72648	 0.526926
2.72982	 0.704204
2.73315	 1.0291
2.73648	 0.864407
2.73982	 0.429823
2.74315	 0.619864
2.74648	 0.773843
2.74982	 0.541623
2.75315	 0.361279
2.75648	 1.11171
2.75982	 0.348157
2.76315	 0.610581
2.76648	 0.884811
2.76982	 0.808432
2.77315	 0.789127
2.77648	 0.526896
2.77981	 0.734241
2.78315	 1.26348
2.78648	 0.444508
2.78981	 0.578526
2.79315	 0.72986
2.79648	 0.795137
2.79981	 0.842818
2.80315	 0.472467
2.80648	 0.34996
2.80981	 0.543357
2.81315	 0.369795
2.81648	 0.161255
2.81981	 1.05775
2.82315	 0.632215
2.82648	 0.857725
2.82981	 0.619794
2.83314	 0.941149
2.83648	 0.46295
2.83981	 0.903028
2.84314	 1.03686
2.84648	 0.49221
2.84981	 0.642998
2.85314	 1.36716
2.85648	 0.562015
2.85981	 0.891934
2.86314	 0.390762
2.86648	 0.720216
2.86981	 0.578072
2.87314	 0.970348
2.87647	 0.633533
2.87981	 0.640761
2.88314	 1.07829
2.88647	 0.607078
2.88981	 0.620814
2.89314	 0.564281
2.89647	 0.776036
2.89981	 0.802767
2.90314	 0.640179
2.90647	 0.588032
2.90981	 1.06899
2.91314	 0.552847
2.91647	 0.562462
2.91981	 0.683632
2.92314	 0.738728
2.92647	 0.712325
2.9298	 1.03112
2.93314	 0.499542
2.93647	 0.465373
2.9398	 0.812139
2.94314	 0.793108
2.94647	 0.858727
2.9498	 0.893965
2.95314	 0.745519
2.95647	 0.52248
2.9598	 0.597117
2.96314	 0.600859
2.96647	 0.907491
2.9698	 0.896271
2.97314	 0.509063
2.97647	 0.510329
2.9798	 0.57768
2.98313	 0.85805
2.98647	 0.727073
2.9898	 0.763083
2.99313	 0.545999
2.99647	 0.577717
2.9998	 0.635723
3.00313	 0.329749
3.00647	 0.52218
3.0098	 0.606145
3.01313	 0.996234
3.01647	 0.319456
3.0198	 0.513628
3.02313	 0.592625
3.02646	 0.794981
3.0298	 0.72442
3.03313	 0.520077
3.03646	 0.702452
3.0398	 0.835566
3.04313	 0.847267
3.04646	 0.98336
3.0498	 1.2478
3.05313	 0.600086
3.05646	 0.743738
3.0598	 1.02758
3.06313	 0.598535
3.06646	 1.09607
3.0698	 0.36313
3.07313	 0.556352
3.07646	 0.507219
3.07979	 0.824201
3.08313	 0.695023
3.08646	 0.5071
3.08979	 0.558146
3.09313	 0.536407
3.09646	 0.43948
3.09979	 0.812232
3.10313	 0.319575
3.10646	 0.569247
3.10979	 0.819156
3.11313	 0.900135
3.11646	 0.651994
3.11979	 0.655904
3.12313	 0.684097
3.12646	 0.307661
3.12979	 0.271787
3.13312	 0.777858
3.13646	 0.59182
3.13979	 1.0174
3.14312	 0.585474
3.14646	 0.804506
3.14979	 0.774673
3.15312	 1.10707
3.15646	 0.857353
3.15979	 1.05895
3.16312	 0.697957
3.16646	 0.619157
3.16979	 0.545125
3.17312	 0.725589
3.17645	 0.555321
3.17979	 0.533168
3.18312	 0.567624
3.18645	 0.657122
3.18979	 0.903642
3.19312	 0.599405
3.19645	 0.810986
3.19979	 0.258075
3.20312	 0.594009
3.20645	 0.380203
3.20979	 0.801065
3.21312	 0.524294
3.21645	 0.360852
3.21979	 0.539122
3.22312	 0.267704
3.22645	 1.0657
3.22978	 0.71123
3.23312	 0.853423
3.23645	 0.280052
3.23978	 0.751893
3.24312	 0.38588
3.24645	 0.488493
3.24978	 0.20335
3.25312	 0.487643
3.25645	 0.692847
3.25978	 0.324734
3.26312	 0.479288
3.26645	 0.653223
3.26978	 0.78194
3.27312	 0.352906
3.27645	 0.734472
3.27978	 0.974519
3.28311	 0.53343
3.28645	 0.521393
3.28978	 0.423955
3.29311	 0.907199
3.29645	 0.835385
3.29978	 1.00967
3.30311	 0.372584
3.30645	 0.515251
3.30978	 0.854907
3.31311	 0.762463
3.31645	 0.818331
3.31978	 1.21374
3.32311	 0.840805
3.32644	 0.346942
3.32978	 0.529747
3.33311	 0.373562
3.33644	 0.587446
3.33978	 0.842104
3.34311	 0.667081
3.34644	 0.551342
3.34978	 0.539897
3.35311	 0.551982
3.35644	 0.79109
3.35978	 0.720945
3.36311	 0.844699
3.36644	 0.570279
3.36978	 0.936481
3.37311	 1.05588
3.37644	 0.36371
3.37977	 0.707005
3.38311	 0.748022
3.38644	 1.24463
3.38977	 0.387161
3.39311	 0.479499
3.39644	 0.760194
3.39977	 0.828831
3.40311	 0.753984
3.40644	 0.514371
3.40977	 0.76202
3.41311	 0.602758
3.41644	 0.970867
3.41977	 0.48028
3.42311	 0.795587
3.42644	 0.602931
3.42977	 0.715127
3.4331	 1.08199
3.43644	 0.900723
3.43977	 0.665017
3.4431	 0.723854
3.44644	 0.888603
3.44977	 0.418935
3.4531	 0.621065
3.45644	 0.579735
3.45977	 0.674556
3.4631	 0.619177
3.46644	 0.514171
3.46977	 0.962892
3.4731	 0.432849
3.47643	 0.32428
3.47977	 0.672455
3.4831	 0.900098
3.48643	 0.666105
3.48977	 0.47041
3.4931	 0.395425
3.49643	 0.672115
3.49977	 1.19181
3.5031	 0.758287
3.50643	 0.679761
3.50977	 0.534513
3.5131	 0.585657
3.51643	 0.471425
3.51977	 0.611277
3.5231	 0.77645
3.52643	 0.892784
3.52976	 0.56571
3.5331	 1.07197
3.53643	 0.7158
3.53976	 0.654125
3.5431	 0.703258
3.54643	 0.956698
3.54976	 0.766445
3.5531	 0.279254
3.55643	 0.666457
3.55976	 0.839112
3.5631	 0.562956
3.56643	 0.616503
3.56976	 0.581355
3.5731	 0.450752
3.57643	 0.55265
3.57976	 0.477686
3.58309	 0.828596
3.58643	 0.61052
3.58976	 0.905165
3.59309	 0.580998
3.59643	 0.378577
3.59976	 1.04866
3.60309	 0.570955
3.60643	 0.969927
3.60976	 0.511088
3.61309	 0.779267
3.61643	 0.552161
3.61976	 0.781061
3.62309	 0.495152
3.62642	 0.455962
3.62976	 0.480903
3.63309	 0.938825
3.63642	 0.638266
3.63976	 0.982426
3.64309	 0.782663
3.64642	 0.63104
3.64976	 0.530909
3.65309	 0.870091
3.65642	 0.547752
3.65976	 0.592079
3.66309	 0.332513
3.66642	 0.926728
3.66976	 0.685849
3.67309	 0.978548
3.67642	 0.52347
3.67975	 0.775456
3.68309	 0.707246
3.68642	 0.692978
3.68975	 1.15226
3.69309	 0.916749
3.69642	 0.428838
3.69975	 0.769011
3.70309	 0.601018
3.70642	 0.329953
3.70975	 0.948007
3.71309	 0.505861
3.71642	 0.617808
3.71975	 0.511633
3.72309	 0.60011
3.72642	 0.837196
3.72975	 0.88205
3.73308	 0.661223
3.73642	 0.76613
3.73975	 0.851836
3.74308	 0.794582
3.74642	 0.975761
3.74975	 0.618825
3.75308	 0.987003
3.75642	 0.719546
3.75975	 0.379711
3.76308	 1.08161
3.76642	 0.766759
3.76975	 0.871828
3.77308	 0.794545
3.77641	 0.723607
3.77975	 0.218924
3.78308	 0.67342
3.78641	 0.590803
3.78975	 0.850326
3.79308	 0.733845
3.79641	 0.587091
3.79975	 1.27367
3.80308	 0.922107
3.80641	 1.02482
3.80975	 0.809827
3.81308	 0.577852
3.81641	 0.628761
3.81975	 0.613204
3.82308	 0.548613
3.82641	 0.792425
3.82974	 0.638551
3.83308	 0.745601
3.83641	 1.25476
3.83974	 1.0336
3.84308	 0.42072
3.84641	 0.520453
3.84974	 0.318132
3.85308	 0.751757
3.85641	 0.946062
3.85974	 0.637897
3.86308	 0.832639
3.86641	 0.629889
3.86974	 0.386148
3.87308	 0.626714
3.87641	 0.474518
3.87974	 0.633949
3.88307	 0.774392
3.88641	 0.434906
3.88974	 0.560844
3.89307	 0.706846
3.89641	 0.651771
3.89974	 0.302645
3.90307	 0.856816
3.90641	 0.579226
3.90974	 0.581442
3.91307	 0.679736
3.91641	 0.487042
3.91974	 0.34705
3.92307	 0.623474
3.9264	 0.79973
3.92974	 0.880413
3.93307	 0.714069
3.9364	 0.685055
3.93974	 0.824767
3.94307	 0.576062
3.9464	 0.669352
3.94974	 0.541181
3.95307	 0.847765
3.9564	 0.742106
3.95974	 0.469089
3.96307	 0.785751
3.9664	 0.493092
3.96974	 0.507917
3.97307	 1.06536
3.9764	 0.665292
3.97973	 0.718969
3.98307	 0.409918
3.9864	 0.848137
3.98973	 0.455399
3.99307	 0.348158
3.9964	 0.431772
3.99973	 0.597217
4.00307	 0.588918
4.0064	 0.610994
4.00973	 0.530923
4.01307	 0.635469
4.0164	 0.835663
4.01973	 0.585963
4.02307	 0.574324
4.0264	 0.601748
4.02973	 0.906368
4.03306	 0.395718
4.0364	 1.0161
4.03973	 0.945642
4.04306	 0.737375
4.0464	 0.807808
4.04973	 0.929454
4.05306	 0.689988
4.0564	 0.632173
4.05973	 0.691456
4.06306	 0.716968
4.0664	 0.252903
4.06973	 1.08681
4.07306	 0.7044
4.07639	 0.610689
4.07973	 1.15738
4.08306	 0.555225
4.08639	 0.464617
4.08973	 0.402823
4.09306	 0.687919
4.09639	 0.484664
4.09973	 1.04477
4.10306	 0.539842
4.10639	 0.438347
4.10973	 0.649095
4.11306	 0.911888
4.11639	 0.87838
4.11973	 0.793692
4.12306	 0.268896
4.12639	 0.356731
4.12972	 0.615568
4.13306	 0.563513
4.13639	 0.706484
4.13972	 0.432217
4.14306	 0.312541
4.14639	 0.878661
4.14972	 0.655149
4.15306	 1.11612
4.15639	 0.628513
4.15972	 0.776735
4.16306	 0.703829
4.16639	 0.408925
4.16972	 0.702336
4.17306	 0.702115
4.17639	 0.398881
4.17972	 0.547316
4.18305	 0.798594
4.18639	 0.606739
4.18972	 0.725631
4.19305	 0.704291
4.19639	 0.713476
4.19972	 0.479559
4.20305	 0.579168
4.20639	 0.739892
4.20972	 0.539507
4.21305	 0.50975
4.21639	 0.724718
4.21972	 0.478066
4.22305	 0.683076
4.22638	 0.579804
4.22972	 0.525411
4.23305	 0.794084
4.23638	 0.855598
4.23972	 0.647222
4.24305	 0.842424
4.24638	 1.03668
4.24972	 1.20923
4.25305	 1.26884
4.25638	 0.774829
4.25972	 0.543843
4.26305	 0.50421
4.26638	 0.412111
4.26972	 1.10052
4.27305	 1.13133
4.27638	 0.647339
4.27971	 0.58498
4.28305	 0.707983
4.28638	 0.566523
4.28971	 0.439155
4.29305	 0.556382
4.29638	 0.954802
4.29971	 0.760118
4.30305	 0.566185
4.30638	 0.56797
4.30971	 0.94144
4.31305	 0.667161
4.31638	 0.755336
4.31971	 0.23236
4.32305	 0.837736
4.32638	 0.658618
4.32971	 0.714728
4.33304	 0.389016
4.33638	 0.603774
4.33971	 0.380959
4.34304	 0.704463
4.34638	 0.239677
4.34971	 0.825997
4.35304	 0.429225
4.35638	 0.61282
4.35971	 0.810898
4.36304	 0.862021
4.36638	 0.584564
4.36971	 0.396193
4.37304	 0.362727
4.37637	 0.669103
4.37971	 0.269438
4.38304	 1.10247
4.38637	 0.526082
4.38971	 0.499499
4.39304	 0.644792
4.39637	 0.975632
4.39971	 0.679044
4.40304	 0.695047
4.40637	 0.668961
4.40971	 1.119
4.41304	 0.326956
4.41637	 0.691827
4.41971	 0.467262
4.42304	 0.324664
4.42637	 0.519863
4.4297	 0.665267
4.43304	 0.765756
4.43637	 0.923749
4.4397	 0.694122
4.44304	 0.704731
4.44637	 0.800383
4.4497	 0.53845
4.45304	 0.492985
4.45637	 0.813293
4.4597	 0.770774
4.46304	 0.926168
4.46637	 0.664196
4.4697	 0.577605
4.47304	 0.482615
4.47637	 0.66741
4.4797	 1.03581
4.48303	 0.903414
4.48637	 0.676267
4.4897	 0.382532
4.49303	 0.340797
4.49637	 0.62563
4.4997	 0.897432
4.50303	 0.909237
4.50637	 0.594637
4.5097	 0.673658
4.51303	 0.748673
4.51637	 0.688292
4.5197	 0.563739
4.52303	 0.707237
4.52636	 0.610172
4.5297	 0.827965
4.53303	 0.342063
4.53636	 0.742498
4.5397	 1.06393
4.54303	 0.758308
4.54636	 0.622499
4.5497	 0.782301
4.55303	 0.783539
4.55636	 0.786014
4.5597	 0.352933
4.56303	 0.823552
4.56636	 0.86777
4.5697	 1.09404
4.57303	 0.935771
4.57636	 0.634645
4.57969	 0.857866
4.58303	 0.431792
4.58636	 0.847793
4.58969	 0.520785
4.59303	 0.522098
4.59636	 0.430558
4.59969	 0.525562
4.60303	 0.845312
4.60636	 0.642518
4.60969	 0.580913
4.61303	 0.688994
4.61636	 0.73757
4.61969	 0.360746
4.62303	 0.525917
4.62636	 0.586608
4.62969	 0.519767
4.63302	 1.03201
4.63636	 0.708936
4.63969	 0.505505
4.64302	 0.784701
4.64636	 0.665342
4.64969	 0.641696
4.65302	 0.765368
4.65636	 0.435068
4.65969	 0.375746
4.66302	 0.604152
4.66636	 0.692524
4.66969	 0.301443
4.67302	 0.501711
4.67635	 0.346492
4.67969	 0.557362
4.68302	 0.376562
4.68635	 0.99477
4.68969	 0.711306
4.69302	 0.825131
4.69635	 1.14545
4.69969	 0.506333
4.70302	 0.617849
4.70635	 0.464916
4.70969	 0.407083
4.71302	 0.92455
4.71635	 0.835366
4.71969	 1.11998
4.72302	 0.808508
4.72635	 0.812362
4.72968	 0.652241
4.73302	 0.943233
4.73635	 0.491336
4.73968	 0.629845
4.74302	 0.41402
4.74635	 0.800826
4.74968	 0.590143
4.75302	 0.884018
4.75635	 0.617466
4.75968	 0.577907
4.76302	 0.675173
4.76635	 0.425707
4.76968	 1.04429
4.77302	 0.962077
4.77635	 0.438619
4.77968	 0.705542
4.78301	 0.783204
4.78635	 0.323773
4.78968	 0.674452
4.79301	 0.414066
4.79635	 0.359959
4.79968	 0.451445
4.80301	 0.703873
4.80635	 0.40115
4.80968	 0.632509
4.81301	 0.711994
4.81635	 0.381348
4.81968	 0.86317
4.82301	 0.854128
4.82634	 0.622349
4.82968	 0.515709
4.83301	 0.165704
4.83634	 0.566103
4.83968	 0.46599
4.84301	 0.830522
4.84634	 0.849022
4.84968	 0.843026
4.85301	 0.599739
4.85634	 0.87773
4.85968	 0.998059
4.86301	 0.571151
4.86634	 0.393795
4.86968	 0.676049
4.87301	 0.937192
4.87634	 0.677159
4.87967	 0.597162
4.88301	 0.834571
4.88634	 0.771873
4.88967	 0.776598
4.89301	 0.610555
4.89634	 0.405232
4.89967	 0.99278
4.90301	 0.607996
4.90634	 0.796323
4.90967	 0.614486
4.91301	 0.654054
4.91634	 0.306181
4.91967	 0.623481
4.92301	 0.440851
4.92634	 0.702718
4.92967	 0.66367
4.933	 0.824406
4.93634	 0.70638
4.93967	 0.60602
4.943	 0.727772
4.94634	 0.805859
4.94967	 0.471822
4.953	 1.1375
4.95634	 0.569837
4.95967	 0.786161
4.963	 0.699677
4.96634	 0.483209
4.96967	 0.330432
4.973	 0.840354
4.97633	 0.812113
4.97967	 0.469943
4.983	 0.500679
4.98633	 0.751717
4.98967	 0.38229
4.993	 0.658365
4.99633	 0.759753
