#Time [1ns] 	 Re(Es) 	 Im(Es) 	 |Es|^2 	 rho 	 w
0	1118.18712	55.6044155	-492.727289	-617.468527	0.481737296	9.3034347e+12
1e-11	401.565491	1574.71965	493.852999	-305.820257	0.481802359	9.54421914e+12
2e-11	1185.63584	1248.66555	-55.5640892	-1508.51891	0.481989761	9.76140521e+12
3e-11	2084.15429	2375.21273	434.30372	-2112.54117	0.482282506	9.95739232e+12
4e-11	379.873828	50.4188724	757.747258	-2114.67412	0.482674488	1.01343415e+13
5e-11	1283.69834	888.280723	98.8178756	-2060.41552	0.483138381	1.02941882e+13
6e-11	721.642329	1044.71572	-83.1922384	-726.286488	0.483662891	1.04386703e+13
7e-11	-239.735175	247.098959	-444.751338	488.564093	0.484244301	1.05693466e+13
8e-11	48.9908863	-253.098563	-966.277872	205.133816	0.484877941	1.06876218e+13
9e-11	1678.52146	496.585583	-534.468436	-497.787192	0.485556798	1.07947578e+13
1e-10	2256.61455	1556.26752	-476.793619	-642.747667	0.486275752	1.08918884e+13
1.1e-10	2123.98731	1011.30207	-224.578465	-309.46472	0.48703591	1.09800338e+13
1.2e-10	2529.14718	813.034849	50.0767826	-1298.63654	0.487821699	1.10601082e+13
1.3e-10	1401.11854	-188.074802	777.148854	-973.02247	0.488626142	1.11329278e+13
1.4e-10	649.686328	-885.075123	1191.03556	720.830943	0.489444697	1.11992221e+13
1.5e-10	1170.54318	-579.760518	1252.0299	1955.59157	0.490281963	1.12596497e+13
1.6e-10	-133.484904	208.400659	-242.492163	567.996753	0.491127803	1.13148026e+13
1.7e-10	-801.492179	-527.921487	-435.681519	232.083724	0.491978544	1.13652066e+13
1.8e-10	1070.708	971.15331	785.333435	1381.54383	0.492836048	1.14113364e+13
1.9e-10	-48.960545	-1362.17145	1440.00534	250.281786	0.493698849	1.14536194e+13
2e-10	-442.001586	-1273.61393	1158.21128	245.375018	0.494563952	1.14924389e+13
2.1e-10	-1642.27279	-1505.07328	421.221262	686.518421	0.495429028	1.15281381e+13
2.2e-10	-142.803849	-1569.79384	899.947304	124.057622	0.496292384	1.1561025e+13
2.3e-10	-1248.30325	-1249.98716	692.132999	627.11756	0.497152839	1.15913755e+13
2.4e-10	-727.703529	-1007.2409	838.67891	1151.92248	0.498009155	1.16194373e+13
2.5e-10	-952.705787	-1098.43494	-525.300311	487.20483	0.49886011	1.1645433e+13
2.6e-10	-1326.89299	-515.631017	30.4411566	968.541351	0.499705149	1.16695619e+13
2.7e-10	-221.185626	-217.034295	1075.36056	1113.52926	0.500543234	1.16920033e+13
2.8e-10	-533.667569	-36.6772498	269.594807	965.25099	0.501374	1.17129182e+13
2.9e-10	-1889.65294	354.513951	-743.43318	944.40544	0.5021964	1.1732451e+13
3e-10	-1107.30821	943.310171	-1597.89138	194.683638	0.503009683	1.17507312e+13
3.1e-10	-1516.23602	-364.904043	-1616.88815	147.422063	0.503813462	1.17678749e+13
3.2e-10	-2144.50658	-687.461286	-679.383172	635.736165	0.504607666	1.17839868e+13
3.3e-10	-855.398613	-406.610779	287.687054	465.565366	0.505392167	1.17991608e+13
3.4e-10	-1178.81443	-7.67476149	1488.35507	801.635728	0.506168157	1.18134824e+13
3.5e-10	-1276.13736	-454.717295	2502.97414	1702.33579	0.506930884	1.1827027e+13
3.6e-10	-2037.67556	0.619604804	2144.66357	1331.53096	0.507680791	1.18398605e+13
3.7e-10	-3028.94042	-410.024313	1585.75147	-311.299534	0.508419572	1.18520441e+13
3.8e-10	-2964.43094	38.9139573	1315.69564	1233.64942	0.509148992	1.18636331e+13
3.9e-10	-2559.2497	215.332203	-321.564863	1853.4788	0.509866887	1.18746775e+13
4e-10	-1996.67241	46.1276426	678.590975	340.512096	0.510576374	1.18852235e+13
4.1e-10	-1770.71281	781.256066	2362.75771	-271.513479	0.511275007	1.18953129e+13
4.2e-10	-1055.95752	272.484725	1369.46924	-1743.1739	0.51196199	1.19049812e+13
4.3e-10	-1406.90378	-803.721708	962.075026	-646.89074	0.512642448	1.19142627e+13
4.4e-10	-1887.51784	-91.5864412	826.754883	691.505533	0.513313326	1.19231894e+13
4.5e-10	-188.218827	-875.687936	564.746344	1210.01717	0.513970446	1.19317865e+13
4.6e-10	1521.41155	-1261.89664	83.3980779	271.388974	0.5146199	1.19400787e+13
4.7e-10	1234.42676	31.6149004	-1449.8827	-397.766442	0.515256385	1.19480874e+13
4.8e-10	-219.24516	-724.114843	-1010.65323	-2457.95578	0.51588601	1.19558327e+13
4.9e-10	-17.7954578	-1225.64519	-2572.75641	-2507.46413	0.516489832	1.19633291e+13
5e-10	425.299112	-1644.3644	-3691.04586	-1756.65078	0.517075346	1.19705806e+13
5.1e-10	-367.313792	-1240.90846	-4651.88637	-78.3884756	0.517641423	1.19775984e+13
5.2e-10	-289.790029	-297.990553	-4955.50485	-308.602223	0.518191642	1.19843908e+13
5.3e-10	-984.020543	-846.229291	-1582.59654	-1513.93497	0.518751371	1.19909725e+13
5.4e-10	-183.130661	-671.185577	-1433.10119	-795.358353	0.519319926	1.19973775e+13
5.5e-10	666.551273	1114.40703	-813.509979	-1151.3639	0.519882573	1.20036234e+13
5.6e-10	1251.11187	2999.92107	-1154.80831	-277.411694	0.52042942	1.2009718e+13
5.7e-10	1995.52058	2035.81326	-2055.68458	1919.84492	0.520956805	1.20156598e+13
5.8e-10	1939.79985	429.815605	-1131.48809	2282.84992	0.521470244	1.2021451e+13
5.9e-10	1269.37812	116.795668	-1587.6748	1991.65272	0.521978353	1.20271003e+13
6e-10	-781.402455	-773.503961	-2056.74803	2359.91154	0.522481616	1.20326164e+13
6.1e-10	685.823326	739.219528	-663.752184	2217.67626	0.522979079	1.20380064e+13
6.2e-10	-1345.04774	-499.385546	-627.492443	1385.73081	0.523472126	1.20432807e+13
6.3e-10	-68.5330009	-1310.50893	1387.06833	696.557882	0.523958693	1.2048446e+13
6.4e-10	-783.561708	-1597.81842	1733.56775	320.889692	0.524430592	1.20535042e+13
6.5e-10	-1552.29336	-1928.79562	1508.35431	151.979853	0.524893393	1.20584571e+13
6.6e-10	-925.041153	-2786.27288	-1544.93111	-1218.67366	0.525340674	1.20633061e+13
6.7e-10	148.531947	-1386.48907	-991.13913	302.634018	0.525784422	1.20680475e+13
6.8e-10	2180.34253	-3075.96242	-202.182656	1287.68661	0.526219376	1.20726965e+13
6.9e-10	2271.52373	-2795.09075	-785.481658	299.185699	0.52662792	1.20772415e+13
7e-10	2599.01779	-1564.71844	-184.222998	-742.374643	0.527041849	1.20816836e+13
7.1e-10	578.814993	-2221.5418	255.379575	-269.272304	0.527458979	1.20860382e+13
7.2e-10	178.769749	-2692.1437	1778.85299	1089.39997	0.527860944	1.20903114e+13
7.3e-10	227.426131	-757.418388	676.788772	1683.69693	0.528260967	1.20944994e+13
7.4e-10	782.088455	-1392.50692	1293.15634	2385.93355	0.528666947	1.20986165e+13
7.5e-10	2050.5318	-1752.69279	1476.89304	2642.30193	0.529043613	1.21026606e+13
7.6e-10	1490.6202	-1057.67266	1989.25476	334.712021	0.529408111	1.21066175e+13
7.7e-10	761.565786	-1394.22246	2598.6768	408.021113	0.529787316	1.21104997e+13
7.8e-10	870.678726	-1324.25201	1120.49772	-305.354122	0.530162423	1.2114317e+13
7.9e-10	-1038.44705	-494.798149	345.576566	563.835081	0.530540238	1.21180764e+13
8e-10	-1772.05108	-731.954634	1256.25973	-351.982326	0.530913689	1.21217842e+13
8.1e-10	-991.869022	528.193949	2530.8557	245.303822	0.53126651	1.21254349e+13
8.2e-10	-504.706817	-1234.73001	2072.67199	-402.915839	0.531611787	1.21290202e+13
8.3e-10	-1394.03271	-1257.31074	1366.75924	-273.866495	0.531944901	1.21325428e+13
8.4e-10	-1080.98236	-804.325667	2349.19553	-1318.96694	0.532286718	1.2136004e+13
8.5e-10	706.169655	-946.814292	893.098815	-2954.98478	0.532603605	1.21394046e+13
8.6e-10	-861.097056	-732.469314	-1480.81317	-2974.20598	0.532914707	1.21427365e+13
8.7e-10	-1400.86583	934.364345	-161.756054	-3137.01511	0.533213157	1.21459996e+13
8.8e-10	306.372872	819.48372	460.713164	-576.408062	0.533531715	1.21492007e+13
8.9e-10	176.368671	2101.30333	-1314.17466	-2085.23513	0.533841135	1.21523587e+13
9e-10	1885.96161	-398.367521	-480.735351	-1654.88302	0.534142525	1.21554616e+13
9.1e-10	2022.81484	-900.52599	-580.075774	-1443.90188	0.534423262	1.21585095e+13
9.2e-10	1758.70427	1634.67436	-217.694731	-2619.32762	0.534710491	1.21614998e+13
9.3e-10	1674.35915	2229.03341	-1555.23477	-3056.16096	0.534963496	1.21644283e+13
9.4e-10	94.5196986	1936.32327	-983.59018	-4168.4114	0.535183268	1.2167273e+13
9.5e-10	-283.18747	1062.47024	770.7177	-3130.68469	0.535421429	1.21700283e+13
9.6e-10	-475.92822	2152.94422	1304.41604	-2932.15128	0.535668773	1.21727246e+13
9.7e-10	-487.783433	3091.56273	1754.42374	-2438.5981	0.535891518	1.21753568e+13
9.8e-10	-1677.31225	2743.94731	1816.06401	-2890.43858	0.5360988	1.21779154e+13
9.9e-10	-1907.62636	1170.04389	221.680033	-3379.12764	0.536318141	1.21804034e+13
1e-09	-789.266644	246.425642	1107.70146	-2675.97643	0.536553306	1.21828384e+13
1.01e-09	-823.952135	-1038.85972	1807.90648	-1586.75319	0.536789009	1.2185238e+13
1.02e-09	654.48284	-287.591964	1787.14019	-1439.48762	0.537041337	1.21876065e+13
1.03e-09	1949.65764	-240.029242	2087.97004	-637.615517	0.537283739	1.21899556e+13
1.04e-09	2782.09446	1416.76713	3175.58018	-215.63277	0.537498472	1.21922713e+13
1.05e-09	1435.81894	1167.485	873.069433	985.920724	0.537703981	1.21945324e+13
1.06e-09	1395.12252	-90.4107553	454.99732	2870.66882	0.537928859	1.21967603e+13
1.07e-09	1129.43388	-790.542725	512.581023	1917.74887	0.538159063	1.21989604e+13
1.08e-09	157.627169	-2139.24736	-1852.99607	-193.197837	0.538373842	1.22011366e+13
1.09e-09	-1808.42857	-1474.58549	-2465.72948	242.923697	0.538569297	1.22032771e+13
1.1e-09	-2820.93211	-1432.98276	-2334.06246	-1398.90738	0.538753447	1.220537e+13
1.11e-09	-1071.34896	-1878.05965	-1764.58015	-2247.73752	0.538941664	1.22074144e+13
1.12e-09	-844.213401	-700.300489	-1881.19417	-1310.73007	0.539134694	1.22094189e+13
1.13e-09	-1806.29486	-255.417665	-442.757144	969.614821	0.539347188	1.22114007e+13
1.14e-09	-2122.17909	746.771322	-586.206962	-143.90324	0.539552363	1.22133666e+13
1.15e-09	-2266.52818	-284.393448	-87.8908103	20.6585102	0.539765284	1.22153164e+13
1.16e-09	-2859.6258	145.646817	2145.65112	951.473311	0.539942277	1.22172472e+13
1.17e-09	1416.3939	-337.92322	2611.07083	331.213527	0.540131045	1.22191399e+13
1.18e-09	1525.62054	-367.293741	2002.09969	-788.803653	0.540321913	1.222101e+13
1.19e-09	256.609651	-329.389934	762.500698	173.377626	0.54052057	1.22228609e+13
1.2e-09	449.935576	-735.90758	63.0020839	861.340875	0.540726073	1.22247038e+13
1.21e-09	993.66884	-1249.15186	167.289004	784.754129	0.540913527	1.22265351e+13
1.22e-09	455.348404	-1911.37376	1201.48887	900.716513	0.541094069	1.22283436e+13
1.23e-09	-694.670555	139.911757	952.706034	-162.458329	0.541277433	1.22301281e+13
1.24e-09	-720.929779	45.9615798	367.724211	529.072012	0.541467812	1.22318981e+13
1.25e-09	-115.579932	-535.599783	1136.12081	29.2642674	0.541650609	1.22336548e+13
1.26e-09	-452.976072	-435.609335	111.124702	2561.66437	0.541814988	1.22353903e+13
1.27e-09	-72.3500307	-264.69763	-645.414132	3889.20706	0.541948068	1.22370853e+13
1.28e-09	-734.932411	-1782.72607	-408.908064	2486.35555	0.54205572	1.22387158e+13
1.29e-09	599.441868	-1427.13824	553.270005	864.184853	0.542212429	1.22402973e+13
1.3e-09	-536.970601	-332.428796	-1034.48917	1940.5732	0.542371931	1.22418633e+13
1.31e-09	-1601.66584	-155.316815	-1838.71295	1835.92781	0.542521469	1.22434078e+13
1.32e-09	-1342.77807	-1550.95056	-4038.72036	-242.337366	0.542637463	1.22449176e+13
1.33e-09	-1625.01371	-3593.33512	-2688.26163	-617.776767	0.54270043	1.224636e+13
1.34e-09	-1563.94761	-1059.01956	-3082.06784	-67.277845	0.542797732	1.22477276e+13
1.35e-09	-1474.80362	620.032628	-2402.5109	105.224641	0.542939451	1.22490613e+13
1.36e-09	-2520.28349	1880.77339	-2913.78366	655.938146	0.543046751	1.22503781e+13
1.37e-09	-844.09682	510.434877	-3423.09417	243.657684	0.543140915	1.22516483e+13
1.38e-09	-1811.51172	-153.546866	-4240.49213	1569.53046	0.543223335	1.22528813e+13
1.39e-09	-1076.23279	-1174.46751	-3495.09268	2261.46376	0.54326796	1.22540454e+13
1.4e-09	-1552.91677	-1483.13021	-3370.25968	2785.77355	0.543324918	1.22551404e+13
1.41e-09	-2396.19853	-981.344782	-1728.41002	3260.09666	0.543391101	1.22561822e+13
1.42e-09	-1937.83558	-1397.13707	-1524.97093	1702.07269	0.54347788	1.22571847e+13
1.43e-09	-3731.63748	-1669.94545	-2003.65327	1765.10343	0.543557779	1.22581677e+13
1.44e-09	-3468.72636	-1654.40383	-956.953989	1452.71472	0.543606821	1.22591076e+13
1.45e-09	-508.630106	-1013.38661	-2746.77888	90.5618681	0.543707563	1.22600155e+13
1.46e-09	-66.1686406	-1512.69337	-567.243226	-1591.2547	0.543833046	1.22609317e+13
1.47e-09	-983.732481	-489.748756	-1985.69076	-1122.7921	0.543952973	1.22618669e+13
1.48e-09	201.612886	1325.9593	-813.924287	-1036.31589	0.544077861	1.22628109e+13
1.49e-09	-1395.81959	1505.3066	-1585.05713	-3421.2787	0.544188322	1.22637685e+13
1.5e-09	-821.456543	-476.936908	-375.412069	-1995.24634	0.544276974	1.22647085e+13
1.51e-09	749.465816	-1355.7826	1174.89611	-2152.76969	0.544404428	1.22656532e+13
1.52e-09	158.16832	344.836642	312.523383	-1598.95047	0.544518915	1.2266605e+13
1.53e-09	-432.032182	478.671152	983.42245	-1387.68044	0.544632109	1.22675641e+13
1.54e-09	425.938126	1549.0469	895.34674	57.7761171	0.544749595	1.2268527e+13
1.55e-09	346.071045	796.854157	-675.436928	-200.035292	0.544877804	1.22694994e+13
1.56e-09	-644.301386	443.699622	1000.4095	-1367.46204	0.545003444	1.2270486e+13
1.57e-09	-1538.75247	1136.95189	-1098.96349	67.2802271	0.545113275	1.22714769e+13
1.58e-09	-1906.2604	1326.85746	-2512.07935	1542.65784	0.54519979	1.22724586e+13
1.59e-09	-1394.19541	2378.98432	-2113.90468	2553.16671	0.545242044	1.22734004e+13
1.6e-09	-1641.1116	2853.39575	-2540.62442	1826.60005	0.545271616	1.22742809e+13
1.61e-09	-969.426272	2698.48097	-1658.53995	550.64854	0.54531982	1.22751074e+13
1.62e-09	-1121.45813	1044.15348	-792.030584	-521.618175	0.545410727	1.22759109e+13
1.63e-09	-988.574472	1981.26438	-1364.97172	-2317.26866	0.545507079	1.2276721e+13
1.64e-09	-1435.98735	159.69861	87.8742856	-2006.73073	0.545584102	1.22775244e+13
1.65e-09	-375.427681	-214.458263	553.380545	-2038.47117	0.545676141	1.22783211e+13
1.66e-09	111.506585	-1902.15516	102.458393	-2233.17646	0.545766671	1.22791196e+13
1.67e-09	-596.884937	-2437.71865	216.662839	-2441.68336	0.545848831	1.22799124e+13
1.68e-09	942.416333	-1808.95282	-615.73193	-1493.76855	0.545918358	1.2280691e+13
1.69e-09	-391.958864	-2249.25437	-2146.77656	-1274.80698	0.545989014	1.22814601e+13
1.7e-09	-118.232862	-2580.95033	-2362.19507	-257.548472	0.546009161	1.22821939e+13
1.71e-09	-322.154285	-1636.00946	-1072.1097	-377.424766	0.546092571	1.22828959e+13
1.72e-09	-1361.013	-1704.82797	-495.426486	1472.10213	0.546185221	1.22836056e+13
1.73e-09	-484.979577	-1866.89838	-439.619014	800.446252	0.546271127	1.22843219e+13
1.74e-09	1271.72348	-3840.4174	-993.94062	88.6737956	0.546329839	1.22850354e+13
1.75e-09	503.637284	-3686.3071	-693.021447	-481.704688	0.546370996	1.22857184e+13
1.76e-09	113.117719	-2739.53813	-1500.71044	-936.358755	0.546417507	1.22863726e+13
1.77e-09	-896.312199	-1134.67564	-1691.96991	-3145.56647	0.546477691	1.228701e+13
1.78e-09	-1015.06583	-942.363078	220.221214	-2344.41168	0.546518706	1.22876289e+13
1.79e-09	-356.382844	-1532.48881	145.035519	-2758.14667	0.546569573	1.22882295e+13
1.8e-09	-775.668591	-1234.52014	-1059.78147	-2666.28188	0.546616087	1.22888121e+13
1.81e-09	-814.251228	-2615.82944	-1224.01102	-2655.64262	0.546624122	1.22893667e+13
1.82e-09	-771.580709	-3779.60726	-172.461204	-2846.09535	0.546644082	1.22898801e+13
1.83e-09	133.868944	-2153.10785	292.03471	-2377.8997	0.546661688	1.22903566e+13
1.84e-09	-789.739752	-2000.46006	1693.31859	-2627.8477	0.546693625	1.22908111e+13
1.85e-09	97.9465384	-1063.9903	1867.21513	-3211.89337	0.546716755	1.2291246e+13
1.86e-09	494.470726	-1356.73091	932.587077	-1882.27208	0.546758397	1.22916612e+13
1.87e-09	2368.54512	-414.944932	717.212483	-602.992763	0.546846849	1.22920918e+13
1.88e-09	3674.16232	-816.388111	249.791953	-299.96421	0.54689037	1.22925421e+13
1.89e-09	2086.87546	776.54251	149.152642	124.918604	0.546925596	1.22929765e+13
1.9e-09	2174.21965	2336.9305	-1884.76414	-509.921421	0.546988828	1.22934145e+13
1.91e-09	2115.66667	838.439243	-969.5153	338.24959	0.547035581	1.2293853e+13
1.92e-09	1702.39825	1109.57618	473.88448	-1070.86474	0.547075631	1.22942887e+13
1.93e-09	2604.82689	1379.43316	618.44971	-1484.40986	0.547126151	1.22947204e+13
1.94e-09	3692.61081	873.410685	1394.90881	-1944.7448	0.547144637	1.22951423e+13
1.95e-09	2105.9911	401.026278	493.959683	-569.676032	0.547166137	1.22955344e+13
1.96e-09	2005.2007	620.915297	862.856413	-2754.54703	0.547227441	1.22959281e+13
1.97e-09	289.082702	40.3330663	881.78812	-3802.82195	0.547244325	1.22963162e+13
1.98e-09	-42.7386285	-1298.81365	1227.03452	-4112.78587	0.54723725	1.22966765e+13
1.99e-09	906.872548	-178.906975	481.855133	-4292.59798	0.547235971	1.22969936e+13
2e-09	-2361.36665	884.893406	-362.347748	-4945.60655	0.547223428	1.22972817e+13
2.01e-09	-1722.40833	-1768.76013	-2773.2205	-3470.33589	0.547188074	1.2297517e+13
2.02e-09	-354.884608	-3232.99791	-2619.96671	-2156.15983	0.547177557	1.2297714e+13
2.03e-09	1125.99711	-2259.04193	-2470.21829	-662.545246	0.547194254	1.22978922e+13
2.04e-09	1122.68395	-2672.24401	-2409.00793	-1082.49617	0.547219436	1.22980728e+13
2.05e-09	1128.9553	-3004.09357	-2464.25781	-427.765638	0.547255064	1.22982597e+13
2.06e-09	194.802049	-3313.47381	-1376.55733	1190.78622	0.547267208	1.22984496e+13
2.07e-09	713.528178	-3236.89567	370.496716	1743.37278	0.547302731	1.22986403e+13
2.08e-09	743.28684	-2960.94318	250.72945	1596.69363	0.547325538	1.22988393e+13
2.09e-09	599.82439	-1949.47799	40.2706338	2731.03149	0.547358251	1.22990399e+13
2.1e-09	1588.81559	-1324.28068	524.932726	3341.74821	0.547382172	1.2299247e+13
2.11e-09	334.225271	-26.9571751	1096.96826	3299.32205	0.547398502	1.22994497e+13
2.12e-09	2220.62221	-762.449364	-501.748657	2354.54604	0.547433211	1.22996537e+13
2.13e-09	1445.7192	-564.420109	-1840.32681	2518.45657	0.54747943	1.22998736e+13
2.14e-09	1581.98963	-973.464731	-2560.55902	2207.39785	0.547505655	1.23001029e+13
2.15e-09	-333.555306	683.723004	-1356.65969	1166.47218	0.547544164	1.2300333e+13
2.16e-09	-669.781876	-1242.03101	-863.217704	1004.34873	0.547611539	1.23005875e+13
2.17e-09	-1191.30363	-1941.19308	-2388.31903	-1281.66363	0.547673791	1.23008741e+13
2.18e-09	-1910.65406	-176.619087	-1284.02376	-353.563287	0.547720921	1.23011745e+13
2.19e-09	-2066.57891	-206.357165	-1514.12904	-1118.23251	0.547754134	1.23014885e+13
2.2e-09	-2030.13826	-695.99065	-1172.48876	-2068.23075	0.547786732	1.23017946e+13
2.21e-09	-3973.78789	-611.216583	-505.339563	-1332.28336	0.547779079	1.23020871e+13
2.22e-09	-2876.74356	-702.376219	-1684.53955	81.3782148	0.547794071	1.23023471e+13
2.23e-09	-539.439184	-532.945482	-1353.86415	554.477558	0.547851332	1.2302611e+13
2.24e-09	-1581.44457	-581.66591	-654.716328	319.39952	0.547920612	1.2302905e+13
2.25e-09	-1188.95117	-781.589013	-522.86296	1871.06328	0.547974014	1.23032218e+13
2.26e-09	-825.682974	-1069.25713	-726.842456	1101.8547	0.548023404	1.23035511e+13
2.27e-09	-599.743183	-1495.49399	-450.646069	-365.107006	0.548072733	1.23038909e+13
2.28e-09	-441.434616	-786.541473	55.6624994	-1622.19435	0.548131419	1.23042439e+13
2.29e-09	-2036.38243	-632.423401	-139.344576	-2583.67598	0.548171069	1.23046074e+13
2.3e-09	-18.207471	-1503.74212	-331.940724	-1644.25909	0.548209212	1.23049634e+13
2.31e-09	-667.931646	-1388.62416	-675.49596	-2418.78454	0.548251137	1.2305322e+13
2.32e-09	-2382.52948	143.801357	-942.588502	-2609.70901	0.548287639	1.23056785e+13
2.33e-09	-1623.71543	277.766278	-1114.93114	-3122.4744	0.548309794	1.23060242e+13
2.34e-09	-89.0868558	3002.05019	-2371.75604	-5591.78893	0.548240482	1.23063291e+13
2.35e-09	-312.537964	2728.88675	-1270.55217	-3219.34424	0.548153877	1.23065294e+13
2.36e-09	-1976.88422	1568.83068	-1387.9778	-1548.75817	0.548151511	1.23066749e+13
2.37e-09	-2717.2777	-458.998299	-3056.79403	-1402.6187	0.548145329	1.2306808e+13
2.38e-09	-1328.04654	-103.37765	-2012.07384	-1686.53686	0.548137791	1.23069163e+13
2.39e-09	-1465.96729	2032.16868	-2796.4046	-299.078222	0.548145418	1.23070227e+13
2.4e-09	-683.98354	1056.86819	-706.915542	835.492697	0.548187251	1.23071285e+13
2.41e-09	-352.166006	1505.04516	107.878049	1009.99514	0.548248725	1.23072733e+13
2.42e-09	23.6747546	2439.58627	788.194407	1290.6101	0.548277603	1.2307447e+13
2.43e-09	-362.756274	784.993886	-592.724119	1792.22757	0.548326239	1.23076291e+13
2.44e-09	469.685786	-511.589108	804.669764	1584.02507	0.548387292	1.23078392e+13
2.45e-09	1779.54326	-1098.07339	1077.4052	1736.93234	0.548427855	1.23080728e+13
2.46e-09	165.447071	734.496059	1702.39109	1162.13556	0.54846094	1.23083168e+13
2.47e-09	298.281133	1226.99741	978.92408	1662.21365	0.548507614	1.230857e+13
2.48e-09	579.966024	1120.77014	1809.50409	2233.19986	0.54854728	1.23088351e+13
2.49e-09	608.449625	1685.76302	1963.73979	1185.35409	0.5485649	1.23090975e+13
2.5e-09	-425.395966	-392.110878	455.537317	1998.46241	0.548609111	1.23093582e+13
2.51e-09	-929.490026	-1279.10952	-1422.54212	1705.45714	0.548646712	1.23096303e+13
2.52e-09	-3605.01123	138.648176	-1400.60406	-752.869581	0.548674655	1.23099062e+13
2.53e-09	-2987.59747	721.508291	-2212.06737	-622.426186	0.548660849	1.231016e+13
2.54e-09	-3594.24684	-365.032553	-192.269429	-370.791123	0.548652552	1.23103811e+13
2.55e-09	-1438.04165	-1418.67726	662.351002	1802.9944	0.548659574	1.231058e+13
2.56e-09	-347.727278	-345.225366	-546.690132	730.995762	0.548715651	1.23107844e+13
2.57e-09	311.736201	-884.290775	527.077363	214.147953	0.548773394	1.23110189e+13
2.58e-09	-1556.25344	-414.140276	476.895583	-485.506327	0.548829343	1.23112778e+13
2.59e-09	-985.723831	-1674.41571	-829.058406	-308.640583	0.548868816	1.23115533e+13
2.6e-09	-589.759349	-2184.60265	-1633.3966	245.077408	0.548901054	1.23118328e+13
2.61e-09	435.414628	-278.545277	-1011.23313	-588.933812	0.548933724	1.2312109e+13
2.62e-09	1230.63399	373.282506	-1414.4725	-340.192954	0.548969667	1.23123923e+13
2.63e-09	-73.7120282	45.9963314	-1436.49163	-555.678271	0.549016969	1.23126799e+13
2.64e-09	633.603484	-1159.47369	-1259.46898	-1088.03595	0.549049428	1.23129757e+13
2.65e-09	214.898787	-437.886337	499.860064	-1732.93171	0.549086539	1.23132712e+13
2.66e-09	-431.302755	-197.172275	-329.429457	-1175.6486	0.549135134	1.23135734e+13
2.67e-09	1410.00941	411.078537	-898.291291	-1472.39364	0.549177264	1.23138863e+13
2.68e-09	59.1492418	-140.504558	-2464.65587	-1383.82111	0.549215065	1.2314203e+13
2.69e-09	101.146227	1094.03712	-1765.82233	-106.520871	0.549235295	1.23145119e+13
2.7e-09	2458.92	1480.41291	-1083.33574	644.534547	0.549255996	1.23148125e+13
2.71e-09	1606.19381	520.579219	-1654.67755	-366.676322	0.549260652	1.23150932e+13
2.72e-09	1079.61823	1544.8189	-2578.30999	-1588.45334	0.549269085	1.23153547e+13
2.73e-09	1051.69666	500.35537	-613.077598	-888.869588	0.549286126	1.23155961e+13
2.74e-09	1169.47292	-462.027028	514.379683	-858.8056	0.549324061	1.23158429e+13
2.75e-09	125.207254	-1808.8327	1341.8034	-3002.32865	0.549350088	1.23160964e+13
2.76e-09	457.416694	-1114.56088	1087.5845	-4134.03242	0.549303681	1.23163183e+13
2.77e-09	211.283797	-212.257098	2025.5976	-4508.83932	0.549233389	1.23164747e+13
2.78e-09	-370.326786	-1228.87134	-246.910717	-3872.86064	0.549217964	1.23165706e+13
2.79e-09	-14.7125555	282.360052	-240.183771	-4468.65649	0.549152437	1.23166301e+13
2.8e-09	592.564941	-558.453507	-716.90053	-4544.31318	0.549125377	1.23166418e+13
2.81e-09	-967.865536	-1969.14812	-1656.1047	-3542.12773	0.549048667	1.23166131e+13
2.82e-09	229.151271	-4065.61302	-2253.66616	-3611.7527	0.548981383	1.23165317e+13
2.83e-09	669.881224	-1844.65065	-2300.22785	-4451.21955	0.548878845	1.23163808e+13
2.84e-09	153.058877	-2346.22994	-2557.69582	-3363.55294	0.548814437	1.23161738e+13
2.85e-09	346.236904	-2990.3139	-3242.96189	-3041.56432	0.548771638	1.23159443e+13
2.86e-09	2591.84846	-3872.63376	-3859.36494	-2944.88355	0.548657529	1.23156795e+13
2.87e-09	2743.14241	-3959.27954	-3638.4775	-68.3521333	0.548526919	1.23153275e+13
2.88e-09	2671.91367	-2911.41107	-2401.29538	247.118889	0.548432381	1.2314916e+13
2.89e-09	192.254307	-2521.00017	-2023.44508	2563.22985	0.548394687	1.2314492e+13
2.9e-09	-1760.62377	-3881.64384	-278.262075	4422.93205	0.548342503	1.23140783e+13
2.91e-09	-1232.81392	-2438.75268	-210.436237	3996.5756	0.548283072	1.23136435e+13
2.92e-09	-1328.98715	-1891.09216	454.86432	4175.91616	0.548240361	1.23132143e+13
2.93e-09	-1213.03627	-2944.68407	54.0467467	3647.87978	0.548222031	1.23127982e+13
2.94e-09	-870.602181	-4311.79157	-632.793947	4053.59863	0.548161187	1.23123977e+13
2.95e-09	-566.392067	-5104.73256	1184.55035	3372.59789	0.548040752	1.23119582e+13
2.96e-09	-1552.68714	-4633.26657	1286.76545	3556.24024	0.547892717	1.2311448e+13
2.97e-09	-2262.07855	-4099.53293	1449.05983	2473.92513	0.547821377	1.23108883e+13
2.98e-09	-3221.67538	-4613.21851	2360.09343	3248.93204	0.547742903	1.23103287e+13
2.99e-09	-3435.52759	-3495.22021	1297.22446	3554.19681	0.547640491	1.23097392e+13
3e-09	-1901.85419	-4378.72617	1252.90771	2126.97152	0.547597343	1.23091425e+13
3.01e-09	-1283.23396	-3092.18342	2013.72399	2955.91078	0.547566146	1.23085725e+13
3.02e-09	-1691.07895	-3780.91162	2690.51022	2729.76237	0.547549223	1.230804e+13
3.03e-09	-2246.61028	-4505.6457	2315.07315	1630.83965	0.54746103	1.23075172e+13
3.04e-09	-1593.26398	-3912.90636	1948.22284	915.684931	0.547394742	1.23069705e+13
3.05e-09	-867.225053	-3545.19673	747.078694	2056.46038	0.547388	1.2306448e+13
3.06e-09	-54.5867767	-2685.30414	-1513.854	2647.50726	0.547403596	1.23059795e+13
3.07e-09	-1659.80646	-2354.08485	97.2816311	2727.37974	0.547391029	1.23055572e+13
3.08e-09	-570.708773	-1862.33338	1030.51732	1993.06635	0.547430536	1.23051798e+13
3.09e-09	1231.36006	504.663821	1184.13091	3525.45349	0.547463092	1.23048739e+13
3.1e-09	1882.08552	1497.49731	379.439532	4000.64357	0.547464055	1.23046101e+13
3.11e-09	2260.79551	1572.55012	971.003816	6057.75794	0.547406637	1.23043539e+13
3.12e-09	1767.21032	1737.27583	161.353124	5125.36456	0.547297545	1.23040463e+13
3.13e-09	-294.726892	1990.6486	670.810753	4147.47077	0.547265915	1.23037073e+13
3.14e-09	-1876.18013	2161.43778	-246.947806	3267.22451	0.547289515	1.2303399e+13
3.15e-09	-1570.80811	3457.05567	225.542702	2577.56591	0.547295378	1.23031308e+13
3.16e-09	-2323.98564	2780.02979	-293.260738	375.51818	0.547316793	1.23028963e+13
3.17e-09	-2442.40948	1885.18848	-717.887751	353.142176	0.547348886	1.23027065e+13
3.18e-09	-2670.71973	2209.04495	-139.406562	-1564.47997	0.547393577	1.23025671e+13
3.19e-09	-3212.46864	1235.3756	757.895812	-1308.96095	0.547406616	1.23024668e+13
3.2e-09	-4029.37648	-339.58984	-478.388601	42.4486809	0.547433446	1.23023933e+13
3.21e-09	-4385.6004	-186.448714	-871.796441	372.286752	0.547431563	1.23023383e+13
3.22e-09	-2897.61534	1240.40274	-1476.92153	19.9369004	0.547444523	1.23022898e+13
3.23e-09	-824.70141	-980.386502	-1204.42096	-82.0468658	0.547502153	1.23022714e+13
3.24e-09	-1227.49098	-1878.62783	-1316.21086	1084.08754	0.54757082	1.23023107e+13
3.25e-09	119.716548	-1223.67272	-2719.32257	882.854198	0.547613738	1.23023932e+13
3.26e-09	-81.4690402	-612.96869	-1368.16888	732.88948	0.547668791	1.23025039e+13
3.27e-09	-14.2332796	-835.163747	-1223.81444	851.426416	0.547735854	1.23026572e+13
3.28e-09	1686.07761	-356.658067	-35.4394745	-692.877272	0.547808917	1.23028539e+13
3.29e-09	1645.53732	-1380.88663	1396.71263	452.885546	0.547874371	1.23030904e+13
3.3e-09	2344.76407	110.549334	998.499972	2070.74601	0.547914857	1.23033504e+13
3.31e-09	1284.37259	187.963127	177.360275	2737.63559	0.547927175	1.23036024e+13
3.32e-09	1959.52002	-603.662092	-443.529947	3018.41384	0.547936008	1.2303845e+13
3.33e-09	1655.54631	-910.31733	-1157.11932	1628.19128	0.547967623	1.23040745e+13
3.34e-09	577.595956	781.170383	-842.928587	-868.295203	0.548026876	1.23043211e+13
3.35e-09	-575.440776	-1056.75515	-2214.36463	-1373.3178	0.54808613	1.23045956e+13
3.36e-09	-1734.39127	-212.140857	-2040.82667	-202.910152	0.548113624	1.23048806e+13
3.37e-09	-406.29214	844.423166	-3552.67892	-1558.68535	0.548150369	1.23051664e+13
3.38e-09	-1446.60489	1506.36757	-3305.56524	-156.866724	0.548155708	1.23054403e+13
3.39e-09	607.094919	1288.76845	-3248.44655	137.894105	0.548176617	1.23057016e+13
3.4e-09	127.313124	-345.066438	-610.980501	-35.9170988	0.548226438	1.23059622e+13
3.41e-09	-1299.73445	-15.8693979	-160.376709	-77.6300993	0.548298296	1.23062519e+13
3.42e-09	-725.121521	1372.08749	-501.053474	200.077974	0.548359352	1.23065697e+13
3.43e-09	1388.27841	270.580775	1485.79429	1151.42193	0.548421705	1.23069076e+13
3.44e-09	897.976884	105.23273	1099.22376	1105.06864	0.548476698	1.23072625e+13
3.45e-09	-188.674356	385.45114	1027.32727	2039.24122	0.548522287	1.23076276e+13
3.46e-09	158.033863	996.339478	-619.274194	1829.28948	0.548561759	1.23079937e+13
3.47e-09	524.452609	494.081387	-659.765031	-251.609462	0.548610816	1.23083582e+13
3.48e-09	-779.398843	-1031.84541	-227.652148	-1832.5076	0.548666497	1.23087345e+13
3.49e-09	364.848127	-1431.40399	1145.13141	-823.250964	0.548724578	1.23091202e+13
3.5e-09	301.163078	-2971.03303	888.687653	529.4835	0.548756173	1.23095115e+13
3.51e-09	-35.3485628	-1843.36592	-172.555307	-66.6627425	0.548773495	1.23098817e+13
3.52e-09	846.754345	-1086.03107	-1225.3593	-1006.74356	0.548819424	1.23102441e+13
3.53e-09	1720.10388	-1356.90886	-899.52443	701.111443	0.548868695	1.23106115e+13
3.54e-09	672.73184	-861.477246	1462.58539	-1558.32611	0.548915277	1.23109832e+13
3.55e-09	371.121727	-598.42119	1151.48562	-2240.86307	0.548949039	1.23113544e+13
3.56e-09	-2331.76815	-784.324613	-39.1767438	-2875.12728	0.548950714	1.23117103e+13
3.57e-09	-2351.64888	-950.180099	-842.749825	-2847.10677	0.548919646	1.23120156e+13
3.58e-09	-2049.62387	217.048875	-472.899351	-3120.46538	0.548882979	1.23122661e+13
3.59e-09	-1689.24445	1019.81056	-266.051418	-4321.31372	0.548856879	1.23124713e+13
3.6e-09	-2760.17267	-1837.26208	-763.154564	-2826.26929	0.548836721	1.2312633e+13
3.61e-09	-3838.54859	-2634.38805	447.556837	-2276.78559	0.548812949	1.23127658e+13
3.62e-09	-2506.90549	-3046.91758	-249.162553	-2996.51326	0.548730578	1.23128381e+13
3.63e-09	-2120.24632	-927.246164	-376.059877	-1841.26092	0.548710773	1.23128573e+13
3.64e-09	-1010.50162	841.135676	101.887057	-2877.91783	0.548737096	1.23128816e+13
3.65e-09	442.153469	-34.0261162	1223.4985	-2911.05947	0.548761275	1.23129244e+13
3.66e-09	-1146.07515	784.809037	1647.89935	-1114.8126	0.548797181	1.23129847e+13
3.67e-09	-1605.70698	1522.82124	694.247771	541.812479	0.548831561	1.2313071e+13
3.68e-09	167.204905	1217.38991	-368.78117	355.229444	0.548883739	1.23131822e+13
3.69e-09	312.284845	-627.086206	-786.357855	1509.99584	0.548931235	1.23133252e+13
3.7e-09	805.878061	-1015.68871	-564.8406	58.9036928	0.548968186	1.23134913e+13
3.71e-09	-766.002791	-710.021426	-2298.62597	2269.83145	0.549013986	1.23136777e+13
3.72e-09	1245.73991	-1059.07345	-1086.41529	2175.46093	0.549005664	1.23138608e+13
3.73e-09	1453.60584	-2476.14106	-433.022018	2588.58181	0.549002808	1.23140241e+13
3.74e-09	1480.90597	-2379.30745	-807.589786	2994.61341	0.548962196	1.23141527e+13
3.75e-09	1177.4732	-2085.88785	-775.59664	2465.21438	0.548927349	1.23142354e+13
3.76e-09	3890.19374	-1373.79608	-816.893318	1380.03733	0.548913371	1.23142955e+13
3.77e-09	1943.03051	756.430349	156.077266	1162.35086	0.548912991	1.23143365e+13
3.78e-09	2427.26429	1098.66968	2197.30148	1188.93196	0.548928851	1.23143866e+13
3.79e-09	2447.05098	-57.4569732	3113.0428	646.399778	0.54890818	1.23144272e+13
3.8e-09	2501.0906	-2405.7672	3837.04378	-216.708279	0.548873639	1.23144473e+13
3.81e-09	2244.21824	-1072.91086	4221.57685	302.375094	0.548815423	1.23144216e+13
3.82e-09	2520.81561	-1194.85511	2643.68799	1109.75732	0.548782201	1.23143591e+13
3.83e-09	2159.35579	-3107.60764	2229.49801	1017.54884	0.548767973	1.23142836e+13
3.84e-09	-477.565959	-1914.43878	3319.94071	4249.45319	0.548731393	1.23141993e+13
3.85e-09	-2560.97272	-1532.45077	2753.44808	3481.05831	0.54863724	1.23140659e+13
3.86e-09	-1199.62098	155.254284	1834.72985	2521.96481	0.548614011	1.2313889e+13
3.87e-09	-2252.02604	573.22379	824.74945	4526.2992	0.548621057	1.2313732e+13
3.88e-09	-3804.2645	434.238646	2169.4292	3455.05547	0.548567737	1.23135668e+13
3.89e-09	-886.279553	702.854992	2128.77732	2425.94429	0.548524184	1.23133715e+13
3.9e-09	-1461.99242	953.057023	1423.6287	2408.25306	0.548508991	1.2313179e+13
3.91e-09	-2828.80202	1258.66068	-321.541286	3148.27626	0.548521124	1.23130013e+13
3.92e-09	-1820.40788	878.861398	592.980528	2889.07366	0.54852136	1.23128411e+13
3.93e-09	-2178.53071	310.310429	56.9384984	2322.25333	0.548526094	1.23126984e+13
3.94e-09	-2440.19245	130.652633	-1949.91078	1755.48788	0.548545075	1.23125834e+13
3.95e-09	-1881.84167	-541.143974	-2241.61375	1397.37055	0.548548764	1.23124882e+13
3.96e-09	-3262.12294	-819.673183	-1657.02282	1395.05914	0.548564247	1.23124107e+13
3.97e-09	-3085.14856	-2536.06902	-518.843996	890.107409	0.548572709	1.23123469e+13
3.98e-09	-2120.43355	-2928.52756	-1346.26128	1016.0495	0.548533506	1.23122795e+13
3.99e-09	-1916.2787	-2827.42386	-929.95846	1728.94813	0.54852906	1.23121986e+13
4e-09	-1456.11704	-1811.92894	-396.787972	262.129359	0.548532375	1.23121232e+13
4.01e-09	-1425.70329	-1565.9711	-472.094482	779.504005	0.548567794	1.23120715e+13
4.02e-09	-2271.2103	-936.142571	1053.81023	644.389717	0.548601894	1.23120543e+13
4.03e-09	-2392.26481	-1949.81118	108.007207	342.865416	0.548633584	1.23120666e+13
4.04e-09	-2521.44245	-2013.80429	-203.612153	1560.4415	0.548622444	1.23120892e+13
4.05e-09	-2438.10391	-3872.65961	-671.533161	2658.86544	0.548585621	1.23120935e+13
4.06e-09	-248.426301	-1580.04461	-1016.7907	840.324809	0.548546098	1.23120504e+13
4.07e-09	-468.658628	-962.135782	-1381.26995	11.5350622	0.548583341	1.23120189e+13
4.08e-09	-1313.52745	-360.25469	-509.789421	511.52766	0.548640565	1.23120263e+13
4.09e-09	-1754.9262	-902.296062	-316.630663	1270.74204	0.548683487	1.23120777e+13
4.1e-09	-1211.47571	-1305.0938	120.815783	2072.34516	0.548731991	1.23121608e+13
4.11e-09	-1269.64199	-1158.45386	725.420596	2114.65053	0.548770548	1.23122735e+13
4.12e-09	-895.316647	-4338.15566	-24.3278437	2119.68905	0.548767836	1.23123944e+13
4.13e-09	-1388.16148	-3358.12678	-283.012165	-740.661311	0.548702509	1.23124699e+13
4.14e-09	-776.434789	-3070.29675	-1092.76479	-1174.71986	0.548701237	1.2312512e+13
4.15e-09	-1585.18723	-1799.45876	-1122.84826	-948.964151	0.548712739	1.2312552e+13
4.16e-09	-1924.95492	-2750.8023	-1726.54565	-2332.41493	0.548694536	1.23125935e+13
4.17e-09	-1521.23882	-3124.74314	-319.923507	-3743.91176	0.548640266	1.23125974e+13
4.18e-09	-726.253874	-3599.83264	-1142.57848	-3206.62099	0.548580681	1.23125536e+13
4.19e-09	-195.45099	-4440.89789	-1838.99849	-2757.79377	0.548532586	1.23124709e+13
4.2e-09	-269.034748	-6069.69066	-2340.74663	-1830.89915	0.548400443	1.23123266e+13
4.21e-09	-1853.15205	-4986.16645	-1156.34555	-223.344416	0.548301912	1.23120915e+13
4.22e-09	-2325.81267	-3531.27373	-2294.64096	-1622.73296	0.548246211	1.23118152e+13
4.23e-09	-1805.88772	-3104.06196	-1174.67202	-220.725436	0.548214763	1.23115239e+13
4.24e-09	8.23885872	-2190.54626	-989.590556	-1111.70991	0.548219332	1.23112532e+13
4.25e-09	-561.817358	-727.127504	144.909182	-128.17038	0.548274229	1.23110305e+13
4.26e-09	806.258943	-971.869988	-24.2732611	1030.5811	0.548341921	1.23108814e+13
4.27e-09	-21.6896342	-1803.06608	1149.51003	2195.0025	0.548386321	1.23107954e+13
4.28e-09	262.872406	-2183.76403	384.830014	530.948281	0.548422375	1.23107462e+13
4.29e-09	1652.4198	-970.38864	-61.4861052	540.710236	0.548463241	1.23107342e+13
4.3e-09	1698.82963	-2541.18627	868.926915	-929.583254	0.548505913	1.2310762e+13
4.31e-09	433.490681	-4296.587	1463.32052	-525.191894	0.548487916	1.23108019e+13
4.32e-09	963.719395	-2228.35628	1871.76156	-2256.10435	0.54847222	1.23108156e+13
4.33e-09	395.464562	-3484.3702	794.824252	-2339.34767	0.548449269	1.2310818e+13
4.34e-09	-69.7143106	-2059.0047	-100.664273	-2507.97093	0.548448355	1.23108037e+13
4.35e-09	690.228138	-1253.99381	616.433757	-2769.33939	0.548476203	1.23108058e+13
4.36e-09	212.891293	-1159.39334	921.235291	-1496.81325	0.548516405	1.231083e+13
4.37e-09	719.317265	-859.671126	341.090622	-2738.58054	0.548541182	1.23108845e+13
4.38e-09	-854.941824	-34.5328172	-1912.93318	-3009.22198	0.548546613	1.23109468e+13
4.39e-09	-568.874068	-970.758519	-1210.11451	-4596.15826	0.54852251	1.23109981e+13
4.4e-09	-1776.83852	-636.958609	-741.78317	-4772.45564	0.548450955	1.23110059e+13
4.41e-09	-3420.8985	149.602124	-303.972165	-4401.25606	0.54836267	1.23109519e+13
4.42e-09	-3434.73103	594.113341	490.963883	-3792.20216	0.548284421	1.23108277e+13
4.43e-09	-665.951668	831.836306	381.306877	-1622.73731	0.548283852	1.23106737e+13
4.44e-09	-699.000798	942.048368	128.855879	-757.107362	0.548346053	1.23105631e+13
4.45e-09	1098.34108	404.823163	357.460612	-283.351457	0.548414579	1.23105164e+13
4.46e-09	-41.3679979	456.416685	536.74958	-555.627312	0.548479993	1.23105297e+13
4.47e-09	-1160.02054	1236.98926	-128.117547	-1470.47871	0.548543316	1.23105964e+13
4.48e-09	-1303.23261	559.737045	-1276.00311	-949.5871	0.548603222	1.23107064e+13
4.49e-09	779.470794	2904.89423	-806.899539	-113.179042	0.548636916	1.23108488e+13
4.5e-09	106.796996	2574.64867	-980.4763	549.761451	0.548646282	1.23109931e+13
4.51e-09	-117.256346	3032.90147	33.5821091	678.409376	0.548677416	1.23111399e+13
4.52e-09	162.1544	3562.80259	-943.344967	-504.871646	0.548678726	1.23112902e+13
4.53e-09	1285.78801	3427.94068	-1245.39968	372.836406	0.548671285	1.23114239e+13
4.54e-09	983.470115	2630.52238	-2741.77099	1593.73216	0.548642977	1.23115286e+13
4.55e-09	943.804445	3301.50162	-3196.00287	1892.03379	0.548573206	1.23115892e+13
4.56e-09	-194.765553	2751.97145	-1994.36994	1926.47735	0.54855252	1.23115951e+13
4.57e-09	2446.91498	1813.83701	-1345.14332	993.423284	0.548542594	1.23115929e+13
4.58e-09	960.907885	2633.214	-573.979554	3507.55133	0.548550652	1.23115928e+13
4.59e-09	1532.65256	208.177448	-406.44002	2912.13085	0.548542546	1.23115848e+13
4.6e-09	338.034247	-155.422606	-1492.04111	3239.51905	0.548537665	1.23115801e+13
4.61e-09	988.817101	-970.81737	-736.792111	2853.39252	0.548536298	1.2311568e+13
4.62e-09	2727.49978	-1451.94572	604.506854	2363.2603	0.54855735	1.23115657e+13
4.63e-09	2424.45483	-2050.39408	181.103294	1355.00886	0.548576676	1.23115796e+13
4.64e-09	-369.314276	-1928.623	2446.12742	1272.92154	0.548593367	1.23116072e+13
4.65e-09	34.3457414	-262.417141	6176.44418	1080.58014	0.548566972	1.23116399e+13
4.66e-09	711.077265	-1486.16401	3747.48719	3567.78228	0.54846044	1.23116073e+13
4.67e-09	1578.35762	-698.93088	3462.01072	2041.8336	0.548408447	1.23115074e+13
4.68e-09	2568.61808	-1739.94571	2533.51608	800.379423	0.548398264	1.23113929e+13
4.69e-09	1509.94776	-1386.13274	2976.99988	1734.78473	0.548403193	1.23112868e+13
4.7e-09	448.78416	680.408987	2617.82998	3271.87134	0.548406046	1.23111966e+13
4.71e-09	381.524678	865.778226	1279.69342	2991.32572	0.548391174	1.23111083e+13
4.72e-09	1107.52321	758.612837	2177.01035	3024.50527	0.54837654	1.23110188e+13
4.73e-09	213.618279	1765.07156	2007.66205	1506.48688	0.548391175	1.23109327e+13
4.74e-09	-538.183101	2729.24099	2172.00436	1228.29702	0.548395858	1.23108669e+13
4.75e-09	-454.69953	1821.13486	575.642594	-250.875347	0.548438363	1.23108197e+13
4.76e-09	1401.58505	747.588815	-381.491953	-1095.28856	0.548496198	1.23108215e+13
4.77e-09	2479.90376	-247.467892	-2097.72988	-635.503619	0.548522557	1.23108616e+13
4.78e-09	1666.8303	369.980067	-3646.21986	-1132.59979	0.548505069	1.23109027e+13
4.79e-09	-440.109216	196.242253	-3128.93569	-1531.35045	0.548495222	1.23109219e+13
4.8e-09	-871.103247	1459.87549	-2034.35216	-952.856537	0.548497051	1.23109394e+13
4.81e-09	-851.187123	654.793874	-1837.83175	-322.16458	0.548532777	1.2310969e+13
4.82e-09	-112.621907	-105.59373	-2095.63878	-771.505531	0.548573812	1.23110312e+13
4.83e-09	-2381.44229	-795.629127	-2534.31522	717.185755	0.548591955	1.23111105e+13
4.84e-09	-1596.72858	-2060.68325	-2282.40864	1996.46807	0.548592215	1.23111916e+13
4.85e-09	-936.992676	-3530.51354	-3951.87289	-224.196383	0.548568191	1.23112575e+13
4.86e-09	428.268408	-1168.88753	-5081.55805	141.988349	0.548487695	1.2311276e+13
4.87e-09	-1623.71667	100.402668	-3397.07627	-366.741655	0.548464792	1.23112407e+13
4.88e-09	-164.119966	-412.391874	-3390.66136	-199.418554	0.548480104	1.23112072e+13
4.89e-09	2046.39005	-887.806159	-2704.87061	-171.280319	0.548488323	1.23111898e+13
4.9e-09	2696.04694	-2484.77041	-2342.57755	-739.63301	0.5485033	1.23111841e+13
4.91e-09	2728.45282	-591.045854	-3350.59095	-1189.6587	0.548469855	1.23111697e+13
4.92e-09	1080.03603	-261.961953	-1693.33306	1431.11641	0.548499477	1.23111482e+13
4.93e-09	1514.71682	-575.54505	-1116.95615	2996.12852	0.548529492	1.23111607e+13
4.94e-09	2341.71734	318.056555	-1130.31797	1074.64537	0.54854586	1.23111895e+13
4.95e-09	2730.52514	254.709615	-222.0915	-105.470613	0.548579768	1.23112366e+13
4.96e-09	3096.33662	114.371694	1153.59179	1348.11059	0.548592185	1.23113016e+13
4.97e-09	2896.68615	-1104.84291	772.305465	1014.0811	0.548601932	1.23113669e+13
4.98e-09	1211.44081	-821.91055	-404.842196	974.399835	0.548634496	1.23114394e+13
4.99e-09	1202.03591	-658.196613	-2139.16503	574.829657	0.548673002	1.23115392e+13
5e-09	735.863334	-651.165475	-3070.86974	-458.987025	0.54868932	1.23116537e+13
5.01e-09	567.15453	-1761.12128	-5039.72383	1363.36962	0.548653766	1.23117568e+13
5.02e-09	160.027031	-468.391358	-4868.47047	303.886196	0.54857856	1.23117934e+13
5.03e-09	-608.979498	-790.300953	-3628.13958	13.7558461	0.548554411	1.23117842e+13
5.04e-09	-719.954473	-272.355264	-4944.94692	116.78997	0.548541163	1.23117674e+13
5.05e-09	-1525.31283	-230.413939	-4912.81433	-1533.4177	0.548469126	1.23117161e+13
5.06e-09	-1079.87054	1233.19854	-4783.19179	-1020.9533	0.548418023	1.23116184e+13
5.07e-09	-1259.74364	1790.9973	-5779.46138	-1826.39453	0.548294295	1.2311467e+13
5.08e-09	-1022.03464	1971.01957	-4172.5182	-2834.91058	0.548196624	1.23112278e+13
5.09e-09	-1957.74956	1894.11435	-2977.18729	-1728.97942	0.548161647	1.23109485e+13
5.1e-09	-1227.6918	944.416787	436.681296	-3059.92989	0.548161883	1.23106883e+13
5.11e-09	-856.632344	-467.789504	-86.2381913	-2943.01638	0.548176956	1.23104572e+13
5.12e-09	72.2527597	-175.470891	1537.96779	-2887.97408	0.548190416	1.23102629e+13
5.13e-09	786.998658	101.903579	3280.0458	-1054.59839	0.548205261	1.23100965e+13
5.14e-09	-2066.72782	1648.59493	954.761882	-2619.09462	0.548233193	1.23099602e+13
5.15e-09	-1585.71763	2093.96858	1732.32581	245.065889	0.548250956	1.23098555e+13
5.16e-09	-1036.62269	3543.75483	1095.1208	-99.2525922	0.548236471	1.23097702e+13
5.17e-09	-3448.07269	3112.95329	-550.30865	-621.983556	0.548233808	1.23096806e+13
5.18e-09	-4996.22127	2604.47182	708.96246	-404.246575	0.548190829	1.23095845e+13
5.19e-09	-4873.77352	1360.34371	1018.29973	-518.428861	0.548133553	1.23094523e+13
5.2e-09	-3878.56753	996.801069	900.691564	-1315.63181	0.548096049	1.23092931e+13
5.21e-09	-1426.85465	1197.65028	-22.8388691	-508.770435	0.548129144	1.23091425e+13
5.22e-09	-337.924283	1034.55577	-422.043415	-1528.85475	0.548186098	1.2309048e+13
5.23e-09	-354.602624	1726.23089	-1323.81292	-2666.64373	0.548219903	1.23090013e+13
5.24e-09	-353.010888	3013.49104	-1566.80507	-1215.33082	0.548247247	1.23089834e+13
5.25e-09	-1236.36014	1022.9904	-685.601775	-2039.82339	0.548285759	1.23089915e+13
5.26e-09	-2598.3129	2684.21099	-216.678729	-2947.42306	0.548293066	1.23090251e+13
5.27e-09	-3602.45584	175.882225	-80.2985079	-1742.00573	0.548260584	1.23090401e+13
5.28e-09	-2108.14895	764.966265	439.392094	-1422.56143	0.548283204	1.23090457e+13
5.29e-09	-2467.48618	-1417.96033	1327.03458	-1395.20898	0.548305153	1.23090752e+13
5.3e-09	-922.13901	-1033.95261	1284.47113	-2339.47517	0.548318079	1.23091136e+13
5.31e-09	872.370279	-1841.87561	772.212659	-732.40281	0.548352477	1.2309168e+13
5.32e-09	270.689349	-2845.60009	2313.34386	-2361.11086	0.548382832	1.23092467e+13
5.33e-09	1138.73105	-3046.79234	1599.69357	-306.914842	0.548370308	1.23093214e+13
5.34e-09	343.830691	-4542.56701	113.492996	-38.074187	0.548352534	1.23093852e+13
5.35e-09	938.098026	-3413.35069	-383.921724	-1383.35825	0.548335425	1.2309423e+13
5.36e-09	2244.74829	-2565.46373	-28.1464653	775.011899	0.548363169	1.23094598e+13
5.37e-09	-181.125143	-2833.10751	1985.77488	1277.83639	0.54837698	1.2309514e+13
5.38e-09	147.202855	-3222.83298	1384.72108	-63.5825626	0.548389559	1.23095709e+13
5.39e-09	-1504.42488	-1602.11133	45.0040076	971.730597	0.548428842	1.23096401e+13
5.4e-09	-1662.77971	-788.621005	632.273351	1541.93737	0.548474713	1.23097409e+13
5.41e-09	-1669.31767	171.915489	2539.82037	2085.2037	0.548505467	1.23098652e+13
5.42e-09	-1301.52712	2026.37347	1976.37816	1268.2884	0.548517821	1.23099925e+13
5.43e-09	-116.041104	1879.45321	3001.09564	1999.01099	0.548506872	1.23101152e+13
5.44e-09	-1157.45199	1354.98269	2560.94158	3139.4412	0.548477559	1.2310208e+13
5.45e-09	-23.9049703	-223.27941	2029.90316	2926.98925	0.548477895	1.23102744e+13
5.46e-09	1916.06519	2243.07316	2011.37732	1097.87138	0.548495942	1.23103455e+13
5.47e-09	1063.03819	1701.35046	3315.91673	3160.65943	0.548487712	1.23104176e+13
5.48e-09	1861.55367	134.171114	1846.66737	2045.9701	0.548468126	1.23104636e+13
5.49e-09	542.659386	1738.91774	1298.86945	793.663476	0.548496278	1.23105097e+13
5.5e-09	-195.876847	1149.86192	2157.34494	938.300479	0.548524802	1.23105773e+13
5.51e-09	727.039896	1214.39523	2027.86153	539.347803	0.548556711	1.23106631e+13
5.52e-09	1720.95745	2075.20145	1962.9775	685.034544	0.548572018	1.23107612e+13
5.53e-09	49.0578068	1083.75243	1238.99498	1054.56832	0.548597096	1.23108627e+13
5.54e-09	-991.960674	253.104231	3842.59744	-133.869053	0.54863112	1.23109865e+13
5.55e-09	-1282.34448	-935.114508	3817.25931	-634.068239	0.548607886	1.23111025e+13
5.56e-09	-844.470136	-422.077493	3362.1799	-306.771428	0.548599349	1.23111913e+13
5.57e-09	696.303471	-2483.63846	3352.38348	-540.712169	0.548599115	1.23112717e+13
5.58e-09	552.947093	-1870.88837	1230.31663	-1549.15969	0.548597064	1.23113376e+13
5.59e-09	-325.341456	1442.88236	-529.708472	-1925.36872	0.548631113	1.23114123e+13
5.6e-09	-2309.01966	1808.11081	-2196.49864	-1628.2939	0.548649926	1.2311505e+13
5.61e-09	-620.469801	1105.43683	-2230.60937	-1446.70905	0.548643202	1.23115913e+13
5.62e-09	-1708.59412	1751.18302	-3421.94894	-2209.183	0.54864416	1.23116697e+13
5.63e-09	-1381.55072	1798.46398	-2610.22141	-894.89991	0.548633476	1.23117298e+13
5.64e-09	-947.587129	348.136626	-1836.99597	-351.242863	0.548650667	1.23117887e+13
5.65e-09	-1351.52375	-614.140542	-800.201476	-1001.4573	0.548698527	1.23118714e+13
5.66e-09	-2134.63699	220.320143	4.49374354	-1211.53411	0.548738152	1.23119827e+13
5.67e-09	-1874.61138	825.55092	-898.91698	-990.350545	0.548777271	1.23121158e+13
5.68e-09	-1213.84702	316.450179	-1480.59512	-509.447635	0.548797589	1.2312262e+13
5.69e-09	-749.687915	224.133695	-3146.82021	-1125.1358	0.548832582	1.23124184e+13
5.7e-09	-1112.29618	2390.39271	-3183.95465	-514.499939	0.54882132	1.23125707e+13
5.71e-09	-2423.51723	1391.01702	-4334.39044	1461.25219	0.5487617	1.23126855e+13
5.72e-09	-2533.5001	2894.43682	-2684.78254	-5.92131563	0.548684547	1.23127235e+13
5.73e-09	-2194.03542	2552.84628	-1960.44112	-947.327124	0.548662052	1.23127157e+13
5.74e-09	-804.183841	2846.02731	-4128.44946	1085.8635	0.548609002	1.23126858e+13
5.75e-09	-241.846404	2534.18681	-2667.16911	2997.54012	0.548553753	1.2312607e+13
5.76e-09	-905.603252	2500.7562	-2152.33445	2293.29789	0.54853396	1.2312505e+13
5.77e-09	-892.6389	-62.5392574	179.163094	1494.48922	0.548556288	1.23124099e+13
5.78e-09	-151.700351	130.816933	1381.80613	1910.08985	0.548598107	1.23123551e+13
5.79e-09	437.565676	1582.95474	765.976063	1720.97152	0.548634622	1.23123361e+13
5.8e-09	85.2168848	500.14796	1849.81653	3381.24292	0.548630134	1.23123373e+13
5.81e-09	1730.59248	1654.58753	1109.27853	1980.26415	0.548625178	1.23123267e+13
5.82e-09	1121.5208	1105.80277	-994.938488	1292.60846	0.548667775	1.23123321e+13
5.83e-09	187.772322	1526.82249	-389.357963	593.535947	0.548698493	1.23123697e+13
5.84e-09	112.697114	657.579603	-642.593163	422.805312	0.548760512	1.23124414e+13
5.85e-09	1177.77997	762.321483	-1384.08005	827.192437	0.548812642	1.23125559e+13
5.86e-09	579.121423	-804.953768	-3318.97852	663.508952	0.548838089	1.23126939e+13
5.87e-09	1073.90114	-979.232616	-7411.50348	418.549478	0.548750629	1.23128077e+13
5.88e-09	1936.48957	-4330.14044	-5659.94843	-818.552537	0.548494797	1.23127604e+13
5.89e-09	993.57155	-2990.35325	-4632.74884	-2332.54886	0.548329001	1.23125335e+13
5.9e-09	-576.102912	-3079.83516	-3620.4182	-1796.63585	0.548232594	1.23122204e+13
5.91e-09	508.538227	-3929.31014	-1903.64046	-1414.59985	0.548190551	1.23118814e+13
5.92e-09	246.860482	-3947.08804	-373.526992	-2060.96581	0.54813536	1.23115382e+13
5.93e-09	-1473.0203	-2802.25211	65.6319452	-3202.29104	0.548109138	1.23111892e+13
5.94e-09	-595.824368	-844.092904	371.439326	-3115.63261	0.54808243	1.23108497e+13
5.95e-09	-703.02322	-1259.47812	558.434043	-2253.69152	0.548113647	1.23105415e+13
5.96e-09	-2689.52402	-659.537893	1218.41003	-3712.26803	0.548131916	1.23102928e+13
5.97e-09	-3026.12231	126.346185	246.323812	-3462.50704	0.548094068	1.2310057e+13
5.98e-09	-3197.82792	-1193.04356	1729.96251	-4073.85351	0.548046912	1.23098134e+13
5.99e-09	-3468.84598	-2163.32256	1292.30213	-2564.93102	0.547984983	1.23095387e+13
6e-09	-3065.64438	-1455.03272	1438.07478	-2710.25821	0.547961635	1.23092538e+13
6.01e-09	-2637.81986	-2398.336	121.968576	-2796.20381	0.547987908	1.23089961e+13
6.02e-09	-2673.67026	-1891.24491	-293.127659	-3185.36885	0.547963989	1.2308767e+13
6.03e-09	-3291.71387	-1710.28547	1080.6761	-2311.49016	0.547915406	1.23085324e+13
6.04e-09	-2323.83984	-697.305363	-783.280399	-1210.7366	0.547938967	1.23082998e+13
6.05e-09	-1991.0226	-2087.75537	-1764.70785	-2039.45459	0.547966317	1.23081173e+13
6.06e-09	1060.48066	-1034.30504	-935.373742	-2871.5588	0.548001094	1.2307973e+13
6.07e-09	1917.25621	55.9180087	-541.676825	-3953.97521	0.548018744	1.23078688e+13
6.08e-09	2294.36182	1081.0492	-683.327978	-2314.44674	0.548018888	1.23077749e+13
6.09e-09	2383.44932	1756.16246	362.195281	-1079.40471	0.548044145	1.23077037e+13
6.1e-09	2761.23648	1747.79258	-651.934525	-2464.07546	0.54805402	1.23076583e+13
6.11e-09	-199.944934	-440.406682	221.533265	-3124.91285	0.5480882	1.23076283e+13
6.12e-09	-117.290645	122.662772	-1694.91344	-3442.22327	0.548104502	1.23076288e+13
6.13e-09	-234.022584	1067.36764	-1926.93648	-4965.40238	0.548078797	1.23076263e+13
6.14e-09	-203.867901	1031.27895	-528.138978	-5860.27441	0.547941844	1.23075628e+13
6.15e-09	-334.214256	1270.59664	-795.313314	-4455.47195	0.547866357	1.23074041e+13
6.16e-09	-312.903468	445.22735	-743.55186	-5163.18229	0.547840724	1.23072225e+13
6.17e-09	-445.791555	-1361.99286	-1199.96814	-2507.54157	0.547843233	1.23070427e+13
6.18e-09	1599.73417	-1650.32956	-713.986149	-3332.07421	0.54787261	1.23068997e+13
6.19e-09	1642.55353	-437.481395	-597.955414	-4074.21343	0.547868953	1.23067797e+13
6.2e-09	2531.13361	-1733.93994	718.918926	-4272.17691	0.547829811	1.23066573e+13
6.21e-09	1888.4028	-1847.97404	686.535131	-3950.11537	0.547808911	1.23065139e+13
6.22e-09	1297.0686	-903.269826	481.595333	-2340.37614	0.547802155	1.23063727e+13
6.23e-09	685.892049	-85.5939041	529.289048	-567.033806	0.547862407	1.23062663e+13
6.24e-09	517.318624	-385.154231	848.67985	-443.872264	0.547926572	1.23062254e+13
6.25e-09	2673.73746	-912.189046	1892.06148	-199.823884	0.547980972	1.23062395e+13
6.26e-09	1240.70944	-2291.43606	3681.70437	2390.97871	0.547988939	1.23062839e+13
6.27e-09	-265.758381	-1290.10624	2617.4966	2531.64389	0.548003346	1.23063216e+13
6.28e-09	1092.76069	-491.44609	908.280918	1417.23617	0.54803208	1.23063748e+13
6.29e-09	1393.22456	-467.054532	2235.76428	201.648043	0.548079905	1.23064564e+13
6.3e-09	2809.45517	-1260.00459	1030.00918	171.26773	0.5481219	1.23065678e+13
6.31e-09	2847.72577	83.6289484	1545.53743	9.32330259	0.548151865	1.23066984e+13
6.32e-09	1221.34052	1423.85534	1365.61027	1267.73678	0.548196531	1.23068445e+13
6.33e-09	1901.06109	-2426.48268	2796.79495	1849.57648	0.548191603	1.23070007e+13
6.34e-09	2527.44577	-2494.77336	3057.24394	755.308426	0.548158004	1.23071253e+13
6.35e-09	1885.37777	-2347.68989	2886.78836	-270.21217	0.548145905	1.23072152e+13
6.36e-09	1734.65758	-2510.57949	3210.99452	-777.166456	0.548153252	1.23072938e+13
6.37e-09	547.134909	-883.505721	2858.94356	-213.723214	0.548161568	1.23073698e+13
6.38e-09	833.357384	-282.044959	2563.933	501.803696	0.548199616	1.23074594e+13
6.39e-09	939.28585	-129.055213	2129.6695	-233.064184	0.548237386	1.23075713e+13
6.4e-09	-557.057701	-1356.34727	1469.07566	-2025.80073	0.548273829	1.23077066e+13
6.41e-09	-2544.59885	115.959441	1520.35694	-1631.28614	0.548312787	1.23078596e+13
6.42e-09	-2562.26829	-260.518551	1572.36647	-2625.37686	0.548304677	1.23080148e+13
6.43e-09	-1596.08365	-1503.45812	1957.1967	-3065.83684	0.548309754	1.23081494e+13
6.44e-09	-1634.20822	-2479.22548	969.952022	-2764.67467	0.548309238	1.23082723e+13
6.45e-09	-2117.43991	-1778.93111	642.450184	-2343.88462	0.548304805	1.23083811e+13
6.46e-09	-1845.77166	-2070.23142	-394.774614	-1123.25978	0.548300757	1.23084773e+13
6.47e-09	-1486.06565	-1208.88276	-1501.23547	-167.252184	0.548347026	1.23085808e+13
6.48e-09	-2130.64826	-384.642252	-3498.58277	988.503262	0.548358768	1.23087062e+13
6.49e-09	-2614.14932	8.63643179	-2424.69203	-197.451118	0.548357719	1.23088168e+13
6.5e-09	-370.421804	-1418.99626	-1204.14941	-286.909589	0.548396416	1.23089293e+13
6.51e-09	-1510.52835	-1101.85536	-2745.91641	-427.61561	0.548423329	1.23090682e+13
6.52e-09	-2521.53031	-1117.65189	-1531.66892	861.586476	0.548439803	1.23092044e+13
6.53e-09	-940.274808	-1565.60491	31.1628295	1149.42786	0.548462133	1.23093437e+13
6.54e-09	488.931034	-1892.16289	-2414.12623	1176.19609	0.54849907	1.23094975e+13
6.55e-09	-407.792035	-2352.08828	-3016.91783	542.2752	0.54848115	1.23096476e+13
6.56e-09	56.367062	-3495.26494	-4683.83506	864.254772	0.548443616	1.2309768e+13
6.57e-09	1307.4516	-3668.23736	-2166.5029	1217.12203	0.548386531	1.23098259e+13
6.58e-09	1141.52207	-1175.59771	-1518.60355	1276.46959	0.54839068	1.23098525e+13
6.59e-09	1606.48403	-904.89625	-197.083504	115.333616	0.54843668	1.23099021e+13
6.6e-09	-480.695069	-517.764189	1472.27379	1634.91662	0.548493434	1.23099884e+13
6.61e-09	1906.73754	-335.016893	-183.204921	1232.43631	0.548549006	1.23101129e+13
6.62e-09	1919.79518	458.894994	-1781.42692	449.009241	0.548577876	1.23102636e+13
6.63e-09	869.740522	1625.06086	-1273.65358	1435.98046	0.548610925	1.23104244e+13
6.64e-09	-1293.54832	3330.91619	-1567.18073	2516.66742	0.548610608	1.23105893e+13
6.65e-09	-1658.05541	1979.66068	-942.667732	2069.39858	0.5485722	1.23107163e+13
6.66e-09	-439.821971	1531.53387	945.234903	1222.33846	0.548599575	1.23108256e+13
6.67e-09	196.928789	791.454734	55.7212342	1317.40687	0.548647214	1.2310955e+13
6.68e-09	-910.981393	-672.980542	-909.484836	265.755107	0.54869962	1.23111159e+13
6.69e-09	-1882.70462	-2165.64262	-176.87057	852.065491	0.548745101	1.23113034e+13
6.7e-09	-3530.31115	-1583.19639	-124.573173	962.228803	0.548753953	1.23114961e+13
6.71e-09	-2408.09335	-191.782412	1290.66247	1160.18795	0.548757967	1.23116729e+13
6.72e-09	-1039.43699	-807.657135	-49.2512193	-103.08606	0.548797962	1.23118486e+13
6.73e-09	-610.451714	-163.124955	-151.38675	-1004.70031	0.548851719	1.23120488e+13
6.74e-09	373.720387	-349.616301	-2437.62746	-2016.95165	0.548887837	1.23122724e+13
6.75e-09	651.920424	-874.482393	-602.686199	-1076.92004	0.548925566	1.23124981e+13
6.76e-09	2854.27571	1397.46096	-1609.6447	-74.7322984	0.548950924	1.23127367e+13
6.77e-09	2050.70709	-52.875979	-1613.04149	-1247.3095	0.548958622	1.23129633e+13
6.78e-09	2453.03996	-17.863544	-1732.10229	-1511.77249	0.548965903	1.23131749e+13
6.79e-09	2497.94548	-676.93091	-551.830681	-239.635283	0.548990834	1.23133759e+13
6.8e-09	848.103526	765.289291	-303.736441	-536.868394	0.549042181	1.23135891e+13
6.81e-09	625.589915	288.813208	-330.476592	-458.80565	0.549090529	1.2313826e+13
6.82e-09	-148.183361	3026.90268	-329.489027	-445.457277	0.549137283	1.2314082e+13
6.83e-09	795.075581	2516.61636	410.510422	-849.915705	0.549154441	1.23143391e+13
6.84e-09	818.441691	1721.41804	1338.65427	-330.75299	0.549167737	1.23145845e+13
6.85e-09	712.909419	611.074243	172.743353	11.2992284	0.549208287	1.23148261e+13
6.86e-09	1756.06909	1065.37973	-890.884739	-1655.93865	0.549238861	1.23150811e+13
6.87e-09	1744.61897	418.844448	-905.84602	-1862.91331	0.549237316	1.23153232e+13
6.88e-09	1281.25206	137.40027	-2098.70584	-2871.50221	0.549246021	1.23155442e+13
6.89e-09	2776.99689	-158.659222	-104.046842	-851.759358	0.549257919	1.23157495e+13
6.9e-09	796.4689	-403.315606	-1186.96779	-1175.82852	0.549274585	1.23159467e+13
6.91e-09	686.114989	-693.571116	-2471.80192	-2687.31132	0.549288522	1.23161438e+13
6.92e-09	1794.84116	1351.85381	678.481842	-2666.38984	0.549284175	1.23163229e+13
6.93e-09	1031.97173	-119.651445	-840.779607	-2517.96215	0.549304241	1.23164906e+13
6.94e-09	-515.591428	-1336.22246	-1338.3104	-3696.50943	0.549301268	1.23166561e+13
6.95e-09	283.003603	-490.905625	-867.055068	-2334.21947	0.549284336	1.23167926e+13
6.96e-09	517.622812	273.199122	-572.179392	-4391.9189	0.549248187	1.23169011e+13
6.97e-09	1634.22804	-675.075593	227.121332	-6140.32027	0.549132583	1.23169418e+13
6.98e-09	1130.31343	621.282468	-777.62502	-4816.5122	0.548991875	1.2316863e+13
6.99e-09	396.640031	610.082909	-3629.16697	-4148.26461	0.548905392	1.23167025e+13
7e-09	-38.8712498	2280.76022	-4899.34865	-3524.59051	0.548790702	1.23164776e+13
7.01e-09	-459.726571	1703.38161	-3074.75135	-3477.64153	0.548669311	1.23161621e+13
7.02e-09	-1047.94817	937.063259	-1854.7971	-2779.61451	0.548633698	1.23158115e+13
7.03e-09	-1062.48938	610.458111	-2298.31502	-1585.20777	0.54864509	1.23154859e+13
7.04e-09	-1260.59069	384.990698	-2076.37362	-512.548675	0.548683111	1.23152105e+13
7.05e-09	593.242725	471.898048	-457.859127	-742.844053	0.548739579	1.2315e+13
7.06e-09	296.734872	71.0740028	-740.339648	281.652226	0.54880314	1.23148597e+13
7.07e-09	2345.55053	479.618074	95.7582372	637.719229	0.548855505	1.2314783e+13
7.08e-09	2940.26354	1080.54134	-5.68852587	1425.68699	0.548863627	1.23147402e+13
7.09e-09	2412.28224	-311.553739	461.04359	1967.09047	0.548862645	1.23147032e+13
7.1e-09	-62.5440137	274.793844	1711.70923	1868.56215	0.548891254	1.23146774e+13
7.11e-09	205.516642	-257.964332	387.436485	2167.43969	0.548924	1.23146812e+13
7.12e-09	1750.17148	-538.757243	1157.68226	1765.08095	0.548946619	1.23147083e+13
7.13e-09	-254.827623	-574.890256	429.428177	3080.24116	0.548960627	1.23147526e+13
7.14e-09	-290.380463	-296.732376	382.504267	4177.4691	0.548919738	1.23147836e+13
7.15e-09	172.58482	332.636174	972.798448	4415.40483	0.548905213	1.23147837e+13
7.16e-09	1164.61934	822.062907	2947.70932	4598.83091	0.548828852	1.23147515e+13
7.17e-09	1420.05979	1726.1038	3286.56072	3948.65037	0.548717039	1.23146383e+13
7.18e-09	-1543.60562	1294.06916	2502.53192	2677.72997	0.54863753	1.23144575e+13
7.19e-09	255.962111	996.258578	2039.62689	1426.88525	0.548639357	1.2314256e+13
7.2e-09	578.994277	1049.71573	1965.7869	-462.531686	0.548675672	1.23140917e+13
7.21e-09	-777.583746	793.113051	1903.17493	-2119.16961	0.548713721	1.23139749e+13
7.22e-09	906.361319	-272.291091	3626.93433	-1957.04519	0.548702057	1.23138857e+13
7.23e-09	640.102042	-198.562221	3652.6937	-3223.08656	0.548658041	1.231378e+13
7.24e-09	233.466999	-1644.03113	2314.6949	-3489.44701	0.548572264	1.23136291e+13
7.25e-09	2322.58278	-2517.73599	1338.43647	-3507.85751	0.548562582	1.23134539e+13
7.26e-09	2741.30816	-3602.52339	-324.626406	-3288.97191	0.548488451	1.23132622e+13
7.27e-09	2131.76363	-3667.93773	-106.613901	-2928.21045	0.548393413	1.23130166e+13
7.28e-09	2081.48025	-2872.57698	-876.550492	-2144.61303	0.548349231	1.23127334e+13
7.29e-09	3263.51789	-3284.55368	-2466.07907	-98.56629	0.54833107	1.23124551e+13
7.3e-09	1898.6248	-2533.50767	-3178.55598	-1778.39629	0.54828839	1.23121708e+13
7.31e-09	1069.14568	-3266.79442	-2547.31628	-1996.10219	0.548234021	1.23118803e+13
7.32e-09	2668.18242	-2907.06112	-2945.26644	-1284.0366	0.548207776	1.2311583e+13
7.33e-09	1480.03256	-1686.47444	-2942.64831	-906.146014	0.548193674	1.23112909e+13
7.34e-09	912.149368	-2093.55095	-3850.81995	-398.306701	0.548177452	1.23110222e+13
7.35e-09	109.724092	-1660.48976	-4136.54945	-1747.84675	0.548173273	1.23107646e+13
7.36e-09	-184.333656	-450.458347	-4652.1622	-3404.58128	0.548106115	1.23105074e+13
7.37e-09	-966.678341	382.496793	-4004.69185	-3909.45582	0.548014663	1.23102058e+13
7.38e-09	-2138.45005	67.1222117	-4132.5379	-1692.9812	0.547961184	1.23098701e+13
7.39e-09	-921.157731	1126.17005	-3846.27414	-484.887898	0.547929625	1.23095312e+13
7.4e-09	-23.175892	570.684672	-240.03412	-756.574749	0.547973208	1.23092228e+13
7.41e-09	-574.917801	-209.080556	360.340383	-556.879193	0.548051311	1.2308998e+13
7.42e-09	-756.557467	144.76677	470.913978	-811.447606	0.548121144	1.23088574e+13
7.43e-09	-1406.01411	-60.2025057	-391.632438	-859.125885	0.548185584	1.23087859e+13
7.44e-09	-553.154095	1934.87025	-1105.50807	754.056732	0.548249169	1.23087742e+13
7.45e-09	356.640581	1817.44675	-1319.11955	2124.32639	0.548291308	1.23088076e+13
7.46e-09	2547.7631	1347.88776	-1729.68469	2658.20482	0.548318118	1.23088661e+13
7.47e-09	1717.14233	2161.29877	-1537.67693	2920.66702	0.548281482	1.23089184e+13
7.48e-09	3107.1105	2756.69879	-510.591153	3677.18085	0.548224137	1.23089294e+13
7.49e-09	4171.19359	2230.80778	-773.910625	3430.30158	0.54814365	1.2308881e+13
7.5e-09	3149.45679	3619.38897	-497.340376	3198.08365	0.548017382	1.23087539e+13
7.51e-09	2218.43775	3040.82696	-773.040717	2894.16477	0.547956831	1.23085546e+13
7.52e-09	2197.30694	1891.34906	77.7252713	2457.48745	0.547937155	1.23083403e+13
7.53e-09	1879.68903	202.468592	-803.00127	1389.62597	0.547976481	1.23081512e+13
7.54e-09	641.406718	434.839832	-1098.99583	1204.78714	0.548036905	1.23080231e+13
7.55e-09	1007.35267	-2241.06286	-1439.08552	1132.57501	0.548089523	1.23079577e+13
7.56e-09	668.800893	-2254.82	-2728.49678	553.64303	0.548113466	1.23079294e+13
7.57e-09	-445.52196	-881.454632	-3541.21726	678.6869	0.548141949	1.23079234e+13
7.58e-09	382.686375	-303.197203	-3152.26999	-1425.46024	0.548150854	1.23079332e+13
7.59e-09	-137.42295	-924.54523	-1139.75447	-1539.39567	0.548198065	1.23079611e+13
7.6e-09	-187.88241	-554.969456	-1316.5372	-937.825387	0.548265404	1.23080368e+13
7.61e-09	-970.482074	-172.486806	-1189.31778	423.380082	0.548328166	1.23081598e+13
7.62e-09	214.755199	-1344.50021	-1558.23408	-225.820372	0.548385406	1.23083204e+13
7.63e-09	686.612718	-3453.917	-2421.47281	-481.645905	0.548425449	1.23085107e+13
7.64e-09	-1092.2312	-1772.73041	-1918.01885	-428.163948	0.54841336	1.23086902e+13
7.65e-09	-994.461303	-605.945103	-295.842507	456.024987	0.548461525	1.23088655e+13
7.66e-09	1581.72716	-484.415405	674.616462	520.984497	0.548517635	1.23090704e+13
7.67e-09	985.123558	-2769.83269	-757.477558	910.117977	0.548547923	1.23092951e+13
7.68e-09	1443.29366	-1967.66894	786.698466	-1493.0108	0.54858038	1.23095201e+13
7.69e-09	1370.68067	-156.686795	-685.07193	-2591.32603	0.548612984	1.23097539e+13
7.7e-09	854.069626	943.635855	589.027526	-2953.54106	0.548626367	1.23099851e+13
7.71e-09	915.668959	827.896472	212.88993	-2193.53769	0.548651535	1.23102074e+13
7.72e-09	-2185.99645	528.481048	827.155434	-2039.2405	0.548666151	1.23104304e+13
7.73e-09	-2369.5978	1121.54667	840.72882	-1205.20359	0.54869111	1.23106431e+13
7.74e-09	-1069.84063	1829.27749	-254.827378	116.648882	0.548716044	1.23108554e+13
7.75e-09	-373.061773	3357.02863	975.607301	-927.235439	0.54875345	1.23110773e+13
7.76e-09	-1414.10785	2616.64355	926.241	-307.553543	0.548764126	1.23112961e+13
7.77e-09	-3025.83715	1568.70955	530.557846	-2754.7867	0.548761074	1.23115019e+13
7.78e-09	-1141.59376	-261.154803	337.699	-5015.33222	0.548721743	1.23116715e+13
7.79e-09	-905.062802	-334.262815	889.285387	-5686.31466	0.548639354	1.23117773e+13
7.8e-09	1020.07278	-146.023148	-190.222634	-5583.27324	0.548522138	1.23117872e+13
7.81e-09	-922.18414	631.217003	-2556.40282	-6242.45611	0.548380946	1.23117006e+13
7.82e-09	-731.377577	1122.16521	-2310.80193	-5663.38843	0.548228539	1.23114911e+13
7.83e-09	-252.621055	374.256927	-3443.99812	-5963.45588	0.548135913	1.23111989e+13
7.84e-09	110.952958	-727.903032	-1936.52085	-5919.6445	0.547994517	1.2310837e+13
7.85e-09	106.195864	-556.998211	-825.683817	-4967.74698	0.547917515	1.23104145e+13
7.86e-09	1155.78837	-2282.29618	-3143.44763	-4295.14003	0.547870435	1.23099869e+13
7.87e-09	-707.998337	-1838.69593	-4071.44223	-2625.3855	0.547785486	1.23095435e+13
7.88e-09	-808.302323	-1414.81075	-4177.24967	-2890.95276	0.547716602	1.23090792e+13
7.89e-09	-1713.50231	404.615381	-4734.82958	-2594.33828	0.5476753	1.23086116e+13
7.9e-09	-2817.86109	-19.6533987	-3200.3578	-1636.28136	0.547666529	1.23081598e+13
7.91e-09	-2583.91421	-937.535512	-3405.19516	547.071933	0.547652777	1.2307746e+13
7.92e-09	-1373.14393	229.960619	-1805.45998	-51.6663521	0.547684724	1.23073746e+13
7.93e-09	-1226.72714	2064.19377	-2381.03652	-886.556442	0.547737043	1.23070778e+13
7.94e-09	-213.291434	2505.48152	-916.96073	1105.75364	0.547768926	1.23068416e+13
7.95e-09	-280.21237	2632.8903	-1594.74254	93.2802108	0.547810769	1.23066597e+13
7.96e-09	-906.580754	1146.59019	-377.635056	1238.15995	0.54785143	1.23065241e+13
7.97e-09	-1204.50352	1021.42896	183.618531	1696.26335	0.547912071	1.23064481e+13
7.98e-09	-1291.64491	1466.47554	516.382455	49.9108556	0.547952935	1.23064217e+13
7.99e-09	-1458.71411	88.5969459	1544.6116	671.658824	0.548011873	1.23064375e+13
8e-09	-1047.81724	941.007289	2441.1288	1159.17353	0.548054481	1.23064952e+13
8.01e-09	-117.764587	926.879131	1114.40173	-992.061336	0.548104239	1.23065823e+13
8.02e-09	166.024432	1589.87764	2601.66198	720.046247	0.548155993	1.23067072e+13
8.03e-09	701.709851	1436.48847	4190.99252	-1045.52372	0.548150457	1.23068423e+13
8.04e-09	-578.669636	1096.33507	5453.43357	-1807.75535	0.548086639	1.23069405e+13
8.05e-09	-938.323523	1059.27585	4561.17152	-2622.88001	0.547998143	1.23069599e+13
8.06e-09	-251.607217	2262.7687	4859.75959	-1744.85833	0.547910666	1.23069079e+13
8.07e-09	-1110.9881	2306.6063	3408.87877	-3244.0114	0.547853464	1.23067995e+13
8.08e-09	-924.886679	1623.15268	2125.6905	-2699.10187	0.547822176	1.23066579e+13
8.09e-09	-135.926474	65.7243292	1771.09353	-982.670181	0.547864808	1.23065325e+13
8.1e-09	915.7294	-1272.24279	1690.36935	-938.906848	0.547929761	1.23064681e+13
8.11e-09	1445.03476	-2345.03011	3313.28843	-2090.25791	0.547946899	1.23064508e+13
8.12e-09	314.551573	-3546.77419	2706.6957	-2532.67487	0.547889311	1.23064166e+13
8.13e-09	207.618642	-3979.29739	3750.00049	-1162.67763	0.547827169	1.23063382e+13
8.14e-09	558.965947	-4581.01983	1345.24322	-771.399222	0.547794101	1.230622e+13
8.15e-09	2212.41425	-3880.43195	-918.163218	-2166.26284	0.547773634	1.23060926e+13
8.16e-09	1931.89776	-2814.76333	-2593.56839	-2229.42905	0.547722808	1.23059487e+13
8.17e-09	2594.93589	-3099.33101	-3658.5039	-3470.41127	0.547645511	1.23057771e+13
8.18e-09	3425.51892	-1705.02073	-4793.75166	-2349.69897	0.547515009	1.23055275e+13
8.19e-09	3262.63296	-1202.26723	-5215.5027	-505.277232	0.547387391	1.23051963e+13
8.2e-09	2949.62881	-1253.52882	-5451.83811	-691.785678	0.54726477	1.2304794e+13
8.21e-09	3476.11822	-524.623887	-4958.27261	302.136411	0.547143617	1.23043285e+13
8.22e-09	4406.58458	-646.360699	-3361.5598	647.325433	0.547080009	1.23038243e+13
8.23e-09	2210.47986	-739.328103	-1660.99073	-612.332933	0.547093411	1.23033378e+13
8.24e-09	1217.83286	-2595.31219	-157.236151	-1977.81902	0.547150087	1.23029356e+13
8.25e-09	1766.39693	-2496.59714	-826.867841	-1405.95352	0.547171124	1.23026022e+13
8.26e-09	145.021459	-2149.39779	795.91566	-487.214712	0.547226083	1.23023279e+13
8.27e-09	-854.009818	-419.312023	278.820969	782.191537	0.547304993	1.23021361e+13
8.28e-09	-1048.98808	-680.725694	234.940661	955.670723	0.547379447	1.23020273e+13
8.29e-09	-1434.82509	716.986104	-27.3416062	2588.567	0.547447321	1.23019906e+13
8.3e-09	-3129.3198	1194.5811	281.202131	2516.92687	0.547469218	1.23019963e+13
8.31e-09	-2548.03822	-456.072663	1595.02015	1963.66062	0.547481547	1.23020096e+13
8.32e-09	-1156.63923	-2141.00275	1070.075	1866.94556	0.5475114	1.23020387e+13
8.33e-09	-1280.5793	-363.880296	-188.920327	2310.37966	0.547560048	1.23020964e+13
8.34e-09	-3365.82232	-787.796323	-1668.99032	1024.11561	0.547591473	1.23021862e+13
8.35e-09	-1939.77723	271.48747	-3613.54206	-754.012957	0.547616714	1.23022885e+13
8.36e-09	-1613.94621	782.539577	-4288.15247	760.224647	0.547598706	1.23023881e+13
8.37e-09	-547.931324	-596.527274	-3340.45537	1515.57303	0.547573562	1.23024556e+13
8.38e-09	16.5915063	-115.983991	-3005.42822	1568.01748	0.547578486	1.23025111e+13
8.39e-09	-214.272918	-24.5150972	-1812.65947	2492.58565	0.547615815	1.23025771e+13
8.4e-09	1299.27574	-1035.14259	-2009.76847	1726.4093	0.54764708	1.23026672e+13
8.41e-09	2334.42159	-2147.52772	-1512.71223	1666.41048	0.547677057	1.23027733e+13
8.42e-09	1472.76302	1078.4437	588.08147	2536.57872	0.547701725	1.23028911e+13
8.43e-09	1001.44394	644.099973	-696.145485	3036.05164	0.547734744	1.2303022e+13
8.44e-09	832.564051	231.05184	-1325.67096	1366.41817	0.547783618	1.23031713e+13
8.45e-09	866.936464	-584.36157	-542.38219	1693.58726	0.547843487	1.23033528e+13
8.46e-09	1742.52597	-1232.58538	-910.352909	434.66369	0.547907465	1.23035685e+13
8.47e-09	1871.38129	-679.863976	-1266.42001	-763.171837	0.547949141	1.2303809e+13
8.48e-09	1916.78098	-1021.87165	-2319.06915	-792.421168	0.547985669	1.23040595e+13
8.49e-09	944.972431	584.492721	-2652.10425	-338.765113	0.548031177	1.23043181e+13
8.5e-09	417.740043	698.987636	-2774.15468	-1601.59718	0.548067794	1.23045874e+13
8.51e-09	-973.311199	2559.14539	-1915.69112	-1319.47263	0.548082654	1.2304854e+13
8.52e-09	703.591307	1978.1553	-1572.56653	-758.813376	0.548100904	1.23051074e+13
8.53e-09	1729.67702	1257.33079	-2380.23438	-1099.05812	0.548143704	1.2305363e+13
8.54e-09	2363.48222	1236.59218	-2811.99792	-1601.69201	0.54815216	1.23056185e+13
8.55e-09	-389.515762	55.8400226	-1812.29091	217.071356	0.548181804	1.23058582e+13
8.56e-09	1399.50041	-729.138359	-2438.90139	670.70137	0.548234987	1.23061155e+13
8.57e-09	2447.78906	296.792684	-2321.88291	344.300583	0.548255893	1.23063779e+13
8.58e-09	2279.20042	-599.07757	-352.777039	-161.850019	0.548284526	1.23066338e+13
8.59e-09	1688.08878	-820.132123	-1054.65333	-32.9963403	0.548325144	1.23068952e+13
8.6e-09	1080.95031	939.349573	213.169974	-1017.40585	0.548376141	1.23071724e+13
8.61e-09	959.900099	1705.08052	1673.40264	-1334.40663	0.548423168	1.23074639e+13
8.62e-09	1504.61859	2092.96167	2120.1085	-824.24154	0.548432087	1.23077538e+13
8.63e-09	1646.15183	2495.85367	998.501225	-1935.96453	0.548446214	1.23080223e+13
8.64e-09	1361.02324	3351.57139	-124.117125	-2062.31465	0.548463268	1.23082801e+13
8.65e-09	-305.42169	2400.07687	1115.66817	-2265.64734	0.548463027	1.23085182e+13
8.66e-09	-755.412616	2445.2923	-416.868609	-597.204105	0.548476837	1.23087374e+13
8.67e-09	220.853906	2221.93353	-381.65994	-201.088973	0.548510369	1.23089563e+13
8.68e-09	405.911833	3819.7112	-3189.93494	1796.36723	0.548487533	1.23091701e+13
8.69e-09	1345.78777	3889.78216	-4945.94969	2257.93162	0.548351375	1.23092989e+13
8.7e-09	1517.52132	2917.42875	-5369.55753	819.179677	0.548180556	1.23092846e+13
8.71e-09	1911.07491	2535.1025	-4390.99193	-2174.69323	0.548076679	1.23091584e+13
8.72e-09	2916.50441	1115.00106	-3456.91204	-1523.83801	0.548014018	1.23089658e+13
8.73e-09	2031.05599	1101.10033	-2847.35963	-1534.17051	0.548005222	1.23087637e+13
8.74e-09	425.56245	1575.81013	-2429.2193	-2412.24872	0.548015649	1.23085813e+13
8.75e-09	-410.884167	1122.85789	-1109.77324	-2346.19432	0.548042997	1.23084322e+13
8.76e-09	545.659371	1166.9037	71.9785046	-919.145499	0.548097024	1.23083286e+13
8.77e-09	-358.475647	1450.90499	1960.85802	420.489184	0.548167072	1.23082878e+13
8.78e-09	152.409852	-464.387252	1020.71896	-539.53928	0.548229869	1.23083032e+13
8.79e-09	-77.8357329	-653.265828	1152.56798	-710.345559	0.548295855	1.2308374e+13
8.8e-09	-596.798599	138.251862	1792.02835	-357.161655	0.548352161	1.23084882e+13
8.81e-09	130.648909	-1617.08071	3856.92808	-14.6690901	0.548383447	1.23086314e+13
8.82e-09	292.923639	-647.657547	1967.32702	-1049.9874	0.548392924	1.23087703e+13
8.83e-09	-650.767153	-1242.23954	2084.72092	-2016.9228	0.548433605	1.23089232e+13
8.84e-09	918.138428	-13.5207369	3763.18517	-1316.92221	0.548458756	1.23090866e+13
8.85e-09	2794.14718	657.959471	2092.90439	-536.313512	0.548462623	1.2309245e+13
8.86e-09	2962.64592	1913.89339	2047.79738	-1818.81679	0.548460655	1.2309393e+13
8.87e-09	2799.83944	931.298446	2328.25365	-1757.86605	0.548442983	1.23095173e+13
8.88e-09	2784.45982	496.143509	347.036441	-1178.35179	0.548443892	1.23096213e+13
8.89e-09	2239.01485	-923.026802	1087.22594	-1429.58593	0.548476659	1.23097317e+13
8.9e-09	2405.90296	-1157.7673	1682.19167	-518.320041	0.548499734	1.23098559e+13
8.91e-09	3411.59072	-1174.81948	1767.33838	-1063.59416	0.548484503	1.2309974e+13
8.92e-09	3414.10981	-1273.14947	422.03599	339.151647	0.548479467	1.23100666e+13
8.93e-09	1318.70877	-685.289028	2577.04907	657.884966	0.548498276	1.23101564e+13
8.94e-09	764.157426	-1430.17755	975.796704	271.587633	0.548537523	1.23102615e+13
8.95e-09	1129.234	-3547.62769	266.452968	1277.85455	0.548542725	1.23103813e+13
8.96e-09	1343.55181	-2214.14592	-1785.02128	82.0493475	0.548560906	1.2310491e+13
8.97e-09	-485.308078	-1939.21154	-1552.32761	535.670905	0.548579608	1.23106088e+13
8.98e-09	1202.46642	-3248.65392	-2581.91535	45.2653638	0.548582719	1.23107315e+13
8.99e-09	2744.71492	-3545.52782	-2429.92242	-573.162882	0.548527454	1.23108235e+13
9e-09	1607.92401	-4234.40908	-2172.80018	217.143778	0.548465832	1.23108509e+13
9.01e-09	619.065641	-2364.76457	-2767.88763	202.286866	0.548424865	1.23108338e+13
9.02e-09	1767.81111	-1813.57898	-4303.0912	481.291162	0.548385636	1.2310794e+13
9.03e-09	1304.06672	-1560.58793	-4069.27973	-191.553138	0.548320697	1.23107058e+13
9.04e-09	-1595.59021	-870.539401	-4315.48887	389.362356	0.548316654	1.2310598e+13
9.05e-09	157.868553	-2373.77438	-4812.0425	1105.28514	0.548227582	1.23104665e+13
9.06e-09	186.917346	-2141.82551	-1666.43449	391.262291	0.548201449	1.23102869e+13
9.07e-09	117.700079	-2198.8635	-1987.31821	787.996872	0.548236402	1.2310136e+13
9.08e-09	1165.8249	-2064.74504	-630.492077	517.22835	0.548284042	1.23100305e+13
9.09e-09	-182.70086	-1994.04132	-398.120775	919.256473	0.548339638	1.23099779e+13
9.1e-09	-41.7825651	-2466.33402	-322.609769	1475.25487	0.548383906	1.23099742e+13
9.11e-09	802.052169	-2760.47452	542.856642	1583.14839	0.548410654	1.23099989e+13
9.12e-09	674.472818	-3338.86517	920.320912	-101.764845	0.548422419	1.23100379e+13
9.13e-09	-415.129061	-1806.11349	-314.10216	-1579.50199	0.548443965	1.23100834e+13
9.14e-09	806.149967	-465.853613	160.995051	-1445.17057	0.548496977	1.23101564e+13
9.15e-09	-1405.9583	-252.094355	532.701612	563.879781	0.548561427	1.2310271e+13
9.16e-09	-1560.45152	-1849.04407	-1056.31049	31.131528	0.54861285	1.23104246e+13
9.17e-09	-1992.53626	-1726.93865	-2882.37936	1030.37261	0.548621608	1.23105938e+13
9.18e-09	-1075.24946	-714.679093	-2576.46807	-2302.03937	0.548624045	1.23107451e+13
9.19e-09	-822.450929	-245.207575	-1838.11652	-1921.51974	0.548634169	1.23108868e+13
9.2e-09	-586.184343	44.3248612	-1471.85735	-2562.33397	0.548650786	1.23110274e+13
9.21e-09	-1036.30579	-1641.41553	-412.38788	-286.053352	0.548682269	1.23111752e+13
9.22e-09	-2581.81986	-1615.33212	673.35282	-36.4732508	0.54871357	1.2311339e+13
9.23e-09	-2244.28615	-1468.55096	667.642773	1680.92935	0.548720399	1.23115022e+13
9.24e-09	-3616.03949	2242.25604	-142.788079	962.272498	0.548740597	1.23116609e+13
9.25e-09	-4120.43639	3216.18272	-1769.9325	369.240953	0.548681043	1.23117911e+13
9.26e-09	-3075.17592	3210.29023	-705.563113	743.983778	0.548627185	1.23118534e+13
9.27e-09	-971.164095	431.599745	194.81771	466.016961	0.548654882	1.23118971e+13
9.28e-09	-1797.04118	-486.699357	-1068.0862	2613.04733	0.548692328	1.23119725e+13
9.29e-09	-1310.69075	-1019.66122	-1773.32253	831.392634	0.548706359	1.23120556e+13
9.3e-09	-1706.99459	-221.19474	-922.053138	3202.464	0.548718145	1.231215e+13
9.31e-09	-1314.93148	-940.615951	-296.511552	2720.64106	0.548735873	1.23122411e+13
9.32e-09	-615.683779	-2056.91126	-2301.26795	1992.48411	0.5487574	1.23123421e+13
9.33e-09	-740.857213	-2582.88292	-757.021405	624.558937	0.548776712	1.23124456e+13
9.34e-09	313.725452	-2723.15611	-3209.02779	-250.220053	0.548797199	1.23125639e+13
9.35e-09	715.976738	-2620.47324	-2590.84871	631.068042	0.548777786	1.23126643e+13
9.36e-09	1522.14009	-1697.18528	-3010.8269	247.580584	0.54877588	1.23127506e+13
9.37e-09	1095.21512	-2315.02497	-2455.77235	-493.564686	0.548789783	1.23128337e+13
9.38e-09	2636.53391	-1366.56064	-944.85081	-818.266611	0.548775364	1.23129083e+13
9.39e-09	2389.75142	-1001.01764	-953.776156	-361.281285	0.548788637	1.23129762e+13
9.4e-09	2180.90805	-471.049253	-1127.80457	-1414.68117	0.548811561	1.23130517e+13
9.41e-09	2259.58901	643.921215	-1566.07551	-94.8901537	0.54883767	1.23131401e+13
9.42e-09	564.370206	-1040.42286	1472.65411	779.272681	0.548877495	1.23132452e+13
9.43e-09	1242.32126	881.460435	3188.93306	-437.298481	0.548888658	1.23133689e+13
9.44e-09	-266.585131	-2507.74571	2599.92411	30.8416217	0.548901147	1.23134862e+13
9.45e-09	-636.626303	-1768.28994	2472.71307	120.736743	0.548902156	1.23135976e+13
9.46e-09	-1699.67794	-950.543694	1056.4334	-2286.14719	0.548931215	1.23137095e+13
9.47e-09	-832.649604	435.91793	1798.43786	-2398.46205	0.548947944	1.23138301e+13
9.48e-09	-1697.33326	6.9928306	429.625452	-2039.54946	0.54895217	1.23139499e+13
9.49e-09	349.111419	443.983487	-933.01334	538.469372	0.54898841	1.23140721e+13
9.5e-09	1511.48037	1312.91835	-1886.80317	592.596118	0.549036993	1.23142202e+13
9.51e-09	2517.7792	31.1564301	-2395.05718	533.136534	0.54905682	1.23143837e+13
9.52e-09	3104.65245	-212.007809	-848.119518	259.576832	0.54905756	1.23145388e+13
9.53e-09	2143.94452	455.14416	-367.875927	-1842.40606	0.549061259	1.23146818e+13
9.54e-09	2137.99977	199.55488	-166.424157	-1058.40997	0.549093232	1.23148264e+13
9.55e-09	2144.2826	-380.032852	-928.881248	-1152.27056	0.549116968	1.23149805e+13
9.56e-09	1097.67602	-458.434443	785.101046	-570.549486	0.549156096	1.23151421e+13
9.57e-09	-193.552544	-279.693443	303.586632	-853.558781	0.549208009	1.23153272e+13
9.58e-09	1583.84803	-622.858351	1514.10234	-1011.1423	0.549251338	1.23155375e+13
9.59e-09	1028.49482	-1152.75366	-886.915023	-1163.13633	0.549290478	1.23157588e+13
9.6e-09	1383.83892	-431.576771	-362.558918	-362.018479	0.549329666	1.2315992e+13
9.61e-09	-912.53481	-178.783249	356.726111	-395.584884	0.549378619	1.2316239e+13
9.62e-09	-2617.30677	956.919018	1009.69949	-1856.60931	0.549406624	1.23165004e+13
9.63e-09	-1432.14066	731.338695	1776.68325	-1213.03933	0.549409224	1.23167446e+13
9.64e-09	-3036.50806	2097.99278	1798.82563	471.495082	0.549398278	1.231697e+13
9.65e-09	-2986.02631	2979.1124	2147.1285	2085.52593	0.549329404	1.23171421e+13
9.66e-09	-2356.22316	1245.07765	2188.19015	1851.5897	0.549281741	1.23172387e+13
9.67e-09	-3171.82759	-1031.02571	1119.9857	3488.76841	0.549230306	1.23172976e+13
9.68e-09	-2723.28325	-1490.85136	1575.63959	68.0749066	0.549185925	1.23173042e+13
9.69e-09	-3091.69967	-1024.86381	1201.76565	-810.049842	0.549190635	1.23172938e+13
9.7e-09	-3364.58686	-227.46823	1195.71485	362.163959	0.549175009	1.23172819e+13
9.71e-09	-3986.41448	-334.035166	1831.74067	-577.42216	0.54916028	1.23172599e+13
9.72e-09	-2464.35503	1817.31848	3256.88881	-838.299328	0.549129045	1.23172163e+13
9.73e-09	-2297.38574	4762.90816	2939.41031	-1225.0679	0.549024584	1.23171349e+13
9.74e-09	-2082.6751	4420.50919	1811.21197	-379.66884	0.548913075	1.23169615e+13
9.75e-09	-194.476157	4436.54017	3508.69647	275.398044	0.548819747	1.23167221e+13
9.76e-09	-1879.10115	2528.88282	3705.49374	619.141955	0.54874173	1.23164315e+13
9.77e-09	811.467925	1444.67145	4576.92818	7.80628401	0.548690649	1.23161139e+13
9.78e-09	1419.09285	-208.480934	2860.04581	-903.916055	0.548674821	1.23157917e+13
9.79e-09	146.58189	-573.68673	2798.26979	-289.587745	0.54867701	1.23154993e+13
9.8e-09	-561.632622	124.715649	1869.78757	-358.931631	0.548711852	1.23152479e+13
9.81e-09	-1010.45523	807.029275	1436.75105	-868.439265	0.548765953	1.23150563e+13
9.82e-09	119.40487	386.461533	-238.385976	-1495.89849	0.548815876	1.2314926e+13
9.83e-09	-1599.06644	1257.12198	-1213.10991	-966.708711	0.548860399	1.23148509e+13
9.84e-09	-909.462739	3227.94544	-2251.11963	-1629.34066	0.548855236	1.23148024e+13
9.85e-09	317.636347	1953.68349	-2794.33815	-639.501349	0.548847553	1.23147461e+13
9.86e-09	-1842.09205	2195.85355	-3278.48778	-578.36906	0.548834321	1.23146926e+13
9.87e-09	-2703.48763	2822.58438	-3248.71806	-1116.86624	0.548774767	1.23146154e+13
9.88e-09	-1592.3693	3775.33137	-2109.0804	-1606.42352	0.548719431	1.23144948e+13
9.89e-09	-1054.83267	2403.00267	-2328.30813	-1804.46497	0.548689414	1.23143473e+13
9.9e-09	-145.650354	2494.6049	-3265.30913	-1123.01984	0.548649688	1.23141924e+13
9.91e-09	-594.813942	1813.47632	-3920.51758	-586.663899	0.548619495	1.23140179e+13
9.92e-09	790.181125	1553.83219	-3592.17674	-106.141561	0.54861099	1.23138403e+13
9.93e-09	-602.448051	3296.82359	-2910.04037	2507.08964	0.548605803	1.23136797e+13
9.94e-09	-2297.98232	2833.08949	-4270.93437	1673.93024	0.54854606	1.23135093e+13
9.95e-09	-2462.99637	1492.26033	-2987.49093	1461.93379	0.548467242	1.23132867e+13
9.96e-09	-2192.11292	754.847624	-2579.81524	1819.96526	0.548426978	1.23130408e+13
9.97e-09	-515.209864	1661.46078	-2021.42882	3400.27623	0.548408169	1.23127985e+13
9.98e-09	499.227717	550.332879	-2091.1306	1541.70096	0.54842907	1.23125707e+13
9.99e-09	1433.32285	-462.229179	-1560.93841	1536.33541	0.54846973	1.23123924e+13
1e-08	1155.88147	328.73033	-4161.19636	1608.59904	0.548472336	1.23122564e+13
