# Frequency [GHz] 	Fouriercomponent
-4.99967	 0.253432
-4.99633	 0.558879
-4.993	 0.611695
-4.98967	 0.731038
-4.98633	 0.652102
-4.983	 0.592922
-4.97967	 0.653264
-4.97633	 0.506509
-4.973	 0.698666
-4.96967	 0.537398
-4.96634	 0.779537
-4.963	 0.708859
-4.95967	 0.712914
-4.95634	 0.793522
-4.953	 0.599199
-4.94967	 0.825776
-4.94634	 0.950559
-4.943	 0.270052
-4.93967	 0.656503
-4.93634	 0.436144
-4.933	 0.410753
-4.92967	 0.732749
-4.92634	 0.631276
-4.92301	 1.06077
-4.91967	 0.294381
-4.91634	 0.859684
-4.91301	 0.2272
-4.90967	 0.639542
-4.90634	 0.522693
-4.90301	 0.637732
-4.89967	 0.752123
-4.89634	 0.249676
-4.89301	 0.803731
-4.88967	 0.720026
-4.88634	 0.356173
-4.88301	 0.51286
-4.87967	 0.71141
-4.87634	 0.739596
-4.87301	 0.519369
-4.86968	 0.543277
-4.86634	 0.523832
-4.86301	 0.592644
-4.85968	 0.427376
-4.85634	 0.555802
-4.85301	 0.547739
-4.84968	 0.370179
-4.84634	 0.496686
-4.84301	 0.450234
-4.83968	 0.392416
-4.83634	 0.470741
-4.83301	 0.680937
-4.82968	 0.513233
-4.82634	 0.557573
-4.82301	 0.47084
-4.81968	 0.584887
-4.81635	 0.528281
-4.81301	 0.495766
-4.80968	 0.657571
-4.80635	 0.675341
-4.80301	 0.780782
-4.79968	 0.552852
-4.79635	 0.568274
-4.79301	 0.909805
-4.78968	 0.693302
-4.78635	 0.876698
-4.78301	 0.519291
-4.77968	 0.46487
-4.77635	 0.51769
-4.77302	 0.418737
-4.76968	 0.614224
-4.76635	 0.48263
-4.76302	 0.414234
-4.75968	 0.592494
-4.75635	 0.202472
-4.75302	 0.711307
-4.74968	 0.723755
-4.74635	 0.727995
-4.74302	 0.560431
-4.73968	 0.453326
-4.73635	 0.856023
-4.73302	 0.222884
-4.72968	 0.370961
-4.72635	 0.745936
-4.72302	 0.546969
-4.71969	 0.913868
-4.71635	 0.604644
-4.71302	 0.451687
-4.70969	 0.599287
-4.70635	 0.464888
-4.70302	 0.378256
-4.69969	 0.580996
-4.69635	 0.524844
-4.69302	 0.385063
-4.68969	 0.628402
-4.68635	 0.620662
-4.68302	 0.613065
-4.67969	 0.755233
-4.67635	 0.710586
-4.67302	 0.335644
-4.66969	 1.03545
-4.66636	 0.397534
-4.66302	 0.420198
-4.65969	 0.443192
-4.65636	 0.415379
-4.65302	 0.938634
-4.64969	 0.483659
-4.64636	 0.705234
-4.64302	 0.544373
-4.63969	 0.618761
-4.63636	 0.810172
-4.63302	 0.321605
-4.62969	 0.396995
-4.62636	 0.549115
-4.62303	 0.532047
-4.61969	 0.522925
-4.61636	 0.88722
-4.61303	 0.895233
-4.60969	 0.515029
-4.60636	 0.62196
-4.60303	 0.505156
-4.59969	 0.400808
-4.59636	 0.766699
-4.59303	 1.10099
-4.58969	 0.305653
-4.58636	 0.736742
-4.58303	 0.545616
-4.57969	 0.889863
-4.57636	 0.706931
-4.57303	 0.666031
-4.5697	 0.667609
-4.56636	 0.543507
-4.56303	 0.777257
-4.5597	 0.515221
-4.55636	 0.467942
-4.55303	 0.78971
-4.5497	 0.608004
-4.54636	 0.539639
-4.54303	 0.748672
-4.5397	 0.53127
-4.53636	 0.307435
-4.53303	 0.584098
-4.5297	 0.72133
-4.52636	 0.536378
-4.52303	 0.352995
-4.5197	 0.690807
-4.51637	 0.768687
-4.51303	 0.460693
-4.5097	 0.787603
-4.50637	 0.750897
-4.50303	 0.375477
-4.4997	 0.513154
-4.49637	 0.35808
-4.49303	 0.757313
-4.4897	 0.890587
-4.48637	 0.703473
-4.48303	 0.654442
-4.4797	 0.664873
-4.47637	 0.590328
-4.47304	 0.616908
-4.4697	 0.444499
-4.46637	 1.07713
-4.46304	 0.656695
-4.4597	 0.996382
-4.45637	 0.645983
-4.45304	 0.586463
-4.4497	 0.355624
-4.44637	 0.401735
-4.44304	 0.684128
-4.4397	 0.686312
-4.43637	 0.608443
-4.43304	 0.592815
-4.4297	 0.579074
-4.42637	 0.299566
-4.42304	 0.784571
-4.41971	 0.942696
-4.41637	 0.752442
-4.41304	 0.5992
-4.40971	 0.747527
-4.40637	 0.454863
-4.40304	 0.506596
-4.39971	 0.820837
-4.39637	 0.68567
-4.39304	 0.946101
-4.38971	 0.591256
-4.38637	 0.510017
-4.38304	 0.693834
-4.37971	 0.581546
-4.37637	 0.557989
-4.37304	 0.465387
-4.36971	 0.347917
-4.36638	 0.453413
-4.36304	 0.639688
-4.35971	 0.720857
-4.35638	 0.319963
-4.35304	 0.449366
-4.34971	 0.257075
-4.34638	 0.485837
-4.34304	 0.498121
-4.33971	 0.816535
-4.33638	 0.750233
-4.33304	 0.501234
-4.32971	 0.61878
-4.32638	 0.718848
-4.32305	 0.636096
-4.31971	 0.412398
-4.31638	 0.642542
-4.31305	 0.603016
-4.30971	 0.875391
-4.30638	 0.782427
-4.30305	 1.04151
-4.29971	 0.523249
-4.29638	 0.842193
-4.29305	 0.636361
-4.28971	 0.531618
-4.28638	 0.50674
-4.28305	 0.751341
-4.27971	 0.402028
-4.27638	 0.379236
-4.27305	 0.448244
-4.26972	 0.544821
-4.26638	 0.702081
-4.26305	 0.600319
-4.25972	 0.424208
-4.25638	 0.797556
-4.25305	 0.637072
-4.24972	 0.732793
-4.24638	 0.48964
-4.24305	 0.983797
-4.23972	 0.777093
-4.23638	 0.718143
-4.23305	 0.556967
-4.22972	 0.408535
-4.22638	 0.413382
-4.22305	 0.653636
-4.21972	 0.685333
-4.21639	 0.603979
-4.21305	 0.858536
-4.20972	 0.841255
-4.20639	 0.68267
-4.20305	 0.705242
-4.19972	 0.873075
-4.19639	 0.649012
-4.19305	 0.48451
-4.18972	 0.585521
-4.18639	 0.555532
-4.18305	 0.66837
-4.17972	 0.454965
-4.17639	 0.502357
-4.17306	 0.729492
-4.16972	 0.627735
-4.16639	 0.783985
-4.16306	 0.416079
-4.15972	 0.700718
-4.15639	 0.586184
-4.15306	 0.377991
-4.14972	 0.697423
-4.14639	 0.815232
-4.14306	 0.602989
-4.13972	 0.614845
-4.13639	 0.607398
-4.13306	 0.645779
-4.12972	 1.24119
-4.12639	 0.302237
-4.12306	 0.389978
-4.11973	 0.497998
-4.11639	 0.870766
-4.11306	 0.997235
-4.10973	 0.42375
-4.10639	 0.585443
-4.10306	 0.678666
-4.09973	 1.04089
-4.09639	 0.598154
-4.09306	 0.960589
-4.08973	 0.557548
-4.08639	 0.597514
-4.08306	 0.347753
-4.07973	 0.419612
-4.07639	 0.773991
-4.07306	 0.858456
-4.06973	 0.537674
-4.0664	 0.762984
-4.06306	 0.357884
-4.05973	 0.484828
-4.0564	 0.673362
-4.05306	 0.311008
-4.04973	 0.571684
-4.0464	 0.660778
-4.04306	 0.761433
-4.03973	 0.579282
-4.0364	 0.813252
-4.03306	 0.574625
-4.02973	 0.677256
-4.0264	 0.695993
-4.02307	 0.73557
-4.01973	 0.85895
-4.0164	 0.686849
-4.01307	 0.707947
-4.00973	 0.624452
-4.0064	 0.605033
-4.00307	 0.786871
-3.99973	 0.682162
-3.9964	 0.490727
-3.99307	 0.774391
-3.98973	 0.598835
-3.9864	 1.05267
-3.98307	 0.853417
-3.97973	 0.317969
-3.9764	 0.471684
-3.97307	 0.831677
-3.96974	 0.716646
-3.9664	 0.626966
-3.96307	 0.792146
-3.95974	 0.408555
-3.9564	 0.431255
-3.95307	 0.550491
-3.94974	 0.759145
-3.9464	 0.309954
-3.94307	 0.592826
-3.93974	 0.739968
-3.9364	 0.78679
-3.93307	 0.732829
-3.92974	 0.367172
-3.9264	 0.469957
-3.92307	 0.737452
-3.91974	 0.736904
-3.91641	 0.639856
-3.91307	 0.66023
-3.90974	 0.545245
-3.90641	 0.364068
-3.90307	 0.793786
-3.89974	 0.596597
-3.89641	 0.480949
-3.89307	 0.469676
-3.88974	 0.431465
-3.88641	 0.257663
-3.88307	 0.759557
-3.87974	 0.502595
-3.87641	 0.737803
-3.87308	 0.86011
-3.86974	 0.853269
-3.86641	 0.703321
-3.86308	 0.572727
-3.85974	 0.633806
-3.85641	 0.830491
-3.85308	 0.60983
-3.84974	 1.10906
-3.84641	 0.557638
-3.84308	 0.573964
-3.83974	 0.325313
-3.83641	 1.24328
-3.83308	 0.670474
-3.82974	 0.859421
-3.82641	 0.578397
-3.82308	 0.742144
-3.81975	 0.49617
-3.81641	 0.511293
-3.81308	 0.385573
-3.80975	 0.668684
-3.80641	 0.622752
-3.80308	 0.681197
-3.79975	 0.340632
-3.79641	 0.686518
-3.79308	 0.995265
-3.78975	 0.744443
-3.78641	 0.338606
-3.78308	 0.5518
-3.77975	 0.696966
-3.77641	 1.16365
-3.77308	 0.604802
-3.76975	 0.567212
-3.76642	 0.909937
-3.76308	 0.6837
-3.75975	 0.877407
-3.75642	 0.720495
-3.75308	 0.526854
-3.74975	 0.602758
-3.74642	 0.710175
-3.74308	 0.989111
-3.73975	 0.907919
-3.73642	 0.582308
-3.73308	 0.451959
-3.72975	 0.801514
-3.72642	 0.7725
-3.72309	 0.88772
-3.71975	 0.629367
-3.71642	 0.372179
-3.71309	 0.378003
-3.70975	 0.38537
-3.70642	 0.954837
-3.70309	 0.704723
-3.69975	 0.857711
-3.69642	 0.579774
-3.69309	 0.608708
-3.68975	 0.518884
-3.68642	 0.813731
-3.68309	 0.809854
-3.67975	 0.301404
-3.67642	 0.573105
-3.67309	 0.744642
-3.66976	 0.392286
-3.66642	 0.785544
-3.66309	 0.5711
-3.65976	 0.58692
-3.65642	 0.670135
-3.65309	 0.900414
-3.64976	 0.68428
-3.64642	 0.384897
-3.64309	 0.493486
-3.63976	 0.658992
-3.63642	 1.20602
-3.63309	 0.655791
-3.62976	 0.828335
-3.62642	 0.712437
-3.62309	 0.434512
-3.61976	 0.642756
-3.61643	 0.867303
-3.61309	 0.589251
-3.60976	 0.376997
-3.60643	 0.429702
-3.60309	 0.525707
-3.59976	 0.971141
-3.59643	 0.399199
-3.59309	 0.507628
-3.58976	 0.647338
-3.58643	 0.611544
-3.58309	 0.523636
-3.57976	 0.418623
-3.57643	 0.492181
-3.5731	 0.523811
-3.56976	 0.664187
-3.56643	 0.36956
-3.5631	 0.698381
-3.55976	 0.896155
-3.55643	 0.497878
-3.5531	 0.646462
-3.54976	 0.574776
-3.54643	 0.898212
-3.5431	 0.562915
-3.53976	 0.25457
-3.53643	 1.00051
-3.5331	 0.685274
-3.52976	 0.856074
-3.52643	 0.384391
-3.5231	 0.812702
-3.51977	 0.970859
-3.51643	 0.97014
-3.5131	 0.90648
-3.50977	 0.562405
-3.50643	 0.745534
-3.5031	 0.775057
-3.49977	 0.877153
-3.49643	 0.713168
-3.4931	 0.675374
-3.48977	 0.544224
-3.48643	 1.05774
-3.4831	 0.589411
-3.47977	 0.839133
-3.47643	 0.817445
-3.4731	 0.845533
-3.46977	 0.524919
-3.46644	 0.672606
-3.4631	 0.796719
-3.45977	 0.783588
-3.45644	 0.548741
-3.4531	 0.654136
-3.44977	 0.798587
-3.44644	 0.702963
-3.4431	 0.690069
-3.43977	 0.645449
-3.43644	 0.596615
-3.4331	 0.543266
-3.42977	 0.637209
-3.42644	 0.374653
-3.42311	 0.87809
-3.41977	 0.351365
-3.41644	 0.765647
-3.41311	 0.877744
-3.40977	 0.563575
-3.40644	 1.11008
-3.40311	 0.638669
-3.39977	 0.817051
-3.39644	 0.615926
-3.39311	 0.741155
-3.38977	 0.361646
-3.38644	 0.869655
-3.38311	 0.6344
-3.37977	 1.1601
-3.37644	 0.885542
-3.37311	 0.382079
-3.36978	 0.399306
-3.36644	 0.284045
-3.36311	 0.387957
-3.35978	 0.864492
-3.35644	 0.50582
-3.35311	 0.232521
-3.34978	 0.760556
-3.34644	 0.590151
-3.34311	 0.695633
-3.33978	 0.732831
-3.33644	 0.831072
-3.33311	 0.617102
-3.32978	 0.60416
-3.32644	 0.576061
-3.32311	 0.732214
-3.31978	 0.772096
-3.31645	 0.200114
-3.31311	 0.951324
-3.30978	 0.937967
-3.30645	 0.642136
-3.30311	 0.760168
-3.29978	 0.810846
-3.29645	 0.76143
-3.29311	 0.797035
-3.28978	 0.582335
-3.28645	 0.608756
-3.28311	 0.664596
-3.27978	 0.473368
-3.27645	 0.77176
-3.27312	 0.518793
-3.26978	 0.665179
-3.26645	 0.543333
-3.26312	 1.11935
-3.25978	 0.470294
-3.25645	 0.927906
-3.25312	 1.26964
-3.24978	 1.03871
-3.24645	 0.736196
-3.24312	 0.637482
-3.23978	 0.795791
-3.23645	 0.820652
-3.23312	 0.473063
-3.22978	 0.716143
-3.22645	 0.453252
-3.22312	 0.680824
-3.21979	 0.633026
-3.21645	 0.517079
-3.21312	 1.04564
-3.20979	 0.561436
-3.20645	 0.979114
-3.20312	 1.20302
-3.19979	 0.525375
-3.19645	 0.856737
-3.19312	 0.55741
-3.18979	 0.489514
-3.18645	 0.67224
-3.18312	 1.03773
-3.17979	 0.365019
-3.17645	 1.07253
-3.17312	 0.877629
-3.16979	 0.888469
-3.16646	 0.607769
-3.16312	 0.401347
-3.15979	 0.730462
-3.15646	 0.833204
-3.15312	 0.43072
-3.14979	 1.01128
-3.14646	 0.74294
-3.14312	 0.529574
-3.13979	 0.667702
-3.13646	 0.343802
-3.13312	 0.645951
-3.12979	 0.623799
-3.12646	 0.682185
-3.12313	 0.688002
-3.11979	 0.817989
-3.11646	 0.67295
-3.11313	 1.18524
-3.10979	 0.606788
-3.10646	 1.07473
-3.10313	 0.515017
-3.09979	 0.682163
-3.09646	 0.556483
-3.09313	 1.211
-3.08979	 0.438442
-3.08646	 0.592598
-3.08313	 0.695967
-3.07979	 0.760668
-3.07646	 0.634488
-3.07313	 0.829544
-3.0698	 0.643774
-3.06646	 1.19834
-3.06313	 0.575434
-3.0598	 0.549566
-3.05646	 0.680912
-3.05313	 0.48334
-3.0498	 0.597106
-3.04646	 0.974765
-3.04313	 0.710447
-3.0398	 0.74988
-3.03646	 0.85422
-3.03313	 0.685112
-3.0298	 0.673253
-3.02646	 0.815863
-3.02313	 0.626641
-3.0198	 0.682599
-3.01647	 0.429094
-3.01313	 0.347943
-3.0098	 0.568222
-3.00647	 0.768944
-3.00313	 0.534047
-2.9998	 0.585003
-2.99647	 0.406818
-2.99313	 0.703052
-2.9898	 0.728907
-2.98647	 1.05712
-2.98313	 0.546894
-2.9798	 0.67218
-2.97647	 0.785368
-2.97314	 0.871312
-2.9698	 0.806494
-2.96647	 1.03786
-2.96314	 0.967781
-2.9598	 0.676013
-2.95647	 0.767546
-2.95314	 0.968979
-2.9498	 1.09785
-2.94647	 0.942547
-2.94314	 0.872909
-2.9398	 0.800016
-2.93647	 0.906574
-2.93314	 0.552631
-2.9298	 0.692205
-2.92647	 0.623101
-2.92314	 0.848629
-2.91981	 0.991346
-2.91647	 0.327064
-2.91314	 0.789079
-2.90981	 0.420683
-2.90647	 0.575611
-2.90314	 0.470751
-2.89981	 1.00135
-2.89647	 0.657334
-2.89314	 0.54774
-2.88981	 0.57352
-2.88647	 0.66943
-2.88314	 0.874952
-2.87981	 0.876309
-2.87647	 0.549117
-2.87314	 0.728333
-2.86981	 0.311121
-2.86648	 0.781514
-2.86314	 0.628381
-2.85981	 0.73948
-2.85648	 0.482265
-2.85314	 0.992605
-2.84981	 0.574169
-2.84648	 0.479518
-2.84314	 0.494654
-2.83981	 0.548365
-2.83648	 0.625361
-2.83314	 0.875669
-2.82981	 0.425905
-2.82648	 0.655749
-2.82315	 0.704751
-2.81981	 0.59495
-2.81648	 0.869441
-2.81315	 0.925991
-2.80981	 0.494328
-2.80648	 0.635749
-2.80315	 0.526859
-2.79981	 0.397681
-2.79648	 0.559554
-2.79315	 0.635958
-2.78981	 0.951232
-2.78648	 0.60717
-2.78315	 0.66082
-2.77981	 0.540691
-2.77648	 0.690519
-2.77315	 0.597624
-2.76982	 0.597551
-2.76648	 0.723025
-2.76315	 0.899903
-2.75982	 0.783515
-2.75648	 0.818557
-2.75315	 0.609864
-2.74982	 0.719163
-2.74648	 0.536605
-2.74315	 0.426511
-2.73982	 0.689442
-2.73648	 0.499284
-2.73315	 0.720223
-2.72982	 0.395045
-2.72648	 0.702693
-2.72315	 0.746671
-2.71982	 0.59815
-2.71649	 0.926911
-2.71315	 0.216047
-2.70982	 0.881428
-2.70649	 1.01217
-2.70315	 0.501197
-2.69982	 1.07567
-2.69649	 0.756453
-2.69315	 0.331808
-2.68982	 0.543578
-2.68649	 0.765346
-2.68315	 0.466376
-2.67982	 0.498164
-2.67649	 0.773055
-2.67316	 0.768255
-2.66982	 0.40967
-2.66649	 0.329815
-2.66316	 0.863753
-2.65982	 0.599205
-2.65649	 0.677874
-2.65316	 0.666402
-2.64982	 0.489917
-2.64649	 0.767109
-2.64316	 0.992238
-2.63982	 0.376781
-2.63649	 0.814338
-2.63316	 0.897921
-2.62982	 0.700239
-2.62649	 0.266918
-2.62316	 0.435417
-2.61983	 0.330353
-2.61649	 0.526199
-2.61316	 0.576926
-2.60983	 0.584686
-2.60649	 0.521843
-2.60316	 0.434615
-2.59983	 0.433398
-2.59649	 0.662854
-2.59316	 0.924252
-2.58983	 0.890603
-2.58649	 0.467131
-2.58316	 0.606833
-2.57983	 1.43643
-2.57649	 0.602264
-2.57316	 0.902812
-2.56983	 0.780567
-2.5665	 0.645092
-2.56316	 1.08255
-2.55983	 1.12664
-2.5565	 0.660072
-2.55316	 0.644996
-2.54983	 0.787309
-2.5465	 1.10263
-2.54316	 0.846827
-2.53983	 1.01959
-2.5365	 0.861736
-2.53316	 0.489422
-2.52983	 0.845006
-2.5265	 0.869835
-2.52317	 0.774064
-2.51983	 0.629568
-2.5165	 0.756886
-2.51317	 0.7291
-2.50983	 0.232534
-2.5065	 0.657855
-2.50317	 0.859025
-2.49983	 0.584221
-2.4965	 0.517308
-2.49317	 0.930301
-2.48983	 0.444762
-2.4865	 0.924569
-2.48317	 0.596642
-2.47983	 0.843196
-2.4765	 0.742944
-2.47317	 0.974632
-2.46984	 0.733181
-2.4665	 0.756134
-2.46317	 1.07646
-2.45984	 1.23637
-2.4565	 0.729318
-2.45317	 0.597473
-2.44984	 0.376489
-2.4465	 0.555501
-2.44317	 1.00386
-2.43984	 0.850636
-2.4365	 0.640024
-2.43317	 0.90263
-2.42984	 0.837752
-2.4265	 0.271036
-2.42317	 0.776785
-2.41984	 1.10612
-2.41651	 0.705911
-2.41317	 0.813575
-2.40984	 0.812217
-2.40651	 0.588317
-2.40317	 0.703987
-2.39984	 0.612866
-2.39651	 0.529759
-2.39317	 0.764065
-2.38984	 1.34132
-2.38651	 0.889137
-2.38317	 0.385199
-2.37984	 0.672564
-2.37651	 1.04428
-2.37318	 0.622417
-2.36984	 0.606583
-2.36651	 0.743676
-2.36318	 0.525868
-2.35984	 0.749407
-2.35651	 0.785711
-2.35318	 0.905249
-2.34984	 0.983458
-2.34651	 0.826739
-2.34318	 0.381192
-2.33984	 0.646464
-2.33651	 1.23779
-2.33318	 0.756422
-2.32984	 0.872598
-2.32651	 0.618273
-2.32318	 0.753127
-2.31985	 0.523655
-2.31651	 0.786086
-2.31318	 0.786917
-2.30985	 1.15203
-2.30651	 0.859112
-2.30318	 0.590066
-2.29985	 1.07126
-2.29651	 0.528926
-2.29318	 0.654551
-2.28985	 1.0994
-2.28651	 0.816715
-2.28318	 0.755274
-2.27985	 0.815844
-2.27651	 0.899451
-2.27318	 0.655551
-2.26985	 0.603919
-2.26652	 0.757851
-2.26318	 0.831835
-2.25985	 1.20877
-2.25652	 0.563522
-2.25318	 0.863974
-2.24985	 0.558109
-2.24652	 0.673868
-2.24318	 1.08363
-2.23985	 0.716006
-2.23652	 1.04795
-2.23318	 0.616263
-2.22985	 0.429657
-2.22652	 0.834565
-2.22319	 0.781776
-2.21985	 0.728517
-2.21652	 0.898192
-2.21319	 0.439277
-2.20985	 0.93355
-2.20652	 0.766089
-2.20319	 0.954342
-2.19985	 0.461124
-2.19652	 0.951015
-2.19319	 0.804612
-2.18985	 1.19241
-2.18652	 1.0823
-2.18319	 0.489715
-2.17985	 0.829571
-2.17652	 0.964179
-2.17319	 0.667078
-2.16986	 0.511865
-2.16652	 0.581244
-2.16319	 0.53394
-2.15986	 0.754015
-2.15652	 0.82814
-2.15319	 0.600821
-2.14986	 0.896216
-2.14652	 1.1428
-2.14319	 0.794806
-2.13986	 0.840578
-2.13652	 0.647832
-2.13319	 0.550691
-2.12986	 0.59661
-2.12652	 0.717375
-2.12319	 0.527011
-2.11986	 0.706016
-2.11653	 0.956686
-2.11319	 0.796908
-2.10986	 0.799452
-2.10653	 0.641232
-2.10319	 0.935763
-2.09986	 0.700387
-2.09653	 0.514366
-2.09319	 0.640556
-2.08986	 0.496821
-2.08653	 0.642216
-2.08319	 0.393853
-2.07986	 0.902608
-2.07653	 0.552599
-2.0732	 0.587005
-2.06986	 0.714457
-2.06653	 1.00147
-2.0632	 0.545848
-2.05986	 0.897833
-2.05653	 0.607207
-2.0532	 1.03328
-2.04986	 0.881814
-2.04653	 0.725276
-2.0432	 0.989045
-2.03986	 0.732121
-2.03653	 0.788398
-2.0332	 1.22168
-2.02986	 0.871837
-2.02653	 0.667998
-2.0232	 0.490232
-2.01987	 1.27344
-2.01653	 0.454579
-2.0132	 1.25137
-2.00987	 0.769922
-2.00653	 0.826485
-2.0032	 0.706649
-1.99987	 0.903766
-1.99653	 0.919961
-1.9932	 0.316894
-1.98987	 0.756003
-1.98653	 0.733123
-1.9832	 0.711108
-1.97987	 0.857602
-1.97653	 1.04203
-1.9732	 0.547232
-1.96987	 0.541599
-1.96654	 0.632478
-1.9632	 0.460449
-1.95987	 0.728414
-1.95654	 1.04091
-1.9532	 0.790876
-1.94987	 0.726866
-1.94654	 0.607178
-1.9432	 0.572034
-1.93987	 0.67174
-1.93654	 0.693156
-1.9332	 0.659067
-1.92987	 1.03661
-1.92654	 0.58755
-1.92321	 1.12322
-1.91987	 0.747123
-1.91654	 1.11757
-1.91321	 0.978838
-1.90987	 0.452984
-1.90654	 0.976292
-1.90321	 1.03315
-1.89987	 0.734309
-1.89654	 0.783711
-1.89321	 0.596528
-1.88987	 0.807462
-1.88654	 1.03375
-1.88321	 0.64327
-1.87987	 0.845565
-1.87654	 0.830477
-1.87321	 0.719446
-1.86988	 0.738528
-1.86654	 1.15776
-1.86321	 0.47697
-1.85988	 0.640796
-1.85654	 0.631469
-1.85321	 0.441114
-1.84988	 0.615279
-1.84654	 0.841931
-1.84321	 0.454713
-1.83988	 0.782831
-1.83654	 0.88967
-1.83321	 0.819942
-1.82988	 0.657149
-1.82654	 0.739884
-1.82321	 0.609455
-1.81988	 0.824239
-1.81655	 0.406919
-1.81321	 0.593855
-1.80988	 0.491928
-1.80655	 0.816484
-1.80321	 1.2485
-1.79988	 0.636051
-1.79655	 0.550527
-1.79321	 0.677632
-1.78988	 1.30754
-1.78655	 0.591169
-1.78321	 0.730106
-1.77988	 0.474679
-1.77655	 0.979139
-1.77322	 1.12519
-1.76988	 0.575575
-1.76655	 0.531459
-1.76322	 0.336939
-1.75988	 1.40829
-1.75655	 0.825956
-1.75322	 0.778039
-1.74988	 1.0628
-1.74655	 0.630253
-1.74322	 0.967321
-1.73988	 0.786442
-1.73655	 0.992333
-1.73322	 1.31664
-1.72988	 0.803029
-1.72655	 0.380229
-1.72322	 0.36736
-1.71989	 0.752557
-1.71655	 0.39103
-1.71322	 0.850501
-1.70989	 0.577097
-1.70655	 1.16311
-1.70322	 0.874436
-1.69989	 0.853665
-1.69655	 0.518761
-1.69322	 0.933132
-1.68989	 0.755937
-1.68655	 0.810122
-1.68322	 0.376124
-1.67989	 1.31418
-1.67655	 0.629252
-1.67322	 0.601507
-1.66989	 0.905266
-1.66656	 0.855587
-1.66322	 0.984053
-1.65989	 0.892278
-1.65656	 0.837683
-1.65322	 0.633698
-1.64989	 0.546548
-1.64656	 0.508468
-1.64322	 1.14275
-1.63989	 1.0379
-1.63656	 0.829569
-1.63322	 0.833144
-1.62989	 0.728599
-1.62656	 0.993749
-1.62323	 0.164213
-1.61989	 0.490813
-1.61656	 0.409316
-1.61323	 0.508318
-1.60989	 0.905063
-1.60656	 0.994869
-1.60323	 0.330438
-1.59989	 0.604213
-1.59656	 0.878191
-1.59323	 0.54879
-1.58989	 0.798658
-1.58656	 0.491894
-1.58323	 0.959083
-1.57989	 0.569749
-1.57656	 1.28424
-1.57323	 0.963437
-1.5699	 0.607225
-1.56656	 0.605939
-1.56323	 0.71309
-1.5599	 0.677812
-1.55656	 0.904823
-1.55323	 0.795485
-1.5499	 0.52995
-1.54656	 1.03594
-1.54323	 0.981466
-1.5399	 0.806262
-1.53656	 0.498778
-1.53323	 0.99414
-1.5299	 0.575728
-1.52656	 0.601777
-1.52323	 1.0873
-1.5199	 1.05131
-1.51657	 0.786595
-1.51323	 0.47678
-1.5099	 0.557404
-1.50657	 1.14624
-1.50323	 0.854741
-1.4999	 0.579066
-1.49657	 0.881581
-1.49323	 0.927554
-1.4899	 0.609966
-1.48657	 0.860031
-1.48323	 0.690918
-1.4799	 0.716751
-1.47657	 0.560481
-1.47324	 0.379113
-1.4699	 0.550681
-1.46657	 0.391154
-1.46324	 1.19049
-1.4599	 1.13541
-1.45657	 0.292213
-1.45324	 0.759096
-1.4499	 1.10964
-1.44657	 0.591224
-1.44324	 0.684821
-1.4399	 0.871614
-1.43657	 0.833043
-1.43324	 0.376446
-1.4299	 0.77609
-1.42657	 0.720625
-1.42324	 0.734887
-1.41991	 1.12299
-1.41657	 0.561241
-1.41324	 0.695996
-1.40991	 0.877608
-1.40657	 0.642572
-1.40324	 0.548731
-1.39991	 0.856174
-1.39657	 0.568134
-1.39324	 1.09482
-1.38991	 0.866212
-1.38657	 0.73929
-1.38324	 0.684933
-1.37991	 0.828045
-1.37657	 0.730232
-1.37324	 0.592555
-1.36991	 0.519621
-1.36658	 1.03535
-1.36324	 1.10991
-1.35991	 1.21831
-1.35658	 0.877357
-1.35324	 0.593948
-1.34991	 0.818838
-1.34658	 0.699357
-1.34324	 0.89062
-1.33991	 0.942977
-1.33658	 0.804016
-1.33324	 0.72605
-1.32991	 0.603934
-1.32658	 0.850538
-1.32325	 0.523426
-1.31991	 1.18806
-1.31658	 1.00732
-1.31325	 0.8247
-1.30991	 0.92485
-1.30658	 0.450342
-1.30325	 0.777998
-1.29991	 1.00767
-1.29658	 0.618526
-1.29325	 0.848117
-1.28991	 0.887848
-1.28658	 0.406791
-1.28325	 1.23287
-1.27991	 1.05965
-1.27658	 0.654062
-1.27325	 1.12071
-1.26992	 1.31979
-1.26658	 0.879497
-1.26325	 0.456878
-1.25992	 0.663154
-1.25658	 0.457117
-1.25325	 0.415519
-1.24992	 0.800781
-1.24658	 0.60379
-1.24325	 0.643424
-1.23992	 0.660592
-1.23658	 1.10466
-1.23325	 0.522458
-1.22992	 0.593547
-1.22658	 0.819799
-1.22325	 0.953572
-1.21992	 0.925167
-1.21659	 0.770253
-1.21325	 1.10172
-1.20992	 0.636786
-1.20659	 0.640923
-1.20325	 0.792983
-1.19992	 0.819304
-1.19659	 0.343134
-1.19325	 0.691375
-1.18992	 0.726687
-1.18659	 1.12165
-1.18325	 0.917928
-1.17992	 0.700691
-1.17659	 0.887343
-1.17326	 0.763743
-1.16992	 0.806264
-1.16659	 0.99711
-1.16326	 1.07655
-1.15992	 0.787187
-1.15659	 0.688718
-1.15326	 0.923037
-1.14992	 0.996167
-1.14659	 0.789267
-1.14326	 0.944539
-1.13992	 0.670518
-1.13659	 1.11711
-1.13326	 0.60632
-1.12992	 1.19551
-1.12659	 0.656578
-1.12326	 0.926031
-1.11993	 0.642209
-1.11659	 0.412395
-1.11326	 0.699447
-1.10993	 0.75038
-1.10659	 1.18506
-1.10326	 0.834943
-1.09993	 0.504911
-1.09659	 0.82142
-1.09326	 0.612337
-1.08993	 0.68235
-1.08659	 1.0326
-1.08326	 0.758995
-1.07993	 0.572609
-1.07659	 0.520244
-1.07326	 0.614898
-1.06993	 0.38163
-1.0666	 0.823519
-1.06326	 0.67465
-1.05993	 0.770058
-1.0566	 0.933054
-1.05326	 0.783385
-1.04993	 0.851467
-1.0466	 0.706312
-1.04326	 1.1247
-1.03993	 0.235238
-1.0366	 0.861809
-1.03326	 0.655802
-1.02993	 0.911089
-1.0266	 0.450398
-1.02327	 1.02342
-1.01993	 0.745383
-1.0166	 0.750296
-1.01327	 0.768209
-1.00993	 0.30724
-1.0066	 0.755766
-1.00327	 0.692163
-0.999933	 0.947011
-0.9966	 0.58241
-0.993267	 0.538932
-0.989934	 0.379771
-0.986601	 0.732762
-0.983268	 0.470476
-0.979935	 1.16224
-0.976602	 1.31991
-0.973268	 0.526305
-0.969935	 0.946375
-0.966602	 0.826308
-0.963269	 1.01968
-0.959936	 0.389751
-0.956603	 0.666
-0.95327	 0.913832
-0.949937	 0.951491
-0.946604	 1.11118
-0.94327	 0.888897
-0.939937	 0.719124
-0.936604	 1.36935
-0.933271	 0.815158
-0.929938	 0.987302
-0.926605	 1.08475
-0.923272	 1.06023
-0.919939	 0.765047
-0.916606	 1.28571
-0.913272	 0.63231
-0.909939	 0.728407
-0.906606	 0.760048
-0.903273	 0.402273
-0.89994	 0.559941
-0.896607	 0.910307
-0.893274	 0.506881
-0.889941	 0.850429
-0.886608	 0.793601
-0.883274	 0.589292
-0.879941	 0.54306
-0.876608	 0.607455
-0.873275	 0.885827
-0.869942	 0.598707
-0.866609	 0.547357
-0.863276	 0.908505
-0.859943	 0.745225
-0.85661	 0.761087
-0.853276	 0.938338
-0.849943	 0.697471
-0.84661	 1.42099
-0.843277	 0.609325
-0.839944	 1.11666
-0.836611	 1.14146
-0.833278	 0.718565
-0.829945	 1.81802
-0.826612	 0.843593
-0.823278	 0.700517
-0.819945	 1.09676
-0.816612	 1.11299
-0.813279	 0.808858
-0.809946	 0.309716
-0.806613	 0.730285
-0.80328	 1.06132
-0.799947	 0.989648
-0.796614	 0.853097
-0.79328	 0.469398
-0.789947	 0.607042
-0.786614	 0.922424
-0.783281	 0.753138
-0.779948	 1.05472
-0.776615	 0.758595
-0.773282	 0.392548
-0.769949	 0.577177
-0.766616	 0.944029
-0.763282	 0.93349
-0.759949	 0.938594
-0.756616	 1.00306
-0.753283	 1.03928
-0.74995	 0.833357
-0.746617	 0.410787
-0.743284	 1.18765
-0.739951	 0.439123
-0.736618	 0.625499
-0.733284	 1.0185
-0.729951	 0.890273
-0.726618	 0.736616
-0.723285	 0.771567
-0.719952	 0.680523
-0.716619	 0.947832
-0.713286	 0.871275
-0.709953	 0.741553
-0.70662	 1.29968
-0.703286	 0.662581
-0.699953	 0.641241
-0.69662	 0.574714
-0.693287	 0.67559
-0.689954	 0.409082
-0.686621	 0.542237
-0.683288	 0.813835
-0.679955	 0.611975
-0.676622	 0.921476
-0.673288	 0.957134
-0.669955	 0.592262
-0.666622	 0.913451
-0.663289	 0.746753
-0.659956	 0.947376
-0.656623	 0.603246
-0.65329	 0.541567
-0.649957	 0.721398
-0.646624	 0.681502
-0.64329	 0.936911
-0.639957	 1.02944
-0.636624	 1.14881
-0.633291	 0.956479
-0.629958	 0.643683
-0.626625	 0.787839
-0.623292	 1.10502
-0.619959	 0.701901
-0.616626	 0.447161
-0.613292	 0.752637
-0.609959	 1.07202
-0.606626	 0.839651
-0.603293	 1.0331
-0.59996	 0.974732
-0.596627	 1.05227
-0.593294	 0.843182
-0.589961	 0.951942
-0.586628	 0.503042
-0.583294	 0.814085
-0.579961	 0.41927
-0.576628	 0.650097
-0.573295	 0.393031
-0.569962	 0.743771
-0.566629	 1.07343
-0.563296	 1.36896
-0.559963	 0.761002
-0.55663	 1.10405
-0.553296	 0.828817
-0.549963	 1.28819
-0.54663	 1.10608
-0.543297	 1.1965
-0.539964	 0.407001
-0.536631	 0.677263
-0.533298	 1.028
-0.529965	 1.23459
-0.526632	 1.06697
-0.523298	 0.563271
-0.519965	 0.706388
-0.516632	 0.648042
-0.513299	 0.477933
-0.509966	 0.848451
-0.506633	 0.788813
-0.5033	 1.01693
-0.499967	 0.395062
-0.496634	 1.11584
-0.4933	 1.01625
-0.489967	 0.460488
-0.486634	 1.09439
-0.483301	 0.89398
-0.479968	 0.53393
-0.476635	 0.467583
-0.473302	 0.976277
-0.469969	 0.711856
-0.466636	 0.505097
-0.463302	 0.856557
-0.459969	 0.998316
-0.456636	 0.393169
-0.453303	 0.98237
-0.44997	 0.625552
-0.446637	 0.801531
-0.443304	 0.683429
-0.439971	 1.34678
-0.436638	 0.703746
-0.433304	 0.735101
-0.429971	 0.897618
-0.426638	 0.861649
-0.423305	 0.601706
-0.419972	 1.21011
-0.416639	 0.741161
-0.413306	 0.754887
-0.409973	 0.850492
-0.40664	 0.491013
-0.403306	 0.586486
-0.399973	 0.555697
-0.39664	 1.0376
-0.393307	 0.983752
-0.389974	 0.576024
-0.386641	 0.673248
-0.383308	 0.642083
-0.379975	 0.948462
-0.376642	 1.18383
-0.373308	 0.587335
-0.369975	 0.576704
-0.366642	 0.578551
-0.363309	 0.546411
-0.359976	 0.513862
-0.356643	 0.950443
-0.35331	 0.98369
-0.349977	 0.731561
-0.346644	 0.490266
-0.34331	 0.695731
-0.339977	 1.11714
-0.336644	 0.882287
-0.333311	 1.08245
-0.329978	 0.773912
-0.326645	 0.690664
-0.323312	 0.368821
-0.319979	 0.643131
-0.316646	 1.08392
-0.313312	 0.661518
-0.309979	 0.792686
-0.306646	 1.06627
-0.303313	 0.560528
-0.29998	 0.746124
-0.296647	 0.582526
-0.293314	 0.544844
-0.289981	 0.634552
-0.286648	 1.02302
-0.283314	 0.678082
-0.279981	 1.2546
-0.276648	 0.549497
-0.273315	 0.933274
-0.269982	 0.820821
-0.266649	 0.713659
-0.263316	 0.812525
-0.259983	 0.715451
-0.25665	 1.2839
-0.253316	 0.941709
-0.249983	 1.0074
-0.24665	 0.687236
-0.243317	 0.754776
-0.239984	 0.945489
-0.236651	 1.01815
-0.233318	 0.587562
-0.229985	 0.578095
-0.226652	 0.600944
-0.223318	 0.950006
-0.219985	 0.571175
-0.216652	 0.783141
-0.213319	 0.687225
-0.209986	 1.089
-0.206653	 0.632018
-0.20332	 0.844753
-0.199987	 0.787815
-0.196654	 0.708717
-0.19332	 1.01938
-0.189987	 0.830447
-0.186654	 1.4587
-0.183321	 0.543385
-0.179988	 0.718206
-0.176655	 0.812848
-0.173322	 1.00425
-0.169989	 1.53949
-0.166656	 0.859504
-0.163322	 1.16728
-0.159989	 0.910835
-0.156656	 1.07949
-0.153323	 0.959074
-0.14999	 1.0205
-0.146657	 0.984998
-0.143324	 0.968493
-0.139991	 1.11183
-0.136658	 0.882934
-0.133324	 0.966812
-0.129991	 0.501519
-0.126658	 0.597603
-0.123325	 0.647538
-0.119992	 1.34009
-0.116659	 0.488646
-0.113326	 0.899711
-0.109993	 0.688861
-0.10666	 0.774756
-0.103326	 1.00644
-0.0999933	 0.798165
-0.0966602	 0.744392
-0.0933271	 0.549479
-0.089994	 0.66455
-0.0866609	 0.760184
-0.0833278	 1.22443
-0.0799947	 1.29457
-0.0766616	 1.37751
-0.0733284	 1.1489
-0.0699953	 0.712987
-0.0666622	 0.915811
-0.0633291	 1.06617
-0.059996	 0.43033
-0.0566629	 0.704912
-0.0533298	 0.673006
-0.0499967	 0.486838
-0.0466636	 1.71643
-0.0433304	 0.692239
-0.0399973	 0.529594
-0.0366642	 0.680722
-0.0333311	 0.661715
-0.029998	 1.06691
-0.0266649	 0.480662
-0.0233318	 1.05949
-0.0199987	 0.848743
-0.0166656	 0.420735
-0.0133324	 0.923559
-0.00999933	 0.797151
-0.00666622	 1.06211
-0.00333311	 0.0557795
0	 1
0.00333311	 0.76124
0.00666622	 1.16438
0.00999933	 0.86722
0.0133324	 0.716528
0.0166656	 0.719472
0.0199987	 1.05052
0.0233318	 0.689254
0.0266649	 0.95565
0.029998	 1.28712
0.0333311	 0.776895
0.0366642	 1.24826
0.0399973	 1.16516
0.0433304	 0.379002
0.0466636	 0.941397
0.0499967	 0.993255
0.0533298	 0.602776
0.0566629	 0.915724
0.059996	 0.995084
0.0633291	 0.874583
0.0666622	 0.91846
0.0699953	 1.05602
0.0733284	 0.948748
0.0766616	 0.782413
0.0799947	 0.816887
0.0833278	 1.04589
0.0866609	 0.717737
0.089994	 0.511947
0.0933271	 0.794414
0.0966602	 0.575175
0.0999933	 0.785746
0.103326	 1.43556
0.10666	 0.714793
0.109993	 0.765244
0.113326	 0.725478
0.116659	 0.846561
0.119992	 0.86552
0.123325	 1.10416
0.126658	 0.70759
0.129991	 0.667428
0.133324	 0.617828
0.136658	 0.747331
0.139991	 0.563461
0.143324	 0.957602
0.146657	 1.02979
0.14999	 0.783733
0.153323	 0.544683
0.156656	 1.28264
0.159989	 1.27603
0.163322	 0.882718
0.166656	 0.54513
0.169989	 0.786021
0.173322	 0.958871
0.176655	 1.49245
0.179988	 0.686083
0.183321	 0.770852
0.186654	 0.585787
0.189987	 0.601257
0.19332	 0.983449
0.196654	 0.901167
0.199987	 0.950186
0.20332	 0.795743
0.206653	 0.846554
0.209986	 0.795037
0.213319	 0.41853
0.216652	 0.782071
0.219985	 1.06217
0.223318	 0.527321
0.226652	 0.425299
0.229985	 0.807109
0.233318	 0.52215
0.236651	 1.56976
0.239984	 1.42032
0.243317	 0.80157
0.24665	 1.25535
0.249983	 0.587223
0.253316	 0.980023
0.25665	 0.778461
0.259983	 0.385462
0.263316	 0.735567
0.266649	 0.700371
0.269982	 1.04008
0.273315	 0.61587
0.276648	 0.999926
0.279981	 0.857789
0.283314	 0.4875
0.286648	 0.680356
0.289981	 0.89402
0.293314	 0.614513
0.296647	 0.581825
0.29998	 0.65135
0.303313	 0.551592
0.306646	 0.787598
0.309979	 0.935652
0.313312	 0.691945
0.316646	 0.977586
0.319979	 0.88228
0.323312	 0.630967
0.326645	 0.953607
0.329978	 0.984417
0.333311	 0.489206
0.336644	 0.281596
0.339977	 0.902879
0.34331	 0.438819
0.346644	 0.680473
0.349977	 0.464538
0.35331	 0.494977
0.356643	 0.777472
0.359976	 0.843196
0.363309	 1.31538
0.366642	 0.557334
0.369975	 0.77518
0.373308	 0.824818
0.376642	 1.14933
0.379975	 0.597772
0.383308	 0.526981
0.386641	 0.947691
0.389974	 0.852407
0.393307	 1.10259
0.39664	 0.579087
0.399973	 0.689698
0.403306	 0.56091
0.40664	 0.566827
0.409973	 0.88311
0.413306	 1.12229
0.416639	 0.560965
0.419972	 1.40081
0.423305	 1.12385
0.426638	 0.571961
0.429971	 1.49262
0.433304	 0.610741
0.436638	 1.0045
0.439971	 1.2205
0.443304	 1.15204
0.446637	 0.728737
0.44997	 0.588688
0.453303	 0.677897
0.456636	 0.560002
0.459969	 0.903939
0.463302	 0.756841
0.466636	 0.728552
0.469969	 0.599305
0.473302	 1.47836
0.476635	 0.736782
0.479968	 0.653706
0.483301	 1.04056
0.486634	 0.698708
0.489967	 0.764621
0.4933	 0.694896
0.496634	 0.836068
0.499967	 0.84914
0.5033	 0.75067
0.506633	 0.705395
0.509966	 0.970973
0.513299	 0.804659
0.516632	 0.371273
0.519965	 1.39719
0.523298	 0.66974
0.526632	 1.20846
0.529965	 1.18655
0.533298	 0.780309
0.536631	 0.758161
0.539964	 0.694438
0.543297	 1.2736
0.54663	 0.593461
0.549963	 0.750162
0.553296	 1.40859
0.55663	 0.997602
0.559963	 0.878168
0.563296	 1.06251
0.566629	 1.15023
0.569962	 0.85185
0.573295	 0.894234
0.576628	 0.90561
0.579961	 0.279383
0.583294	 0.373358
0.586628	 0.482314
0.589961	 0.737757
0.593294	 0.837762
0.596627	 0.701046
0.59996	 0.87665
0.603293	 0.706225
0.606626	 1.04691
0.609959	 0.972581
0.613292	 1.17868
0.616626	 0.366875
0.619959	 0.711499
0.623292	 0.548748
0.626625	 0.568107
0.629958	 0.843872
0.633291	 0.717727
0.636624	 1.54195
0.639957	 0.954416
0.64329	 1.09753
0.646624	 0.438247
0.649957	 0.570773
0.65329	 0.708027
0.656623	 0.928111
0.659956	 0.548589
0.663289	 0.685461
0.666622	 0.892318
0.669955	 1.41127
0.673288	 0.612482
0.676622	 0.913581
0.679955	 0.892403
0.683288	 0.387921
0.686621	 0.672659
0.689954	 1.30261
0.693287	 0.63945
0.69662	 0.878565
0.699953	 0.506884
0.703286	 0.977409
0.70662	 1.32734
0.709953	 0.383115
0.713286	 1.10244
0.716619	 0.636174
0.719952	 0.204984
0.723285	 0.431565
0.726618	 0.691815
0.729951	 0.879697
0.733284	 1.25348
0.736618	 0.635357
0.739951	 0.582978
0.743284	 1.09488
0.746617	 0.920416
0.74995	 0.554026
0.753283	 0.414745
0.756616	 0.835027
0.759949	 0.665538
0.763282	 0.338078
0.766616	 0.665966
0.769949	 1.05408
0.773282	 1.07493
0.776615	 0.338926
0.779948	 0.297328
0.783281	 1.09009
0.786614	 0.801192
0.789947	 0.605796
0.79328	 0.911454
0.796614	 0.486748
0.799947	 0.830112
0.80328	 0.834794
0.806613	 0.739406
0.809946	 1.51095
0.813279	 0.50828
0.816612	 1.02089
0.819945	 1.0469
0.823278	 1.29857
0.826612	 0.696692
0.829945	 1.06402
0.833278	 0.748379
0.836611	 0.544211
0.839944	 0.832821
0.843277	 0.635678
0.84661	 1.31289
0.849943	 0.658517
0.853276	 0.749194
0.85661	 0.999563
0.859943	 0.633459
0.863276	 1.39813
0.866609	 0.914513
0.869942	 0.752246
0.873275	 0.759687
0.876608	 0.786631
0.879941	 1.04455
0.883274	 0.502447
0.886608	 0.721809
0.889941	 0.857066
0.893274	 0.776688
0.896607	 0.705793
0.89994	 0.692214
0.903273	 0.742248
0.906606	 0.854074
0.909939	 0.990892
0.913272	 0.78382
0.916606	 0.928921
0.919939	 0.683319
0.923272	 0.64373
0.926605	 1.29699
0.929938	 0.501804
0.933271	 1.3456
0.936604	 0.631768
0.939937	 0.78731
0.94327	 0.788642
0.946604	 0.789423
0.949937	 0.67151
0.95327	 0.830443
0.956603	 0.896192
0.959936	 0.662844
0.963269	 1.09067
0.966602	 0.713847
0.969935	 0.943729
0.973268	 1.14506
0.976602	 1.10139
0.979935	 1.23589
0.983268	 0.826322
0.986601	 0.868909
0.989934	 0.599453
0.993267	 0.661688
0.9966	 0.826951
0.999933	 0.711577
1.00327	 1.38544
1.0066	 0.616562
1.00993	 1.3003
1.01327	 0.704587
1.0166	 1.01112
1.01993	 0.473758
1.02327	 1.18214
1.0266	 0.728575
1.02993	 0.399464
1.03326	 1.00519
1.0366	 0.789727
1.03993	 0.609022
1.04326	 1.64553
1.0466	 0.684388
1.04993	 0.705279
1.05326	 0.614504
1.0566	 0.790021
1.05993	 0.792985
1.06326	 0.420111
1.0666	 0.828707
1.06993	 0.874156
1.07326	 1.16813
1.07659	 0.511905
1.07993	 1.35383
1.08326	 1.14912
1.08659	 1.08871
1.08993	 0.860811
1.09326	 0.814218
1.09659	 0.68226
1.09993	 1.07109
1.10326	 0.54171
1.10659	 0.677587
1.10993	 0.888302
1.11326	 0.628189
1.11659	 0.919838
1.11993	 0.506443
1.12326	 0.779758
1.12659	 0.744712
1.12992	 0.467864
1.13326	 0.962369
1.13659	 0.975082
1.13992	 0.342336
1.14326	 0.571885
1.14659	 0.820424
1.14992	 0.737905
1.15326	 1.14155
1.15659	 0.782811
1.15992	 0.971447
1.16326	 0.847544
1.16659	 0.73921
1.16992	 0.756477
1.17326	 0.877659
1.17659	 1.06154
1.17992	 0.953544
1.18325	 0.7959
1.18659	 0.744247
1.18992	 0.616052
1.19325	 1.02041
1.19659	 0.826349
1.19992	 0.55023
1.20325	 0.805812
1.20659	 0.487095
1.20992	 0.470957
1.21325	 0.53046
1.21659	 0.547529
1.21992	 0.378974
1.22325	 0.810925
1.22658	 1.51659
1.22992	 0.824727
1.23325	 0.811162
1.23658	 0.606153
1.23992	 0.630186
1.24325	 0.869081
1.24658	 1.28469
1.24992	 0.6828
1.25325	 0.570289
1.25658	 0.4548
1.25992	 0.491204
1.26325	 0.651681
1.26658	 1.13672
1.26992	 0.664542
1.27325	 0.61561
1.27658	 0.52966
1.27991	 0.519576
1.28325	 0.883431
1.28658	 0.82884
1.28991	 0.44548
1.29325	 0.767141
1.29658	 0.808064
1.29991	 1.0862
1.30325	 0.877383
1.30658	 0.506204
1.30991	 0.748282
1.31325	 0.665022
1.31658	 0.21677
1.31991	 0.955791
1.32325	 0.941733
1.32658	 1.283
1.32991	 0.819046
1.33324	 0.662376
1.33658	 1.35668
1.33991	 0.28187
1.34324	 1.22395
1.34658	 0.496649
1.34991	 0.921383
1.35324	 1.01842
1.35658	 0.90567
1.35991	 0.38225
1.36324	 1.20914
1.36658	 0.936656
1.36991	 0.745154
1.37324	 0.900424
1.37657	 0.566442
1.37991	 0.841509
1.38324	 0.629989
1.38657	 1.02878
1.38991	 0.642542
1.39324	 0.544646
1.39657	 1.45442
1.39991	 0.481779
1.40324	 0.801795
1.40657	 0.904787
1.40991	 1.10874
1.41324	 0.299209
1.41657	 0.817091
1.41991	 0.818247
1.42324	 0.789352
1.42657	 0.740822
1.4299	 0.694852
1.43324	 0.887328
1.43657	 1.08083
1.4399	 0.627488
1.44324	 0.492075
1.44657	 1.40864
1.4499	 0.559092
1.45324	 0.887053
1.45657	 0.515208
1.4599	 0.731108
1.46324	 0.429999
1.46657	 0.959609
1.4699	 1.17533
1.47324	 0.711447
1.47657	 0.73866
1.4799	 0.512817
1.48323	 0.609421
1.48657	 0.887542
1.4899	 1.61811
1.49323	 0.981133
1.49657	 0.894764
1.4999	 0.533734
1.50323	 0.869687
1.50657	 0.769142
1.5099	 0.545806
1.51323	 0.801278
1.51657	 0.831168
1.5199	 0.814556
1.52323	 0.920623
1.52656	 0.61833
1.5299	 0.524793
1.53323	 0.683921
1.53656	 0.532665
1.5399	 0.267452
1.54323	 0.713512
1.54656	 0.85752
1.5499	 0.428395
1.55323	 0.42655
1.55656	 0.734846
1.5599	 0.950098
1.56323	 0.980573
1.56656	 0.359151
1.5699	 0.684564
1.57323	 0.885655
1.57656	 0.878601
1.57989	 0.992949
1.58323	 0.476648
1.58656	 0.82405
1.58989	 0.706486
1.59323	 0.580197
1.59656	 0.921466
1.59989	 0.795525
1.60323	 0.663626
1.60656	 0.752936
1.60989	 1.07266
1.61323	 0.719748
1.61656	 0.686972
1.61989	 0.808164
1.62323	 0.448981
1.62656	 0.524957
1.62989	 0.769361
1.63322	 0.814217
1.63656	 0.785841
1.63989	 0.467293
1.64322	 0.7693
1.64656	 0.645595
1.64989	 0.769017
1.65322	 0.390315
1.65656	 0.676247
1.65989	 0.863843
1.66322	 0.703601
1.66656	 0.690375
1.66989	 0.938928
1.67322	 0.38335
1.67655	 1.12504
1.67989	 0.592173
1.68322	 0.764133
1.68655	 0.727433
1.68989	 0.638653
1.69322	 0.403614
1.69655	 1.31015
1.69989	 0.627019
1.70322	 0.552423
1.70655	 0.726613
1.70989	 0.780249
1.71322	 0.966612
1.71655	 0.608734
1.71989	 0.428501
1.72322	 0.458002
1.72655	 0.689467
1.72988	 0.547262
1.73322	 1.52613
1.73655	 0.675772
1.73988	 0.461229
1.74322	 1.1845
1.74655	 0.527244
1.74988	 0.42804
1.75322	 0.378842
1.75655	 0.640945
1.75988	 0.66951
1.76322	 0.618079
1.76655	 0.75609
1.76988	 0.611006
1.77322	 0.464138
1.77655	 0.566231
1.77988	 0.669831
1.78321	 0.656475
1.78655	 0.76719
1.78988	 0.539319
1.79321	 0.927725
1.79655	 0.535876
1.79988	 0.78248
1.80321	 0.976831
1.80655	 0.464683
1.80988	 0.522398
1.81321	 0.998091
1.81655	 0.536022
1.81988	 0.509479
1.82321	 0.540198
1.82654	 0.648659
1.82988	 0.411155
1.83321	 0.939376
1.83654	 0.637872
1.83988	 0.447193
1.84321	 1.44968
1.84654	 0.900185
1.84988	 0.554545
1.85321	 0.742129
1.85654	 0.973698
1.85988	 0.471773
1.86321	 0.934008
1.86654	 0.723909
1.86988	 0.305085
1.87321	 0.801482
1.87654	 0.679099
1.87987	 0.381164
1.88321	 0.717571
1.88654	 0.575129
1.88987	 0.993955
1.89321	 0.994421
1.89654	 1.03681
1.89987	 1.10677
1.90321	 0.932044
1.90654	 0.771724
1.90987	 0.711457
1.91321	 1.27693
1.91654	 0.459172
1.91987	 0.810434
1.92321	 0.566104
1.92654	 0.479626
1.92987	 0.622539
1.9332	 0.467344
1.93654	 0.76879
1.93987	 0.375888
1.9432	 0.786869
1.94654	 0.639263
1.94987	 0.583503
1.9532	 0.881858
1.95654	 0.921825
1.95987	 0.60214
1.9632	 0.67431
1.96654	 0.68794
1.96987	 0.797385
1.9732	 1.13964
1.97653	 0.647298
1.97987	 0.950323
1.9832	 0.65756
1.98653	 0.821134
1.98987	 0.717441
1.9932	 1.07086
1.99653	 0.857604
1.99987	 0.535975
2.0032	 0.675517
2.00653	 0.82124
2.00987	 0.587957
2.0132	 1.00313
2.01653	 0.671241
2.01987	 1.245
2.0232	 0.779007
2.02653	 0.635895
2.02986	 0.298954
2.0332	 0.486229
2.03653	 0.863279
2.03986	 0.740943
2.0432	 0.64263
2.04653	 1.06597
2.04986	 0.744382
2.0532	 0.45242
2.05653	 0.792973
2.05986	 0.746671
2.0632	 0.83154
2.06653	 0.467276
2.06986	 0.43161
2.0732	 0.627592
2.07653	 0.974406
2.07986	 0.73488
2.08319	 1.01646
2.08653	 0.637693
2.08986	 0.797039
2.09319	 0.805582
2.09653	 0.808802
2.09986	 0.71487
2.10319	 0.518586
2.10653	 1.38645
2.10986	 0.550686
2.11319	 0.539481
2.11653	 0.696067
2.11986	 0.387021
2.12319	 0.819322
2.12652	 0.729416
2.12986	 0.897634
2.13319	 1.15766
2.13652	 0.544535
2.13986	 0.560402
2.14319	 0.645591
2.14652	 0.661326
2.14986	 0.830183
2.15319	 1.1841
2.15652	 1.00617
2.15986	 0.942009
2.16319	 1.08739
2.16652	 1.02708
2.16986	 0.331534
2.17319	 0.541554
2.17652	 1.03768
2.17985	 0.773522
2.18319	 0.995012
2.18652	 0.651433
2.18985	 1.15602
2.19319	 0.235903
2.19652	 0.712027
2.19985	 0.561897
2.20319	 0.69613
2.20652	 1.09819
2.20985	 0.873664
2.21319	 0.917538
2.21652	 0.765382
2.21985	 0.622154
2.22319	 0.995768
2.22652	 0.591252
2.22985	 0.61797
2.23318	 1.55102
2.23652	 0.896334
2.23985	 0.825804
2.24318	 0.563779
2.24652	 0.486099
2.24985	 0.792116
2.25318	 1.35146
2.25652	 0.546712
2.25985	 0.731036
2.26318	 1.06364
2.26652	 0.946599
2.26985	 0.99636
2.27318	 0.807821
2.27651	 0.765071
2.27985	 0.44935
2.28318	 0.620253
2.28651	 0.770834
2.28985	 0.836687
2.29318	 0.471645
2.29651	 0.804134
2.29985	 0.452628
2.30318	 0.894202
2.30651	 0.899399
2.30985	 0.437
2.31318	 0.331046
2.31651	 0.834085
2.31985	 0.546002
2.32318	 1.10597
2.32651	 0.915207
2.32984	 0.371801
2.33318	 0.994296
2.33651	 0.848975
2.33984	 0.671195
2.34318	 0.685604
2.34651	 0.58307
2.34984	 0.648225
2.35318	 0.745753
2.35651	 1.04742
2.35984	 0.839144
2.36318	 1.06937
2.36651	 1.07474
2.36984	 0.955356
2.37318	 1.41793
2.37651	 0.857907
2.37984	 0.787415
2.38317	 0.869395
2.38651	 0.880507
2.38984	 0.664189
2.39317	 1.15342
2.39651	 0.415936
2.39984	 0.733042
2.40317	 0.381764
2.40651	 0.751389
2.40984	 1.62507
2.41317	 0.571479
2.41651	 0.596938
2.41984	 0.751318
2.42317	 0.362476
2.4265	 0.861141
2.42984	 0.556812
2.43317	 0.646485
2.4365	 0.702933
2.43984	 0.86046
2.44317	 0.734193
2.4465	 0.707341
2.44984	 0.834173
2.45317	 0.530407
2.4565	 0.654812
2.45984	 1.14539
2.46317	 0.842992
2.4665	 0.503635
2.46984	 0.942973
2.47317	 0.909864
2.4765	 0.221493
2.47983	 0.639336
2.48317	 0.629563
2.4865	 0.621318
2.48983	 0.374965
2.49317	 1.13731
2.4965	 0.960494
2.49983	 0.757512
2.50317	 0.733295
2.5065	 0.407867
2.50983	 0.605777
2.51317	 0.941774
2.5165	 0.89766
2.51983	 0.737066
2.52317	 0.586486
2.5265	 0.717904
2.52983	 0.732314
2.53316	 0.719409
2.5365	 0.677724
2.53983	 1.01091
2.54316	 0.630523
2.5465	 1.08036
2.54983	 0.768903
2.55316	 0.668294
2.5565	 0.62273
2.55983	 0.520534
2.56316	 1.09981
2.5665	 0.491549
2.56983	 0.740763
2.57316	 0.873916
2.57649	 0.659285
2.57983	 0.684741
2.58316	 0.784976
2.58649	 0.781676
2.58983	 0.794515
2.59316	 0.576429
2.59649	 0.500062
2.59983	 0.765805
2.60316	 0.48232
2.60649	 1.13111
2.60983	 0.897398
2.61316	 1.06193
2.61649	 0.605291
2.61983	 0.341889
2.62316	 0.881058
2.62649	 0.755294
2.62982	 0.419773
2.63316	 0.888345
2.63649	 0.615281
2.63982	 1.07188
2.64316	 0.792796
2.64649	 0.724318
2.64982	 0.614583
2.65316	 0.633116
2.65649	 1.07995
2.65982	 0.545758
2.66316	 0.898671
2.66649	 0.527966
2.66982	 0.645171
2.67316	 0.523133
2.67649	 0.878408
2.67982	 0.821974
2.68315	 0.819589
2.68649	 0.959142
2.68982	 0.349233
2.69315	 0.761676
2.69649	 0.787594
2.69982	 0.455274
2.70315	 0.486686
2.70649	 0.652778
2.70982	 0.494359
2.71315	 1.06045
2.71649	 0.289885
2.71982	 0.816023
2.72315	 1.28146
2.72648	 0.662862
2.72982	 1.25239
2.73315	 0.943054
2.73648	 0.633814
2.73982	 0.755515
2.74315	 0.764864
2.74648	 0.964601
2.74982	 0.747522
2.75315	 0.942807
2.75648	 1.10177
2.75982	 0.716331
2.76315	 0.680237
2.76648	 0.726875
2.76982	 0.625
2.77315	 0.904468
2.77648	 0.435387
2.77981	 0.536936
2.78315	 0.975463
2.78648	 0.589403
2.78981	 0.553603
2.79315	 0.769205
2.79648	 0.480851
2.79981	 1.00383
2.80315	 1.17693
2.80648	 0.75851
2.80981	 0.676265
2.81315	 0.714583
2.81648	 0.823512
2.81981	 0.915133
2.82315	 0.658003
2.82648	 0.734309
2.82981	 0.530527
2.83314	 0.650332
2.83648	 0.537583
2.83981	 0.790023
2.84314	 0.71186
2.84648	 0.577205
2.84981	 0.556882
2.85314	 0.973339
2.85648	 0.951792
2.85981	 1.10264
2.86314	 0.315797
2.86648	 0.744199
2.86981	 0.384455
2.87314	 0.898864
2.87647	 0.601858
2.87981	 0.813467
2.88314	 1.06741
2.88647	 0.555079
2.88981	 0.69997
2.89314	 0.481545
2.89647	 0.886126
2.89981	 0.791171
2.90314	 0.637452
2.90647	 0.661237
2.90981	 0.798524
2.91314	 0.685981
2.91647	 0.578061
2.91981	 0.71205
2.92314	 0.715279
2.92647	 0.498593
2.9298	 0.869616
2.93314	 0.321588
2.93647	 0.39034
2.9398	 0.753962
2.94314	 0.796282
2.94647	 0.730101
2.9498	 0.61876
2.95314	 0.804634
2.95647	 0.911113
2.9598	 0.641139
2.96314	 0.669891
2.96647	 1.18455
2.9698	 0.832588
2.97314	 0.833082
2.97647	 0.661884
2.9798	 0.457928
2.98313	 0.659423
2.98647	 1.05878
2.9898	 0.919465
2.99313	 0.508766
2.99647	 0.507924
2.9998	 0.703738
3.00313	 0.437277
3.00647	 0.562302
3.0098	 0.823476
3.01313	 0.789653
3.01647	 0.513746
3.0198	 0.544273
3.02313	 0.488319
3.02646	 0.600755
3.0298	 0.579942
3.03313	 0.586197
3.03646	 0.391298
3.0398	 0.55392
3.04313	 0.906894
3.04646	 0.825286
3.0498	 1.10264
3.05313	 0.414005
3.05646	 0.622586
3.0598	 0.793236
3.06313	 0.50078
3.06646	 1.13017
3.0698	 0.579667
3.07313	 0.658871
3.07646	 0.758107
3.07979	 0.700066
3.08313	 0.945845
3.08646	 0.613027
3.08979	 0.793203
3.09313	 0.769304
3.09646	 0.436598
3.09979	 0.472475
3.10313	 0.386702
3.10646	 0.68646
3.10979	 0.806711
3.11313	 1.02781
3.11646	 0.565833
3.11979	 0.699783
3.12313	 0.742866
3.12646	 0.870028
3.12979	 0.249831
3.13312	 0.784997
3.13646	 0.816434
3.13979	 0.757343
3.14312	 0.661762
3.14646	 0.783593
3.14979	 0.864608
3.15312	 0.756365
3.15646	 0.611956
3.15979	 1.03701
3.16312	 0.681545
3.16646	 0.643092
3.16979	 0.664806
3.17312	 0.89067
3.17645	 0.630486
3.17979	 0.431073
3.18312	 0.585573
3.18645	 0.713591
3.18979	 0.607801
3.19312	 0.352464
3.19645	 0.566184
3.19979	 0.337869
3.20312	 0.657737
3.20645	 0.715941
3.20979	 1.02559
3.21312	 0.911519
3.21645	 0.565965
3.21979	 0.499944
3.22312	 0.421918
3.22645	 0.834617
3.22978	 0.857987
3.23312	 0.526652
3.23645	 0.649703
3.23978	 0.76072
3.24312	 0.380138
3.24645	 0.625188
3.24978	 0.525224
3.25312	 0.613492
3.25645	 0.872883
3.25978	 0.232076
3.26312	 0.683221
3.26645	 0.699556
3.26978	 0.573741
3.27312	 0.271889
3.27645	 0.775232
3.27978	 0.765364
3.28311	 0.637253
3.28645	 0.328522
3.28978	 0.541596
3.29311	 0.871417
3.29645	 0.759736
3.29978	 0.811074
3.30311	 0.398408
3.30645	 0.719226
3.30978	 0.819707
3.31311	 0.48981
3.31645	 0.972568
3.31978	 0.897479
3.32311	 0.600025
3.32644	 0.285741
3.32978	 0.364399
3.33311	 0.498625
3.33644	 0.468654
3.33978	 0.850312
3.34311	 0.581285
3.34644	 0.804841
3.34978	 0.338845
3.35311	 0.971361
3.35644	 0.593443
3.35978	 0.783802
3.36311	 0.676243
3.36644	 0.663329
3.36978	 0.693621
3.37311	 0.835994
3.37644	 0.446185
3.37977	 0.470088
3.38311	 0.704482
3.38644	 0.661098
3.38977	 0.236774
3.39311	 0.319859
3.39644	 0.643692
3.39977	 0.696146
3.40311	 0.797651
3.40644	 0.812255
3.40977	 0.70032
3.41311	 0.38284
3.41644	 0.93077
3.41977	 0.395358
3.42311	 0.724555
3.42644	 0.533401
3.42977	 0.749084
3.4331	 0.645961
3.43644	 0.666731
3.43977	 0.618444
3.4431	 0.525884
3.44644	 0.698048
3.44977	 0.698103
3.4531	 0.436541
3.45644	 0.931712
3.45977	 0.54423
3.4631	 0.417769
3.46644	 0.447174
3.46977	 1.07784
3.4731	 0.26307
3.47643	 0.63582
3.47977	 0.707979
3.4831	 0.962757
3.48643	 0.964318
3.48977	 1.10268
3.4931	 0.592031
3.49643	 0.71623
3.49977	 0.997713
3.5031	 0.695701
3.50643	 0.791721
3.50977	 0.639553
3.5131	 0.477365
3.51643	 0.335124
3.51977	 0.467678
3.5231	 0.867884
3.52643	 0.718721
3.52976	 0.702422
3.5331	 0.729212
3.53643	 0.807148
3.53976	 1.23981
3.5431	 1.02893
3.54643	 0.667782
3.54976	 0.632396
3.5531	 0.386611
3.55643	 0.630582
3.55976	 0.745994
3.5631	 0.431295
3.56643	 0.603661
3.56976	 0.835217
3.5731	 0.654564
3.57643	 0.685018
3.57976	 0.91563
3.58309	 0.820262
3.58643	 0.527633
3.58976	 0.991102
3.59309	 0.400965
3.59643	 0.407488
3.59976	 1.01888
3.60309	 0.744166
3.60643	 0.567182
3.60976	 0.737639
3.61309	 0.544548
3.61643	 0.986389
3.61976	 0.66586
3.62309	 0.593895
3.62642	 0.659678
3.62976	 0.534421
3.63309	 0.736346
3.63642	 0.598065
3.63976	 0.899075
3.64309	 0.462614
3.64642	 0.660246
3.64976	 0.405649
3.65309	 0.815316
3.65642	 0.668667
3.65976	 0.631345
3.66309	 0.242592
3.66642	 0.574918
3.66976	 0.514227
3.67309	 0.91309
3.67642	 0.657216
3.67975	 0.67771
3.68309	 0.955531
3.68642	 0.530775
3.68975	 0.872081
3.69309	 0.913116
3.69642	 0.694428
3.69975	 0.943397
3.70309	 0.657429
3.70642	 0.547699
3.70975	 0.716206
3.71309	 0.709363
3.71642	 0.53734
3.71975	 0.300937
3.72309	 0.529026
3.72642	 0.799124
3.72975	 0.78779
3.73308	 0.683201
3.73642	 0.464134
3.73975	 0.780647
3.74308	 1.08154
3.74642	 0.796001
3.74975	 0.714175
3.75308	 0.52075
3.75642	 0.701144
3.75975	 0.540837
3.76308	 1.1256
3.76642	 0.766384
3.76975	 0.583878
3.77308	 0.875577
3.77641	 0.530608
3.77975	 0.455556
3.78308	 0.688606
3.78641	 0.585351
3.78975	 0.981669
3.79308	 0.7548
3.79641	 0.621396
3.79975	 0.975633
3.80308	 0.955952
3.80641	 0.68862
3.80975	 0.738702
3.81308	 0.760606
3.81641	 0.640763
3.81975	 0.702279
3.82308	 0.478657
3.82641	 0.728992
3.82974	 0.560229
3.83308	 1.04268
3.83641	 0.728634
3.83974	 0.79524
3.84308	 0.582489
3.84641	 0.571487
3.84974	 0.671863
3.85308	 0.828814
3.85641	 0.920284
3.85974	 0.603669
3.86308	 0.716275
3.86641	 0.581753
3.86974	 0.430663
3.87308	 0.505576
3.87641	 0.770626
3.87974	 0.848406
3.88307	 0.588601
3.88641	 0.323863
3.88974	 0.649632
3.89307	 0.536224
3.89641	 0.69689
3.89974	 0.31314
3.90307	 0.789022
3.90641	 0.671697
3.90974	 0.495064
3.91307	 1.00777
3.91641	 0.440869
3.91974	 0.929791
3.92307	 0.498479
3.9264	 0.582482
3.92974	 0.886479
3.93307	 0.680182
3.9364	 0.497277
3.93974	 0.810752
3.94307	 0.299204
3.9464	 0.706584
3.94974	 0.629377
3.95307	 1.17401
3.9564	 0.96023
3.95974	 0.494545
3.96307	 0.573166
3.9664	 0.413234
3.96974	 0.437278
3.97307	 0.803676
3.9764	 0.429494
3.97973	 0.615109
3.98307	 0.426951
3.9864	 0.756035
3.98973	 0.323713
3.99307	 0.356064
3.9964	 0.390485
3.99973	 0.387013
4.00307	 0.461846
4.0064	 0.748097
4.00973	 0.662338
4.01307	 0.503501
4.0164	 0.745409
4.01973	 0.429064
4.02307	 0.662138
4.0264	 0.917819
4.02973	 0.514631
4.03306	 0.582275
4.0364	 0.892995
4.03973	 0.855649
4.04306	 0.793649
4.0464	 1.09216
4.04973	 0.910148
4.05306	 0.545556
4.0564	 0.538596
4.05973	 0.870883
4.06306	 0.530242
4.0664	 0.296075
4.06973	 0.718062
4.07306	 0.527585
4.07639	 0.803289
4.07973	 0.746719
4.08306	 0.617349
4.08639	 0.343377
4.08973	 0.622061
4.09306	 0.507053
4.09639	 0.580639
4.09973	 0.796628
4.10306	 0.556876
4.10639	 0.369012
4.10973	 0.746293
4.11306	 0.864101
4.11639	 0.726958
4.11973	 0.560325
4.12306	 0.586738
4.12639	 0.387365
4.12972	 0.427345
4.13306	 0.340448
4.13639	 0.396209
4.13972	 0.531232
4.14306	 0.580005
4.14639	 0.504326
4.14972	 0.449523
4.15306	 0.937378
4.15639	 0.744509
4.15972	 0.752369
4.16306	 0.504402
4.16639	 0.58212
4.16972	 0.629367
4.17306	 0.635532
4.17639	 0.519923
4.17972	 0.60198
4.18305	 0.680393
4.18639	 0.483799
4.18972	 0.54008
4.19305	 0.473704
4.19639	 0.734221
4.19972	 0.568724
4.20305	 0.920994
4.20639	 0.626765
4.20972	 0.339106
4.21305	 0.329919
4.21639	 0.438552
4.21972	 0.9577
4.22305	 0.519201
4.22638	 0.651455
4.22972	 0.686735
4.23305	 0.60499
4.23638	 0.885579
4.23972	 0.464761
4.24305	 0.588783
4.24638	 0.758498
4.24972	 0.900245
4.25305	 0.769611
4.25638	 0.659122
4.25972	 0.723598
4.26305	 0.66188
4.26638	 0.471884
4.26972	 0.655816
4.27305	 1.32224
4.27638	 0.701768
4.27971	 0.756898
4.28305	 0.601071
4.28638	 0.762402
4.28971	 0.454966
4.29305	 0.66394
4.29638	 0.762777
4.29971	 0.526055
4.30305	 0.47695
4.30638	 0.330646
4.30971	 0.778205
4.31305	 0.789746
4.31638	 0.632905
4.31971	 0.898817
4.32305	 0.555136
4.32638	 0.676269
4.32971	 0.786115
4.33304	 0.288535
4.33638	 0.492835
4.33971	 0.526893
4.34304	 0.699874
4.34638	 0.342702
4.34971	 0.517369
4.35304	 0.697168
4.35638	 0.670424
4.35971	 0.510912
4.36304	 0.542587
4.36638	 0.537104
4.36971	 0.400718
4.37304	 0.327141
4.37637	 0.755336
4.37971	 0.220285
4.38304	 0.764233
4.38637	 0.456552
4.38971	 0.711311
4.39304	 0.635924
4.39637	 0.676526
4.39971	 0.629533
4.40304	 0.55244
4.40637	 0.600754
4.40971	 0.98793
4.41304	 0.7661
4.41637	 0.467517
4.41971	 0.503286
4.42304	 0.507356
4.42637	 0.633535
4.4297	 0.461475
4.43304	 0.744829
4.43637	 0.924372
4.4397	 0.798622
4.44304	 0.818064
4.44637	 0.521888
4.4497	 0.441214
4.45304	 0.515793
4.45637	 0.647093
4.4597	 0.888535
4.46304	 0.840883
4.46637	 0.661294
4.4697	 0.612915
4.47304	 0.604685
4.47637	 0.431657
4.4797	 0.776175
4.48303	 0.849053
4.48637	 0.43873
4.4897	 0.365801
4.49303	 0.733318
4.49637	 0.542507
4.4997	 0.825796
4.50303	 0.937614
4.50637	 0.476655
4.5097	 0.669916
4.51303	 0.736362
4.51637	 0.791156
4.5197	 0.593196
4.52303	 0.838993
4.52636	 0.630239
4.5297	 0.912197
4.53303	 0.290237
4.53636	 0.992221
4.5397	 0.793017
4.54303	 0.615365
4.54636	 0.509483
4.5497	 0.625808
4.55303	 0.514847
4.55636	 0.705157
4.5597	 0.324727
4.56303	 0.720018
4.56636	 0.663418
4.5697	 0.837036
4.57303	 0.628727
4.57636	 0.618911
4.57969	 0.691424
4.58303	 0.510827
4.58636	 0.461588
4.58969	 0.369431
4.59303	 0.614953
4.59636	 0.472267
4.59969	 0.567315
4.60303	 0.796309
4.60636	 0.561997
4.60969	 0.960642
4.61303	 0.627164
4.61636	 0.709529
4.61969	 0.429845
4.62303	 0.616744
4.62636	 0.526567
4.62969	 0.445233
4.63302	 0.731308
4.63636	 0.724975
4.63969	 0.317782
4.64302	 0.606683
4.64636	 0.927107
4.64969	 0.78836
4.65302	 0.890952
4.65636	 0.253252
4.65969	 0.455678
4.66302	 0.364237
4.66636	 0.380656
4.66969	 0.619748
4.67302	 0.492431
4.67635	 0.604616
4.67969	 0.456435
4.68302	 0.212275
4.68635	 0.830059
4.68969	 0.738387
4.69302	 0.582301
4.69635	 0.980465
4.69969	 0.403265
4.70302	 0.440376
4.70635	 0.624849
4.70969	 0.399071
4.71302	 0.942862
4.71635	 0.943674
4.71969	 0.846118
4.72302	 0.893186
4.72635	 0.659267
4.72968	 0.602699
4.73302	 0.695344
4.73635	 0.340471
4.73968	 0.402236
4.74302	 0.233027
4.74635	 0.601769
4.74968	 0.755206
4.75302	 0.629763
4.75635	 0.480094
4.75968	 0.749866
4.76302	 0.549037
4.76635	 0.593853
4.76968	 0.837215
4.77302	 0.709472
4.77635	 0.506767
4.77968	 0.613178
4.78301	 0.474999
4.78635	 0.469133
4.78968	 0.614034
4.79301	 0.53854
4.79635	 0.446919
4.79968	 0.467036
4.80301	 0.929388
4.80635	 0.505188
4.80968	 0.484581
4.81301	 0.4601
4.81635	 0.352121
4.81968	 0.888091
4.82301	 0.790153
4.82634	 0.701525
4.82968	 0.378832
4.83301	 0.12732
4.83634	 0.318051
4.83968	 0.742374
4.84301	 0.513083
4.84634	 0.592559
4.84968	 0.606291
4.85301	 0.533612
4.85634	 0.730205
4.85968	 0.593289
4.86301	 0.461229
4.86634	 0.449392
4.86968	 0.713083
4.87301	 0.650394
4.87634	 0.595129
4.87967	 0.735936
4.88301	 0.502044
4.88634	 0.584105
4.88967	 0.740692
4.89301	 0.547251
4.89634	 0.30754
4.89967	 0.889109
4.90301	 0.517385
4.90634	 0.764761
4.90967	 0.435298
4.91301	 0.59721
4.91634	 0.579823
4.91967	 0.395387
4.92301	 0.358844
4.92634	 0.591134
4.92967	 0.756414
4.933	 0.476021
4.93634	 0.603319
4.93967	 0.646975
4.943	 0.423018
4.94634	 0.595365
4.94967	 0.320134
4.953	 0.683016
4.95634	 0.514571
4.95967	 0.663338
4.963	 0.677466
4.96634	 0.54367
4.96967	 0.210593
4.973	 0.8208
4.97633	 0.666794
4.97967	 0.610038
4.983	 0.394331
4.98633	 0.723324
4.98967	 0.264876
4.993	 0.493815
4.99633	 0.542932
