# Frequency [GHz] 	Fouriercomponent
-4.99967	 0.128254
-4.99633	 0.138578
-4.993	 0.139073
-4.98967	 0.0935769
-4.98633	 0.106615
-4.983	 0.140991
-4.97967	 0.0925946
-4.97633	 0.100982
-4.973	 0.126324
-4.96967	 0.0675052
-4.96634	 0.110947
-4.963	 0.168186
-4.95967	 0.0633665
-4.95634	 0.154665
-4.953	 0.131002
-4.94967	 0.0757389
-4.94634	 0.069361
-4.943	 0.10997
-4.93967	 0.0765954
-4.93634	 0.179506
-4.933	 0.166244
-4.92967	 0.107676
-4.92634	 0.128983
-4.92301	 0.149399
-4.91967	 0.12781
-4.91634	 0.131879
-4.91301	 0.123633
-4.90967	 0.0779681
-4.90634	 0.12661
-4.90301	 0.0873351
-4.89967	 0.0929911
-4.89634	 0.195209
-4.89301	 0.163819
-4.88967	 0.158079
-4.88634	 0.133215
-4.88301	 0.153839
-4.87967	 0.20502
-4.87634	 0.161909
-4.87301	 0.158043
-4.86968	 0.134087
-4.86634	 0.0472941
-4.86301	 0.320086
-4.85968	 0.117011
-4.85634	 0.0998913
-4.85301	 0.0713881
-4.84968	 0.216285
-4.84634	 0.156815
-4.84301	 0.178735
-4.83968	 0.161569
-4.83634	 0.142412
-4.83301	 0.146562
-4.82968	 0.147394
-4.82634	 0.162014
-4.82301	 0.170632
-4.81968	 0.136085
-4.81635	 0.117632
-4.81301	 0.070141
-4.80968	 0.194232
-4.80635	 0.103453
-4.80301	 0.104927
-4.79968	 0.188779
-4.79635	 0.0983862
-4.79301	 0.132893
-4.78968	 0.111632
-4.78635	 0.139844
-4.78301	 0.116063
-4.77968	 0.130788
-4.77635	 0.122522
-4.77302	 0.0435735
-4.76968	 0.117841
-4.76635	 0.114781
-4.76302	 0.131514
-4.75968	 0.181035
-4.75635	 0.141788
-4.75302	 0.142436
-4.74968	 0.197371
-4.74635	 0.0822718
-4.74302	 0.129952
-4.73968	 0.110488
-4.73635	 0.152288
-4.73302	 0.13464
-4.72968	 0.0969411
-4.72635	 0.168253
-4.72302	 0.0658106
-4.71969	 0.17719
-4.71635	 0.0929583
-4.71302	 0.165922
-4.70969	 0.126686
-4.70635	 0.0901564
-4.70302	 0.125232
-4.69969	 0.0921353
-4.69635	 0.0887661
-4.69302	 0.102788
-4.68969	 0.0948431
-4.68635	 0.139768
-4.68302	 0.119399
-4.67969	 0.106905
-4.67635	 0.0580997
-4.67302	 0.0907804
-4.66969	 0.0683845
-4.66636	 0.104553
-4.66302	 0.116393
-4.65969	 0.101149
-4.65636	 0.0991223
-4.65302	 0.162499
-4.64969	 0.0815365
-4.64636	 0.0898059
-4.64302	 0.132232
-4.63969	 0.0944185
-4.63636	 0.0943826
-4.63302	 0.121479
-4.62969	 0.0560883
-4.62636	 0.069821
-4.62303	 0.069692
-4.61969	 0.0732651
-4.61636	 0.107592
-4.61303	 0.0807709
-4.60969	 0.0471479
-4.60636	 0.131923
-4.60303	 0.0990235
-4.59969	 0.0986389
-4.59636	 0.0479296
-4.59303	 0.0804221
-4.58969	 0.0707352
-4.58636	 0.0962338
-4.58303	 0.069849
-4.57969	 0.0829579
-4.57636	 0.0935394
-4.57303	 0.109715
-4.5697	 0.104815
-4.56636	 0.0736212
-4.56303	 0.0899649
-4.5597	 0.0791271
-4.55636	 0.0798634
-4.55303	 0.0720342
-4.5497	 0.102414
-4.54636	 0.0901945
-4.54303	 0.0939278
-4.5397	 0.0878802
-4.53636	 0.0913135
-4.53303	 0.0972755
-4.5297	 0.0432472
-4.52636	 0.0934015
-4.52303	 0.0982593
-4.5197	 0.102142
-4.51637	 0.0838716
-4.51303	 0.0767954
-4.5097	 0.112241
-4.50637	 0.100234
-4.50303	 0.0739315
-4.4997	 0.0985588
-4.49637	 0.08855
-4.49303	 0.0878725
-4.4897	 0.089583
-4.48637	 0.0887092
-4.48303	 0.0412679
-4.4797	 0.0639482
-4.47637	 0.0620427
-4.47304	 0.0566178
-4.4697	 0.0635697
-4.46637	 0.0795066
-4.46304	 0.0557851
-4.4597	 0.045594
-4.45637	 0.0786008
-4.45304	 0.0817063
-4.4497	 0.115046
-4.44637	 0.0494139
-4.44304	 0.0661614
-4.4397	 0.0278539
-4.43637	 0.0559117
-4.43304	 0.0709684
-4.4297	 0.0518403
-4.42637	 0.0594842
-4.42304	 0.0686651
-4.41971	 0.0509923
-4.41637	 0.0768897
-4.41304	 0.0940225
-4.40971	 0.112587
-4.40637	 0.035857
-4.40304	 0.0546173
-4.39971	 0.0314868
-4.39637	 0.0679716
-4.39304	 0.0553387
-4.38971	 0.0873981
-4.38637	 0.093472
-4.38304	 0.0446397
-4.37971	 0.0532009
-4.37637	 0.0589117
-4.37304	 0.124681
-4.36971	 0.091785
-4.36638	 0.0687903
-4.36304	 0.0467188
-4.35971	 0.134245
-4.35638	 0.0755419
-4.35304	 0.0658668
-4.34971	 0.0549323
-4.34638	 0.0502477
-4.34304	 0.0511156
-4.33971	 0.0689137
-4.33638	 0.0882476
-4.33304	 0.114266
-4.32971	 0.0562564
-4.32638	 0.0833644
-4.32305	 0.0746696
-4.31971	 0.0709001
-4.31638	 0.0513033
-4.31305	 0.0497401
-4.30971	 0.082206
-4.30638	 0.075513
-4.30305	 0.102641
-4.29971	 0.0618257
-4.29638	 0.0561476
-4.29305	 0.0686963
-4.28971	 0.0623381
-4.28638	 0.0738032
-4.28305	 0.0643582
-4.27971	 0.0449367
-4.27638	 0.0622803
-4.27305	 0.0908258
-4.26972	 0.0842409
-4.26638	 0.0685445
-4.26305	 0.0941508
-4.25972	 0.107958
-4.25638	 0.0898829
-4.25305	 0.0778891
-4.24972	 0.0592734
-4.24638	 0.0578185
-4.24305	 0.0593071
-4.23972	 0.0632342
-4.23638	 0.0832319
-4.23305	 0.0753334
-4.22972	 0.0608234
-4.22638	 0.0794172
-4.22305	 0.0672802
-4.21972	 0.0711621
-4.21639	 0.069709
-4.21305	 0.0501697
-4.20972	 0.0450968
-4.20639	 0.0542451
-4.20305	 0.0712274
-4.19972	 0.0354022
-4.19639	 0.100148
-4.19305	 0.0852676
-4.18972	 0.0504124
-4.18639	 0.0924796
-4.18305	 0.0773823
-4.17972	 0.0596332
-4.17639	 0.0671162
-4.17306	 0.107739
-4.16972	 0.0966217
-4.16639	 0.0661093
-4.16306	 0.100103
-4.15972	 0.0660516
-4.15639	 0.0491463
-4.15306	 0.0426307
-4.14972	 0.0611699
-4.14639	 0.11891
-4.14306	 0.0580639
-4.13972	 0.030166
-4.13639	 0.0687405
-4.13306	 0.0886405
-4.12972	 0.0582393
-4.12639	 0.0650099
-4.12306	 0.0830059
-4.11973	 0.0577893
-4.11639	 0.0408896
-4.11306	 0.0814051
-4.10973	 0.0649411
-4.10639	 0.0808701
-4.10306	 0.101793
-4.09973	 0.0485416
-4.09639	 0.110147
-4.09306	 0.108194
-4.08973	 0.0724234
-4.08639	 0.0632695
-4.08306	 0.0567718
-4.07973	 0.0943187
-4.07639	 0.048284
-4.07306	 0.100087
-4.06973	 0.0966375
-4.0664	 0.0977209
-4.06306	 0.0914425
-4.05973	 0.0903808
-4.0564	 0.0604699
-4.05306	 0.062102
-4.04973	 0.0852029
-4.0464	 0.0915861
-4.04306	 0.0437797
-4.03973	 0.0704881
-4.0364	 0.0529895
-4.03306	 0.0915464
-4.02973	 0.0513775
-4.0264	 0.0496073
-4.02307	 0.0915096
-4.01973	 0.0810719
-4.0164	 0.0654642
-4.01307	 0.0705864
-4.00973	 0.0489313
-4.0064	 0.0855877
-4.00307	 0.07338
-3.99973	 0.0701345
-3.9964	 0.10441
-3.99307	 0.0970948
-3.98973	 0.105816
-3.9864	 0.08982
-3.98307	 0.0750757
-3.97973	 0.0678144
-3.9764	 0.0768709
-3.97307	 0.0947538
-3.96974	 0.0903586
-3.9664	 0.0637449
-3.96307	 0.102581
-3.95974	 0.11955
-3.9564	 0.106432
-3.95307	 0.0889
-3.94974	 0.0517728
-3.9464	 0.0827901
-3.94307	 0.0532228
-3.93974	 0.10614
-3.9364	 0.0836504
-3.93307	 0.115008
-3.92974	 0.0855938
-3.9264	 0.0531203
-3.92307	 0.0933469
-3.91974	 0.0619557
-3.91641	 0.0490557
-3.91307	 0.143729
-3.90974	 0.101161
-3.90641	 0.0682321
-3.90307	 0.0843449
-3.89974	 0.0798954
-3.89641	 0.0720514
-3.89307	 0.0990162
-3.88974	 0.0791665
-3.88641	 0.100029
-3.88307	 0.0954089
-3.87974	 0.0574804
-3.87641	 0.0932437
-3.87308	 0.0691577
-3.86974	 0.0930493
-3.86641	 0.106152
-3.86308	 0.103627
-3.85974	 0.108412
-3.85641	 0.0845189
-3.85308	 0.139674
-3.84974	 0.104985
-3.84641	 0.101451
-3.84308	 0.129057
-3.83974	 0.114862
-3.83641	 0.0502826
-3.83308	 0.143844
-3.82974	 0.0741536
-3.82641	 0.0646581
-3.82308	 0.150744
-3.81975	 0.159109
-3.81641	 0.078599
-3.81308	 0.111733
-3.80975	 0.130725
-3.80641	 0.0885476
-3.80308	 0.109624
-3.79975	 0.0918899
-3.79641	 0.0707374
-3.79308	 0.0855786
-3.78975	 0.109896
-3.78641	 0.107354
-3.78308	 0.0702482
-3.77975	 0.117433
-3.77641	 0.0941557
-3.77308	 0.159534
-3.76975	 0.0538427
-3.76642	 0.100698
-3.76308	 0.142264
-3.75975	 0.0850592
-3.75642	 0.10865
-3.75308	 0.0985167
-3.74975	 0.123281
-3.74642	 0.226253
-3.74308	 0.110127
-3.73975	 0.15449
-3.73642	 0.0827285
-3.73308	 0.142155
-3.72975	 0.131546
-3.72642	 0.11885
-3.72309	 0.0555174
-3.71975	 0.19785
-3.71642	 0.139436
-3.71309	 0.18979
-3.70975	 0.186331
-3.70642	 0.146839
-3.70309	 0.152282
-3.69975	 0.175186
-3.69642	 0.199266
-3.69309	 0.0657844
-3.68975	 0.146369
-3.68642	 0.118148
-3.68309	 0.121799
-3.67975	 0.139963
-3.67642	 0.155016
-3.67309	 0.0969471
-3.66976	 0.16385
-3.66642	 0.156156
-3.66309	 0.101992
-3.65976	 0.199077
-3.65642	 0.165681
-3.65309	 0.0784669
-3.64976	 0.245028
-3.64642	 0.171777
-3.64309	 0.146101
-3.63976	 0.194454
-3.63642	 0.188943
-3.63309	 0.16459
-3.62976	 0.18746
-3.62642	 0.163894
-3.62309	 0.119291
-3.61976	 0.0666806
-3.61643	 0.300615
-3.61309	 0.305042
-3.60976	 0.264323
-3.60643	 0.199005
-3.60309	 0.150578
-3.59976	 0.125837
-3.59643	 0.128407
-3.59309	 0.299964
-3.58976	 0.252104
-3.58643	 0.176757
-3.58309	 0.216075
-3.57976	 0.212371
-3.57643	 0.282764
-3.5731	 0.162304
-3.56976	 0.192052
-3.56643	 0.166585
-3.5631	 0.150123
-3.55976	 0.298044
-3.55643	 0.125294
-3.5531	 0.316212
-3.54976	 0.155742
-3.54643	 0.173121
-3.5431	 0.218374
-3.53976	 0.121757
-3.53643	 0.102349
-3.5331	 0.111147
-3.52976	 0.0823599
-3.52643	 0.189986
-3.5231	 0.139386
-3.51977	 0.169986
-3.51643	 0.171971
-3.5131	 0.0865891
-3.50977	 0.0955366
-3.50643	 0.110683
-3.5031	 0.169492
-3.49977	 0.159614
-3.49643	 0.0810565
-3.4931	 0.174544
-3.48977	 0.236994
-3.48643	 0.135425
-3.4831	 0.0937268
-3.47977	 0.157064
-3.47643	 0.141429
-3.4731	 0.172486
-3.46977	 0.0778897
-3.46644	 0.189459
-3.4631	 0.178517
-3.45977	 0.0954692
-3.45644	 0.108075
-3.4531	 0.199354
-3.44977	 0.0937595
-3.44644	 0.0823271
-3.4431	 0.13526
-3.43977	 0.103975
-3.43644	 0.149864
-3.4331	 0.0911299
-3.42977	 0.0644286
-3.42644	 0.114276
-3.42311	 0.110891
-3.41977	 0.132737
-3.41644	 0.143682
-3.41311	 0.0842973
-3.40977	 0.0984004
-3.40644	 0.111543
-3.40311	 0.085471
-3.39977	 0.1404
-3.39644	 0.0554606
-3.39311	 0.165098
-3.38977	 0.126401
-3.38644	 0.0372203
-3.38311	 0.0728511
-3.37977	 0.0611919
-3.37644	 0.140117
-3.37311	 0.0700676
-3.36978	 0.114413
-3.36644	 0.104653
-3.36311	 0.0898985
-3.35978	 0.0677861
-3.35644	 0.0809141
-3.35311	 0.0848809
-3.34978	 0.0988536
-3.34644	 0.0946082
-3.34311	 0.0656951
-3.33978	 0.0374996
-3.33644	 0.0708812
-3.33311	 0.0778138
-3.32978	 0.080488
-3.32644	 0.0449432
-3.32311	 0.0809671
-3.31978	 0.0857985
-3.31645	 0.0747821
-3.31311	 0.0604711
-3.30978	 0.0763955
-3.30645	 0.0603648
-3.30311	 0.091523
-3.29978	 0.0598303
-3.29645	 0.0822087
-3.29311	 0.126641
-3.28978	 0.0808562
-3.28645	 0.0627244
-3.28311	 0.105422
-3.27978	 0.0691938
-3.27645	 0.0717714
-3.27312	 0.0391765
-3.26978	 0.0997689
-3.26645	 0.0679477
-3.26312	 0.0977624
-3.25978	 0.062709
-3.25645	 0.0544091
-3.25312	 0.0940304
-3.24978	 0.049563
-3.24645	 0.0720261
-3.24312	 0.107017
-3.23978	 0.10632
-3.23645	 0.064744
-3.23312	 0.0557023
-3.22978	 0.12507
-3.22645	 0.0771756
-3.22312	 0.0606515
-3.21979	 0.0557808
-3.21645	 0.0863628
-3.21312	 0.0914545
-3.20979	 0.042009
-3.20645	 0.0520206
-3.20312	 0.075016
-3.19979	 0.0576485
-3.19645	 0.0411191
-3.19312	 0.0901676
-3.18979	 0.0850553
-3.18645	 0.0524515
-3.18312	 0.0319829
-3.17979	 0.0865492
-3.17645	 0.0536527
-3.17312	 0.0863039
-3.16979	 0.0817521
-3.16646	 0.074996
-3.16312	 0.058084
-3.15979	 0.0868988
-3.15646	 0.0782768
-3.15312	 0.0869338
-3.14979	 0.0460801
-3.14646	 0.0568728
-3.14312	 0.118861
-3.13979	 0.0569439
-3.13646	 0.0498587
-3.13312	 0.0589765
-3.12979	 0.0899528
-3.12646	 0.046189
-3.12313	 0.0745362
-3.11979	 0.0813487
-3.11646	 0.0552304
-3.11313	 0.0843338
-3.10979	 0.0436771
-3.10646	 0.0566943
-3.10313	 0.0704393
-3.09979	 0.0794926
-3.09646	 0.107467
-3.09313	 0.0435661
-3.08979	 0.0468908
-3.08646	 0.0728525
-3.08313	 0.0543588
-3.07979	 0.0894476
-3.07646	 0.0767887
-3.07313	 0.0806384
-3.0698	 0.0865559
-3.06646	 0.114531
-3.06313	 0.0884082
-3.0598	 0.0501804
-3.05646	 0.055413
-3.05313	 0.0535202
-3.0498	 0.0429655
-3.04646	 0.0737187
-3.04313	 0.060781
-3.0398	 0.064478
-3.03646	 0.0852555
-3.03313	 0.0647439
-3.0298	 0.0695083
-3.02646	 0.0354757
-3.02313	 0.0841803
-3.0198	 0.0659617
-3.01647	 0.0821298
-3.01313	 0.0666251
-3.0098	 0.081362
-3.00647	 0.0909466
-3.00313	 0.0669334
-2.9998	 0.0499269
-2.99647	 0.0814991
-2.99313	 0.0639471
-2.9898	 0.103895
-2.98647	 0.0970021
-2.98313	 0.0792522
-2.9798	 0.0705866
-2.97647	 0.0652059
-2.97314	 0.0844138
-2.9698	 0.0905596
-2.96647	 0.0888639
-2.96314	 0.0584677
-2.9598	 0.0582304
-2.95647	 0.0676055
-2.95314	 0.0652754
-2.9498	 0.0776298
-2.94647	 0.0433354
-2.94314	 0.0791569
-2.9398	 0.0859349
-2.93647	 0.0776121
-2.93314	 0.0729851
-2.9298	 0.0893733
-2.92647	 0.108965
-2.92314	 0.0867318
-2.91981	 0.0847634
-2.91647	 0.080646
-2.91314	 0.0433113
-2.90981	 0.082385
-2.90647	 0.0643444
-2.90314	 0.0582863
-2.89981	 0.0860708
-2.89647	 0.0970558
-2.89314	 0.0951294
-2.88981	 0.0660728
-2.88647	 0.0486294
-2.88314	 0.0735326
-2.87981	 0.0974812
-2.87647	 0.0607104
-2.87314	 0.0746871
-2.86981	 0.0589054
-2.86648	 0.0417958
-2.86314	 0.116381
-2.85981	 0.0645921
-2.85648	 0.0543366
-2.85314	 0.0771735
-2.84981	 0.0501487
-2.84648	 0.0692384
-2.84314	 0.0831015
-2.83981	 0.087389
-2.83648	 0.0790154
-2.83314	 0.100289
-2.82981	 0.0934647
-2.82648	 0.0716232
-2.82315	 0.0786295
-2.81981	 0.0996353
-2.81648	 0.073972
-2.81315	 0.0739355
-2.80981	 0.0891889
-2.80648	 0.129859
-2.80315	 0.110059
-2.79981	 0.104542
-2.79648	 0.0461182
-2.79315	 0.108485
-2.78981	 0.069006
-2.78648	 0.0517141
-2.78315	 0.0711823
-2.77981	 0.0773381
-2.77648	 0.0822023
-2.77315	 0.122019
-2.76982	 0.119446
-2.76648	 0.0708662
-2.76315	 0.098201
-2.75982	 0.0772483
-2.75648	 0.119206
-2.75315	 0.0785574
-2.74982	 0.0753998
-2.74648	 0.0674142
-2.74315	 0.106651
-2.73982	 0.0924818
-2.73648	 0.0909835
-2.73315	 0.0615818
-2.72982	 0.0874597
-2.72648	 0.117756
-2.72315	 0.0927635
-2.71982	 0.078841
-2.71649	 0.148933
-2.71315	 0.100505
-2.70982	 0.094586
-2.70649	 0.0606802
-2.70315	 0.0865243
-2.69982	 0.1181
-2.69649	 0.0623169
-2.69315	 0.0675282
-2.68982	 0.0570092
-2.68649	 0.0706756
-2.68315	 0.112719
-2.67982	 0.099556
-2.67649	 0.090696
-2.67316	 0.126798
-2.66982	 0.061862
-2.66649	 0.11528
-2.66316	 0.126594
-2.65982	 0.130098
-2.65649	 0.0843871
-2.65316	 0.0656745
-2.64982	 0.108104
-2.64649	 0.112494
-2.64316	 0.0649256
-2.63982	 0.0732208
-2.63649	 0.119161
-2.63316	 0.123287
-2.62982	 0.0917043
-2.62649	 0.0348255
-2.62316	 0.106092
-2.61983	 0.0943374
-2.61649	 0.165846
-2.61316	 0.08623
-2.60983	 0.0972658
-2.60649	 0.124071
-2.60316	 0.0632952
-2.59983	 0.062937
-2.59649	 0.116918
-2.59316	 0.0524954
-2.58983	 0.0794581
-2.58649	 0.136822
-2.58316	 0.0892865
-2.57983	 0.196649
-2.57649	 0.112259
-2.57316	 0.126856
-2.56983	 0.0887574
-2.5665	 0.14955
-2.56316	 0.172918
-2.55983	 0.116586
-2.5565	 0.154872
-2.55316	 0.21518
-2.54983	 0.130828
-2.5465	 0.0881913
-2.54316	 0.12815
-2.53983	 0.115189
-2.5365	 0.140063
-2.53316	 0.114934
-2.52983	 0.115027
-2.5265	 0.111984
-2.52317	 0.132765
-2.51983	 0.174172
-2.5165	 0.144987
-2.51317	 0.186903
-2.50983	 0.139553
-2.5065	 0.0894085
-2.50317	 0.203665
-2.49983	 0.0715388
-2.4965	 0.113887
-2.49317	 0.173499
-2.48983	 0.173907
-2.4865	 0.342321
-2.48317	 0.180588
-2.47983	 0.105067
-2.4765	 0.127188
-2.47317	 0.164108
-2.46984	 0.110467
-2.4665	 0.0825073
-2.46317	 0.16545
-2.45984	 0.20871
-2.4565	 0.11806
-2.45317	 0.0927974
-2.44984	 0.261317
-2.4465	 0.205499
-2.44317	 0.163695
-2.43984	 0.165253
-2.4365	 0.220961
-2.43317	 0.212458
-2.42984	 0.374898
-2.4265	 0.425333
-2.42317	 0.186761
-2.41984	 0.117691
-2.41651	 0.338487
-2.41317	 0.301684
-2.40984	 0.292427
-2.40651	 0.155823
-2.40317	 0.219361
-2.39984	 0.168753
-2.39651	 0.270675
-2.39317	 0.282338
-2.38984	 0.139096
-2.38651	 0.420614
-2.38317	 0.366454
-2.37984	 0.273379
-2.37651	 0.384756
-2.37318	 0.523685
-2.36984	 0.449032
-2.36651	 0.183722
-2.36318	 0.16433
-2.35984	 0.32258
-2.35651	 0.183843
-2.35318	 0.249808
-2.34984	 0.17943
-2.34651	 0.406484
-2.34318	 0.316298
-2.33984	 0.0975604
-2.33651	 0.108649
-2.33318	 0.297432
-2.32984	 0.206065
-2.32651	 0.105909
-2.32318	 0.262163
-2.31985	 0.104097
-2.31651	 0.115744
-2.31318	 0.301949
-2.30985	 0.224055
-2.30651	 0.20008
-2.30318	 0.134316
-2.29985	 0.175999
-2.29651	 0.105123
-2.29318	 0.140291
-2.28985	 0.251915
-2.28651	 0.136006
-2.28318	 0.0942475
-2.27985	 0.179789
-2.27651	 0.306235
-2.27318	 0.283423
-2.26985	 0.195936
-2.26652	 0.157292
-2.26318	 0.193584
-2.25985	 0.0943732
-2.25652	 0.10194
-2.25318	 0.147864
-2.24985	 0.141565
-2.24652	 0.0555003
-2.24318	 0.0908381
-2.23985	 0.204088
-2.23652	 0.125261
-2.23318	 0.138589
-2.22985	 0.0963289
-2.22652	 0.114619
-2.22319	 0.18912
-2.21985	 0.136412
-2.21652	 0.0670757
-2.21319	 0.0814713
-2.20985	 0.0911404
-2.20652	 0.171338
-2.20319	 0.113349
-2.19985	 0.085832
-2.19652	 0.11632
-2.19319	 0.0750531
-2.18985	 0.100394
-2.18652	 0.104379
-2.18319	 0.0633426
-2.17985	 0.0999452
-2.17652	 0.0972336
-2.17319	 0.130617
-2.16986	 0.0715002
-2.16652	 0.124032
-2.16319	 0.0740948
-2.15986	 0.110154
-2.15652	 0.191514
-2.15319	 0.0987331
-2.14986	 0.107768
-2.14652	 0.050388
-2.14319	 0.0734205
-2.13986	 0.0806801
-2.13652	 0.108782
-2.13319	 0.0915294
-2.12986	 0.121204
-2.12652	 0.0879801
-2.12319	 0.0556479
-2.11986	 0.150732
-2.11653	 0.119984
-2.11319	 0.0540347
-2.10986	 0.0593423
-2.10653	 0.155076
-2.10319	 0.10959
-2.09986	 0.0686313
-2.09653	 0.0899938
-2.09319	 0.121454
-2.08986	 0.111883
-2.08653	 0.0558309
-2.08319	 0.0759682
-2.07986	 0.0936152
-2.07653	 0.101581
-2.0732	 0.0707258
-2.06986	 0.157717
-2.06653	 0.0759331
-2.0632	 0.0735021
-2.05986	 0.0392001
-2.05653	 0.137135
-2.0532	 0.0989597
-2.04986	 0.0812471
-2.04653	 0.101677
-2.0432	 0.0820939
-2.03986	 0.0820289
-2.03653	 0.0758591
-2.0332	 0.103632
-2.02986	 0.0760802
-2.02653	 0.0586167
-2.0232	 0.0909605
-2.01987	 0.09362
-2.01653	 0.0811308
-2.0132	 0.087673
-2.00987	 0.0373647
-2.00653	 0.109193
-2.0032	 0.0889133
-1.99987	 0.0831466
-1.99653	 0.0624091
-1.9932	 0.0661309
-1.98987	 0.0507863
-1.98653	 0.0410348
-1.9832	 0.105325
-1.97987	 0.0698406
-1.97653	 0.0597888
-1.9732	 0.0891759
-1.96987	 0.120041
-1.96654	 0.0656582
-1.9632	 0.0532595
-1.95987	 0.0871103
-1.95654	 0.0809015
-1.9532	 0.0544571
-1.94987	 0.0717529
-1.94654	 0.101773
-1.9432	 0.128932
-1.93987	 0.0511202
-1.93654	 0.0547599
-1.9332	 0.0375445
-1.92987	 0.113271
-1.92654	 0.107541
-1.92321	 0.0852366
-1.91987	 0.0834769
-1.91654	 0.0260775
-1.91321	 0.0936676
-1.90987	 0.0846745
-1.90654	 0.0856448
-1.90321	 0.0538721
-1.89987	 0.0765731
-1.89654	 0.0936916
-1.89321	 0.119842
-1.88987	 0.0330471
-1.88654	 0.0615285
-1.88321	 0.0667622
-1.87987	 0.0862318
-1.87654	 0.0890432
-1.87321	 0.0582194
-1.86988	 0.0759176
-1.86654	 0.0925307
-1.86321	 0.0484521
-1.85988	 0.0861667
-1.85654	 0.098203
-1.85321	 0.0668156
-1.84988	 0.0937826
-1.84654	 0.117498
-1.84321	 0.115703
-1.83988	 0.0428701
-1.83654	 0.0852247
-1.83321	 0.0957702
-1.82988	 0.070265
-1.82654	 0.0532049
-1.82321	 0.040043
-1.81988	 0.0548417
-1.81655	 0.0447732
-1.81321	 0.0744484
-1.80988	 0.0679886
-1.80655	 0.0924671
-1.80321	 0.0828466
-1.79988	 0.0409792
-1.79655	 0.0919447
-1.79321	 0.0481006
-1.78988	 0.0564128
-1.78655	 0.0529413
-1.78321	 0.0883893
-1.77988	 0.0829031
-1.77655	 0.0960084
-1.77322	 0.0836079
-1.76988	 0.0652147
-1.76655	 0.0969125
-1.76322	 0.0385834
-1.75988	 0.12406
-1.75655	 0.0576464
-1.75322	 0.0756658
-1.74988	 0.0941793
-1.74655	 0.0829024
-1.74322	 0.0735828
-1.73988	 0.0606254
-1.73655	 0.0613993
-1.73322	 0.0537192
-1.72988	 0.0451028
-1.72655	 0.0830352
-1.72322	 0.103226
-1.71989	 0.0410386
-1.71655	 0.057467
-1.71322	 0.0766558
-1.70989	 0.0784613
-1.70655	 0.0627934
-1.70322	 0.0815682
-1.69989	 0.0882494
-1.69655	 0.0384154
-1.69322	 0.0614966
-1.68989	 0.0608419
-1.68655	 0.0613846
-1.68322	 0.121469
-1.67989	 0.116029
-1.67655	 0.0986312
-1.67322	 0.0645915
-1.66989	 0.0560041
-1.66656	 0.108108
-1.66322	 0.0383652
-1.65989	 0.0810783
-1.65656	 0.066469
-1.65322	 0.0355045
-1.64989	 0.0830624
-1.64656	 0.0579193
-1.64322	 0.0413612
-1.63989	 0.0826481
-1.63656	 0.0529234
-1.63322	 0.107944
-1.62989	 0.0937703
-1.62656	 0.058721
-1.62323	 0.140868
-1.61989	 0.0767053
-1.61656	 0.0647156
-1.61323	 0.108518
-1.60989	 0.0916118
-1.60656	 0.0563968
-1.60323	 0.0808368
-1.59989	 0.0535509
-1.59656	 0.0821103
-1.59323	 0.0843512
-1.58989	 0.0845334
-1.58656	 0.0789588
-1.58323	 0.0714335
-1.57989	 0.0711734
-1.57656	 0.0934667
-1.57323	 0.0637732
-1.5699	 0.117822
-1.56656	 0.10599
-1.56323	 0.0591365
-1.5599	 0.155989
-1.55656	 0.0853449
-1.55323	 0.101528
-1.5499	 0.0953312
-1.54656	 0.0755034
-1.54323	 0.0673357
-1.5399	 0.107054
-1.53656	 0.0785063
-1.53323	 0.0855283
-1.5299	 0.129455
-1.52656	 0.100033
-1.52323	 0.0942227
-1.5199	 0.0768518
-1.51657	 0.0844829
-1.51323	 0.0733079
-1.5099	 0.0612766
-1.50657	 0.160057
-1.50323	 0.0605106
-1.4999	 0.0548292
-1.49657	 0.14378
-1.49323	 0.0259611
-1.4899	 0.0431707
-1.48657	 0.0910503
-1.48323	 0.0959465
-1.4799	 0.12446
-1.47657	 0.0470138
-1.47324	 0.10889
-1.4699	 0.0772122
-1.46657	 0.0921243
-1.46324	 0.0493949
-1.4599	 0.145427
-1.45657	 0.0745963
-1.45324	 0.0983127
-1.4499	 0.0488484
-1.44657	 0.130763
-1.44324	 0.118894
-1.4399	 0.0737595
-1.43657	 0.0563715
-1.43324	 0.0954612
-1.4299	 0.104976
-1.42657	 0.1183
-1.42324	 0.117123
-1.41991	 0.0953521
-1.41657	 0.0780592
-1.41324	 0.100766
-1.40991	 0.104916
-1.40657	 0.0800842
-1.40324	 0.108118
-1.39991	 0.103098
-1.39657	 0.126926
-1.39324	 0.214284
-1.38991	 0.073308
-1.38657	 0.130136
-1.38324	 0.0567296
-1.37991	 0.140751
-1.37657	 0.0733291
-1.37324	 0.113164
-1.36991	 0.0632601
-1.36658	 0.0932657
-1.36324	 0.165344
-1.35991	 0.137085
-1.35658	 0.2162
-1.35324	 0.130907
-1.34991	 0.130657
-1.34658	 0.122601
-1.34324	 0.188935
-1.33991	 0.155914
-1.33658	 0.178975
-1.33324	 0.15894
-1.32991	 0.150074
-1.32658	 0.100135
-1.32325	 0.192525
-1.31991	 0.14294
-1.31658	 0.219694
-1.31325	 0.235984
-1.30991	 0.196822
-1.30658	 0.135225
-1.30325	 0.223244
-1.29991	 0.0827046
-1.29658	 0.304944
-1.29325	 0.208032
-1.28991	 0.17518
-1.28658	 0.202011
-1.28325	 0.34241
-1.27991	 0.338857
-1.27658	 0.294478
-1.27325	 0.202141
-1.26992	 0.403123
-1.26658	 0.166201
-1.26325	 0.250113
-1.25992	 0.348317
-1.25658	 0.0947898
-1.25325	 0.283047
-1.24992	 0.218729
-1.24658	 0.319332
-1.24325	 0.309955
-1.23992	 0.234026
-1.23658	 0.198407
-1.23325	 0.335978
-1.22992	 0.293509
-1.22658	 0.618253
-1.22325	 0.163431
-1.21992	 0.407142
-1.21659	 0.355405
-1.21325	 0.449366
-1.20992	 0.519759
-1.20659	 0.276866
-1.20325	 0.438563
-1.19992	 0.266152
-1.19659	 1.02384
-1.19325	 0.538091
-1.18992	 0.476929
-1.18659	 0.622723
-1.18325	 0.786262
-1.17992	 0.339481
-1.17659	 0.538253
-1.17326	 0.710092
-1.16992	 0.241084
-1.16659	 0.867872
-1.16326	 0.381564
-1.15992	 0.457927
-1.15659	 0.286534
-1.15326	 0.466301
-1.14992	 0.411525
-1.14659	 0.507546
-1.14326	 0.18003
-1.13992	 0.201963
-1.13659	 0.195659
-1.13326	 0.312309
-1.12992	 0.302926
-1.12659	 0.229277
-1.12326	 0.238958
-1.11993	 0.206502
-1.11659	 0.265852
-1.11326	 0.169752
-1.10993	 0.270975
-1.10659	 0.2733
-1.10326	 0.229549
-1.09993	 0.331065
-1.09659	 0.193647
-1.09326	 0.0753144
-1.08993	 0.209548
-1.08659	 0.219092
-1.08326	 0.205008
-1.07993	 0.132024
-1.07659	 0.185175
-1.07326	 0.223818
-1.06993	 0.155583
-1.0666	 0.11494
-1.06326	 0.164187
-1.05993	 0.116486
-1.0566	 0.165221
-1.05326	 0.0857905
-1.04993	 0.0892507
-1.0466	 0.18674
-1.04326	 0.0954495
-1.03993	 0.154527
-1.0366	 0.175576
-1.03326	 0.141428
-1.02993	 0.132421
-1.0266	 0.220243
-1.02327	 0.162693
-1.01993	 0.176384
-1.0166	 0.17665
-1.01327	 0.143144
-1.00993	 0.190237
-1.0066	 0.0335755
-1.00327	 0.0612342
-0.999933	 0.165858
-0.9966	 0.120675
-0.993267	 0.119618
-0.989934	 0.0628586
-0.986601	 0.0882473
-0.983268	 0.107734
-0.979935	 0.136535
-0.976602	 0.126741
-0.973268	 0.14629
-0.969935	 0.0993456
-0.966602	 0.0882952
-0.963269	 0.144078
-0.959936	 0.149585
-0.956603	 0.145922
-0.95327	 0.121534
-0.949937	 0.151404
-0.946604	 0.186848
-0.94327	 0.112883
-0.939937	 0.147844
-0.936604	 0.114989
-0.933271	 0.166175
-0.929938	 0.10699
-0.926605	 0.152366
-0.923272	 0.0496177
-0.919939	 0.0797134
-0.916606	 0.0552628
-0.913272	 0.077871
-0.909939	 0.0751135
-0.906606	 0.131729
-0.903273	 0.0611861
-0.89994	 0.12299
-0.896607	 0.0583542
-0.893274	 0.0656634
-0.889941	 0.132209
-0.886608	 0.0934695
-0.883274	 0.11987
-0.879941	 0.068736
-0.876608	 0.0570595
-0.873275	 0.0897363
-0.869942	 0.0422669
-0.866609	 0.101384
-0.863276	 0.077339
-0.859943	 0.0806649
-0.85661	 0.107718
-0.853276	 0.0775182
-0.849943	 0.126689
-0.84661	 0.0887137
-0.843277	 0.0808825
-0.839944	 0.117607
-0.836611	 0.0363537
-0.833278	 0.0847076
-0.829945	 0.0916753
-0.826612	 0.128826
-0.823278	 0.0879164
-0.819945	 0.0812004
-0.816612	 0.0987246
-0.813279	 0.0997653
-0.809946	 0.0598208
-0.806613	 0.0966294
-0.80328	 0.0759582
-0.799947	 0.0789883
-0.796614	 0.0557384
-0.79328	 0.0778541
-0.789947	 0.0887023
-0.786614	 0.064026
-0.783281	 0.0838524
-0.779948	 0.085267
-0.776615	 0.0638081
-0.773282	 0.0959385
-0.769949	 0.0559706
-0.766616	 0.0815203
-0.763282	 0.0576046
-0.759949	 0.0490677
-0.756616	 0.0766293
-0.753283	 0.100696
-0.74995	 0.0514664
-0.746617	 0.0771345
-0.743284	 0.0577932
-0.739951	 0.100151
-0.736618	 0.0577206
-0.733284	 0.0443368
-0.729951	 0.0798878
-0.726618	 0.0918804
-0.723285	 0.0676411
-0.719952	 0.0720235
-0.716619	 0.0853389
-0.713286	 0.112212
-0.709953	 0.0541779
-0.70662	 0.0641981
-0.703286	 0.106163
-0.699953	 0.101215
-0.69662	 0.0812868
-0.693287	 0.0765371
-0.689954	 0.101965
-0.686621	 0.0760396
-0.683288	 0.0942834
-0.679955	 0.0847835
-0.676622	 0.093004
-0.673288	 0.0701532
-0.669955	 0.053754
-0.666622	 0.076698
-0.663289	 0.0795299
-0.659956	 0.0466425
-0.656623	 0.0630142
-0.65329	 0.110801
-0.649957	 0.0967574
-0.646624	 0.081006
-0.64329	 0.0823296
-0.639957	 0.0657057
-0.636624	 0.0586638
-0.633291	 0.0449431
-0.629958	 0.067853
-0.626625	 0.105134
-0.623292	 0.0773953
-0.619959	 0.063069
-0.616626	 0.103589
-0.613292	 0.0729532
-0.609959	 0.0616525
-0.606626	 0.0844968
-0.603293	 0.0408372
-0.59996	 0.0817913
-0.596627	 0.0395324
-0.593294	 0.0614584
-0.589961	 0.0633502
-0.586628	 0.0740373
-0.583294	 0.0638825
-0.579961	 0.0813734
-0.576628	 0.0842606
-0.573295	 0.0872846
-0.569962	 0.0925237
-0.566629	 0.0597985
-0.563296	 0.101858
-0.559963	 0.064371
-0.55663	 0.0567685
-0.553296	 0.0671767
-0.549963	 0.0713965
-0.54663	 0.0592923
-0.543297	 0.0588266
-0.539964	 0.108005
-0.536631	 0.0720427
-0.533298	 0.0760355
-0.529965	 0.0334361
-0.526632	 0.0608758
-0.523298	 0.0783321
-0.519965	 0.0954367
-0.516632	 0.0517676
-0.513299	 0.0416409
-0.509966	 0.114451
-0.506633	 0.040056
-0.5033	 0.0676874
-0.499967	 0.0814793
-0.496634	 0.0897391
-0.4933	 0.112771
-0.489967	 0.0778229
-0.486634	 0.0717219
-0.483301	 0.108524
-0.479968	 0.11864
-0.476635	 0.086188
-0.473302	 0.115563
-0.469969	 0.0866124
-0.466636	 0.104855
-0.463302	 0.0995292
-0.459969	 0.0938239
-0.456636	 0.0801853
-0.453303	 0.0802353
-0.44997	 0.108929
-0.446637	 0.0495493
-0.443304	 0.116111
-0.439971	 0.0662617
-0.436638	 0.0700383
-0.433304	 0.0833498
-0.429971	 0.0592817
-0.426638	 0.0559356
-0.423305	 0.0890828
-0.419972	 0.117932
-0.416639	 0.0900488
-0.413306	 0.0998549
-0.409973	 0.0989909
-0.40664	 0.105327
-0.403306	 0.0638665
-0.399973	 0.0767586
-0.39664	 0.095598
-0.393307	 0.0970811
-0.389974	 0.174179
-0.386641	 0.062977
-0.383308	 0.0621032
-0.379975	 0.0440963
-0.376642	 0.0979809
-0.373308	 0.0834972
-0.369975	 0.0890484
-0.366642	 0.113921
-0.363309	 0.122332
-0.359976	 0.0818982
-0.356643	 0.098395
-0.35331	 0.0990068
-0.349977	 0.110494
-0.346644	 0.138328
-0.34331	 0.0640247
-0.339977	 0.0671573
-0.336644	 0.0661335
-0.333311	 0.0832278
-0.329978	 0.0907844
-0.326645	 0.093518
-0.323312	 0.0605613
-0.319979	 0.138647
-0.316646	 0.136917
-0.313312	 0.0707869
-0.309979	 0.0964717
-0.306646	 0.0580771
-0.303313	 0.0725724
-0.29998	 0.0886021
-0.296647	 0.143823
-0.293314	 0.114673
-0.289981	 0.140705
-0.286648	 0.11558
-0.283314	 0.0991411
-0.279981	 0.115384
-0.276648	 0.147568
-0.273315	 0.147993
-0.269982	 0.14104
-0.266649	 0.118533
-0.263316	 0.103935
-0.259983	 0.0649415
-0.25665	 0.0887146
-0.253316	 0.0889827
-0.249983	 0.0440461
-0.24665	 0.10119
-0.243317	 0.148414
-0.239984	 0.101329
-0.236651	 0.0783225
-0.233318	 0.0942867
-0.229985	 0.137315
-0.226652	 0.0525789
-0.223318	 0.0566634
-0.219985	 0.0663793
-0.216652	 0.0630208
-0.213319	 0.120106
-0.209986	 0.197791
-0.206653	 0.0809244
-0.20332	 0.0935417
-0.199987	 0.110442
-0.196654	 0.131122
-0.19332	 0.0523432
-0.189987	 0.066165
-0.186654	 0.145707
-0.183321	 0.112263
-0.179988	 0.100117
-0.176655	 0.127013
-0.173322	 0.205873
-0.169989	 0.139534
-0.166656	 0.154448
-0.163322	 0.164047
-0.159989	 0.0977602
-0.156656	 0.0979829
-0.153323	 0.100672
-0.14999	 0.133657
-0.146657	 0.252984
-0.143324	 0.123733
-0.139991	 0.144242
-0.136658	 0.192949
-0.133324	 0.184919
-0.129991	 0.12604
-0.126658	 0.0746438
-0.123325	 0.0739965
-0.119992	 0.196087
-0.116659	 0.20406
-0.113326	 0.18666
-0.109993	 0.210925
-0.10666	 0.140165
-0.103326	 0.229163
-0.0999933	 0.254683
-0.0966602	 0.179969
-0.0933271	 0.259989
-0.089994	 0.226412
-0.0866609	 0.187326
-0.0833278	 0.26404
-0.0799947	 0.209606
-0.0766616	 0.192832
-0.0733284	 0.211209
-0.0699953	 0.145642
-0.0666622	 0.400133
-0.0633291	 0.279443
-0.059996	 0.316886
-0.0566629	 0.193379
-0.0533298	 0.204249
-0.0499967	 0.341353
-0.0466636	 0.28322
-0.0433304	 0.331619
-0.0399973	 0.0958116
-0.0366642	 0.370102
-0.0333311	 0.348564
-0.029998	 0.54858
-0.0266649	 0.372943
-0.0233318	 0.857151
-0.0199987	 1.04803
-0.0166656	 0.431348
-0.0133324	 0.933123
-0.00999933	 0.90677
-0.00666622	 0.437256
-0.00333311	 0.00812564
0	 1
0.00333311	 0.39422
0.00666622	 1.79501
0.00999933	 1.13218
0.0133324	 0.743693
0.0166656	 0.444825
0.0199987	 0.717689
0.0233318	 0.713422
0.0266649	 0.330925
0.029998	 0.254035
0.0333311	 0.498824
0.0366642	 0.0716543
0.0399973	 0.293262
0.0433304	 0.419108
0.0466636	 0.440515
0.0499967	 0.153272
0.0533298	 0.160671
0.0566629	 0.177101
0.059996	 0.298879
0.0633291	 0.36971
0.0666622	 0.26787
0.0699953	 0.430108
0.0733284	 0.106261
0.0766616	 0.413396
0.0799947	 0.274517
0.0833278	 0.115371
0.0866609	 0.142142
0.089994	 0.141606
0.0933271	 0.146728
0.0966602	 0.252421
0.0999933	 0.194025
0.103326	 0.257382
0.10666	 0.268161
0.109993	 0.252523
0.113326	 0.172811
0.116659	 0.176661
0.119992	 0.188384
0.123325	 0.228108
0.126658	 0.152319
0.129991	 0.217925
0.133324	 0.152434
0.136658	 0.172126
0.139991	 0.0793178
0.143324	 0.0604034
0.146657	 0.170436
0.14999	 0.224847
0.153323	 0.0962453
0.156656	 0.178286
0.159989	 0.181139
0.163322	 0.0934057
0.166656	 0.112074
0.169989	 0.11139
0.173322	 0.0646181
0.176655	 0.20029
0.179988	 0.0843319
0.183321	 0.120596
0.186654	 0.107014
0.189987	 0.144469
0.19332	 0.161618
0.196654	 0.207257
0.199987	 0.141429
0.20332	 0.0933678
0.206653	 0.0960828
0.209986	 0.0789182
0.213319	 0.138229
0.216652	 0.0877095
0.219985	 0.106043
0.223318	 0.132825
0.226652	 0.0988603
0.229985	 0.126422
0.233318	 0.123352
0.236651	 0.130946
0.239984	 0.0335034
0.243317	 0.0832014
0.24665	 0.109185
0.249983	 0.149418
0.253316	 0.133888
0.25665	 0.13573
0.259983	 0.0678494
0.263316	 0.100831
0.266649	 0.0603121
0.269982	 0.15514
0.273315	 0.100228
0.276648	 0.053602
0.279981	 0.118858
0.283314	 0.0744533
0.286648	 0.133884
0.289981	 0.0468631
0.293314	 0.113954
0.296647	 0.119586
0.29998	 0.178065
0.303313	 0.119391
0.306646	 0.0696173
0.309979	 0.131956
0.313312	 0.152112
0.316646	 0.0540318
0.319979	 0.0811077
0.323312	 0.0984456
0.326645	 0.0580767
0.329978	 0.0513207
0.333311	 0.12209
0.336644	 0.0753608
0.339977	 0.0931645
0.34331	 0.0969263
0.346644	 0.0599166
0.349977	 0.0621693
0.35331	 0.0603218
0.356643	 0.0873379
0.359976	 0.0449676
0.363309	 0.0430694
0.366642	 0.116667
0.369975	 0.0764167
0.373308	 0.0762795
0.376642	 0.0611538
0.379975	 0.0724289
0.383308	 0.0682915
0.386641	 0.0825977
0.389974	 0.0897644
0.393307	 0.0734752
0.39664	 0.0658429
0.399973	 0.0823632
0.403306	 0.0749114
0.40664	 0.11168
0.409973	 0.0529412
0.413306	 0.0967782
0.416639	 0.0755445
0.419972	 0.0483251
0.423305	 0.0577032
0.426638	 0.116871
0.429971	 0.0451532
0.433304	 0.0826508
0.436638	 0.102354
0.439971	 0.105249
0.443304	 0.0756617
0.446637	 0.0999933
0.44997	 0.113898
0.453303	 0.0460615
0.456636	 0.0400914
0.459969	 0.0804151
0.463302	 0.0940767
0.466636	 0.0400729
0.469969	 0.0907525
0.473302	 0.0759686
0.476635	 0.136273
0.479968	 0.0747748
0.483301	 0.0734067
0.486634	 0.0402
0.489967	 0.0545175
0.4933	 0.0524918
0.496634	 0.0612748
0.499967	 0.0787661
0.5033	 0.0638835
0.506633	 0.0898308
0.509966	 0.0894261
0.513299	 0.0876086
0.516632	 0.0846624
0.519965	 0.0646259
0.523298	 0.0824216
0.526632	 0.0810384
0.529965	 0.0871781
0.533298	 0.0966926
0.536631	 0.0890779
0.539964	 0.0451694
0.543297	 0.0888806
0.54663	 0.0958561
0.549963	 0.0741403
0.553296	 0.0990777
0.55663	 0.119966
0.559963	 0.0715666
0.563296	 0.0572099
0.566629	 0.0601798
0.569962	 0.0879208
0.573295	 0.0633225
0.576628	 0.0695473
0.579961	 0.0759773
0.583294	 0.078286
0.586628	 0.0742211
0.589961	 0.0654026
0.593294	 0.0763904
0.596627	 0.0586858
0.59996	 0.0952285
0.603293	 0.0594085
0.606626	 0.0437542
0.609959	 0.0691384
0.613292	 0.0619863
0.616626	 0.105178
0.619959	 0.0784071
0.623292	 0.0387321
0.626625	 0.0884166
0.629958	 0.0856947
0.633291	 0.0966281
0.636624	 0.0767008
0.639957	 0.0578122
0.64329	 0.0728345
0.646624	 0.078672
0.649957	 0.0811453
0.65329	 0.0717602
0.656623	 0.0565705
0.659956	 0.0854495
0.663289	 0.0427998
0.666622	 0.0728078
0.669955	 0.101829
0.673288	 0.0644055
0.676622	 0.0902707
0.679955	 0.0747112
0.683288	 0.104407
0.686621	 0.0551861
0.689954	 0.0529689
0.693287	 0.0642728
0.69662	 0.0454629
0.699953	 0.0790579
0.703286	 0.0628381
0.70662	 0.0737668
0.709953	 0.100408
0.713286	 0.104338
0.716619	 0.0532149
0.719952	 0.0940779
0.723285	 0.0820507
0.726618	 0.0743861
0.729951	 0.063343
0.733284	 0.0727592
0.736618	 0.104022
0.739951	 0.0811632
0.743284	 0.0751163
0.746617	 0.0584064
0.74995	 0.0930065
0.753283	 0.104346
0.756616	 0.0723869
0.759949	 0.0801943
0.763282	 0.0737086
0.766616	 0.0644622
0.769949	 0.142432
0.773282	 0.116881
0.776615	 0.090303
0.779948	 0.0598385
0.783281	 0.0731444
0.786614	 0.0781838
0.789947	 0.110242
0.79328	 0.11748
0.796614	 0.0552439
0.799947	 0.0883158
0.80328	 0.0988375
0.806613	 0.0869163
0.809946	 0.0747925
0.813279	 0.0862378
0.816612	 0.0987943
0.819945	 0.0968267
0.823278	 0.0886593
0.826612	 0.0806418
0.829945	 0.0907672
0.833278	 0.0879324
0.836611	 0.109575
0.839944	 0.13466
0.843277	 0.0788183
0.84661	 0.0904239
0.849943	 0.0778263
0.853276	 0.0953202
0.85661	 0.0652738
0.859943	 0.0624433
0.863276	 0.0790027
0.866609	 0.131898
0.869942	 0.030138
0.873275	 0.121327
0.876608	 0.0702917
0.879941	 0.0870758
0.883274	 0.068131
0.886608	 0.0919195
0.889941	 0.095514
0.893274	 0.0872489
0.896607	 0.0688413
0.89994	 0.0766633
0.903273	 0.099068
0.906606	 0.083713
0.909939	 0.082644
0.913272	 0.0751862
0.916606	 0.0845588
0.919939	 0.0990431
0.923272	 0.0692457
0.926605	 0.128137
0.929938	 0.083176
0.933271	 0.117743
0.936604	 0.106664
0.939937	 0.105516
0.94327	 0.112685
0.946604	 0.116653
0.949937	 0.144072
0.95327	 0.125013
0.956603	 0.141747
0.959936	 0.0582549
0.963269	 0.168218
0.966602	 0.114217
0.969935	 0.161409
0.973268	 0.130297
0.976602	 0.104658
0.979935	 0.124343
0.983268	 0.192186
0.986601	 0.0608912
0.989934	 0.129236
0.993267	 0.182245
0.9966	 0.14869
0.999933	 0.109202
1.00327	 0.0641594
1.0066	 0.126856
1.00993	 0.141058
1.01327	 0.163435
1.0166	 0.100767
1.01993	 0.111667
1.02327	 0.152319
1.0266	 0.154095
1.02993	 0.171021
1.03326	 0.192761
1.0366	 0.101234
1.03993	 0.180184
1.04326	 0.233601
1.0466	 0.132516
1.04993	 0.142978
1.05326	 0.10633
1.0566	 0.173059
1.05993	 0.115386
1.06326	 0.193291
1.0666	 0.0941835
1.06993	 0.15264
1.07326	 0.0900554
1.07659	 0.247886
1.07993	 0.205092
1.08326	 0.208595
1.08659	 0.160978
1.08993	 0.125545
1.09326	 0.116182
1.09659	 0.120829
1.09993	 0.151307
1.10326	 0.198952
1.10659	 0.151085
1.10993	 0.279249
1.11326	 0.148556
1.11659	 0.197626
1.11993	 0.254734
1.12326	 0.249268
1.12659	 0.198023
1.12992	 0.143318
1.13326	 0.139029
1.13659	 0.330076
1.13992	 0.195213
1.14326	 0.313514
1.14659	 0.082911
1.14992	 0.248833
1.15326	 0.273776
1.15659	 0.410744
1.15992	 0.3669
1.16326	 0.528025
1.16659	 0.210659
1.16992	 0.190171
1.17326	 0.319481
1.17659	 0.553252
1.17992	 0.136114
1.18325	 1.1379
1.18659	 0.867097
1.18992	 1.07609
1.19325	 0.781489
1.19659	 0.36696
1.19992	 0.507738
1.20325	 0.774927
1.20659	 0.173645
1.20992	 0.211922
1.21325	 0.271007
1.21659	 0.146546
1.21992	 0.381788
1.22325	 0.403936
1.22658	 0.695567
1.22992	 0.281285
1.23325	 0.309273
1.23658	 0.149763
1.23992	 0.184147
1.24325	 0.387299
1.24658	 0.25416
1.24992	 0.526835
1.25325	 0.165572
1.25658	 0.241367
1.25992	 0.0793501
1.26325	 0.221953
1.26658	 0.0918422
1.26992	 0.156452
1.27325	 0.229936
1.27658	 0.306102
1.27991	 0.0987211
1.28325	 0.180104
1.28658	 0.148961
1.28991	 0.211787
1.29325	 0.185502
1.29658	 0.223636
1.29991	 0.104832
1.30325	 0.167379
1.30658	 0.131023
1.30991	 0.140556
1.31325	 0.167965
1.31658	 0.17763
1.31991	 0.160448
1.32325	 0.198376
1.32658	 0.0919072
1.32991	 0.208433
1.33324	 0.150047
1.33658	 0.197578
1.33991	 0.105853
1.34324	 0.214468
1.34658	 0.186447
1.34991	 0.22526
1.35324	 0.208673
1.35658	 0.100348
1.35991	 0.11661
1.36324	 0.143491
1.36658	 0.137265
1.36991	 0.179619
1.37324	 0.118755
1.37657	 0.0695303
1.37991	 0.118161
1.38324	 0.163765
1.38657	 0.144456
1.38991	 0.128591
1.39324	 0.101654
1.39657	 0.0618585
1.39991	 0.11165
1.40324	 0.0901052
1.40657	 0.174999
1.40991	 0.101059
1.41324	 0.0724655
1.41657	 0.146033
1.41991	 0.0929515
1.42324	 0.109129
1.42657	 0.119365
1.4299	 0.138188
1.43324	 0.134226
1.43657	 0.106771
1.4399	 0.103136
1.44324	 0.110217
1.44657	 0.0555394
1.4499	 0.132545
1.45324	 0.0860082
1.45657	 0.094482
1.4599	 0.117309
1.46324	 0.0941391
1.46657	 0.0614881
1.4699	 0.117143
1.47324	 0.0657683
1.47657	 0.0719801
1.4799	 0.0911612
1.48323	 0.0717691
1.48657	 0.0602292
1.4899	 0.114914
1.49323	 0.0850194
1.49657	 0.0686942
1.4999	 0.0912172
1.50323	 0.103142
1.50657	 0.136334
1.5099	 0.109571
1.51323	 0.105138
1.51657	 0.107098
1.5199	 0.0821526
1.52323	 0.068823
1.52656	 0.128023
1.5299	 0.111159
1.53323	 0.0427025
1.53656	 0.132593
1.5399	 0.106542
1.54323	 0.11241
1.54656	 0.0514475
1.5499	 0.109217
1.55323	 0.0752025
1.55656	 0.0465822
1.5599	 0.0648332
1.56323	 0.070721
1.56656	 0.0650566
1.5699	 0.0623824
1.57323	 0.0907884
1.57656	 0.0632759
1.57989	 0.0977478
1.58323	 0.0881058
1.58656	 0.0892027
1.58989	 0.113343
1.59323	 0.0758951
1.59656	 0.0700056
1.59989	 0.06007
1.60323	 0.0714521
1.60656	 0.0558631
1.60989	 0.0700663
1.61323	 0.0665532
1.61656	 0.0688593
1.61989	 0.122505
1.62323	 0.0566774
1.62656	 0.0589419
1.62989	 0.0636822
1.63322	 0.0645259
1.63656	 0.087379
1.63989	 0.0556496
1.64322	 0.0722383
1.64656	 0.131578
1.64989	 0.0680785
1.65322	 0.10266
1.65656	 0.0607101
1.65989	 0.0348395
1.66322	 0.06366
1.66656	 0.0857574
1.66989	 0.100303
1.67322	 0.0769847
1.67655	 0.0734743
1.67989	 0.055341
1.68322	 0.0377298
1.68655	 0.0982145
1.68989	 0.105018
1.69322	 0.105659
1.69655	 0.0419208
1.69989	 0.060588
1.70322	 0.0918786
1.70655	 0.0755699
1.70989	 0.100518
1.71322	 0.0676307
1.71655	 0.0897412
1.71989	 0.0993829
1.72322	 0.104624
1.72655	 0.0623258
1.72988	 0.0772308
1.73322	 0.0771038
1.73655	 0.0917971
1.73988	 0.115937
1.74322	 0.0538199
1.74655	 0.120737
1.74988	 0.0600068
1.75322	 0.0648748
1.75655	 0.063279
1.75988	 0.0543855
1.76322	 0.087862
1.76655	 0.060533
1.76988	 0.0789117
1.77322	 0.0515861
1.77655	 0.051992
1.77988	 0.0784763
1.78321	 0.0788026
1.78655	 0.0725264
1.78988	 0.0684168
1.79321	 0.0586536
1.79655	 0.0863894
1.79988	 0.0348229
1.80321	 0.0976166
1.80655	 0.0820943
1.80988	 0.0745644
1.81321	 0.0939367
1.81655	 0.0717859
1.81988	 0.0751503
1.82321	 0.0449483
1.82654	 0.0988192
1.82988	 0.0449882
1.83321	 0.093753
1.83654	 0.0442625
1.83988	 0.094523
1.84321	 0.0585875
1.84654	 0.0783875
1.84988	 0.0433455
1.85321	 0.0589882
1.85654	 0.0888796
1.85988	 0.0755789
1.86321	 0.0464486
1.86654	 0.0721585
1.86988	 0.0813741
1.87321	 0.0635182
1.87654	 0.0756988
1.87987	 0.0742147
1.88321	 0.0546789
1.88654	 0.0650531
1.88987	 0.0654611
1.89321	 0.107882
1.89654	 0.0505919
1.89987	 0.0601734
1.90321	 0.0893132
1.90654	 0.0763842
1.90987	 0.0581096
1.91321	 0.0807883
1.91654	 0.0605897
1.91987	 0.0540722
1.92321	 0.108399
1.92654	 0.104114
1.92987	 0.0676574
1.9332	 0.0813004
1.93654	 0.0724325
1.93987	 0.125511
1.9432	 0.0556084
1.94654	 0.0583149
1.94987	 0.0596137
1.9532	 0.0868899
1.95654	 0.0909694
1.95987	 0.120106
1.9632	 0.0997009
1.96654	 0.0796882
1.96987	 0.0894031
1.9732	 0.0653748
1.97653	 0.0987715
1.97987	 0.0502484
1.9832	 0.0920576
1.98653	 0.0631831
1.98987	 0.122354
1.9932	 0.0815662
1.99653	 0.105467
1.99987	 0.0700342
2.0032	 0.053994
2.00653	 0.0464858
2.00987	 0.0572911
2.0132	 0.0542209
2.01653	 0.0930511
2.01987	 0.0843701
2.0232	 0.0652033
2.02653	 0.110136
2.02986	 0.104511
2.0332	 0.110563
2.03653	 0.0661478
2.03986	 0.0826598
2.0432	 0.0952783
2.04653	 0.125986
2.04986	 0.0898147
2.0532	 0.0670957
2.05653	 0.0815602
2.05986	 0.0916467
2.0632	 0.078259
2.06653	 0.0890784
2.06986	 0.0712939
2.0732	 0.0819058
2.07653	 0.0754847
2.07986	 0.11475
2.08319	 0.0740306
2.08653	 0.117887
2.08986	 0.0955728
2.09319	 0.12713
2.09653	 0.0486857
2.09986	 0.0932836
2.10319	 0.0686623
2.10653	 0.098715
2.10986	 0.116815
2.11319	 0.0862582
2.11653	 0.100349
2.11986	 0.0638956
2.12319	 0.114723
2.12652	 0.080203
2.12986	 0.124125
2.13319	 0.0813712
2.13652	 0.141374
2.13986	 0.0957624
2.14319	 0.0713222
2.14652	 0.145306
2.14986	 0.0888587
2.15319	 0.06011
2.15652	 0.0750073
2.15986	 0.0976296
2.16319	 0.0981633
2.16652	 0.0970608
2.16986	 0.0749174
2.17319	 0.123366
2.17652	 0.106532
2.17985	 0.108235
2.18319	 0.0714525
2.18652	 0.0780937
2.18985	 0.082389
2.19319	 0.0452724
2.19652	 0.114594
2.19985	 0.145299
2.20319	 0.0874086
2.20652	 0.058864
2.20985	 0.161492
2.21319	 0.148061
2.21652	 0.130952
2.21985	 0.144869
2.22319	 0.198781
2.22652	 0.105557
2.22985	 0.122798
2.23318	 0.186745
2.23652	 0.15868
2.23985	 0.179892
2.24318	 0.195082
2.24652	 0.0846742
2.24985	 0.235573
2.25318	 0.103171
2.25652	 0.0995971
2.25985	 0.211121
2.26318	 0.14153
2.26652	 0.143084
2.26985	 0.161964
2.27318	 0.140623
2.27651	 0.174454
2.27985	 0.220636
2.28318	 0.0879602
2.28651	 0.11317
2.28985	 0.247226
2.29318	 0.0967631
2.29651	 0.181529
2.29985	 0.159292
2.30318	 0.221066
2.30651	 0.223248
2.30985	 0.132949
2.31318	 0.185824
2.31651	 0.223039
2.31985	 0.0924598
2.32318	 0.390374
2.32651	 0.268832
2.32984	 0.34408
2.33318	 0.246493
2.33651	 0.149896
2.33984	 0.14116
2.34318	 0.242954
2.34651	 0.178657
2.34984	 0.370139
2.35318	 0.357191
2.35651	 0.210962
2.35984	 0.282085
2.36318	 0.339844
2.36651	 0.253723
2.36984	 0.150033
2.37318	 0.153756
2.37651	 0.223989
2.37984	 0.586894
2.38317	 0.272932
2.38651	 0.261248
2.38984	 0.421898
2.39317	 0.275687
2.39651	 0.241076
2.39984	 0.297448
2.40317	 0.104601
2.40651	 0.280011
2.40984	 0.512645
2.41317	 0.325699
2.41651	 0.169586
2.41984	 0.0881658
2.42317	 0.319107
2.4265	 0.107657
2.42984	 0.25467
2.43317	 0.145192
2.4365	 0.185546
2.43984	 0.167148
2.44317	 0.237337
2.4465	 0.22331
2.44984	 0.241693
2.45317	 0.263553
2.4565	 0.177625
2.45984	 0.138801
2.46317	 0.162995
2.4665	 0.199986
2.46984	 0.270021
2.47317	 0.187936
2.4765	 0.278332
2.47983	 0.214645
2.48317	 0.117638
2.4865	 0.154202
2.48983	 0.160663
2.49317	 0.10168
2.4965	 0.131316
2.49983	 0.095016
2.50317	 0.164638
2.5065	 0.0924737
2.50983	 0.172447
2.51317	 0.222171
2.5165	 0.156653
2.51983	 0.116753
2.52317	 0.128555
2.5265	 0.202126
2.52983	 0.124484
2.53316	 0.0728039
2.5365	 0.0888056
2.53983	 0.170055
2.54316	 0.0684509
2.5465	 0.0853099
2.54983	 0.220725
2.55316	 0.176073
2.5565	 0.128123
2.55983	 0.0675224
2.56316	 0.135216
2.5665	 0.19657
2.56983	 0.14736
2.57316	 0.156823
2.57649	 0.111087
2.57983	 0.137657
2.58316	 0.059575
2.58649	 0.146542
2.58983	 0.159535
2.59316	 0.13299
2.59649	 0.119629
2.59983	 0.140356
2.60316	 0.226149
2.60649	 0.0824735
2.60983	 0.0920345
2.61316	 0.0528213
2.61649	 0.106657
2.61983	 0.163823
2.62316	 0.0927174
2.62649	 0.122437
2.62982	 0.0941827
2.63316	 0.053553
2.63649	 0.128544
2.63982	 0.0826956
2.64316	 0.0527407
2.64649	 0.0898986
2.64982	 0.0814791
2.65316	 0.104332
2.65649	 0.0741726
2.65982	 0.101556
2.66316	 0.0971906
2.66649	 0.0820966
2.66982	 0.12524
2.67316	 0.0958119
2.67649	 0.11737
2.67982	 0.153454
2.68315	 0.117399
2.68649	 0.143879
2.68982	 0.0640588
2.69315	 0.116251
2.69649	 0.0729031
2.69982	 0.11212
2.70315	 0.0678945
2.70649	 0.119398
2.70982	 0.09762
2.71315	 0.0838356
2.71649	 0.08803
2.71982	 0.108107
2.72315	 0.0709635
2.72648	 0.108099
2.72982	 0.102775
2.73315	 0.0841972
2.73648	 0.101902
2.73982	 0.0522599
2.74315	 0.113993
2.74648	 0.0510379
2.74982	 0.0775411
2.75315	 0.100837
2.75648	 0.061553
2.75982	 0.091945
2.76315	 0.074621
2.76648	 0.115667
2.76982	 0.0563998
2.77315	 0.0717854
2.77648	 0.05788
2.77981	 0.0979837
2.78315	 0.0920367
2.78648	 0.112645
2.78981	 0.115223
2.79315	 0.0769476
2.79648	 0.0478066
2.79981	 0.0755055
2.80315	 0.052053
2.80648	 0.087038
2.80981	 0.12399
2.81315	 0.0794362
2.81648	 0.0725646
2.81981	 0.0825537
2.82315	 0.0612546
2.82648	 0.08187
2.82981	 0.0624928
2.83314	 0.0904621
2.83648	 0.0474198
2.83981	 0.0679103
2.84314	 0.0634282
2.84648	 0.0518088
2.84981	 0.0642748
2.85314	 0.0693486
2.85648	 0.0582432
2.85981	 0.0559439
2.86314	 0.0713127
2.86648	 0.0658085
2.86981	 0.111643
2.87314	 0.0837181
2.87647	 0.113033
2.87981	 0.0873347
2.88314	 0.104858
2.88647	 0.0568376
2.88981	 0.103771
2.89314	 0.107406
2.89647	 0.0827494
2.89981	 0.056892
2.90314	 0.120284
2.90647	 0.0886194
2.90981	 0.0528675
2.91314	 0.0882073
2.91647	 0.0706186
2.91981	 0.061694
2.92314	 0.056871
2.92647	 0.0934523
2.9298	 0.107737
2.93314	 0.0857226
2.93647	 0.0516687
2.9398	 0.0444713
2.94314	 0.0797918
2.94647	 0.0661171
2.9498	 0.029002
2.95314	 0.0541491
2.95647	 0.0892697
2.9598	 0.0891818
2.96314	 0.101215
2.96647	 0.0407042
2.9698	 0.084187
2.97314	 0.0425009
2.97647	 0.0825402
2.9798	 0.0916297
2.98313	 0.0595836
2.98647	 0.0991473
2.9898	 0.0670539
2.99313	 0.0776884
2.99647	 0.0725066
2.9998	 0.0706304
3.00313	 0.0446062
3.00647	 0.086768
3.0098	 0.050873
3.01313	 0.068365
3.01647	 0.0645985
3.0198	 0.0698879
3.02313	 0.0428513
3.02646	 0.108089
3.0298	 0.117893
3.03313	 0.0847039
3.03646	 0.0769014
3.0398	 0.0743677
3.04313	 0.051335
3.04646	 0.0511302
3.0498	 0.114554
3.05313	 0.0912751
3.05646	 0.0699813
3.0598	 0.0476383
3.06313	 0.0901599
3.06646	 0.0784654
3.0698	 0.0492028
3.07313	 0.035764
3.07646	 0.0700692
3.07979	 0.0873372
3.08313	 0.0749458
3.08646	 0.0451211
3.08979	 0.0720152
3.09313	 0.118076
3.09646	 0.047273
3.09979	 0.0957373
3.10313	 0.0887144
3.10646	 0.0599961
3.10979	 0.0906235
3.11313	 0.0817824
3.11646	 0.0472029
3.11979	 0.0380002
3.12313	 0.068174
3.12646	 0.0821047
3.12979	 0.0895348
3.13312	 0.0567615
3.13646	 0.060824
3.13979	 0.0569342
3.14312	 0.0412858
3.14646	 0.0572223
3.14979	 0.0484572
3.15312	 0.0906277
3.15646	 0.0770464
3.15979	 0.0822295
3.16312	 0.0366671
3.16646	 0.0553455
3.16979	 0.0529781
3.17312	 0.0839231
3.17645	 0.0459673
3.17979	 0.0808381
3.18312	 0.081511
3.18645	 0.0693695
3.18979	 0.110904
3.19312	 0.0723186
3.19645	 0.0794162
3.19979	 0.101911
3.20312	 0.0872127
3.20645	 0.0791367
3.20979	 0.0992802
3.21312	 0.0868749
3.21645	 0.0819293
3.21979	 0.0967406
3.22312	 0.0737305
3.22645	 0.0883071
3.22978	 0.0829513
3.23312	 0.0408994
3.23645	 0.0407986
3.23978	 0.0571969
3.24312	 0.0931653
3.24645	 0.0617276
3.24978	 0.0889479
3.25312	 0.0540756
3.25645	 0.100251
3.25978	 0.0780644
3.26312	 0.114106
3.26645	 0.036237
3.26978	 0.0578138
3.27312	 0.0491169
3.27645	 0.058597
3.27978	 0.0703407
3.28311	 0.1233
3.28645	 0.0821497
3.28978	 0.0647025
3.29311	 0.0571527
3.29645	 0.0519641
3.29978	 0.0657235
3.30311	 0.110168
3.30645	 0.0848383
3.30978	 0.080127
3.31311	 0.0575301
3.31645	 0.0572844
3.31978	 0.103528
3.32311	 0.109029
3.32644	 0.152624
3.32978	 0.0907273
3.33311	 0.0801002
3.33644	 0.0881436
3.33978	 0.0855524
3.34311	 0.0597139
3.34644	 0.0669067
3.34978	 0.0570664
3.35311	 0.0705491
3.35644	 0.0741639
3.35978	 0.116356
3.36311	 0.112118
3.36644	 0.0540112
3.36978	 0.0779726
3.37311	 0.0710932
3.37644	 0.138837
3.37977	 0.0800863
3.38311	 0.136498
3.38644	 0.0275539
3.38977	 0.0768099
3.39311	 0.0850563
3.39644	 0.126761
3.39977	 0.173209
3.40311	 0.174024
3.40644	 0.10679
3.40977	 0.122365
3.41311	 0.139439
3.41644	 0.130092
3.41977	 0.108263
3.42311	 0.0980851
3.42644	 0.107441
3.42977	 0.128897
3.4331	 0.147509
3.43644	 0.121619
3.43977	 0.113191
3.4431	 0.112832
3.44644	 0.11673
3.44977	 0.152814
3.4531	 0.163602
3.45644	 0.0979737
3.45977	 0.142308
3.4631	 0.134985
3.46644	 0.124796
3.46977	 0.179212
3.4731	 0.126663
3.47643	 0.114913
3.47977	 0.0756879
3.4831	 0.106067
3.48643	 0.181746
3.48977	 0.146195
3.4931	 0.121881
3.49643	 0.1361
3.49977	 0.187779
3.5031	 0.0842099
3.50643	 0.160516
3.50977	 0.275513
3.5131	 0.160302
3.51643	 0.142487
3.51977	 0.190976
3.5231	 0.0865882
3.52643	 0.117353
3.52976	 0.158869
3.5331	 0.164943
3.53643	 0.196009
3.53976	 0.339249
3.5431	 0.289192
3.54643	 0.26589
3.54976	 0.104971
3.5531	 0.0798409
3.55643	 0.124217
3.55976	 0.114674
3.5631	 0.137703
3.56643	 0.152322
3.56976	 0.145542
3.5731	 0.292234
3.57643	 0.127174
3.57976	 0.263009
3.58309	 0.120039
3.58643	 0.136466
3.58976	 0.124131
3.59309	 0.372509
3.59643	 0.337274
3.59976	 0.210195
3.60309	 0.145429
3.60643	 0.107699
3.60976	 0.142416
3.61309	 0.125726
3.61643	 0.156238
3.61976	 0.201391
3.62309	 0.260078
3.62642	 0.266925
3.62976	 0.112299
3.63309	 0.140585
3.63642	 0.156811
3.63976	 0.14746
3.64309	 0.155411
3.64642	 0.228724
3.64976	 0.258574
3.65309	 0.253145
3.65642	 0.152612
3.65976	 0.119446
3.66309	 0.236623
3.66642	 0.191694
3.66976	 0.111777
3.67309	 0.131489
3.67642	 0.103115
3.67975	 0.128493
3.68309	 0.145162
3.68642	 0.0782013
3.68975	 0.0740079
3.69309	 0.198788
3.69642	 0.0892132
3.69975	 0.236354
3.70309	 0.170612
3.70642	 0.118034
3.70975	 0.0707921
3.71309	 0.22245
3.71642	 0.127544
3.71975	 0.124509
3.72309	 0.105472
3.72642	 0.147025
3.72975	 0.186625
3.73308	 0.0969955
3.73642	 0.130283
3.73975	 0.163464
3.74308	 0.196891
3.74642	 0.119012
3.74975	 0.230916
3.75308	 0.144662
3.75642	 0.118216
3.75975	 0.105589
3.76308	 0.119867
3.76642	 0.133509
3.76975	 0.089972
3.77308	 0.0936776
3.77641	 0.159143
3.77975	 0.185012
3.78308	 0.119448
3.78641	 0.140953
3.78975	 0.106306
3.79308	 0.104485
3.79641	 0.0881572
3.79975	 0.152226
3.80308	 0.0623168
3.80641	 0.0762224
3.80975	 0.128776
3.81308	 0.118509
3.81641	 0.0996655
3.81975	 0.179094
3.82308	 0.120591
3.82641	 0.097593
3.82974	 0.0870082
3.83308	 0.116785
3.83641	 0.0759773
3.83974	 0.0853418
3.84308	 0.0719978
3.84641	 0.0989712
3.84974	 0.0627031
3.85308	 0.126165
3.85641	 0.0727346
3.85974	 0.0958303
3.86308	 0.0837739
3.86641	 0.0958622
3.86974	 0.140332
3.87308	 0.0885445
3.87641	 0.0996569
3.87974	 0.0954711
3.88307	 0.0940995
3.88641	 0.0568808
3.88974	 0.0559932
3.89307	 0.101917
3.89641	 0.117774
3.89974	 0.0723416
3.90307	 0.07041
3.90641	 0.0892899
3.90974	 0.107486
3.91307	 0.088613
3.91641	 0.0605042
3.91974	 0.0755277
3.92307	 0.073697
3.9264	 0.128319
3.92974	 0.0913057
3.93307	 0.0984078
3.9364	 0.081361
3.93974	 0.0752166
3.94307	 0.0671213
3.9464	 0.117876
3.94974	 0.0925461
3.95307	 0.102797
3.9564	 0.086099
3.95974	 0.0644485
3.96307	 0.129911
3.9664	 0.0901911
3.96974	 0.0791904
3.97307	 0.0859795
3.9764	 0.0788131
3.97973	 0.0742133
3.98307	 0.0930959
3.9864	 0.0745261
3.98973	 0.12258
3.99307	 0.0522473
3.9964	 0.0837868
3.99973	 0.0856836
4.00307	 0.0847434
4.0064	 0.122606
4.00973	 0.0384892
4.01307	 0.0486705
4.0164	 0.0639635
4.01973	 0.0778988
4.02307	 0.0621614
4.0264	 0.0846311
4.02973	 0.0474438
4.03306	 0.0561221
4.0364	 0.0664927
4.03973	 0.0489876
4.04306	 0.0523963
4.0464	 0.0761415
4.04973	 0.0582741
4.05306	 0.0840407
4.0564	 0.0698503
4.05973	 0.0788874
4.06306	 0.0533423
4.0664	 0.0787391
4.06973	 0.085459
4.07306	 0.0732601
4.07639	 0.0537878
4.07973	 0.0298446
4.08306	 0.0887461
4.08639	 0.074611
4.08973	 0.068536
4.09306	 0.0693591
4.09639	 0.0606259
4.09973	 0.0639086
4.10306	 0.0776161
4.10639	 0.0605109
4.10973	 0.0764574
4.11306	 0.0648169
4.11639	 0.0519373
4.11973	 0.108964
4.12306	 0.0818048
4.12639	 0.0878021
4.12972	 0.086149
4.13306	 0.0813175
4.13639	 0.0903734
4.13972	 0.0915506
4.14306	 0.0722103
4.14639	 0.0540318
4.14972	 0.0658817
4.15306	 0.0559931
4.15639	 0.0459417
4.15972	 0.100313
4.16306	 0.0905835
4.16639	 0.0531781
4.16972	 0.0632572
4.17306	 0.059087
4.17639	 0.0353625
4.17972	 0.0904853
4.18305	 0.0948511
4.18639	 0.0471688
4.18972	 0.102704
4.19305	 0.0721767
4.19639	 0.0892916
4.19972	 0.0356034
4.20305	 0.0362019
4.20639	 0.0549753
4.20972	 0.0638605
4.21305	 0.0761437
4.21639	 0.0689586
4.21972	 0.0643969
4.22305	 0.0914623
4.22638	 0.0407079
4.22972	 0.0486789
4.23305	 0.0833433
4.23638	 0.0799376
4.23972	 0.0462375
4.24305	 0.0688865
4.24638	 0.0500241
4.24972	 0.0719375
4.25305	 0.0878122
4.25638	 0.037639
4.25972	 0.0571199
4.26305	 0.0972045
4.26638	 0.0733593
4.26972	 0.0807341
4.27305	 0.0451385
4.27638	 0.0502854
4.27971	 0.0867676
4.28305	 0.0948596
4.28638	 0.0663273
4.28971	 0.0803183
4.29305	 0.0326683
4.29638	 0.0830494
4.29971	 0.0378143
4.30305	 0.089131
4.30638	 0.0538799
4.30971	 0.0472469
4.31305	 0.0533541
4.31638	 0.0650009
4.31971	 0.0540785
4.32305	 0.0969972
4.32638	 0.0663199
4.32971	 0.0403457
4.33304	 0.0490841
4.33638	 0.0391496
4.33971	 0.0698096
4.34304	 0.068529
4.34638	 0.0467171
4.34971	 0.0633152
4.35304	 0.0729601
4.35638	 0.0834987
4.35971	 0.0744321
4.36304	 0.0729289
4.36638	 0.0925084
4.36971	 0.118344
4.37304	 0.102958
4.37637	 0.0748026
4.37971	 0.0492656
4.38304	 0.0799304
4.38637	 0.0602063
4.38971	 0.0575282
4.39304	 0.0593519
4.39637	 0.0559215
4.39971	 0.0673434
4.40304	 0.0784067
4.40637	 0.0366572
4.40971	 0.0696404
4.41304	 0.0825809
4.41637	 0.0726885
4.41971	 0.0494416
4.42304	 0.0870895
4.42637	 0.0580133
4.4297	 0.0847066
4.43304	 0.116956
4.43637	 0.076474
4.4397	 0.0816405
4.44304	 0.0477217
4.44637	 0.099084
4.4497	 0.0386435
4.45304	 0.0337989
4.45637	 0.0740754
4.4597	 0.0750363
4.46304	 0.0853554
4.46637	 0.0778807
4.4697	 0.073961
4.47304	 0.0659042
4.47637	 0.0748636
4.4797	 0.0742196
4.48303	 0.0584865
4.48637	 0.085677
4.4897	 0.0748902
4.49303	 0.0174691
4.49637	 0.0397059
4.4997	 0.0557602
4.50303	 0.0669507
4.50637	 0.0774878
4.5097	 0.0632576
4.51303	 0.0703793
4.51637	 0.10463
4.5197	 0.0588499
4.52303	 0.093124
4.52636	 0.0838476
4.5297	 0.0579225
4.53303	 0.0716955
4.53636	 0.0692488
4.5397	 0.0839751
4.54303	 0.094699
4.54636	 0.0925719
4.5497	 0.130998
4.55303	 0.0697741
4.55636	 0.0989348
4.5597	 0.116973
4.56303	 0.126787
4.56636	 0.121691
4.5697	 0.0963964
4.57303	 0.12108
4.57636	 0.0845893
4.57969	 0.108619
4.58303	 0.0949014
4.58636	 0.0483274
4.58969	 0.110587
4.59303	 0.0906258
4.59636	 0.100837
4.59969	 0.0517741
4.60303	 0.0745259
4.60636	 0.0848564
4.60969	 0.100861
4.61303	 0.10779
4.61636	 0.0814433
4.61969	 0.0759282
4.62303	 0.135929
4.62636	 0.05485
4.62969	 0.0834035
4.63302	 0.125817
4.63636	 0.0643394
4.63969	 0.125303
4.64302	 0.0624664
4.64636	 0.0991562
4.64969	 0.098312
4.65302	 0.119102
4.65636	 0.0564406
4.65969	 0.0850707
4.66302	 0.0650699
4.66636	 0.120463
4.66969	 0.113744
4.67302	 0.0726794
4.67635	 0.125671
4.67969	 0.0381048
4.68302	 0.100722
4.68635	 0.159168
4.68969	 0.0595776
4.69302	 0.0598907
4.69635	 0.117904
4.69969	 0.0889817
4.70302	 0.114119
4.70635	 0.185424
4.70969	 0.260849
4.71302	 0.154336
4.71635	 0.147361
4.71969	 0.0610382
4.72302	 0.167792
4.72635	 0.07992
4.72968	 0.0663425
4.73302	 0.126953
4.73635	 0.179242
4.73968	 0.148946
4.74302	 0.112066
4.74635	 0.109715
4.74968	 0.170215
4.75302	 0.10337
4.75635	 0.115588
4.75968	 0.188185
4.76302	 0.128113
4.76635	 0.0524779
4.76968	 0.132566
4.77302	 0.185246
4.77635	 0.207925
4.77968	 0.114021
4.78301	 0.216964
4.78635	 0.088537
4.78968	 0.131365
4.79301	 0.135506
4.79635	 0.115886
4.79968	 0.115559
4.80301	 0.164929
4.80635	 0.115047
4.80968	 0.16809
4.81301	 0.240612
4.81635	 0.0740391
4.81968	 0.119714
4.82301	 0.112306
4.82634	 0.201288
4.82968	 0.0708149
4.83301	 0.127379
4.83634	 0.125741
4.83968	 0.172977
4.84301	 0.098053
4.84634	 0.104837
4.84968	 0.124362
4.85301	 0.0712454
4.85634	 0.120934
4.85968	 0.107027
4.86301	 0.164467
4.86634	 0.231972
4.86968	 0.138775
4.87301	 0.10936
4.87634	 0.151907
4.87967	 0.139131
4.88301	 0.227544
4.88634	 0.186279
4.88967	 0.0938848
4.89301	 0.130903
4.89634	 0.136376
4.89967	 0.133759
4.90301	 0.0911519
4.90634	 0.0606062
4.90967	 0.091112
4.91301	 0.114633
4.91634	 0.0679464
4.91967	 0.109697
4.92301	 0.114702
4.92634	 0.0801764
4.92967	 0.140562
4.933	 0.138501
4.93634	 0.221202
4.93967	 0.249097
4.943	 0.088032
4.94634	 0.176807
4.94967	 0.0814736
4.953	 0.126169
4.95634	 0.10246
4.95967	 0.0970928
4.963	 0.0867914
4.96634	 0.156935
4.96967	 0.0677025
4.973	 0.129177
4.97633	 0.0718828
4.97967	 0.0919179
4.983	 0.0690894
4.98633	 0.124413
4.98967	 0.088048
4.993	 0.0572606
4.99633	 0.0757854
