# Frequency [GHz] 	Fouriercomponent
-4.99967	 0.253628
-4.99633	 0.552912
-4.993	 0.583067
-4.98967	 0.821314
-4.98633	 0.567334
-4.983	 0.645082
-4.97967	 0.591025
-4.97633	 0.546631
-4.973	 0.712731
-4.96967	 0.492924
-4.96634	 0.676783
-4.963	 0.622992
-4.95967	 0.741311
-4.95634	 0.771591
-4.953	 0.620241
-4.94967	 0.708365
-4.94634	 0.806835
-4.943	 0.494645
-4.93967	 0.561851
-4.93634	 0.450376
-4.933	 0.379756
-4.92967	 0.727788
-4.92634	 0.540902
-4.92301	 1.01665
-4.91967	 0.246131
-4.91634	 0.805081
-4.91301	 0.233267
-4.90967	 0.516085
-4.90634	 0.594697
-4.90301	 0.632766
-4.89967	 0.67918
-4.89634	 0.317548
-4.89301	 0.905897
-4.88967	 0.564185
-4.88634	 0.499726
-4.88301	 0.574466
-4.87967	 0.594621
-4.87634	 0.809571
-4.87301	 0.49795
-4.86968	 0.435681
-4.86634	 0.565775
-4.86301	 0.527994
-4.85968	 0.41358
-4.85634	 0.475162
-4.85301	 0.420984
-4.84968	 0.343587
-4.84634	 0.544882
-4.84301	 0.558523
-4.83968	 0.362823
-4.83634	 0.467111
-4.83301	 0.669256
-4.82968	 0.557229
-4.82634	 0.604924
-4.82301	 0.402063
-4.81968	 0.741244
-4.81635	 0.580776
-4.81301	 0.687024
-4.80968	 0.671608
-4.80635	 0.570119
-4.80301	 0.620435
-4.79968	 0.693191
-4.79635	 0.693601
-4.79301	 0.858615
-4.78968	 0.728227
-4.78635	 1.05331
-4.78301	 0.558578
-4.77968	 0.52742
-4.77635	 0.603378
-4.77302	 0.615887
-4.76968	 0.631809
-4.76635	 0.527745
-4.76302	 0.500048
-4.75968	 0.542763
-4.75635	 0.260482
-4.75302	 0.694827
-4.74968	 0.607595
-4.74635	 0.952532
-4.74302	 0.537003
-4.73968	 0.671593
-4.73635	 0.902159
-4.73302	 0.338595
-4.72968	 0.383689
-4.72635	 0.790437
-4.72302	 0.779031
-4.71969	 0.661378
-4.71635	 0.526941
-4.71302	 0.44018
-4.70969	 0.604417
-4.70635	 0.582033
-4.70302	 0.378428
-4.69969	 0.464052
-4.69635	 0.565078
-4.69302	 0.660168
-4.68969	 0.780421
-4.68635	 0.689846
-4.68302	 0.574299
-4.67969	 0.733261
-4.67635	 0.615793
-4.67302	 0.494884
-4.66969	 0.952494
-4.66636	 0.438702
-4.66302	 0.535365
-4.65969	 0.684394
-4.65636	 0.447276
-4.65302	 0.907561
-4.64969	 0.572346
-4.64636	 0.80586
-4.64302	 0.582619
-4.63969	 0.518935
-4.63636	 0.670038
-4.63302	 0.297503
-4.62969	 0.365799
-4.62636	 0.539902
-4.62303	 0.670164
-4.61969	 0.449662
-4.61636	 0.726092
-4.61303	 0.798328
-4.60969	 0.712754
-4.60636	 0.838503
-4.60303	 0.582484
-4.59969	 0.34187
-4.59636	 0.695676
-4.59303	 0.889732
-4.58969	 0.234744
-4.58636	 0.673283
-4.58303	 0.470993
-4.57969	 0.678855
-4.57636	 0.518688
-4.57303	 0.706347
-4.5697	 0.955662
-4.56636	 0.679425
-4.56303	 0.808206
-4.5597	 0.483735
-4.55636	 0.567582
-4.55303	 0.794056
-4.5497	 0.846818
-4.54636	 0.470083
-4.54303	 0.796299
-4.5397	 0.485742
-4.53636	 0.371367
-4.53303	 0.603355
-4.5297	 1.02
-4.52636	 0.609579
-4.52303	 0.460892
-4.5197	 0.878922
-4.51637	 0.633418
-4.51303	 0.647456
-4.5097	 0.656456
-4.50637	 0.560906
-4.50303	 0.688219
-4.4997	 0.782912
-4.49637	 0.471202
-4.49303	 0.789713
-4.4897	 0.733459
-4.48637	 1.03492
-4.48303	 0.594549
-4.4797	 0.752408
-4.47637	 0.610087
-4.47304	 0.526822
-4.4697	 0.591649
-4.46637	 1.05869
-4.46304	 0.668
-4.4597	 0.963395
-4.45637	 0.831458
-4.45304	 0.688403
-4.4497	 0.477838
-4.44637	 0.453972
-4.44304	 0.679487
-4.4397	 0.547704
-4.43637	 0.560287
-4.43304	 0.671911
-4.4297	 0.888929
-4.42637	 0.364526
-4.42304	 0.698689
-4.41971	 0.768606
-4.41637	 0.808334
-4.41304	 0.573978
-4.40971	 0.718364
-4.40637	 0.419143
-4.40304	 0.496988
-4.39971	 0.654409
-4.39637	 0.698236
-4.39304	 0.787843
-4.38971	 0.70005
-4.38637	 0.464535
-4.38304	 0.967377
-4.37971	 0.576358
-4.37637	 0.474989
-4.37304	 0.530258
-4.36971	 0.56618
-4.36638	 0.540552
-4.36304	 0.739678
-4.35971	 0.972462
-4.35638	 0.541099
-4.35304	 0.541829
-4.34971	 0.245823
-4.34638	 0.422324
-4.34304	 0.537655
-4.33971	 0.872479
-4.33638	 0.696237
-4.33304	 0.546588
-4.32971	 0.74365
-4.32638	 0.985389
-4.32305	 0.713691
-4.31971	 0.589283
-4.31638	 0.554943
-4.31305	 0.563126
-4.30971	 0.65376
-4.30638	 0.724735
-4.30305	 0.949158
-4.29971	 0.718672
-4.29638	 0.769945
-4.29305	 0.706301
-4.28971	 0.544804
-4.28638	 0.608272
-4.28305	 0.884492
-4.27971	 0.36621
-4.27638	 0.669573
-4.27305	 0.488986
-4.26972	 0.538283
-4.26638	 0.560677
-4.26305	 0.848643
-4.25972	 0.69571
-4.25638	 0.777223
-4.25305	 0.784775
-4.24972	 0.671364
-4.24638	 0.587943
-4.24305	 0.887786
-4.23972	 0.960865
-4.23638	 0.869093
-4.23305	 0.674992
-4.22972	 0.504332
-4.22638	 0.554753
-4.22305	 0.77809
-4.21972	 0.591201
-4.21639	 0.57518
-4.21305	 0.845355
-4.20972	 0.759909
-4.20639	 0.658881
-4.20305	 0.641004
-4.19972	 0.938864
-4.19639	 0.609196
-4.19305	 0.461561
-4.18972	 0.543246
-4.18639	 0.732346
-4.18305	 0.816792
-4.17972	 0.607282
-4.17639	 0.615759
-4.17306	 0.809918
-4.16972	 0.508666
-4.16639	 0.761085
-4.16306	 0.504813
-4.15972	 0.804606
-4.15639	 0.434334
-4.15306	 0.653346
-4.14972	 0.764614
-4.14639	 0.78737
-4.14306	 0.723186
-4.13972	 0.697275
-4.13639	 0.512677
-4.13306	 0.635773
-4.12972	 1.12067
-4.12639	 0.459173
-4.12306	 0.757751
-4.11973	 0.604967
-4.11639	 0.783161
-4.11306	 0.898667
-4.10973	 0.405384
-4.10639	 0.679266
-4.10306	 0.64992
-4.09973	 0.926475
-4.09639	 0.597715
-4.09306	 0.983131
-4.08973	 0.606436
-4.08639	 0.577814
-4.08306	 0.352879
-4.07973	 0.400599
-4.07639	 0.741192
-4.07306	 1.13748
-4.06973	 0.477842
-4.0664	 0.849304
-4.06306	 0.72916
-4.05973	 0.529479
-4.0564	 0.741365
-4.05306	 0.700952
-4.04973	 0.749887
-4.0464	 0.756265
-4.04306	 0.741917
-4.03973	 0.786796
-4.0364	 0.773487
-4.03306	 0.504895
-4.02973	 0.553783
-4.0264	 0.520716
-4.02307	 0.690276
-4.01973	 0.908289
-4.0164	 0.950264
-4.01307	 0.675306
-4.00973	 0.89827
-4.0064	 0.760736
-4.00307	 0.786868
-3.99973	 0.61688
-3.9964	 0.682626
-3.99307	 0.750117
-3.98973	 0.613473
-3.9864	 1.09873
-3.98307	 0.759697
-3.97973	 0.436149
-3.9764	 0.555804
-3.97307	 0.641053
-3.96974	 0.558047
-3.9664	 0.617572
-3.96307	 0.796963
-3.95974	 0.587631
-3.9564	 0.454411
-3.95307	 0.5322
-3.94974	 0.573056
-3.9464	 0.439288
-3.94307	 0.656983
-3.93974	 0.80092
-3.9364	 0.656457
-3.93307	 0.628062
-3.92974	 0.401076
-3.9264	 0.634623
-3.92307	 0.790592
-3.91974	 0.846731
-3.91641	 0.955257
-3.91307	 0.596431
-3.90974	 0.492663
-3.90641	 0.481859
-3.90307	 0.685664
-3.89974	 0.594378
-3.89641	 0.567301
-3.89307	 0.781028
-3.88974	 0.58079
-3.88641	 0.606002
-3.88307	 0.908567
-3.87974	 0.506754
-3.87641	 0.810904
-3.87308	 0.852749
-3.86974	 0.84492
-3.86641	 0.597696
-3.86308	 0.655202
-3.85974	 0.904406
-3.85641	 0.623751
-3.85308	 0.565375
-3.84974	 1.07012
-3.84641	 0.59675
-3.84308	 0.640007
-3.83974	 0.417633
-3.83641	 1.01023
-3.83308	 0.785534
-3.82974	 0.913076
-3.82641	 0.732683
-3.82308	 0.736449
-3.81975	 0.469304
-3.81641	 0.665572
-3.81308	 0.776398
-3.80975	 0.513551
-3.80641	 0.561225
-3.80308	 0.573103
-3.79975	 0.353173
-3.79641	 0.656644
-3.79308	 1.02078
-3.78975	 0.796783
-3.78641	 0.58106
-3.78308	 0.457857
-3.77975	 0.942352
-3.77641	 1.16029
-3.77308	 0.579825
-3.76975	 0.473018
-3.76642	 0.754893
-3.76308	 0.599306
-3.75975	 0.786098
-3.75642	 0.675816
-3.75308	 0.591427
-3.74975	 0.645459
-3.74642	 0.743281
-3.74308	 1.01892
-3.73975	 0.875636
-3.73642	 0.840434
-3.73308	 0.541898
-3.72975	 1.09406
-3.72642	 0.728391
-3.72309	 0.822956
-3.71975	 0.612159
-3.71642	 0.416054
-3.71309	 0.395347
-3.70975	 0.438554
-3.70642	 0.977261
-3.70309	 0.608153
-3.69975	 0.754772
-3.69642	 0.659186
-3.69309	 0.484959
-3.68975	 0.608782
-3.68642	 0.637685
-3.68309	 0.78168
-3.67975	 0.301821
-3.67642	 0.611359
-3.67309	 0.746808
-3.66976	 0.440983
-3.66642	 0.743616
-3.66309	 0.508081
-3.65976	 0.570949
-3.65642	 0.700251
-3.65309	 0.857519
-3.64976	 0.810539
-3.64642	 0.758913
-3.64309	 0.602373
-3.63976	 0.689652
-3.63642	 1.14621
-3.63309	 0.652229
-3.62976	 0.817492
-3.62642	 0.794821
-3.62309	 0.504968
-3.61976	 0.551264
-3.61643	 0.878959
-3.61309	 0.675602
-3.60976	 0.310386
-3.60643	 0.467366
-3.60309	 0.842362
-3.59976	 1.06405
-3.59643	 0.501176
-3.59309	 0.474641
-3.58976	 0.776155
-3.58643	 0.474204
-3.58309	 0.650602
-3.57976	 0.472278
-3.57643	 0.566264
-3.5731	 0.793975
-3.56976	 0.572156
-3.56643	 0.415495
-3.5631	 0.584279
-3.55976	 0.854641
-3.55643	 0.614139
-3.5531	 0.692789
-3.54976	 0.565681
-3.54643	 0.812142
-3.5431	 0.619086
-3.53976	 0.423867
-3.53643	 0.997554
-3.5331	 0.640476
-3.52976	 0.931988
-3.52643	 0.368345
-3.5231	 0.874534
-3.51977	 0.833344
-3.51643	 0.977082
-3.5131	 1.02895
-3.50977	 0.693742
-3.50643	 0.674319
-3.5031	 0.814029
-3.49977	 0.78519
-3.49643	 0.785809
-3.4931	 0.543189
-3.48977	 0.429131
-3.48643	 0.964662
-3.4831	 0.516371
-3.47977	 0.736133
-3.47643	 0.888101
-3.4731	 0.696727
-3.46977	 0.825844
-3.46644	 0.623096
-3.4631	 0.775771
-3.45977	 0.74793
-3.45644	 0.495814
-3.4531	 0.824399
-3.44977	 0.674612
-3.44644	 0.666961
-3.4431	 0.936129
-3.43977	 0.560752
-3.43644	 0.580378
-3.4331	 0.842989
-3.42977	 0.846967
-3.42644	 0.437382
-3.42311	 0.692894
-3.41977	 0.424875
-3.41644	 0.997714
-3.41311	 0.703218
-3.40977	 0.858479
-3.40644	 0.998976
-3.40311	 0.678361
-3.39977	 0.876626
-3.39644	 0.951425
-3.39311	 0.68636
-3.38977	 0.40703
-3.38644	 0.741271
-3.38311	 0.84462
-3.37977	 1.11597
-3.37644	 0.8344
-3.37311	 0.356028
-3.36978	 0.417582
-3.36644	 0.283089
-3.36311	 0.449674
-3.35978	 0.896719
-3.35644	 0.438458
-3.35311	 0.493864
-3.34978	 0.613492
-3.34644	 0.448529
-3.34311	 0.575943
-3.33978	 0.659254
-3.33644	 0.846637
-3.33311	 0.878795
-3.32978	 0.453779
-3.32644	 0.481333
-3.32311	 0.60716
-3.31978	 0.662885
-3.31645	 0.333619
-3.31311	 1.04695
-3.30978	 1.00352
-3.30645	 0.47521
-3.30311	 0.972544
-3.29978	 0.743745
-3.29645	 0.683987
-3.29311	 0.736953
-3.28978	 0.862892
-3.28645	 0.99078
-3.28311	 0.644223
-3.27978	 0.411229
-3.27645	 0.676805
-3.27312	 0.666261
-3.26978	 0.730053
-3.26645	 0.577549
-3.26312	 0.905104
-3.25978	 0.506496
-3.25645	 0.784547
-3.25312	 1.13494
-3.24978	 1.104
-3.24645	 0.887391
-3.24312	 0.653606
-3.23978	 0.610315
-3.23645	 0.921248
-3.23312	 0.603004
-3.22978	 0.672898
-3.22645	 0.451996
-3.22312	 0.651356
-3.21979	 0.533668
-3.21645	 0.56421
-3.21312	 0.935873
-3.20979	 0.660501
-3.20645	 0.940979
-3.20312	 1.20002
-3.19979	 0.635416
-3.19645	 0.887748
-3.19312	 0.578909
-3.18979	 0.50858
-3.18645	 0.512457
-3.18312	 1.04395
-3.17979	 0.50626
-3.17645	 0.973924
-3.17312	 1.04007
-3.16979	 0.860826
-3.16646	 0.739223
-3.16312	 0.572373
-3.15979	 0.884416
-3.15646	 0.909823
-3.15312	 0.683939
-3.14979	 0.970109
-3.14646	 0.976611
-3.14312	 0.677367
-3.13979	 0.587008
-3.13646	 0.36373
-3.13312	 0.950286
-3.12979	 0.744723
-3.12646	 0.663072
-3.12313	 0.777766
-3.11979	 0.716106
-3.11646	 0.680814
-3.11313	 1.06259
-3.10979	 0.631647
-3.10646	 0.909894
-3.10313	 0.721033
-3.09979	 0.701674
-3.09646	 0.603424
-3.09313	 1.45377
-3.08979	 0.860621
-3.08646	 0.772498
-3.08313	 0.798713
-3.07979	 0.724594
-3.07646	 0.873466
-3.07313	 0.825759
-3.0698	 0.531585
-3.06646	 0.952194
-3.06313	 0.659939
-3.0598	 0.641721
-3.05646	 0.854654
-3.05313	 0.648931
-3.0498	 0.729779
-3.04646	 0.94629
-3.04313	 0.717689
-3.0398	 0.692857
-3.03646	 0.704292
-3.03313	 0.539807
-3.0298	 0.584754
-3.02646	 0.682525
-3.02313	 0.579595
-3.0198	 0.609902
-3.01647	 0.778017
-3.01313	 0.559722
-3.0098	 0.937636
-3.00647	 0.924541
-3.00313	 0.617697
-2.9998	 0.662931
-2.99647	 0.408183
-2.99313	 0.700258
-2.9898	 0.587612
-2.98647	 1.08378
-2.98313	 0.723133
-2.9798	 0.773343
-2.97647	 0.647085
-2.97314	 0.799836
-2.9698	 1.01274
-2.96647	 1.19865
-2.96314	 0.754811
-2.9598	 0.555135
-2.95647	 0.778049
-2.95314	 0.881131
-2.9498	 1.26634
-2.94647	 0.967462
-2.94314	 0.725668
-2.9398	 1.02031
-2.93647	 0.807479
-2.93314	 0.569219
-2.9298	 1.01696
-2.92647	 0.66783
-2.92314	 0.880574
-2.91981	 1.32353
-2.91647	 0.558761
-2.91314	 0.81127
-2.90981	 0.441658
-2.90647	 0.442335
-2.90314	 0.410454
-2.89981	 1.07544
-2.89647	 0.651496
-2.89314	 0.717736
-2.88981	 0.573559
-2.88647	 0.851002
-2.88314	 1.01422
-2.87981	 1.03708
-2.87647	 0.717137
-2.87314	 0.795866
-2.86981	 0.346578
-2.86648	 0.887613
-2.86314	 0.761724
-2.85981	 0.760999
-2.85648	 0.55225
-2.85314	 0.829585
-2.84981	 0.815492
-2.84648	 0.558645
-2.84314	 0.746657
-2.83981	 0.505764
-2.83648	 0.47504
-2.83314	 0.789101
-2.82981	 0.6175
-2.82648	 0.702138
-2.82315	 0.891784
-2.81981	 0.712964
-2.81648	 0.990459
-2.81315	 0.843062
-2.80981	 0.463929
-2.80648	 0.7253
-2.80315	 0.634201
-2.79981	 0.633625
-2.79648	 0.604278
-2.79315	 0.835405
-2.78981	 0.809361
-2.78648	 0.689619
-2.78315	 0.943843
-2.77981	 1.0378
-2.77648	 0.822769
-2.77315	 0.538456
-2.76982	 0.545261
-2.76648	 0.903607
-2.76315	 0.762407
-2.75982	 1.03135
-2.75648	 1.13737
-2.75315	 0.550955
-2.74982	 0.649998
-2.74648	 0.650667
-2.74315	 0.519122
-2.73982	 0.774446
-2.73648	 0.737435
-2.73315	 0.792533
-2.72982	 0.694328
-2.72648	 0.880579
-2.72315	 0.975505
-2.71982	 0.842817
-2.71649	 0.872482
-2.71315	 0.257616
-2.70982	 0.973851
-2.70649	 0.827635
-2.70315	 0.549121
-2.69982	 0.923277
-2.69649	 0.917686
-2.69315	 0.461854
-2.68982	 0.541278
-2.68649	 0.937824
-2.68315	 0.559243
-2.67982	 0.576395
-2.67649	 0.703725
-2.67316	 0.833778
-2.66982	 0.685637
-2.66649	 0.705057
-2.66316	 0.772404
-2.65982	 0.958737
-2.65649	 0.737566
-2.65316	 1.08289
-2.64982	 0.669482
-2.64649	 1.17665
-2.64316	 0.936654
-2.63982	 0.579103
-2.63649	 0.76269
-2.63316	 0.792767
-2.62982	 0.638929
-2.62649	 0.561374
-2.62316	 0.733643
-2.61983	 0.296816
-2.61649	 0.584751
-2.61316	 0.876956
-2.60983	 0.502711
-2.60649	 0.605841
-2.60316	 0.650537
-2.59983	 0.807094
-2.59649	 0.858283
-2.59316	 0.822054
-2.58983	 0.731697
-2.58649	 0.443585
-2.58316	 0.943431
-2.57983	 1.21387
-2.57649	 0.726735
-2.57316	 1.01656
-2.56983	 0.989872
-2.5665	 0.726872
-2.56316	 0.95731
-2.55983	 1.19267
-2.5565	 0.588505
-2.55316	 0.631261
-2.54983	 0.829061
-2.5465	 0.885549
-2.54316	 0.670321
-2.53983	 1.05602
-2.5365	 1.16287
-2.53316	 0.417043
-2.52983	 0.719577
-2.5265	 0.950574
-2.52317	 1.02633
-2.51983	 0.592385
-2.5165	 0.843836
-2.51317	 0.733933
-2.50983	 0.525623
-2.5065	 0.60641
-2.50317	 0.78602
-2.49983	 0.553773
-2.4965	 0.602912
-2.49317	 0.782106
-2.48983	 0.823167
-2.4865	 0.820861
-2.48317	 0.726687
-2.47983	 0.759998
-2.4765	 0.87742
-2.47317	 0.816439
-2.46984	 0.973498
-2.4665	 0.851836
-2.46317	 1.15941
-2.45984	 1.20443
-2.4565	 0.703015
-2.45317	 0.633397
-2.44984	 0.588492
-2.4465	 0.462691
-2.44317	 1.00805
-2.43984	 0.775114
-2.4365	 0.51058
-2.43317	 0.737608
-2.42984	 0.82114
-2.4265	 0.411323
-2.42317	 1.22248
-2.41984	 0.988952
-2.41651	 0.881397
-2.41317	 0.951823
-2.40984	 0.73013
-2.40651	 0.497247
-2.40317	 0.757987
-2.39984	 0.809459
-2.39651	 0.885132
-2.39317	 0.89397
-2.38984	 1.17476
-2.38651	 1.31916
-2.38317	 0.552404
-2.37984	 0.944223
-2.37651	 0.95015
-2.37318	 0.64715
-2.36984	 0.828428
-2.36651	 0.936925
-2.36318	 0.49889
-2.35984	 1.02765
-2.35651	 0.966211
-2.35318	 0.938579
-2.34984	 0.986749
-2.34651	 1.11413
-2.34318	 0.716274
-2.33984	 0.598909
-2.33651	 1.12285
-2.33318	 0.650268
-2.32984	 0.904611
-2.32651	 0.593648
-2.32318	 0.87263
-2.31985	 0.659294
-2.31651	 0.832243
-2.31318	 0.628492
-2.30985	 1.1588
-2.30651	 0.768514
-2.30318	 0.556139
-2.29985	 1.04014
-2.29651	 0.985351
-2.29318	 0.533087
-2.28985	 1.13127
-2.28651	 0.841351
-2.28318	 0.958363
-2.27985	 1.02608
-2.27651	 0.685266
-2.27318	 0.695347
-2.26985	 0.693269
-2.26652	 0.803184
-2.26318	 0.67931
-2.25985	 1.00807
-2.25652	 0.825329
-2.25318	 1.02681
-2.24985	 0.74807
-2.24652	 1.01918
-2.24318	 1.20032
-2.23985	 0.81991
-2.23652	 1.00324
-2.23318	 0.622812
-2.22985	 0.581691
-2.22652	 0.759718
-2.22319	 0.742216
-2.21985	 0.649397
-2.21652	 0.808351
-2.21319	 0.620814
-2.20985	 0.701738
-2.20652	 0.769817
-2.20319	 0.804354
-2.19985	 0.649746
-2.19652	 0.872428
-2.19319	 0.902258
-2.18985	 1.0052
-2.18652	 1.03045
-2.18319	 0.402562
-2.17985	 0.609499
-2.17652	 1.31998
-2.17319	 0.779652
-2.16986	 1.00453
-2.16652	 0.563051
-2.16319	 0.715033
-2.15986	 0.742584
-2.15652	 0.75103
-2.15319	 0.834068
-2.14986	 0.798575
-2.14652	 1.39623
-2.14319	 0.789109
-2.13986	 0.654797
-2.13652	 0.733317
-2.13319	 0.70292
-2.12986	 0.444922
-2.12652	 0.903457
-2.12319	 0.625934
-2.11986	 0.704003
-2.11653	 1.13737
-2.11319	 0.701528
-2.10986	 0.819339
-2.10653	 0.545027
-2.10319	 1.06845
-2.09986	 0.831756
-2.09653	 0.613327
-2.09319	 0.92882
-2.08986	 0.646353
-2.08653	 0.65916
-2.08319	 0.514605
-2.07986	 0.862185
-2.07653	 0.718996
-2.0732	 0.612709
-2.06986	 0.714539
-2.06653	 1.19227
-2.0632	 0.639051
-2.05986	 0.914384
-2.05653	 0.863629
-2.0532	 1.12479
-2.04986	 0.834236
-2.04653	 0.690557
-2.0432	 1.04739
-2.03986	 0.673089
-2.03653	 1.37117
-2.0332	 0.913968
-2.02986	 0.95736
-2.02653	 0.657122
-2.0232	 0.471954
-2.01987	 1.44416
-2.01653	 0.751044
-2.0132	 1.3441
-2.00987	 0.945869
-2.00653	 1.12771
-2.0032	 0.706893
-1.99987	 0.930334
-1.99653	 0.991154
-1.9932	 0.741564
-1.98987	 0.814617
-1.98653	 0.912406
-1.9832	 0.901799
-1.97987	 1.00561
-1.97653	 1.0099
-1.9732	 0.535864
-1.96987	 0.492511
-1.96654	 0.656659
-1.9632	 0.598044
-1.95987	 0.953229
-1.95654	 0.958476
-1.9532	 1.16459
-1.94987	 0.726286
-1.94654	 0.670056
-1.9432	 0.760969
-1.93987	 0.84416
-1.93654	 0.855758
-1.9332	 1.18182
-1.92987	 1.12867
-1.92654	 0.696218
-1.92321	 1.19072
-1.91987	 0.682293
-1.91654	 1.12571
-1.91321	 0.888281
-1.90987	 1.09275
-1.90654	 1.03018
-1.90321	 1.18555
-1.89987	 0.953314
-1.89654	 0.639392
-1.89321	 0.517563
-1.88987	 0.937765
-1.88654	 0.813504
-1.88321	 0.500612
-1.87987	 1.17165
-1.87654	 0.769418
-1.87321	 1.41654
-1.86988	 1.12498
-1.86654	 0.998849
-1.86321	 0.536947
-1.85988	 1.1805
-1.85654	 1.00733
-1.85321	 0.46141
-1.84988	 0.596801
-1.84654	 0.763347
-1.84321	 0.653838
-1.83988	 0.892567
-1.83654	 0.886175
-1.83321	 0.81194
-1.82988	 0.701256
-1.82654	 0.735855
-1.82321	 0.595326
-1.81988	 0.897472
-1.81655	 0.701802
-1.81321	 0.501432
-1.80988	 0.679703
-1.80655	 1.10246
-1.80321	 1.04751
-1.79988	 0.686303
-1.79655	 0.528798
-1.79321	 0.856367
-1.78988	 1.07552
-1.78655	 0.763713
-1.78321	 0.577081
-1.77988	 0.698977
-1.77655	 0.899809
-1.77322	 1.17205
-1.76988	 0.690165
-1.76655	 0.789557
-1.76322	 0.591061
-1.75988	 1.01705
-1.75655	 0.737087
-1.75322	 1.28827
-1.74988	 1.06887
-1.74655	 0.550728
-1.74322	 0.897201
-1.73988	 1.02624
-1.73655	 0.920134
-1.73322	 1.03713
-1.72988	 0.91935
-1.72655	 0.607495
-1.72322	 0.639999
-1.71989	 0.886106
-1.71655	 0.883502
-1.71322	 0.914824
-1.70989	 1.15121
-1.70655	 1.11083
-1.70322	 1.09246
-1.69989	 0.816791
-1.69655	 0.520846
-1.69322	 0.878198
-1.68989	 0.859405
-1.68655	 0.884097
-1.68322	 0.817369
-1.67989	 1.3085
-1.67655	 0.590261
-1.67322	 0.505875
-1.66989	 0.879907
-1.66656	 0.867711
-1.66322	 0.924066
-1.65989	 0.919696
-1.65656	 0.902935
-1.65322	 0.60701
-1.64989	 1.08516
-1.64656	 0.468466
-1.64322	 1.46575
-1.63989	 1.09441
-1.63656	 1.39273
-1.63322	 1.02483
-1.62989	 0.67128
-1.62656	 1.41214
-1.62323	 0.467181
-1.61989	 0.943705
-1.61656	 0.577621
-1.61323	 0.645093
-1.60989	 0.72105
-1.60656	 0.903755
-1.60323	 0.363614
-1.59989	 0.751949
-1.59656	 0.820974
-1.59323	 0.622007
-1.58989	 0.909608
-1.58656	 0.552806
-1.58323	 0.822549
-1.57989	 0.710183
-1.57656	 1.61708
-1.57323	 1.25747
-1.5699	 0.717625
-1.56656	 0.882065
-1.56323	 0.645859
-1.5599	 0.973333
-1.55656	 0.867522
-1.55323	 0.787992
-1.5499	 0.529037
-1.54656	 1.28274
-1.54323	 0.938929
-1.5399	 0.701876
-1.53656	 0.633656
-1.53323	 1.17744
-1.5299	 0.502983
-1.52656	 0.867345
-1.52323	 1.53162
-1.5199	 0.932284
-1.51657	 0.719047
-1.51323	 0.614702
-1.5099	 0.7724
-1.50657	 1.40444
-1.50323	 0.738164
-1.4999	 0.756191
-1.49657	 0.772925
-1.49323	 0.842893
-1.4899	 1.01505
-1.48657	 1.31832
-1.48323	 0.981671
-1.4799	 0.846425
-1.47657	 0.784553
-1.47324	 0.920821
-1.4699	 0.570899
-1.46657	 0.729768
-1.46324	 1.04017
-1.4599	 0.995194
-1.45657	 0.607137
-1.45324	 0.85619
-1.4499	 0.905393
-1.44657	 0.557493
-1.44324	 0.702184
-1.4399	 0.784376
-1.43657	 1.08797
-1.43324	 0.659175
-1.4299	 0.666961
-1.42657	 0.856664
-1.42324	 0.87056
-1.41991	 0.857412
-1.41657	 0.717284
-1.41324	 0.559845
-1.40991	 0.813476
-1.40657	 0.550177
-1.40324	 0.56719
-1.39991	 0.972653
-1.39657	 0.631391
-1.39324	 0.976175
-1.38991	 1.11455
-1.38657	 0.915082
-1.38324	 0.685501
-1.37991	 0.810586
-1.37657	 0.597337
-1.37324	 0.745452
-1.36991	 0.697122
-1.36658	 1.09886
-1.36324	 0.941006
-1.35991	 1.24816
-1.35658	 0.823337
-1.35324	 0.512368
-1.34991	 0.833312
-1.34658	 0.538664
-1.34324	 1.05253
-1.33991	 0.886759
-1.33658	 0.95918
-1.33324	 0.650131
-1.32991	 0.923213
-1.32658	 0.76224
-1.32325	 0.978202
-1.31991	 1.0984
-1.31658	 0.888293
-1.31325	 1.05464
-1.30991	 0.886721
-1.30658	 0.772302
-1.30325	 0.836748
-1.29991	 1.17385
-1.29658	 0.746184
-1.29325	 0.860831
-1.28991	 0.932312
-1.28658	 0.557593
-1.28325	 1.42828
-1.27991	 1.05874
-1.27658	 0.730789
-1.27325	 0.8751
-1.26992	 1.24138
-1.26658	 1.13767
-1.26325	 0.374322
-1.25992	 0.578117
-1.25658	 0.40231
-1.25325	 0.586198
-1.24992	 0.740392
-1.24658	 0.633205
-1.24325	 0.716107
-1.23992	 0.590376
-1.23658	 1.14935
-1.23325	 0.42689
-1.22992	 0.587784
-1.22658	 1.09343
-1.22325	 1.12589
-1.21992	 0.847964
-1.21659	 0.848378
-1.21325	 1.32915
-1.20992	 0.725459
-1.20659	 0.887814
-1.20325	 0.782681
-1.19992	 0.67327
-1.19659	 0.405998
-1.19325	 0.793626
-1.18992	 0.684366
-1.18659	 0.958249
-1.18325	 1.03397
-1.17992	 0.604041
-1.17659	 1.01294
-1.17326	 1.00787
-1.16992	 0.796684
-1.16659	 1.06622
-1.16326	 1.64892
-1.15992	 1.03959
-1.15659	 0.634575
-1.15326	 0.864673
-1.14992	 0.971066
-1.14659	 1.15717
-1.14326	 0.99117
-1.13992	 0.843345
-1.13659	 1.18755
-1.13326	 0.699203
-1.12992	 1.51851
-1.12659	 0.633633
-1.12326	 0.987624
-1.11993	 0.728765
-1.11659	 0.625338
-1.11326	 0.56011
-1.10993	 0.773636
-1.10659	 0.971591
-1.10326	 0.931196
-1.09993	 0.974521
-1.09659	 1.05908
-1.09326	 0.816358
-1.08993	 0.941577
-1.08659	 0.934402
-1.08326	 0.770022
-1.07993	 0.735995
-1.07659	 0.583775
-1.07326	 0.652005
-1.06993	 1.01151
-1.0666	 0.833024
-1.06326	 0.740571
-1.05993	 1.04541
-1.0566	 0.822297
-1.05326	 0.751498
-1.04993	 0.897821
-1.0466	 0.850535
-1.04326	 1.30723
-1.03993	 0.531912
-1.0366	 1.45429
-1.03326	 1.11392
-1.02993	 1.021
-1.0266	 1.04904
-1.02327	 1.0346
-1.01993	 0.665538
-1.0166	 0.716551
-1.01327	 0.833287
-1.00993	 0.323298
-1.0066	 0.944574
-1.00327	 0.84932
-0.999933	 0.852179
-0.9966	 0.829387
-0.993267	 0.688802
-0.989934	 0.760108
-0.986601	 0.628756
-0.983268	 0.672992
-0.979935	 1.24466
-0.976602	 1.20631
-0.973268	 0.595199
-0.969935	 0.953006
-0.966602	 0.695216
-0.963269	 1.3001
-0.959936	 0.340249
-0.956603	 0.519609
-0.95327	 1.03743
-0.949937	 1.03609
-0.946604	 1.084
-0.94327	 0.755125
-0.939937	 0.937098
-0.936604	 1.62205
-0.933271	 0.779366
-0.929938	 1.29514
-0.926605	 0.901185
-0.923272	 1.15704
-0.919939	 0.833101
-0.916606	 1.12501
-0.913272	 0.586702
-0.909939	 0.71692
-0.906606	 1.22379
-0.903273	 0.367382
-0.89994	 0.662991
-0.896607	 0.713706
-0.893274	 0.532382
-0.889941	 0.812319
-0.886608	 0.818729
-0.883274	 0.686956
-0.879941	 1.21483
-0.876608	 0.77461
-0.873275	 1.1709
-0.869942	 0.732716
-0.866609	 0.680082
-0.863276	 0.707147
-0.859943	 0.782017
-0.85661	 0.974087
-0.853276	 1.37551
-0.849943	 0.90092
-0.84661	 1.30217
-0.843277	 0.479596
-0.839944	 1.16273
-0.836611	 1.05912
-0.833278	 0.524568
-0.829945	 1.92974
-0.826612	 0.919702
-0.823278	 0.72975
-0.819945	 0.973703
-0.816612	 0.99472
-0.813279	 1.10326
-0.809946	 0.677283
-0.806613	 0.949224
-0.80328	 0.883957
-0.799947	 1.28879
-0.796614	 0.927447
-0.79328	 0.738133
-0.789947	 0.903942
-0.786614	 0.832503
-0.783281	 1.05568
-0.779948	 1.11095
-0.776615	 0.796928
-0.773282	 0.686206
-0.769949	 0.46691
-0.766616	 1.25959
-0.763282	 0.850746
-0.759949	 0.704863
-0.756616	 1.18792
-0.753283	 1.15736
-0.74995	 0.855263
-0.746617	 0.754459
-0.743284	 1.05857
-0.739951	 0.518607
-0.736618	 0.575826
-0.733284	 0.9583
-0.729951	 1.29266
-0.726618	 0.907667
-0.723285	 0.809404
-0.719952	 0.738587
-0.716619	 1.48034
-0.713286	 0.881548
-0.709953	 0.807248
-0.70662	 1.27345
-0.703286	 1.20903
-0.699953	 0.909809
-0.69662	 0.743479
-0.693287	 0.666769
-0.689954	 0.588517
-0.686621	 1.14464
-0.683288	 1.07326
-0.679955	 0.735761
-0.676622	 0.783955
-0.673288	 0.986088
-0.669955	 0.664371
-0.666622	 0.780666
-0.663289	 0.765653
-0.659956	 1.05481
-0.656623	 0.740854
-0.65329	 0.779698
-0.649957	 0.775559
-0.646624	 0.882609
-0.64329	 0.936951
-0.639957	 1.01791
-0.636624	 1.04946
-0.633291	 1.08268
-0.629958	 0.718657
-0.626625	 0.95728
-0.623292	 1.77157
-0.619959	 0.675517
-0.616626	 0.713998
-0.613292	 0.782368
-0.609959	 1.25776
-0.606626	 0.808558
-0.603293	 0.977685
-0.59996	 1.3733
-0.596627	 1.13054
-0.593294	 0.887961
-0.589961	 1.09109
-0.586628	 0.837696
-0.583294	 0.917938
-0.579961	 0.617729
-0.576628	 0.868278
-0.573295	 0.957815
-0.569962	 0.725747
-0.566629	 1.10135
-0.563296	 1.04158
-0.559963	 0.673029
-0.55663	 0.984676
-0.553296	 0.630432
-0.549963	 1.07214
-0.54663	 1.02433
-0.543297	 0.999533
-0.539964	 0.568114
-0.536631	 1.20698
-0.533298	 1.15774
-0.529965	 1.07164
-0.526632	 1.25443
-0.523298	 0.696834
-0.519965	 0.717808
-0.516632	 1.00933
-0.513299	 0.480916
-0.509966	 0.920463
-0.506633	 0.823999
-0.5033	 1.60655
-0.499967	 0.47957
-0.496634	 1.46095
-0.4933	 1.06591
-0.489967	 0.595835
-0.486634	 1.26119
-0.483301	 0.958082
-0.479968	 0.844594
-0.476635	 0.640879
-0.473302	 1.0181
-0.469969	 1.06425
-0.466636	 0.874118
-0.463302	 0.774073
-0.459969	 0.908472
-0.456636	 0.584715
-0.453303	 1.67676
-0.44997	 0.697448
-0.446637	 0.823531
-0.443304	 0.655885
-0.439971	 1.31064
-0.436638	 0.795971
-0.433304	 0.591507
-0.429971	 0.929566
-0.426638	 0.901074
-0.423305	 0.665883
-0.419972	 1.27868
-0.416639	 0.820828
-0.413306	 0.98066
-0.409973	 0.661704
-0.40664	 0.842196
-0.403306	 0.662929
-0.399973	 1.19382
-0.39664	 0.887788
-0.393307	 0.978073
-0.389974	 0.479559
-0.386641	 0.543206
-0.383308	 1.06716
-0.379975	 1.10659
-0.376642	 1.05675
-0.373308	 0.752833
-0.369975	 0.879901
-0.366642	 0.930105
-0.363309	 0.577162
-0.359976	 0.428938
-0.356643	 0.946097
-0.35331	 1.20693
-0.349977	 0.797553
-0.346644	 0.543573
-0.34331	 1.01616
-0.339977	 1.5406
-0.336644	 0.752855
-0.333311	 1.24316
-0.329978	 0.589287
-0.326645	 0.844315
-0.323312	 0.624448
-0.319979	 0.913099
-0.316646	 1.09949
-0.313312	 0.698148
-0.309979	 0.82953
-0.306646	 1.21889
-0.303313	 0.722924
-0.29998	 1.17175
-0.296647	 0.684334
-0.293314	 0.510955
-0.289981	 0.964061
-0.286648	 1.41547
-0.283314	 0.979415
-0.279981	 1.4387
-0.276648	 0.485793
-0.273315	 1.02974
-0.269982	 1.31517
-0.266649	 0.697943
-0.263316	 0.851934
-0.259983	 0.565349
-0.25665	 1.20413
-0.253316	 0.96902
-0.249983	 1.03876
-0.24665	 1.48088
-0.243317	 1.26481
-0.239984	 1.27793
-0.236651	 1.4786
-0.233318	 0.855131
-0.229985	 0.890585
-0.226652	 0.934766
-0.223318	 0.907714
-0.219985	 0.637043
-0.216652	 0.873274
-0.213319	 0.559163
-0.209986	 1.39589
-0.206653	 0.845146
-0.20332	 0.859833
-0.199987	 0.851311
-0.196654	 0.890448
-0.19332	 1.12305
-0.189987	 0.942369
-0.186654	 1.25413
-0.183321	 0.699524
-0.179988	 0.654539
-0.176655	 0.765385
-0.173322	 1.10395
-0.169989	 1.63598
-0.166656	 0.9256
-0.163322	 0.972661
-0.159989	 1.06272
-0.156656	 0.897782
-0.153323	 0.869944
-0.14999	 0.858767
-0.146657	 0.774874
-0.143324	 0.769796
-0.139991	 1.15034
-0.136658	 0.717645
-0.133324	 0.993851
-0.129991	 0.498253
-0.126658	 0.83873
-0.123325	 0.498721
-0.119992	 1.48035
-0.116659	 0.576738
-0.113326	 1.16715
-0.109993	 1.46386
-0.10666	 0.95009
-0.103326	 1.20155
-0.0999933	 1.07739
-0.0966602	 0.923966
-0.0933271	 0.796987
-0.089994	 0.826659
-0.0866609	 0.928108
-0.0833278	 1.13883
-0.0799947	 1.08143
-0.0766616	 1.24659
-0.0733284	 1.08157
-0.0699953	 0.587257
-0.0666622	 0.953435
-0.0633291	 0.934099
-0.059996	 0.555938
-0.0566629	 1.04287
-0.0533298	 0.90829
-0.0499967	 0.785883
-0.0466636	 1.64036
-0.0433304	 0.776626
-0.0399973	 0.755575
-0.0366642	 0.873563
-0.0333311	 0.615172
-0.029998	 1.22799
-0.0266649	 0.681309
-0.0233318	 1.12677
-0.0199987	 0.786754
-0.0166656	 0.785773
-0.0133324	 0.820442
-0.00999933	 1.12787
-0.00666622	 0.765777
-0.00333311	 0.0395752
0	 1
0.00333311	 0.810474
0.00666622	 1.39756
0.00999933	 0.727691
0.0133324	 0.819651
0.0166656	 0.645366
0.0199987	 1.03849
0.0233318	 0.917189
0.0266649	 0.985698
0.029998	 1.18279
0.0333311	 0.78044
0.0366642	 1.1232
0.0399973	 1.01928
0.0433304	 0.685827
0.0466636	 1.05603
0.0499967	 1.09925
0.0533298	 0.631691
0.0566629	 1.1128
0.059996	 1.09209
0.0633291	 0.986533
0.0666622	 1.03127
0.0699953	 1.07453
0.0733284	 1.16482
0.0766616	 0.852614
0.0799947	 0.6317
0.0833278	 1.11807
0.0866609	 1.14542
0.089994	 0.533544
0.0933271	 1.06447
0.0966602	 0.727447
0.0999933	 0.598846
0.103326	 1.30227
0.10666	 0.814875
0.109993	 0.935838
0.113326	 0.544242
0.116659	 0.853554
0.119992	 0.93028
0.123325	 1.40252
0.126658	 1.00765
0.129991	 0.736625
0.133324	 0.804167
0.136658	 0.800568
0.139991	 0.636178
0.143324	 1.06855
0.146657	 1.12168
0.14999	 1.08699
0.153323	 1.29661
0.156656	 1.17566
0.159989	 1.16514
0.163322	 0.76941
0.166656	 0.40316
0.169989	 0.759605
0.173322	 0.881663
0.176655	 1.68765
0.179988	 0.597115
0.183321	 0.631629
0.186654	 0.621591
0.189987	 0.524639
0.19332	 1.16477
0.196654	 0.988394
0.199987	 1.16414
0.20332	 0.88065
0.206653	 0.766352
0.209986	 0.899859
0.213319	 0.731655
0.216652	 0.87576
0.219985	 1.20948
0.223318	 0.607916
0.226652	 0.550208
0.229985	 1.00345
0.233318	 0.799872
0.236651	 1.51297
0.239984	 1.52774
0.243317	 1.04325
0.24665	 1.09844
0.249983	 0.696486
0.253316	 1.39737
0.25665	 0.907061
0.259983	 0.694518
0.263316	 0.969609
0.266649	 0.771619
0.269982	 1.31187
0.273315	 0.895796
0.276648	 0.895027
0.279981	 0.867767
0.283314	 0.585069
0.286648	 0.929098
0.289981	 0.920733
0.293314	 0.755916
0.296647	 0.714803
0.29998	 0.580002
0.303313	 0.849462
0.306646	 0.836877
0.309979	 0.897493
0.313312	 1.02829
0.316646	 0.838514
0.319979	 1.22794
0.323312	 0.753554
0.326645	 0.848821
0.329978	 1.29756
0.333311	 0.534536
0.336644	 0.580098
0.339977	 0.905653
0.34331	 0.943711
0.346644	 0.633666
0.349977	 0.405347
0.35331	 0.722559
0.356643	 0.787539
0.359976	 0.737789
0.363309	 1.33212
0.366642	 0.643793
0.369975	 0.640041
0.373308	 0.842326
0.376642	 1.318
0.379975	 0.766906
0.383308	 0.835727
0.386641	 1.03558
0.389974	 0.9626
0.393307	 1.34274
0.39664	 0.424568
0.399973	 0.734894
0.403306	 0.826857
0.40664	 0.731827
0.409973	 1.27917
0.413306	 1.1163
0.416639	 0.49257
0.419972	 1.20632
0.423305	 1.25906
0.426638	 0.703491
0.429971	 1.26849
0.433304	 0.869333
0.436638	 1.23054
0.439971	 1.0263
0.443304	 1.13274
0.446637	 1.04115
0.44997	 0.505019
0.453303	 0.841534
0.456636	 0.853311
0.459969	 0.781261
0.463302	 0.845679
0.466636	 1.03386
0.469969	 0.602268
0.473302	 1.26175
0.476635	 0.90913
0.479968	 0.722829
0.483301	 1.31051
0.486634	 1.34708
0.489967	 0.548859
0.4933	 0.914356
0.496634	 1.083
0.499967	 0.940868
0.5033	 0.727487
0.506633	 0.856799
0.509966	 0.826017
0.513299	 0.850577
0.516632	 0.936771
0.519965	 1.28025
0.523298	 0.861574
0.526632	 1.53811
0.529965	 1.07666
0.533298	 1.03582
0.536631	 1.17104
0.539964	 0.577394
0.543297	 1.32706
0.54663	 0.885604
0.549963	 0.662651
0.553296	 1.18987
0.55663	 0.854654
0.559963	 0.758553
0.563296	 1.10864
0.566629	 1.47275
0.569962	 0.814035
0.573295	 0.820254
0.576628	 0.787781
0.579961	 0.42738
0.583294	 0.730754
0.586628	 0.63435
0.589961	 0.723978
0.593294	 0.795419
0.596627	 0.783675
0.59996	 0.717768
0.603293	 0.761609
0.606626	 1.09067
0.609959	 1.06476
0.613292	 0.935835
0.616626	 0.640899
0.619959	 0.708364
0.623292	 0.513252
0.626625	 0.767657
0.629958	 0.964573
0.633291	 0.942442
0.636624	 1.70292
0.639957	 0.934258
0.64329	 1.20025
0.646624	 0.496641
0.649957	 0.706151
0.65329	 1.11398
0.656623	 1.11966
0.659956	 0.826617
0.663289	 1.03029
0.666622	 0.95827
0.669955	 1.35274
0.673288	 0.800508
0.676622	 0.946007
0.679955	 1.35693
0.683288	 0.548016
0.686621	 0.953187
0.689954	 1.54739
0.693287	 0.805856
0.69662	 0.91739
0.699953	 0.75048
0.703286	 0.771745
0.70662	 1.49168
0.709953	 0.540137
0.713286	 0.824547
0.716619	 0.815797
0.719952	 0.866606
0.723285	 0.869178
0.726618	 0.738492
0.729951	 0.760225
0.733284	 1.24077
0.736618	 1.01274
0.739951	 0.90215
0.743284	 1.40165
0.746617	 0.759119
0.74995	 0.70941
0.753283	 0.627476
0.756616	 1.06577
0.759949	 0.677916
0.763282	 0.470255
0.766616	 1.01688
0.769949	 1.35835
0.773282	 0.960776
0.776615	 0.542327
0.779948	 0.502764
0.783281	 1.13507
0.786614	 0.974103
0.789947	 0.980125
0.79328	 1.04254
0.796614	 0.581974
0.799947	 0.858118
0.80328	 1.01356
0.806613	 0.821038
0.809946	 1.2617
0.813279	 0.717112
0.816612	 0.805771
0.819945	 1.05723
0.823278	 0.953655
0.826612	 0.840732
0.829945	 1.03119
0.833278	 0.70345
0.836611	 0.505584
0.839944	 0.614091
0.843277	 0.889703
0.84661	 1.26061
0.849943	 0.645171
0.853276	 0.859824
0.85661	 0.933019
0.859943	 0.65504
0.863276	 1.17666
0.866609	 0.872945
0.869942	 0.868743
0.873275	 0.772413
0.876608	 0.804247
0.879941	 1.08495
0.883274	 0.835669
0.886608	 0.804275
0.889941	 0.817147
0.893274	 0.81386
0.896607	 0.932544
0.89994	 0.940716
0.903273	 0.635211
0.906606	 0.939739
0.909939	 1.04077
0.913272	 1.01115
0.916606	 0.914529
0.919939	 0.900993
0.923272	 0.60914
0.926605	 1.31075
0.929938	 0.50795
0.933271	 1.43892
0.936604	 0.840856
0.939937	 0.878658
0.94327	 0.885095
0.946604	 1.12997
0.949937	 0.972151
0.95327	 0.815673
0.956603	 0.945479
0.959936	 1.32496
0.963269	 1.18703
0.966602	 0.879681
0.969935	 1.21389
0.973268	 1.08173
0.976602	 1.02242
0.979935	 1.10334
0.983268	 0.738245
0.986601	 1.18064
0.989934	 0.900452
0.993267	 0.687392
0.9966	 0.725004
0.999933	 0.81575
1.00327	 1.22745
1.0066	 0.875714
1.00993	 1.34856
1.01327	 0.554496
1.0166	 0.935087
1.01993	 0.530021
1.02327	 0.990509
1.0266	 1.09892
1.02993	 0.796575
1.03326	 0.876313
1.0366	 0.808493
1.03993	 0.585526
1.04326	 1.28708
1.0466	 0.686898
1.04993	 0.839253
1.05326	 0.675416
1.0566	 1.00963
1.05993	 0.832417
1.06326	 0.855583
1.0666	 1.02866
1.06993	 1.25881
1.07326	 1.1534
1.07659	 0.848327
1.07993	 1.28718
1.08326	 0.945216
1.08659	 0.90572
1.08993	 1.09543
1.09326	 0.725222
1.09659	 0.640093
1.09993	 1.27582
1.10326	 0.630313
1.10659	 0.969813
1.10993	 0.863962
1.11326	 0.885307
1.11659	 1.12509
1.11993	 0.936782
1.12326	 0.799856
1.12659	 0.859304
1.12992	 0.695949
1.13326	 1.08618
1.13659	 1.16606
1.13992	 0.774968
1.14326	 0.587222
1.14659	 0.717324
1.14992	 0.751731
1.15326	 0.909849
1.15659	 1.15772
1.15992	 0.915433
1.16326	 0.998327
1.16659	 0.919743
1.16992	 1.08561
1.17326	 0.993163
1.17659	 1.34821
1.17992	 0.971716
1.18325	 0.897686
1.18659	 0.688775
1.18992	 0.581827
1.19325	 1.22684
1.19659	 1.0456
1.19992	 0.959553
1.20325	 0.669161
1.20659	 0.614966
1.20992	 0.541824
1.21325	 0.684772
1.21659	 0.645836
1.21992	 0.417417
1.22325	 0.91987
1.22658	 1.55306
1.22992	 0.880338
1.23325	 0.880914
1.23658	 0.724393
1.23992	 0.908009
1.24325	 0.781235
1.24658	 1.06582
1.24992	 0.961525
1.25325	 0.79161
1.25658	 0.839837
1.25992	 0.688974
1.26325	 0.78067
1.26658	 1.09412
1.26992	 0.805446
1.27325	 0.597928
1.27658	 0.496402
1.27991	 1.18026
1.28325	 0.776336
1.28658	 0.711711
1.28991	 0.63719
1.29325	 0.760147
1.29658	 0.79735
1.29991	 1.10894
1.30325	 0.723884
1.30658	 0.936921
1.30991	 0.711531
1.31325	 1.02589
1.31658	 0.490056
1.31991	 1.04857
1.32325	 1.33121
1.32658	 1.09456
1.32991	 0.804786
1.33324	 0.772446
1.33658	 1.30595
1.33991	 0.604416
1.34324	 0.939147
1.34658	 0.623183
1.34991	 1.28927
1.35324	 1.0261
1.35658	 0.934212
1.35991	 0.405449
1.36324	 0.996116
1.36658	 0.820528
1.36991	 0.846314
1.37324	 1.07026
1.37657	 0.72199
1.37991	 0.777935
1.38324	 0.634438
1.38657	 0.887156
1.38991	 0.541859
1.39324	 0.47032
1.39657	 1.77538
1.39991	 0.686204
1.40324	 1.20997
1.40657	 1.18255
1.40991	 0.945186
1.41324	 0.362841
1.41657	 0.720092
1.41991	 1.00023
1.42324	 0.856335
1.42657	 0.858418
1.4299	 0.54693
1.43324	 1.25326
1.43657	 1.12916
1.4399	 1.04665
1.44324	 0.665886
1.44657	 1.96511
1.4499	 0.702399
1.45324	 0.982515
1.45657	 0.587096
1.4599	 0.593687
1.46324	 0.746157
1.46657	 0.948384
1.4699	 1.22537
1.47324	 1.05946
1.47657	 0.802959
1.4799	 0.551336
1.48323	 0.742234
1.48657	 0.832997
1.4899	 1.52948
1.49323	 1.03158
1.49657	 1.17129
1.4999	 0.666125
1.50323	 0.873685
1.50657	 1.0604
1.5099	 0.603252
1.51323	 0.677782
1.51657	 0.709872
1.5199	 0.762549
1.52323	 1.30407
1.52656	 0.646334
1.5299	 0.92011
1.53323	 0.898328
1.53656	 0.888655
1.5399	 0.535132
1.54323	 0.797418
1.54656	 0.900609
1.5499	 0.399393
1.55323	 0.449566
1.55656	 0.907522
1.5599	 1.21446
1.56323	 0.735951
1.56656	 0.331634
1.5699	 1.26219
1.57323	 0.797011
1.57656	 0.959551
1.57989	 1.11666
1.58323	 0.596713
1.58656	 0.755905
1.58989	 0.836547
1.59323	 0.786578
1.59656	 1.11829
1.59989	 1.49887
1.60323	 0.614846
1.60656	 0.798316
1.60989	 0.866379
1.61323	 1.00536
1.61656	 0.608695
1.61989	 1.20877
1.62323	 0.642875
1.62656	 0.515367
1.62989	 0.876847
1.63322	 0.727541
1.63656	 1.14148
1.63989	 0.445302
1.64322	 0.817874
1.64656	 0.994877
1.64989	 0.914502
1.65322	 0.430866
1.65656	 1.13085
1.65989	 0.787078
1.66322	 0.929856
1.66656	 0.62728
1.66989	 0.978632
1.67322	 0.361942
1.67655	 0.909809
1.67989	 0.810321
1.68322	 0.896622
1.68655	 0.953621
1.68989	 0.746345
1.69322	 0.68841
1.69655	 1.1037
1.69989	 0.653817
1.70322	 0.608708
1.70655	 0.772027
1.70989	 0.727392
1.71322	 0.898514
1.71655	 1.02292
1.71989	 0.549256
1.72322	 0.766274
1.72655	 0.875816
1.72988	 0.830154
1.73322	 1.52569
1.73655	 1.10933
1.73988	 0.937865
1.74322	 1.12104
1.74655	 0.596661
1.74988	 0.785051
1.75322	 0.494446
1.75655	 1.09139
1.75988	 0.846258
1.76322	 0.569233
1.76655	 1.11907
1.76988	 0.482864
1.77322	 0.422761
1.77655	 0.52384
1.77988	 0.704534
1.78321	 0.743694
1.78655	 0.813695
1.78988	 0.735677
1.79321	 0.893652
1.79655	 0.798578
1.79988	 0.797435
1.80321	 0.783263
1.80655	 0.542925
1.80988	 0.892345
1.81321	 1.02743
1.81655	 0.681752
1.81988	 0.595554
1.82321	 0.752092
1.82654	 1.01087
1.82988	 0.54217
1.83321	 1.13515
1.83654	 0.738724
1.83988	 0.90921
1.84321	 1.20664
1.84654	 0.719977
1.84988	 0.539202
1.85321	 0.818556
1.85654	 0.910773
1.85988	 0.408915
1.86321	 0.785303
1.86654	 0.887583
1.86988	 0.33419
1.87321	 1.12048
1.87654	 0.97176
1.87987	 0.470008
1.88321	 1.09822
1.88654	 0.512513
1.88987	 1.00261
1.89321	 1.07061
1.89654	 0.922851
1.89987	 1.06561
1.90321	 1.36284
1.90654	 0.94288
1.90987	 0.872771
1.91321	 1.14609
1.91654	 0.416677
1.91987	 0.985993
1.92321	 0.807514
1.92654	 0.489975
1.92987	 0.911193
1.9332	 0.56934
1.93654	 0.680875
1.93987	 0.806231
1.9432	 1.01537
1.94654	 0.629236
1.94987	 0.570142
1.9532	 0.816517
1.95654	 0.763703
1.95987	 0.811109
1.9632	 0.667224
1.96654	 1.01706
1.96987	 0.733128
1.9732	 1.08636
1.97653	 0.551313
1.97987	 0.958381
1.9832	 1.1225
1.98653	 0.887694
1.98987	 0.903183
1.9932	 1.23729
1.99653	 0.694845
1.99987	 0.59469
2.0032	 0.93308
2.00653	 0.9039
2.00987	 0.826856
2.0132	 1.42622
2.01653	 0.540025
2.01987	 0.966365
2.0232	 0.585992
2.02653	 0.92203
2.02986	 0.28516
2.0332	 0.738235
2.03653	 0.908296
2.03986	 0.697799
2.0432	 0.633939
2.04653	 1.02173
2.04986	 0.697197
2.0532	 0.660426
2.05653	 0.675878
2.05986	 0.719205
2.0632	 1.20294
2.06653	 0.390814
2.06986	 0.747287
2.0732	 0.961844
2.07653	 0.829177
2.07986	 1.21798
2.08319	 0.858698
2.08653	 0.674949
2.08986	 1.16904
2.09319	 0.722955
2.09653	 0.926379
2.09986	 0.695533
2.10319	 0.682004
2.10653	 1.33712
2.10986	 0.783645
2.11319	 0.674708
2.11653	 0.661937
2.11986	 0.698626
2.12319	 0.737292
2.12652	 0.885037
2.12986	 0.921815
2.13319	 1.14595
2.13652	 0.688516
2.13986	 0.575535
2.14319	 0.792437
2.14652	 0.676161
2.14986	 1.05554
2.15319	 1.08989
2.15652	 0.994141
2.15986	 0.930552
2.16319	 0.88591
2.16652	 1.10977
2.16986	 0.482057
2.17319	 0.988828
2.17652	 0.965545
2.17985	 0.680386
2.18319	 1.14239
2.18652	 0.61389
2.18985	 1.07468
2.19319	 0.309855
2.19652	 0.68433
2.19985	 1.02264
2.20319	 0.805679
2.20652	 1.02628
2.20985	 0.714973
2.21319	 1.09682
2.21652	 0.81698
2.21985	 0.514929
2.22319	 0.945315
2.22652	 0.662584
2.22985	 0.638961
2.23318	 1.3193
2.23652	 0.912839
2.23985	 0.876263
2.24318	 0.753395
2.24652	 0.616991
2.24985	 0.933506
2.25318	 1.26816
2.25652	 0.524021
2.25985	 0.756164
2.26318	 1.10856
2.26652	 1.03231
2.26985	 0.863978
2.27318	 0.883903
2.27651	 0.9887
2.27985	 0.589108
2.28318	 0.557286
2.28651	 0.769254
2.28985	 0.865381
2.29318	 0.511476
2.29651	 0.725492
2.29985	 0.852139
2.30318	 0.824046
2.30651	 0.936133
2.30985	 0.37391
2.31318	 0.436886
2.31651	 0.854075
2.31985	 0.679401
2.32318	 1.1298
2.32651	 1.25663
2.32984	 0.579166
2.33318	 1.19189
2.33651	 0.998483
2.33984	 0.632451
2.34318	 0.792528
2.34651	 0.597843
2.34984	 0.556631
2.35318	 0.836306
2.35651	 0.915279
2.35984	 0.695226
2.36318	 1.0131
2.36651	 1.06881
2.36984	 0.893561
2.37318	 1.16861
2.37651	 0.692886
2.37984	 0.600093
2.38317	 0.755013
2.38651	 0.800534
2.38984	 0.898281
2.39317	 0.960939
2.39651	 0.651959
2.39984	 0.9205
2.40317	 0.53813
2.40651	 0.7041
2.40984	 1.36222
2.41317	 0.738181
2.41651	 0.721053
2.41984	 0.712609
2.42317	 0.627147
2.4265	 0.714032
2.42984	 0.707558
2.43317	 1.06507
2.4365	 1.06628
2.43984	 1.05026
2.44317	 0.885232
2.4465	 0.624324
2.44984	 0.886424
2.45317	 0.743767
2.4565	 0.738617
2.45984	 0.971613
2.46317	 0.739488
2.4665	 0.574581
2.46984	 0.807261
2.47317	 0.762593
2.4765	 0.271627
2.47983	 0.709788
2.48317	 0.674024
2.4865	 0.719856
2.48983	 0.353275
2.49317	 1.20931
2.4965	 0.941401
2.49983	 0.738433
2.50317	 0.665688
2.5065	 0.485871
2.50983	 0.845079
2.51317	 0.681883
2.5165	 0.887396
2.51983	 0.562215
2.52317	 0.752898
2.5265	 0.7219
2.52983	 0.905662
2.53316	 1.20768
2.5365	 0.499868
2.53983	 0.876272
2.54316	 0.643844
2.5465	 0.936333
2.54983	 0.626021
2.55316	 0.564325
2.5565	 1.22995
2.55983	 0.569683
2.56316	 1.03869
2.5665	 0.97659
2.56983	 0.692369
2.57316	 1.03259
2.57649	 1.01303
2.57983	 0.531954
2.58316	 0.682108
2.58649	 0.92005
2.58983	 0.67751
2.59316	 0.707241
2.59649	 0.643616
2.59983	 0.929926
2.60316	 0.366574
2.60649	 1.36962
2.60983	 0.691062
2.61316	 1.02974
2.61649	 0.782414
2.61983	 0.725111
2.62316	 1.03703
2.62649	 0.939576
2.62982	 0.637919
2.63316	 0.77989
2.63649	 0.573357
2.63982	 0.850927
2.64316	 0.754958
2.64649	 0.595766
2.64982	 0.92461
2.65316	 0.568072
2.65649	 1.04778
2.65982	 0.766354
2.66316	 0.743324
2.66649	 0.50295
2.66982	 0.756637
2.67316	 0.613761
2.67649	 0.795944
2.67982	 0.854821
2.68315	 0.770251
2.68649	 1.06171
2.68982	 0.685804
2.69315	 0.759871
2.69649	 0.886564
2.69982	 0.879864
2.70315	 0.524363
2.70649	 0.703467
2.70982	 0.447671
2.71315	 1.09253
2.71649	 0.777799
2.71982	 0.821475
2.72315	 1.15967
2.72648	 0.49162
2.72982	 1.18012
2.73315	 0.801165
2.73648	 0.545277
2.73982	 0.897659
2.74315	 0.829178
2.74648	 1.02573
2.74982	 0.697537
2.75315	 1.21029
2.75648	 1.0421
2.75982	 0.709082
2.76315	 0.59148
2.76648	 0.940571
2.76982	 0.708595
2.77315	 0.724427
2.77648	 0.387733
2.77981	 0.689172
2.78315	 1.05026
2.78648	 0.532184
2.78981	 0.492322
2.79315	 0.714247
2.79648	 0.645339
2.79981	 1.05777
2.80315	 1.14823
2.80648	 0.683291
2.80981	 0.672502
2.81315	 0.779187
2.81648	 1.05133
2.81981	 0.815445
2.82315	 0.631576
2.82648	 0.589076
2.82981	 0.49907
2.83314	 0.70504
2.83648	 0.498304
2.83981	 0.732313
2.84314	 0.613397
2.84648	 0.415153
2.84981	 0.828012
2.85314	 0.850498
2.85648	 1.04731
2.85981	 0.928475
2.86314	 0.316469
2.86648	 0.667165
2.86981	 0.637964
2.87314	 0.818039
2.87647	 0.449494
2.87981	 0.920615
2.88314	 1.29887
2.88647	 0.484156
2.88981	 0.815213
2.89314	 0.658541
2.89647	 0.761753
2.89981	 0.828376
2.90314	 0.500217
2.90647	 0.59705
2.90981	 0.772316
2.91314	 0.668758
2.91647	 0.71279
2.91981	 0.663294
2.92314	 0.655397
2.92647	 0.712708
2.9298	 0.762704
2.93314	 0.461274
2.93647	 0.494193
2.9398	 0.668344
2.94314	 0.924666
2.94647	 0.652385
2.9498	 0.749249
2.95314	 0.885877
2.95647	 0.867738
2.9598	 0.600843
2.96314	 0.878921
2.96647	 0.904581
2.9698	 0.919452
2.97314	 0.752065
2.97647	 0.64326
2.9798	 0.407206
2.98313	 0.491191
2.98647	 0.90969
2.9898	 0.992212
2.99313	 0.656082
2.99647	 0.498073
2.9998	 0.910388
3.00313	 0.42243
3.00647	 0.524405
3.0098	 0.832569
3.01313	 0.799143
3.01647	 0.540469
3.0198	 0.721042
3.02313	 0.633198
3.02646	 0.614742
3.0298	 0.464674
3.03313	 0.855922
3.03646	 0.477769
3.0398	 0.71669
3.04313	 0.66391
3.04646	 0.623446
3.0498	 1.07185
3.05313	 0.578657
3.05646	 0.557035
3.0598	 0.84003
3.06313	 0.513959
3.06646	 1.04434
3.0698	 0.530088
3.07313	 0.920324
3.07646	 0.740398
3.07979	 0.79247
3.08313	 0.771365
3.08646	 0.726949
3.08979	 0.880011
3.09313	 0.710515
3.09646	 0.504208
3.09979	 0.537964
3.10313	 0.510303
3.10646	 0.800532
3.10979	 0.866204
3.11313	 0.91844
3.11646	 0.812643
3.11979	 0.567247
3.12313	 0.688493
3.12646	 1.03083
3.12979	 0.362366
3.13312	 0.840406
3.13646	 0.79935
3.13979	 0.891152
3.14312	 0.556074
3.14646	 0.730555
3.14979	 0.886398
3.15312	 0.865
3.15646	 0.545074
3.15979	 0.992477
3.16312	 0.567606
3.16646	 0.690258
3.16979	 0.755148
3.17312	 1.00443
3.17645	 0.698234
3.17979	 0.545396
3.18312	 0.43686
3.18645	 0.901902
3.18979	 0.789871
3.19312	 0.682937
3.19645	 0.680335
3.19979	 0.473804
3.20312	 0.708417
3.20645	 0.962953
3.20979	 0.746768
3.21312	 0.972236
3.21645	 0.530355
3.21979	 0.58622
3.22312	 0.505815
3.22645	 1.01715
3.22978	 0.956181
3.23312	 0.664977
3.23645	 0.738073
3.23978	 0.856606
3.24312	 0.517858
3.24645	 0.691533
3.24978	 0.469226
3.25312	 0.92618
3.25645	 0.720573
3.25978	 0.645275
3.26312	 0.893782
3.26645	 0.581916
3.26978	 0.744609
3.27312	 0.509477
3.27645	 0.754371
3.27978	 0.764008
3.28311	 0.980844
3.28645	 0.469935
3.28978	 0.573724
3.29311	 0.865643
3.29645	 0.879083
3.29978	 0.913151
3.30311	 0.57764
3.30645	 0.859388
3.30978	 0.76642
3.31311	 0.464017
3.31645	 0.802026
3.31978	 0.747228
3.32311	 0.785294
3.32644	 0.413946
3.32978	 0.391461
3.33311	 0.545735
3.33644	 0.778066
3.33978	 0.938873
3.34311	 0.464074
3.34644	 0.669005
3.34978	 0.499824
3.35311	 0.774289
3.35644	 0.691618
3.35978	 0.703216
3.36311	 0.753374
3.36644	 0.844175
3.36978	 0.546394
3.37311	 0.786374
3.37644	 0.674786
3.37977	 0.467643
3.38311	 0.934131
3.38644	 0.614996
3.38977	 0.56598
3.39311	 0.46797
3.39644	 0.741685
3.39977	 0.864357
3.40311	 0.729709
3.40644	 0.903648
3.40977	 1.06546
3.41311	 0.57966
3.41644	 0.905405
3.41977	 0.547474
3.42311	 0.583625
3.42644	 0.497114
3.42977	 1.09153
3.4331	 0.656537
3.43644	 0.726799
3.43977	 0.733217
3.4431	 0.595989
3.44644	 0.812514
3.44977	 0.798575
3.4531	 0.568491
3.45644	 0.752101
3.45977	 0.555675
3.4631	 0.599038
3.46644	 0.474378
3.46977	 1.17794
3.4731	 0.479135
3.47643	 0.642306
3.47977	 0.7462
3.4831	 0.926885
3.48643	 0.976021
3.48977	 0.958524
3.4931	 0.636289
3.49643	 0.51174
3.49977	 1.11884
3.5031	 0.694832
3.50643	 0.693987
3.50977	 1.01892
3.5131	 0.528246
3.51643	 0.45457
3.51977	 0.444156
3.5231	 0.905742
3.52643	 0.634689
3.52976	 0.777279
3.5331	 0.766986
3.53643	 0.830707
3.53976	 1.14332
3.5431	 0.892214
3.54643	 0.667771
3.54976	 0.765112
3.5531	 0.560105
3.55643	 0.598577
3.55976	 0.807469
3.5631	 0.647644
3.56643	 0.610709
3.56976	 0.793827
3.5731	 0.669099
3.57643	 0.676474
3.57976	 0.807065
3.58309	 0.811001
3.58643	 0.521069
3.58976	 0.869856
3.59309	 0.524522
3.59643	 0.357301
3.59976	 1.0224
3.60309	 0.673494
3.60643	 0.709582
3.60976	 0.594182
3.61309	 0.656079
3.61643	 0.955187
3.61976	 0.674693
3.62309	 0.625397
3.62642	 0.53606
3.62976	 0.613117
3.63309	 0.714328
3.63642	 0.789067
3.63976	 0.902108
3.64309	 0.388233
3.64642	 0.704804
3.64976	 0.488904
3.65309	 0.81005
3.65642	 0.744394
3.65976	 1.01822
3.66309	 0.421468
3.66642	 0.647463
3.66976	 0.542602
3.67309	 1.02673
3.67642	 0.757953
3.67975	 0.605951
3.68309	 1.00786
3.68642	 0.464189
3.68975	 0.879371
3.69309	 0.792063
3.69642	 0.611386
3.69975	 1.10618
3.70309	 0.597155
3.70642	 0.418925
3.70975	 0.759038
3.71309	 0.723048
3.71642	 0.590373
3.71975	 0.489294
3.72309	 0.560515
3.72642	 0.775711
3.72975	 0.806126
3.73308	 0.644255
3.73642	 0.400873
3.73975	 0.887106
3.74308	 1.23725
3.74642	 0.68996
3.74975	 0.588709
3.75308	 0.793224
3.75642	 0.858623
3.75975	 0.47617
3.76308	 1.02953
3.76642	 0.659425
3.76975	 0.698295
3.77308	 0.770135
3.77641	 0.691977
3.77975	 0.505358
3.78308	 0.922934
3.78641	 0.522396
3.78975	 0.901423
3.79308	 0.826827
3.79641	 0.671509
3.79975	 0.88577
3.80308	 0.89563
3.80641	 0.724396
3.80975	 0.733011
3.81308	 0.782473
3.81641	 0.503423
3.81975	 0.566448
3.82308	 0.379153
3.82641	 0.590788
3.82974	 0.739177
3.83308	 1.10723
3.83641	 0.639253
3.83974	 0.882372
3.84308	 0.627507
3.84641	 0.458847
3.84974	 0.876513
3.85308	 0.852016
3.85641	 0.935199
3.85974	 0.657701
3.86308	 0.733228
3.86641	 0.65992
3.86974	 0.449069
3.87308	 0.437405
3.87641	 0.661749
3.87974	 0.843158
3.88307	 0.681663
3.88641	 0.544189
3.88974	 0.549354
3.89307	 0.484178
3.89641	 0.565241
3.89974	 0.697395
3.90307	 0.619564
3.90641	 0.723269
3.90974	 0.485801
3.91307	 0.933236
3.91641	 0.699544
3.91974	 1.04216
3.92307	 0.770549
3.9264	 0.58499
3.92974	 0.949351
3.93307	 0.551924
3.9364	 0.531786
3.93974	 0.876571
3.94307	 0.353838
3.9464	 0.763851
3.94974	 0.550359
3.95307	 1.20954
3.9564	 1.0675
3.95974	 0.634778
3.96307	 0.741964
3.9664	 0.513709
3.96974	 0.590863
3.97307	 0.760157
3.9764	 0.591367
3.97973	 0.584801
3.98307	 0.474432
3.9864	 0.612397
3.98973	 0.479296
3.99307	 0.373363
3.9964	 0.465241
3.99973	 0.374889
4.00307	 0.379322
4.0064	 0.556067
4.00973	 0.659642
4.01307	 0.63991
4.0164	 0.711025
4.01973	 0.371662
4.02307	 0.580201
4.0264	 0.873813
4.02973	 0.715126
4.03306	 0.63996
4.0364	 1.01599
4.03973	 0.704525
4.04306	 0.783506
4.0464	 1.11266
4.04973	 0.825222
4.05306	 0.481553
4.0564	 0.742298
4.05973	 0.83491
4.06306	 0.536082
4.0664	 0.348552
4.06973	 0.730443
4.07306	 0.638857
4.07639	 0.699561
4.07973	 0.588187
4.08306	 0.789232
4.08639	 0.264681
4.08973	 0.586043
4.09306	 0.690071
4.09639	 0.755657
4.09973	 0.734267
4.10306	 0.507388
4.10639	 0.419548
4.10973	 0.800012
4.11306	 0.889812
4.11639	 0.663454
4.11973	 0.63599
4.12306	 0.730225
4.12639	 0.491232
4.12972	 0.57111
4.13306	 0.389624
4.13639	 0.472016
4.13972	 0.546019
4.14306	 0.686735
4.14639	 0.68069
4.14972	 0.509774
4.15306	 0.912394
4.15639	 0.703139
4.15972	 0.610492
4.16306	 0.534775
4.16639	 0.610334
4.16972	 0.695989
4.17306	 0.642127
4.17639	 0.484877
4.17972	 0.696199
4.18305	 0.712293
4.18639	 0.510669
4.18972	 0.567588
4.19305	 0.483903
4.19639	 0.633293
4.19972	 0.785598
4.20305	 0.757508
4.20639	 0.746591
4.20972	 0.404487
4.21305	 0.35436
4.21639	 0.436474
4.21972	 1.06885
4.22305	 0.502516
4.22638	 0.581879
4.22972	 0.706948
4.23305	 0.47085
4.23638	 0.888669
4.23972	 0.567818
4.24305	 0.732326
4.24638	 0.811773
4.24972	 0.873544
4.25305	 0.758438
4.25638	 0.552327
4.25972	 0.676671
4.26305	 0.649454
4.26638	 0.684572
4.26972	 0.730571
4.27305	 1.24893
4.27638	 0.861037
4.27971	 0.891896
4.28305	 0.444982
4.28638	 0.766222
4.28971	 0.39481
4.29305	 0.899095
4.29638	 0.659828
4.29971	 0.545125
4.30305	 0.629436
4.30638	 0.363581
4.30971	 0.767558
4.31305	 0.995585
4.31638	 0.670069
4.31971	 0.841929
4.32305	 0.491679
4.32638	 0.725968
4.32971	 0.671695
4.33304	 0.509149
4.33638	 0.501415
4.33971	 0.695918
4.34304	 0.560949
4.34638	 0.401226
4.34971	 0.468959
4.35304	 0.744822
4.35638	 0.649769
4.35971	 0.665116
4.36304	 0.470993
4.36638	 0.50807
4.36971	 0.332282
4.37304	 0.367153
4.37637	 0.772324
4.37971	 0.293356
4.38304	 0.58948
4.38637	 0.538575
4.38971	 0.662183
4.39304	 0.51926
4.39637	 0.866841
4.39971	 0.759443
4.40304	 0.461027
4.40637	 0.807992
4.40971	 0.959128
4.41304	 0.627967
4.41637	 0.462739
4.41971	 0.55587
4.42304	 0.507839
4.42637	 0.550672
4.4297	 0.460351
4.43304	 0.765909
4.43637	 1.09089
4.4397	 0.709978
4.44304	 0.678871
4.44637	 0.513551
4.4497	 0.650204
4.45304	 0.751845
4.45637	 0.750266
4.4597	 0.839847
4.46304	 0.819399
4.46637	 0.655582
4.4697	 0.623682
4.47304	 0.488783
4.47637	 0.557082
4.4797	 0.68173
4.48303	 0.765045
4.48637	 0.506953
4.4897	 0.527515
4.49303	 0.532298
4.49637	 0.487849
4.4997	 0.717645
4.50303	 0.91476
4.50637	 0.740212
4.5097	 0.838848
4.51303	 0.609562
4.51637	 0.81206
4.5197	 0.577162
4.52303	 0.721899
4.52636	 0.564426
4.5297	 0.97802
4.53303	 0.327316
4.53636	 0.832812
4.5397	 0.789797
4.54303	 0.739379
4.54636	 0.530856
4.5497	 0.641567
4.55303	 0.660892
4.55636	 0.60564
4.5597	 0.524656
4.56303	 0.730511
4.56636	 0.927461
4.5697	 0.905819
4.57303	 0.527539
4.57636	 0.858629
4.57969	 0.731733
4.58303	 0.547841
4.58636	 0.375768
4.58969	 0.520832
4.59303	 0.591028
4.59636	 0.638174
4.59969	 0.723261
4.60303	 0.813589
4.60636	 0.555332
4.60969	 0.742226
4.61303	 0.523737
4.61636	 0.746613
4.61969	 0.521318
4.62303	 0.719847
4.62636	 0.57941
4.62969	 0.495431
4.63302	 0.963228
4.63636	 0.622718
4.63969	 0.593388
4.64302	 0.595631
4.64636	 0.857006
4.64969	 0.828937
4.65302	 0.733665
4.65636	 0.248712
4.65969	 0.406283
4.66302	 0.446873
4.66636	 0.422261
4.66969	 0.500269
4.67302	 0.474209
4.67635	 0.688439
4.67969	 0.573768
4.68302	 0.321131
4.68635	 0.752931
4.68969	 0.878122
4.69302	 0.587679
4.69635	 0.908267
4.69969	 0.433589
4.70302	 0.504287
4.70635	 0.518417
4.70969	 0.445443
4.71302	 0.853263
4.71635	 0.933037
4.71969	 0.785109
4.72302	 0.899446
4.72635	 0.543113
4.72968	 0.469005
4.73302	 0.596274
4.73635	 0.414444
4.73968	 0.551217
4.74302	 0.39146
4.74635	 0.776593
4.74968	 0.775245
4.75302	 0.487843
4.75635	 0.406839
4.75968	 0.862524
4.76302	 0.598082
4.76635	 0.64838
4.76968	 0.823561
4.77302	 0.706968
4.77635	 0.576156
4.77968	 0.509746
4.78301	 0.57043
4.78635	 0.399827
4.78968	 0.490925
4.79301	 0.526171
4.79635	 0.463236
4.79968	 0.621953
4.80301	 0.896847
4.80635	 0.493103
4.80968	 0.624276
4.81301	 0.453543
4.81635	 0.406305
4.81968	 1.02158
4.82301	 0.650029
4.82634	 0.625529
4.82968	 0.441087
4.83301	 0.175965
4.83634	 0.40056
4.83968	 0.59109
4.84301	 0.730079
4.84634	 0.536016
4.84968	 0.598021
4.85301	 0.467379
4.85634	 0.734985
4.85968	 0.47793
4.86301	 0.403242
4.86634	 0.570115
4.86968	 0.516812
4.87301	 0.754991
4.87634	 0.650272
4.87967	 0.595366
4.88301	 0.467459
4.88634	 0.536176
4.88967	 0.643045
4.89301	 0.465801
4.89634	 0.588283
4.89967	 0.676803
4.90301	 0.806783
4.90634	 0.81815
4.90967	 0.543459
4.91301	 0.500163
4.91634	 0.551613
4.91967	 0.496152
4.92301	 0.486838
4.92634	 0.532888
4.92967	 0.715414
4.933	 0.515262
4.93634	 0.784541
4.93967	 0.550775
4.943	 0.59089
4.94634	 0.559159
4.94967	 0.367036
4.953	 0.512979
4.95634	 0.563592
4.95967	 0.648183
4.963	 0.688346
4.96634	 0.519886
4.96967	 0.467195
4.973	 0.739341
4.97633	 0.571927
4.97967	 0.493072
4.983	 0.477726
4.98633	 0.796136
4.98967	 0.462213
4.993	 0.573088
4.99633	 0.432431
