#Time [1ns] 	 Re(Es) 	 Im(Es) 	 |Es|^2 	 rho 	 w
0	-988.496211	-1764.14557	-1151.2616	-854.046653	0.54694126	1.23181778e+13
1e-11	-2013.34288	-47.2286044	-611.125357	-628.982592	0.547077096	1.25600591e+13
2e-11	-2439.67295	-98.5870014	-295.566921	1566.31859	0.5473099	1.27793208e+13
3e-11	-1181.60912	-2961.12359	546.84711	399.218823	0.547628088	1.29781751e+13
4e-11	-1038.8296	-2683.43898	-1487.54447	-1082.33928	0.548012211	1.3158614e+13
5e-11	-468.028886	-1776.33914	-1617.27106	-3898.22261	0.548431316	1.33224321e+13
6e-11	-332.833016	306.755153	-739.643924	-2484.81541	0.548920719	1.34712366e+13
7e-11	-203.197374	-57.5709474	-906.944496	-4269.62905	0.549474073	1.36065218e+13
8e-11	803.173756	-901.110235	-2409.73129	-5089.20811	0.549981832	1.3729582e+13
9e-11	1192.68116	-905.40163	-2784.2962	-4427.01441	0.550481676	1.38415311e+13
1e-10	666.962022	-2097.49755	-2364.27348	-2188.79221	0.551097737	1.3943475e+13
1.1e-10	458.688696	-2556.40381	-666.585674	-2142.30286	0.551790161	1.4036461e+13
1.2e-10	-734.900094	-1956.03602	54.8461755	-4053.20831	0.552472476	1.41213712e+13
1.3e-10	-2243.3422	-1036.95276	1146.07474	-4747.71479	0.553134834	1.41989518e+13
1.4e-10	-1637.31217	-2372.86302	224.532433	-4558.31123	0.553780026	1.42698743e+13
1.5e-10	-1682.0494	-2720.29459	596.718776	-4102.33494	0.554431102	1.43347737e+13
1.6e-10	-2681.53201	-2897.5646	1102.81318	-4093.77323	0.555104605	1.43942311e+13
1.7e-10	-2124.79019	-1702.94444	418.021743	-5371.17656	0.555704126	1.44487368e+13
1.8e-10	-2182.9543	-2187.49078	-472.967813	-4523.3288	0.55631304	1.44987179e+13
1.9e-10	-2126.35806	-1650.78046	-1962.11823	-5272.70407	0.557004486	1.45446593e+13
2e-10	-3013.54622	-738.899123	-579.729262	-7339.09164	0.557641826	1.45869627e+13
2.1e-10	-3138.6551	-2424.02844	-1426.42345	-6970.42133	0.558099521	1.46258415e+13
2.2e-10	-2799.15526	-413.089342	-2307.93983	-4349.62815	0.558656076	1.46615676e+13
2.3e-10	-424.820941	-565.440741	-3994.04668	-5357.47917	0.559295765	1.46945611e+13
2.4e-10	1414.85458	-596.179884	-2797.28654	-6385.46865	0.559905616	1.47250858e+13
2.5e-10	-149.594776	433.696852	-2797.49614	-5439.30529	0.560487897	1.47533516e+13
2.6e-10	-1472.15177	1436.33813	-3135.19832	-5652.57713	0.561102096	1.47795794e+13
2.7e-10	-1941.59713	138.550194	-4419.4049	-4593.59808	0.561683831	1.48039448e+13
2.8e-10	-1817.30871	274.554338	-3568.36822	-4607.43204	0.562305979	1.48266309e+13
2.9e-10	-1808.50269	-540.30754	-2072.13348	-4025.39807	0.562948812	1.48478286e+13
3e-10	-866.692564	-40.4246441	-2295.69816	-2925.65597	0.563661534	1.48677342e+13
3.1e-10	346.220145	134.166141	-1130.26687	-2809.6778	0.564418904	1.48865176e+13
3.2e-10	1214.50081	-54.7479737	-3264.419	-1074.5586	0.565199194	1.49043224e+13
3.3e-10	1706.46987	-776.880386	-3496.67032	689.553892	0.565937115	1.49212304e+13
3.4e-10	1971.82777	-1804.53803	-2830.24759	-734.749928	0.566643299	1.49372906e+13
3.5e-10	4041.97903	-915.512986	-2923.95372	-219.468902	0.567291057	1.49525461e+13
3.6e-10	6478.00264	-214.501168	-3745.95353	1677.20909	0.567786196	1.49669826e+13
3.7e-10	4060.34218	-1299.66661	-4156.21815	2253.26904	0.568231162	1.4980517e+13
3.8e-10	4943.89874	-1659.21499	-3489.63586	3780.31015	0.568634918	1.49932441e+13
3.9e-10	3951.18739	-111.152424	-4567.98239	4043.50425	0.569026107	1.50051821e+13
4e-10	3809.13828	-727.951748	-6271.91883	5579.72743	0.56932295	1.50163797e+13
4.1e-10	2307.43378	-910.444982	-7197.62122	5733.23817	0.569422126	1.5026729e+13
4.2e-10	886.040868	-2096.20191	-5779.83992	5041.89609	0.569649431	1.50362584e+13
4.3e-10	385.439759	-2902.635	-6792.97176	4782.86799	0.569926214	1.50451822e+13
4.4e-10	961.472519	-2241.91378	-4864.6763	4530.60819	0.570221858	1.50535447e+13
4.5e-10	-134.434099	-2135.79805	-6109.71595	4654.08512	0.570506965	1.50614479e+13
4.6e-10	440.598983	-3253.26149	-5680.64096	2939.28378	0.570840919	1.50689164e+13
4.7e-10	1920.56218	-2922.34797	-5421.94614	4424.24012	0.571142543	1.5076033e+13
4.8e-10	1938.31297	-3586.35384	-5858.38707	2876.17652	0.571456082	1.50827891e+13
4.9e-10	777.435011	-2423.97167	-5251.90894	3271.4996	0.571834848	1.50892502e+13
5e-10	159.034039	-2278.28073	-4599.68131	3850.35597	0.572258271	1.50955407e+13
5.1e-10	1073.01549	-1371.84397	-2873.01838	3449.73008	0.572716622	1.51016826e+13
5.2e-10	1362.17531	-473.589773	-3504.54692	4461.15455	0.573248301	1.51077693e+13
5.3e-10	2010.85803	-189.038761	-5039.05965	5052.37888	0.573546921	1.51137372e+13
5.4e-10	2006.86775	-925.202406	-5371.98815	6528.0142	0.573653129	1.51193702e+13
5.5e-10	2118.62512	-403.301509	-5560.50013	7079.9547	0.573690613	1.51245388e+13
5.6e-10	-431.147668	-1165.98904	-4577.45178	6346.84394	0.573877868	1.51293117e+13
5.7e-10	1821.534	-1361.13244	-3833.29787	8222.13145	0.574027801	1.5133851e+13
5.8e-10	2150.37005	-2309.93469	-2606.7232	9293.57732	0.574039538	1.51380504e+13
5.9e-10	1462.23192	-214.881654	-2968.12781	9998.75216	0.573979004	1.51418315e+13
6e-10	914.444981	-1369.50994	-2681.79717	11031.1394	0.57378359	1.51451508e+13
6.1e-10	592.716164	-1183.35691	-2909.44374	8892.3632	0.57362486	1.51479445e+13
6.2e-10	-870.982067	-75.1359989	-1645.20274	5972.77386	0.573850794	1.51504862e+13
6.3e-10	424.611456	-286.848883	-312.25361	6322.17546	0.574233113	1.51531393e+13
6.4e-10	567.069635	-677.374972	-1010.87013	7932.56179	0.574486507	1.51558929e+13
6.5e-10	3055.80007	-1319.07476	-2058.46987	9078.88792	0.574500675	1.51585346e+13
6.6e-10	2893.7269	-1244.27193	-1629.68633	9760.17385	0.574407662	1.5160882e+13
6.7e-10	3054.51619	-611.313113	-605.5809	9203.79316	0.574289018	1.51628955e+13
6.8e-10	3989.09386	-829.595588	364.461545	8795.67615	0.574223767	1.51646371e+13
6.9e-10	4855.47803	-1018.60098	1829.22739	7947.43651	0.574258486	1.51661811e+13
7e-10	5304.33377	-2870.57009	1480.92437	8164.86287	0.574274943	1.51676239e+13
7.1e-10	4456.19219	-4056.41465	2130.98835	7420.43885	0.574261568	1.5168927e+13
7.2e-10	4369.52557	-5237.89159	1381.38671	7601.26847	0.57425284	1.51701071e+13
7.3e-10	4215.20148	-3242.68254	2199.69791	5322.44982	0.574291056	1.51711579e+13
7.4e-10	2087.19946	-3269.04561	3025.83019	4279.72182	0.574642198	1.51723124e+13
7.5e-10	1533.34248	-2541.92722	1976.36119	2725.0282	0.575072346	1.51737627e+13
7.6e-10	46.4953303	-1473.3743	1086.11705	2353.98368	0.575658086	1.51755891e+13
7.7e-10	-312.078001	-1681.93445	330.453511	1304.03804	0.576262404	1.51778575e+13
7.8e-10	1940.86251	-2112.57908	1601.07489	699.646701	0.576879883	1.51805421e+13
7.9e-10	226.051003	-2024.19142	606.133166	756.353882	0.577453576	1.51835808e+13
8e-10	797.656035	-2443.24377	-1672.96909	1086.16354	0.578040072	1.51869398e+13
8.1e-10	319.129249	-2399.33958	-1428.34615	1868.41998	0.578581365	1.51905621e+13
8.2e-10	104.114455	-2022.4348	-1423.00243	1639.57285	0.579091458	1.51943827e+13
8.3e-10	-497.903185	-3691.46963	635.014482	1048.51984	0.579599954	1.51983834e+13
8.4e-10	-270.478123	-3414.60911	1926.79278	2080.46466	0.580034396	1.52024993e+13
8.5e-10	-1125.48212	-4185.42479	3654.15679	2374.41216	0.58038235	1.52066469e+13
8.6e-10	-1991.45362	-4471.78104	3506.24556	3249.99256	0.580579339	1.52106894e+13
8.7e-10	-1969.14161	-5400.87234	3298.86467	1674.72348	0.580786347	1.52145553e+13
8.8e-10	-1843.47137	-6758.60625	3684.83403	278.859703	0.580874974	1.52182291e+13
8.9e-10	-656.750951	-5728.0495	3093.5358	-2984.5007	0.580957805	1.52216422e+13
9e-10	-1086.41602	-5578.31284	4120.54533	-3509.92226	0.58107197	1.52248502e+13
9.1e-10	-2833.82868	-4555.36022	4919.31078	-1985.39025	0.581118076	1.52278494e+13
9.2e-10	-3791.83684	-4485.76234	4221.5609	-3784.38587	0.58112166	1.52306066e+13
9.3e-10	-4962.2089	-4102.54138	4392.56182	-4647.22778	0.581111385	1.52331053e+13
9.4e-10	-5465.83918	-3509.32675	3748.76129	-5744.65443	0.580971808	1.52353091e+13
9.5e-10	-6427.80699	-4785.79161	2620.69123	-8962.6228	0.580586052	1.52370833e+13
9.6e-10	-7066.77872	-4848.66242	1977.01237	-10516.1826	0.579734141	1.52380696e+13
9.7e-10	-6119.22631	-4944.89413	1562.34973	-10374.5515	0.578981223	1.52380742e+13
9.8e-10	-5364.32168	-3473.48031	3343.60001	-10907.9191	0.578198048	1.52373317e+13
9.9e-10	-5211.58633	-3786.81396	3703.03063	-11166.3128	0.577336996	1.52358065e+13
1e-09	-5772.91949	-3835.76855	5439.88659	-11451.0995	0.576498272	1.52335757e+13
1.01e-09	-5770.35057	-3329.47679	4398.14907	-12655.3215	0.575530491	1.52306166e+13
1.02e-09	-6502.87033	-1678.29386	2683.09907	-13388.6847	0.574224342	1.52267937e+13
1.03e-09	-6879.36481	-2193.49809	3634.26802	-15103.4899	0.573003705	1.52220417e+13
1.04e-09	-8405.37904	-3971.03438	4546.04621	-14282.1033	0.571597323	1.52163823e+13
1.05e-09	-6439.0432	-6395.91812	3114.80549	-13656.4299	0.570314106	1.52098466e+13
1.06e-09	-5399.03024	-5663.72875	2758.42264	-13502.595	0.569094677	1.52026383e+13
1.07e-09	-3711.57854	-5816.37852	2200.0137	-11465.5673	0.568389539	1.51950589e+13
1.08e-09	-4325.458	-5788.18009	958.024717	-9257.80885	0.568108869	1.51876929e+13
1.09e-09	-4097.95653	-3533.29785	353.67399	-10119.0366	0.568040854	1.51808393e+13
1.1e-09	-4625.41834	-2027.71829	877.744789	-8225.12048	0.568120419	1.51745879e+13
1.11e-09	-4588.36033	209.031033	150.834371	-8025.29654	0.568459185	1.5169146e+13
1.12e-09	-3792.28405	634.961834	738.107947	-7222.25013	0.568733679	1.51645292e+13
1.13e-09	-4194.78968	970.693998	-869.152099	-7384.19244	0.569047802	1.51606405e+13
1.14e-09	-3977.64586	-514.902108	-643.886048	-7883.57025	0.569303369	1.51574137e+13
1.15e-09	-3999.38571	16.2891747	-2386.52163	-8216.39567	0.56951632	1.51547286e+13
1.16e-09	-3702.37544	341.451146	-2992.84866	-6762.94413	0.569754502	1.51524977e+13
1.17e-09	-4353.35171	462.883757	-4367.10926	-4419.39409	0.570170808	1.51508019e+13
1.18e-09	-2275.06916	-108.428594	-4862.69035	-1365.95242	0.570648485	1.51497071e+13
1.19e-09	-556.914185	-384.458905	-6309.75764	-208.428993	0.571187128	1.51492536e+13
1.2e-09	-385.175552	138.585093	-6977.08489	151.720538	0.571611603	1.51493332e+13
1.21e-09	124.898171	359.112172	-8094.94439	2151.35665	0.571945536	1.51498028e+13
1.22e-09	-395.5055	-7.27995883	-5898.43318	3115.22396	0.572157335	1.51504901e+13
1.23e-09	21.6972497	1451.43631	-6377.68262	3165.7551	0.572556928	1.51514246e+13
1.24e-09	769.450612	992.039275	-7100.00657	1657.91689	0.572875737	1.51526447e+13
1.25e-09	2794.27739	391.106013	-8462.21935	881.038455	0.573129771	1.51540621e+13
1.26e-09	2977.16945	442.272992	-10422.2704	1721.3907	0.573091965	1.51554782e+13
1.27e-09	1984.14585	420.469523	-10393.8452	2151.24547	0.572912194	1.51566332e+13
1.28e-09	864.191988	357.535898	-9853.19788	3844.90718	0.572703138	1.51574877e+13
1.29e-09	2191.45324	1166.13379	-9591.29512	1434.22483	0.572689974	1.51581331e+13
1.3e-09	2117.02186	522.092938	-9147.09862	2205.10283	0.572699525	1.51587161e+13
1.31e-09	3089.0538	505.070066	-8753.65762	2556.93561	0.572691066	1.5159257e+13
1.32e-09	3948.73612	1296.72761	-9033.94488	4129.00967	0.572710016	1.51597637e+13
1.33e-09	3339.21298	-179.311821	-7769.04478	4098.3503	0.572639002	1.51601673e+13
1.34e-09	4646.38414	-353.111609	-7435.91136	5410.87289	0.572725993	1.51605635e+13
1.35e-09	5508.70694	169.469769	-8960.39374	5879.90248	0.572582901	1.51609086e+13
1.36e-09	3743.35311	-865.105896	-7508.33838	6414.92055	0.57231635	1.51609925e+13
1.37e-09	4615.80002	424.095305	-7273.4845	7549.02231	0.572092498	1.51608427e+13
1.38e-09	5220.38555	-268.363042	-9268.85072	9251.95489	0.571698031	1.51604198e+13
1.39e-09	5794.15765	650.410068	-8503.40512	10497.5668	0.57093714	1.51594487e+13
1.4e-09	6727.03772	1544.20988	-6472.59833	10991.4707	0.570242932	1.51577998e+13
1.41e-09	6053.25613	1685.43087	-6663.06612	11960.3264	0.569510024	1.51556043e+13
1.42e-09	6194.25553	920.509472	-6293.62445	11962.3861	0.568650389	1.51527811e+13
1.43e-09	5823.35418	-434.465928	-5778.184	10354.3609	0.568017275	1.51494355e+13
1.44e-09	5750.61938	-1615.15826	-5341.59329	7986.96431	0.567803471	1.51459512e+13
1.45e-09	5111.88588	-2796.1455	-5404.55792	8902.61816	0.567726367	1.51426604e+13
1.46e-09	4381.77381	-2458.53822	-5772.31685	12374.3537	0.567419679	1.51395338e+13
1.47e-09	4997.53745	-2008.80581	-5734.16339	12792.2675	0.566887428	1.5136228e+13
1.48e-09	4278.08468	-2599.64116	-3523.44414	13199.6836	0.56634853	1.51326873e+13
1.49e-09	1336.00598	-4073.25945	-3606.86749	12475.2726	0.565862962	1.51289498e+13
1.5e-09	-144.660539	-3494.48539	-1898.4237	10286.2488	0.565752454	1.51252123e+13
1.51e-09	198.909438	-3009.44528	-1804.40409	10644.5429	0.565814209	1.51218297e+13
1.52e-09	637.37186	-3960.42384	245.074949	11858.0974	0.565814332	1.51188006e+13
1.53e-09	83.5617686	-3178.95385	-1663.03447	12933.0578	0.565582549	1.5115936e+13
1.54e-09	830.64102	-2717.46756	-260.899851	11320.2592	0.565404318	1.51131107e+13
1.55e-09	1290.19919	-429.477412	-621.843121	10574.4631	0.565480625	1.51104877e+13
1.56e-09	1500.95854	-716.134007	-1042.67108	10111.5425	0.565652454	1.5108233e+13
1.57e-09	2371.07064	-735.632695	-648.663891	10052.9926	0.565781613	1.51063711e+13
1.58e-09	3190.63829	-880.201832	361.450472	10473.1253	0.565873424	1.51047907e+13
1.59e-09	2725.27527	-546.374723	297.924166	7800.77809	0.56613708	1.51034802e+13
1.6e-09	2839.30771	-2296.514	1310.00763	9402.18277	0.566427835	1.51026366e+13
1.61e-09	2808.09998	-1733.73529	1644.97413	7927.4987	0.566673139	1.51021067e+13
1.62e-09	1817.70449	-1003.6348	441.482274	8083.29683	0.566992439	1.51019188e+13
1.63e-09	2469.78712	-1862.82439	307.694836	7181.41399	0.56737327	1.51020961e+13
1.64e-09	3051.0403	-152.081676	425.974646	6762.9403	0.567841153	1.51026915e+13
1.65e-09	2118.29994	1089.38225	-92.3588289	6213.41584	0.568309935	1.5103702e+13
1.66e-09	2165.38985	2440.77516	-792.541407	5951.53399	0.568809879	1.51051133e+13
1.67e-09	1945.89958	1130.13628	-610.572822	4629.70267	0.569329911	1.51068935e+13
1.68e-09	2180.42218	2806.14496	-994.707049	5891.29683	0.569866022	1.51090711e+13
1.69e-09	56.0101518	2446.52673	-257.957942	5053.04707	0.570350813	1.51115394e+13
1.7e-09	-216.604119	2197.64662	379.578375	4501.41492	0.570956216	1.51143393e+13
1.71e-09	-2000.24258	2708.4202	826.229814	4010.87764	0.571528717	1.51174874e+13
1.72e-09	-703.568633	2940.29239	1578.09532	3222.84307	0.572087543	1.51209116e+13
1.73e-09	-1007.65381	1957.80886	1494.58666	365.659508	0.572707061	1.51246068e+13
1.74e-09	1579.8304	-783.659199	1025.12696	-1449.32121	0.573386635	1.51286278e+13
1.75e-09	3024.95036	14.2905704	1405.4488	-2168.16126	0.574036934	1.51329531e+13
1.76e-09	3550.00462	-1257.53731	1285.3647	-6641.67009	0.574493599	1.51374709e+13
1.77e-09	5296.11379	8.63258722	-1205.02722	-7094.30609	0.574720922	1.51419115e+13
1.78e-09	6919.90763	1496.84395	733.098747	-9302.14645	0.574592631	1.51460234e+13
1.79e-09	7633.51651	155.573237	-1062.93199	-11840.7683	0.574079195	1.51494666e+13
1.8e-09	4990.74661	79.9610247	969.474047	-13565.0272	0.573306538	1.51518965e+13
1.81e-09	3560.72137	-1384.40117	4284.93341	-12744.965	0.57248915	1.51533021e+13
1.82e-09	2808.18478	1335.71183	4716.96603	-12254.3259	0.571997785	1.515387e+13
1.83e-09	3461.5102	463.430699	4463.05642	-12672.7778	0.571463741	1.51538981e+13
1.84e-09	3025.91657	-513.054048	6072.84377	-14199.5634	0.57066173	1.51532681e+13
1.85e-09	2819.66969	-335.710883	6280.95511	-12677.2782	0.569691928	1.51517627e+13
1.86e-09	4705.52259	-1059.4934	6671.08052	-12778.2365	0.568891342	1.51495193e+13
1.87e-09	3974.09322	-937.602515	4763.33399	-14240.3602	0.568030042	1.51466482e+13
1.88e-09	2988.62884	-1893.62664	4207.10893	-13047.2347	0.567355771	1.51432085e+13
1.89e-09	1921.48664	-1198.57075	4399.26722	-12611.3058	0.566890213	1.51395291e+13
1.9e-09	1887.95819	-1434.17837	4464.70059	-11564.6289	0.566511391	1.51357402e+13
1.91e-09	1408.85791	45.1554475	4710.88309	-12766.2972	0.566196138	1.51319768e+13
1.92e-09	2324.6362	375.044054	4428.8111	-13778.2541	0.565706025	1.5128182e+13
1.93e-09	1866.19827	-1191.58734	3453.9963	-12503.8663	0.565253322	1.51242092e+13
1.94e-09	981.628836	-1159.04161	3737.3875	-12927.0047	0.564944141	1.51202471e+13
1.95e-09	-170.265002	-2605.64395	3747.13711	-12754.6814	0.564629551	1.51163198e+13
1.96e-09	700.943643	-2488.10687	4471.34333	-11505.3894	0.56440386	1.5112482e+13
1.97e-09	1725.00464	-164.62791	3378.58176	-9288.45541	0.564418688	1.51088641e+13
1.98e-09	1955.31625	-620.712024	1404.4003	-10081.7254	0.564580405	1.51057016e+13
1.99e-09	684.406898	-787.436203	-115.878272	-8347.25251	0.564845888	1.51030238e+13
2e-09	432.45557	-1197.57973	-4198.74342	-5540.97656	0.565377118	1.51009833e+13
2.01e-09	-11.9566005	-745.311208	-5119.5166	-3950.17968	0.565937558	1.50996975e+13
2.02e-09	215.272984	-2338.75351	-6450.8288	-3004.87053	0.566513184	1.50991245e+13
2.03e-09	-213.533209	-3630.92705	-6769.93579	-1885.92039	0.566925258	1.50991051e+13
2.04e-09	-704.187594	-3309.94112	-6294.45931	787.428549	0.567365007	1.50995148e+13
2.05e-09	-1089.70311	-2682.15146	-8083.09674	956.703771	0.567715823	1.51003066e+13
2.06e-09	-1999.5231	-4599.90944	-9013.52758	1928.04866	0.567946594	1.51013246e+13
2.07e-09	-1749.45402	-4938.1814	-8562.12223	857.315713	0.567996617	1.5102369e+13
2.08e-09	-2864.58516	-4572.93596	-8393.84565	604.155517	0.568080843	1.51033955e+13
2.09e-09	-2329.86396	-3200.36536	-7148.20729	373.722376	0.568329085	1.51044674e+13
2.1e-09	-2805.00608	-3967.77245	-8325.33261	-115.016383	0.568589571	1.51057356e+13
2.11e-09	-1316.44245	-3444.37597	-8094.09024	-336.792739	0.568815923	1.51070984e+13
2.12e-09	-1293.69639	-1726.98515	-6255.14048	1030.65141	0.569177808	1.51086314e+13
2.13e-09	-2834.02145	-2586.81336	-5425.94415	1411.57599	0.56959731	1.51104315e+13
2.14e-09	-4289.12132	-1664.11548	-5843.03577	1131.8602	0.570032279	1.51125004e+13
2.15e-09	-4125.0591	-1917.56773	-6582.68409	1371.08546	0.570285318	1.51147374e+13
2.16e-09	-5098.51822	-2439.00592	-7390.58459	2803.029	0.570468001	1.51169963e+13
2.17e-09	-5318.00482	-1813.33816	-8263.68144	2172.69405	0.570567146	1.51191844e+13
2.18e-09	-3883.56479	-1723.28263	-9438.86518	4078.14864	0.570552861	1.51212281e+13
2.19e-09	-4243.45879	-1989.3001	-9909.24109	5535.16124	0.570390805	1.51229878e+13
2.2e-09	-3378.69634	-3218.03389	-7786.03121	7380.32322	0.570054426	1.51243203e+13
2.21e-09	-1790.77752	-4524.79442	-9308.64849	7818.14385	0.569794931	1.51252477e+13
2.22e-09	-1834.75749	-4350.33377	-9773.54296	10089.446	0.569113201	1.51256332e+13
2.23e-09	-649.845124	-4901.128	-8341.63498	10289.5703	0.56830615	1.51252053e+13
2.24e-09	-326.391082	-4786.99277	-7963.77404	10455.6807	0.567636513	1.51240806e+13
2.25e-09	-1090.84846	-4186.03063	-8064.89206	9446.13125	0.567147762	1.51224343e+13
2.26e-09	-42.7672927	-3574.56091	-8255.22271	9137.35858	0.566898372	1.51205671e+13
2.27e-09	304.710778	-6344.80748	-9388.37796	9614.27643	0.566470309	1.51185711e+13
2.28e-09	1263.30455	-5855.52187	-11550.6675	9573.19609	0.565659814	1.51161575e+13
2.29e-09	328.032831	-5031.18993	-11219.8301	11269.4229	0.56471396	1.51130614e+13
2.3e-09	65.1786026	-6473.64465	-11959.1819	13119.2264	0.56366965	1.51092758e+13
2.31e-09	-38.3419813	-4940.53263	-11819.1614	12139.5166	0.56251198	1.5104658e+13
2.32e-09	-346.389969	-5516.20989	-9105.75523	13281.6816	0.561422509	1.50993547e+13
2.33e-09	-352.811651	-4937.72494	-7626.79801	13351.9696	0.560676519	1.50935882e+13
2.34e-09	-1042.04201	-5313.30655	-8205.89061	14960.5666	0.559969046	1.50876673e+13
2.35e-09	-726.1958	-4927.29652	-5667.91998	13834.6142	0.559227509	1.50815088e+13
2.36e-09	-452.252488	-3911.50997	-5251.45348	12362.241	0.558926113	1.50753805e+13
2.37e-09	-622.969093	-3872.94082	-3607.65508	12748.015	0.558717077	1.5069601e+13
2.38e-09	-1449.00891	-3314.99159	-3743.74533	13199.3311	0.558502364	1.50641532e+13
2.39e-09	-640.242364	-5255.06916	-3217.78385	12772.1145	0.558329618	1.50590154e+13
2.4e-09	183.019957	-3213.51843	-1936.80664	11983.9605	0.558354069	1.50542475e+13
2.41e-09	-437.80635	-2060.76562	-1993.88038	11608.9262	0.558512303	1.50500309e+13
2.42e-09	-1472.31827	-475.668212	-1010.05144	9978.23834	0.558830163	1.50464326e+13
2.43e-09	-194.743101	-137.625713	7.48115588	10169.2011	0.559166118	1.50435174e+13
2.44e-09	32.9627203	141.780678	783.369387	8062.98947	0.559676771	1.50412687e+13
2.45e-09	1731.81041	-424.59978	868.227201	8724.32493	0.560218248	1.50397907e+13
2.46e-09	577.05609	-1188.73245	-367.89488	8742.81861	0.560720818	1.50389721e+13
2.47e-09	2677.33931	-1694.6486	-1126.17979	8915.39216	0.561151043	1.50387139e+13
2.48e-09	1959.47388	-1032.13193	-1470.78758	7652.75732	0.561606982	1.50389012e+13
2.49e-09	2118.23395	755.580093	-2071.95408	7960.33203	0.562142304	1.50395972e+13
2.5e-09	1511.22885	1880.22446	-4021.11826	7477.05165	0.562606533	1.50407176e+13
2.51e-09	241.437972	2306.77523	-4243.73748	7178.71321	0.563060834	1.50422048e+13
2.52e-09	-0.00693982117	2104.214	-1334.79103	6399.41758	0.563597227	1.50440232e+13
2.53e-09	-2467.44334	2281.15597	31.1371959	5091.20774	0.564249228	1.5046282e+13
2.54e-09	-1831.80417	2199.92957	1189.62469	3545.34846	0.564922888	1.50489976e+13
2.55e-09	-89.0055832	4087.52347	1343.71278	268.193	0.565691958	1.5052189e+13
2.56e-09	-991.663693	6412.59052	381.521094	102.899263	0.566360391	1.50558292e+13
2.57e-09	-499.453235	5067.08988	727.566695	-240.742335	0.566998216	1.50597679e+13
2.58e-09	-440.05806	4962.11906	880.544146	-2299.14669	0.567640795	1.5063995e+13
2.59e-09	340.589896	3714.57109	216.938771	-6274.08832	0.568210686	1.50684589e+13
2.6e-09	1189.73641	1925.3434	-481.673582	-7867.99821	0.568624716	1.50730087e+13
2.61e-09	2639.28332	4256.18891	-588.089587	-7867.86205	0.568893118	1.50774965e+13
2.62e-09	1742.18672	3282.86279	-703.101996	-9305.64346	0.569057264	1.50817763e+13
2.63e-09	124.772391	3422.21104	-40.7716558	-11401.4276	0.568918258	1.50857069e+13
2.64e-09	143.299588	1101.57193	542.857327	-10886.6744	0.568787083	1.50891008e+13
2.65e-09	-778.059588	1741.42323	2723.62776	-13059.9594	0.56857264	1.50920648e+13
2.66e-09	17.5435587	2563.15868	3184.16697	-13773.3342	0.568052787	1.50943734e+13
2.67e-09	-604.424007	2240.51048	1603.38268	-14657.5086	0.567401148	1.50958541e+13
2.68e-09	-2652.9852	2852.72203	1690.94896	-13791.134	0.566638985	1.50964813e+13
2.69e-09	-2515.00211	1554.12484	592.629853	-15656.7278	0.565954029	1.50963404e+13
2.7e-09	-3165.15703	364.489507	1192.0233	-15356.5623	0.565145821	1.50954621e+13
2.71e-09	-2358.12567	1129.59951	2253.5523	-15408.3507	0.564474029	1.5093881e+13
2.72e-09	-60.3760471	1899.12581	1916.23166	-17134.8991	0.563652761	1.50917082e+13
2.73e-09	-296.021694	1754.80289	1894.38089	-17902.3882	0.562521393	1.50887628e+13
2.74e-09	-457.751862	2218.36787	2589.31072	-18244.9494	0.561405837	1.50849422e+13
2.75e-09	-1076.81923	1589.01908	2203.89496	-17553.3031	0.56036094	1.50803504e+13
2.76e-09	-209.197861	3312.41569	2258.14089	-16715.0109	0.559371755	1.50751889e+13
2.77e-09	218.98694	1923.26623	2146.74259	-16053.5325	0.558610545	1.50696051e+13
2.78e-09	-1637.55909	254.153569	-263.14784	-15417.1494	0.558063802	1.50638739e+13
2.79e-09	-104.276102	138.375075	919.145729	-15478.7887	0.557602186	1.50581841e+13
2.8e-09	1596.20003	351.057759	-478.854631	-14764.8589	0.557248117	1.50526067e+13
2.81e-09	142.740984	-542.816971	-1594.52579	-12386.6984	0.557109682	1.50472571e+13
2.82e-09	1788.4826	-839.03399	-3227.81992	-10274.5643	0.557401466	1.50424718e+13
2.83e-09	1890.75596	-1753.00517	-4285.37867	-10340.4178	0.557719321	1.503848e+13
2.84e-09	663.986886	-1101.96118	-3787.12143	-9696.20538	0.558089956	1.50351801e+13
2.85e-09	1069.88403	812.845478	-4432.24629	-7672.80496	0.558531454	1.5032597e+13
2.86e-09	-614.151658	-662.291291	-5767.24491	-6704.63539	0.559049605	1.50307609e+13
2.87e-09	-1590.49083	-918.779188	-4035.59231	-3890.59325	0.559749384	1.5029672e+13
2.88e-09	-1548.20485	1547.03786	-5164.5336	-5125.7015	0.560447418	1.50294224e+13
2.89e-09	-1492.83414	1442.81896	-6500.58294	-2805.45387	0.561066233	1.50298477e+13
2.9e-09	-1934.01158	1662.70262	-5471.61986	-2947.44007	0.561723018	1.50308844e+13
2.91e-09	-2752.25038	745.784086	-5321.35041	-1726.29156	0.562395669	1.50324866e+13
2.92e-09	-3371.19743	2198.09889	-7798.52201	-570.088882	0.562956809	1.50345918e+13
2.93e-09	-1665.73477	4641.63681	-8620.25338	-508.917827	0.563330845	1.50369685e+13
2.94e-09	-482.357187	4595.07084	-8727.62218	-1404.22807	0.563574753	1.50394285e+13
2.95e-09	185.658708	3145.18075	-9013.86934	-534.948268	0.563856948	1.50419242e+13
2.96e-09	1323.42093	4229.35575	-9319.02149	1479.63905	0.564120245	1.5044468e+13
2.97e-09	-137.542496	3822.94418	-12742.1859	1781.78386	0.564165911	1.50469778e+13
2.98e-09	1592.71687	2776.69083	-12904.0835	2054.4067	0.563945048	1.50491425e+13
2.99e-09	1125.46131	3167.21887	-14171.1269	3262.52338	0.563523804	1.5050801e+13
3e-09	833.759067	4397.38307	-15771.1254	3300.94696	0.562829676	1.50517772e+13
3.01e-09	2497.66674	2033.33593	-16316.479	4197.42359	0.561955778	1.50518446e+13
3.02e-09	1695.77269	1075.86075	-15150.5853	4908.06781	0.561189297	1.50510489e+13
3.03e-09	687.380901	295.358988	-14648.5381	5188.76827	0.560651717	1.50496565e+13
3.04e-09	645.111136	-441.199899	-14270.0389	7464.93709	0.560071718	1.50478609e+13
3.05e-09	922.818724	1212.73954	-14040.7937	8217.89857	0.559433349	1.50456014e+13
3.06e-09	469.007419	483.837384	-13512.0262	8202.38277	0.558921273	1.50429655e+13
3.07e-09	1565.40794	1707.18892	-13922.4595	8094.12873	0.558372839	1.50400624e+13
3.08e-09	1622.83278	1551.04963	-14071.8451	9464.41024	0.557676509	1.50368204e+13
3.09e-09	988.619823	2378.87261	-11573.45	8150.55625	0.55716064	1.50331863e+13
3.1e-09	1348.15839	-1104.65683	-12620.7718	9428.22701	0.556785846	1.50295186e+13
3.11e-09	158.431514	1849.50647	-12136.7267	10176.5243	0.556412656	1.50257723e+13
3.12e-09	-9.5707703	-363.655566	-12313.5077	11355.4011	0.555948928	1.50219876e+13
3.13e-09	1247.77428	843.250914	-11425.2829	12222.0274	0.555430429	1.50180492e+13
3.14e-09	-1707.19352	1047.70273	-10962.7729	15653.5938	0.554606852	1.50138557e+13
3.15e-09	-2765.75301	-859.72877	-9423.80071	15193.5422	0.553760751	1.50091481e+13
3.16e-09	-1585.3806	-491.770747	-8452.5701	14315.7629	0.553106935	1.50041473e+13
3.17e-09	-730.838436	258.173511	-6758.92306	14384.1364	0.552865415	1.49991292e+13
3.18e-09	-20.6620116	513.252952	-6499.63959	16109.7547	0.552562506	1.49943507e+13
3.19e-09	348.522461	-440.37711	-5566.76158	16409.9008	0.552023805	1.4989572e+13
3.2e-09	-1496.21482	-1585.8049	-6223.28197	16892.7306	0.551504679	1.49847347e+13
3.21e-09	-2149.36516	567.127109	-3719.85059	15413.3691	0.551112633	1.49798397e+13
3.22e-09	-2230.58166	1356.77878	-5229.55684	15758.475	0.55087766	1.49751356e+13
3.23e-09	-2067.81396	1462.48681	-3221.51159	13907.9755	0.550810248	1.49706693e+13
3.24e-09	-3411.87615	1273.83099	-2889.8564	14033.4802	0.550837976	1.49666356e+13
3.25e-09	-2485.38066	1496.15395	-906.648511	10312.5848	0.551148938	1.4963086e+13
3.26e-09	-1521.77449	2534.16627	977.299422	9103.85656	0.551765763	1.49603701e+13
3.27e-09	-453.203958	2366.66137	183.491272	9384.00177	0.552384475	1.49585393e+13
3.28e-09	-86.8081356	566.412587	242.993773	9194.27641	0.553049805	1.49575065e+13
3.29e-09	-1155.98835	90.5355884	859.214347	10319.4847	0.55363903	1.49572183e+13
3.3e-09	-1472.15894	-536.618799	1118.64656	9247.94385	0.554167447	1.49575078e+13
3.31e-09	-2051.47648	-1527.0184	-391.985285	8549.8157	0.554789457	1.4958344e+13
3.32e-09	-3713.47027	-2963.63812	-912.861101	8192.35371	0.555356549	1.49597125e+13
3.33e-09	-2528.11821	-2412.2797	-1639.44715	9443.93326	0.555816547	1.49614819e+13
3.34e-09	-878.488321	-2458.48791	-1127.60126	9901.02815	0.556287164	1.49635327e+13
3.35e-09	-266.243238	-1139.99465	-204.049238	7644.32925	0.55683507	1.49658825e+13
3.36e-09	-1100.77102	-783.051321	974.18827	5601.68502	0.557614081	1.49686803e+13
3.37e-09	990.576132	-1780.69859	919.269632	6602.28451	0.55838954	1.49720098e+13
3.38e-09	1003.65549	-2165.1756	696.813911	5975.04654	0.559115608	1.49757797e+13
3.39e-09	1325.62106	-1952.15176	2601.83306	5800.30896	0.559823001	1.49799212e+13
3.4e-09	1519.37638	-469.308751	-230.013053	5121.52064	0.560628554	1.49844214e+13
3.41e-09	1375.08811	-683.788676	-1312.4344	2174.89516	0.561462906	1.49893191e+13
3.42e-09	397.883681	-676.66286	-1577.4938	-1168.65921	0.562387928	1.49946487e+13
3.43e-09	656.374402	428.012632	-49.6730672	-2744.77223	0.563275042	1.5000402e+13
3.44e-09	1223.63284	910.356314	-1523.91833	-3383.22214	0.564132857	1.5006502e+13
3.45e-09	3056.6651	1075.44883	-1340.90713	-2967.48325	0.564899396	1.50128524e+13
3.46e-09	3637.20876	2516.59492	-2287.67317	-3764.51794	0.565610077	1.50193601e+13
3.47e-09	4561.17185	2256.23339	279.868286	-6309.68498	0.566128687	1.5025903e+13
3.48e-09	3521.68896	2524.51827	-310.014386	-7540.03435	0.566463069	1.50322666e+13
3.49e-09	5098.0924	2121.3673	512.044363	-8740.30998	0.566679032	1.50383324e+13
3.5e-09	5277.01045	2048.91258	-1509.29406	-11350.4106	0.566657652	1.50439543e+13
3.51e-09	4869.86627	2195.23365	-940.303555	-13006.2267	0.56626146	1.50488508e+13
3.52e-09	2923.53982	675.634243	-252.151319	-16041.2766	0.565656364	1.50528025e+13
3.53e-09	3889.69052	1090.5611	95.9556718	-15333.699	0.564757956	1.50555993e+13
3.54e-09	2199.98745	1035.37428	-637.927787	-17277.0314	0.563930252	1.50572821e+13
3.55e-09	936.362087	877.789639	328.465698	-16576.5958	0.562793396	1.50577968e+13
3.56e-09	2611.07903	-347.677071	-1556.53883	-15398.0537	0.561968374	1.50572586e+13
3.57e-09	5217.43774	-1109.30596	-687.741588	-15737.1702	0.561285058	1.50560313e+13
3.58e-09	5190.6831	-1722.66882	-540.809572	-18388.8519	0.560205055	1.50540776e+13
3.59e-09	5793.78355	-1166.64906	-1162.72335	-17449.753	0.559129807	1.50511428e+13
3.6e-09	4589.53253	-1076.72659	-65.736076	-17566.3362	0.55793667	1.50473675e+13
3.61e-09	5317.39119	-2153.93662	-1198.57354	-17643.509	0.556953512	1.50428573e+13
3.62e-09	6097.8107	-2445.98776	-1691.69521	-17953.2227	0.556007263	1.50377789e+13
3.63e-09	4920.83893	-2762.06457	-2385.4334	-17411.1822	0.554963605	1.50321808e+13
3.64e-09	4096.18093	-4119.12828	-2485.46636	-15419.9168	0.554329341	1.50262077e+13
3.65e-09	2748.83772	-3071.40933	-2691.8774	-14676.4626	0.554131708	1.50203647e+13
3.66e-09	3089.08592	-1608.34003	-1575.49684	-12794.3504	0.554135873	1.50149622e+13
3.67e-09	4003.78515	-1993.53714	-2058.094	-9969.97497	0.554367446	1.50101787e+13
3.68e-09	2116.74607	-550.350681	-3000.07405	-9761.85076	0.554844845	1.50062186e+13
3.69e-09	1442.74138	1112.3814	-3772.77732	-7682.53107	0.555455395	1.50031499e+13
3.7e-09	364.875837	562.926816	-4401.37991	-5614.39977	0.556148485	1.50010361e+13
3.71e-09	1291.89706	577.487001	-3620.15085	-4686.11739	0.556919686	1.49998591e+13
3.72e-09	692.693876	-483.263595	-3718.05031	-4741.76889	0.557735876	1.49995869e+13
3.73e-09	1283.98961	-289.469689	-3121.30674	-3349.23109	0.558618777	1.50001839e+13
3.74e-09	-457.420716	-410.832213	-3518.32705	-4291.69907	0.559491155	1.50016249e+13
3.75e-09	-1023.37413	1504.70224	-3652.64959	-2629.38344	0.560352487	1.50037897e+13
3.76e-09	899.874664	3815.64767	-4895.72131	-2250.7302	0.561120014	1.50065945e+13
3.77e-09	720.09861	3043.41993	-6487.00486	-604.55777	0.561738851	1.50098353e+13
3.78e-09	-54.2027608	893.627891	-6934.44848	-880.925539	0.562355481	1.50133972e+13
3.79e-09	-1064.92849	-123.990122	-9223.54522	-1149.68091	0.562826953	1.5017195e+13
3.8e-09	1667.4373	656.171747	-12428.9309	-76.19869	0.563006376	1.50209946e+13
3.81e-09	1580.31519	-1410.57192	-13393.6198	-1065.9932	0.562732248	1.50244027e+13
3.82e-09	1617.47643	-2925.96498	-14165.4412	1034.96781	0.562373444	1.502717e+13
3.83e-09	1473.03309	-1502.12328	-14151.2411	1286.97542	0.561898266	1.50292437e+13
3.84e-09	2818.44117	-2433.05995	-14182.5986	2440.06454	0.561532122	1.50307148e+13
3.85e-09	2936.03809	-3202.54837	-13805.7781	4042.36371	0.561088706	1.50316467e+13
3.86e-09	14.4999073	-2268.70708	-13901.2136	4764.70064	0.560686766	1.50320364e+13
3.87e-09	683.19509	-2347.03347	-15475.1293	7068.29485	0.559913806	1.50318524e+13
3.88e-09	1005.50743	-828.875529	-15207.3216	6006.17647	0.559185999	1.50308694e+13
3.89e-09	-1264.5242	-1357.41174	-16411.905	6635.18466	0.558396728	1.50292712e+13
3.9e-09	620.061521	-1792.71609	-15744.3622	7879.02773	0.557639282	1.50269956e+13
3.91e-09	-216.844256	-37.6110984	-14101.1108	9012.43427	0.556933504	1.50241931e+13
3.92e-09	-1452.99293	954.183726	-12872.4952	9946.46502	0.55638871	1.50210193e+13
3.93e-09	-699.314523	1742.90957	-11212.621	10629.0739	0.555903274	1.50176175e+13
3.94e-09	-337.413037	2741.8667	-11054.3631	11785.4935	0.555594847	1.50141539e+13
3.95e-09	-306.090568	2258.58263	-11013.7986	13484.6338	0.555020406	1.50105922e+13
3.96e-09	-1203.18691	2865.31024	-10309.5291	14633.6389	0.554246043	1.5006683e+13
3.97e-09	-616.447717	1440.60035	-9295.86109	15844.9821	0.553444747	1.50023532e+13
3.98e-09	310.581927	2632.1751	-10106.95	15549.4104	0.552584936	1.49975755e+13
3.99e-09	340.378672	1832.31309	-10926.5279	15791.6911	0.551660573	1.49923743e+13
4e-09	-1555.34823	2027.00749	-9619.02553	16042.7189	0.550839552	1.49867625e+13
4.01e-09	-402.375292	1509.49248	-7914.42604	16367.7566	0.550255615	1.49809454e+13
4.02e-09	198.401658	3134.4076	-6482.02575	16070.2549	0.549806589	1.49751411e+13
4.03e-09	905.722148	1681.3935	-5083.81475	15279.15	0.549453094	1.49694877e+13
4.04e-09	1246.73121	2140.68906	-5949.43731	13414.6623	0.549353523	1.49641303e+13
4.05e-09	2302.65115	2058.28348	-4780.34716	11641.9292	0.549536067	1.49592939e+13
4.06e-09	-1061.33424	-740.734951	-3535.21847	12118.9358	0.549975685	1.49552215e+13
4.07e-09	-1432.3574	-571.378316	-3806.68157	11955.279	0.550352215	1.49519604e+13
4.08e-09	-1877.32028	815.745134	-3947.93394	11689.487	0.550627612	1.49493317e+13
4.09e-09	-784.407862	2388.52097	-1198.54007	9018.06493	0.551163783	1.49473157e+13
4.1e-09	-1403.77837	2503.86191	-525.884268	7797.67643	0.551884467	1.49461406e+13
4.11e-09	-3013.76152	1772.20305	1055.73487	7803.7012	0.552605974	1.49458161e+13
4.12e-09	-1048.23032	1760.52003	1217.37683	8014.88005	0.553352828	1.4946238e+13
4.13e-09	-1244.03952	3144.05417	1618.45725	7427.42154	0.554084545	1.49473663e+13
4.14e-09	-505.654849	3107.45337	-453.905786	7377.79169	0.554786716	1.49491145e+13
4.15e-09	640.459596	2025.33081	-1352.48924	9349.2203	0.555497139	1.4951413e+13
4.16e-09	920.811431	2049.40278	-1079.79799	11139.0444	0.555881799	1.49540645e+13
4.17e-09	-325.196173	1396.17134	-942.494991	9728.23035	0.556262924	1.49568267e+13
4.18e-09	-1786.70476	-30.8394692	-1180.7202	9612.76381	0.556731508	1.49597632e+13
4.19e-09	-3147.60399	546.980744	-697.093592	7593.9744	0.557297596	1.49629249e+13
4.2e-09	-2082.84672	1566.30882	-896.371973	8782.50828	0.557908538	1.49664055e+13
4.21e-09	-2265.08	2491.48028	660.690881	9045.13952	0.558399487	1.49701214e+13
4.22e-09	-1962.41955	2487.11727	1061.03722	7479.26268	0.5589185	1.49739585e+13
4.23e-09	-2697.20888	1325.75872	697.012425	4147.69738	0.559608748	1.49780345e+13
4.24e-09	-2428.77033	-418.729992	-187.689525	1808.06841	0.560492572	1.49825279e+13
4.25e-09	-2321.63154	-597.427306	-323.879944	686.880642	0.561360864	1.4987492e+13
4.26e-09	-1845.2173	-1023.79298	-3055.40338	-654.462648	0.562243297	1.49928783e+13
4.27e-09	-1183.14899	-312.281623	-3167.7838	-1533.55977	0.563063161	1.49986209e+13
4.28e-09	145.042239	-1125.22492	-1913.6723	-3453.12278	0.563895494	1.50046546e+13
4.29e-09	854.883864	482.461603	-1774.84943	-5129.01623	0.564646049	1.50109322e+13
4.3e-09	1586.70006	973.063984	-2363.41695	-7035.54292	0.565128374	1.50172784e+13
4.31e-09	2551.9391	2192.02107	-2180.34553	-8557.29002	0.565560614	1.50234932e+13
4.32e-09	2075.76448	2528.65101	-3181.78354	-9904.38117	0.565650304	1.50294013e+13
4.33e-09	1472.68298	3065.10546	-3081.88047	-11711.3258	0.5656917	1.50348344e+13
4.34e-09	103.07164	1759.23244	-3834.85079	-12918.1778	0.565411572	1.50396565e+13
4.35e-09	4.24290947	304.662078	-3604.66385	-13189.5402	0.565092625	1.50437079e+13
4.36e-09	1694.11642	-590.92113	-3003.33851	-15420.0314	0.564587414	1.50470041e+13
4.37e-09	6.96756248	-1198.9239	-3508.28598	-17720.8162	0.563435733	1.50491902e+13
4.38e-09	-58.1870213	310.78181	-2261.65727	-19102.0726	0.56208181	1.50499078e+13
4.39e-09	792.151126	473.743434	-1663.92893	-19430.523	0.56069043	1.5049157e+13
4.4e-09	-188.250434	1311.53221	-871.316801	-18703.5056	0.559414582	1.50470791e+13
4.41e-09	-800.648212	2298.72125	-1418.37414	-19746.0101	0.558055522	1.50439167e+13
4.42e-09	1935.42341	2013.3876	-1706.10142	-19314.833	0.556921063	1.50397454e+13
4.43e-09	1990.86955	748.952421	-2024.32139	-20397.1692	0.555697376	1.50348146e+13
4.44e-09	2275.56939	-1064.78407	-813.794713	-21650.9595	0.554313749	1.50290415e+13
4.45e-09	2676.6727	-1742.99873	-3356.41528	-19607.5803	0.553010991	1.50223864e+13
4.46e-09	4160.99655	-2767.68868	-2891.17552	-18799.8884	0.551973295	1.50152012e+13
4.47e-09	3350.53795	-2620.54434	-1049.50103	-17141.2955	0.551247423	1.50077682e+13
4.48e-09	973.50008	-1762.37377	-373.187563	-16598.5117	0.550937388	1.50005206e+13
4.49e-09	858.358181	-2683.33327	-1950.3055	-14759.2611	0.550775131	1.49936915e+13
4.5e-09	1894.01751	-2633.01194	-2321.79453	-13723.0469	0.55086123	1.49874717e+13
4.51e-09	947.820656	-2089.33734	-3350.71816	-13240.5829	0.551013045	1.49819544e+13
4.52e-09	2360.87264	-3728.25283	-3996.86363	-11261.2701	0.55126702	1.49771606e+13
4.53e-09	1923.83916	-3640.01258	-5601.42439	-11637.7517	0.551558089	1.49731007e+13
4.54e-09	1944.71987	-1807.26122	-4395.72973	-10053.3718	0.551870253	1.49696949e+13
4.55e-09	433.208923	-1379.72353	-4740.57525	-8606.13876	0.552488149	1.49670687e+13
4.56e-09	505.8203	-660.397126	-2836.48876	-7467.48268	0.553163437	1.49653399e+13
4.57e-09	1135.3272	-1644.07886	-4231.57286	-8082.22707	0.553840109	1.49644729e+13
4.58e-09	1980.33724	-1489.89807	-2980.45472	-7923.19928	0.554476241	1.49643335e+13
4.59e-09	497.56997	-972.611328	-3717.65253	-6661.55095	0.555144069	1.49648557e+13
4.6e-09	-1041.63536	-1177.92378	-3741.57809	-6678.70747	0.555864821	1.49660346e+13
4.61e-09	1337.86806	-814.574154	-4426.37326	-4827.23034	0.556620195	1.49678389e+13
4.62e-09	2408.65522	-538.410918	-6787.76504	-4800.19342	0.557292791	1.49702101e+13
4.63e-09	1736.2587	-169.09339	-6541.36819	-3760.95816	0.557903834	1.49729785e+13
4.64e-09	150.943227	-323.677709	-9399.66809	-3158.48715	0.558422183	1.49761008e+13
4.65e-09	-86.4860392	335.400443	-10237.207	-2587.0599	0.558816832	1.49793698e+13
4.66e-09	148.526165	-253.436869	-10494.653	-2487.65858	0.559145332	1.49826939e+13
4.67e-09	-843.368351	505.072225	-11909.6392	1415.96476	0.559370443	1.49859982e+13
4.68e-09	2.14755284	970.16961	-12466.2101	2272.57933	0.559406862	1.49891361e+13
4.69e-09	868.277686	-372.120765	-12752.4018	3001.23696	0.559376007	1.4991989e+13
4.7e-09	1330.26248	1770.69188	-14061.5054	3768.04131	0.559235184	1.49945112e+13
4.71e-09	766.784326	1173.39712	-13097.5246	5494.2118	0.558902452	1.49965443e+13
4.72e-09	-729.578045	-176.034448	-15201.9364	6963.23798	0.558441336	1.49980298e+13
4.73e-09	-934.552775	-9.77669096	-15252.0936	7121.50359	0.557687934	1.49987343e+13
4.74e-09	-1679.1665	897.915625	-14745.4884	9275.11687	0.556932789	1.49986326e+13
4.75e-09	-1922.80559	-69.388764	-14253.0229	9276.96034	0.556265716	1.4997788e+13
4.76e-09	-1556.37034	-1636.54326	-13418.5395	8909.40201	0.555625265	1.49963637e+13
4.77e-09	463.608472	-2590.09407	-12939.7807	9975.68563	0.555060522	1.49944908e+13
4.78e-09	-146.966748	-2182.91712	-13740.7334	10728.3309	0.554473392	1.49922339e+13
4.79e-09	-1316.20728	-2644.94835	-15928.5696	11527.6313	0.553718167	1.49895135e+13
4.8e-09	-1637.13111	-2358.08703	-15912.1651	12528.9292	0.552538624	1.49860722e+13
4.81e-09	-1523.09094	-1877.0572	-14986.0117	13896.9529	0.551375965	1.49817863e+13
4.82e-09	-3081.56255	-2754.26276	-14448.465	13180.0821	0.55043882	1.49768099e+13
4.83e-09	-490.474518	-753.548679	-13977.3129	14457.3739	0.549577198	1.49713935e+13
4.84e-09	-468.421121	-1626.04767	-14288.8301	14290.4431	0.548671321	1.49656219e+13
4.85e-09	-593.053196	-1520.38622	-12810.8175	13677.7317	0.547965188	1.49595492e+13
4.86e-09	-798.451075	-1105.33596	-10446.21	12349.2459	0.547587815	1.49534939e+13
4.87e-09	-1750.04888	-594.125487	-9357.79392	12268.286	0.547608845	1.49478233e+13
4.88e-09	-1869.02201	481.944102	-7549.86076	11905.6113	0.547742429	1.4942759e+13
4.89e-09	-1348.52094	-667.852528	-8704.41123	9940.75654	0.54807956	1.49383943e+13
4.9e-09	-1063.50045	523.932445	-7078.2421	9104.8605	0.548546681	1.49348346e+13
4.91e-09	-489.014528	1491.89635	-5227.22531	6144.5149	0.549286727	1.49321902e+13
4.92e-09	167.151307	1958.30301	-3939.89437	6059.85509	0.550149421	1.4930626e+13
4.93e-09	-1640.44268	-923.853374	-2026.30668	7832.14294	0.550997335	1.49300742e+13
4.94e-09	-2328.47753	-1426.18274	-927.653696	8101.67905	0.551866559	1.49304211e+13
4.95e-09	-2436.86552	-1518.89476	-28.4210035	9068.45738	0.552581991	1.49315469e+13
4.96e-09	-939.670282	-1960.54939	1526.78876	8040.46146	0.553240424	1.49332391e+13
4.97e-09	-1350.76936	-2190.91183	1437.71954	7682.19637	0.553970222	1.49354724e+13
4.98e-09	-2338.24905	-1681.76982	-187.864145	8669.13819	0.554641829	1.49382183e+13
4.99e-09	-2206.33192	-741.128286	647.36151	9951.64468	0.555222532	1.49413323e+13
5e-09	-1912.80524	-166.506644	1168.19515	10043.8674	0.555661204	1.49446524e+13
5.01e-09	-469.76281	1146.35148	-313.150291	10259.941	0.556103982	1.49481187e+13
5.02e-09	-351.267135	429.580065	-15.0618335	8638.54249	0.556581222	1.49516969e+13
5.03e-09	-264.380203	-1991.3941	-468.118022	9905.34036	0.557114506	1.49554752e+13
5.04e-09	-412.292777	-1678.84595	-761.122874	7303.26749	0.557701904	1.49594218e+13
5.05e-09	1428.51672	-2146.02935	-1457.99653	6439.57957	0.558436257	1.49636762e+13
5.06e-09	2206.93237	-1133.99025	-2952.77693	5517.16026	0.559169317	1.49682751e+13
5.07e-09	2939.17884	-1952.34393	-4121.90673	4032.20029	0.559866592	1.49731681e+13
5.08e-09	327.733983	-701.176793	-3794.3553	1489.61765	0.560618329	1.49783169e+13
5.09e-09	-575.115486	151.311352	-1989.92425	-1437.10257	0.561492192	1.49838015e+13
5.1e-09	-506.525233	-205.522746	-2355.27666	-2281.24108	0.56239403	1.49896701e+13
5.11e-09	-1769.81668	913.244743	-2942.41749	-4769.00688	0.563196638	1.49958649e+13
5.12e-09	-1109.16962	719.620239	-3398.95573	-7919.41953	0.563735215	1.50021779e+13
5.13e-09	-1641.11597	-542.18098	-3313.96557	-8354.86074	0.564064237	1.50083391e+13
5.14e-09	-273.967091	973.616487	-3378.12398	-11796.7644	0.5642344	1.50142097e+13
5.15e-09	251.391607	1737.97874	-2995.49882	-13439.219	0.563956287	1.50194916e+13
5.16e-09	480.157758	212.438536	-2599.77798	-14111.5298	0.563536165	1.50239134e+13
5.17e-09	-666.40316	2355.50974	-4421.28523	-15485.8249	0.562960984	1.50274484e+13
5.18e-09	444.898976	2025.02742	-4466.734	-16383.5984	0.562160374	1.50299521e+13
5.19e-09	2364.56528	1594.98115	-4444.78652	-17474.2138	0.561145741	1.50313286e+13
5.2e-09	-448.547814	1457.9882	-3571.8827	-18573.1118	0.559953587	1.50314455e+13
5.21e-09	927.433323	-1263.3478	-2990.16893	-19487.7015	0.55878605	1.50303632e+13
5.22e-09	1884.28757	80.8791574	-3275.81427	-19354.6916	0.557330456	1.50280623e+13
5.23e-09	1273.65798	-1662.76942	-3139.7617	-19131.2423	0.556193138	1.50246561e+13
5.24e-09	639.344509	-3279.81521	-3997.87069	-21062.7171	0.554799729	1.50203442e+13
5.25e-09	314.826739	-3042.39107	-2157.20541	-20874.9923	0.553368204	1.50149459e+13
5.26e-09	-569.246474	-3170.86149	-2897.77854	-21289.0206	0.551979727	1.50086825e+13
5.27e-09	-432.932782	-3387.73551	-2349.93825	-20875.7089	0.550787951	1.500168e+13
5.28e-09	-942.329649	-3707.2084	139.759506	-19500.7459	0.549845491	1.49942277e+13
5.29e-09	-1004.89094	-2031.34626	-1449.64948	-19409.1655	0.549041654	1.49866304e+13
5.3e-09	-888.271799	-878.174968	-1805.70437	-17920.5461	0.548574221	1.49790636e+13
5.31e-09	-673.359768	-92.2581459	-1803.8336	-16690.358	0.548181823	1.49717829e+13
5.32e-09	-1246.69846	-881.785498	-2463.13643	-15409.7206	0.548085253	1.49649337e+13
5.33e-09	-1594.54698	-551.52278	-3624.55196	-15726.285	0.548091148	1.49586913e+13
5.34e-09	-1073.17281	-1762.29112	-3992.5548	-15562.6022	0.548124825	1.49530487e+13
5.35e-09	920.265258	1448.4896	-3763.92766	-13719.4599	0.54827995	1.49479981e+13
5.36e-09	2388.59616	-52.0836814	-4034.81665	-12160.7421	0.54858546	1.49436751e+13
5.37e-09	3104.42731	-139.228813	-3034.02406	-10732.2743	0.548948097	1.49400938e+13
5.38e-09	3325.25805	-918.140614	-3758.26914	-10997.6311	0.549471002	1.49372916e+13
5.39e-09	2487.51506	-318.632436	-3418.39626	-10604.1229	0.549974926	1.49352539e+13
5.4e-09	812.908025	186.85939	-1090.0127	-10925.8063	0.550540332	1.49339489e+13
5.41e-09	1774.6241	431.975839	-1019.98841	-11988.0784	0.551023736	1.49333195e+13
5.42e-09	-361.783071	1006.75086	-2294.91203	-9090.42332	0.551590643	1.49332219e+13
5.43e-09	-756.362988	985.161711	-3258.22373	-8293.94129	0.552280031	1.49337854e+13
5.44e-09	-479.564255	-633.101667	-3087.00586	-7125.17967	0.553050093	1.49350115e+13
5.45e-09	-2351.36307	-543.492298	-4559.31126	-5425.93679	0.553841753	1.49369145e+13
5.46e-09	-1158.96705	-640.782371	-4509.42064	-3453.1235	0.554639759	1.4939435e+13
5.47e-09	81.1294895	-396.081532	-8120.50472	-5043.90323	0.555412228	1.49425334e+13
5.48e-09	930.908722	338.255326	-7387.64337	-2785.36626	0.556051942	1.49460211e+13
5.49e-09	1936.35778	1509.60342	-8516.99294	-355.679045	0.556698438	1.49498401e+13
5.5e-09	2395.825	3431.87569	-8240.12606	248.246432	0.557262806	1.49539108e+13
5.51e-09	145.110757	2426.10476	-8348.39938	2545.03803	0.557762864	1.49581407e+13
5.52e-09	-130.535356	678.364955	-9321.3387	2489.174	0.55831212	1.49624959e+13
5.53e-09	417.554409	-77.9243567	-9417.32371	3815.71158	0.558728841	1.49669429e+13
5.54e-09	1533.46228	-218.070392	-9345.64995	6111.7893	0.559161102	1.49713933e+13
5.55e-09	986.044525	0.567621187	-11210.0284	6974.41082	0.559100512	1.49756693e+13
5.56e-09	411.445309	-1024.26896	-12489.9036	8196.88743	0.558847865	1.49793934e+13
5.57e-09	-90.0082626	-533.453937	-13935.0707	11338.398	0.558288615	1.49823805e+13
5.58e-09	-509.712359	828.129879	-14704.2577	12093.1676	0.557182042	1.49842469e+13
5.59e-09	-799.873151	892.8422	-15422.89	10181.72	0.556201647	1.49848481e+13
5.6e-09	266.435984	1079.14741	-17806.1635	10100.7962	0.555209341	1.49844673e+13
5.61e-09	-329.056553	-1302.64467	-18101.1107	9374.84387	0.553951307	1.49829515e+13
5.62e-09	616.868052	-240.649188	-18534.777	9101.62647	0.552701958	1.49803188e+13
5.63e-09	144.626428	-1321.01578	-17476.7851	8731.01015	0.551568428	1.49767147e+13
5.64e-09	-950.373012	-2823.75779	-15707.8421	8964.82521	0.550845251	1.49724975e+13
5.65e-09	-1236.51322	-2572.56933	-16699.8991	11036.2444	0.550051257	1.496798e+13
5.66e-09	-2756.50539	-2555.69923	-18575.5621	10959.461	0.548945651	1.49629466e+13
5.67e-09	-2765.65259	-1063.88327	-18220.287	12113.6915	0.547797221	1.49572373e+13
5.68e-09	-1971.91841	-2133.45749	-15127.4454	13440.311	0.546953949	1.49509992e+13
5.69e-09	-1546.57948	-937.706925	-13591.8385	12865.8544	0.546360663	1.49446408e+13
5.7e-09	-888.081378	668.002735	-12278.2424	11490.528	0.546112445	1.49384181e+13
5.71e-09	-67.3621866	-730.059533	-11573.4191	11061.9996	0.546066003	1.49326704e+13
5.72e-09	72.9250506	-647.935291	-10843.0813	9272.29749	0.546292183	1.49275161e+13
5.73e-09	595.753247	-703.366052	-8392.62367	7453.16609	0.54677703	1.49231907e+13
5.74e-09	260.68821	-1215.06967	-7156.45611	7127.03981	0.547492663	1.4919883e+13
5.75e-09	472.001568	-875.011895	-4640.40241	8369.65554	0.548255999	1.49176365e+13
5.76e-09	-1825.67047	-106.264191	-4351.46104	8071.0668	0.549021792	1.49163555e+13
5.77e-09	-2380.91859	767.371509	-4640.85028	8666.33479	0.549786091	1.49159699e+13
5.78e-09	-1652.5251	636.199409	-1996.60112	9635.18129	0.550471237	1.49163441e+13
5.79e-09	-1714.22023	1094.08844	-1990.46666	10994.0332	0.55100933	1.49173179e+13
5.8e-09	-3530.43196	1145.92893	-1434.823	9398.83275	0.551461447	1.49186856e+13
5.81e-09	-2117.98007	141.218601	-1443.7806	9161.96057	0.552139087	1.49204738e+13
5.82e-09	-1414.62073	-276.333977	-1459.77961	8877.38719	0.552825376	1.49227792e+13
5.83e-09	-1904.10717	74.5852572	-1326.22427	7975.4533	0.553511443	1.49255528e+13
5.84e-09	-3350.775	1022.34512	-1785.31258	8973.03343	0.554185431	1.49287569e+13
5.85e-09	-3765.4027	321.133099	659.220151	8747.83101	0.5547229	1.49322641e+13
5.86e-09	-4547.49463	810.600489	-1147.09864	9283.53392	0.555235249	1.49359946e+13
5.87e-09	-4247.69813	891.873886	-3411.23657	11258.3005	0.55548944	1.49397774e+13
5.88e-09	-2698.71687	-441.769028	-2007.5554	8049.0925	0.555846512	1.49434464e+13
5.89e-09	-571.779092	-766.912596	-4006.69137	5933.15721	0.556528982	1.49473069e+13
5.9e-09	780.843495	-254.049003	-3411.27823	7262.23117	0.557177877	1.49514887e+13
5.91e-09	893.450327	-1364.67842	-2478.89097	4845.32335	0.557975016	1.49559692e+13
5.92e-09	480.690658	-2229.21395	-1486.75244	2225.12315	0.558871317	1.49608908e+13
5.93e-09	-302.844984	-799.542804	-178.862926	2102.63538	0.559821386	1.49662807e+13
5.94e-09	-283.520578	-380.984091	2196.16269	672.048295	0.560765066	1.49721235e+13
5.95e-09	634.570308	1213.07609	1097.7496	-1758.70952	0.561694442	1.49783621e+13
5.96e-09	2021.21577	-581.966639	1065.60061	-4092.54543	0.562562984	1.49849302e+13
5.97e-09	2434.24868	860.009668	-1014.94088	-6953.81892	0.563224709	1.4991676e+13
5.98e-09	1057.30935	-313.011965	-2072.92572	-8873.51009	0.563654364	1.49983466e+13
5.99e-09	490.193242	2724.01284	-2990.29533	-11452.7035	0.563833179	1.50047379e+13
6e-09	680.616189	1659.17989	-2092.65448	-13690.7993	0.563588156	1.50105083e+13
6.01e-09	622.064283	1276.74204	-3985.86397	-15735.4458	0.562968804	1.50153375e+13
6.02e-09	426.660557	889.305638	-3857.89952	-16890.0126	0.561949694	1.50188804e+13
6.03e-09	531.573412	-878.294566	-5341.90002	-15658.6049	0.561044497	1.50210723e+13
6.04e-09	260.610873	-2379.08868	-4462.99094	-17535.0689	0.560180239	1.50222225e+13
6.05e-09	-640.02292	-2975.00652	-4473.25145	-19315.825	0.5589332	1.5022228e+13
6.06e-09	-1493.55643	-2066.84206	-4811.28079	-18666.1579	0.557567356	1.50208867e+13
6.07e-09	-356.185556	-1737.14272	-4944.13947	-18749.2351	0.556456301	1.50183936e+13
6.08e-09	348.057464	-1687.01389	-4122.65898	-17179.2586	0.555444034	1.50150637e+13
6.09e-09	1380.70299	-845.368433	-2929.05254	-15910.1197	0.554918581	1.50112471e+13
6.1e-09	1945.63852	-2447.06882	-2137.36762	-16707.4116	0.554364228	1.50072744e+13
6.11e-09	3044.6366	-1836.18811	-1670.15556	-15903.3828	0.553796275	1.50030949e+13
6.12e-09	1683.83643	-1308.37935	-2744.86505	-16867.9863	0.553455037	1.49988463e+13
6.13e-09	1810.93712	-284.949066	-3689.61293	-18581.0582	0.552729415	1.49945121e+13
6.14e-09	856.545876	-1101.22854	-2330.92835	-17635.4835	0.551993916	1.49897848e+13
6.15e-09	-401.833877	96.9564838	-2890.95259	-16948.6216	0.551626582	1.49849384e+13
6.16e-09	-1982.0184	612.530274	-3158.32727	-15634.0252	0.551290499	1.49801961e+13
6.17e-09	-2160.87334	1016.97894	-3897.82648	-14412.8324	0.551202537	1.49756699e+13
6.18e-09	-2101.18064	517.553856	-4111.28351	-12403.6877	0.551322144	1.49715629e+13
6.19e-09	-1497.82606	1151.01154	-3813.44057	-10704.1144	0.551688591	1.49680939e+13
6.2e-09	-429.825576	586.093947	-2068.59848	-12174.281	0.552077486	1.49653557e+13
6.21e-09	-147.871267	1962.81746	-2209.48817	-12559.7461	0.55237825	1.49632141e+13
6.22e-09	-508.537608	1625.8968	-2387.05842	-11764.0471	0.55265288	1.49615459e+13
6.23e-09	548.094472	711.476745	-2787.95367	-10730.6613	0.553021147	1.49603482e+13
6.24e-09	24.9130206	365.415164	-2232.31428	-9842.86519	0.553606556	1.49597443e+13
6.25e-09	-1667.20459	1703.1112	-1462.22018	-10090.9257	0.554149741	1.49597712e+13
6.26e-09	-2308.60695	920.991036	-1403.01919	-9425.28392	0.554655012	1.49603305e+13
6.27e-09	-1973.02902	638.405647	-2030.08752	-7883.92321	0.55532809	1.49614019e+13
6.28e-09	-2079.15134	2682.78887	-2843.70122	-7877.05759	0.55603281	1.4963083e+13
6.29e-09	-1326.72883	2745.22282	-4886.75791	-6058.10034	0.556659535	1.49652677e+13
6.3e-09	-1848.46081	2516.11307	-4978.73163	-4393.72333	0.557340627	1.49679054e+13
6.31e-09	-1262.58655	2558.00017	-6456.40369	-3760.70673	0.558000298	1.49709812e+13
6.32e-09	14.2211234	1608.05755	-7659.46414	-840.584085	0.558633452	1.49744109e+13
6.33e-09	722.701432	423.697812	-9320.6308	-1920.38393	0.559232864	1.49781554e+13
6.34e-09	1115.31192	235.29063	-10223.4808	1111.49669	0.559662858	1.49820722e+13
6.35e-09	602.672938	1416.51265	-11100.5477	4474.11167	0.55984649	1.49859474e+13
6.36e-09	1227.07293	862.547116	-12695.1063	6549.06735	0.559786378	1.49895444e+13
6.37e-09	2511.62603	1747.70691	-10967.8275	5296.306	0.559618869	1.49926443e+13
6.38e-09	3265.23051	2126.43522	-12880.6553	9706.25906	0.559427515	1.49953373e+13
6.39e-09	5016.79702	1959.55245	-13981.5456	10903.6837	0.558486315	1.49972344e+13
6.4e-09	6314.65433	3984.98443	-14337.3007	11578.136	0.557309005	1.49978952e+13
6.41e-09	7317.06301	1729.11966	-14962.8028	10195.6664	0.556134095	1.49972635e+13
6.42e-09	7364.33395	1053.05991	-14585.1687	9013.72226	0.555073875	1.4995554e+13
6.43e-09	6427.00989	1440.22407	-15909.7816	9327.61644	0.554236327	1.49930704e+13
6.44e-09	5682.48355	3171.86089	-17204.0177	10016.3284	0.553133335	1.49898799e+13
6.45e-09	3934.27181	2853.13149	-15646.1223	10073.8834	0.552265397	1.49859126e+13
6.46e-09	4317.85286	3243.06663	-14197.6972	10683.2911	0.551671061	1.4981587e+13
6.47e-09	2860.95674	4195.26082	-15756.0964	10354.8637	0.550933062	1.49770579e+13
6.48e-09	3476.71103	1497.02581	-17148.2938	12172.1758	0.54989222	1.49720909e+13
6.49e-09	2104.89582	1673.56191	-17357.3358	14623.9545	0.548577865	1.49664069e+13
6.5e-09	2335.55086	2048.00406	-15239.5553	14589.5214	0.547496143	1.49599818e+13
6.51e-09	2527.85046	1253.49308	-13822.9266	13691.0207	0.546637418	1.49532094e+13
6.52e-09	-456.797107	2497.72797	-12853.5413	13134.2422	0.546060636	1.49463352e+13
6.53e-09	1162.16895	1669.25768	-11897.3587	11561.1944	0.545867277	1.49397036e+13
6.54e-09	146.296785	-222.240733	-11617.0676	8997.54733	0.545982412	1.49336428e+13
6.55e-09	-1644.48858	1209.99179	-9252.68483	7458.58684	0.546347683	1.49283788e+13
6.56e-09	-43.9990969	-930.558317	-7118.40555	5937.0451	0.547084023	1.4924153e+13
6.57e-09	217.672714	-2241.2563	-8152.01307	7380.81519	0.547802107	1.49210985e+13
6.58e-09	-699.452199	-1483.10802	-7982.00497	6239.01044	0.548399121	1.49189691e+13
6.59e-09	-2228.11287	-909.376939	-7262.0582	7794.98146	0.549023442	1.49176583e+13
6.6e-09	-2707.35056	-1028.12465	-5821.64288	9528.07358	0.549510476	1.49170464e+13
6.61e-09	-2923.29898	143.039994	-4539.0202	9207.68126	0.550013753	1.4916966e+13
6.62e-09	-2408.47237	-376.48023	-4180.21192	7842.26122	0.550686733	1.49174582e+13
6.63e-09	-2361.35031	791.412643	-4860.82557	6916.4081	0.55145891	1.49186334e+13
6.64e-09	-3094.01793	240.293951	-6559.5248	8252.12062	0.552112869	1.49204399e+13
6.65e-09	-3253.01239	-2108.32308	-5071.72642	8655.09048	0.552592742	1.49226322e+13
6.66e-09	-2925.13297	-207.299254	-4943.84418	9845.90396	0.553064062	1.49250973e+13
6.67e-09	-3319.43781	1452.70783	-4954.66947	9185.04451	0.553426605	1.49277509e+13
6.68e-09	-2841.41939	608.482508	-4656.40019	9251.27552	0.553851297	1.49305486e+13
6.69e-09	-2240.96633	-32.7409579	-4654.60043	8479.06973	0.554366714	1.49335452e+13
6.7e-09	-1858.37633	-233.327341	-5785.08108	9954.63316	0.554816478	1.49367649e+13
6.71e-09	-225.446968	-232.792163	-7392.81623	10098.6795	0.555023019	1.49400268e+13
6.72e-09	524.637461	-1213.59151	-4321.1676	9150.27015	0.555368936	1.49432045e+13
6.73e-09	-158.591214	-948.75013	-3733.59623	7091.8701	0.555935636	1.4946543e+13
6.74e-09	820.008521	-1493.24145	-3261.5743	5224.11051	0.556713497	1.49502442e+13
6.75e-09	-618.044736	-560.452925	-1975.60371	4505.41162	0.557597932	1.49544279e+13
6.76e-09	-1548.75851	-991.558992	-2638.08129	2060.66533	0.558501312	1.49591228e+13
6.77e-09	-865.739964	-497.085065	-2242.12052	1162.01685	0.559435192	1.49643018e+13
6.78e-09	-2280.69619	-124.561461	-2032.98425	2009.53222	0.560361107	1.4969939e+13
6.79e-09	-854.643018	-176.802623	-1713.17491	-293.269125	0.561260945	1.49759599e+13
6.8e-09	-750.949011	1402.49291	-1745.54612	-2686.6905	0.562147326	1.49823231e+13
6.81e-09	-138.577517	2423.67551	-1069.49379	-5423.33572	0.562933772	1.49889459e+13
6.82e-09	-838.582392	1391.10612	-476.018805	-7585.77238	0.563571246	1.49956746e+13
6.83e-09	-733.938203	1249.13243	38.148376	-10897.3758	0.563878421	1.5002284e+13
6.84e-09	-535.630255	845.936145	-1696.47095	-11805.3595	0.563883002	1.50084171e+13
6.85e-09	-507.547339	293.294132	-1903.34297	-14744.6617	0.563761672	1.5013962e+13
6.86e-09	1084.69895	456.778717	-1632.6945	-16294.7563	0.563105657	1.50186226e+13
6.87e-09	1435.45639	334.568373	-4359.6377	-16012.4445	0.562162831	1.50220255e+13
6.88e-09	3039.64604	-1894.84798	-5162.43035	-16687.1706	0.561138047	1.50241494e+13
6.89e-09	2238.70012	-313.84584	-4471.93377	-17940.566	0.5601322	1.50250192e+13
6.9e-09	1680.28393	213.782541	-4433.66765	-18716.243	0.559023572	1.50247538e+13
6.91e-09	3342.17144	773.737624	-4334.64991	-20242.17	0.557430001	1.50231928e+13
6.92e-09	2735.74987	1539.92781	-4217.9814	-19087.475	0.556097336	1.50202346e+13
6.93e-09	2385.88383	1076.33955	-4257.20518	-17981.7026	0.554908158	1.50162809e+13
6.94e-09	2974.70908	706.0694	-4226.9271	-19448.6552	0.553787023	1.5011569e+13
6.95e-09	3660.74824	-28.6738066	-4451.16554	-19123.1726	0.5526825	1.50061793e+13
6.96e-09	4182.21752	525.875071	-3150.2241	-18353.3862	0.551837952	1.50002708e+13
6.97e-09	3593.77087	-229.786858	-3558.32633	-16950.3936	0.551149148	1.49941372e+13
6.98e-09	1459.44051	-491.267434	-3963.47798	-16482.298	0.550721642	1.4988021e+13
6.99e-09	2338.25619	-1456.43334	-3990.3936	-14824.0633	0.550548884	1.49821533e+13
7e-09	2144.21077	-200.954596	-4474.83577	-14834.1317	0.550364802	1.49766838e+13
7.01e-09	946.905817	341.764441	-4006.27058	-13336.8669	0.550371143	1.49716129e+13
7.02e-09	722.470235	-111.328195	-3060.17488	-13484.9591	0.550546275	1.49671143e+13
7.03e-09	-309.74074	790.201307	-3102.53466	-13604.0803	0.550724874	1.49632194e+13
7.04e-09	-1433.75058	2723.82561	-2602.42559	-12565.5168	0.550962252	1.49598881e+13
7.05e-09	-3056.86951	2511.80623	-1840.63593	-12491.2808	0.551224411	1.49571167e+13
7.06e-09	-1970.7862	2364.93053	-1052.7443	-10798.6272	0.551541297	1.49548794e+13
7.07e-09	-2679.37462	-599.032711	-2437.15724	-10869.8487	0.552051837	1.49532792e+13
7.08e-09	-4466.77953	-1490.13557	-3877.77501	-10930.4549	0.55246692	1.49523051e+13
7.09e-09	-1618.52244	-671.688353	-5802.81138	-10661.3423	0.552839728	1.49518127e+13
7.1e-09	-224.322922	-1072.78305	-7830.32709	-8458.45398	0.553173398	1.49517196e+13
7.11e-09	328.328497	-1192.51168	-7101.03864	-9933.63013	0.553597156	1.49520138e+13
7.12e-09	-1415.68543	-2509.59525	-7111.98822	-6728.51153	0.554045764	1.49526959e+13
7.13e-09	-1142.66713	-1404.71571	-8133.21047	-6201.15123	0.554584925	1.49538309e+13
7.14e-09	-864.699826	404.322987	-7456.04255	-6639.44078	0.555068309	1.49553683e+13
7.15e-09	-2269.92169	-987.997344	-7466.59301	-5443.1894	0.555600857	1.49572632e+13
7.16e-09	-2390.09148	-1325.08974	-8073.30937	-2311.54754	0.556198182	1.4959544e+13
7.17e-09	-2122.53546	-2784.42271	-8311.1547	-1022.71821	0.556784064	1.49622178e+13
7.18e-09	-2621.10135	-2476.25502	-9564.12782	569.109079	0.557332665	1.49652121e+13
7.19e-09	-1685.47081	-2492.72806	-11568.2503	2667.31938	0.557558256	1.49683586e+13
7.2e-09	-543.596991	-928.660623	-14241.6175	6360.06949	0.5574799	1.49713036e+13
7.21e-09	-912.031812	-686.960199	-15197.2066	8302.12048	0.556882265	1.49736283e+13
7.22e-09	-1412.62614	460.12391	-14836.1265	7566.48665	0.556143104	1.49750531e+13
7.23e-09	-794.099711	567.782778	-16086.9681	7392.09782	0.555469025	1.49756768e+13
7.24e-09	-1885.14683	198.240119	-16809.1358	7708.51622	0.554775803	1.49755137e+13
7.25e-09	-2078.96816	-1609.16633	-17019.2205	7068.85189	0.553921078	1.49745936e+13
7.26e-09	-1759.81687	-1699.29819	-17189.5739	7337.78321	0.553153454	1.49729405e+13
7.27e-09	-2493.5947	-1262.31865	-17570.6282	6789.65808	0.552414447	1.49706884e+13
7.28e-09	-1302.56333	-1673.92124	-16385.4092	7859.30823	0.551654239	1.496789e+13
7.29e-09	-1864.13246	-1029.00108	-17108.293	9104.83014	0.550885191	1.4964617e+13
7.3e-09	-2459.84837	-1511.17947	-15606.7227	9669.86558	0.550155251	1.49608641e+13
7.31e-09	-3709.8838	-1220.9388	-14876.9649	8926.72265	0.549719121	1.49568495e+13
7.32e-09	-1659.94922	23.8766644	-14733.2745	7848.98171	0.549394662	1.49528359e+13
7.33e-09	-799.271645	581.501305	-13903.4033	10134.1011	0.549140481	1.49489275e+13
7.34e-09	-402.354643	2012.14243	-15340.2765	9691.558	0.548864304	1.49451318e+13
7.35e-09	132.916912	733.685212	-14557.6181	8623.44907	0.548469678	1.49413161e+13
7.36e-09	476.100347	-384.698075	-13877.0831	8323.49966	0.548297609	1.49375846e+13
7.37e-09	-178.50998	-2136.39012	-11698.9331	7498.97722	0.54838137	1.49341446e+13
7.38e-09	-425.290418	-314.769619	-11732.2157	8458.60653	0.548621772	1.49312165e+13
7.39e-09	1509.53101	-543.157256	-11790.9762	7684.2956	0.54886507	1.49287891e+13
7.4e-09	1305.54038	-1823.54594	-10612.2164	6647.63713	0.549169578	1.49268527e+13
7.41e-09	775.227764	-1710.83723	-10650.5192	9119.91263	0.549426254	1.49254155e+13
7.42e-09	-55.6687557	-1743.50564	-10054.5504	6059.09369	0.549799156	1.49243734e+13
7.43e-09	629.965343	-2911.0314	-11051.1501	5643.38513	0.550239061	1.49238656e+13
7.44e-09	2698.91915	-3252.91394	-10055.7021	7507.18036	0.550566343	1.4923795e+13
7.45e-09	2099.72196	-3468.94308	-8188.95204	6679.30238	0.550942631	1.49240521e+13
7.46e-09	673.500642	-3862.27881	-6942.57154	7465.42061	0.551520703	1.49247748e+13
7.47e-09	452.614768	-2968.50949	-5892.78645	7353.66308	0.552042413	1.49259841e+13
7.48e-09	-1533.98949	-2286.89991	-6524.11104	7150.21084	0.552665841	1.49276534e+13
7.49e-09	-1905.2237	-1863.96779	-5611.61751	8360.64349	0.553217981	1.49297548e+13
7.5e-09	-1282.0772	-1769.07795	-6255.45903	9135.22201	0.553703322	1.49321868e+13
7.51e-09	1469.30763	-960.807564	-8925.70561	10160.9839	0.553971971	1.49348047e+13
7.52e-09	1137.52365	146.155459	-7742.16136	9195.65922	0.554098248	1.49373287e+13
7.53e-09	707.010987	506.829225	-8653.36097	9653.49484	0.554377618	1.49398355e+13
7.54e-09	1312.05629	-536.507772	-7671.25862	8070.76676	0.554551194	1.49423202e+13
7.55e-09	2304.30984	948.14211	-7295.82032	8017.86154	0.554989285	1.49448812e+13
7.56e-09	1926.14523	376.098965	-5513.53219	8420.75164	0.555442278	1.49476437e+13
7.57e-09	1732.46327	1505.0858	-4350.18126	5955.6676	0.556022171	1.49506458e+13
7.58e-09	287.841608	955.822971	-2406.16293	5247.83565	0.556834073	1.4954063e+13
7.59e-09	871.10412	572.131777	-2893.79831	5725.01184	0.557645082	1.49579905e+13
7.6e-09	-155.502889	-245.243641	-4162.43549	3393.69253	0.558435651	1.49623447e+13
7.61e-09	-26.3287182	-1145.33508	-4824.33837	4160.0311	0.559241116	1.49671077e+13
7.62e-09	-481.435776	-1664.00254	-5482.64883	2198.17192	0.559982926	1.49721964e+13
7.63e-09	1244.28106	-793.376977	-4173.90604	-155.705092	0.560774679	1.49775681e+13
7.64e-09	1051.53957	232.370256	-2622.69699	-1964.37357	0.561639134	1.49832761e+13
7.65e-09	725.47452	256.326794	-2788.26611	-4633.27626	0.562435691	1.49893025e+13
7.66e-09	-1775.78891	-840.747704	-2603.16103	-5135.36717	0.563125571	1.49955072e+13
7.67e-09	-1834.41464	-1445.54933	-3632.06562	-7689.24043	0.563706614	1.50018024e+13
7.68e-09	-1537.72457	-3702.96088	-2839.35115	-8737.99396	0.563983231	1.5007946e+13
7.69e-09	-2394.94746	-2507.41112	-2341.31788	-11499.5021	0.564135895	1.50137406e+13
7.7e-09	-1624.8234	-1140.3757	-2169.29422	-13541.6587	0.563865627	1.50189531e+13
7.71e-09	-29.0658412	-876.180202	-2359.93937	-14152.3572	0.563525937	1.50233704e+13
7.72e-09	202.899537	-2037.152	-2319.85301	-16912.1302	0.562878647	1.50269168e+13
7.73e-09	1218.99808	844.714864	-2177.81165	-19322.5537	0.561609921	1.50292051e+13
7.74e-09	796.181749	1352.15204	-2286.39001	-18964.4454	0.560159194	1.50298483e+13
7.75e-09	2522.33756	144.223169	-3443.59474	-22134.415	0.558547803	1.50289727e+13
7.76e-09	3420.8392	187.974079	-4432.25502	-22806.3726	0.556450406	1.50262839e+13
7.77e-09	3301.75805	969.35579	-2539.83452	-21798.3075	0.554411447	1.50217272e+13
7.78e-09	1903.19412	1552.16101	-2759.79591	-21237.9577	0.552945176	1.50158099e+13
7.79e-09	1282.48809	939.059832	-4147.07944	-18406.2342	0.55184535	1.50090928e+13
7.8e-09	2491.159	1284.30639	-3303.52026	-19306.4675	0.551163848	1.50021702e+13
7.81e-09	1250.87323	3359.54163	-3918.84654	-17490.1982	0.550417914	1.49951402e+13
7.82e-09	1557.73126	3031.80181	-2617.22079	-17360.9499	0.550011841	1.49881946e+13
7.83e-09	791.862946	2841.07908	-3581.11738	-16646.0657	0.549693067	1.49815322e+13
7.84e-09	1693.29408	112.508482	-2979.93744	-14578.7326	0.54958485	1.49752641e+13
7.85e-09	2001.02594	-1043.8663	-2301.81223	-14798.3421	0.5496818	1.49695993e+13
7.86e-09	2715.99048	-1704.25104	-1615.4894	-13910.2731	0.549741863	1.49645321e+13
7.87e-09	3791.38668	-839.457521	-669.353771	-10403.0054	0.550127674	1.49601296e+13
7.88e-09	3717.44427	-385.038218	-1435.63616	-11149.6711	0.55063844	1.49566345e+13
7.89e-09	3107.95055	1632.06149	-2701.33968	-9865.52351	0.551124113	1.49539405e+13
7.9e-09	1750.85589	1627.53351	-3411.58013	-8554.07828	0.551748174	1.49520533e+13
7.91e-09	1960.69563	3284.44865	-4236.52817	-9095.58286	0.552381467	1.49509913e+13
7.92e-09	2701.83221	2375.33278	-4625.6304	-9041.09225	0.552942187	1.49506237e+13
7.93e-09	2011.13512	1100.65883	-5925.94556	-9726.9573	0.553390965	1.49508179e+13
7.94e-09	1475.78734	1048.7354	-6704.92679	-9622.93223	0.553698539	1.49513704e+13
7.95e-09	1971.57429	948.231683	-6441.48952	-8638.68969	0.554084429	1.49521898e+13
7.96e-09	3215.26452	-176.401525	-6836.03885	-9400.12775	0.554405659	1.49533203e+13
7.97e-09	3617.96468	-1304.87215	-6781.60741	-8249.56919	0.554776941	1.4954664e+13
7.98e-09	4506.63819	-254.958228	-6255.47955	-5758.4383	0.555282865	1.4956309e+13
7.99e-09	4507.01871	-705.340631	-7038.665	-5779.56349	0.555759473	1.49583108e+13
8e-09	3966.0591	-1626.14371	-8476.73007	-4533.83785	0.556268199	1.49606142e+13
8.01e-09	5507.78263	-1035.05228	-8779.26439	-2684.31765	0.556707662	1.49631966e+13
8.02e-09	2956.32215	-185.903378	-10583.6509	-713.219119	0.557046716	1.49659295e+13
8.03e-09	2425.0996	-2352.42442	-12199.2609	-258.784899	0.557252491	1.49687061e+13
8.04e-09	700.151336	-3188.26608	-13913.7763	1705.27195	0.557173881	1.49712979e+13
8.05e-09	-1570.6566	-2570.53197	-15599.3954	2305.01371	0.556842916	1.49734556e+13
8.06e-09	-1214.1732	-1522.9956	-17159.3012	1134.85046	0.556275526	1.49749654e+13
8.07e-09	-75.9714397	906.097709	-16353.1345	2301.74745	0.555600301	1.49756819e+13
8.08e-09	133.567256	-1102.16204	-16102.7342	2786.87535	0.555177723	1.49757618e+13
8.09e-09	2658.72456	1057.05269	-17996.7291	4935.003	0.554541015	1.49753607e+13
8.1e-09	2279.54454	-16.0891705	-17979.5661	6281.32242	0.55368998	1.49742307e+13
8.11e-09	1012.0098	-344.024246	-17575.1145	6379.01616	0.552899745	1.49723384e+13
8.12e-09	-240.781794	-1032.63078	-15506.1075	5185.19867	0.552296968	1.49699276e+13
8.13e-09	721.06951	-1327.31124	-16001.822	4214.47376	0.551948159	1.49672797e+13
8.14e-09	824.900023	-1645.53304	-16485.7403	6108.9807	0.551563084	1.49645204e+13
8.15e-09	-89.4985028	-1551.34343	-16024.6513	6124.0531	0.551208481	1.49616293e+13
8.16e-09	1144.63139	-1569.06525	-16279.7615	7614.88749	0.550678678	1.49585862e+13
8.17e-09	3036.03161	-2340.70029	-15301.5391	6955.2876	0.550321058	1.49553583e+13
8.18e-09	4198.61724	-2276.66275	-15660.3523	8131.85205	0.549791594	1.49520411e+13
8.19e-09	2717.50383	-3570.56437	-15712.2933	8830.8179	0.54928874	1.49484838e+13
8.2e-09	2277.65049	-2646.33121	-13615.6909	8699.01548	0.548949562	1.49448124e+13
8.21e-09	1826.51894	-2239.61697	-14236.651	8606.73737	0.548669197	1.49412162e+13
8.22e-09	422.426636	-1398.40575	-14672.4048	7201.9128	0.548520448	1.49377075e+13
8.23e-09	1136.05239	-3136.14155	-14475.9676	7531.82029	0.548350482	1.49343869e+13
8.24e-09	-576.597635	-3932.07842	-14439.1498	8663.73468	0.548215058	1.49312308e+13
8.25e-09	-1294.11841	-2580.96593	-15293.0576	8051.75424	0.54792772	1.49281604e+13
8.26e-09	-2741.74303	-1895.09807	-14023.5718	6228.51013	0.54779738	1.49251345e+13
8.27e-09	-2911.77522	-2013.22591	-11758.7697	7643.64828	0.547909103	1.49223877e+13
8.28e-09	-2241.53437	-1934.81339	-9427.4815	6332.87614	0.548234867	1.49200922e+13
8.29e-09	-1533.35739	524.313797	-8556.60639	6843.44087	0.548813025	1.49184771e+13
8.3e-09	362.311179	911.708504	-8481.93349	7171.46286	0.549378452	1.49175947e+13
8.31e-09	601.541461	-813.193215	-9185.30877	7303.13033	0.5499587	1.49173627e+13
8.32e-09	-907.288098	-1143.17317	-8520.16986	7706.94104	0.550437756	1.49176877e+13
8.33e-09	-2149.84528	-535.282927	-7463.64856	8224.06056	0.550944456	1.49184771e+13
8.34e-09	-2603.22451	27.4844385	-7554.39866	10958.3099	0.551276106	1.49196473e+13
8.35e-09	-982.570822	-1067.58726	-7530.57282	11758.0686	0.551480482	1.49209549e+13
8.36e-09	-292.363379	-147.687846	-8684.80259	9976.84439	0.551580816	1.49222896e+13
8.37e-09	-305.548009	-1694.92584	-7702.15633	10204.7176	0.55179484	1.49236485e+13
8.38e-09	1002.98015	-2264.94092	-6220.72145	9715.63506	0.552133003	1.49251402e+13
8.39e-09	-437.837044	-2858.91649	-6450.23087	8913.46519	0.55254994	1.49268729e+13
8.4e-09	-286.750922	-2035.54797	-4755.23443	8511.77386	0.553099483	1.49289182e+13
8.41e-09	-657.061106	-2254.27024	-5869.32228	6554.65443	0.553660783	1.49313255e+13
8.42e-09	-2484.62732	-1418.93642	-4972.98604	5685.87246	0.554374427	1.49341484e+13
8.43e-09	-913.300496	-1091.92437	-4724.6422	5029.23084	0.555152612	1.49374482e+13
8.44e-09	453.271282	1.21377476	-5487.58517	3172.19371	0.556011781	1.49412556e+13
8.45e-09	1204.1918	-1350.11375	-4902.84317	2790.28539	0.556867193	1.49455706e+13
8.46e-09	118.454171	-2607.2985	-3582.6075	1579.21293	0.557765983	1.49503578e+13
8.47e-09	151.209946	-2815.33703	-2327.68938	-58.5562311	0.558709855	1.49556184e+13
8.48e-09	1255.68909	-2046.0493	-3444.52157	-1890.25795	0.559603306	1.49613228e+13
8.49e-09	-236.072214	-2350.373	-2645.65967	-4152.14604	0.560433888	1.49673618e+13
8.5e-09	-230.394994	-1937.82952	-3172.00706	-5061.74764	0.561191281	1.49736369e+13
8.51e-09	54.0387607	-3308.25768	-1285.21455	-6706.04859	0.561848764	1.49800464e+13
8.52e-09	432.448476	-2552.09082	-93.8316349	-8565.5498	0.562346204	1.49864543e+13
8.53e-09	684.833853	-3191.84735	-1203.41971	-11016.6891	0.562627012	1.49926766e+13
8.54e-09	1710.71688	-4153.93515	1013.8111	-11076.4498	0.562637543	1.49984416e+13
8.55e-09	2592.16614	-1635.47104	1610.9412	-12731.5987	0.56254276	1.50036565e+13
8.56e-09	3519.76163	-2852.75894	-305.636524	-14437.7117	0.562170664	1.50081718e+13
8.57e-09	3272.49025	-2911.94392	-1946.56666	-17114.6212	0.561383038	1.50117155e+13
8.58e-09	2258.49865	-362.614966	-1307.23611	-18400.9846	0.5603101	1.50139806e+13
8.59e-09	840.95979	-1288.25015	-2198.39475	-18603.2114	0.558988351	1.50148261e+13
8.6e-09	1084.89343	474.584771	-875.268934	-18467.7844	0.55779056	1.50143066e+13
8.61e-09	1041.75084	-667.962857	-4465.97431	-18412.7648	0.55673184	1.50127165e+13
8.62e-09	1936.23703	821.514166	-4281.82697	-19499.9054	0.55568623	1.5010196e+13
8.63e-09	3027.50221	70.9284474	-3228.46472	-17254.1323	0.554759657	1.50068591e+13
8.64e-09	1037.0765	1229.10803	-3433.14678	-15857.9914	0.554120848	1.50030636e+13
8.65e-09	484.341463	912.054918	-3345.93433	-15557.8601	0.553784871	1.49991415e+13
8.66e-09	-244.84385	1535.87676	-2628.91372	-16457.365	0.553432826	1.4995258e+13
8.67e-09	1141.58943	408.22218	-4139.45656	-17359.5432	0.552885164	1.49913018e+13
8.68e-09	67.9525543	778.17037	-3989.02476	-16489.5038	0.552401393	1.49871498e+13
8.69e-09	883.671988	-504.632199	-4212.36748	-16345.9482	0.551948496	1.49829477e+13
8.7e-09	1304.73316	-2473.22547	-3438.18401	-15007.8733	0.55157977	1.49787011e+13
8.71e-09	1802.76188	-2619.18824	-2573.58976	-13258.146	0.551620811	1.49746575e+13
8.72e-09	831.636697	-2929.91044	-3136.35195	-14543.8082	0.551703005	1.49710924e+13
8.73e-09	1048.76021	-2756.89391	-1891.75763	-13575.5804	0.55172634	1.49678824e+13
8.74e-09	1790.5356	-4833.86952	-3749.78539	-16580.6598	0.551522562	1.49649822e+13
8.75e-09	3646.80444	-5203.21504	-6394.1014	-14638.6139	0.551112834	1.4961989e+13
8.76e-09	2769.18236	-3921.98108	-7079.45575	-13670.6905	0.550882949	1.49589174e+13
8.77e-09	1871.77014	-2749.08558	-5899.89062	-13244.3653	0.550723618	1.49559551e+13
8.78e-09	-407.56394	-1696.8888	-5022.03135	-12294.2784	0.550789955	1.49532126e+13
8.79e-09	-109.061607	-1894.21225	-5988.84844	-10731.0554	0.550992425	1.49508682e+13
8.8e-09	-639.613463	277.38145	-4407.23151	-10073.9981	0.551375348	1.49490178e+13
8.81e-09	1487.70782	-1452.1564	-3931.94913	-8088.85316	0.551934554	1.4947806e+13
8.82e-09	357.711302	-2205.49632	-4959.71771	-7965.41889	0.552607153	1.49473411e+13
8.83e-09	-1696.49178	-2930.46714	-8604.62831	-6678.74712	0.553154537	1.49475467e+13
8.84e-09	-948.58361	-1869.47804	-10494.5894	-5547.00764	0.553575386	1.49482154e+13
8.85e-09	-1274.381	-505.098588	-12249.4423	-3257.95368	0.553805316	1.49491569e+13
8.86e-09	-2157.81616	-1565.59787	-12913.537	-200.402376	0.553986342	1.49502092e+13
8.87e-09	-1289.73976	-246.417901	-15398.8437	164.928716	0.553955388	1.49512797e+13
8.88e-09	-1197.21651	-1328.91481	-15763.0187	1262.988	0.553657951	1.4952077e+13
8.89e-09	459.882776	-1179.83004	-12408.7284	1979.76124	0.553628321	1.49525538e+13
8.9e-09	192.651112	827.017366	-14329.6824	2585.3217	0.553707847	1.49531093e+13
8.91e-09	1704.1537	1664.98106	-14879.239	2383.79217	0.55347859	1.49535217e+13
8.92e-09	3101.79698	1150.49283	-14502.8248	2570.71114	0.55328082	1.49536675e+13
8.93e-09	2106.13614	-133.42384	-14485.1807	4061.75176	0.553168585	1.49536451e+13
8.94e-09	1225.6451	-951.68432	-14639.2908	4393.27018	0.552962519	1.49534594e+13
8.95e-09	17.459281	-2215.12462	-15056.2118	4132.65658	0.552741534	1.49530799e+13
8.96e-09	138.425075	-177.22911	-16758.146	4913.32879	0.552378976	1.49524731e+13
8.97e-09	-1692.62351	1477.83379	-18056.1977	5178.13311	0.55178421	1.49514467e+13
8.98e-09	-378.596039	-316.622799	-17971.9064	6739.47971	0.551105107	1.49498572e+13
8.99e-09	140.180981	235.410009	-17365.6396	6596.17911	0.550467402	1.49477528e+13
9e-09	-1565.7299	-904.504543	-15787.724	5957.32674	0.550001728	1.49452787e+13
9.01e-09	-108.537588	-2846.17564	-15426.2268	7112.83091	0.549621421	1.49426312e+13
9.02e-09	2.41896752	-2941.10413	-14607.5382	8211.56914	0.549273127	1.49398657e+13
9.03e-09	-1384.52335	-2526.48469	-14750.3313	9092.22931	0.549051004	1.49370854e+13
9.04e-09	-431.486639	-1151.43693	-13377.9718	9136.26207	0.548861317	1.4934331e+13
9.05e-09	306.653247	-458.419475	-12900.09	7950.77308	0.548795363	1.49316938e+13
9.06e-09	-546.753418	955.884421	-12407.2859	7171.7249	0.548901259	1.49293288e+13
9.07e-09	-651.333412	1428.62542	-12454.6262	7280.18864	0.549034593	1.49273094e+13
9.08e-09	-3588.99228	1186.36863	-10459.5199	6970.59536	0.549208234	1.49256274e+13
9.09e-09	-4214.06796	2098.09558	-9785.43466	5219.32039	0.549651707	1.49243952e+13
9.1e-09	-2801.18204	2776.48137	-9711.63627	4684.26165	0.550162266	1.49237636e+13
9.11e-09	-203.713749	4090.46674	-8811.02703	4377.14872	0.550714814	1.49237122e+13
9.12e-09	-1168.39819	2940.30051	-8504.91781	3843.1265	0.551362567	1.49242659e+13
9.13e-09	-1595.49111	2925.93138	-7054.14673	5780.62428	0.552017922	1.4925423e+13
9.14e-09	-1895.40909	3044.15474	-6738.3684	6824.65858	0.552630999	1.49271144e+13
9.15e-09	-1186.5641	2775.51643	-5155.38746	6537.5166	0.553247922	1.49292431e+13
9.16e-09	-739.768098	1387.05924	-6559.19835	6484.58269	0.553953793	1.49318493e+13
9.17e-09	-54.9458661	3524.45135	-6651.96911	7605.32249	0.554504212	1.49348594e+13
9.18e-09	1096.4193	2356.2989	-6922.86984	7929.1703	0.555028219	1.49381109e+13
9.19e-09	2127.87594	1596.72722	-8306.19904	8822.44387	0.555336833	1.49415021e+13
9.2e-09	60.7500157	3061.95588	-6735.98012	8855.25763	0.555527514	1.49447952e+13
9.21e-09	673.153615	2726.63502	-6175.14122	8268.52104	0.555867361	1.49480526e+13
9.22e-09	856.228484	3064.81658	-4910.79814	9329.87269	0.556296391	1.49513891e+13
9.23e-09	752.151878	1922.99568	-6550.17027	7079.54834	0.556717114	1.49548337e+13
9.24e-09	1678.00198	1081.71545	-4900.22514	5836.63491	0.557229558	1.49584167e+13
9.25e-09	379.71951	1807.95789	-5331.40338	5768.92079	0.557925604	1.49622793e+13
9.26e-09	260.361939	1573.59992	-5941.3769	3889.51628	0.558594434	1.4966465e+13
9.27e-09	1730.81948	1509.79258	-7215.62631	3897.721	0.559226622	1.49709257e+13
9.28e-09	379.64154	1049.60418	-5256.87372	4253.84248	0.559872186	1.49755872e+13
9.29e-09	465.538308	974.79345	-5111.38698	4229.26954	0.560518238	1.49804868e+13
9.3e-09	244.395595	-1268.97524	-6901.77457	2339.44743	0.561176226	1.49855766e+13
9.31e-09	1900.05561	-200.490823	-6297.62638	770.534439	0.561849184	1.4990848e+13
9.32e-09	3132.31341	-364.056261	-2928.43286	422.137214	0.56257647	1.49963255e+13
9.33e-09	733.501639	-73.07876	-4437.35336	-641.522884	0.563375156	1.50020701e+13
9.34e-09	915.020512	-258.768186	-2825.85414	-1361.43613	0.564192543	1.50080829e+13
9.35e-09	725.937394	-1417.49881	-2953.27423	-3086.64258	0.564979463	1.50143635e+13
9.36e-09	-84.5056547	-2014.7408	-1444.55365	-3595.85111	0.565722895	1.50208231e+13
9.37e-09	-1117.54589	-936.720547	-1099.26511	-4857.91109	0.566421122	1.5027414e+13
9.38e-09	262.840416	-1337.32579	-3617.78635	-7648.52717	0.566976906	1.50340439e+13
9.39e-09	1582.21397	-58.9872846	-2826.10321	-9460.89594	0.567272763	1.50404914e+13
9.4e-09	-92.184689	-13.4405294	-2132.37907	-10247.2155	0.567379211	1.50465364e+13
9.41e-09	-1122.43537	-440.860709	-4555.48811	-13366.1178	0.567021464	1.50519694e+13
9.42e-09	-783.597331	-322.495933	-5744.57176	-17184.8995	0.565938921	1.50562288e+13
9.43e-09	-227.12082	47.1729174	-6620.83368	-18192.9211	0.564472465	1.50587433e+13
9.44e-09	-1036.30672	204.363459	-5749.69917	-18826.0207	0.562810085	1.50594436e+13
9.45e-09	-1897.92031	-1385.92127	-4579.65619	-20224.8738	0.561042604	1.50583839e+13
9.46e-09	-919.690799	-148.807466	-4612.24158	-21383.4652	0.559221346	1.50555781e+13
9.47e-09	417.945836	1534.74771	-6121.3031	-22321.4327	0.557189908	1.50511046e+13
9.48e-09	-31.2359903	397.575982	-6331.25515	-21792.8446	0.555191979	1.50449966e+13
9.49e-09	206.632474	113.725716	-5671.06574	-20108.425	0.553736254	1.5037673e+13
9.5e-09	73.3674756	448.580128	-6448.88937	-19308.5297	0.552560663	1.50297134e+13
9.51e-09	332.349319	-645.153662	-4942.0963	-18734.4654	0.551461625	1.50213662e+13
9.52e-09	-924.213136	-1728.3989	-6478.76802	-16236.1281	0.550947049	1.50129307e+13
9.53e-09	-979.230887	-1436.4041	-4992.59702	-16599.3314	0.550598427	1.50048875e+13
9.54e-09	-1103.90059	876.146236	-3457.71392	-16655.7771	0.550283176	1.4997279e+13
9.55e-09	-1297.01623	566.029245	-2561.83639	-15118.9131	0.55007323	1.49900875e+13
9.56e-09	74.5138108	1079.05479	-4087.23795	-15138.5574	0.549980113	1.4983446e+13
9.57e-09	139.015919	811.795122	-5415.81494	-15866.8165	0.549837756	1.49773098e+13
9.58e-09	1003.65517	433.145542	-6573.23929	-17692.4211	0.549441155	1.49715122e+13
9.59e-09	451.878931	-128.93382	-5880.03409	-16899.9158	0.548911499	1.49657406e+13
9.6e-09	1880.79052	663.953839	-5983.09022	-17871.4702	0.548492139	1.49600805e+13
9.61e-09	2713.37391	2303.47538	-5106.03404	-14167.1683	0.54814594	1.49544848e+13
9.62e-09	2953.6559	751.110594	-6167.93087	-13245.2179	0.548288713	1.49493363e+13
9.63e-09	277.363129	-847.00838	-6721.52846	-12086.8006	0.548485289	1.49448486e+13
9.64e-09	-52.9736829	-393.353342	-8406.14761	-12312.4384	0.548683667	1.49409944e+13
9.65e-09	186.832972	1302.49132	-8924.7954	-11037.453	0.548906903	1.49376957e+13
9.66e-09	798.046497	-175.319702	-9341.63179	-10887.9908	0.549076573	1.4934911e+13
9.67e-09	1868.02537	-310.695181	-11409.3059	-7854.79967	0.54924032	1.49325599e+13
9.68e-09	238.979426	1443.87921	-11706.6414	-6787.41067	0.549363595	1.49305741e+13
9.69e-09	-826.184025	299.94279	-13312.8089	-4580.19023	0.549571158	1.49289439e+13
9.7e-09	-1563.2312	838.4847	-13279.8272	-3504.58925	0.549739373	1.49276385e+13
9.71e-09	-2002.6016	1052.43936	-13188.7853	-2557.47035	0.549947569	1.49266533e+13
9.72e-09	-2620.38085	2370.56945	-13319.9177	-976.625323	0.550181251	1.49259906e+13
9.73e-09	-1698.3653	2929.58489	-11811.9068	-2112.92189	0.550467959	1.4925618e+13
9.74e-09	-1756.27943	1869.85555	-10720.7881	-743.440319	0.550869809	1.49256245e+13
9.75e-09	-30.2841695	1010.08457	-13752.6122	-1187.13291	0.551276376	1.49260862e+13
9.76e-09	-114.891682	2879.21382	-14086.9036	1137.21258	0.55135182	1.49267309e+13
9.77e-09	349.461922	2474.91492	-16120.645	2880.7951	0.551249948	1.49273235e+13
9.78e-09	1586.23541	2525.39593	-16725.9132	4208.3727	0.55079686	1.49275872e+13
9.79e-09	2486.90126	295.534811	-16409.5134	3853.19768	0.550397743	1.49273773e+13
9.8e-09	1004.67179	254.517795	-16847.6401	2691.57118	0.550102028	1.49268341e+13
9.81e-09	1370.21313	712.343804	-15989.9464	4639.11525	0.549876737	1.49260807e+13
9.82e-09	1878.74485	-650.720775	-16232.1207	5058.62116	0.549573136	1.49251623e+13
9.83e-09	1948.03687	626.957934	-16388.0538	5288.59672	0.549279293	1.49240132e+13
9.84e-09	3804.49189	1385.20091	-16372.0111	6410.8825	0.54891186	1.49226571e+13
9.85e-09	3188.79664	1057.14217	-15564.9684	6358.94379	0.548538481	1.49210315e+13
9.86e-09	1517.94083	1754.0719	-15032.0159	5197.20747	0.548398147	1.49192839e+13
9.87e-09	-490.820587	151.690851	-14383.929	5652.06584	0.548353126	1.49176367e+13
9.88e-09	-1218.48681	-300.741649	-13188.6971	4871.87577	0.548514978	1.49161566e+13
9.89e-09	-1160.14288	-1619.54093	-15535.2975	4974.36039	0.548551914	1.49149818e+13
9.9e-09	-146.431809	-1658.64111	-14285.005	5450.22917	0.548486599	1.49138566e+13
9.91e-09	425.091705	-1199.64466	-14277.0292	6051.97492	0.548491499	1.49128329e+13
9.92e-09	-1206.70764	-588.340176	-13285.4503	5291.93278	0.548608032	1.49119302e+13
9.93e-09	93.0797015	683.215147	-9857.65479	4777.44368	0.548964759	1.49113317e+13
9.94e-09	450.923049	-358.838504	-10861.4117	3889.97379	0.549574	1.49112938e+13
9.95e-09	-398.734267	678.243931	-8598.65766	5504.35778	0.550178411	1.49118496e+13
9.96e-09	-1560.05404	-724.358861	-9477.9103	5766.63898	0.550743592	1.49129618e+13
9.97e-09	981.169103	389.584945	-7659.7793	6485.18871	0.551307205	1.49145178e+13
9.98e-09	33.2041678	-1732.18654	-8996.05606	6274.26092	0.551844919	1.49164964e+13
9.99e-09	1019.85071	-1439.9419	-9810.16757	6870.0709	0.552265327	1.4918776e+13
1e-08	820.193209	-2667.07156	-10874.6799	7592.80281	0.552507919	1.49211928e+13
