# Frequency [GHz] 	Fouriercomponent
-4.99967	 0.265243
-4.99633	 0.577092
-4.993	 0.608997
-4.98967	 0.72308
-4.98633	 0.531722
-4.983	 0.520606
-4.97967	 0.544123
-4.97633	 0.547227
-4.973	 0.768892
-4.96967	 0.554085
-4.96634	 0.650649
-4.963	 0.635588
-4.95967	 0.609416
-4.95634	 0.636115
-4.953	 0.564115
-4.94967	 0.580938
-4.94634	 0.72414
-4.943	 0.573143
-4.93967	 0.603751
-4.93634	 0.458675
-4.933	 0.351638
-4.92967	 0.628416
-4.92634	 0.471674
-4.92301	 0.851567
-4.91967	 0.365353
-4.91634	 0.73147
-4.91301	 0.306392
-4.90967	 0.601783
-4.90634	 0.579175
-4.90301	 0.648296
-4.89967	 0.640456
-4.89634	 0.451686
-4.89301	 0.893514
-4.88967	 0.502712
-4.88634	 0.412389
-4.88301	 0.591748
-4.87967	 0.673152
-4.87634	 0.786798
-4.87301	 0.457697
-4.86968	 0.378377
-4.86634	 0.672089
-4.86301	 0.464166
-4.85968	 0.395753
-4.85634	 0.463568
-4.85301	 0.475547
-4.84968	 0.521456
-4.84634	 0.466846
-4.84301	 0.536873
-4.83968	 0.487496
-4.83634	 0.417629
-4.83301	 0.669155
-4.82968	 0.505028
-4.82634	 0.575826
-4.82301	 0.371267
-4.81968	 0.692966
-4.81635	 0.473912
-4.81301	 0.579579
-4.80968	 0.719646
-4.80635	 0.585748
-4.80301	 0.759551
-4.79968	 0.584184
-4.79635	 0.588463
-4.79301	 0.704975
-4.78968	 0.63809
-4.78635	 1.13313
-4.78301	 0.518042
-4.77968	 0.405571
-4.77635	 0.666966
-4.77302	 0.551674
-4.76968	 0.68681
-4.76635	 0.470789
-4.76302	 0.573561
-4.75968	 0.460648
-4.75635	 0.324017
-4.75302	 0.65812
-4.74968	 0.536996
-4.74635	 0.721873
-4.74302	 0.549438
-4.73968	 0.766202
-4.73635	 0.767599
-4.73302	 0.343452
-4.72968	 0.465218
-4.72635	 0.707362
-4.72302	 0.705401
-4.71969	 0.598685
-4.71635	 0.446299
-4.71302	 0.518614
-4.70969	 0.591962
-4.70635	 0.688819
-4.70302	 0.37474
-4.69969	 0.396618
-4.69635	 0.495017
-4.69302	 0.501978
-4.68969	 0.862049
-4.68635	 0.8035
-4.68302	 0.596317
-4.67969	 0.652195
-4.67635	 0.593164
-4.67302	 0.463867
-4.66969	 0.891274
-4.66636	 0.524151
-4.66302	 0.532783
-4.65969	 0.65542
-4.65636	 0.431467
-4.65302	 0.764709
-4.64969	 0.491605
-4.64636	 0.661558
-4.64302	 0.49084
-4.63969	 0.549434
-4.63636	 0.598729
-4.63302	 0.301813
-4.62969	 0.370929
-4.62636	 0.646524
-4.62303	 0.616569
-4.61969	 0.479387
-4.61636	 0.56804
-4.61303	 0.784169
-4.60969	 0.686358
-4.60636	 0.765634
-4.60303	 0.543061
-4.59969	 0.393695
-4.59636	 0.61972
-4.59303	 0.808705
-4.58969	 0.254034
-4.58636	 0.551185
-4.58303	 0.503739
-4.57969	 0.793971
-4.57636	 0.555218
-4.57303	 0.698974
-4.5697	 0.936229
-4.56636	 0.60516
-4.56303	 0.758352
-4.5597	 0.397742
-4.55636	 0.452602
-4.55303	 0.635369
-4.5497	 0.849255
-4.54636	 0.475927
-4.54303	 0.837116
-4.5397	 0.431835
-4.53636	 0.551958
-4.53303	 0.582683
-4.5297	 1.05396
-4.52636	 0.605286
-4.52303	 0.418189
-4.5197	 0.890513
-4.51637	 0.691548
-4.51303	 0.563717
-4.5097	 0.668778
-4.50637	 0.5233
-4.50303	 0.645619
-4.4997	 0.785169
-4.49637	 0.445635
-4.49303	 0.750103
-4.4897	 0.749972
-4.48637	 0.959002
-4.48303	 0.507354
-4.4797	 0.824287
-4.47637	 0.540767
-4.47304	 0.517357
-4.4697	 0.59612
-4.46637	 0.856612
-4.46304	 0.663675
-4.4597	 0.90086
-4.45637	 0.794575
-4.45304	 0.678594
-4.4497	 0.560631
-4.44637	 0.411614
-4.44304	 0.728612
-4.4397	 0.581463
-4.43637	 0.634147
-4.43304	 0.656634
-4.4297	 0.80014
-4.42637	 0.287741
-4.42304	 0.708807
-4.41971	 0.652822
-4.41637	 0.844843
-4.41304	 0.555464
-4.40971	 0.652667
-4.40637	 0.490056
-4.40304	 0.480853
-4.39971	 0.598875
-4.39637	 0.746276
-4.39304	 0.813352
-4.38971	 0.665773
-4.38637	 0.399769
-4.38304	 0.982641
-4.37971	 0.682541
-4.37637	 0.491688
-4.37304	 0.528927
-4.36971	 0.482088
-4.36638	 0.551572
-4.36304	 0.804457
-4.35971	 0.831734
-4.35638	 0.523505
-4.35304	 0.720149
-4.34971	 0.214157
-4.34638	 0.560868
-4.34304	 0.570482
-4.33971	 0.853527
-4.33638	 0.619027
-4.33304	 0.57225
-4.32971	 0.766211
-4.32638	 0.748161
-4.32305	 0.64577
-4.31971	 0.551322
-4.31638	 0.534186
-4.31305	 0.530006
-4.30971	 0.655754
-4.30638	 0.581738
-4.30305	 0.719608
-4.29971	 0.641413
-4.29638	 0.77966
-4.29305	 0.667434
-4.28971	 0.551183
-4.28638	 0.597458
-4.28305	 0.867166
-4.27971	 0.494253
-4.27638	 0.775149
-4.27305	 0.400234
-4.26972	 0.582366
-4.26638	 0.485257
-4.26305	 0.909559
-4.25972	 0.576975
-4.25638	 0.799814
-4.25305	 0.871539
-4.24972	 0.53441
-4.24638	 0.551229
-4.24305	 0.929132
-4.23972	 0.895446
-4.23638	 0.66655
-4.23305	 0.602898
-4.22972	 0.433374
-4.22638	 0.691732
-4.22305	 0.674804
-4.21972	 0.775061
-4.21639	 0.536954
-4.21305	 0.754238
-4.20972	 0.589485
-4.20639	 0.563956
-4.20305	 0.777808
-4.19972	 0.888024
-4.19639	 0.503942
-4.19305	 0.572422
-4.18972	 0.625685
-4.18639	 0.7088
-4.18305	 0.762005
-4.17972	 0.587304
-4.17639	 0.634581
-4.17306	 0.901193
-4.16972	 0.509014
-4.16639	 0.615133
-4.16306	 0.401376
-4.15972	 0.71476
-4.15639	 0.48458
-4.15306	 0.674322
-4.14972	 0.674972
-4.14639	 0.707246
-4.14306	 0.636762
-4.13972	 0.584723
-4.13639	 0.614058
-4.13306	 0.771073
-4.12972	 1.01036
-4.12639	 0.560843
-4.12306	 0.844089
-4.11973	 0.765748
-4.11639	 0.805898
-4.11306	 0.711708
-4.10973	 0.390676
-4.10639	 0.544796
-4.10306	 0.649772
-4.09973	 0.709818
-4.09639	 0.648196
-4.09306	 0.868595
-4.08973	 0.622898
-4.08639	 0.67275
-4.08306	 0.447328
-4.07973	 0.567274
-4.07639	 0.788624
-4.07306	 1.05486
-4.06973	 0.461595
-4.0664	 0.834018
-4.06306	 0.908642
-4.05973	 0.609251
-4.0564	 0.566204
-4.05306	 0.6206
-4.04973	 0.715775
-4.0464	 0.677988
-4.04306	 0.581045
-4.03973	 0.636317
-4.0364	 0.776932
-4.03306	 0.464463
-4.02973	 0.447298
-4.0264	 0.473616
-4.02307	 0.542359
-4.01973	 0.74854
-4.0164	 0.730656
-4.01307	 0.647684
-4.00973	 0.83955
-4.0064	 0.594003
-4.00307	 0.837062
-3.99973	 0.647009
-3.9964	 0.671504
-3.99307	 0.828814
-3.98973	 0.543461
-3.9864	 0.861198
-3.98307	 0.902907
-3.97973	 0.41539
-3.9764	 0.544065
-3.97307	 0.518758
-3.96974	 0.561303
-3.9664	 0.527553
-3.96307	 0.887761
-3.95974	 0.595748
-3.9564	 0.395694
-3.95307	 0.526111
-3.94974	 0.659941
-3.9464	 0.513394
-3.94307	 0.550584
-3.93974	 0.840997
-3.9364	 0.571278
-3.93307	 0.619528
-3.92974	 0.452445
-3.9264	 0.517842
-3.92307	 0.773813
-3.91974	 0.718431
-3.91641	 0.889974
-3.91307	 0.687866
-3.90974	 0.538623
-3.90641	 0.614561
-3.90307	 0.562374
-3.89974	 0.61187
-3.89641	 0.530726
-3.89307	 0.884657
-3.88974	 0.45948
-3.88641	 0.75614
-3.88307	 0.919048
-3.87974	 0.648873
-3.87641	 0.728381
-3.87308	 0.811351
-3.86974	 0.898951
-3.86641	 0.701998
-3.86308	 0.602948
-3.85974	 0.85289
-3.85641	 0.640148
-3.85308	 0.628325
-3.84974	 0.921794
-3.84641	 0.783353
-3.84308	 0.607892
-3.83974	 0.53885
-3.83641	 0.919532
-3.83308	 0.668792
-3.82974	 0.852081
-3.82641	 0.690716
-3.82308	 0.651516
-3.81975	 0.806488
-3.81641	 0.597894
-3.81308	 0.725635
-3.80975	 0.548483
-3.80641	 0.54293
-3.80308	 0.590955
-3.79975	 0.385643
-3.79641	 0.569675
-3.79308	 1.03798
-3.78975	 0.626029
-3.78641	 0.625056
-3.78308	 0.533475
-3.77975	 0.910947
-3.77641	 0.947778
-3.77308	 0.579768
-3.76975	 0.435518
-3.76642	 0.662908
-3.76308	 0.581673
-3.75975	 1.05368
-3.75642	 0.729472
-3.75308	 0.518294
-3.74975	 0.684984
-3.74642	 0.630558
-3.74308	 1.01533
-3.73975	 0.819704
-3.73642	 0.704435
-3.73308	 0.641195
-3.72975	 0.995795
-3.72642	 0.994594
-3.72309	 0.696882
-3.71975	 0.545861
-3.71642	 0.638545
-3.71309	 0.402499
-3.70975	 0.531775
-3.70642	 0.745778
-3.70309	 0.626673
-3.69975	 0.867242
-3.69642	 0.510705
-3.69309	 0.467531
-3.68975	 0.56383
-3.68642	 0.550769
-3.68309	 0.872215
-3.67975	 0.339034
-3.67642	 0.509763
-3.67309	 0.658226
-3.66976	 0.438834
-3.66642	 0.761903
-3.66309	 0.523926
-3.65976	 0.522104
-3.65642	 0.756728
-3.65309	 0.820129
-3.64976	 0.723898
-3.64642	 0.840124
-3.64309	 0.530857
-3.63976	 0.584022
-3.63642	 0.943261
-3.63309	 0.517219
-3.62976	 0.795452
-3.62642	 0.736105
-3.62309	 0.565668
-3.61976	 0.606425
-3.61643	 0.752306
-3.61309	 0.751675
-3.60976	 0.399289
-3.60643	 0.608587
-3.60309	 0.69322
-3.59976	 1.12081
-3.59643	 0.510568
-3.59309	 0.475091
-3.58976	 0.681911
-3.58643	 0.507158
-3.58309	 0.687312
-3.57976	 0.380187
-3.57643	 0.447836
-3.5731	 0.802936
-3.56976	 0.647968
-3.56643	 0.670798
-3.5631	 0.724013
-3.55976	 0.843104
-3.55643	 0.608202
-3.5531	 0.5762
-3.54976	 0.656555
-3.54643	 0.738419
-3.5431	 0.66645
-3.53976	 0.592417
-3.53643	 1.10041
-3.5331	 0.625539
-3.52976	 0.781837
-3.52643	 0.419599
-3.5231	 0.764162
-3.51977	 0.759959
-3.51643	 0.873392
-3.5131	 0.880801
-3.50977	 0.639582
-3.50643	 0.674552
-3.5031	 0.749859
-3.49977	 0.723425
-3.49643	 0.819383
-3.4931	 0.716217
-3.48977	 0.514484
-3.48643	 1.12104
-3.4831	 0.616012
-3.47977	 0.687756
-3.47643	 0.74807
-3.4731	 0.697004
-3.46977	 0.856448
-3.46644	 0.849116
-3.4631	 0.688705
-3.45977	 0.627137
-3.45644	 0.464436
-3.4531	 0.853137
-3.44977	 0.637993
-3.44644	 0.676732
-3.4431	 0.785487
-3.43977	 0.821313
-3.43644	 0.593515
-3.4331	 0.744563
-3.42977	 1.03241
-3.42644	 0.496841
-3.42311	 0.668628
-3.41977	 0.482586
-3.41644	 0.978596
-3.41311	 0.670391
-3.40977	 0.81446
-3.40644	 0.902312
-3.40311	 0.530665
-3.39977	 0.71318
-3.39644	 0.899607
-3.39311	 0.572919
-3.38977	 0.54323
-3.38644	 0.748337
-3.38311	 0.770483
-3.37977	 1.04428
-3.37644	 0.766824
-3.37311	 0.393601
-3.36978	 0.592907
-3.36644	 0.556888
-3.36311	 0.699973
-3.35978	 0.79156
-3.35644	 0.392589
-3.35311	 0.549952
-3.34978	 0.623223
-3.34644	 0.484409
-3.34311	 0.481928
-3.33978	 0.771805
-3.33644	 0.868292
-3.33311	 0.87953
-3.32978	 0.509861
-3.32644	 0.587206
-3.32311	 0.508417
-3.31978	 0.73657
-3.31645	 0.35831
-3.31311	 0.976642
-3.30978	 0.936604
-3.30645	 0.449404
-3.30311	 0.949324
-3.29978	 0.747942
-3.29645	 0.627459
-3.29311	 0.729495
-3.28978	 0.691104
-3.28645	 0.869619
-3.28311	 0.652696
-3.27978	 0.504033
-3.27645	 0.776096
-3.27312	 0.515976
-3.26978	 0.621308
-3.26645	 0.56581
-3.26312	 0.859773
-3.25978	 0.601284
-3.25645	 0.821609
-3.25312	 1.04133
-3.24978	 1.0278
-3.24645	 0.876707
-3.24312	 0.681805
-3.23978	 0.656874
-3.23645	 0.783484
-3.23312	 0.717061
-3.22978	 0.856731
-3.22645	 0.571014
-3.22312	 0.60112
-3.21979	 0.673213
-3.21645	 0.485093
-3.21312	 0.723885
-3.20979	 0.652301
-3.20645	 0.827304
-3.20312	 0.984729
-3.19979	 0.711337
-3.19645	 0.916374
-3.19312	 0.482634
-3.18979	 0.538217
-3.18645	 0.45877
-3.18312	 0.855592
-3.17979	 0.512825
-3.17645	 1.13119
-3.17312	 1.07566
-3.16979	 0.730584
-3.16646	 0.717014
-3.16312	 0.64058
-3.15979	 0.917143
-3.15646	 0.779425
-3.15312	 0.732409
-3.14979	 1.11003
-3.14646	 0.890056
-3.14312	 0.89518
-3.13979	 0.646309
-3.13646	 0.293633
-3.13312	 1.00155
-3.12979	 0.817684
-3.12646	 0.643382
-3.12313	 0.696542
-3.11979	 0.622223
-3.11646	 0.780937
-3.11313	 1.02002
-3.10979	 0.731101
-3.10646	 0.840999
-3.10313	 0.764018
-3.09979	 0.592054
-3.09646	 0.771279
-3.09313	 1.32245
-3.08979	 0.917735
-3.08646	 0.738961
-3.08313	 0.978765
-3.07979	 0.608933
-3.07646	 0.668219
-3.07313	 0.85921
-3.0698	 0.523513
-3.06646	 0.801666
-3.06313	 0.595894
-3.0598	 0.754426
-3.05646	 0.808423
-3.05313	 0.674506
-3.0498	 0.655504
-3.04646	 0.811064
-3.04313	 0.803467
-3.0398	 0.651977
-3.03646	 0.612773
-3.03313	 0.562353
-3.0298	 0.656032
-3.02646	 0.776918
-3.02313	 0.580713
-3.0198	 0.630289
-3.01647	 0.709651
-3.01313	 0.473134
-3.0098	 0.843392
-3.00647	 1.09996
-3.00313	 0.639984
-2.9998	 0.735294
-2.99647	 0.480217
-2.99313	 0.813051
-2.9898	 0.512847
-2.98647	 1.08816
-2.98313	 0.83547
-2.9798	 0.822927
-2.97647	 0.70237
-2.97314	 0.70765
-2.9698	 0.910196
-2.96647	 0.989339
-2.96314	 0.950128
-2.9598	 0.646114
-2.95647	 0.934351
-2.95314	 0.801387
-2.9498	 1.24979
-2.94647	 0.953595
-2.94314	 0.739849
-2.9398	 0.999815
-2.93647	 0.890248
-2.93314	 0.718649
-2.9298	 1.02864
-2.92647	 0.7781
-2.92314	 0.918357
-2.91981	 1.27976
-2.91647	 0.748039
-2.91314	 0.988653
-2.90981	 0.637143
-2.90647	 0.522257
-2.90314	 0.517709
-2.89981	 0.919747
-2.89647	 0.741846
-2.89314	 0.650459
-2.88981	 0.758066
-2.88647	 0.725773
-2.88314	 0.998514
-2.87981	 1.00925
-2.87647	 0.644467
-2.87314	 0.774644
-2.86981	 0.490843
-2.86648	 0.828496
-2.86314	 0.643449
-2.85981	 0.671845
-2.85648	 0.499226
-2.85314	 0.910143
-2.84981	 0.668973
-2.84648	 0.531608
-2.84314	 0.639552
-2.83981	 0.397837
-2.83648	 0.624012
-2.83314	 0.774018
-2.82981	 0.598416
-2.82648	 0.732737
-2.82315	 1.07237
-2.81981	 0.78224
-2.81648	 0.84472
-2.81315	 0.945117
-2.80981	 0.46638
-2.80648	 0.712692
-2.80315	 0.659442
-2.79981	 0.634827
-2.79648	 0.790923
-2.79315	 0.865232
-2.78981	 0.880979
-2.78648	 0.869351
-2.78315	 0.818494
-2.77981	 0.868021
-2.77648	 0.821029
-2.77315	 0.797269
-2.76982	 0.635703
-2.76648	 1.0069
-2.76315	 0.661726
-2.75982	 0.950581
-2.75648	 0.991536
-2.75315	 0.603526
-2.74982	 0.586488
-2.74648	 0.854885
-2.74315	 0.623283
-2.73982	 0.866316
-2.73648	 0.723646
-2.73315	 0.674192
-2.72982	 0.647993
-2.72648	 0.944157
-2.72315	 0.903202
-2.71982	 0.778266
-2.71649	 0.72553
-2.71315	 0.419513
-2.70982	 0.953042
-2.70649	 0.810364
-2.70315	 0.62856
-2.69982	 0.79799
-2.69649	 0.928913
-2.69315	 0.880582
-2.68982	 0.683547
-2.68649	 0.764278
-2.68315	 0.751512
-2.67982	 0.689934
-2.67649	 0.689172
-2.67316	 0.952513
-2.66982	 0.709731
-2.66649	 0.671216
-2.66316	 0.668055
-2.65982	 0.804054
-2.65649	 0.670903
-2.65316	 0.925459
-2.64982	 0.572294
-2.64649	 1.00409
-2.64316	 0.802681
-2.63982	 0.612962
-2.63649	 0.645461
-2.63316	 1.06712
-2.62982	 0.543788
-2.62649	 0.846154
-2.62316	 0.817532
-2.61983	 0.409929
-2.61649	 0.692338
-2.61316	 0.773555
-2.60983	 0.792119
-2.60649	 0.637424
-2.60316	 0.574685
-2.59983	 0.817482
-2.59649	 0.803803
-2.59316	 0.760638
-2.58983	 0.736031
-2.58649	 0.606201
-2.58316	 0.884267
-2.57983	 1.21328
-2.57649	 0.755661
-2.57316	 0.856783
-2.56983	 1.09177
-2.5665	 0.617569
-2.56316	 0.784918
-2.55983	 0.89932
-2.5565	 0.521985
-2.55316	 0.850125
-2.54983	 0.638123
-2.5465	 0.801899
-2.54316	 0.737434
-2.53983	 0.829849
-2.5365	 0.91238
-2.53316	 0.522366
-2.52983	 0.601689
-2.5265	 0.990205
-2.52317	 1.12515
-2.51983	 0.870161
-2.5165	 0.852237
-2.51317	 0.795552
-2.50983	 0.666962
-2.5065	 0.77032
-2.50317	 0.690314
-2.49983	 0.448078
-2.4965	 0.595746
-2.49317	 0.67644
-2.48983	 0.708521
-2.4865	 0.837764
-2.48317	 0.583681
-2.47983	 0.723839
-2.4765	 0.839507
-2.47317	 0.805723
-2.46984	 0.836318
-2.4665	 0.85477
-2.46317	 1.06854
-2.45984	 0.954123
-2.4565	 0.652358
-2.45317	 0.838136
-2.44984	 0.639153
-2.4465	 0.581304
-2.44317	 0.921116
-2.43984	 0.810132
-2.4365	 0.478488
-2.43317	 0.818434
-2.42984	 0.947326
-2.4265	 0.650887
-2.42317	 1.0331
-2.41984	 0.845053
-2.41651	 0.917731
-2.41317	 0.940942
-2.40984	 0.83881
-2.40651	 0.605367
-2.40317	 0.764276
-2.39984	 0.834723
-2.39651	 0.859523
-2.39317	 0.891133
-2.38984	 1.29563
-2.38651	 1.11724
-2.38317	 0.757121
-2.37984	 0.772076
-2.37651	 0.93694
-2.37318	 0.652994
-2.36984	 0.86779
-2.36651	 0.823382
-2.36318	 0.568101
-2.35984	 1.08502
-2.35651	 1.31541
-2.35318	 0.859606
-2.34984	 1.13222
-2.34651	 0.926034
-2.34318	 0.719301
-2.33984	 0.495845
-2.33651	 1.0771
-2.33318	 0.611488
-2.32984	 0.836954
-2.32651	 0.770991
-2.32318	 0.883848
-2.31985	 0.643475
-2.31651	 0.848879
-2.31318	 0.772166
-2.30985	 0.984749
-2.30651	 0.827247
-2.30318	 0.468748
-2.29985	 0.831907
-2.29651	 0.985258
-2.29318	 0.76906
-2.28985	 1.04534
-2.28651	 0.994264
-2.28318	 0.914204
-2.27985	 0.905303
-2.27651	 0.935009
-2.27318	 0.651518
-2.26985	 0.767879
-2.26652	 0.876472
-2.26318	 0.779973
-2.25985	 0.863471
-2.25652	 0.75235
-2.25318	 0.806464
-2.24985	 0.658751
-2.24652	 0.93153
-2.24318	 0.958238
-2.23985	 0.688655
-2.23652	 0.847622
-2.23318	 0.836204
-2.22985	 0.527394
-2.22652	 0.696985
-2.22319	 0.775546
-2.21985	 0.708568
-2.21652	 0.893716
-2.21319	 0.682765
-2.20985	 0.634004
-2.20652	 0.791688
-2.20319	 0.681819
-2.19985	 0.793489
-2.19652	 0.710029
-2.19319	 1.06503
-2.18985	 1.2077
-2.18652	 1.05536
-2.18319	 0.443582
-2.17985	 0.797903
-2.17652	 1.1061
-2.17319	 0.676117
-2.16986	 1.00818
-2.16652	 0.666332
-2.16319	 0.858906
-2.15986	 0.769895
-2.15652	 0.738333
-2.15319	 0.847973
-2.14986	 1.0703
-2.14652	 1.15753
-2.14319	 1.03464
-2.13986	 0.630501
-2.13652	 0.717846
-2.13319	 0.697768
-2.12986	 0.457012
-2.12652	 1.10909
-2.12319	 0.783857
-2.11986	 0.7207
-2.11653	 1.20374
-2.11319	 0.70621
-2.10986	 0.765769
-2.10653	 0.685473
-2.10319	 1.05379
-2.09986	 1.01697
-2.09653	 0.791894
-2.09319	 1.02441
-2.08986	 0.680318
-2.08653	 0.702644
-2.08319	 0.555581
-2.07986	 0.727199
-2.07653	 0.971457
-2.0732	 0.696663
-2.06986	 0.814213
-2.06653	 1.04286
-2.0632	 0.794524
-2.05986	 0.974095
-2.05653	 0.86066
-2.0532	 1.07588
-2.04986	 1.02125
-2.04653	 0.699471
-2.0432	 1.01348
-2.03986	 0.683726
-2.03653	 1.33692
-2.0332	 0.871205
-2.02986	 0.793668
-2.02653	 0.625766
-2.0232	 0.433688
-2.01987	 1.21407
-2.01653	 0.803692
-2.0132	 1.17883
-2.00987	 0.791288
-2.00653	 1.05307
-2.0032	 0.899225
-1.99987	 0.975485
-1.99653	 0.770162
-1.9932	 0.757877
-1.98987	 0.870858
-1.98653	 0.940167
-1.9832	 0.973161
-1.97987	 1.19446
-1.97653	 0.868655
-1.9732	 0.749944
-1.96987	 0.761785
-1.96654	 0.744185
-1.9632	 0.513164
-1.95987	 1.09105
-1.95654	 0.728224
-1.9532	 1.15916
-1.94987	 0.879883
-1.94654	 0.848785
-1.9432	 0.775248
-1.93987	 0.721347
-1.93654	 1.1291
-1.9332	 1.17075
-1.92987	 0.945301
-1.92654	 0.609201
-1.92321	 1.14814
-1.91987	 0.702476
-1.91654	 0.994048
-1.91321	 1.03799
-1.90987	 1.20893
-1.90654	 0.98169
-1.90321	 1.06736
-1.89987	 0.792518
-1.89654	 0.704724
-1.89321	 0.45386
-1.88987	 0.853457
-1.88654	 0.79359
-1.88321	 0.485438
-1.87987	 0.965219
-1.87654	 0.68907
-1.87321	 1.26511
-1.86988	 0.972911
-1.86654	 0.869629
-1.86321	 0.66993
-1.85988	 1.02941
-1.85654	 0.928296
-1.85321	 0.398965
-1.84988	 0.756981
-1.84654	 0.683527
-1.84321	 0.657487
-1.83988	 0.824826
-1.83654	 0.948075
-1.83321	 0.857637
-1.82988	 0.822457
-1.82654	 0.811427
-1.82321	 0.840499
-1.81988	 1.00282
-1.81655	 0.815624
-1.81321	 0.475386
-1.80988	 0.586345
-1.80655	 1.06414
-1.80321	 1.25967
-1.79988	 0.787184
-1.79655	 0.664617
-1.79321	 0.809466
-1.78988	 0.961389
-1.78655	 0.716149
-1.78321	 0.614071
-1.77988	 0.696631
-1.77655	 0.997964
-1.77322	 1.26598
-1.76988	 0.562707
-1.76655	 0.782833
-1.76322	 0.874791
-1.75988	 1.04688
-1.75655	 0.705138
-1.75322	 1.02072
-1.74988	 0.963618
-1.74655	 0.828107
-1.74322	 0.897719
-1.73988	 0.941262
-1.73655	 0.905622
-1.73322	 0.863928
-1.72988	 0.831348
-1.72655	 0.70496
-1.72322	 0.950471
-1.71989	 0.726997
-1.71655	 0.687371
-1.71322	 0.869755
-1.70989	 0.893668
-1.70655	 1.32434
-1.70322	 0.98733
-1.69989	 0.683075
-1.69655	 0.623781
-1.69322	 0.850453
-1.68989	 1.09553
-1.68655	 0.922136
-1.68322	 0.730609
-1.67989	 1.31793
-1.67655	 0.524983
-1.67322	 0.5292
-1.66989	 0.716158
-1.66656	 0.777247
-1.66322	 0.744292
-1.65989	 0.836879
-1.65656	 0.926554
-1.65322	 0.956657
-1.64989	 0.907905
-1.64656	 0.517493
-1.64322	 1.40645
-1.63989	 1.08951
-1.63656	 1.28133
-1.63322	 0.88175
-1.62989	 0.677146
-1.62656	 1.49336
-1.62323	 0.556158
-1.61989	 0.802932
-1.61656	 0.660886
-1.61323	 0.603724
-1.60989	 0.67057
-1.60656	 1.05033
-1.60323	 0.326147
-1.59989	 0.846423
-1.59656	 0.740345
-1.59323	 1.10254
-1.58989	 0.81027
-1.58656	 0.632206
-1.58323	 0.757486
-1.57989	 0.782368
-1.57656	 1.5564
-1.57323	 0.959811
-1.5699	 0.851073
-1.56656	 0.863322
-1.56323	 0.745913
-1.5599	 1.17182
-1.55656	 0.887152
-1.55323	 0.721887
-1.5499	 0.542556
-1.54656	 1.22022
-1.54323	 0.991192
-1.5399	 0.739266
-1.53656	 0.795806
-1.53323	 1.04016
-1.5299	 0.546404
-1.52656	 1.05647
-1.52323	 1.39195
-1.5199	 0.813884
-1.51657	 0.799551
-1.51323	 0.668707
-1.5099	 0.731279
-1.50657	 1.38204
-1.50323	 1.01804
-1.4999	 0.723498
-1.49657	 0.914486
-1.49323	 1.03969
-1.4899	 1.08061
-1.48657	 1.22479
-1.48323	 0.896493
-1.4799	 0.892805
-1.47657	 1.07006
-1.47324	 0.839339
-1.4699	 0.645196
-1.46657	 0.818764
-1.46324	 0.837355
-1.4599	 0.900352
-1.45657	 0.520769
-1.45324	 0.682881
-1.4499	 0.803784
-1.44657	 0.981562
-1.44324	 0.841046
-1.4399	 0.76182
-1.43657	 0.875056
-1.43324	 0.752606
-1.4299	 0.717131
-1.42657	 0.674484
-1.42324	 0.90121
-1.41991	 0.85517
-1.41657	 0.753736
-1.41324	 0.625337
-1.40991	 0.698232
-1.40657	 0.561538
-1.40324	 0.845984
-1.39991	 0.887227
-1.39657	 0.802581
-1.39324	 1.08865
-1.38991	 1.0494
-1.38657	 0.940219
-1.38324	 0.86252
-1.37991	 0.911212
-1.37657	 0.774945
-1.37324	 0.795424
-1.36991	 0.603561
-1.36658	 1.28921
-1.36324	 0.931925
-1.35991	 1.13916
-1.35658	 0.916187
-1.35324	 0.579252
-1.34991	 0.716537
-1.34658	 0.632107
-1.34324	 0.978084
-1.33991	 1.29209
-1.33658	 0.824576
-1.33324	 0.589051
-1.32991	 0.916653
-1.32658	 0.746832
-1.32325	 0.932848
-1.31991	 0.87996
-1.31658	 1.04369
-1.31325	 0.860395
-1.30991	 0.756103
-1.30658	 0.762842
-1.30325	 0.952314
-1.29991	 1.04191
-1.29658	 1.01296
-1.29325	 0.829028
-1.28991	 0.965009
-1.28658	 0.924863
-1.28325	 1.34627
-1.27991	 1.09241
-1.27658	 0.752762
-1.27325	 1.05901
-1.26992	 1.44354
-1.26658	 1.08184
-1.26325	 0.756875
-1.25992	 0.892756
-1.25658	 0.509291
-1.25325	 0.722437
-1.24992	 0.83792
-1.24658	 0.676006
-1.24325	 0.942682
-1.23992	 0.69106
-1.23658	 1.2475
-1.23325	 0.744006
-1.22992	 0.722786
-1.22658	 1.21688
-1.22325	 0.928159
-1.21992	 1.01032
-1.21659	 0.968792
-1.21325	 1.34802
-1.20992	 0.815539
-1.20659	 0.84653
-1.20325	 0.60419
-1.19992	 0.725958
-1.19659	 0.464823
-1.19325	 0.759732
-1.18992	 0.767813
-1.18659	 0.956356
-1.18325	 0.865116
-1.17992	 0.893494
-1.17659	 0.88594
-1.17326	 0.965017
-1.16992	 0.835846
-1.16659	 0.933293
-1.16326	 1.35952
-1.15992	 0.949185
-1.15659	 0.578517
-1.15326	 0.77599
-1.14992	 0.962578
-1.14659	 1.25531
-1.14326	 1.2365
-1.13992	 0.898522
-1.13659	 1.10392
-1.13326	 0.66864
-1.12992	 1.33607
-1.12659	 0.642022
-1.12326	 0.813039
-1.11993	 0.814045
-1.11659	 0.766821
-1.11326	 0.875566
-1.10993	 0.930911
-1.10659	 0.925578
-1.10326	 0.929074
-1.09993	 1.15546
-1.09659	 0.879471
-1.09326	 0.79273
-1.08993	 0.863087
-1.08659	 1.04081
-1.08326	 0.993594
-1.07993	 0.600121
-1.07659	 0.657509
-1.07326	 0.637988
-1.06993	 0.859392
-1.0666	 0.718346
-1.06326	 0.958099
-1.05993	 0.982621
-1.0566	 0.882693
-1.05326	 1.01971
-1.04993	 1.08113
-1.0466	 0.967929
-1.04326	 1.23946
-1.03993	 0.528613
-1.0366	 1.3304
-1.03326	 1.16809
-1.02993	 1.05464
-1.0266	 1.0076
-1.02327	 1.01876
-1.01993	 0.776897
-1.0166	 0.745947
-1.01327	 0.944309
-1.00993	 0.3635
-1.0066	 0.965829
-1.00327	 0.798363
-0.999933	 0.848428
-0.9966	 0.752935
-0.993267	 0.868744
-0.989934	 0.848603
-0.986601	 0.886288
-0.983268	 0.816023
-0.979935	 1.16403
-0.976602	 1.03628
-0.973268	 0.719791
-0.969935	 1.36589
-0.966602	 0.843795
-0.963269	 1.31801
-0.959936	 0.47772
-0.956603	 0.750734
-0.95327	 0.891141
-0.949937	 1.02597
-0.946604	 1.17661
-0.94327	 0.865224
-0.939937	 0.923535
-0.936604	 1.63809
-0.933271	 0.741978
-0.929938	 1.46705
-0.926605	 0.695922
-0.923272	 0.902261
-0.919939	 1.07812
-0.916606	 1.05361
-0.913272	 0.516399
-0.909939	 0.725896
-0.906606	 1.23255
-0.903273	 0.443115
-0.89994	 0.643077
-0.896607	 0.823158
-0.893274	 0.926125
-0.889941	 0.803476
-0.886608	 1.09228
-0.883274	 0.722568
-0.879941	 1.20258
-0.876608	 0.974138
-0.873275	 1.10167
-0.869942	 0.855893
-0.866609	 0.928974
-0.863276	 0.63396
-0.859943	 0.717593
-0.85661	 1.22411
-0.853276	 1.25257
-0.849943	 1.08677
-0.84661	 1.10077
-0.843277	 0.444131
-0.839944	 0.931378
-0.836611	 0.995404
-0.833278	 0.61984
-0.829945	 1.89925
-0.826612	 0.764495
-0.823278	 0.871387
-0.819945	 1.03842
-0.816612	 1.15003
-0.813279	 1.05809
-0.809946	 0.626103
-0.806613	 0.931004
-0.80328	 1.05726
-0.799947	 1.16563
-0.796614	 0.826342
-0.79328	 0.79886
-0.789947	 1.12058
-0.786614	 0.761009
-0.783281	 1.12652
-0.779948	 1.0085
-0.776615	 0.882121
-0.773282	 0.785945
-0.769949	 0.496248
-0.766616	 1.04888
-0.763282	 1.11554
-0.759949	 0.676441
-0.756616	 1.09659
-0.753283	 1.32065
-0.74995	 0.735629
-0.746617	 0.848332
-0.743284	 0.998306
-0.739951	 0.784755
-0.736618	 0.77085
-0.733284	 1.0357
-0.729951	 1.27503
-0.726618	 1.22597
-0.723285	 0.871124
-0.719952	 0.865348
-0.716619	 1.38021
-0.713286	 0.782131
-0.709953	 1.12499
-0.70662	 1.25279
-0.703286	 1.02526
-0.699953	 0.842125
-0.69662	 0.785786
-0.693287	 0.921282
-0.689954	 0.91814
-0.686621	 1.26257
-0.683288	 1.24714
-0.679955	 0.970224
-0.676622	 0.776731
-0.673288	 0.77583
-0.669955	 0.586763
-0.666622	 0.884563
-0.663289	 0.919791
-0.659956	 0.894213
-0.656623	 0.931112
-0.65329	 0.770058
-0.649957	 0.629286
-0.646624	 1.06646
-0.64329	 0.971489
-0.639957	 0.786979
-0.636624	 1.08318
-0.633291	 1.22148
-0.629958	 0.626049
-0.626625	 0.875043
-0.623292	 1.41322
-0.619959	 0.777737
-0.616626	 0.808721
-0.613292	 0.877181
-0.609959	 1.20954
-0.606626	 0.816809
-0.603293	 0.987331
-0.59996	 1.22216
-0.596627	 0.953768
-0.593294	 0.740347
-0.589961	 1.05786
-0.586628	 0.783277
-0.583294	 0.935673
-0.579961	 0.904883
-0.576628	 0.862766
-0.573295	 0.949667
-0.569962	 0.780046
-0.566629	 1.18873
-0.563296	 1.2156
-0.559963	 0.936538
-0.55663	 1.08246
-0.553296	 0.88738
-0.549963	 1.11127
-0.54663	 1.06111
-0.543297	 0.880539
-0.539964	 0.482576
-0.536631	 1.17468
-0.533298	 1.1841
-0.529965	 1.11038
-0.526632	 1.21072
-0.523298	 0.744895
-0.519965	 0.940847
-0.516632	 0.903077
-0.513299	 0.641122
-0.509966	 1.12372
-0.506633	 0.746625
-0.5033	 1.24108
-0.499967	 0.378595
-0.496634	 1.45119
-0.4933	 1.22507
-0.489967	 0.890135
-0.486634	 1.21274
-0.483301	 1.21196
-0.479968	 0.974659
-0.476635	 0.724693
-0.473302	 1.14487
-0.469969	 1.0154
-0.466636	 0.727354
-0.463302	 0.726666
-0.459969	 1.49084
-0.456636	 0.835451
-0.453303	 1.3972
-0.44997	 0.789529
-0.446637	 0.959319
-0.443304	 0.593788
-0.439971	 1.19796
-0.436638	 0.899622
-0.433304	 0.62411
-0.429971	 1.03264
-0.426638	 1.04727
-0.423305	 0.837655
-0.419972	 1.05983
-0.416639	 0.86269
-0.413306	 1.06455
-0.409973	 0.549167
-0.40664	 0.880411
-0.403306	 0.697351
-0.399973	 1.22019
-0.39664	 0.810092
-0.393307	 0.755331
-0.389974	 0.753659
-0.386641	 0.518573
-0.383308	 0.83895
-0.379975	 0.871614
-0.376642	 1.07415
-0.373308	 0.677634
-0.369975	 0.909422
-0.366642	 1.00804
-0.363309	 0.586278
-0.359976	 0.67225
-0.356643	 0.926372
-0.35331	 1.38732
-0.349977	 0.706879
-0.346644	 0.436959
-0.34331	 1.28751
-0.339977	 1.61633
-0.336644	 0.765084
-0.333311	 1.0649
-0.329978	 0.650172
-0.326645	 0.889398
-0.323312	 0.733432
-0.319979	 1.13995
-0.316646	 1.16455
-0.313312	 0.725869
-0.309979	 0.775584
-0.306646	 1.10422
-0.303313	 1.08748
-0.29998	 1.06149
-0.296647	 0.944867
-0.293314	 0.519564
-0.289981	 0.889419
-0.286648	 1.11954
-0.283314	 0.905827
-0.279981	 1.29719
-0.276648	 0.651141
-0.273315	 0.866811
-0.269982	 1.10032
-0.266649	 0.707174
-0.263316	 0.909725
-0.259983	 0.783471
-0.25665	 1.11673
-0.253316	 0.973822
-0.249983	 0.897819
-0.24665	 1.2628
-0.243317	 1.07279
-0.239984	 1.1999
-0.236651	 1.23702
-0.233318	 0.874882
-0.229985	 0.981019
-0.226652	 0.985666
-0.223318	 0.900126
-0.219985	 0.689985
-0.216652	 0.707035
-0.213319	 0.549051
-0.209986	 1.20052
-0.206653	 0.853469
-0.20332	 0.768416
-0.199987	 0.654785
-0.196654	 1.07544
-0.19332	 1.08937
-0.189987	 0.896827
-0.186654	 1.07103
-0.183321	 0.656053
-0.179988	 0.927889
-0.176655	 0.71573
-0.173322	 1.07707
-0.169989	 1.58505
-0.166656	 0.864023
-0.163322	 1.24532
-0.159989	 0.916748
-0.156656	 1.01239
-0.153323	 1.02283
-0.14999	 0.868751
-0.146657	 0.888886
-0.143324	 0.841048
-0.139991	 1.17422
-0.136658	 0.854667
-0.133324	 1.04235
-0.129991	 0.942713
-0.126658	 1.2196
-0.123325	 0.744632
-0.119992	 1.16065
-0.116659	 0.657453
-0.113326	 1.01317
-0.109993	 1.38929
-0.10666	 1.11137
-0.103326	 1.04674
-0.0999933	 0.962742
-0.0966602	 1.03077
-0.0933271	 0.838678
-0.089994	 0.821111
-0.0866609	 0.838649
-0.0833278	 1.02351
-0.0799947	 0.928069
-0.0766616	 1.33605
-0.0733284	 0.989392
-0.0699953	 0.781059
-0.0666622	 0.906922
-0.0633291	 1.11064
-0.059996	 0.70112
-0.0566629	 1.02835
-0.0533298	 1.13889
-0.0499967	 1.30135
-0.0466636	 1.38873
-0.0433304	 0.63267
-0.0399973	 1.12023
-0.0366642	 0.739022
-0.0333311	 0.610864
-0.029998	 0.979733
-0.0266649	 0.665197
-0.0233318	 1.18358
-0.0199987	 0.744095
-0.0166656	 1.11167
-0.0133324	 0.82377
-0.00999933	 1.19389
-0.00666622	 0.912055
-0.00333311	 0.0296583
0	 1
0.00333311	 0.868083
0.00666622	 1.49899
0.00999933	 0.777555
0.0133324	 1.04553
0.0166656	 0.920121
0.0199987	 0.870828
0.0233318	 1.08386
0.0266649	 1.10892
0.029998	 1.18589
0.0333311	 0.785602
0.0366642	 0.943014
0.0399973	 0.933661
0.0433304	 0.830418
0.0466636	 1.13661
0.0499967	 1.1394
0.0533298	 0.670053
0.0566629	 1.00271
0.059996	 0.909791
0.0633291	 1.30316
0.0666622	 1.03978
0.0699953	 1.33674
0.0733284	 1.49355
0.0766616	 0.98159
0.0799947	 0.624816
0.0833278	 1.18634
0.0866609	 1.30467
0.089994	 0.719069
0.0933271	 1.18456
0.0966602	 0.624697
0.0999933	 0.726777
0.103326	 1.22335
0.10666	 0.788665
0.109993	 1.09265
0.113326	 0.444391
0.116659	 1.28538
0.119992	 0.920165
0.123325	 1.25046
0.126658	 1.10604
0.129991	 0.786673
0.133324	 0.831036
0.136658	 0.935718
0.139991	 0.591599
0.143324	 1.17785
0.146657	 0.872613
0.14999	 1.34276
0.153323	 1.10928
0.156656	 1.28208
0.159989	 1.14842
0.163322	 0.694054
0.166656	 0.485262
0.169989	 0.800249
0.173322	 0.904846
0.176655	 1.3508
0.179988	 1.04215
0.183321	 0.886652
0.186654	 0.705257
0.189987	 0.603764
0.19332	 0.996218
0.196654	 1.08843
0.199987	 0.939787
0.20332	 0.831688
0.206653	 0.939771
0.209986	 0.803048
0.213319	 0.901661
0.216652	 0.702847
0.219985	 1.19799
0.223318	 0.586794
0.226652	 0.501312
0.229985	 0.935825
0.233318	 0.962807
0.236651	 1.35101
0.239984	 1.64633
0.243317	 0.927206
0.24665	 1.001
0.249983	 0.654139
0.253316	 1.44831
0.25665	 1.03082
0.259983	 0.765972
0.263316	 1.03401
0.266649	 0.688675
0.269982	 1.41331
0.273315	 0.836693
0.276648	 0.96873
0.279981	 0.699629
0.283314	 0.784395
0.286648	 0.875789
0.289981	 1.02828
0.293314	 1.00373
0.296647	 0.624291
0.29998	 0.821168
0.303313	 1.03807
0.306646	 0.794808
0.309979	 0.775338
0.313312	 0.864038
0.316646	 0.882555
0.319979	 1.32417
0.323312	 0.77817
0.326645	 0.74533
0.329978	 1.14689
0.333311	 0.893837
0.336644	 0.57205
0.339977	 0.861189
0.34331	 1.13727
0.346644	 0.806854
0.349977	 0.704434
0.35331	 0.854553
0.356643	 1.06756
0.359976	 0.845352
0.363309	 1.1612
0.366642	 0.61442
0.369975	 0.692266
0.373308	 0.82432
0.376642	 1.6115
0.379975	 1.02922
0.383308	 1.06487
0.386641	 1.26303
0.389974	 0.910951
0.393307	 1.40668
0.39664	 0.611874
0.399973	 0.71039
0.403306	 0.964102
0.40664	 0.777974
0.409973	 1.28854
0.413306	 0.984125
0.416639	 0.517309
0.419972	 0.992114
0.423305	 1.13145
0.426638	 0.805542
0.429971	 1.07898
0.433304	 0.927308
0.436638	 1.33713
0.439971	 1.07311
0.443304	 1.14345
0.446637	 1.00497
0.44997	 0.536086
0.453303	 0.861106
0.456636	 0.928388
0.459969	 0.781366
0.463302	 0.797571
0.466636	 1.00694
0.469969	 0.610963
0.473302	 1.29098
0.476635	 0.953162
0.479968	 0.73402
0.483301	 1.35405
0.486634	 1.07741
0.489967	 0.640183
0.4933	 0.90434
0.496634	 0.949209
0.499967	 1.04862
0.5033	 1.18646
0.506633	 1.04624
0.509966	 0.932552
0.513299	 0.724299
0.516632	 1.22088
0.519965	 1.47186
0.523298	 1.09881
0.526632	 1.21823
0.529965	 0.998751
0.533298	 1.07148
0.536631	 1.29838
0.539964	 0.451708
0.543297	 1.11365
0.54663	 0.874577
0.549963	 0.612213
0.553296	 1.04657
0.55663	 0.853634
0.559963	 0.911539
0.563296	 1.34266
0.566629	 1.51202
0.569962	 0.820031
0.573295	 0.783976
0.576628	 0.740296
0.579961	 0.514867
0.583294	 0.874399
0.586628	 0.544817
0.589961	 0.987383
0.593294	 0.724994
0.596627	 0.933051
0.59996	 0.669249
0.603293	 0.682326
0.606626	 1.08654
0.609959	 1.13188
0.613292	 0.778035
0.616626	 0.608519
0.619959	 0.828029
0.623292	 0.661523
0.626625	 0.799428
0.629958	 0.925395
0.633291	 1.09672
0.636624	 1.54276
0.639957	 0.875687
0.64329	 1.06899
0.646624	 0.496116
0.649957	 0.576263
0.65329	 1.25223
0.656623	 1.1009
0.659956	 0.976162
0.663289	 0.962263
0.666622	 0.942409
0.669955	 1.13439
0.673288	 0.739625
0.676622	 0.836715
0.679955	 1.34538
0.683288	 0.712462
0.686621	 0.935526
0.689954	 1.48896
0.693287	 1.03164
0.69662	 0.782745
0.699953	 0.678663
0.703286	 0.902669
0.70662	 1.57971
0.709953	 0.823442
0.713286	 0.626243
0.716619	 0.81769
0.719952	 1.04976
0.723285	 0.977182
0.726618	 0.735356
0.729951	 1.06024
0.733284	 1.16349
0.736618	 1.14268
0.739951	 0.838943
0.743284	 1.22821
0.746617	 0.803642
0.74995	 0.843117
0.753283	 0.574052
0.756616	 1.01681
0.759949	 0.79748
0.763282	 0.461916
0.766616	 0.930821
0.769949	 1.35258
0.773282	 1.02389
0.776615	 0.757005
0.779948	 0.419019
0.783281	 1.47603
0.786614	 0.810643
0.789947	 1.13577
0.79328	 0.953782
0.796614	 0.835877
0.799947	 0.943464
0.80328	 0.91339
0.806613	 1.01449
0.809946	 1.37771
0.813279	 0.94802
0.816612	 1.03287
0.819945	 1.18334
0.823278	 1.02091
0.826612	 1.04044
0.829945	 1.12158
0.833278	 0.716179
0.836611	 0.526944
0.839944	 0.543589
0.843277	 0.915077
0.84661	 1.09847
0.849943	 1.08966
0.853276	 0.945083
0.85661	 1.00581
0.859943	 0.648332
0.863276	 1.16816
0.866609	 0.879027
0.869942	 0.836416
0.873275	 0.700027
0.876608	 1.19652
0.879941	 0.989699
0.883274	 0.850024
0.886608	 0.910475
0.889941	 1.06346
0.893274	 0.788156
0.896607	 1.02805
0.89994	 0.997122
0.903273	 0.788117
0.906606	 0.925779
0.909939	 1.25667
0.913272	 0.811158
0.916606	 0.804933
0.919939	 1.03352
0.923272	 0.654677
0.926605	 1.0533
0.929938	 0.738652
0.933271	 1.53496
0.936604	 1.05545
0.939937	 0.856073
0.94327	 0.792404
0.946604	 0.972793
0.949937	 0.974426
0.95327	 0.892837
0.956603	 1.21519
0.959936	 1.49164
0.963269	 1.174
0.966602	 0.903965
0.969935	 1.0788
0.973268	 1.02945
0.976602	 0.968577
0.979935	 1.06564
0.983268	 0.606164
0.986601	 1.06512
0.989934	 0.876204
0.993267	 0.655809
0.9966	 0.803426
0.999933	 0.943332
1.00327	 0.961314
1.0066	 0.790076
1.00993	 1.34498
1.01327	 0.614079
1.0166	 0.772535
1.01993	 0.612246
1.02327	 0.829472
1.0266	 1.26321
1.02993	 0.846443
1.03326	 0.98667
1.0366	 0.7577
1.03993	 0.573125
1.04326	 1.09127
1.0466	 0.753127
1.04993	 0.771234
1.05326	 0.757634
1.0566	 0.937063
1.05993	 0.783454
1.06326	 1.09374
1.0666	 1.22104
1.06993	 1.41359
1.07326	 0.989258
1.07659	 1.14826
1.07993	 1.38368
1.08326	 0.926238
1.08659	 0.971955
1.08993	 1.03047
1.09326	 0.737349
1.09659	 0.849384
1.09993	 1.02433
1.10326	 0.636574
1.10659	 0.982819
1.10993	 0.950771
1.11326	 0.953447
1.11659	 0.983658
1.11993	 0.882925
1.12326	 0.786085
1.12659	 0.860687
1.12992	 0.710729
1.13326	 1.14715
1.13659	 0.978657
1.13992	 0.897841
1.14326	 0.588247
1.14659	 0.811672
1.14992	 0.666704
1.15326	 0.77731
1.15659	 1.20801
1.15992	 0.939222
1.16326	 1.31135
1.16659	 0.97027
1.16992	 0.878083
1.17326	 1.22659
1.17659	 1.30718
1.17992	 1.01538
1.18325	 0.901125
1.18659	 0.619918
1.18992	 0.719959
1.19325	 1.01985
1.19659	 1.10368
1.19992	 1.09339
1.20325	 0.653157
1.20659	 0.491291
1.20992	 0.481956
1.21325	 0.55898
1.21659	 0.866849
1.21992	 0.572262
1.22325	 0.981165
1.22658	 1.41224
1.22992	 1.03347
1.23325	 0.787837
1.23658	 0.842957
1.23992	 0.844173
1.24325	 0.82488
1.24658	 1.21189
1.24992	 1.01959
1.25325	 0.825315
1.25658	 1.16678
1.25992	 0.597438
1.26325	 0.693784
1.26658	 1.28776
1.26992	 0.744289
1.27325	 0.807572
1.27658	 0.600527
1.27991	 1.07763
1.28325	 0.898696
1.28658	 0.774893
1.28991	 0.653841
1.29325	 0.732988
1.29658	 0.628072
1.29991	 1.46561
1.30325	 0.753766
1.30658	 0.892937
1.30991	 0.817861
1.31325	 1.03216
1.31658	 0.541718
1.31991	 0.963038
1.32325	 1.26533
1.32658	 1.07017
1.32991	 1.03423
1.33324	 0.877322
1.33658	 1.03832
1.33991	 0.648833
1.34324	 0.958869
1.34658	 0.637173
1.34991	 1.36553
1.35324	 0.840721
1.35658	 0.879422
1.35991	 0.406781
1.36324	 0.993421
1.36658	 0.745618
1.36991	 0.847508
1.37324	 0.990602
1.37657	 0.810791
1.37991	 0.683062
1.38324	 0.706338
1.38657	 0.864203
1.38991	 0.733444
1.39324	 0.512389
1.39657	 1.5603
1.39991	 0.926222
1.40324	 1.06252
1.40657	 1.2569
1.40991	 1.06529
1.41324	 0.369821
1.41657	 0.828788
1.41991	 1.10883
1.42324	 0.79415
1.42657	 1.08069
1.4299	 0.613159
1.43324	 1.14399
1.43657	 1.03464
1.4399	 1.1942
1.44324	 0.906689
1.44657	 1.58832
1.4499	 0.692037
1.45324	 0.986625
1.45657	 0.765942
1.4599	 0.488394
1.46324	 0.922049
1.46657	 0.87122
1.4699	 1.34033
1.47324	 0.93307
1.47657	 1.19415
1.4799	 0.924106
1.48323	 0.776627
1.48657	 0.907839
1.4899	 1.45802
1.49323	 0.946303
1.49657	 0.957044
1.4999	 0.630892
1.50323	 1.26915
1.50657	 0.884276
1.5099	 0.558237
1.51323	 0.768041
1.51657	 0.836866
1.5199	 0.870967
1.52323	 1.06208
1.52656	 0.536183
1.5299	 1.04404
1.53323	 0.831758
1.53656	 0.993236
1.5399	 0.673414
1.54323	 0.668247
1.54656	 0.780376
1.5499	 0.479213
1.55323	 0.742386
1.55656	 0.766569
1.5599	 1.08904
1.56323	 1.04206
1.56656	 0.338778
1.5699	 1.10473
1.57323	 0.686619
1.57656	 0.836091
1.57989	 0.994279
1.58323	 0.609673
1.58656	 1.03715
1.58989	 0.829766
1.59323	 0.958873
1.59656	 0.980369
1.59989	 1.31387
1.60323	 0.619894
1.60656	 0.866932
1.60989	 0.823055
1.61323	 0.835363
1.61656	 0.749048
1.61989	 1.25356
1.62323	 0.673036
1.62656	 0.453209
1.62989	 1.04853
1.63322	 0.64486
1.63656	 1.13668
1.63989	 0.407861
1.64322	 0.759773
1.64656	 0.839127
1.64989	 0.727599
1.65322	 0.460551
1.65656	 1.04699
1.65989	 0.757261
1.66322	 0.934803
1.66656	 0.608072
1.66989	 1.09745
1.67322	 0.611258
1.67655	 0.839315
1.67989	 0.856315
1.68322	 0.995561
1.68655	 0.767408
1.68989	 0.783946
1.69322	 0.753004
1.69655	 0.876974
1.69989	 0.575073
1.70322	 0.821201
1.70655	 0.963724
1.70989	 0.856545
1.71322	 0.818046
1.71655	 0.829566
1.71989	 0.510406
1.72322	 0.643897
1.72655	 0.852522
1.72988	 1.08981
1.73322	 1.3518
1.73655	 1.11455
1.73988	 0.98234
1.74322	 1.08959
1.74655	 0.602373
1.74988	 0.848376
1.75322	 0.687268
1.75655	 1.0614
1.75988	 0.846577
1.76322	 0.696423
1.76655	 0.872684
1.76988	 0.49539
1.77322	 0.551929
1.77655	 0.489643
1.77988	 0.647618
1.78321	 0.8215
1.78655	 0.782226
1.78988	 0.867217
1.79321	 0.763845
1.79655	 0.746907
1.79988	 0.985418
1.80321	 0.86818
1.80655	 0.701013
1.80988	 0.875002
1.81321	 1.17426
1.81655	 0.618367
1.81988	 0.631037
1.82321	 0.738027
1.82654	 1.1024
1.82988	 0.535149
1.83321	 0.974371
1.83654	 0.694708
1.83988	 0.788848
1.84321	 0.925732
1.84654	 1.00667
1.84988	 0.8019
1.85321	 1.19036
1.85654	 0.845586
1.85988	 0.53851
1.86321	 0.854687
1.86654	 1.03361
1.86988	 0.591598
1.87321	 0.975547
1.87654	 0.953862
1.87987	 0.486452
1.88321	 1.09354
1.88654	 0.611105
1.88987	 1.09922
1.89321	 1.02778
1.89654	 1.05034
1.89987	 1.0713
1.90321	 1.02926
1.90654	 1.15726
1.90987	 0.72871
1.91321	 1.15049
1.91654	 0.567579
1.91987	 0.907693
1.92321	 0.824491
1.92654	 0.697253
1.92987	 0.787902
1.9332	 0.636629
1.93654	 0.723516
1.93987	 0.693166
1.9432	 1.04803
1.94654	 0.771454
1.94987	 0.839752
1.9532	 0.867421
1.95654	 0.755973
1.95987	 0.82866
1.9632	 0.812013
1.96654	 1.014
1.96987	 1.04177
1.9732	 1.04079
1.97653	 0.591355
1.97987	 0.841426
1.9832	 1.08499
1.98653	 0.82427
1.98987	 0.914768
1.9932	 1.35865
1.99653	 0.685886
1.99987	 0.809415
2.0032	 1.06663
2.00653	 0.913298
2.00987	 0.862293
2.0132	 1.43447
2.01653	 0.512173
2.01987	 0.944935
2.0232	 0.672206
2.02653	 1.03613
2.02986	 0.525145
2.0332	 0.720406
2.03653	 1.05006
2.03986	 0.969282
2.0432	 0.700052
2.04653	 1.01236
2.04986	 0.840508
2.0532	 0.573976
2.05653	 0.614019
2.05986	 0.84
2.0632	 1.13811
2.06653	 0.624619
2.06986	 0.619421
2.0732	 0.822897
2.07653	 0.893413
2.07986	 1.09923
2.08319	 1.0227
2.08653	 0.62523
2.08986	 1.08644
2.09319	 0.979642
2.09653	 1.15992
2.09986	 0.737021
2.10319	 0.704606
2.10653	 1.21312
2.10986	 0.939662
2.11319	 0.60159
2.11653	 0.517817
2.11986	 0.565472
2.12319	 0.689827
2.12652	 0.9967
2.12986	 1.05886
2.13319	 1.07786
2.13652	 0.888775
2.13986	 0.664282
2.14319	 0.723296
2.14652	 0.835302
2.14986	 1.00243
2.15319	 1.05766
2.15652	 1.04003
2.15986	 0.861464
2.16319	 0.775546
2.16652	 1.01232
2.16986	 0.593365
2.17319	 0.981392
2.17652	 0.832114
2.17985	 0.621609
2.18319	 0.966919
2.18652	 0.665417
2.18985	 1.07141
2.19319	 0.459991
2.19652	 0.536468
2.19985	 0.898746
2.20319	 0.69292
2.20652	 1.01902
2.20985	 0.561804
2.21319	 1.00036
2.21652	 0.739556
2.21985	 0.710787
2.22319	 0.828275
2.22652	 0.661452
2.22985	 0.66797
2.23318	 1.20533
2.23652	 0.85701
2.23985	 0.753849
2.24318	 0.836477
2.24652	 0.736962
2.24985	 0.944862
2.25318	 1.23415
2.25652	 0.454478
2.25985	 0.768458
2.26318	 1.01652
2.26652	 0.982134
2.26985	 1.1682
2.27318	 0.811233
2.27651	 0.966281
2.27985	 0.611441
2.28318	 0.540574
2.28651	 0.692211
2.28985	 0.789186
2.29318	 0.482726
2.29651	 0.638149
2.29985	 0.874164
2.30318	 0.711249
2.30651	 0.900289
2.30985	 0.307929
2.31318	 0.478193
2.31651	 0.900549
2.31985	 0.60589
2.32318	 1.23532
2.32651	 1.06064
2.32984	 0.704431
2.33318	 0.949139
2.33651	 1.05388
2.33984	 0.715714
2.34318	 0.77201
2.34651	 0.585451
2.34984	 0.703007
2.35318	 0.767389
2.35651	 0.818003
2.35984	 0.700733
2.36318	 1.05014
2.36651	 0.828633
2.36984	 0.912275
2.37318	 1.10264
2.37651	 0.683595
2.37984	 0.515498
2.38317	 0.650722
2.38651	 0.701667
2.38984	 0.927163
2.39317	 0.927998
2.39651	 0.709394
2.39984	 0.987695
2.40317	 0.578217
2.40651	 0.719058
2.40984	 1.33259
2.41317	 0.715906
2.41651	 0.881157
2.41984	 0.799011
2.42317	 0.552582
2.4265	 0.649047
2.42984	 0.956915
2.43317	 0.906097
2.4365	 1.14454
2.43984	 0.982464
2.44317	 0.963466
2.4465	 0.973984
2.44984	 1.01849
2.45317	 0.747902
2.4565	 0.714118
2.45984	 0.897738
2.46317	 0.650777
2.4665	 0.704044
2.46984	 0.736297
2.47317	 0.885813
2.4765	 0.302279
2.47983	 0.683918
2.48317	 0.675246
2.4865	 0.737005
2.48983	 0.319715
2.49317	 1.42247
2.4965	 0.916654
2.49983	 0.810072
2.50317	 0.75007
2.5065	 0.397362
2.50983	 0.726558
2.51317	 0.570893
2.5165	 0.764001
2.51983	 0.587883
2.52317	 0.838673
2.5265	 0.782236
2.52983	 0.857236
2.53316	 1.12658
2.5365	 0.650952
2.53983	 0.800264
2.54316	 0.777766
2.5465	 0.907211
2.54983	 0.680522
2.55316	 0.574219
2.5565	 1.31631
2.55983	 0.643346
2.56316	 0.888598
2.5665	 0.773653
2.56983	 0.885499
2.57316	 0.954622
2.57649	 1.10628
2.57983	 0.742725
2.58316	 0.672994
2.58649	 0.813432
2.58983	 0.739205
2.59316	 0.701289
2.59649	 0.614215
2.59983	 0.930597
2.60316	 0.465001
2.60649	 1.18729
2.60983	 0.842232
2.61316	 1.0179
2.61649	 0.725844
2.61983	 0.785672
2.62316	 0.857465
2.62649	 0.885957
2.62982	 0.599354
2.63316	 0.768356
2.63649	 0.632295
2.63982	 0.817432
2.64316	 0.636314
2.64649	 0.502072
2.64982	 1.08796
2.65316	 0.511411
2.65649	 1.16446
2.65982	 0.710995
2.66316	 0.612746
2.66649	 0.493296
2.66982	 0.663429
2.67316	 0.72776
2.67649	 0.836753
2.67982	 0.706058
2.68315	 0.898868
2.68649	 0.910613
2.68982	 0.697435
2.69315	 0.733399
2.69649	 0.687287
2.69982	 0.943524
2.70315	 0.536208
2.70649	 0.822784
2.70982	 0.554755
2.71315	 0.901997
2.71649	 0.861792
2.71982	 1.0178
2.72315	 1.05733
2.72648	 0.650673
2.72982	 1.13492
2.73315	 0.83187
2.73648	 0.725725
2.73982	 0.69525
2.74315	 0.92151
2.74648	 1.0105
2.74982	 0.579918
2.75315	 1.09043
2.75648	 1.09535
2.75982	 0.704046
2.76315	 0.596
2.76648	 0.997535
2.76982	 0.83612
2.77315	 0.672759
2.77648	 0.480676
2.77981	 0.662311
2.78315	 1.21427
2.78648	 0.538232
2.78981	 0.402279
2.79315	 0.617383
2.79648	 0.814678
2.79981	 0.984105
2.80315	 1.15887
2.80648	 0.615384
2.80981	 0.646859
2.81315	 0.686169
2.81648	 1.06623
2.81981	 0.820504
2.82315	 0.639065
2.82648	 0.56533
2.82981	 0.463704
2.83314	 0.557333
2.83648	 0.549737
2.83981	 0.688531
2.84314	 0.534406
2.84648	 0.430985
2.84981	 0.793902
2.85314	 0.774456
2.85648	 0.829745
2.85981	 0.80278
2.86314	 0.537076
2.86648	 0.659825
2.86981	 0.580969
2.87314	 0.806979
2.87647	 0.537961
2.87981	 1.08758
2.88314	 1.16589
2.88647	 0.514158
2.88981	 0.713813
2.89314	 0.711948
2.89647	 0.783504
2.89981	 0.769847
2.90314	 0.659265
2.90647	 0.687324
2.90981	 0.646823
2.91314	 0.73676
2.91647	 0.75654
2.91981	 0.765283
2.92314	 0.688022
2.92647	 0.683437
2.9298	 0.745055
2.93314	 0.553636
2.93647	 0.562502
2.9398	 0.819687
2.94314	 0.791098
2.94647	 0.820717
2.9498	 0.727293
2.95314	 1.01809
2.95647	 0.686016
2.9598	 0.576293
2.96314	 1.00342
2.96647	 0.91293
2.9698	 0.929096
2.97314	 0.595131
2.97647	 0.678155
2.9798	 0.37238
2.98313	 0.541819
2.98647	 0.946214
2.9898	 0.783327
2.99313	 0.650957
2.99647	 0.565819
2.9998	 0.971583
3.00313	 0.582351
3.00647	 0.496312
3.0098	 0.717678
3.01313	 0.774745
3.01647	 0.553754
3.0198	 0.623299
3.02313	 0.757581
3.02646	 0.592289
3.0298	 0.565603
3.03313	 0.958304
3.03646	 0.549354
3.0398	 0.778746
3.04313	 0.682232
3.04646	 0.810845
3.0498	 0.956993
3.05313	 0.685052
3.05646	 0.541566
3.0598	 0.937903
3.06313	 0.561449
3.06646	 1.05355
3.0698	 0.498767
3.07313	 1.12878
3.07646	 0.632289
3.07979	 0.725139
3.08313	 0.702719
3.08646	 0.76795
3.08979	 0.875008
3.09313	 0.745486
3.09646	 0.445944
3.09979	 0.489764
3.10313	 0.59022
3.10646	 0.705721
3.10979	 0.759721
3.11313	 0.788999
3.11646	 0.837981
3.11979	 0.58424
3.12313	 0.548597
3.12646	 1.03338
3.12979	 0.490151
3.13312	 0.880059
3.13646	 0.656435
3.13979	 0.737168
3.14312	 0.567556
3.14646	 0.716007
3.14979	 0.783918
3.15312	 1.03488
3.15646	 0.58923
3.15979	 1.00311
3.16312	 0.7888
3.16646	 0.81252
3.16979	 0.703987
3.17312	 0.878101
3.17645	 0.64115
3.17979	 0.513773
3.18312	 0.410593
3.18645	 0.91751
3.18979	 0.697603
3.19312	 0.592618
3.19645	 0.702264
3.19979	 0.618421
3.20312	 0.807654
3.20645	 1.06008
3.20979	 0.807663
3.21312	 1.03043
3.21645	 0.50508
3.21979	 0.511382
3.22312	 0.446318
3.22645	 1.06376
3.22978	 0.948469
3.23312	 0.695735
3.23645	 0.830769
3.23978	 0.7159
3.24312	 0.566694
3.24645	 0.648458
3.24978	 0.429737
3.25312	 0.80236
3.25645	 0.65427
3.25978	 0.600521
3.26312	 0.917303
3.26645	 0.664971
3.26978	 0.72316
3.27312	 0.519688
3.27645	 0.898621
3.27978	 0.778871
3.28311	 0.839309
3.28645	 0.495629
3.28978	 0.498195
3.29311	 0.759571
3.29645	 0.822866
3.29978	 0.843005
3.30311	 0.497102
3.30645	 0.852953
3.30978	 0.721636
3.31311	 0.640189
3.31645	 0.848293
3.31978	 0.799708
3.32311	 0.6908
3.32644	 0.438772
3.32978	 0.707866
3.33311	 0.624041
3.33644	 0.754144
3.33978	 0.742478
3.34311	 0.369785
3.34644	 0.784258
3.34978	 0.483409
3.35311	 0.77196
3.35644	 0.835463
3.35978	 0.756363
3.36311	 0.878894
3.36644	 0.692487
3.36978	 0.469524
3.37311	 0.878899
3.37644	 0.525656
3.37977	 0.478976
3.38311	 0.843285
3.38644	 0.607533
3.38977	 0.511898
3.39311	 0.517442
3.39644	 0.700398
3.39977	 0.780049
3.40311	 0.73964
3.40644	 0.809294
3.40977	 0.897447
3.41311	 0.607239
3.41644	 0.969031
3.41977	 0.578869
3.42311	 0.604746
3.42644	 0.456681
3.42977	 1.06765
3.4331	 0.79914
3.43644	 0.823635
3.43977	 0.578345
3.4431	 0.792378
3.44644	 0.801771
3.44977	 0.73067
3.4531	 0.585553
3.45644	 0.595911
3.45977	 0.513843
3.4631	 0.507427
3.46644	 0.492104
3.46977	 1.15309
3.4731	 0.45197
3.47643	 0.547783
3.47977	 0.696506
3.4831	 0.95723
3.48643	 0.78566
3.48977	 0.911431
3.4931	 0.633467
3.49643	 0.454382
3.49977	 0.898656
3.5031	 0.73625
3.50643	 0.746636
3.50977	 0.897698
3.5131	 0.65013
3.51643	 0.602681
3.51977	 0.489414
3.5231	 0.798752
3.52643	 0.783102
3.52976	 0.861308
3.5331	 0.840855
3.53643	 0.753973
3.53976	 1.00069
3.5431	 0.81519
3.54643	 0.742319
3.54976	 0.618871
3.5531	 0.580887
3.55643	 0.696033
3.55976	 0.786059
3.5631	 0.608422
3.56643	 0.688504
3.56976	 0.661268
3.5731	 0.541621
3.57643	 0.592709
3.57976	 0.720528
3.58309	 0.877632
3.58643	 0.466657
3.58976	 0.885683
3.59309	 0.490856
3.59643	 0.350078
3.59976	 1.12086
3.60309	 0.552206
3.60643	 0.676702
3.60976	 0.518136
3.61309	 0.71533
3.61643	 0.93378
3.61976	 0.571859
3.62309	 0.757313
3.62642	 0.48328
3.62976	 0.794464
3.63309	 0.607889
3.63642	 0.840992
3.63976	 0.929633
3.64309	 0.635328
3.64642	 0.564648
3.64976	 0.443306
3.65309	 0.748499
3.65642	 0.720497
3.65976	 0.879606
3.66309	 0.447402
3.66642	 0.541165
3.66976	 0.569673
3.67309	 1.02113
3.67642	 0.732852
3.67975	 0.601062
3.68309	 0.972928
3.68642	 0.607564
3.68975	 0.801686
3.69309	 0.713469
3.69642	 0.515382
3.69975	 0.971999
3.70309	 0.776192
3.70642	 0.506521
3.70975	 0.777649
3.71309	 0.696266
3.71642	 0.595159
3.71975	 0.60798
3.72309	 0.573754
3.72642	 0.773611
3.72975	 0.775457
3.73308	 0.744875
3.73642	 0.568393
3.73975	 0.90982
3.74308	 1.04925
3.74642	 0.949105
3.74975	 0.481398
3.75308	 0.689825
3.75642	 0.846083
3.75975	 0.427194
3.76308	 0.888347
3.76642	 0.581025
3.76975	 0.661528
3.77308	 0.662367
3.77641	 0.780505
3.77975	 0.511039
3.78308	 0.824884
3.78641	 0.528367
3.78975	 0.941568
3.79308	 0.641576
3.79641	 0.63127
3.79975	 0.728048
3.80308	 0.801026
3.80641	 0.748813
3.80975	 0.760812
3.81308	 0.622987
3.81641	 0.394539
3.81975	 0.748764
3.82308	 0.562848
3.82641	 0.557966
3.82974	 0.649528
3.83308	 0.85768
3.83641	 0.559798
3.83974	 0.801776
3.84308	 0.66555
3.84641	 0.467013
3.84974	 0.716408
3.85308	 0.797963
3.85641	 1.08198
3.85974	 0.730738
3.86308	 0.673803
3.86641	 0.809842
3.86974	 0.482276
3.87308	 0.489713
3.87641	 0.64552
3.87974	 0.736457
3.88307	 0.614526
3.88641	 0.648343
3.88974	 0.702075
3.89307	 0.499732
3.89641	 0.615398
3.89974	 0.710082
3.90307	 0.824167
3.90641	 0.682284
3.90974	 0.469317
3.91307	 0.919334
3.91641	 0.645538
3.91974	 0.998176
3.92307	 0.987146
3.9264	 0.700121
3.92974	 0.854281
3.93307	 0.730289
3.9364	 0.498083
3.93974	 0.722626
3.94307	 0.408924
3.9464	 0.844111
3.94974	 0.506981
3.95307	 1.1056
3.9564	 0.930975
3.95974	 0.537135
3.96307	 0.777564
3.9664	 0.50892
3.96974	 0.513105
3.97307	 0.7047
3.9764	 0.629118
3.97973	 0.724839
3.98307	 0.700277
3.9864	 0.548087
3.98973	 0.556062
3.99307	 0.460447
3.9964	 0.459252
3.99973	 0.460156
4.00307	 0.332408
4.0064	 0.626121
4.00973	 0.570525
4.01307	 0.599515
4.0164	 0.689033
4.01973	 0.475476
4.02307	 0.773509
4.0264	 0.776263
4.02973	 0.803983
4.03306	 0.536005
4.0364	 0.854795
4.03973	 0.734864
4.04306	 0.782092
4.0464	 0.953391
4.04973	 0.767357
4.05306	 0.374788
4.0564	 0.800797
4.05973	 0.765163
4.06306	 0.603048
4.0664	 0.298481
4.06973	 0.704178
4.07306	 0.777157
4.07639	 0.64283
4.07973	 0.572762
4.08306	 0.77486
4.08639	 0.29085
4.08973	 0.568099
4.09306	 0.72906
4.09639	 0.658777
4.09973	 0.78313
4.10306	 0.472721
4.10639	 0.418405
4.10973	 0.737546
4.11306	 0.848352
4.11639	 0.754921
4.11973	 0.511847
4.12306	 0.712592
4.12639	 0.57166
4.12972	 0.600812
4.13306	 0.48555
4.13639	 0.463058
4.13972	 0.460777
4.14306	 0.74144
4.14639	 0.694576
4.14972	 0.563126
4.15306	 0.931365
4.15639	 0.584501
4.15972	 0.627523
4.16306	 0.560728
4.16639	 0.662654
4.16972	 0.640373
4.17306	 0.612437
4.17639	 0.600175
4.17972	 0.637606
4.18305	 0.809632
4.18639	 0.396195
4.18972	 0.462464
4.19305	 0.465719
4.19639	 0.554683
4.19972	 0.713044
4.20305	 0.629548
4.20639	 0.678547
4.20972	 0.369439
4.21305	 0.332377
4.21639	 0.472705
4.21972	 0.926338
4.22305	 0.525307
4.22638	 0.730101
4.22972	 0.535852
4.23305	 0.544741
4.23638	 0.793214
4.23972	 0.559579
4.24305	 0.633743
4.24638	 0.95318
4.24972	 0.821618
4.25305	 0.705251
4.25638	 0.563993
4.25972	 0.561989
4.26305	 0.733317
4.26638	 0.615711
4.26972	 0.626659
4.27305	 1.15711
4.27638	 0.807536
4.27971	 0.867218
4.28305	 0.363234
4.28638	 0.629252
4.28971	 0.457104
4.29305	 0.789937
4.29638	 0.684796
4.29971	 0.589524
4.30305	 0.632498
4.30638	 0.311964
4.30971	 0.649098
4.31305	 0.839823
4.31638	 0.535308
4.31971	 0.735597
4.32305	 0.526825
4.32638	 0.632844
4.32971	 0.682035
4.33304	 0.515787
4.33638	 0.44864
4.33971	 0.70074
4.34304	 0.523147
4.34638	 0.370267
4.34971	 0.468678
4.35304	 0.719412
4.35638	 0.69467
4.35971	 0.629524
4.36304	 0.559344
4.36638	 0.452409
4.36971	 0.463598
4.37304	 0.497193
4.37637	 0.681434
4.37971	 0.323854
4.38304	 0.593427
4.38637	 0.584947
4.38971	 0.813238
4.39304	 0.595182
4.39637	 0.856354
4.39971	 0.601314
4.40304	 0.49227
4.40637	 0.665947
4.40971	 0.841445
4.41304	 0.68708
4.41637	 0.449566
4.41971	 0.529095
4.42304	 0.48326
4.42637	 0.566866
4.4297	 0.424158
4.43304	 0.65422
4.43637	 1.03034
4.4397	 0.549144
4.44304	 0.670412
4.44637	 0.517916
4.4497	 0.519791
4.45304	 0.656253
4.45637	 0.813425
4.4597	 0.819783
4.46304	 0.77817
4.46637	 0.631375
4.4697	 0.60752
4.47304	 0.606529
4.47637	 0.727736
4.4797	 0.67024
4.48303	 0.651419
4.48637	 0.412406
4.4897	 0.581544
4.49303	 0.445967
4.49637	 0.501951
4.4997	 0.706876
4.50303	 0.804508
4.50637	 0.62756
4.5097	 0.719454
4.51303	 0.5107
4.51637	 0.748045
4.5197	 0.531616
4.52303	 0.641698
4.52636	 0.56493
4.5297	 0.950265
4.53303	 0.31852
4.53636	 0.701982
4.5397	 0.748643
4.54303	 0.792849
4.54636	 0.462624
4.5497	 0.745903
4.55303	 0.574955
4.55636	 0.785988
4.5597	 0.482808
4.56303	 0.826982
4.56636	 0.865291
4.5697	 0.864057
4.57303	 0.444332
4.57636	 0.850227
4.57969	 0.573154
4.58303	 0.510615
4.58636	 0.408839
4.58969	 0.531437
4.59303	 0.497702
4.59636	 0.602827
4.59969	 0.732372
4.60303	 0.67994
4.60636	 0.517158
4.60969	 0.647552
4.61303	 0.517824
4.61636	 0.796862
4.61969	 0.54708
4.62303	 0.837818
4.62636	 0.522643
4.62969	 0.496847
4.63302	 0.836655
4.63636	 0.555548
4.63969	 0.679482
4.64302	 0.586735
4.64636	 0.774064
4.64969	 0.936938
4.65302	 0.61697
4.65636	 0.364789
4.65969	 0.373689
4.66302	 0.504372
4.66636	 0.440739
4.66969	 0.496162
4.67302	 0.502141
4.67635	 0.701803
4.67969	 0.469678
4.68302	 0.299098
4.68635	 0.745495
4.68969	 0.734935
4.69302	 0.652877
4.69635	 0.739467
4.69969	 0.465921
4.70302	 0.494414
4.70635	 0.416985
4.70969	 0.517973
4.71302	 0.689864
4.71635	 0.728412
4.71969	 0.678833
4.72302	 0.77628
4.72635	 0.694485
4.72968	 0.40014
4.73302	 0.56858
4.73635	 0.523054
4.73968	 0.604502
4.74302	 0.517029
4.74635	 0.68245
4.74968	 0.736649
4.75302	 0.583416
4.75635	 0.413963
4.75968	 0.939933
4.76302	 0.515448
4.76635	 0.797966
4.76968	 0.842077
4.77302	 0.589425
4.77635	 0.516636
4.77968	 0.633256
4.78301	 0.471317
4.78635	 0.499302
4.78968	 0.485495
4.79301	 0.613724
4.79635	 0.39168
4.79968	 0.508828
4.80301	 0.739657
4.80635	 0.494098
4.80968	 0.571579
4.81301	 0.52386
4.81635	 0.407039
4.81968	 0.947734
4.82301	 0.488438
4.82634	 0.671223
4.82968	 0.503025
4.83301	 0.232266
4.83634	 0.549262
4.83968	 0.616085
4.84301	 0.602723
4.84634	 0.553623
4.84968	 0.492067
4.85301	 0.514852
4.85634	 0.732257
4.85968	 0.393226
4.86301	 0.340238
4.86634	 0.59912
4.86968	 0.516867
4.87301	 0.668276
4.87634	 0.556175
4.87967	 0.677507
4.88301	 0.657619
4.88634	 0.553542
4.88967	 0.752859
4.89301	 0.446773
4.89634	 0.752919
4.89967	 0.559472
4.90301	 0.618399
4.90634	 0.648335
4.90967	 0.51746
4.91301	 0.568481
4.91634	 0.497894
4.91967	 0.558381
4.92301	 0.415232
4.92634	 0.681979
4.92967	 0.654553
4.933	 0.506882
4.93634	 0.72013
4.93967	 0.592756
4.943	 0.566166
4.94634	 0.535435
4.94967	 0.40281
4.953	 0.490769
4.95634	 0.490029
4.95967	 0.621614
4.963	 0.55317
4.96634	 0.558444
4.96967	 0.549452
4.973	 0.712308
4.97633	 0.623278
4.97967	 0.471936
4.983	 0.452455
4.98633	 0.848115
4.98967	 0.425773
4.993	 0.570049
4.99633	 0.440665
