# Frequency [GHz] 	Fouriercomponent
-4.99967	 0.00381853
-4.99633	 0.00477344
-4.993	 0.00510126
-4.98967	 0.00371417
-4.98633	 0.0036034
-4.983	 0.00407756
-4.97967	 0.00208819
-4.97633	 0.00280442
-4.973	 0.00324152
-4.96967	 0.00257596
-4.96634	 0.00322895
-4.963	 0.00378526
-4.95967	 0.0031081
-4.95634	 0.00394389
-4.953	 0.00335208
-4.94967	 0.00278923
-4.94634	 0.00460234
-4.943	 0.00418709
-4.93967	 0.00282517
-4.93634	 0.00545104
-4.933	 0.00644638
-4.92967	 0.00465603
-4.92634	 0.00513756
-4.92301	 0.00522534
-4.91967	 0.0033975
-4.91634	 0.00506532
-4.91301	 0.00459903
-4.90967	 0.00435401
-4.90634	 0.00540052
-4.90301	 0.00397203
-4.89967	 0.00389686
-4.89634	 0.00471113
-4.89301	 0.00455493
-4.88967	 0.00578009
-4.88634	 0.00358659
-4.88301	 0.0045342
-4.87967	 0.00669382
-4.87634	 0.00576726
-4.87301	 0.00434511
-4.86968	 0.00386735
-4.86634	 0.00416743
-4.86301	 0.00762178
-4.85968	 0.0045191
-4.85634	 0.00564851
-4.85301	 0.00428257
-4.84968	 0.00691234
-4.84634	 0.00458553
-4.84301	 0.00734736
-4.83968	 0.00515811
-4.83634	 0.0070858
-4.83301	 0.00569219
-4.82968	 0.00557515
-4.82634	 0.00374476
-4.82301	 0.00456131
-4.81968	 0.00398025
-4.81635	 0.0081045
-4.81301	 0.00490564
-4.80968	 0.00587008
-4.80635	 0.00407131
-4.80301	 0.00476424
-4.79968	 0.00528391
-4.79635	 0.00484082
-4.79301	 0.00446655
-4.78968	 0.00417972
-4.78635	 0.00371957
-4.78301	 0.00641583
-4.77968	 0.00584722
-4.77635	 0.00645892
-4.77302	 0.0023909
-4.76968	 0.0039733
-4.76635	 0.00350318
-4.76302	 0.00665901
-4.75968	 0.0071538
-4.75635	 0.004404
-4.75302	 0.00426928
-4.74968	 0.00555635
-4.74635	 0.00359031
-4.74302	 0.00404708
-4.73968	 0.00505718
-4.73635	 0.00739197
-4.73302	 0.00437288
-4.72968	 0.00489583
-4.72635	 0.00640038
-4.72302	 0.00261695
-4.71969	 0.00453299
-4.71635	 0.00384461
-4.71302	 0.00486605
-4.70969	 0.00382143
-4.70635	 0.00451646
-4.70302	 0.00511006
-4.69969	 0.00265375
-4.69635	 0.00288457
-4.69302	 0.00517587
-4.68969	 0.00314537
-4.68635	 0.00365807
-4.68302	 0.00449871
-4.67969	 0.00443499
-4.67635	 0.00387191
-4.67302	 0.004863
-4.66969	 0.00349287
-4.66636	 0.00343362
-4.66302	 0.00382967
-4.65969	 0.00349928
-4.65636	 0.00304103
-4.65302	 0.00499701
-4.64969	 0.00393131
-4.64636	 0.0028714
-4.64302	 0.00306132
-4.63969	 0.00407553
-4.63636	 0.00255867
-4.63302	 0.0028866
-4.62969	 0.00233106
-4.62636	 0.00275954
-4.62303	 0.00234594
-4.61969	 0.00293599
-4.61636	 0.00326772
-4.61303	 0.00262221
-4.60969	 0.00139261
-4.60636	 0.0039134
-4.60303	 0.00272705
-4.59969	 0.00324695
-4.59636	 0.00251005
-4.59303	 0.0022807
-4.58969	 0.00231441
-4.58636	 0.00344884
-4.58303	 0.00213203
-4.57969	 0.00477795
-4.57636	 0.00265046
-4.57303	 0.00456557
-4.5697	 0.00258053
-4.56636	 0.00263322
-4.56303	 0.00260048
-4.5597	 0.00270041
-4.55636	 0.00346595
-4.55303	 0.00255641
-4.5497	 0.00255309
-4.54636	 0.0021027
-4.54303	 0.00261445
-4.5397	 0.00357997
-4.53636	 0.00256297
-4.53303	 0.00341508
-4.5297	 0.00179862
-4.52636	 0.00268354
-4.52303	 0.00252792
-4.5197	 0.00286571
-4.51637	 0.00215051
-4.51303	 0.00219949
-4.5097	 0.00271058
-4.50637	 0.00259343
-4.50303	 0.00190919
-4.4997	 0.00271986
-4.49637	 0.00263461
-4.49303	 0.003109
-4.4897	 0.00341094
-4.48637	 0.00199303
-4.48303	 0.00152779
-4.4797	 0.00405409
-4.47637	 0.00175972
-4.47304	 0.0018735
-4.4697	 0.00194445
-4.46637	 0.0028526
-4.46304	 0.00235948
-4.4597	 0.00162413
-4.45637	 0.00219853
-4.45304	 0.00174699
-4.4497	 0.00341513
-4.44637	 0.0017829
-4.44304	 0.00181699
-4.4397	 0.00140432
-4.43637	 0.00114537
-4.43304	 0.00192054
-4.4297	 0.00208855
-4.42637	 0.00200247
-4.42304	 0.00146049
-4.41971	 0.00294586
-4.41637	 0.00242359
-4.41304	 0.00252494
-4.40971	 0.00230128
-4.40637	 0.00212591
-4.40304	 0.00159837
-4.39971	 0.001369
-4.39637	 0.00197044
-4.39304	 0.00225005
-4.38971	 0.00286167
-4.38637	 0.00236798
-4.38304	 0.00185694
-4.37971	 0.00141783
-4.37637	 0.00185946
-4.37304	 0.00310283
-4.36971	 0.00284241
-4.36638	 0.00172744
-4.36304	 0.0013228
-4.35971	 0.00288146
-4.35638	 0.00237353
-4.35304	 0.00135306
-4.34971	 0.00182806
-4.34638	 0.00231678
-4.34304	 0.00166548
-4.33971	 0.00166111
-4.33638	 0.0024836
-4.33304	 0.00299672
-4.32971	 0.00163669
-4.32638	 0.00227239
-4.32305	 0.00174471
-4.31971	 0.00192346
-4.31638	 0.00150855
-4.31305	 0.00202835
-4.30971	 0.00231518
-4.30638	 0.00241555
-4.30305	 0.00206749
-4.29971	 0.0019918
-4.29638	 0.00205934
-4.29305	 0.00246568
-4.28971	 0.00166564
-4.28638	 0.00176486
-4.28305	 0.00182495
-4.27971	 0.00148178
-4.27638	 0.00192584
-4.27305	 0.00192705
-4.26972	 0.00199461
-4.26638	 0.00217748
-4.26305	 0.00209764
-4.25972	 0.00221652
-4.25638	 0.00272164
-4.25305	 0.00237892
-4.24972	 0.00193206
-4.24638	 0.00148837
-4.24305	 0.00155992
-4.23972	 0.00212045
-4.23638	 0.00212366
-4.23305	 0.00190614
-4.22972	 0.00168074
-4.22638	 0.00212659
-4.22305	 0.0017124
-4.21972	 0.00196926
-4.21639	 0.00199225
-4.21305	 0.00124519
-4.20972	 0.00160355
-4.20639	 0.00164595
-4.20305	 0.0021009
-4.19972	 0.0013508
-4.19639	 0.00222711
-4.19305	 0.00240125
-4.18972	 0.00202999
-4.18639	 0.00300352
-4.18305	 0.00227977
-4.17972	 0.00193607
-4.17639	 0.00240117
-4.17306	 0.00315037
-4.16972	 0.002556
-4.16639	 0.00190795
-4.16306	 0.00203266
-4.15972	 0.00190866
-4.15639	 0.00178465
-4.15306	 0.00198395
-4.14972	 0.00144006
-4.14639	 0.00326295
-4.14306	 0.00150926
-4.13972	 0.00105587
-4.13639	 0.00212479
-4.13306	 0.00218531
-4.12972	 0.00173573
-4.12639	 0.00214839
-4.12306	 0.0020324
-4.11973	 0.00213041
-4.11639	 0.00158609
-4.11306	 0.00240566
-4.10973	 0.00211469
-4.10639	 0.00252356
-4.10306	 0.00227954
-4.09973	 0.00177642
-4.09639	 0.00276353
-4.09306	 0.00277264
-4.08973	 0.00184135
-4.08639	 0.00150258
-4.08306	 0.00170779
-4.07973	 0.00274137
-4.07639	 0.00137501
-4.07306	 0.00287297
-4.06973	 0.0025846
-4.0664	 0.00202058
-4.06306	 0.00230923
-4.05973	 0.00282398
-4.0564	 0.00194565
-4.05306	 0.00246723
-4.04973	 0.00201982
-4.0464	 0.00265405
-4.04306	 0.00140698
-4.03973	 0.00199856
-4.0364	 0.00174661
-4.03306	 0.00234433
-4.02973	 0.00142946
-4.0264	 0.00196832
-4.02307	 0.0024751
-4.01973	 0.00213591
-4.0164	 0.00201722
-4.01307	 0.00223965
-4.00973	 0.00223689
-4.0064	 0.002534
-4.00307	 0.00182139
-3.99973	 0.00247191
-3.9964	 0.00221116
-3.99307	 0.00258474
-3.98973	 0.00260259
-3.9864	 0.00315365
-3.98307	 0.00297383
-3.97973	 0.00195431
-3.9764	 0.00223744
-3.97307	 0.00287708
-3.96974	 0.00253671
-3.9664	 0.00303941
-3.96307	 0.00240476
-3.95974	 0.0025624
-3.9564	 0.00241443
-3.95307	 0.002607
-3.94974	 0.00263666
-3.9464	 0.00264559
-3.94307	 0.00146222
-3.93974	 0.00216131
-3.9364	 0.00255851
-3.93307	 0.00362603
-3.92974	 0.002728
-3.9264	 0.00224137
-3.92307	 0.00261437
-3.91974	 0.0017371
-3.91641	 0.00226853
-3.91307	 0.00410544
-3.90974	 0.00253706
-3.90641	 0.00213612
-3.90307	 0.00256813
-3.89974	 0.00210082
-3.89641	 0.00179443
-3.89307	 0.00454192
-3.88974	 0.00231482
-3.88641	 0.00224321
-3.88307	 0.00295998
-3.87974	 0.00186073
-3.87641	 0.00332145
-3.87308	 0.00282791
-3.86974	 0.00216638
-3.86641	 0.00244182
-3.86308	 0.00259101
-3.85974	 0.00248862
-3.85641	 0.00297755
-3.85308	 0.00340088
-3.84974	 0.00343808
-3.84641	 0.00424402
-3.84308	 0.00384282
-3.83974	 0.00298078
-3.83641	 0.00186969
-3.83308	 0.00352257
-3.82974	 0.00262875
-3.82641	 0.00206926
-3.82308	 0.00408694
-3.81975	 0.00393623
-3.81641	 0.00300456
-3.81308	 0.00438656
-3.80975	 0.0046766
-3.80641	 0.00217778
-3.80308	 0.0038695
-3.79975	 0.00255884
-3.79641	 0.00393356
-3.79308	 0.00440774
-3.78975	 0.00298767
-3.78641	 0.00269977
-3.78308	 0.00359761
-3.77975	 0.00436007
-3.77641	 0.004256
-3.77308	 0.00422687
-3.76975	 0.00424229
-3.76642	 0.00414448
-3.76308	 0.00511892
-3.75975	 0.00284398
-3.75642	 0.00276487
-3.75308	 0.00514482
-3.74975	 0.00647156
-3.74642	 0.00718232
-3.74308	 0.00312839
-3.73975	 0.0050162
-3.73642	 0.00474975
-3.73308	 0.00458853
-3.72975	 0.00465875
-3.72642	 0.00568865
-3.72309	 0.00425374
-3.71975	 0.00740015
-3.71642	 0.00530784
-3.71309	 0.00510149
-3.70975	 0.00547744
-3.70642	 0.00611105
-3.70309	 0.00491114
-3.69975	 0.00579838
-3.69642	 0.00788576
-3.69309	 0.00527322
-3.68975	 0.00389606
-3.68642	 0.00520608
-3.68309	 0.00355183
-3.67975	 0.00571494
-3.67642	 0.0063024
-3.67309	 0.00505859
-3.66976	 0.00521398
-3.66642	 0.00438061
-3.66309	 0.0042652
-3.65976	 0.00799097
-3.65642	 0.00820131
-3.65309	 0.00330451
-3.64976	 0.00794783
-3.64642	 0.00731418
-3.64309	 0.00583265
-3.63976	 0.00786714
-3.63642	 0.00706954
-3.63309	 0.00736208
-3.62976	 0.0116074
-3.62642	 0.00513552
-3.62309	 0.00655401
-3.61976	 0.00415255
-3.61643	 0.0104871
-3.61309	 0.00950638
-3.60976	 0.0122081
-3.60643	 0.00529887
-3.60309	 0.00679367
-3.59976	 0.00403147
-3.59643	 0.00881218
-3.59309	 0.00811822
-3.58976	 0.00867713
-3.58643	 0.00772858
-3.58309	 0.00950732
-3.57976	 0.00641395
-3.57643	 0.00966704
-3.5731	 0.0110498
-3.56976	 0.00834569
-3.56643	 0.0062337
-3.5631	 0.00791117
-3.55976	 0.00763047
-3.55643	 0.0074588
-3.5531	 0.0077013
-3.54976	 0.00482999
-3.54643	 0.00703598
-3.5431	 0.00964716
-3.53976	 0.00650325
-3.53643	 0.0068599
-3.5331	 0.0062051
-3.52976	 0.00363808
-3.52643	 0.0062643
-3.5231	 0.00570531
-3.51977	 0.00622871
-3.51643	 0.00627386
-3.5131	 0.00404628
-3.50977	 0.00439254
-3.50643	 0.00403036
-3.5031	 0.00667803
-3.49977	 0.00545868
-3.49643	 0.00706113
-3.4931	 0.00488109
-3.48977	 0.00681316
-3.48643	 0.00542243
-3.4831	 0.00507594
-3.47977	 0.00454607
-3.47643	 0.00491376
-3.4731	 0.00425535
-3.46977	 0.00421918
-3.46644	 0.00536322
-3.4631	 0.00602744
-3.45977	 0.00419863
-3.45644	 0.00446944
-3.4531	 0.00729605
-3.44977	 0.00301698
-3.44644	 0.00317528
-3.4431	 0.00421524
-3.43977	 0.00281244
-3.43644	 0.00450863
-3.4331	 0.00399113
-3.42977	 0.00265237
-3.42644	 0.00403816
-3.42311	 0.00454859
-3.41977	 0.00433818
-3.41644	 0.00474356
-3.41311	 0.00476326
-3.40977	 0.00324906
-3.40644	 0.00315456
-3.40311	 0.0039155
-3.39977	 0.00319298
-3.39644	 0.0025154
-3.39311	 0.00457863
-3.38977	 0.00499244
-3.38644	 0.00199611
-3.38311	 0.0028432
-3.37977	 0.00214084
-3.37644	 0.00409696
-3.37311	 0.0040004
-3.36978	 0.00386878
-3.36644	 0.00356752
-3.36311	 0.00259047
-3.35978	 0.00260206
-3.35644	 0.00400296
-3.35311	 0.00267073
-3.34978	 0.0023501
-3.34644	 0.00351712
-3.34311	 0.00290462
-3.33978	 0.00133021
-3.33644	 0.00299935
-3.33311	 0.00223023
-3.32978	 0.00200971
-3.32644	 0.0024593
-3.32311	 0.00227287
-3.31978	 0.0027149
-3.31645	 0.00174669
-3.31311	 0.00258299
-3.30978	 0.00220057
-3.30645	 0.00223962
-3.30311	 0.00283688
-3.29978	 0.00220241
-3.29645	 0.00231877
-3.29311	 0.00291341
-3.28978	 0.00255273
-3.28645	 0.00148322
-3.28311	 0.00330178
-3.27978	 0.00273669
-3.27645	 0.00333014
-3.27312	 0.00209136
-3.26978	 0.00219438
-3.26645	 0.00247259
-3.26312	 0.0028729
-3.25978	 0.00199373
-3.25645	 0.00234243
-3.25312	 0.00273865
-3.24978	 0.00249007
-3.24645	 0.00231347
-3.24312	 0.00226233
-3.23978	 0.00259826
-3.23645	 0.00223532
-3.23312	 0.00260338
-3.22978	 0.00371599
-3.22645	 0.00294543
-3.22312	 0.00207764
-3.21979	 0.00181173
-3.21645	 0.0029263
-3.21312	 0.00255294
-3.20979	 0.001664
-3.20645	 0.00196986
-3.20312	 0.0023601
-3.19979	 0.00183429
-3.19645	 0.00157867
-3.19312	 0.00292408
-3.18979	 0.00236113
-3.18645	 0.00150382
-3.18312	 0.00172734
-3.17979	 0.00220999
-3.17645	 0.00245934
-3.17312	 0.00258821
-3.16979	 0.00355685
-3.16646	 0.00232005
-3.16312	 0.00226163
-3.15979	 0.00255746
-3.15646	 0.00209037
-3.15312	 0.00202564
-3.14979	 0.00155675
-3.14646	 0.00149735
-3.14312	 0.00344458
-3.13979	 0.00237226
-3.13646	 0.00144088
-3.13312	 0.00228424
-3.12979	 0.00228247
-3.12646	 0.0022942
-3.12313	 0.00188363
-3.11979	 0.00204358
-3.11646	 0.00183184
-3.11313	 0.00201997
-3.10979	 0.00133917
-3.10646	 0.00180392
-3.10313	 0.0022193
-3.09979	 0.00214141
-3.09646	 0.00225682
-3.09313	 0.00177751
-3.08979	 0.00194676
-3.08646	 0.00182125
-3.08313	 0.0020822
-3.07979	 0.00194499
-3.07646	 0.00255304
-3.07313	 0.00213889
-3.0698	 0.00183878
-3.06646	 0.00269053
-3.06313	 0.00229349
-3.0598	 0.00237009
-3.05646	 0.00210646
-3.05313	 0.00162578
-3.0498	 0.00267084
-3.04646	 0.00259461
-3.04313	 0.00218587
-3.0398	 0.00164841
-3.03646	 0.0024871
-3.03313	 0.00195734
-3.0298	 0.00237048
-3.02646	 0.00214946
-3.02313	 0.00199878
-3.0198	 0.00186782
-3.01647	 0.00223629
-3.01313	 0.00231837
-3.0098	 0.00158218
-3.00647	 0.00203962
-3.00313	 0.0019893
-2.9998	 0.00177327
-2.99647	 0.00237746
-2.99313	 0.00175711
-2.9898	 0.00207615
-2.98647	 0.00246243
-2.98313	 0.00198514
-2.9798	 0.00186636
-2.97647	 0.00194475
-2.97314	 0.00268487
-2.9698	 0.00257012
-2.96647	 0.00239141
-2.96314	 0.00158401
-2.9598	 0.00202686
-2.95647	 0.00235293
-2.95314	 0.002826
-2.9498	 0.0020741
-2.94647	 0.00106603
-2.94314	 0.00226809
-2.9398	 0.00243587
-2.93647	 0.00235425
-2.93314	 0.00184523
-2.9298	 0.00188791
-2.92647	 0.00236088
-2.92314	 0.0025304
-2.91981	 0.00281055
-2.91647	 0.00192738
-2.91314	 0.00258173
-2.90981	 0.00258871
-2.90647	 0.00185353
-2.90314	 0.00196922
-2.89981	 0.00204868
-2.89647	 0.00232408
-2.89314	 0.0028759
-2.88981	 0.00194842
-2.88647	 0.00212263
-2.88314	 0.00187899
-2.87981	 0.00289936
-2.87647	 0.00325586
-2.87314	 0.00221471
-2.86981	 0.00185538
-2.86648	 0.00200605
-2.86314	 0.00342592
-2.85981	 0.00209636
-2.85648	 0.00173243
-2.85314	 0.00265708
-2.84981	 0.0014936
-2.84648	 0.00254721
-2.84314	 0.00326622
-2.83981	 0.0025429
-2.83648	 0.00206639
-2.83314	 0.00403876
-2.82981	 0.00292358
-2.82648	 0.00238246
-2.82315	 0.00252527
-2.81981	 0.00262549
-2.81648	 0.00213163
-2.81315	 0.00274564
-2.80981	 0.00231121
-2.80648	 0.00358246
-2.80315	 0.00265245
-2.79981	 0.0023037
-2.79648	 0.00162315
-2.79315	 0.00259605
-2.78981	 0.00193927
-2.78648	 0.00232458
-2.78315	 0.0026677
-2.77981	 0.00223578
-2.77648	 0.00293977
-2.77315	 0.00286008
-2.76982	 0.00285692
-2.76648	 0.00260293
-2.76315	 0.00391685
-2.75982	 0.00239058
-2.75648	 0.00296295
-2.75315	 0.003513
-2.74982	 0.00258423
-2.74648	 0.00171768
-2.74315	 0.00331642
-2.73982	 0.00265291
-2.73648	 0.00297953
-2.73315	 0.0032139
-2.72982	 0.00259242
-2.72648	 0.00306962
-2.72315	 0.00296347
-2.71982	 0.00176099
-2.71649	 0.00418569
-2.71315	 0.00341109
-2.70982	 0.00333393
-2.70649	 0.0016454
-2.70315	 0.00263123
-2.69982	 0.00456664
-2.69649	 0.00286634
-2.69315	 0.00247338
-2.68982	 0.00157075
-2.68649	 0.00249376
-2.68315	 0.00346035
-2.67982	 0.00253341
-2.67649	 0.00283251
-2.67316	 0.00339514
-2.66982	 0.00280804
-2.66649	 0.00293067
-2.66316	 0.00350975
-2.65982	 0.00410149
-2.65649	 0.00432019
-2.65316	 0.00324709
-2.64982	 0.00308139
-2.64649	 0.00375391
-2.64316	 0.00258956
-2.63982	 0.00314546
-2.63649	 0.00374041
-2.63316	 0.00561163
-2.62982	 0.00307719
-2.62649	 0.00224512
-2.62316	 0.00351846
-2.61983	 0.00224044
-2.61649	 0.00510919
-2.61316	 0.00226871
-2.60983	 0.00306745
-2.60649	 0.00422748
-2.60316	 0.00365834
-2.59983	 0.00306305
-2.59649	 0.00522126
-2.59316	 0.00364916
-2.58983	 0.0035856
-2.58649	 0.00468977
-2.58316	 0.0037224
-2.57983	 0.00646739
-2.57649	 0.00332903
-2.57316	 0.00586611
-2.56983	 0.00330453
-2.5665	 0.00600949
-2.56316	 0.00491886
-2.55983	 0.00416687
-2.5565	 0.00399737
-2.55316	 0.00693149
-2.54983	 0.00847374
-2.5465	 0.00456836
-2.54316	 0.00411331
-2.53983	 0.00463533
-2.5365	 0.00600239
-2.53316	 0.00448878
-2.52983	 0.00366438
-2.5265	 0.00443437
-2.52317	 0.00571708
-2.51983	 0.00858941
-2.5165	 0.00430418
-2.51317	 0.00729274
-2.50983	 0.00692481
-2.5065	 0.00646923
-2.50317	 0.00687891
-2.49983	 0.00574055
-2.4965	 0.0074597
-2.49317	 0.00724265
-2.48983	 0.0104128
-2.4865	 0.00740747
-2.48317	 0.00994635
-2.47983	 0.00815273
-2.4765	 0.00523515
-2.47317	 0.00441161
-2.46984	 0.00631727
-2.4665	 0.00645223
-2.46317	 0.00681352
-2.45984	 0.0103729
-2.4565	 0.00620828
-2.45317	 0.0124603
-2.44984	 0.00915355
-2.4465	 0.0119713
-2.44317	 0.0127668
-2.43984	 0.0111644
-2.4365	 0.0123011
-2.43317	 0.00938243
-2.42984	 0.0112024
-2.4265	 0.0111093
-2.42317	 0.00735391
-2.41984	 0.0105469
-2.41651	 0.00908448
-2.41317	 0.0151718
-2.40984	 0.00672842
-2.40651	 0.0109194
-2.40317	 0.00882355
-2.39984	 0.00835605
-2.39651	 0.0125413
-2.39317	 0.0133569
-2.38984	 0.0100816
-2.38651	 0.0115081
-2.38317	 0.0114922
-2.37984	 0.015575
-2.37651	 0.0140052
-2.37318	 0.0191129
-2.36984	 0.0173458
-2.36651	 0.0123519
-2.36318	 0.0150159
-2.35984	 0.0168135
-2.35651	 0.0101968
-2.35318	 0.0174488
-2.34984	 0.0126578
-2.34651	 0.0186038
-2.34318	 0.00965006
-2.33984	 0.00830638
-2.33651	 0.00902269
-2.33318	 0.00678176
-2.32984	 0.00712986
-2.32651	 0.0062888
-2.32318	 0.0109149
-2.31985	 0.00511664
-2.31651	 0.00957988
-2.31318	 0.00881769
-2.30985	 0.00675851
-2.30651	 0.00480215
-2.30318	 0.00600383
-2.29985	 0.00731106
-2.29651	 0.0069798
-2.29318	 0.00646186
-2.28985	 0.00631811
-2.28651	 0.00576355
-2.28318	 0.00341384
-2.27985	 0.00379956
-2.27651	 0.00671531
-2.27318	 0.00716173
-2.26985	 0.00642444
-2.26652	 0.00819841
-2.26318	 0.00498436
-2.25985	 0.00427541
-2.25652	 0.00550224
-2.25318	 0.00401891
-2.24985	 0.00655821
-2.24652	 0.00288346
-2.24318	 0.00452205
-2.23985	 0.0055649
-2.23652	 0.00423526
-2.23318	 0.00484049
-2.22985	 0.003046
-2.22652	 0.00340401
-2.22319	 0.00551538
-2.21985	 0.00424657
-2.21652	 0.00235172
-2.21319	 0.00283636
-2.20985	 0.00365071
-2.20652	 0.00475706
-2.20319	 0.00461372
-2.19985	 0.00244704
-2.19652	 0.00530298
-2.19319	 0.00205847
-2.18985	 0.00387668
-2.18652	 0.00311395
-2.18319	 0.00171341
-2.17985	 0.00420859
-2.17652	 0.00449468
-2.17319	 0.0041171
-2.16986	 0.00188719
-2.16652	 0.00394296
-2.16319	 0.0028823
-2.15986	 0.00305734
-2.15652	 0.00498058
-2.15319	 0.00278225
-2.14986	 0.0032457
-2.14652	 0.00203934
-2.14319	 0.00238655
-2.13986	 0.00373483
-2.13652	 0.00281105
-2.13319	 0.00379934
-2.12986	 0.00300368
-2.12652	 0.00291148
-2.12319	 0.00226137
-2.11986	 0.00353942
-2.11653	 0.00390445
-2.11319	 0.00361774
-2.10986	 0.00357746
-2.10653	 0.00304799
-2.10319	 0.00280471
-2.09986	 0.00184968
-2.09653	 0.00262491
-2.09319	 0.00264084
-2.08986	 0.00271616
-2.08653	 0.00269521
-2.08319	 0.0034524
-2.07986	 0.00276413
-2.07653	 0.00201268
-2.0732	 0.00192508
-2.06986	 0.00327478
-2.06653	 0.00255937
-2.0632	 0.003212
-2.05986	 0.00190524
-2.05653	 0.00293158
-2.0532	 0.00274846
-2.04986	 0.00185663
-2.04653	 0.00413401
-2.0432	 0.00269682
-2.03986	 0.00209307
-2.03653	 0.00206798
-2.0332	 0.00359209
-2.02986	 0.00274104
-2.02653	 0.00204315
-2.0232	 0.00199234
-2.01987	 0.00217927
-2.01653	 0.00368933
-2.0132	 0.00295664
-2.00987	 0.00150118
-2.00653	 0.00331769
-2.0032	 0.00300991
-1.99987	 0.00290616
-1.99653	 0.00156749
-1.9932	 0.00285817
-1.98987	 0.00223054
-1.98653	 0.0015028
-1.9832	 0.00271588
-1.97987	 0.00210927
-1.97653	 0.00247401
-1.9732	 0.00308453
-1.96987	 0.00350286
-1.96654	 0.00201756
-1.9632	 0.00220364
-1.95987	 0.002221
-1.95654	 0.00220726
-1.9532	 0.00197757
-1.94987	 0.00274858
-1.94654	 0.00244615
-1.9432	 0.00279037
-1.93987	 0.00113307
-1.93654	 0.00134942
-1.9332	 0.00137943
-1.92987	 0.00289379
-1.92654	 0.00276271
-1.92321	 0.00285414
-1.91987	 0.00309753
-1.91654	 0.00115757
-1.91321	 0.00332586
-1.90987	 0.00208414
-1.90654	 0.00258015
-1.90321	 0.00204974
-1.89987	 0.00244894
-1.89654	 0.00231785
-1.89321	 0.00321668
-1.88987	 0.00142925
-1.88654	 0.00193247
-1.88321	 0.00230684
-1.87987	 0.00285036
-1.87654	 0.0031373
-1.87321	 0.00156173
-1.86988	 0.00211598
-1.86654	 0.00306356
-1.86321	 0.00176525
-1.85988	 0.0021871
-1.85654	 0.00216555
-1.85321	 0.00136584
-1.84988	 0.00188631
-1.84654	 0.00302893
-1.84321	 0.00330511
-1.83988	 0.00177203
-1.83654	 0.00235618
-1.83321	 0.00221879
-1.82988	 0.00223797
-1.82654	 0.00298594
-1.82321	 0.00207639
-1.81988	 0.00185586
-1.81655	 0.00146443
-1.81321	 0.00227534
-1.80988	 0.00217155
-1.80655	 0.00332416
-1.80321	 0.0018132
-1.79988	 0.00175373
-1.79655	 0.00241796
-1.79321	 0.000962433
-1.78988	 0.00158348
-1.78655	 0.00162695
-1.78321	 0.00214172
-1.77988	 0.0027821
-1.77655	 0.00260882
-1.77322	 0.00189204
-1.76988	 0.00191068
-1.76655	 0.00313186
-1.76322	 0.00217006
-1.75988	 0.00279123
-1.75655	 0.00157393
-1.75322	 0.00197864
-1.74988	 0.00243398
-1.74655	 0.00248168
-1.74322	 0.00176765
-1.73988	 0.00218486
-1.73655	 0.00187828
-1.73322	 0.00243389
-1.72988	 0.00150118
-1.72655	 0.00187602
-1.72322	 0.0022957
-1.71989	 0.00203868
-1.71655	 0.00122236
-1.71322	 0.0020762
-1.70989	 0.00236858
-1.70655	 0.00245805
-1.70322	 0.00248062
-1.69989	 0.00282113
-1.69655	 0.00190573
-1.69322	 0.0022265
-1.68989	 0.00194554
-1.68655	 0.00178081
-1.68322	 0.00341371
-1.67989	 0.0026091
-1.67655	 0.00274219
-1.67322	 0.00214939
-1.66989	 0.00190227
-1.66656	 0.0027061
-1.66322	 0.00181469
-1.65989	 0.00278838
-1.65656	 0.00199663
-1.65322	 0.00172613
-1.64989	 0.00187227
-1.64656	 0.00213701
-1.64322	 0.00218606
-1.63989	 0.00241058
-1.63656	 0.00166882
-1.63322	 0.00254398
-1.62989	 0.00325791
-1.62656	 0.00253766
-1.62323	 0.00364254
-1.61989	 0.00237849
-1.61656	 0.00290099
-1.61323	 0.00331813
-1.60989	 0.00269814
-1.60656	 0.00265243
-1.60323	 0.00291902
-1.59989	 0.00205318
-1.59656	 0.00239985
-1.59323	 0.00196491
-1.58989	 0.00233667
-1.58656	 0.0032604
-1.58323	 0.00247607
-1.57989	 0.0024117
-1.57656	 0.00358614
-1.57323	 0.00196298
-1.5699	 0.00357405
-1.56656	 0.00334456
-1.56323	 0.00209974
-1.5599	 0.00375318
-1.55656	 0.00295774
-1.55323	 0.00260251
-1.5499	 0.00246225
-1.54656	 0.00316092
-1.54323	 0.0019397
-1.5399	 0.00297868
-1.53656	 0.00222323
-1.53323	 0.0034084
-1.5299	 0.00366538
-1.52656	 0.00322402
-1.52323	 0.00307677
-1.5199	 0.00371909
-1.51657	 0.00352671
-1.51323	 0.00319252
-1.5099	 0.00188997
-1.50657	 0.00541051
-1.50323	 0.00299027
-1.4999	 0.00268898
-1.49657	 0.00318851
-1.49323	 0.00179361
-1.4899	 0.00326583
-1.48657	 0.0025396
-1.48323	 0.0037448
-1.4799	 0.0037174
-1.47657	 0.00178196
-1.47324	 0.00300353
-1.4699	 0.00280138
-1.46657	 0.00309573
-1.46324	 0.00123404
-1.4599	 0.0045284
-1.45657	 0.00226068
-1.45324	 0.00211207
-1.4499	 0.00216493
-1.44657	 0.00385195
-1.44324	 0.00373279
-1.4399	 0.00279802
-1.43657	 0.00362171
-1.43324	 0.00355432
-1.4299	 0.00490741
-1.42657	 0.00433108
-1.42324	 0.00476741
-1.41991	 0.00340854
-1.41657	 0.00251857
-1.41324	 0.00585694
-1.40991	 0.00392566
-1.40657	 0.00415501
-1.40324	 0.00345275
-1.39991	 0.00461008
-1.39657	 0.00496105
-1.39324	 0.0052577
-1.38991	 0.00368964
-1.38657	 0.00641692
-1.38324	 0.00450024
-1.37991	 0.00496292
-1.37657	 0.00265497
-1.37324	 0.00424438
-1.36991	 0.00166649
-1.36658	 0.00328118
-1.36324	 0.00542339
-1.35991	 0.00374928
-1.35658	 0.00735917
-1.35324	 0.00430972
-1.34991	 0.00419645
-1.34658	 0.00514318
-1.34324	 0.00686284
-1.33991	 0.00578611
-1.33658	 0.00714053
-1.33324	 0.00605889
-1.32991	 0.00495736
-1.32658	 0.00509632
-1.32325	 0.005899
-1.31991	 0.00767556
-1.31658	 0.00521384
-1.31325	 0.00706899
-1.30991	 0.0060277
-1.30658	 0.00867531
-1.30325	 0.00797111
-1.29991	 0.00807925
-1.29658	 0.0102239
-1.29325	 0.00490739
-1.28991	 0.00915179
-1.28658	 0.00980634
-1.28325	 0.0122127
-1.27991	 0.0109144
-1.27658	 0.0107313
-1.27325	 0.0094845
-1.26992	 0.0111184
-1.26658	 0.00964674
-1.26325	 0.0116333
-1.25992	 0.00912883
-1.25658	 0.00871321
-1.25325	 0.0114641
-1.24992	 0.00692069
-1.24658	 0.0116678
-1.24325	 0.00963228
-1.23992	 0.0121237
-1.23658	 0.00882175
-1.23325	 0.0143543
-1.22992	 0.0115706
-1.22658	 0.0157123
-1.22325	 0.013551
-1.21992	 0.0205098
-1.21659	 0.0208267
-1.21325	 0.0156725
-1.20992	 0.0240781
-1.20659	 0.0173941
-1.20325	 0.0147679
-1.19992	 0.0204074
-1.19659	 0.0426267
-1.19325	 0.0347507
-1.18992	 0.0264782
-1.18659	 0.0346933
-1.18325	 0.0462381
-1.17992	 0.0480883
-1.17659	 0.0222586
-1.17326	 0.0377655
-1.16992	 0.0256985
-1.16659	 0.02841
-1.16326	 0.0156619
-1.15992	 0.0185948
-1.15659	 0.0152997
-1.15326	 0.0228234
-1.14992	 0.0155924
-1.14659	 0.0119828
-1.14326	 0.0105783
-1.13992	 0.00825178
-1.13659	 0.0105521
-1.13326	 0.00877914
-1.12992	 0.0128672
-1.12659	 0.0130239
-1.12326	 0.0108928
-1.11993	 0.00974016
-1.11659	 0.00923985
-1.11326	 0.00715722
-1.10993	 0.00703231
-1.10659	 0.00728714
-1.10326	 0.00695618
-1.09993	 0.00922251
-1.09659	 0.00556935
-1.09326	 0.00557869
-1.08993	 0.00682423
-1.08659	 0.00577626
-1.08326	 0.00565468
-1.07993	 0.00536858
-1.07659	 0.00739091
-1.07326	 0.00682551
-1.06993	 0.00622939
-1.0666	 0.00426244
-1.06326	 0.0058011
-1.05993	 0.00771844
-1.0566	 0.00405808
-1.05326	 0.0038759
-1.04993	 0.00463871
-1.0466	 0.0048699
-1.04326	 0.00296111
-1.03993	 0.00575278
-1.0366	 0.00448048
-1.03326	 0.0042262
-1.02993	 0.0040119
-1.0266	 0.00536871
-1.02327	 0.00683701
-1.01993	 0.00431179
-1.0166	 0.00400288
-1.01327	 0.00475313
-1.00993	 0.00556114
-1.0066	 0.0032864
-1.00327	 0.00362282
-0.999933	 0.00487157
-0.9966	 0.00410032
-0.993267	 0.00565443
-0.989934	 0.00216007
-0.986601	 0.00375748
-0.983268	 0.00535721
-0.979935	 0.00346137
-0.976602	 0.00475752
-0.973268	 0.00383428
-0.969935	 0.00252436
-0.966602	 0.00272876
-0.963269	 0.00400367
-0.959936	 0.00434525
-0.956603	 0.00433996
-0.95327	 0.0039146
-0.949937	 0.0041437
-0.946604	 0.00625541
-0.94327	 0.00320681
-0.939937	 0.00380405
-0.936604	 0.00280708
-0.933271	 0.00430066
-0.929938	 0.00351148
-0.926605	 0.00396866
-0.923272	 0.00394831
-0.919939	 0.00367875
-0.916606	 0.00190783
-0.913272	 0.00231767
-0.909939	 0.00359149
-0.906606	 0.00402816
-0.903273	 0.00167341
-0.89994	 0.00399184
-0.896607	 0.00274192
-0.893274	 0.00325913
-0.889941	 0.00344973
-0.886608	 0.00355472
-0.883274	 0.00371338
-0.879941	 0.00213706
-0.876608	 0.00144689
-0.873275	 0.00260658
-0.869942	 0.00198454
-0.866609	 0.00308822
-0.863276	 0.0022425
-0.859943	 0.00324072
-0.85661	 0.00228726
-0.853276	 0.00197668
-0.849943	 0.0032723
-0.84661	 0.00329217
-0.843277	 0.00202352
-0.839944	 0.00335411
-0.836611	 0.00156527
-0.833278	 0.00298978
-0.829945	 0.00272927
-0.826612	 0.00360777
-0.823278	 0.00225543
-0.819945	 0.00265995
-0.816612	 0.0030901
-0.813279	 0.00325998
-0.809946	 0.00209829
-0.806613	 0.00188942
-0.80328	 0.00230101
-0.799947	 0.00210701
-0.796614	 0.00164525
-0.79328	 0.00310528
-0.789947	 0.00251381
-0.786614	 0.00287736
-0.783281	 0.00201625
-0.779948	 0.0023524
-0.776615	 0.00184266
-0.773282	 0.0034478
-0.769949	 0.00140887
-0.766616	 0.00160985
-0.763282	 0.00231179
-0.759949	 0.00138392
-0.756616	 0.00245437
-0.753283	 0.00291498
-0.74995	 0.00151073
-0.746617	 0.00275974
-0.743284	 0.00229262
-0.739951	 0.00279688
-0.736618	 0.00192632
-0.733284	 0.00215814
-0.729951	 0.00250359
-0.726618	 0.00214139
-0.723285	 0.00246486
-0.719952	 0.00226783
-0.716619	 0.00233364
-0.713286	 0.0029541
-0.709953	 0.0021774
-0.70662	 0.00238375
-0.703286	 0.00325196
-0.699953	 0.00315223
-0.69662	 0.00253563
-0.693287	 0.00235251
-0.689954	 0.00270602
-0.686621	 0.00209181
-0.683288	 0.00248661
-0.679955	 0.00207847
-0.676622	 0.0024602
-0.673288	 0.00278205
-0.669955	 0.0018296
-0.666622	 0.00185796
-0.663289	 0.00218876
-0.659956	 0.00202152
-0.656623	 0.00160898
-0.65329	 0.00298256
-0.649957	 0.00274328
-0.646624	 0.00221598
-0.64329	 0.00245282
-0.639957	 0.00241256
-0.636624	 0.00308468
-0.633291	 0.00159753
-0.629958	 0.00188358
-0.626625	 0.00267317
-0.623292	 0.00340536
-0.619959	 0.00161275
-0.616626	 0.00237459
-0.613292	 0.00235476
-0.609959	 0.00196311
-0.606626	 0.00230028
-0.603293	 0.00195843
-0.59996	 0.0026629
-0.596627	 0.00135445
-0.593294	 0.00171612
-0.589961	 0.00312012
-0.586628	 0.00233246
-0.583294	 0.00255131
-0.579961	 0.00227702
-0.576628	 0.0028801
-0.573295	 0.00278909
-0.569962	 0.00277059
-0.566629	 0.00217351
-0.563296	 0.00250758
-0.559963	 0.0013848
-0.55663	 0.00171363
-0.553296	 0.00273085
-0.549963	 0.00214362
-0.54663	 0.00191702
-0.543297	 0.00192304
-0.539964	 0.00256582
-0.536631	 0.00374451
-0.533298	 0.00304037
-0.529965	 0.0016473
-0.526632	 0.00192245
-0.523298	 0.00228763
-0.519965	 0.002756
-0.516632	 0.00241794
-0.513299	 0.00254577
-0.509966	 0.00224762
-0.506633	 0.00197311
-0.5033	 0.00184812
-0.499967	 0.00218404
-0.496634	 0.00230028
-0.4933	 0.00269653
-0.489967	 0.00234493
-0.486634	 0.00228275
-0.483301	 0.00246431
-0.479968	 0.00272035
-0.476635	 0.00229744
-0.473302	 0.00363242
-0.469969	 0.00323666
-0.466636	 0.00274403
-0.463302	 0.00319006
-0.459969	 0.0028988
-0.456636	 0.00307193
-0.453303	 0.00206681
-0.44997	 0.00300517
-0.446637	 0.00285601
-0.443304	 0.00370903
-0.439971	 0.00212653
-0.436638	 0.00229243
-0.433304	 0.00197462
-0.429971	 0.00299601
-0.426638	 0.00225376
-0.423305	 0.0033971
-0.419972	 0.00268131
-0.416639	 0.00208285
-0.413306	 0.00260734
-0.409973	 0.00286565
-0.40664	 0.00314266
-0.403306	 0.00351786
-0.399973	 0.00290919
-0.39664	 0.0024815
-0.393307	 0.00249273
-0.389974	 0.00426869
-0.386641	 0.00160224
-0.383308	 0.00262144
-0.379975	 0.00217566
-0.376642	 0.00213604
-0.373308	 0.0028486
-0.369975	 0.0029159
-0.366642	 0.00388324
-0.363309	 0.0032191
-0.359976	 0.00320371
-0.356643	 0.00262928
-0.35331	 0.00302694
-0.349977	 0.00310105
-0.346644	 0.0035028
-0.34331	 0.00212652
-0.339977	 0.00239322
-0.336644	 0.00290675
-0.333311	 0.00244361
-0.329978	 0.00402019
-0.326645	 0.00199612
-0.323312	 0.00277362
-0.319979	 0.00354937
-0.316646	 0.00383633
-0.313312	 0.0035974
-0.309979	 0.00364799
-0.306646	 0.0028684
-0.303313	 0.00179702
-0.29998	 0.00320308
-0.296647	 0.00361481
-0.293314	 0.00380422
-0.289981	 0.00396149
-0.286648	 0.00328502
-0.283314	 0.00391765
-0.279981	 0.00388656
-0.276648	 0.00378494
-0.273315	 0.00438706
-0.269982	 0.00421599
-0.266649	 0.00301962
-0.263316	 0.00441283
-0.259983	 0.00244181
-0.25665	 0.00409793
-0.253316	 0.00289378
-0.249983	 0.00276039
-0.24665	 0.00272614
-0.243317	 0.00357294
-0.239984	 0.0033194
-0.236651	 0.00317141
-0.233318	 0.00354326
-0.229985	 0.00465776
-0.226652	 0.00252202
-0.223318	 0.00232373
-0.219985	 0.00396484
-0.216652	 0.002728
-0.213319	 0.00469706
-0.209986	 0.00477094
-0.206653	 0.00363829
-0.20332	 0.00314214
-0.199987	 0.00435118
-0.196654	 0.00519399
-0.19332	 0.00198825
-0.189987	 0.00208992
-0.186654	 0.0033817
-0.183321	 0.00388185
-0.179988	 0.00531345
-0.176655	 0.00444052
-0.173322	 0.00673778
-0.169989	 0.0056517
-0.166656	 0.00462605
-0.163322	 0.00513213
-0.159989	 0.00450315
-0.156656	 0.00411964
-0.153323	 0.00451539
-0.14999	 0.00599037
-0.146657	 0.00580024
-0.143324	 0.00310056
-0.139991	 0.00494647
-0.136658	 0.00826548
-0.133324	 0.0069734
-0.129991	 0.00471575
-0.126658	 0.00273093
-0.123325	 0.00447957
-0.119992	 0.00845905
-0.116659	 0.0061053
-0.113326	 0.00710949
-0.109993	 0.00797268
-0.10666	 0.00453563
-0.103326	 0.00812359
-0.0999933	 0.00717695
-0.0966602	 0.00829585
-0.0933271	 0.00996217
-0.089994	 0.00885475
-0.0866609	 0.00947829
-0.0833278	 0.00872648
-0.0799947	 0.00740033
-0.0766616	 0.00578733
-0.0733284	 0.0109503
-0.0699953	 0.00964104
-0.0666622	 0.0121729
-0.0633291	 0.00832101
-0.059996	 0.011137
-0.0566629	 0.00798652
-0.0533298	 0.0108592
-0.0499967	 0.0123175
-0.0466636	 0.0130436
-0.0433304	 0.0133598
-0.0399973	 0.00910006
-0.0366642	 0.0154254
-0.0333311	 0.0125885
-0.029998	 0.0212325
-0.0266649	 0.0293226
-0.0233318	 0.0388135
-0.0199987	 0.0487065
-0.0166656	 0.0177079
-0.0133324	 0.0474888
-0.00999933	 0.0976423
-0.00666622	 0.0850533
-0.00333311	 0.00013412
0	 1
0.00333311	 0.0876602
0.00666622	 0.1213
0.00999933	 0.0417205
0.0133324	 0.0349379
0.0166656	 0.0340687
0.0199987	 0.04183
0.0233318	 0.0277658
0.0266649	 0.0193509
0.029998	 0.00805567
0.0333311	 0.0172936
0.0366642	 0.0089212
0.0399973	 0.01142
0.0433304	 0.019633
0.0466636	 0.0137463
0.0499967	 0.012285
0.0533298	 0.00843076
0.0566629	 0.00720891
0.059996	 0.00938804
0.0633291	 0.0114222
0.0666622	 0.0110313
0.0699953	 0.0103885
0.0733284	 0.00347434
0.0766616	 0.0117756
0.0799947	 0.00677864
0.0833278	 0.00552506
0.0866609	 0.00695196
0.089994	 0.00511731
0.0933271	 0.00852335
0.0966602	 0.00852073
0.0999933	 0.00660158
0.103326	 0.00769604
0.10666	 0.00719255
0.109993	 0.00835083
0.113326	 0.00553673
0.116659	 0.00672897
0.119992	 0.00632186
0.123325	 0.00733097
0.126658	 0.0059748
0.129991	 0.00588115
0.133324	 0.00553626
0.136658	 0.00464921
0.139991	 0.00203503
0.143324	 0.00536841
0.146657	 0.00513686
0.14999	 0.00540957
0.153323	 0.00377689
0.156656	 0.00451532
0.159989	 0.00692502
0.163322	 0.00438693
0.166656	 0.00328658
0.169989	 0.00528072
0.173322	 0.00496027
0.176655	 0.00624177
0.179988	 0.00203446
0.183321	 0.0033513
0.186654	 0.0038821
0.189987	 0.00388738
0.19332	 0.00369898
0.196654	 0.00476203
0.199987	 0.00436038
0.20332	 0.00374789
0.206653	 0.00340686
0.209986	 0.00261954
0.213319	 0.00373539
0.216652	 0.00376853
0.219985	 0.00379764
0.223318	 0.00449223
0.226652	 0.00355449
0.229985	 0.00512404
0.233318	 0.00307264
0.236651	 0.00477574
0.239984	 0.00244791
0.243317	 0.00407101
0.24665	 0.0038531
0.249983	 0.00348525
0.253316	 0.00446531
0.25665	 0.00389923
0.259983	 0.00302252
0.263316	 0.00268629
0.266649	 0.00192819
0.269982	 0.00431588
0.273315	 0.00334311
0.276648	 0.00218186
0.279981	 0.00336133
0.283314	 0.00233009
0.286648	 0.00328719
0.289981	 0.00275906
0.293314	 0.00298105
0.296647	 0.00380765
0.29998	 0.00494048
0.303313	 0.00362463
0.306646	 0.00263899
0.309979	 0.00410011
0.313312	 0.00398117
0.316646	 0.00123099
0.319979	 0.00270391
0.323312	 0.00398598
0.326645	 0.0036424
0.329978	 0.00187451
0.333311	 0.00377896
0.336644	 0.00212379
0.339977	 0.00250888
0.34331	 0.00283741
0.346644	 0.00193303
0.349977	 0.00308392
0.35331	 0.00193825
0.356643	 0.00239737
0.359976	 0.00290186
0.363309	 0.00141293
0.366642	 0.00378878
0.369975	 0.00251848
0.373308	 0.00247968
0.376642	 0.00328597
0.379975	 0.00307152
0.383308	 0.00217656
0.386641	 0.00210501
0.389974	 0.00216575
0.393307	 0.00206982
0.39664	 0.00215716
0.399973	 0.00311862
0.403306	 0.00359566
0.40664	 0.00308638
0.409973	 0.00193902
0.413306	 0.0033114
0.416639	 0.0021322
0.419972	 0.00210459
0.423305	 0.00205759
0.426638	 0.00324737
0.429971	 0.0020034
0.433304	 0.00290218
0.436638	 0.00280677
0.439971	 0.00323247
0.443304	 0.00167318
0.446637	 0.00268152
0.44997	 0.00281709
0.453303	 0.00273848
0.456636	 0.00184371
0.459969	 0.00184003
0.463302	 0.00294652
0.466636	 0.0016371
0.469969	 0.00238544
0.473302	 0.00199098
0.476635	 0.00385892
0.479968	 0.00194768
0.483301	 0.00294091
0.486634	 0.00246261
0.489967	 0.00180852
0.4933	 0.00219083
0.496634	 0.00180422
0.499967	 0.00310875
0.5033	 0.00150946
0.506633	 0.00220956
0.509966	 0.00230967
0.513299	 0.00245832
0.516632	 0.00242456
0.519965	 0.00184023
0.523298	 0.00208426
0.526632	 0.00208682
0.529965	 0.00231724
0.533298	 0.00373351
0.536631	 0.00257984
0.539964	 0.00128529
0.543297	 0.00246912
0.54663	 0.00224864
0.549963	 0.00225899
0.553296	 0.00306546
0.55663	 0.00252824
0.559963	 0.00237293
0.563296	 0.00257602
0.566629	 0.0018605
0.569962	 0.003083
0.573295	 0.00248044
0.576628	 0.00256766
0.579961	 0.00174587
0.583294	 0.00248705
0.586628	 0.00250843
0.589961	 0.00265295
0.593294	 0.00174889
0.596627	 0.00168425
0.59996	 0.00289387
0.603293	 0.00125808
0.606626	 0.00170516
0.609959	 0.00209441
0.613292	 0.00149789
0.616626	 0.00303434
0.619959	 0.00245694
0.623292	 0.001815
0.626625	 0.00215981
0.629958	 0.00246247
0.633291	 0.00189837
0.636624	 0.00178928
0.639957	 0.00295143
0.64329	 0.00241817
0.646624	 0.0025676
0.649957	 0.00298743
0.65329	 0.00235359
0.656623	 0.00171438
0.659956	 0.00291304
0.663289	 0.00171338
0.666622	 0.00244174
0.669955	 0.00255085
0.673288	 0.0020776
0.676622	 0.00258322
0.679955	 0.00239429
0.683288	 0.00255002
0.686621	 0.00141993
0.689954	 0.00232962
0.693287	 0.0018857
0.69662	 0.00304334
0.699953	 0.00259985
0.703286	 0.00144794
0.70662	 0.00307048
0.709953	 0.00237616
0.713286	 0.00299046
0.716619	 0.00220077
0.719952	 0.0028725
0.723285	 0.00183433
0.726618	 0.00198883
0.729951	 0.00153095
0.733284	 0.00237531
0.736618	 0.0026459
0.739951	 0.0023295
0.743284	 0.00249944
0.746617	 0.00193295
0.74995	 0.00323071
0.753283	 0.00263582
0.756616	 0.00259246
0.759949	 0.00220977
0.763282	 0.00232631
0.766616	 0.00248455
0.769949	 0.00307032
0.773282	 0.0031637
0.776615	 0.00269345
0.779948	 0.00139065
0.783281	 0.00195075
0.786614	 0.00221455
0.789947	 0.00240055
0.79328	 0.00339573
0.796614	 0.00223617
0.799947	 0.00213905
0.80328	 0.00259011
0.806613	 0.00313201
0.809946	 0.00343701
0.813279	 0.00270136
0.816612	 0.00237817
0.819945	 0.00249556
0.823278	 0.00208922
0.826612	 0.00221936
0.829945	 0.00258654
0.833278	 0.00342566
0.836611	 0.00334316
0.839944	 0.00317124
0.843277	 0.00265206
0.84661	 0.00286946
0.849943	 0.00219049
0.853276	 0.00246061
0.85661	 0.00259756
0.859943	 0.00255158
0.863276	 0.00185119
0.866609	 0.00350689
0.869942	 0.00178312
0.873275	 0.00306843
0.876608	 0.00219692
0.879941	 0.00240794
0.883274	 0.00240639
0.886608	 0.00210706
0.889941	 0.00326257
0.893274	 0.00208738
0.896607	 0.00328357
0.89994	 0.00260157
0.903273	 0.0032532
0.906606	 0.0032053
0.909939	 0.00268688
0.913272	 0.00311482
0.916606	 0.00312955
0.919939	 0.00300095
0.923272	 0.00229723
0.926605	 0.00357889
0.929938	 0.002826
0.933271	 0.0028956
0.936604	 0.00247286
0.939937	 0.00383519
0.94327	 0.00289716
0.946604	 0.00324244
0.949937	 0.00447612
0.95327	 0.00329687
0.956603	 0.00441198
0.959936	 0.00208813
0.963269	 0.00333977
0.966602	 0.00413692
0.969935	 0.00485689
0.973268	 0.00322731
0.976602	 0.00293572
0.979935	 0.00497182
0.983268	 0.00576988
0.986601	 0.00429966
0.989934	 0.00364902
0.993267	 0.00475122
0.9966	 0.00512965
0.999933	 0.00381946
1.00327	 0.00259856
1.0066	 0.00492454
1.00993	 0.00310607
1.01327	 0.00572608
1.0166	 0.00471946
1.01993	 0.00458734
1.02327	 0.00459754
1.0266	 0.00317485
1.02993	 0.00533252
1.03326	 0.00573309
1.0366	 0.00491507
1.03993	 0.00466467
1.04326	 0.00523783
1.0466	 0.00554795
1.04993	 0.00456953
1.05326	 0.00581252
1.0566	 0.00725353
1.05993	 0.00348095
1.06326	 0.00475605
1.0666	 0.00528232
1.06993	 0.00432583
1.07326	 0.00434957
1.07659	 0.0072506
1.07993	 0.00566291
1.08326	 0.00589162
1.08659	 0.00409992
1.08993	 0.00568067
1.09326	 0.00518858
1.09659	 0.0044552
1.09993	 0.00553397
1.10326	 0.00711472
1.10659	 0.00593098
1.10993	 0.00854189
1.11326	 0.00823323
1.11659	 0.0110825
1.11993	 0.0111299
1.12326	 0.0110271
1.12659	 0.0090855
1.12992	 0.00638825
1.13326	 0.0109169
1.13659	 0.012141
1.13992	 0.0120797
1.14326	 0.00894061
1.14659	 0.00662747
1.14992	 0.0177486
1.15326	 0.0137737
1.15659	 0.0190363
1.15992	 0.0140603
1.16326	 0.0263328
1.16659	 0.026129
1.16992	 0.0229177
1.17326	 0.0166574
1.17659	 0.0523538
1.17992	 0.0228142
1.18325	 0.0519122
1.18659	 0.0372336
1.18992	 0.0389548
1.19325	 0.0397999
1.19659	 0.0256618
1.19992	 0.0247639
1.20325	 0.0226056
1.20659	 0.0152316
1.20992	 0.015517
1.21325	 0.0172576
1.21659	 0.00837709
1.21992	 0.0140098
1.22325	 0.0142019
1.22658	 0.0180124
1.22992	 0.0158317
1.23325	 0.0095152
1.23658	 0.0046136
1.23992	 0.00960636
1.24325	 0.0131418
1.24658	 0.0112323
1.24992	 0.0155701
1.25325	 0.00750651
1.25658	 0.0122624
1.25992	 0.0062576
1.26325	 0.0143451
1.26658	 0.00699159
1.26992	 0.00911171
1.27325	 0.00798819
1.27658	 0.0140934
1.27991	 0.00912824
1.28325	 0.00871757
1.28658	 0.00742426
1.28991	 0.00844528
1.29325	 0.00845546
1.29658	 0.0064748
1.29991	 0.00433115
1.30325	 0.00655434
1.30658	 0.00609882
1.30991	 0.00733779
1.31325	 0.00629811
1.31658	 0.00921899
1.31991	 0.00700158
1.32325	 0.00543068
1.32658	 0.00723051
1.32991	 0.00617473
1.33324	 0.00388819
1.33658	 0.00608851
1.33991	 0.00495061
1.34324	 0.00614051
1.34658	 0.00503284
1.34991	 0.00708928
1.35324	 0.00819009
1.35658	 0.00466182
1.35991	 0.00340778
1.36324	 0.00583554
1.36658	 0.00633214
1.36991	 0.00693029
1.37324	 0.00452661
1.37657	 0.00547725
1.37991	 0.00728843
1.38324	 0.00519194
1.38657	 0.00298726
1.38991	 0.00263688
1.39324	 0.0038251
1.39657	 0.0025369
1.39991	 0.00418033
1.40324	 0.00300747
1.40657	 0.00412359
1.40991	 0.00492784
1.41324	 0.00299791
1.41657	 0.00449236
1.41991	 0.00261782
1.42324	 0.00412604
1.42657	 0.00391705
1.4299	 0.00517521
1.43324	 0.00349345
1.43657	 0.00350945
1.4399	 0.00298922
1.44324	 0.0038479
1.44657	 0.00318396
1.4499	 0.00311098
1.45324	 0.00215164
1.45657	 0.00364287
1.4599	 0.00333998
1.46324	 0.00225433
1.46657	 0.00208686
1.4699	 0.00346696
1.47324	 0.00292682
1.47657	 0.00250946
1.4799	 0.00354591
1.48323	 0.0035112
1.48657	 0.00287456
1.4899	 0.00458091
1.49323	 0.00228504
1.49657	 0.00254534
1.4999	 0.00313745
1.50323	 0.00372909
1.50657	 0.00389792
1.5099	 0.00250379
1.51323	 0.00426231
1.51657	 0.00358055
1.5199	 0.00323957
1.52323	 0.00341583
1.52656	 0.00307732
1.5299	 0.00285044
1.53323	 0.00160415
1.53656	 0.00422747
1.5399	 0.00277288
1.54323	 0.00317614
1.54656	 0.00200297
1.5499	 0.00305552
1.55323	 0.00190242
1.55656	 0.00215149
1.5599	 0.00262303
1.56323	 0.00282593
1.56656	 0.00377858
1.5699	 0.00341625
1.57323	 0.00236892
1.57656	 0.00217003
1.57989	 0.00320581
1.58323	 0.00315085
1.58656	 0.00275031
1.58989	 0.00337412
1.59323	 0.0020955
1.59656	 0.00191127
1.59989	 0.00244685
1.60323	 0.00174572
1.60656	 0.00321582
1.60989	 0.00295265
1.61323	 0.00294987
1.61656	 0.0023492
1.61989	 0.00425586
1.62323	 0.00262512
1.62656	 0.00360292
1.62989	 0.00291115
1.63322	 0.00210507
1.63656	 0.00366463
1.63989	 0.00275496
1.64322	 0.00134679
1.64656	 0.00403469
1.64989	 0.00204833
1.65322	 0.00347
1.65656	 0.00197443
1.65989	 0.00155826
1.66322	 0.00195215
1.66656	 0.00195589
1.66989	 0.00308382
1.67322	 0.00176825
1.67655	 0.00194623
1.67989	 0.00271734
1.68322	 0.00144118
1.68655	 0.00282027
1.68989	 0.00290828
1.69322	 0.00229144
1.69655	 0.00150491
1.69989	 0.00205638
1.70322	 0.00289533
1.70655	 0.00223148
1.70989	 0.00325591
1.71322	 0.00187926
1.71655	 0.00209857
1.71989	 0.00263741
1.72322	 0.00225964
1.72655	 0.00176817
1.72988	 0.00254409
1.73322	 0.002677
1.73655	 0.00331052
1.73988	 0.00279657
1.74322	 0.00262532
1.74655	 0.00276545
1.74988	 0.00141314
1.75322	 0.00256901
1.75655	 0.00151587
1.75988	 0.0016798
1.76322	 0.00258161
1.76655	 0.00202484
1.76988	 0.00235799
1.77322	 0.00195126
1.77655	 0.00237429
1.77988	 0.00271503
1.78321	 0.00209414
1.78655	 0.00207483
1.78988	 0.00261848
1.79321	 0.00203283
1.79655	 0.00268733
1.79988	 0.00172583
1.80321	 0.00283687
1.80655	 0.00342985
1.80988	 0.00257954
1.81321	 0.00268792
1.81655	 0.00277028
1.81988	 0.00176598
1.82321	 0.00155736
1.82654	 0.00270092
1.82988	 0.00134606
1.83321	 0.00238808
1.83654	 0.00181583
1.83988	 0.002655
1.84321	 0.00229
1.84654	 0.00218028
1.84988	 0.00157605
1.85321	 0.00193805
1.85654	 0.00247167
1.85988	 0.00235585
1.86321	 0.00197828
1.86654	 0.00191778
1.86988	 0.00278787
1.87321	 0.0025154
1.87654	 0.00182729
1.87987	 0.00212404
1.88321	 0.00215144
1.88654	 0.00156088
1.88987	 0.00200096
1.89321	 0.00267696
1.89654	 0.00185371
1.89987	 0.00197325
1.90321	 0.00244224
1.90654	 0.00219493
1.90987	 0.00228271
1.91321	 0.00226285
1.91654	 0.00195957
1.91987	 0.00173049
1.92321	 0.00284931
1.92654	 0.00313302
1.92987	 0.00182317
1.9332	 0.0029174
1.93654	 0.00194077
1.93987	 0.00291798
1.9432	 0.00177192
1.94654	 0.00179182
1.94987	 0.00234576
1.9532	 0.00253287
1.95654	 0.00328248
1.95987	 0.00323144
1.9632	 0.00320317
1.96654	 0.00211045
1.96987	 0.0025182
1.9732	 0.00223148
1.97653	 0.00282914
1.97987	 0.00163991
1.9832	 0.0028571
1.98653	 0.00223601
1.98987	 0.00322959
1.9932	 0.00206365
1.99653	 0.00232162
1.99987	 0.0028862
2.0032	 0.0021667
2.00653	 0.00143786
2.00987	 0.00152829
2.0132	 0.00214883
2.01653	 0.0027004
2.01987	 0.0019776
2.0232	 0.00171577
2.02653	 0.00281963
2.02986	 0.00342779
2.0332	 0.00334723
2.03653	 0.0025702
2.03986	 0.00214769
2.0432	 0.00287074
2.04653	 0.00278948
2.04986	 0.00292262
2.0532	 0.00197255
2.05653	 0.00183032
2.05986	 0.00309761
2.0632	 0.00184772
2.06653	 0.00325548
2.06986	 0.00291492
2.0732	 0.0030945
2.07653	 0.00340381
2.07986	 0.00306488
2.08319	 0.00256423
2.08653	 0.00341433
2.08986	 0.00286356
2.09319	 0.00319138
2.09653	 0.00162001
2.09986	 0.00338876
2.10319	 0.00306861
2.10653	 0.00475687
2.10986	 0.00340337
2.11319	 0.00258633
2.11653	 0.00297817
2.11986	 0.00242435
2.12319	 0.00345549
2.12652	 0.00330758
2.12986	 0.00305408
2.13319	 0.00273979
2.13652	 0.00459085
2.13986	 0.00406697
2.14319	 0.00267108
2.14652	 0.00396501
2.14986	 0.00385897
2.15319	 0.00174217
2.15652	 0.00377191
2.15986	 0.00331112
2.16319	 0.00323436
2.16652	 0.00309167
2.16986	 0.00242743
2.17319	 0.00381305
2.17652	 0.00356377
2.17985	 0.00362224
2.18319	 0.00285304
2.18652	 0.00302016
2.18985	 0.00309664
2.19319	 0.00211863
2.19652	 0.00382622
2.19985	 0.00423604
2.20319	 0.00323864
2.20652	 0.00440006
2.20985	 0.0048318
2.21319	 0.00439141
2.21652	 0.00558238
2.21985	 0.00527904
2.22319	 0.00727225
2.22652	 0.00313742
2.22985	 0.00501438
2.23318	 0.00475511
2.23652	 0.00382873
2.23985	 0.00597831
2.24318	 0.00535131
2.24652	 0.00428302
2.24985	 0.00653168
2.25318	 0.00543496
2.25652	 0.00527882
2.25985	 0.00781646
2.26318	 0.00507383
2.26652	 0.00652403
2.26985	 0.00470398
2.27318	 0.00437354
2.27651	 0.00492299
2.27985	 0.00532133
2.28318	 0.00516037
2.28651	 0.00359016
2.28985	 0.0100257
2.29318	 0.00666757
2.29651	 0.00605146
2.29985	 0.00624023
2.30318	 0.00711182
2.30651	 0.00949248
2.30985	 0.0046103
2.31318	 0.00701512
2.31651	 0.0103298
2.31985	 0.00571647
2.32318	 0.0104093
2.32651	 0.00706417
2.32984	 0.00941774
2.33318	 0.0105255
2.33651	 0.0075212
2.33984	 0.00753812
2.34318	 0.0129798
2.34651	 0.00908301
2.34984	 0.015944
2.35318	 0.0132098
2.35651	 0.0102797
2.35984	 0.0173784
2.36318	 0.012933
2.36651	 0.00782414
2.36984	 0.00882604
2.37318	 0.0103945
2.37651	 0.00806314
2.37984	 0.0245113
2.38317	 0.0101492
2.38651	 0.0143248
2.38984	 0.0143445
2.39317	 0.0154683
2.39651	 0.0129328
2.39984	 0.0109607
2.40317	 0.0131672
2.40651	 0.0112072
2.40984	 0.0168136
2.41317	 0.0107268
2.41651	 0.0130396
2.41984	 0.0144314
2.42317	 0.013967
2.4265	 0.00800099
2.42984	 0.017994
2.43317	 0.00780951
2.4365	 0.00723109
2.43984	 0.00855062
2.44317	 0.0123458
2.4465	 0.00929184
2.44984	 0.0115768
2.45317	 0.00996121
2.4565	 0.0128169
2.45984	 0.00405055
2.46317	 0.0105633
2.4665	 0.00904294
2.46984	 0.00856593
2.47317	 0.00876524
2.4765	 0.00930843
2.47983	 0.00865461
2.48317	 0.00486229
2.4865	 0.00506953
2.48983	 0.00531104
2.49317	 0.00486455
2.4965	 0.00846271
2.49983	 0.00613194
2.50317	 0.00793609
2.5065	 0.00632275
2.50983	 0.00680395
2.51317	 0.00850589
2.5165	 0.00685842
2.51983	 0.00377548
2.52317	 0.0054982
2.5265	 0.00650923
2.52983	 0.00524582
2.53316	 0.00574329
2.5365	 0.00301989
2.53983	 0.00548237
2.54316	 0.00239297
2.5465	 0.00684099
2.54983	 0.00756816
2.55316	 0.00571866
2.5565	 0.00473082
2.55983	 0.00476876
2.56316	 0.00403711
2.5665	 0.00590454
2.56983	 0.00484474
2.57316	 0.00455613
2.57649	 0.00360041
2.57983	 0.00421124
2.58316	 0.00271863
2.58649	 0.00482695
2.58983	 0.00400685
2.59316	 0.00483483
2.59649	 0.00528959
2.59983	 0.00563509
2.60316	 0.0042544
2.60649	 0.00349189
2.60983	 0.00343984
2.61316	 0.0033328
2.61649	 0.00317189
2.61983	 0.00475207
2.62316	 0.00397717
2.62649	 0.00321657
2.62982	 0.00334142
2.63316	 0.00310171
2.63649	 0.00461935
2.63982	 0.00291165
2.64316	 0.00218227
2.64649	 0.00376921
2.64982	 0.00223671
2.65316	 0.00385813
2.65649	 0.0022145
2.65982	 0.00366312
2.66316	 0.00350185
2.66649	 0.0025842
2.66982	 0.00473613
2.67316	 0.00318057
2.67649	 0.00410867
2.67982	 0.00431388
2.68315	 0.00272634
2.68649	 0.00332145
2.68982	 0.00321835
2.69315	 0.00459345
2.69649	 0.00283545
2.69982	 0.00407986
2.70315	 0.00238296
2.70649	 0.00352013
2.70982	 0.0034758
2.71315	 0.00216003
2.71649	 0.00288397
2.71982	 0.00273097
2.72315	 0.00226239
2.72648	 0.00320049
2.72982	 0.00317296
2.73315	 0.00240423
2.73648	 0.00367171
2.73982	 0.00145451
2.74315	 0.0033483
2.74648	 0.00154172
2.74982	 0.00225182
2.75315	 0.00277579
2.75648	 0.00305848
2.75982	 0.00244974
2.76315	 0.00253677
2.76648	 0.00311938
2.76982	 0.00205201
2.77315	 0.00250925
2.77648	 0.00170764
2.77981	 0.00240357
2.78315	 0.00346819
2.78648	 0.00285415
2.78981	 0.00326823
2.79315	 0.00178376
2.79648	 0.00210606
2.79981	 0.00303971
2.80315	 0.00211496
2.80648	 0.00188589
2.80981	 0.0034872
2.81315	 0.00273281
2.81648	 0.00198701
2.81981	 0.00219422
2.82315	 0.00205807
2.82648	 0.00192027
2.82981	 0.00251201
2.83314	 0.00213941
2.83648	 0.00173003
2.83981	 0.00219575
2.84314	 0.00228308
2.84648	 0.00233988
2.84981	 0.002324
2.85314	 0.00196629
2.85648	 0.0023225
2.85981	 0.00202855
2.86314	 0.00249166
2.86648	 0.00251842
2.86981	 0.00300214
2.87314	 0.00337698
2.87647	 0.00439544
2.87981	 0.00215393
2.88314	 0.00261037
2.88647	 0.00153206
2.88981	 0.00218859
2.89314	 0.0029725
2.89647	 0.00264807
2.89981	 0.00228329
2.90314	 0.00338587
2.90647	 0.00217071
2.90981	 0.00151711
2.91314	 0.0027418
2.91647	 0.00225737
2.91981	 0.001606
2.92314	 0.00192993
2.92647	 0.00186576
2.9298	 0.00250339
2.93314	 0.00242936
2.93647	 0.00161889
2.9398	 0.00220377
2.94314	 0.00225686
2.94647	 0.00234609
2.9498	 0.00205643
2.95314	 0.00169096
2.95647	 0.00258132
2.9598	 0.00185332
2.96314	 0.00208849
2.96647	 0.00165827
2.9698	 0.00254672
2.97314	 0.00212919
2.97647	 0.00256766
2.9798	 0.00310019
2.98313	 0.0015978
2.98647	 0.0024358
2.9898	 0.0022097
2.99313	 0.00267241
2.99647	 0.00218119
2.9998	 0.00208763
3.00313	 0.00139965
3.00647	 0.00245487
3.0098	 0.00148163
3.01313	 0.00188905
3.01647	 0.00247282
3.0198	 0.00220022
3.02313	 0.00155541
3.02646	 0.00248421
3.0298	 0.0030724
3.03313	 0.00328256
3.03646	 0.00219849
3.0398	 0.00216772
3.04313	 0.00139159
3.04646	 0.0022871
3.0498	 0.00306167
3.05313	 0.00245038
3.05646	 0.0019374
3.0598	 0.00171791
3.06313	 0.00213518
3.06646	 0.00231106
3.0698	 0.00142732
3.07313	 0.00156469
3.07646	 0.00153381
3.07979	 0.002397
3.08313	 0.00199689
3.08646	 0.00192544
3.08979	 0.0024185
3.09313	 0.00300821
3.09646	 0.00226429
3.09979	 0.00261213
3.10313	 0.0026695
3.10646	 0.00181769
3.10979	 0.00233605
3.11313	 0.00285474
3.11646	 0.00241271
3.11979	 0.00182551
3.12313	 0.00228013
3.12646	 0.0024606
3.12979	 0.00229578
3.13312	 0.00167922
3.13646	 0.00209169
3.13979	 0.00185662
3.14312	 0.00159298
3.14646	 0.00201424
3.14979	 0.00236139
3.15312	 0.00272406
3.15646	 0.0024134
3.15979	 0.00277597
3.16312	 0.000959613
3.16646	 0.00237638
3.16979	 0.0015416
3.17312	 0.00213401
3.17645	 0.00167049
3.17979	 0.00277758
3.18312	 0.00229783
3.18645	 0.002315
3.18979	 0.00263687
3.19312	 0.00256961
3.19645	 0.0027798
3.19979	 0.00331977
3.20312	 0.0024758
3.20645	 0.00244901
3.20979	 0.00287483
3.21312	 0.00224532
3.21645	 0.00282845
3.21979	 0.00361173
3.22312	 0.0027244
3.22645	 0.00362819
3.22978	 0.00301047
3.23312	 0.00117514
3.23645	 0.00183959
3.23978	 0.00197909
3.24312	 0.00256816
3.24645	 0.00209623
3.24978	 0.00298739
3.25312	 0.00247411
3.25645	 0.00269476
3.25978	 0.00260659
3.26312	 0.00394967
3.26645	 0.00211486
3.26978	 0.00157703
3.27312	 0.00228229
3.27645	 0.0023916
3.27978	 0.00235571
3.28311	 0.00492532
3.28645	 0.00191065
3.28978	 0.00244169
3.29311	 0.00251322
3.29645	 0.00196895
3.29978	 0.00167465
3.30311	 0.00278701
3.30645	 0.00271123
3.30978	 0.00267582
3.31311	 0.00258253
3.31645	 0.00349825
3.31978	 0.00404121
3.32311	 0.00278856
3.32644	 0.00423524
3.32978	 0.00228945
3.33311	 0.00204598
3.33644	 0.00299448
3.33978	 0.0035783
3.34311	 0.002049
3.34644	 0.0017705
3.34978	 0.00225151
3.35311	 0.00340761
3.35644	 0.00224135
3.35978	 0.003901
3.36311	 0.00344887
3.36644	 0.00245749
3.36978	 0.00287297
3.37311	 0.00260328
3.37644	 0.00459397
3.37977	 0.00205833
3.38311	 0.00325573
3.38644	 0.00264941
3.38977	 0.00321085
3.39311	 0.00251882
3.39644	 0.00252704
3.39977	 0.0037682
3.40311	 0.00432296
3.40644	 0.00313456
3.40977	 0.00306717
3.41311	 0.00433224
3.41644	 0.00413785
3.41977	 0.00299368
3.42311	 0.00313565
3.42644	 0.00325769
3.42977	 0.00380828
3.4331	 0.00440354
3.43644	 0.00445338
3.43977	 0.00356258
3.4431	 0.00411438
3.44644	 0.00516893
3.44977	 0.00558488
3.4531	 0.00371291
3.45644	 0.00232433
3.45977	 0.00350899
3.4631	 0.00499211
3.46644	 0.00516113
3.46977	 0.00426329
3.4731	 0.00464974
3.47643	 0.0027749
3.47977	 0.00413806
3.4831	 0.00375848
3.48643	 0.00587711
3.48977	 0.00573869
3.4931	 0.00607389
3.49643	 0.00558079
3.49977	 0.00581585
3.5031	 0.00673326
3.50643	 0.00688382
3.50977	 0.00733909
3.5131	 0.00409206
3.51643	 0.00496138
3.51977	 0.00524596
3.5231	 0.00530533
3.52643	 0.00468396
3.52976	 0.00573397
3.5331	 0.00435304
3.53643	 0.00584885
3.53976	 0.00905592
3.5431	 0.00950647
3.54643	 0.00594662
3.54976	 0.00463856
3.5531	 0.00902934
3.55643	 0.00859554
3.55976	 0.00475624
3.5631	 0.00615695
3.56643	 0.00486949
3.56976	 0.00733976
3.5731	 0.00974187
3.57643	 0.00548703
3.57976	 0.00829963
3.58309	 0.00669917
3.58643	 0.00812962
3.58976	 0.00695297
3.59309	 0.0112164
3.59643	 0.013385
3.59976	 0.00661746
3.60309	 0.00733275
3.60643	 0.00622772
3.60976	 0.00527323
3.61309	 0.0103146
3.61643	 0.00775653
3.61976	 0.011399
3.62309	 0.00891148
3.62642	 0.00625108
3.62976	 0.00620893
3.63309	 0.0107732
3.63642	 0.00627488
3.63976	 0.00392513
3.64309	 0.00579365
3.64642	 0.00962454
3.64976	 0.011092
3.65309	 0.00651816
3.65642	 0.00549399
3.65976	 0.00522224
3.66309	 0.00757104
3.66642	 0.00671376
3.66976	 0.00423604
3.67309	 0.00726886
3.67642	 0.00449125
3.67975	 0.00598451
3.68309	 0.00446395
3.68642	 0.0025929
3.68975	 0.00458885
3.69309	 0.00754112
3.69642	 0.00272236
3.69975	 0.0061385
3.70309	 0.00417817
3.70642	 0.00484054
3.70975	 0.00290903
3.71309	 0.00674588
3.71642	 0.0072153
3.71975	 0.00367834
3.72309	 0.00576815
3.72642	 0.00465883
3.72975	 0.0067075
3.73308	 0.00299799
3.73642	 0.00562133
3.73975	 0.00439673
3.74308	 0.00594011
3.74642	 0.00368556
3.74975	 0.00740168
3.75308	 0.00381173
3.75642	 0.00290535
3.75975	 0.00312412
3.76308	 0.00494084
3.76642	 0.00470717
3.76975	 0.00255821
3.77308	 0.00285275
3.77641	 0.00561187
3.77975	 0.00581739
3.78308	 0.00297109
3.78641	 0.0032287
3.78975	 0.00293335
3.79308	 0.00415221
3.79641	 0.0036709
3.79975	 0.00374779
3.80308	 0.00269172
3.80641	 0.00327269
3.80975	 0.00397597
3.81308	 0.00412074
3.81641	 0.00282327
3.81975	 0.00354847
3.82308	 0.00313503
3.82641	 0.00361955
3.82974	 0.00416299
3.83308	 0.00339024
3.83641	 0.00284873
3.83974	 0.00368606
3.84308	 0.00209749
3.84641	 0.00355305
3.84974	 0.00280632
3.85308	 0.00337613
3.85641	 0.00207596
3.85974	 0.00384719
3.86308	 0.00247584
3.86641	 0.00225678
3.86974	 0.00317805
3.87308	 0.00313623
3.87641	 0.0036599
3.87974	 0.00288651
3.88307	 0.00262646
3.88641	 0.00243286
3.88974	 0.00205351
3.89307	 0.0023244
3.89641	 0.00382958
3.89974	 0.00213308
3.90307	 0.00192328
3.90641	 0.00268727
3.90974	 0.00322796
3.91307	 0.00292673
3.91641	 0.00255326
3.91974	 0.00225628
3.92307	 0.00328848
3.9264	 0.00384697
3.92974	 0.0027668
3.93307	 0.00341422
3.9364	 0.00235703
3.93974	 0.00263335
3.94307	 0.00196494
3.9464	 0.0033043
3.94974	 0.00322194
3.95307	 0.00294863
3.9564	 0.00226251
3.95974	 0.00230062
3.96307	 0.00412808
3.9664	 0.00180331
3.96974	 0.00174991
3.97307	 0.00172186
3.9764	 0.00310075
3.97973	 0.00205148
3.98307	 0.00267615
3.9864	 0.00247989
3.98973	 0.00282151
3.99307	 0.00194607
3.9964	 0.00299562
3.99973	 0.00223282
4.00307	 0.00296067
4.0064	 0.00362214
4.00973	 0.00212748
4.01307	 0.00195625
4.0164	 0.00222013
4.01973	 0.00277222
4.02307	 0.00177718
4.0264	 0.00284326
4.02973	 0.00125011
4.03306	 0.00234176
4.0364	 0.00205447
4.03973	 0.00206755
4.04306	 0.00198755
4.0464	 0.00260743
4.04973	 0.00203115
4.05306	 0.00222965
4.0564	 0.00142321
4.05973	 0.00230189
4.06306	 0.00110369
4.0664	 0.00237091
4.06973	 0.00218957
4.07306	 0.00270842
4.07639	 0.00228003
4.07973	 0.00162961
4.08306	 0.00308548
4.08639	 0.00211861
4.08973	 0.00149487
4.09306	 0.00215228
4.09639	 0.00166653
4.09973	 0.00164199
4.10306	 0.00213648
4.10639	 0.00173776
4.10973	 0.003001
4.11306	 0.0016147
4.11639	 0.00180505
4.11973	 0.00274715
4.12306	 0.00210233
4.12639	 0.00196206
4.12972	 0.00247367
4.13306	 0.0022571
4.13639	 0.00226999
4.13972	 0.0021541
4.14306	 0.00151884
4.14639	 0.00160574
4.14972	 0.00224754
4.15306	 0.00150147
4.15639	 0.00132401
4.15972	 0.00271014
4.16306	 0.00221668
4.16639	 0.00190999
4.16972	 0.00239761
4.17306	 0.00191177
4.17639	 0.0015349
4.17972	 0.00192884
4.18305	 0.00213939
4.18639	 0.00150937
4.18972	 0.00244067
4.19305	 0.00209699
4.19639	 0.00286841
4.19972	 0.00123195
4.20305	 0.00150741
4.20639	 0.00170664
4.20972	 0.00203738
4.21305	 0.00202761
4.21639	 0.0018696
4.21972	 0.00198442
4.22305	 0.00276665
4.22638	 0.00143832
4.22972	 0.00130198
4.23305	 0.00209534
4.23638	 0.00244519
4.23972	 0.0010537
4.24305	 0.00170561
4.24638	 0.0016386
4.24972	 0.0016062
4.25305	 0.00218367
4.25638	 0.00147773
4.25972	 0.0017614
4.26305	 0.00237322
4.26638	 0.00226108
4.26972	 0.00182759
4.27305	 0.00130849
4.27638	 0.00151094
4.27971	 0.00263633
4.28305	 0.0020802
4.28638	 0.00166112
4.28971	 0.0029669
4.29305	 0.00182351
4.29638	 0.00273803
4.29971	 0.00111444
4.30305	 0.00189923
4.30638	 0.00231855
4.30971	 0.0015839
4.31305	 0.0017888
4.31638	 0.00197391
4.31971	 0.00198422
4.32305	 0.00232432
4.32638	 0.00216301
4.32971	 0.00205788
4.33304	 0.00138898
4.33638	 0.0012721
4.33971	 0.00267396
4.34304	 0.00231466
4.34638	 0.00158846
4.34971	 0.00184059
4.35304	 0.00186381
4.35638	 0.00255857
4.35971	 0.00177122
4.36304	 0.00249642
4.36638	 0.00208149
4.36971	 0.00295039
4.37304	 0.00255012
4.37637	 0.00208849
4.37971	 0.002528
4.38304	 0.00252363
4.38637	 0.00212937
4.38971	 0.00221325
4.39304	 0.00213728
4.39637	 0.00198701
4.39971	 0.00219495
4.40304	 0.00212172
4.40637	 0.00178206
4.40971	 0.00274078
4.41304	 0.00273082
4.41637	 0.00190694
4.41971	 0.00163568
4.42304	 0.0021879
4.42637	 0.00201337
4.4297	 0.00200123
4.43304	 0.00323763
4.43637	 0.00187307
4.4397	 0.00241322
4.44304	 0.00133494
4.44637	 0.00252845
4.4497	 0.00316647
4.45304	 0.00226182
4.45637	 0.00225002
4.4597	 0.00276799
4.46304	 0.00219272
4.46637	 0.0021924
4.4697	 0.00241014
4.47304	 0.00308056
4.47637	 0.00343632
4.4797	 0.0021348
4.48303	 0.00246834
4.48637	 0.00280806
4.4897	 0.0020596
4.49303	 0.00121245
4.49637	 0.00140952
4.4997	 0.0016791
4.50303	 0.00295456
4.50637	 0.00209147
4.5097	 0.00293248
4.51303	 0.0027468
4.51637	 0.00247601
4.5197	 0.00153682
4.52303	 0.00274491
4.52636	 0.00240048
4.5297	 0.00189729
4.53303	 0.00344446
4.53636	 0.00239301
4.5397	 0.00285859
4.54303	 0.00361578
4.54636	 0.0030949
4.5497	 0.00310202
4.55303	 0.0026498
4.55636	 0.00286153
4.5597	 0.00327832
4.56303	 0.00386845
4.56636	 0.00451139
4.5697	 0.0035309
4.57303	 0.00267663
4.57636	 0.00186328
4.57969	 0.00448068
4.58303	 0.0025823
4.58636	 0.00191571
4.58969	 0.00322598
4.59303	 0.00299526
4.59636	 0.00283017
4.59969	 0.00234385
4.60303	 0.00298417
4.60636	 0.00306189
4.60969	 0.00480064
4.61303	 0.00364956
4.61636	 0.00323394
4.61969	 0.00297263
4.62303	 0.00476087
4.62636	 0.00359577
4.62969	 0.00264532
4.63302	 0.00316323
4.63636	 0.00264174
4.63969	 0.00400999
4.64302	 0.00361304
4.64636	 0.00239036
4.64969	 0.00397237
4.65302	 0.00251095
4.65636	 0.00369126
4.65969	 0.00195785
4.66302	 0.00334375
4.66636	 0.00270776
4.66969	 0.00382769
4.67302	 0.00304842
4.67635	 0.00486331
4.67969	 0.00224747
4.68302	 0.00455589
4.68635	 0.00449742
4.68969	 0.00300157
4.69302	 0.00436349
4.69635	 0.00340625
4.69969	 0.00394355
4.70302	 0.00369348
4.70635	 0.00475561
4.70969	 0.00785792
4.71302	 0.0043607
4.71635	 0.00519968
4.71969	 0.0040086
4.72302	 0.00488021
4.72635	 0.00375002
4.72968	 0.00393993
4.73302	 0.00521423
4.73635	 0.00447273
4.73968	 0.00489888
4.74302	 0.00500868
4.74635	 0.00465453
4.74968	 0.00472861
4.75302	 0.00509279
4.75635	 0.00552183
4.75968	 0.00561636
4.76302	 0.00493604
4.76635	 0.00348165
4.76968	 0.00330369
4.77302	 0.00476874
4.77635	 0.0098151
4.77968	 0.00370336
4.78301	 0.00618194
4.78635	 0.00551681
4.78968	 0.0042734
4.79301	 0.00379785
4.79635	 0.00653752
4.79968	 0.00563172
4.80301	 0.00675977
4.80635	 0.00549103
4.80968	 0.00525833
4.81301	 0.00592445
4.81635	 0.00412057
4.81968	 0.00356201
4.82301	 0.00618798
4.82634	 0.00805528
4.82968	 0.00636623
4.83301	 0.00567936
4.83634	 0.00412478
4.83968	 0.00652514
4.84301	 0.00639549
4.84634	 0.00436519
4.84968	 0.00501351
4.85301	 0.00434674
4.85634	 0.00472299
4.85968	 0.00452697
4.86301	 0.00559133
4.86634	 0.00646892
4.86968	 0.00676449
4.87301	 0.0047187
4.87634	 0.00510058
4.87967	 0.00523263
4.88301	 0.00534196
4.88634	 0.00784355
4.88967	 0.00337066
4.89301	 0.00338866
4.89634	 0.00647169
4.89967	 0.00374217
4.90301	 0.00516962
4.90634	 0.00602746
4.90967	 0.0045776
4.91301	 0.0044564
4.91634	 0.00408092
4.91967	 0.00387557
4.92301	 0.00397526
4.92634	 0.00449227
4.92967	 0.0038545
4.933	 0.0050303
4.93634	 0.00485688
4.93967	 0.00636579
4.943	 0.00341771
4.94634	 0.00436053
4.94967	 0.00383296
4.953	 0.00431648
4.95634	 0.00354322
4.95967	 0.00354096
4.963	 0.00375329
4.96634	 0.00553467
4.96967	 0.00373554
4.973	 0.00421913
4.97633	 0.00265163
4.97967	 0.00267624
4.983	 0.00304018
4.98633	 0.00303608
4.98967	 0.00271249
4.993	 0.00264323
4.99633	 0.00324645
