#Time [1ns] 	 Re(Es) 	 Im(Es) 	 |Es|^2 	 rho 	 w
0	-223.209005	-1015.23264	-14464.0839	-10268.6159	0.54714736	1.49382142e+13
1e-11	-716.592031	-1312.17185	-13998.3242	-9697.67964	0.546874414	1.51771868e+13
2e-11	-480.251956	186.288071	-14337.0161	-11215.9207	0.546779066	1.53934932e+13
3e-11	-716.551404	-867.5715	-12758.1572	-10307.0605	0.546794004	1.55893429e+13
4e-11	-1177.70064	-844.010077	-12540.2603	-10096.0047	0.547130411	1.57669376e+13
5e-11	-1331.50446	-350.49152	-14083.486	-11596.0091	0.547299577	1.59281204e+13
6e-11	-2372.23415	482.991559	-12835.613	-10967.3164	0.547437847	1.60742577e+13
7e-11	-2873.26728	-329.422455	-12507.3593	-9123.78147	0.547969185	1.62069741e+13
8e-11	-1435.75524	1022.93082	-12525.7389	-8803.10999	0.548585385	1.63278349e+13
9e-11	-673.658182	48.5218992	-10133.8127	-10691.1693	0.549201331	1.64379999e+13
1e-10	629.653332	534.202198	-9592.44431	-11590.5142	0.549942764	1.65385629e+13
1.1e-10	-209.048562	1269.37161	-9570.19868	-10878.6137	0.550682062	1.66304917e+13
1.2e-10	-26.6218861	1152.94163	-7704.91069	-12422.8627	0.551461514	1.67146183e+13
1.3e-10	-1228.52772	-599.618862	-7501.70198	-13414.4635	0.55226458	1.67917476e+13
1.4e-10	-1567.27839	-3265.78851	-7270.4999	-14693.4438	0.552857972	1.68624478e+13
1.5e-10	-1001.1292	-3119.59524	-7045.19081	-14624.1317	0.553350062	1.69271175e+13
1.6e-10	-2734.6737	-1857.1246	-7505.85249	-15114.733	0.553768391	1.69862625e+13
1.7e-10	-1840.25484	-2063.89506	-6431.00721	-15037.858	0.554242683	1.70403401e+13
1.8e-10	-1443.94985	-2237.92642	-6937.01954	-14231.9155	0.554805963	1.70899411e+13
1.9e-10	-262.927349	-922.073295	-8661.21658	-17492.2588	0.555121051	1.71354887e+13
2e-10	-1057.56568	1311.41929	-11050.532	-15278.4959	0.555082082	1.71768415e+13
2.1e-10	92.3698392	1727.35993	-12218.4821	-15297.8192	0.555004217	1.72143075e+13
2.2e-10	-913.772336	2082.87893	-13257.3301	-14853.3032	0.554955911	1.72481824e+13
2.3e-10	-1860.86696	2969.35743	-12799.2906	-14364.3805	0.554789847	1.72787408e+13
2.4e-10	-931.914426	4080.56046	-12842.8488	-13650.9749	0.554732683	1.73063129e+13
2.5e-10	-1274.26173	3515.28097	-13252.001	-13607.1454	0.554699671	1.73312871e+13
2.6e-10	-604.390787	792.944797	-13800.5045	-12129.3378	0.554821049	1.73539253e+13
2.7e-10	-573.422823	-354.123622	-13964.8614	-13106.0822	0.554889952	1.73746028e+13
2.8e-10	-1663.57345	270.827449	-12520.6089	-12933.0113	0.55492702	1.73933596e+13
2.9e-10	-873.408809	841.760163	-11526.218	-11276.3846	0.555326718	1.7410584e+13
3e-10	-841.447755	378.679413	-12161.9002	-11952.6107	0.555922021	1.74268211e+13
3.1e-10	242.327123	-634.10173	-13488.8741	-11695.0119	0.556304455	1.74421208e+13
3.2e-10	255.316838	59.393949	-14520.088	-9077.32948	0.556692339	1.74563956e+13
3.3e-10	-903.405011	220.278239	-14064.046	-7804.28524	0.557247771	1.74698726e+13
3.4e-10	-427.752253	316.511467	-11850.9446	-8425.22949	0.557891225	1.74827817e+13
3.5e-10	-489.671076	670.953049	-11109.7119	-7931.5	0.558756479	1.74953867e+13
3.6e-10	-753.299371	538.188062	-9474.98834	-10018.0554	0.559713928	1.7507872e+13
3.7e-10	1138.45171	195.581203	-9212.76044	-9322.73286	0.56062276	1.75202848e+13
3.8e-10	1143.36441	-477.621857	-7611.73435	-9046.5784	0.561694251	1.75326897e+13
3.9e-10	284.723554	-1899.90098	-6894.35715	-9260.76643	0.562828463	1.75452643e+13
4e-10	-762.177777	-1640.55139	-8093.1291	-10990.8728	0.563766493	1.75579122e+13
4.1e-10	112.99325	-1535.94192	-8641.08328	-11073.4046	0.564456461	1.75703293e+13
4.2e-10	113.051148	-355.443825	-8185.05456	-13287.2704	0.56488767	1.75823114e+13
4.3e-10	2196.2636	-1478.99651	-8413.05669	-14154.6	0.565170284	1.75935743e+13
4.4e-10	2634.2276	-428.014884	-8126.70441	-15305.0647	0.565101809	1.76039279e+13
4.5e-10	1650.7021	-1217.4588	-7644.98057	-16049.2257	0.564940811	1.76132053e+13
4.6e-10	1818.35794	-2206.64326	-8660.15232	-16447.0126	0.564639137	1.76213364e+13
4.7e-10	87.0389797	-2338.30279	-9149.65652	-14994.0752	0.564440847	1.762837e+13
4.8e-10	-870.619455	-3243.37002	-10831.8104	-13173.9723	0.564410931	1.76346263e+13
4.9e-10	-1161.44154	-3412.45173	-12393.0805	-12374.8891	0.564345289	1.76402636e+13
5e-10	-1582.0702	-2675.65798	-12353.529	-11333.9446	0.564273052	1.764528e+13
5.1e-10	308.161265	-2440.37258	-11264.6857	-12481.0348	0.564295108	1.76498154e+13
5.2e-10	250.973399	-1833.95298	-12744.5701	-11654.4686	0.564184042	1.76538857e+13
5.3e-10	555.851438	574.65553	-14246.8131	-11179.2069	0.564011618	1.76574246e+13
5.4e-10	1426.6325	-187.857852	-13202.2052	-12571.9086	0.563867455	1.76604092e+13
5.5e-10	1174.94776	-619.11826	-14722.8072	-13483.6074	0.563584759	1.7662891e+13
5.6e-10	-342.043682	68.0057579	-16533.0477	-10850.3955	0.56300534	1.76646142e+13
5.7e-10	629.204112	-41.9113678	-16808.2493	-10027.773	0.562471147	1.76655268e+13
5.8e-10	-1374.29125	389.089338	-19443.1742	-7493.64993	0.56212561	1.76658424e+13
5.9e-10	-1268.57305	940.765898	-19201.6255	-9578.16984	0.561468863	1.76655549e+13
6e-10	-1955.80478	-1037.86789	-17310.412	-9559.52694	0.560903526	1.76645002e+13
6.1e-10	-2061.64435	-1300.41253	-17703.1611	-9530.2813	0.560466988	1.76629954e+13
6.2e-10	-1145.63059	-2956.63076	-16968.9361	-9365.85917	0.56004378	1.7661109e+13
6.3e-10	-880.517194	-3145.65907	-17773.2327	-9626.52654	0.559501705	1.76588626e+13
6.4e-10	-1664.4491	-2908.81686	-16278.0935	-11013.8715	0.559170941	1.76562562e+13
6.5e-10	-1739.27813	-1518.5917	-15791.2763	-9096.41442	0.559081957	1.76536108e+13
6.6e-10	-936.497276	-184.991988	-13926.7761	-9355.79965	0.559414853	1.76513469e+13
6.7e-10	-476.778368	-1270.54793	-14327.5722	-9764.21162	0.559840391	1.76497592e+13
6.8e-10	-82.9984791	-509.159342	-13930.722	-11170.1103	0.560005301	1.76487056e+13
6.9e-10	341.298671	968.142384	-14331.9005	-10588.4106	0.560227864	1.76479542e+13
7e-10	-1246.27085	-297.857326	-13850.7438	-10703.7579	0.560282252	1.76474581e+13
7.1e-10	-628.691448	1599.55112	-14247.5992	-11389.1475	0.560423852	1.7647123e+13
7.2e-10	783.740294	324.146061	-14171.1924	-12211.8965	0.560549568	1.76469881e+13
7.3e-10	871.279528	-14.9724691	-14004.7036	-11329.8797	0.560425377	1.76468532e+13
7.4e-10	531.337002	2324.8628	-13773.1627	-11023.8125	0.560393048	1.76466275e+13
7.5e-10	853.345722	2240.01707	-12509.7058	-11218.0419	0.560715716	1.76465721e+13
7.6e-10	593.349231	2740.19709	-12502.2595	-11531.8452	0.560968028	1.7646892e+13
7.7e-10	330.779965	2003.98889	-13896.8118	-11425.9913	0.561061942	1.7647417e+13
7.8e-10	170.863564	662.426556	-15578.7674	-12549.0291	0.560952467	1.76478846e+13
7.9e-10	-898.623456	1353.27653	-15336.7048	-11475.5721	0.560645967	1.7648052e+13
8e-10	-124.466477	1945.60295	-16596.4861	-11486.2053	0.560429315	1.76479093e+13
8.1e-10	-489.253419	2357.78873	-14212.2021	-11508.4569	0.560065649	1.76473714e+13
8.2e-10	1012.48816	2288.6466	-14563.67	-10058.9991	0.560202352	1.76467621e+13
8.3e-10	286.519528	1824.94744	-15701.1169	-9349.34812	0.560274614	1.76463746e+13
8.4e-10	1088.29795	1903.23451	-16786.2469	-10025.5475	0.560158275	1.76460172e+13
8.5e-10	324.774324	3000.46913	-16480.6713	-10559.3013	0.559952884	1.76454679e+13
8.6e-10	505.555211	3359.02826	-16626.272	-9630.29807	0.55958897	1.76446244e+13
8.7e-10	-1340.27142	5062.62236	-14975.2083	-9784.19832	0.559470855	1.76435788e+13
8.8e-10	-1126.0439	4586.21405	-13891.5058	-11460.6483	0.559584821	1.76426348e+13
8.9e-10	-583.53446	4589.66472	-13283.5043	-11925.6479	0.559625588	1.76418581e+13
9e-10	-3545.38581	4166.03285	-13133.6527	-12635.2535	0.559635669	1.76412114e+13
9.1e-10	-2847.85009	3684.44057	-13149.1395	-11382.5291	0.559605402	1.76405651e+13
9.2e-10	-1810.80191	2664.96805	-10914.9388	-11187.3869	0.559886954	1.76401156e+13
9.3e-10	-1186.15985	1567.30543	-10333.6878	-12141.217	0.560436543	1.76402193e+13
9.4e-10	-2423.73918	852.34719	-9204.70082	-12021.157	0.560924642	1.76408955e+13
9.5e-10	-2423.14578	385.876126	-11461.3514	-12217.8982	0.561406361	1.76421317e+13
9.6e-10	-265.764154	-808.348308	-11221.0687	-11613.8681	0.561817415	1.76437471e+13
9.7e-10	-232.338426	-424.757412	-10081.0667	-15203.7482	0.561995845	1.76456282e+13
9.8e-10	-233.324273	581.142051	-11016.4243	-14600.1383	0.561945584	1.76473854e+13
9.9e-10	-614.064187	1047.81358	-10048.6306	-14194.3703	0.562045599	1.7648976e+13
1e-09	-2438.46349	281.90599	-12231.8423	-15880.6629	0.561791958	1.76504266e+13
1.01e-09	-1888.36055	-8.21745668	-14187.0179	-16555.7257	0.56091541	1.76510882e+13
1.02e-09	-429.540466	685.004297	-13775.5714	-17001.8796	0.560005429	1.76505747e+13
1.03e-09	-719.475336	1441.43607	-14734.849	-16854.3846	0.558997351	1.76489908e+13
1.04e-09	-427.524169	655.284298	-14745.2772	-17118.7255	0.5581337	1.7646446e+13
1.05e-09	-940.812861	-1730.307	-14403.5322	-17196.1333	0.557203871	1.76430831e+13
1.06e-09	-715.835581	-126.095426	-14515.9176	-16162.5346	0.556396875	1.7638989e+13
1.07e-09	-683.759623	339.582033	-15955.0781	-15855.9991	0.555977567	1.76345608e+13
1.08e-09	-762.470064	677.807884	-15902.0924	-18033.2942	0.555254756	1.7629899e+13
1.09e-09	-3195.91978	2934.85035	-16218.6467	-17760.6162	0.554130102	1.76245722e+13
1.1e-09	-1421.09791	1298.79832	-14267.0016	-15659.5982	0.553716501	1.76187094e+13
1.11e-09	-1875.50897	854.093782	-13972.6311	-14646.1692	0.553677304	1.76131668e+13
1.12e-09	-979.670989	-337.30694	-11929.9608	-13685.7658	0.55384771	1.76081774e+13
1.13e-09	826.270384	-2174.9456	-12321.9678	-12697.6826	0.554332918	1.7604075e+13
1.14e-09	903.754583	-3329.73315	-13387.8557	-11796.9833	0.554694366	1.76008826e+13
1.15e-09	776.055054	-1473.51851	-14255.9459	-12590.1237	0.554963078	1.75983888e+13
1.16e-09	-2079.80096	-837.010004	-13264.9017	-12028.1794	0.555266905	1.75964158e+13
1.17e-09	-549.538177	427.945088	-13721.6893	-10344.9946	0.555700672	1.75950653e+13
1.18e-09	-134.364371	176.70778	-11643.5401	-11219.1371	0.556313912	1.75944375e+13
1.19e-09	-1467.63338	406.277621	-11292.4762	-11100.7807	0.556981288	1.75946551e+13
1.2e-09	-229.551046	1840.03321	-12090.782	-12853.8814	0.557551602	1.75956224e+13
1.21e-09	256.096208	1563.4084	-12306.7711	-11849.6318	0.557898969	1.75969816e+13
1.22e-09	-1411.89216	2213.71221	-11841.423	-13113.6409	0.558260228	1.75986735e+13
1.23e-09	-999.619709	2784.99095	-10454.7676	-14696.6559	0.558573213	1.76005839e+13
1.24e-09	134.232708	2324.52328	-11467.1304	-15820.2653	0.5585408	1.76025368e+13
1.25e-09	226.490876	2167.76077	-11873.606	-16612.0389	0.558200649	1.76040906e+13
1.26e-09	219.873473	3669.24841	-12016.5473	-18522.6719	0.557608878	1.76049699e+13
1.27e-09	-132.79911	2095.33512	-11277.5466	-17241.5255	0.55704843	1.76050161e+13
1.28e-09	856.582724	1729.52832	-11491.9698	-17301.7824	0.556713801	1.7604553e+13
1.29e-09	483.213447	3281.69253	-12607.8605	-16181.0742	0.556397873	1.76037478e+13
1.3e-09	1136.05437	2557.39382	-13142.7678	-16053.9341	0.556128905	1.76026753e+13
1.31e-09	992.738561	1797.43391	-12806.6965	-17341.3699	0.555699942	1.76013217e+13
1.32e-09	3444.6176	2110.63428	-13838.5474	-17790.8	0.555128589	1.7599524e+13
1.33e-09	2123.97219	3006.05513	-15315.292	-16431.0265	0.554378968	1.7597081e+13
1.34e-09	2037.30075	2983.26468	-14403.943	-15527.3178	0.553951179	1.75941263e+13
1.35e-09	808.937508	3530.20834	-14867.5389	-15471.1779	0.553565947	1.75910045e+13
1.36e-09	1395.09653	3219.00835	-16173.1883	-15058.439	0.553268008	1.75877646e+13
1.37e-09	2126.23187	3638.02333	-18691.3061	-14955.5252	0.552692734	1.75843545e+13
1.38e-09	1124.6515	3427.80764	-19020.494	-14014.6084	0.551809457	1.75803677e+13
1.39e-09	447.109222	4087.88677	-18901.0076	-13078.0818	0.551059503	1.75757975e+13
1.4e-09	-1865.83861	4844.90074	-17800.9302	-10083.71	0.550851841	1.7571029e+13
1.41e-09	-1429.97459	4372.95605	-17328.3877	-10424.7553	0.550807112	1.7566597e+13
1.42e-09	-77.1882842	4732.50396	-16810.1343	-11553.0556	0.550849218	1.75625714e+13
1.43e-09	1356.93074	4947.9091	-18767.8822	-11306.2574	0.55079579	1.75589674e+13
1.44e-09	-114.758443	6665.57014	-17811.9199	-11587.6532	0.550411743	1.75554267e+13
1.45e-09	-211.391805	4966.67684	-17975.2162	-10790.9186	0.55040797	1.75519608e+13
1.46e-09	1007.11711	5187.16426	-17879.7716	-11714.9521	0.550288973	1.75487827e+13
1.47e-09	1360.73661	3361.47606	-17579.3248	-10057.7393	0.550253899	1.7545762e+13
1.48e-09	31.3861154	2309.61392	-14787.2961	-10291.2507	0.550689628	1.75432055e+13
1.49e-09	864.332073	2255.42671	-13921.3041	-10203.4336	0.551224929	1.7541512e+13
1.5e-09	248.877302	1547.48374	-15012.5234	-9150.8039	0.551978617	1.75407454e+13
1.51e-09	-2789.0212	2274.6122	-15287.2805	-10809.5635	0.5524637	1.75408126e+13
1.52e-09	-3186.3761	2146.42275	-14593.6445	-11160.0881	0.552766976	1.75413111e+13
1.53e-09	-1585.90729	1690.62957	-15518.8234	-9944.27956	0.553120191	1.75421263e+13
1.54e-09	-3134.87726	1301.89393	-13689.9991	-12331.7438	0.553478687	1.75433101e+13
1.55e-09	-1833.98794	2253.68519	-11806.5589	-11854.1946	0.553974536	1.75448368e+13
1.56e-09	-1936.44761	473.033268	-11776.3685	-12623.185	0.554604755	1.75469186e+13
1.57e-09	-504.117953	-441.119292	-12730.9493	-11971.7845	0.555116768	1.75494672e+13
1.58e-09	-931.697074	-874.222359	-12107.3399	-12391.4257	0.555663367	1.75523805e+13
1.59e-09	-1108.18183	-133.293133	-12938.0072	-11890.7983	0.556080096	1.75556382e+13
1.6e-09	-537.511307	626.317596	-14290.2754	-12669.5361	0.556397321	1.75590318e+13
1.61e-09	-1140.64761	966.399189	-16478.9986	-12336.1016	0.556283129	1.75622631e+13
1.62e-09	-1121.66296	-693.331699	-16128.4321	-13028.5494	0.555963541	1.75648932e+13
1.63e-09	-941.506814	-1803.43159	-16606.5803	-12688.7061	0.555558898	1.75668671e+13
1.64e-09	411.205417	-1918.62171	-16639.0944	-12946.1404	0.555298649	1.75682674e+13
1.65e-09	-136.488055	-1470.13413	-15024.3896	-12049.4244	0.555085941	1.75691969e+13
1.66e-09	128.763141	-1412.26741	-17627.9862	-12747.6794	0.554951888	1.75699393e+13
1.67e-09	165.639294	-1375.78411	-16387.3359	-12696.0082	0.554617388	1.75702561e+13
1.68e-09	-942.35261	-944.979576	-16752.2215	-12200.4565	0.554473919	1.75702747e+13
1.69e-09	272.768323	-2498.67346	-16920.3906	-12074.7609	0.554285177	1.75701327e+13
1.7e-09	771.237606	-3055.44735	-14897.5363	-10727.0489	0.554351653	1.75698406e+13
1.71e-09	776.243418	-2540.54902	-15688.4932	-10984.0589	0.554595436	1.75698019e+13
1.72e-09	2514.424	-2014.99071	-16064.4662	-10935.0603	0.554726503	1.75699954e+13
1.73e-09	2581.21657	-2012.34964	-15467.7819	-11309.4074	0.554712482	1.75702408e+13
1.74e-09	741.042345	-1309.21003	-13648.6831	-12785.4982	0.554945016	1.75705701e+13
1.75e-09	-867.003049	-66.269442	-14537.6354	-13591.8434	0.555151468	1.7571181e+13
1.76e-09	356.539355	-45.6789684	-14498.6503	-13741.5417	0.555183261	1.75718459e+13
1.77e-09	711.959615	-1399.80542	-14433.4022	-12531.1517	0.555174772	1.75724415e+13
1.78e-09	629.482695	46.3237999	-15757.9003	-12982.8679	0.555289321	1.75730847e+13
1.79e-09	682.281126	-275.455133	-15010.2942	-13855.9175	0.555114571	1.75736156e+13
1.8e-09	1344.45269	-1777.84126	-14971.0438	-15662.521	0.554936693	1.75739244e+13
1.81e-09	1678.78754	-2233.33301	-15430.8148	-16334.9966	0.554356618	1.7573758e+13
1.82e-09	780.172557	-1187.97078	-15716.4858	-15995.3743	0.553782481	1.7572901e+13
1.83e-09	1547.97195	-1816.49858	-15895.8455	-16891.6062	0.553198463	1.75714615e+13
1.84e-09	333.079944	-2365.25917	-14824.9827	-16826.8125	0.552549951	1.75694155e+13
1.85e-09	7.73815852	-1894.74908	-15872.2227	-15677.0736	0.552149702	1.75669414e+13
1.86e-09	-602.857061	-1798.8158	-15817.0952	-15050.1688	0.551738397	1.756421e+13
1.87e-09	-1177.57308	-2305.32657	-16419.5931	-15148.2898	0.551513402	1.75613813e+13
1.88e-09	-445.777812	-1765.30547	-16536.6482	-15804.6704	0.551088118	1.7558478e+13
1.89e-09	-485.652767	-1870.10473	-16024.531	-15513.7853	0.550655214	1.75553073e+13
1.9e-09	-1891.03652	-1838.84786	-16526.8325	-16067.8441	0.550119474	1.7551918e+13
1.91e-09	-3238.09351	-1179.76833	-14949.1353	-15120.7127	0.549954795	1.75483424e+13
1.92e-09	-3615.94296	-737.172367	-14212.1533	-15313.7705	0.549915097	1.7544992e+13
1.93e-09	-2146.6126	-828.380975	-13671.1494	-14972.9286	0.550148974	1.75420525e+13
1.94e-09	-2988.61429	-756.772664	-14781.0926	-13046.4731	0.550405758	1.75396777e+13
1.95e-09	-1717.86299	-1017.29083	-13481.6288	-13000.2524	0.55088211	1.75379145e+13
1.96e-09	-1953.55246	874.122599	-14610.6815	-12753.718	0.551280645	1.75368867e+13
1.97e-09	-1125.90382	1253.98791	-15062.9198	-12563.3937	0.551574641	1.75363738e+13
1.98e-09	-1092.60756	1661.19927	-14125.1334	-12274.1054	0.551871263	1.75362131e+13
1.99e-09	-627.299716	1109.85468	-12620.3499	-11724.4461	0.5523617	1.75365104e+13
2e-09	-875.114462	-816.089502	-14128.5382	-11876.6912	0.552929892	1.75374665e+13
2.01e-09	-1345.36259	230.992564	-13319.173	-11948.6495	0.553541849	1.75389625e+13
2.02e-09	-695.950328	676.294103	-14607.2474	-11325.9514	0.55395747	1.75409799e+13
2.03e-09	218.394478	538.673603	-13721.6754	-11494.1417	0.554276486	1.75432169e+13
2.04e-09	-1767.23323	-78.8358612	-9925.35337	-13666.3064	0.554884977	1.75457619e+13
2.05e-09	-660.93008	1439.52303	-9642.22625	-14353.9517	0.555501925	1.75488102e+13
2.06e-09	-528.864005	1585.37039	-10848.8093	-14677.4543	0.555797909	1.7552143e+13
2.07e-09	-1892.20994	1536.33346	-11547.3032	-13784.3619	0.556028339	1.75554623e+13
2.08e-09	-1401.62484	3403.76492	-13632.8408	-13951.5742	0.556134325	1.75587052e+13
2.09e-09	987.948824	3586.08043	-13524.1541	-13754.403	0.555961064	1.75615916e+13
2.1e-09	1222.93375	2728.54597	-12941.4234	-14135.9139	0.55586851	1.7564036e+13
2.11e-09	1364.93761	2186.12442	-12200.0784	-14864.6748	0.556069853	1.75662967e+13
2.12e-09	275.049055	1648.27659	-14873.9432	-15847.6677	0.555875622	1.75684193e+13
2.13e-09	817.696514	1428.54704	-14890.6671	-16805.6703	0.555277091	1.7569859e+13
2.14e-09	893.683009	789.391264	-14616.5052	-16308.2797	0.554691769	1.757045e+13
2.15e-09	641.94225	-285.77528	-12235.3927	-18431.2208	0.554267214	1.75704032e+13
2.16e-09	-118.712029	-1717.09616	-12761.6602	-20437.2887	0.553725827	1.75698268e+13
2.17e-09	607.521534	-1075.65798	-14092.6226	-20214.6596	0.552625913	1.75683422e+13
2.18e-09	936.009094	-1714.36828	-14137.9274	-18897.0169	0.551703567	1.75657536e+13
2.19e-09	501.135755	-1661.03056	-16228.1214	-19401.2877	0.550892096	1.75624652e+13
2.2e-09	-44.3849985	-1450.00546	-15139.5504	-17818.5253	0.550223384	1.7558518e+13
2.21e-09	-1403.28445	-1444.36378	-16055.288	-19039.0625	0.549597458	1.75542701e+13
2.22e-09	-871.02092	-467.251824	-15717.7589	-17729.5359	0.548888352	1.75495525e+13
2.23e-09	-1265.54398	817.558518	-14804.8807	-15912.5662	0.548659159	1.75446893e+13
2.24e-09	-523.282502	308.969964	-14588.995	-16360.5591	0.548494343	1.75401018e+13
2.25e-09	-1566.54189	-502.559175	-13235.8416	-15415.6239	0.548579081	1.75358507e+13
2.26e-09	-565.26215	-2086.45408	-16049.0476	-14212.531	0.548829965	1.75322451e+13
2.27e-09	-882.502899	-715.857393	-14198.2341	-12489.0763	0.549134143	1.75292266e+13
2.28e-09	-1466.96519	701.847567	-15593.4833	-13042.534	0.549597074	1.75270019e+13
2.29e-09	-1049.29271	2139.7337	-15783.0606	-12109.6576	0.549885071	1.75254123e+13
2.3e-09	218.066863	2068.9668	-16050.7554	-10273.9198	0.550198018	1.75243276e+13
2.31e-09	272.452589	1537.03939	-15640.0312	-11604.4086	0.550660785	1.75238047e+13
2.32e-09	699.217269	120.654532	-15082.0965	-11247.6388	0.551085928	1.75238308e+13
2.33e-09	915.434579	-1879.68275	-14526.3849	-11336.5461	0.551575375	1.75243848e+13
2.34e-09	173.680749	-942.31964	-16492.5879	-11479.7551	0.551896229	1.75254377e+13
2.35e-09	463.093985	-2229.07032	-16395.7443	-12255.2761	0.551919179	1.75265808e+13
2.36e-09	-248.11059	-714.095683	-14876.5209	-11103.196	0.552206297	1.75277242e+13
2.37e-09	1417.1903	-1127.01205	-13565.966	-12439.2961	0.552612956	1.75291849e+13
2.38e-09	2535.5612	-976.798981	-12186.5078	-12448.9833	0.553090799	1.75310211e+13
2.39e-09	1645.42876	-1546.67321	-12566.9005	-11900.5014	0.553689113	1.75333261e+13
2.4e-09	1227.27913	-1990.96191	-11468.5511	-13624.3218	0.554176647	1.75360666e+13
2.41e-09	1666.89571	-1023.26501	-11765.053	-14767.5699	0.554593968	1.75390939e+13
2.42e-09	572.064877	-1703.47485	-11909.1439	-15556.1216	0.554767622	1.75421852e+13
2.43e-09	1142.12958	-2008.8913	-13325.7011	-15589.5569	0.554702847	1.75450711e+13
2.44e-09	2778.00999	-982.879289	-15171.3531	-15833.9904	0.554291833	1.75474676e+13
2.45e-09	3574.8805	-647.058478	-13129.5287	-14450.0475	0.554059579	1.75491468e+13
2.46e-09	2911.68599	-529.925864	-14587.6072	-15489.0656	0.553934995	1.7550545e+13
2.47e-09	2613.85862	1409.50047	-16287.7674	-15891.9625	0.553556878	1.75515192e+13
2.48e-09	2780.86069	959.915304	-16651.2844	-15163.8763	0.553014462	1.75518414e+13
2.49e-09	1463.07999	1114.69943	-16816.5279	-14471.5448	0.552682686	1.7551596e+13
2.5e-09	3455.43063	792.281015	-16790.0788	-15645.9918	0.552227031	1.75509367e+13
2.51e-09	3653.41468	2375.71848	-16600.7164	-15302.7156	0.551754677	1.75497737e+13
2.52e-09	2148.18633	1780.36215	-16168.6706	-13313.1827	0.551538348	1.75482685e+13
2.53e-09	855.420831	1874.17327	-14082.2644	-12468.0743	0.551575703	1.75468012e+13
2.54e-09	840.230166	2600.83308	-14407.1006	-12568.2483	0.551920646	1.75457235e+13
2.55e-09	217.480203	2062.4139	-15902.3997	-13240.4547	0.55202388	1.75450557e+13
2.56e-09	-635.939854	749.493387	-15088.0579	-13376.0874	0.552126301	1.75445042e+13
2.57e-09	1466.2931	2218.20229	-15901.9402	-13136.1674	0.552201092	1.75441509e+13
2.58e-09	2636.55007	3873.77447	-16177.9024	-13074.7717	0.552095954	1.75438201e+13
2.59e-09	2071.73326	3660.15034	-16694.9182	-15100.8427	0.551769918	1.75432871e+13
2.6e-09	2566.28452	2529.11113	-18335.8253	-14967.0109	0.55113724	1.75422446e+13
2.61e-09	2279.11553	1784.53665	-18401.9376	-14267.4877	0.55058808	1.75405834e+13
2.62e-09	1735.45051	3004.29913	-16930.7735	-14288.0094	0.550269737	1.75385246e+13
2.63e-09	1921.77128	1775.39544	-15416.3034	-14086.2925	0.550199686	1.75364537e+13
2.64e-09	3010.45739	2937.89057	-15826.6533	-14464.5526	0.550174993	1.75345504e+13
2.65e-09	2309.32735	2636.35782	-15852.7978	-16957.5576	0.5498672	1.75326251e+13
2.66e-09	2232.78794	3438.57687	-16420.3964	-15329.12	0.549539831	1.75304657e+13
2.67e-09	990.644586	2533.71973	-16871.6481	-15218.3329	0.549337987	1.7528215e+13
2.68e-09	-1118.74522	2905.70436	-15297.6659	-15445.116	0.549172339	1.75259537e+13
2.69e-09	-1052.65909	3620.11253	-15204.5309	-14670.3697	0.54919203	1.75237926e+13
2.7e-09	-411.19365	2940.74101	-14166.1517	-15119.8675	0.549111872	1.75218163e+13
2.71e-09	-1357.48322	3022.20181	-14614.4205	-14848.9081	0.549289625	1.75200935e+13
2.72e-09	-2139.00737	2293.3978	-16122.6373	-15008.9653	0.549184135	1.75186173e+13
2.73e-09	1033.68697	1752.71163	-16294.6724	-15201.4936	0.549042741	1.75171108e+13
2.74e-09	1598.35133	1257.56099	-15456.1418	-14854.699	0.548878448	1.75155374e+13
2.75e-09	1011.08167	2183.45656	-16354.3777	-14662.4489	0.548806248	1.75140123e+13
2.76e-09	-25.6688881	2006.16786	-15644.2599	-15169.2689	0.548835112	1.75125782e+13
2.77e-09	-1159.18831	2628.20282	-16458.2384	-14900.5184	0.548738711	1.75112552e+13
2.78e-09	-482.442909	2162.39796	-15365.512	-14971.002	0.548752986	1.75099761e+13
2.79e-09	-567.640426	1509.22037	-13545.957	-14875.4868	0.548881959	1.75088849e+13
2.8e-09	-1155.54668	500.360903	-13646.9382	-13482.8331	0.549315152	1.75082142e+13
2.81e-09	-833.144247	1434.27659	-12900.5227	-14076.4795	0.549838845	1.75081972e+13
2.82e-09	-460.772242	1473.8986	-14011.1834	-14411.7092	0.550243938	1.7508761e+13
2.83e-09	948.345319	-1599.69424	-13418.7115	-13646.3998	0.550584057	1.75096714e+13
2.84e-09	190.474708	-63.8343229	-12240.2141	-13833.6424	0.551093391	1.75109773e+13
2.85e-09	1278.73747	-1757.86079	-12569.1298	-14851.9198	0.551535364	1.75127622e+13
2.86e-09	1236.99834	-1127.75551	-10407.3883	-15560.25	0.551801112	1.75147864e+13
2.87e-09	-322.516845	-854.528395	-9363.6365	-16269.8892	0.552119756	1.75169685e+13
2.88e-09	-34.8778002	-1444.47883	-10629.2961	-16492.6473	0.552524133	1.75193612e+13
2.89e-09	728.336144	-1228.91612	-10979.5756	-18854.1061	0.552422925	1.75217606e+13
2.9e-09	1521.67889	-473.223491	-11647.7659	-19627.3593	0.552020297	1.75236458e+13
2.91e-09	1167.90838	393.278191	-13546.4119	-17833.8107	0.551610938	1.75248379e+13
2.92e-09	1837.62135	-248.278717	-14245.1932	-17643.1768	0.551163095	1.75254329e+13
2.93e-09	1343.32997	-103.854381	-13312.0911	-17869.323	0.550718803	1.7525417e+13
2.94e-09	-26.4872281	-1842.17588	-12327.8312	-18518.7657	0.550451278	1.75250122e+13
2.95e-09	-712.16621	831.202088	-12144.8244	-19146.9408	0.550156625	1.75243074e+13
2.96e-09	101.767371	413.098755	-13423.862	-17320.8918	0.549879203	1.75233224e+13
2.97e-09	-239.390829	1311.4856	-12580.6992	-18436.5862	0.549676735	1.7522165e+13
2.98e-09	-1411.20586	2026.34341	-12164.0446	-18180.6359	0.549420198	1.75208377e+13
2.99e-09	-1600.41347	1037.05017	-12050.6766	-17962.6876	0.54923042	1.75193548e+13
3e-09	-1813.07453	-1177.8962	-11964.2682	-17446.6068	0.549374908	1.75179663e+13
3.01e-09	1241.71594	-911.012555	-12695.4078	-17895.9467	0.549305609	1.75167947e+13
3.02e-09	127.497487	-1444.87028	-12742.528	-18237.2208	0.549130166	1.7515585e+13
3.03e-09	1587.96199	-1089.61731	-12807.7966	-17958.2671	0.549005445	1.75142962e+13
3.04e-09	1153.17323	-820.062503	-11490.5605	-16825.8774	0.549097407	1.75130645e+13
3.05e-09	1694.31842	-543.970865	-10813.3686	-16893.6308	0.549410613	1.75122116e+13
3.06e-09	1269.39925	-384.141307	-11982.7217	-16261.5844	0.549533564	1.75117308e+13
3.07e-09	-787.715334	-522.244772	-12272.6922	-18247.4563	0.549499812	1.75113865e+13
3.08e-09	-558.305466	57.1426709	-12858.7565	-18898.7646	0.549343993	1.75109409e+13
3.09e-09	-1717.23449	-573.724382	-14050.2118	-17177.1143	0.549247961	1.75103495e+13
3.1e-09	-1651.18199	-1825.73584	-15762.1123	-16354.8476	0.549135155	1.75097081e+13
3.11e-09	-2356.15798	-588.71325	-16856.2645	-14607.2245	0.548992643	1.75089406e+13
3.12e-09	-1410.19079	-111.167263	-16557.3848	-13122.2587	0.549072305	1.75081968e+13
3.13e-09	-2071.16387	399.55303	-15154.2522	-13464.4271	0.549204018	1.75076742e+13
3.14e-09	-1445.59313	-100.751203	-16414.6623	-13672.5714	0.549394157	1.75074126e+13
3.15e-09	-1255.37973	330.824506	-16524.0078	-12434.9539	0.549554591	1.75073379e+13
3.16e-09	-1449.41847	14.7586883	-15478.2939	-13856.42	0.549712477	1.75074808e+13
3.17e-09	-345.368821	-155.749177	-17943.2387	-13309.9877	0.549722959	1.75077412e+13
3.18e-09	-147.176091	-333.955495	-16840.7166	-13283.9428	0.549652858	1.75079036e+13
3.19e-09	238.322526	202.625862	-17438.907	-13001.832	0.549593062	1.75079979e+13
3.2e-09	-21.388207	-194.473839	-17001.9704	-12241.3755	0.549563072	1.75079985e+13
3.21e-09	756.547317	-277.961568	-15963.2527	-12334.64	0.549807766	1.75081069e+13
3.22e-09	808.150071	82.178212	-14655.89	-13652.2026	0.550064829	1.75085092e+13
3.23e-09	1504.8325	689.550298	-13461.2474	-15019.3249	0.55025057	1.75091884e+13
3.24e-09	1007.74099	-81.4772667	-13376.0137	-14712.1173	0.550642046	1.7510081e+13
3.25e-09	902.376034	-570.961562	-14069.2168	-15114.8219	0.55085636	1.75112773e+13
3.26e-09	1430.05922	-373.294702	-12344.0852	-14425.1205	0.551089898	1.75125744e+13
3.27e-09	2894.22393	-510.139375	-13219.4462	-14724.5966	0.551413594	1.75141365e+13
3.28e-09	1019.60537	-665.332069	-13554.7609	-16455.6842	0.551415033	1.751578e+13
3.29e-09	644.058132	-5.98467596	-12868.7481	-16553.9915	0.551405059	1.75172268e+13
3.3e-09	-646.879115	-208.798513	-14509.5112	-16586.9296	0.551260497	1.75184656e+13
3.31e-09	892.527035	1339.06888	-14164.8366	-16054.202	0.551008808	1.75193666e+13
3.32e-09	-1086.61422	179.196713	-16173.4531	-17086.9974	0.550606751	1.75198289e+13
3.33e-09	-1019.42467	1425.96583	-16081.9585	-17534.2277	0.549974884	1.75195937e+13
3.34e-09	-940.138523	1907.75634	-13032.8834	-16449.9574	0.549714608	1.75188036e+13
3.35e-09	-1519.03889	1480.52016	-11921.7549	-14053.2066	0.550071983	1.75181124e+13
3.36e-09	-1907.67275	1419.45193	-11939.3484	-13207.8868	0.550732501	1.75181103e+13
3.37e-09	-1450.95468	1901.59439	-13128.695	-11948.767	0.551318173	1.75188628e+13
3.38e-09	-699.772347	-312.564028	-13016.085	-13538.0976	0.551768634	1.75201776e+13
3.39e-09	-2441.87527	-655.427652	-14704.9112	-13830.879	0.552121988	1.75218547e+13
3.4e-09	-3232.09417	988.456421	-15711.5054	-14712.8923	0.552007629	1.75235535e+13
3.41e-09	-3317.99222	1058.14387	-16595.7651	-16561.9197	0.551445068	1.75247159e+13
3.42e-09	-2316.11023	826.325118	-18344.1999	-17129.2524	0.550665078	1.75249783e+13
3.43e-09	-2796.38421	-955.075398	-16417.856	-16107.5596	0.549997416	1.75242695e+13
3.44e-09	-3468.12972	-1722.296	-18021.5651	-16192.8212	0.549432165	1.75229595e+13
3.45e-09	-1857.91207	-493.306811	-17950.5913	-14849.8161	0.548945331	1.75211164e+13
3.46e-09	-686.287137	453.525023	-16390.5318	-13333.2516	0.548873588	1.75190766e+13
3.47e-09	87.9309959	928.459041	-15545.2746	-10654.8238	0.549255486	1.75173851e+13
3.48e-09	624.33568	382.996249	-16809.9006	-10955.1204	0.549709034	1.75164088e+13
3.49e-09	-604.20744	23.6658552	-17155.9487	-12829.5848	0.549935643	1.75159483e+13
3.5e-09	-303.573765	1567.15123	-16290.1245	-12404.4191	0.549948922	1.75156333e+13
3.51e-09	1664.01224	1118.09267	-15832.0583	-12132.2133	0.550185503	1.75155003e+13
3.52e-09	1618.12434	3792.46947	-16305.2394	-13605.7495	0.550282595	1.75156033e+13
3.53e-09	77.8384489	2866.15214	-16525.905	-13998.695	0.550146334	1.75156685e+13
3.54e-09	1653.56728	3576.54265	-16615.9788	-15318.376	0.549909405	1.75155431e+13
3.55e-09	1146.39061	2216.1731	-16820.3741	-15406.0873	0.549608694	1.75150673e+13
3.56e-09	656.009277	542.137403	-16382.4571	-14954.3591	0.549285231	1.75142705e+13
3.57e-09	878.666474	575.24526	-15669.1217	-14780.0618	0.549220175	1.75133032e+13
3.58e-09	1457.51356	717.15727	-15331.9019	-13609.1425	0.549343416	1.75124501e+13
3.59e-09	2806.8963	1393.9555	-14537.2332	-12515.9542	0.549728303	1.75119535e+13
3.6e-09	2600.43395	687.359991	-15512.0818	-12531.1521	0.55010632	1.75120097e+13
3.61e-09	1506.15172	1583.55413	-14388.6358	-11512.8667	0.55041686	1.75124208e+13
3.62e-09	2522.71806	3057.24741	-16006.8245	-12479.6828	0.550823915	1.75132554e+13
3.63e-09	2148.79119	1442.77093	-15035.1567	-13658.8949	0.550982112	1.75143351e+13
3.64e-09	420.080912	1246.33911	-15468.2489	-15465.7477	0.550922453	1.7515407e+13
3.65e-09	2402.60259	930.273364	-15814.2582	-18272.3658	0.550486851	1.75161239e+13
3.66e-09	2069.0684	300.706585	-13681.3881	-17168.9038	0.550077019	1.75161853e+13
3.67e-09	2138.85328	94.2146088	-12798.6072	-16303.8143	0.550056836	1.75159863e+13
3.68e-09	2286.65375	1981.18541	-12680.5707	-15644.7769	0.550229597	1.7515916e+13
3.69e-09	1904.65756	1195.81828	-13323.2288	-15080.7115	0.550409966	1.75160735e+13
3.7e-09	299.987565	1027.94692	-11583.9872	-15854.596	0.550686375	1.75164574e+13
3.71e-09	-1996.20291	2622.67057	-11731.373	-18653.3141	0.550717098	1.75170563e+13
3.72e-09	-1280.42925	2226.02321	-11258.5081	-17311.3265	0.550668713	1.75174929e+13
3.73e-09	-279.337499	448.764507	-13366.4964	-16522.4087	0.550719434	1.75179423e+13
3.74e-09	-2894.67045	367.181273	-13069.5943	-15446.5342	0.550676549	1.75183283e+13
3.75e-09	-1812.18393	-470.253302	-13116.3614	-15602.5728	0.550848814	1.75187724e+13
3.76e-09	-3058.35691	4.48717516	-13198.1045	-15703.2263	0.550971847	1.75193492e+13
3.77e-09	-2560.79475	-569.631038	-12169.1397	-15286.6837	0.55099812	1.75199239e+13
3.78e-09	-2644.27992	-412.15674	-10247.9668	-15694.6801	0.551353882	1.7520678e+13
3.79e-09	-3245.0217	580.39923	-9808.53705	-16995.0139	0.551635494	1.75217845e+13
3.8e-09	-2397.49419	-758.465691	-10131.6036	-18077.9369	0.551706277	1.75229923e+13
3.81e-09	-2301.62282	-230.491191	-8273.60719	-17412.292	0.55180607	1.75241395e+13
3.82e-09	340.654561	-1547.40489	-10357.4895	-18675.4146	0.551845006	1.75253265e+13
3.83e-09	-1171.11432	-3319.96959	-10538.5075	-19260.571	0.551675229	1.75263063e+13
3.84e-09	-1761.67369	-4852.75581	-10786.7788	-19713.9007	0.55125273	1.75268755e+13
3.85e-09	-800.005107	-3968.42984	-12099.4033	-17670.0851	0.550840876	1.7526849e+13
3.86e-09	777.350928	-2950.49326	-14519.3848	-19235.2776	0.550381435	1.75263916e+13
3.87e-09	791.081649	-4429.39071	-13699.7725	-19439.264	0.549730617	1.75252792e+13
3.88e-09	-792.146355	-4166.70299	-13095.4211	-20075.3241	0.549030736	1.75234889e+13
3.89e-09	-1578.21324	-2925.48758	-13207.4721	-19657.0081	0.548427276	1.75210693e+13
3.9e-09	-2835.36686	-1297.12163	-11613.6423	-19905.2162	0.54802638	1.75182884e+13
3.91e-09	-2406.20745	-3267.78776	-12257.3179	-19298.2067	0.54785772	1.75154082e+13
3.92e-09	-2157.57986	-2423.58049	-12604.7451	-17409.9844	0.547820829	1.75126266e+13
3.93e-09	117.701402	-403.67024	-13180.0878	-14584.3532	0.548055851	1.75102415e+13
3.94e-09	-472.058008	-441.498885	-12160.9976	-14221.3617	0.548656517	1.75085847e+13
3.95e-09	1767.90363	-1095.18969	-12740.275	-13040.4299	0.549298617	1.75078135e+13
3.96e-09	1692.88886	1292.79723	-15424.6262	-13186.9767	0.549787297	1.75078064e+13
3.97e-09	2681.05308	1335.70827	-15639.3644	-12982.8335	0.550109717	1.75082717e+13
3.98e-09	1514.71338	77.7104493	-15408.1817	-13302.5555	0.550223204	1.75089521e+13
3.99e-09	-93.4988715	532.475027	-15684.1614	-14322.5388	0.550326811	1.75097092e+13
4e-09	-794.173528	816.748108	-17306.088	-13738.4478	0.550290384	1.75104438e+13
4.01e-09	-2411.11402	-171.81161	-17320.6742	-14626.9336	0.550040736	1.75109401e+13
4.02e-09	-1047.29863	458.329797	-14916.5498	-13427.8359	0.549992457	1.75111405e+13
4.03e-09	-885.862934	171.802768	-15751.1301	-14939.6988	0.550044469	1.75114082e+13
4.04e-09	-1869.15509	523.45295	-15554.5363	-14128.6829	0.550056123	1.75116731e+13
4.05e-09	-747.049031	-1656.93574	-15211.7994	-12548.4766	0.550228172	1.75119847e+13
4.06e-09	-810.377703	-2223.07939	-14362.874	-12737.3973	0.550606825	1.7512586e+13
4.07e-09	-163.684706	-2137.38605	-13692.1461	-13431.3341	0.551028588	1.75136234e+13
4.08e-09	451.756873	-1475.24217	-13964.2459	-13987.997	0.551283076	1.7514961e+13
4.09e-09	-394.461194	-288.44959	-13843.0995	-14180.1792	0.551533853	1.75164765e+13
4.1e-09	-1545.94822	-499.241964	-12519.0831	-13552.7378	0.552002442	1.75182127e+13
4.11e-09	-2314.43892	-429.976325	-13369.4497	-13543.3163	0.552283094	1.75202949e+13
4.12e-09	-3559.33106	716.378634	-15371.2987	-15387.3676	0.552303645	1.75224252e+13
4.13e-09	-2418.42266	-167.060887	-15598.2847	-15816.6002	0.55204623	1.75241781e+13
4.14e-09	-3161.0652	-1362.4761	-16167.3152	-15649.0775	0.551681821	1.75253701e+13
4.15e-09	-2872.72578	635.777695	-15753.6542	-14598.2918	0.551461048	1.75260734e+13
4.16e-09	-2787.51743	116.2069	-14181.8658	-12664.4608	0.551567507	1.75266173e+13
4.17e-09	-1132.07053	1570.81464	-13880.4834	-12353.6799	0.551935088	1.75274128e+13
4.18e-09	-871.060134	1601.0108	-14637.9543	-13517.2509	0.552352958	1.75286223e+13
4.19e-09	327.290596	2698.32332	-14897.4771	-13769.6817	0.552558409	1.75300825e+13
4.2e-09	724.838497	1353.55433	-15596.7197	-14438.4197	0.552483725	1.75315107e+13
4.21e-09	917.272566	1160.52444	-16576.2377	-14265.9791	0.552232971	1.75326067e+13
4.22e-09	1275.39328	4114.30719	-16625.6271	-14557.3063	0.551880239	1.7533231e+13
4.23e-09	942.486391	3225.90211	-16764.87	-15010.4601	0.551302181	1.75332864e+13
4.24e-09	1734.88406	3542.41335	-18560.4063	-15973.1735	0.550788286	1.75327222e+13
4.25e-09	132.026079	4253.39934	-17880.7327	-16395.5719	0.55001635	1.7531402e+13
4.26e-09	-672.377076	3797.42286	-18539.4252	-15976.6324	0.549237074	1.75293271e+13
4.27e-09	-1718.80366	2604.55917	-18400.4172	-16588.3348	0.548473464	1.75265204e+13
4.28e-09	-2413.97851	2692.52088	-17075.9385	-14603.8929	0.548040423	1.75232078e+13
4.29e-09	-1262.67773	2371.94709	-17511.9625	-14277.1687	0.547960492	1.75199452e+13
4.3e-09	-746.869941	1381.65947	-14657.3875	-14660.2934	0.547953676	1.75169159e+13
4.31e-09	1654.6996	2095.59108	-13201.3329	-13551.281	0.548426409	1.75144224e+13
4.32e-09	-419.204512	437.384251	-13880.6167	-12797.3513	0.548946451	1.75127722e+13
4.33e-09	490.917629	401.98466	-14790.955	-13921.2674	0.549306293	1.75118354e+13
4.34e-09	347.15763	1570.35072	-16540.6613	-14553.9492	0.549403212	1.75112618e+13
4.35e-09	-1411.36126	2062.09744	-15196.5917	-15190.6639	0.549212409	1.75106635e+13
4.36e-09	-1191.76306	2754.1992	-14821.8978	-15415.9845	0.549035764	1.75099304e+13
4.37e-09	-488.409704	982.592838	-16108.282	-15353.0914	0.549021115	1.7509138e+13
4.38e-09	-1833.76157	695.670923	-16593.461	-15265.4671	0.548782202	1.75082827e+13
4.39e-09	-123.117534	812.158666	-14255.7162	-15621.0436	0.548775078	1.75072925e+13
4.4e-09	1061.07603	898.738848	-15350.4707	-15421.9199	0.548796855	1.75064712e+13
4.41e-09	1419.00267	131.973373	-14713.8576	-13057.2555	0.54892506	1.75057742e+13
4.42e-09	1452.00788	1520.94134	-15087.4908	-14207.8169	0.549301041	1.75054586e+13
4.43e-09	2356.68228	971.031471	-16253.3122	-14229.4132	0.549363124	1.75054452e+13
4.44e-09	3233.6417	1555.40518	-15885.6513	-14243.6131	0.549267945	1.75053986e+13
4.45e-09	1608.90776	730.99828	-15868.676	-15509.511	0.549097079	1.75052202e+13
4.46e-09	1891.37209	-238.877797	-14646.5192	-15999.6932	0.549035554	1.75048898e+13
4.47e-09	1734.04301	-1251.64894	-12330.9077	-15787.0937	0.549147939	1.75046051e+13
4.48e-09	1105.1952	-910.8219	-13450.7568	-14155.5081	0.54953693	1.7504641e+13
4.49e-09	3146.74205	-798.542874	-14163.5353	-14603.7121	0.54978084	1.75050808e+13
4.5e-09	2719.48944	-762.948128	-12667.9951	-13928.9466	0.550067289	1.75057486e+13
4.51e-09	2286.54579	401.084535	-11793.2506	-14010.9309	0.55063415	1.75068447e+13
4.52e-09	1878.58577	-38.4549948	-10019.6877	-14660.4541	0.551284242	1.75085541e+13
4.53e-09	2226.30248	-494.423762	-10631.3527	-16347.6481	0.551707853	1.75108003e+13
4.54e-09	1388.50647	-1273.5542	-10566.2858	-16387.8365	0.55199657	1.75132134e+13
4.55e-09	2653.33827	-1168.17106	-12141.7594	-16217.2713	0.552187802	1.75157044e+13
4.56e-09	1761.39963	29.3592536	-11009.0563	-15306.7982	0.552343365	1.75181191e+13
4.57e-09	1589.17551	567.762088	-9961.0921	-14584.8109	0.552672659	1.75205907e+13
4.58e-09	679.195678	1071.74298	-11793.2023	-13345.362	0.553204059	1.75233609e+13
4.59e-09	-23.3491811	1335.90825	-13610.6568	-13978.9397	0.553505017	1.75264134e+13
4.6e-09	-1854.95925	2266.89475	-12419.0687	-13203.7558	0.553851126	1.75294741e+13
4.61e-09	-1073.67063	2487.52647	-13260.6438	-14828.2495	0.554111181	1.75326797e+13
4.62e-09	165.422582	2802.17607	-14326.4019	-15876.6894	0.554025083	1.7535696e+13
4.63e-09	181.686354	3707.45757	-14689.1351	-14366.1261	0.553759833	1.75381932e+13
4.64e-09	335.527527	3528.88525	-14752.1473	-16108.2542	0.553383345	1.75401299e+13
4.65e-09	47.6731876	3201.19755	-13606.8571	-14878.2001	0.553141648	1.75414275e+13
4.66e-09	932.32219	3161.14328	-12996.6603	-15430.0802	0.553107426	1.75424984e+13
4.67e-09	2481.71822	1145.70148	-14580.2547	-17105.8464	0.552813596	1.75433442e+13
4.68e-09	2977.76483	2030.64676	-13811.3937	-16144.1338	0.55251136	1.7543675e+13
4.69e-09	2780.29886	2798.06849	-13393.9247	-16973.8268	0.552266519	1.75436582e+13
4.7e-09	3080.95481	336.675087	-14382.2172	-17309.2396	0.551920368	1.75433196e+13
4.71e-09	1682.40649	135.792796	-14119.2876	-17522.4342	0.551355714	1.75424789e+13
4.72e-09	2814.77596	849.180522	-13377.2481	-20060.9618	0.550788259	1.75410608e+13
4.73e-09	1926.59542	-315.89484	-11818.6668	-17826.7983	0.550339084	1.75391068e+13
4.74e-09	1412.12345	-1397.23317	-11747.7378	-16368.2702	0.550425838	1.7537116e+13
4.75e-09	394.001612	-1724.51249	-12506.8089	-16181.7895	0.550618504	1.75355226e+13
4.76e-09	1126.31698	-882.576061	-13428.7106	-15357.4402	0.550681054	1.75342066e+13
4.77e-09	1645.21497	223.718619	-13334.9378	-14063.7903	0.550921708	1.75331725e+13
4.78e-09	2811.87798	-728.136154	-13274.651	-12914.7518	0.551370014	1.7532653e+13
4.79e-09	3606.17077	-26.3341877	-13528.406	-12682.7965	0.551795521	1.75326779e+13
4.8e-09	3721.8196	-844.407591	-14636.328	-13616.0344	0.552175431	1.75332273e+13
4.81e-09	848.240505	405.152475	-14957.0228	-13640.1359	0.552238522	1.75339526e+13
4.82e-09	552.171229	764.154886	-16935.7026	-13216.7784	0.552208147	1.75346607e+13
4.83e-09	2314.30683	1891.33848	-17313.996	-12903.3248	0.551858861	1.75350891e+13
4.84e-09	1789.33342	744.009507	-16807.7899	-12124.4135	0.551677162	1.75351484e+13
4.85e-09	971.447541	-640.538284	-15499.3369	-12099.3534	0.551730101	1.75350986e+13
4.86e-09	356.053412	-1236.43695	-14653.082	-12929.9283	0.551975601	1.75352508e+13
4.87e-09	534.027719	571.308092	-14165.2197	-12903.3821	0.552269876	1.75356857e+13
4.88e-09	573.954584	268.534354	-14045.0615	-13144.3096	0.552691584	1.75364768e+13
4.89e-09	1261.23142	142.489476	-13886.5791	-11404.1546	0.55297424	1.75376108e+13
4.9e-09	1616.93048	2.31091066	-11541.1331	-12196.2065	0.55356594	1.75391363e+13
4.91e-09	-1931.1869	-331.941267	-14094.5572	-10705.8729	0.554075988	1.75412195e+13
4.92e-09	-1326.9123	221.659595	-13903.2739	-10342.3797	0.554652241	1.75437082e+13
4.93e-09	-767.224259	-676.593837	-13529.3135	-10223.0213	0.55524922	1.75466484e+13
4.94e-09	-1472.5589	-919.274346	-14351.9536	-13496.2091	0.555554232	1.75499439e+13
4.95e-09	-1588.3434	-2480.01586	-15402.2219	-13029.5121	0.555481742	1.75530215e+13
4.96e-09	-2258.63991	-2316.5548	-15031.9156	-13380.5653	0.555404024	1.75557227e+13
4.97e-09	-288.604603	-953.606374	-17679.0458	-11646.082	0.555236347	1.75580384e+13
4.98e-09	-728.378286	-1218.46014	-19097.8787	-11828.2092	0.554774745	1.7559783e+13
4.99e-09	1232.8206	-1355.42884	-18880.195	-11185.7878	0.554257558	1.75607479e+13
5e-09	2361.90864	-625.278825	-17644.856	-11550.2473	0.553859299	1.75610913e+13
5.01e-09	2990.06406	-1454.88255	-18215.0992	-11316.0245	0.553523142	1.75610059e+13
5.02e-09	2144.9828	-521.63156	-19706.3358	-10753.9827	0.55323644	1.75605327e+13
5.03e-09	476.576201	-282.597537	-19666.2052	-12616.9369	0.552687807	1.75596445e+13
5.04e-09	-874.677163	-236.653169	-20135.5566	-12315.2706	0.55201231	1.75581035e+13
5.05e-09	-1103.97244	1147.30155	-20351.9093	-13523.9928	0.551215357	1.75558494e+13
5.06e-09	-1348.62751	534.352318	-19137.8323	-12524.0826	0.550657179	1.75529416e+13
5.07e-09	560.672633	-91.0945198	-19348.4413	-11273.3088	0.550335545	1.75498137e+13
5.08e-09	749.588977	1976.05983	-19768.8661	-12205.6742	0.549956544	1.75466503e+13
5.09e-09	-274.274063	1786.9276	-20232.0938	-11936.0086	0.549547687	1.75432781e+13
5.1e-09	-728.012983	1937.61979	-18713.8026	-10490.0031	0.54943788	1.75398345e+13
5.11e-09	-30.5452293	2509.81619	-16551.5365	-11181.5846	0.549610609	1.75367593e+13
5.12e-09	745.560971	4532.99911	-17846.0054	-12595.7819	0.549758473	1.75342362e+13
5.13e-09	526.690484	4075.15944	-17420.2501	-12207.1847	0.54957955	1.75319011e+13
5.14e-09	-580.969942	3845.8349	-16397.7011	-12854.054	0.549623865	1.75296859e+13
5.15e-09	-234.625763	3513.94141	-15164.5163	-13859.7203	0.549584923	1.75277211e+13
5.16e-09	-1173.34157	4783.63731	-16115.1678	-12157.9671	0.549815593	1.75260068e+13
5.17e-09	-280.091341	3791.375	-15983.7882	-11983.3587	0.549968224	1.75246971e+13
5.18e-09	-52.9283445	2476.93521	-16016.5144	-12896.3661	0.550153958	1.75237174e+13
5.19e-09	-69.6268005	3655.20679	-16368.8149	-12123.7064	0.550248577	1.75229852e+13
5.2e-09	-1731.83208	766.888047	-16828.2972	-13817.5864	0.550237972	1.75224186e+13
5.21e-09	-2725.30325	-34.9200507	-15710.6841	-13289.6625	0.550171876	1.75218197e+13
5.22e-09	-1675.27426	-412.346064	-15664.6895	-12978.7581	0.550418498	1.75213766e+13
5.23e-09	204.043308	700.93853	-16641.0593	-13036.7314	0.550471213	1.75211679e+13
5.24e-09	1424.80523	-196.78377	-17445.1112	-11110.1992	0.550589537	1.75210639e+13
5.25e-09	1685.33182	939.38731	-16454.4566	-11454.3498	0.550658873	1.75210868e+13
5.26e-09	1820.29826	-450.110204	-17086.4979	-12190.5972	0.550735474	1.75212167e+13
5.27e-09	688.911635	-403.199752	-16505.1841	-12662.2328	0.55082035	1.75213981e+13
5.28e-09	212.915261	-810.902566	-16859.1893	-13506.8754	0.550855524	1.75216605e+13
5.29e-09	-21.090984	-259.297	-16842.5174	-11928.7018	0.550763212	1.75218274e+13
5.3e-09	-731.253524	-885.120546	-15850.1116	-12770.9098	0.550877158	1.7522003e+13
5.31e-09	-1412.91859	-1754.50156	-16159.9715	-15520.7759	0.550798487	1.75222411e+13
5.32e-09	96.6334909	-3590.57435	-16120.3139	-15879.3968	0.550512662	1.75222186e+13
5.33e-09	243.374823	-2832.01294	-14459.1568	-16003.1928	0.550124139	1.75217711e+13
5.34e-09	-992.416929	-1101.18545	-15869.271	-16980.0097	0.549860497	1.75210243e+13
5.35e-09	-1144.0612	-492.744598	-15238.2272	-17283.0617	0.549417579	1.75199165e+13
5.36e-09	-1524.60837	-1596.44176	-13637.7536	-16137.0799	0.549152708	1.7518451e+13
5.37e-09	-1150.83948	-2263.68704	-11744.4725	-16759.0826	0.549139057	1.75169816e+13
5.38e-09	322.886487	-906.702106	-9604.1861	-14469.8531	0.549576891	1.75158183e+13
5.39e-09	1464.84922	-1113.94777	-9681.62049	-15028.8955	0.550300343	1.75155037e+13
5.4e-09	3623.63034	-1878.74407	-12780.0064	-14315.9181	0.550824517	1.75159807e+13
5.41e-09	4299.71549	-1348.43778	-13519.417	-13276.0678	0.55114571	1.7516883e+13
5.42e-09	3296.35535	-2794.08981	-13358.2648	-14564.142	0.551458797	1.75180831e+13
5.43e-09	1810.88986	-1562.14426	-12859.9988	-15041.4892	0.551558074	1.75194331e+13
5.44e-09	2297.82455	119.24851	-13521.7419	-14422.0504	0.551794883	1.75208358e+13
5.45e-09	3539.03043	57.1272939	-14224.5761	-14552.2169	0.551906421	1.75223379e+13
5.46e-09	3703.73517	-700.645222	-14806.8824	-14052.5751	0.551888465	1.75237378e+13
5.47e-09	3076.31766	-1225.16283	-15117.3898	-13313.3438	0.55195134	1.75250274e+13
5.48e-09	3625.93154	-264.175045	-15967.5481	-14490.0972	0.551986617	1.7526269e+13
5.49e-09	3185.6945	-1045.03598	-16430.2378	-13775.3162	0.551700022	1.75272434e+13
5.5e-09	2803.50983	-2201.15926	-17896.8933	-16416.1398	0.551234048	1.75277654e+13
5.51e-09	1084.47526	-774.483902	-16255.4295	-17568.6171	0.550465733	1.7527435e+13
5.52e-09	588.007591	-1631.09329	-15557.7699	-17678.0644	0.549822923	1.75263069e+13
5.53e-09	1135.67433	-1674.31382	-15978.8772	-18252.2289	0.549270666	1.7524608e+13
5.54e-09	-496.507792	-3813.89777	-16237.6665	-18214.0839	0.548609414	1.75223731e+13
5.55e-09	937.097484	-2296.60703	-15984.6417	-19122.3734	0.547952081	1.75195563e+13
5.56e-09	442.598914	-533.356724	-14328.1236	-19989.7735	0.547455586	1.75162949e+13
5.57e-09	46.3974864	-543.588348	-14911.5015	-19136.2429	0.54700469	1.75127839e+13
5.58e-09	629.478151	-1096.98891	-12962.3249	-18029.0369	0.546880146	1.75092304e+13
5.59e-09	-81.1525947	-530.488684	-11272.5925	-16557.4876	0.547120919	1.75060539e+13
5.6e-09	123.319241	-229.324347	-12735.8201	-15182.7586	0.547594557	1.75036419e+13
5.61e-09	2479.14011	676.681573	-12504.5307	-16175.4146	0.547969166	1.75019833e+13
5.62e-09	3516.01484	1273.73817	-11856.6163	-15321.1124	0.548321802	1.75008499e+13
5.63e-09	3043.3573	-1245.594	-11619.9928	-14481.2574	0.548828134	1.75003331e+13
5.64e-09	154.886207	66.7828783	-13241.4943	-14548.4519	0.549279074	1.75004746e+13
5.65e-09	697.976432	-1456.86573	-12357.8034	-13556.2014	0.549718677	1.75010817e+13
5.66e-09	837.672068	-1625.88719	-11175.4965	-12068.7151	0.550396101	1.75022546e+13
5.67e-09	83.2908016	16.5043258	-11596.8628	-11519.8374	0.551281891	1.75042585e+13
5.68e-09	1657.84567	774.148961	-10964.3467	-10625.2749	0.552212143	1.75071195e+13
5.69e-09	1056.75339	2940.39151	-12132.0449	-10511.8137	0.553111455	1.75108232e+13
5.7e-09	1290.50367	3220.03241	-11442.1565	-10282.8661	0.553905381	1.75151634e+13
5.71e-09	1967.11729	1739.13583	-12182.762	-10864.4152	0.55466686	1.7520019e+13
5.72e-09	818.181151	350.089449	-13466.9947	-11728.8033	0.555265589	1.75252365e+13
5.73e-09	731.057238	738.520973	-13717.5613	-9168.01475	0.55568916	1.75305221e+13
5.74e-09	-1335.57614	1173.98873	-14344.9013	-10332.5924	0.556143353	1.75359053e+13
5.75e-09	317.165608	449.998823	-14042.0041	-11199.501	0.556442087	1.75411821e+13
5.76e-09	997.797143	2496.98936	-13990.4724	-12222.0327	0.556744206	1.7546344e+13
5.77e-09	2394.06036	3319.47461	-16257.7682	-13454.7841	0.556588967	1.75511764e+13
5.78e-09	442.813783	2979.52806	-17448.6371	-12963.6952	0.55600193	1.75550818e+13
5.79e-09	-1414.06842	3066.7858	-16802.8777	-12098.1158	0.555513085	1.75579454e+13
5.8e-09	-107.190813	3440.49058	-18098.5058	-11456.1946	0.555095269	1.75600451e+13
5.81e-09	1173.59008	2345.61591	-18892.054	-12855.9064	0.55454046	1.75613971e+13
5.82e-09	258.671503	1868.94743	-18853.8029	-11715.7352	0.553828071	1.75618393e+13
5.83e-09	126.77552	61.2301433	-20204.1055	-12922.1569	0.553053617	1.75614347e+13
5.84e-09	552.690015	1658.69977	-18976.4949	-11985.2418	0.552298123	1.75601069e+13
5.85e-09	1603.5893	2.20514583	-19426.2202	-11316.5119	0.55201514	1.75582849e+13
5.86e-09	3516.59199	-2164.95595	-19683.5022	-10547.4165	0.551538385	1.75562105e+13
5.87e-09	3231.72123	-1874.45344	-18446.6208	-11365.8183	0.551274255	1.75538699e+13
5.88e-09	3000.97631	-342.055808	-17681.4191	-12372.3049	0.551077008	1.75514928e+13
5.89e-09	3146.64426	247.198864	-18505.5997	-14285.6169	0.550857779	1.75491097e+13
5.9e-09	706.02208	591.491598	-19831.2509	-13009.3819	0.550363637	1.75465049e+13
5.91e-09	-70.4108562	858.217422	-20042.6779	-13765.5929	0.549805064	1.75435255e+13
5.92e-09	-17.5941215	853.851075	-18587.2042	-13492.1776	0.549274118	1.75401553e+13
5.93e-09	524.488001	407.841193	-17537.6468	-13562.137	0.548982974	1.75366315e+13
5.94e-09	-556.760191	1219.28478	-16171.6972	-12809.2398	0.549091695	1.75332913e+13
5.95e-09	-1997.95018	32.1721374	-16616.1848	-13732.7005	0.549268796	1.75304771e+13
5.96e-09	-3027.70295	-272.986057	-17321.9622	-12731.5832	0.549336772	1.75280579e+13
5.97e-09	-2281.99306	-992.555138	-17284.9957	-14153.5443	0.549156823	1.75258455e+13
5.98e-09	-2810.173	-1967.91814	-16771.7565	-12995.6693	0.549189708	1.75236776e+13
5.99e-09	-3440.13214	822.550267	-15192.5079	-10337.5258	0.549500282	1.75219001e+13
6e-09	-2739.30882	2427.92255	-18008.7812	-12362.3418	0.549813646	1.75207603e+13
6.01e-09	-2441.30221	369.274036	-17776.2516	-10917.4461	0.549669665	1.75197718e+13
6.02e-09	-3246.91543	1270.04801	-16902.7996	-12859.8545	0.549714846	1.75188313e+13
6.03e-09	-3219.69733	833.350642	-17365.4216	-14389.4136	0.549646605	1.75179846e+13
6.04e-09	-3088.2853	-258.395814	-17430.5543	-12073.4378	0.549655968	1.7517119e+13
6.05e-09	-3681.48545	129.615516	-16438.3306	-12299.503	0.549752115	1.75164164e+13
6.06e-09	-3379.12711	133.28112	-14853.5924	-13925.5607	0.549965936	1.75159666e+13
6.07e-09	-3309.45013	400.277615	-14863.0088	-14294.7935	0.550160556	1.75157996e+13
6.08e-09	-1924.7846	-374.777953	-14713.5996	-14643.5164	0.550174156	1.75157835e+13
6.09e-09	-960.103917	136.632799	-15547.5866	-14190.2829	0.550295876	1.75158378e+13
6.1e-09	-3443.26863	633.338653	-16233.6989	-14291.9616	0.550157264	1.75159038e+13
6.11e-09	-2863.85615	-1253.33882	-16468.9434	-13988.2234	0.55003347	1.75157902e+13
6.12e-09	-1779.23312	-1406.92808	-13822.4	-13673.3895	0.550154282	1.75156286e+13
6.13e-09	-915.640408	-2829.6674	-15445.8757	-14615.6089	0.550220599	1.75156971e+13
6.14e-09	-1489.85755	-1169.21951	-15324.9862	-16206.1019	0.550222636	1.75157644e+13
6.15e-09	-2329.58632	-1220.83496	-15156.9473	-14022.9184	0.550100619	1.75157371e+13
6.16e-09	-3870.04048	-1621.61079	-14184.842	-16062.067	0.550126953	1.75156832e+13
6.17e-09	-3463.6398	1173.59009	-13845.6121	-17263.1108	0.549945427	1.75155497e+13
6.18e-09	-2915.62632	1000.74949	-12363.4819	-16184.4165	0.549923007	1.75152385e+13
6.19e-09	-2445.85034	873.930523	-11304.1569	-16866.087	0.550235612	1.75151453e+13
6.2e-09	-1231.5971	3399.1602	-12735.2787	-15910.1658	0.550411122	1.75153575e+13
6.21e-09	190.615231	2368.64476	-12200.2523	-17291.1739	0.550423666	1.75156853e+13
6.22e-09	-1283.22971	1643.5868	-12171.1963	-15733.2957	0.550579208	1.75160524e+13
6.23e-09	-856.250692	1040.43897	-10610.1784	-14550.5251	0.551035403	1.75167018e+13
6.24e-09	-2756.52023	1951.56375	-9643.67085	-14773.0951	0.551668668	1.75179602e+13
6.25e-09	-1193.50831	823.846042	-8903.4766	-13572.7082	0.55232774	1.75198267e+13
6.26e-09	-1070.41048	728.429195	-9325.48765	-16761.1412	0.552815584	1.75222881e+13
6.27e-09	-1223.07347	335.330088	-12253.5172	-13761.0366	0.553190002	1.75249344e+13
6.28e-09	-1717.56458	373.353354	-13171.5976	-13661.179	0.553516084	1.75278085e+13
6.29e-09	-3017.84688	-412.534632	-14837.7328	-13985.4576	0.553583258	1.75306838e+13
6.3e-09	-3292.68973	-248.450677	-14647.4255	-14843.8526	0.553467742	1.75332339e+13
6.31e-09	-2824.38633	-781.296419	-13778.9501	-15692.1748	0.553280396	1.75353374e+13
6.32e-09	-2153.61381	-7.94314661	-13991.3438	-17781.7095	0.552983099	1.75370209e+13
6.33e-09	-1949.84424	-29.1870153	-14400.1339	-18699.4806	0.552252591	1.75379568e+13
6.34e-09	-1878.9692	339.22457	-15667.4892	-20913.223	0.551342616	1.75378847e+13
6.35e-09	-3403.6441	381.262964	-14687.8013	-20489.5646	0.550115354	1.75364683e+13
6.36e-09	-1939.81093	415.904785	-15606.2299	-20616.7808	0.549199089	1.75339424e+13
6.37e-09	962.196599	704.01646	-16424.0366	-21009.9929	0.548130242	1.75305066e+13
6.38e-09	-980.528209	189.893195	-15496.3392	-20735.0867	0.547256963	1.75262213e+13
6.39e-09	-176.030909	108.520577	-14238.2333	-18732.7726	0.546731862	1.75214495e+13
6.4e-09	-1291.74333	327.025227	-13030.8607	-17277.861	0.546804267	1.75168673e+13
6.41e-09	-994.247442	-527.91886	-12021.3949	-15497.9493	0.547119615	1.75129264e+13
6.42e-09	-1066.45022	-1516.4062	-12210.3473	-16763.5498	0.547546099	1.75098606e+13
6.43e-09	32.071573	-1819.23924	-11455.9997	-16646.6021	0.547882718	1.75074801e+13
6.44e-09	1315.74544	-1276.17074	-13305.4595	-16600.3462	0.548149608	1.75057216e+13
6.45e-09	816.795743	-673.543504	-13347.4242	-13301.3773	0.548525853	1.75044356e+13
6.46e-09	740.593395	-572.535373	-12339.9883	-9913.94447	0.549303337	1.75039339e+13
6.47e-09	227.377112	-978.027372	-13202.7319	-9244.07396	0.550265944	1.75045402e+13
6.48e-09	1029.86224	1.04314235	-12749.8609	-7442.78794	0.551326311	1.75062512e+13
6.49e-09	1285.10658	803.994131	-12894.5949	-8303.93034	0.552435674	1.75091051e+13
6.5e-09	1292.24189	623.074	-13251.4219	-9295.47281	0.553390559	1.75129164e+13
6.51e-09	492.182957	-1645.26165	-13147.8029	-10451.5371	0.554142023	1.75173772e+13
6.52e-09	609.214167	78.09451	-11322.7788	-9569.36932	0.554941205	1.75222773e+13
6.53e-09	-1015.86802	-82.7004462	-11344.4331	-9634.50984	0.555962963	1.75278097e+13
6.54e-09	531.648233	1374.65123	-12799.5002	-12216.4585	0.556620668	1.7533893e+13
6.55e-09	-431.307948	-374.740233	-14418.8378	-11206.0098	0.5570566	1.75399936e+13
6.56e-09	152.878572	-1214.95192	-16433.6389	-12171.6471	0.557080141	1.75458683e+13
6.57e-09	1192.96161	-2343.72953	-17978.8063	-11832.7714	0.556696446	1.75509848e+13
6.58e-09	335.67287	-494.013381	-17899.1032	-13141.3513	0.55596024	1.75549657e+13
6.59e-09	1264.85435	-687.491285	-18675.0108	-12465.0494	0.555201159	1.75576801e+13
6.6e-09	1983.24728	-246.638044	-17632.4307	-11351.8251	0.554719009	1.75593581e+13
6.61e-09	1294.07933	-1032.20555	-19255.014	-10095.7567	0.554438623	1.75604585e+13
6.62e-09	1288.47342	-579.120687	-19421.4712	-8987.78209	0.553969359	1.75610158e+13
6.63e-09	829.705767	-3079.05133	-21223.5044	-9596.76541	0.553392564	1.75609726e+13
6.64e-09	1143.77506	-2032.80736	-21017.1368	-10636.7521	0.552711325	1.75601464e+13
6.65e-09	-449.71367	277.140165	-22127.0409	-11862.9287	0.551853343	1.75585047e+13
6.66e-09	-1416.42972	-782.538229	-21971.6975	-10930.345	0.551057578	1.75560109e+13
6.67e-09	227.26817	-1310.53745	-19712.5046	-10833.3132	0.550420778	1.75528811e+13
6.68e-09	766.568826	-1994.84208	-19741.492	-11380.9219	0.550003912	1.75494589e+13
6.69e-09	-1407.39739	-881.99036	-20123.9981	-10062.4124	0.549778285	1.75459285e+13
6.7e-09	-1225.43074	-798.774664	-21021.1617	-8951.79419	0.54961211	1.75425324e+13
6.71e-09	-864.036954	-1059.1481	-20257.8319	-11531.4633	0.549228259	1.75391602e+13
6.72e-09	-805.424281	333.106177	-19745.1306	-11936.5588	0.54876713	1.75355879e+13
6.73e-09	-1298.36898	-713.188133	-17338.8953	-13276.884	0.548602856	1.75319545e+13
6.74e-09	-505.509233	-251.510924	-15898.8405	-11775.7661	0.548817602	1.75286547e+13
6.75e-09	-1096.1617	-1666.78898	-16335.1191	-11371.6041	0.549139193	1.75260096e+13
6.76e-09	-1956.73951	-2183.26318	-16978.881	-13039.2957	0.549319912	1.75239422e+13
6.77e-09	-1911.0076	-2411.72292	-17564.5994	-13092.2458	0.549160616	1.75220992e+13
6.78e-09	1409.71923	-756.506639	-17150.5707	-13081.6529	0.549127818	1.75202691e+13
6.79e-09	1573.48951	-4068.27879	-17608.2848	-12857.1708	0.549156371	1.7518629e+13
6.8e-09	1303.58568	-3824.08814	-17700.8352	-12589.2341	0.549116422	1.7517136e+13
6.81e-09	2844.96078	-2038.40979	-16574.3351	-11577.3139	0.549175255	1.75157488e+13
6.82e-09	849.896357	-122.227101	-16390.5854	-11586.7255	0.549464817	1.75147116e+13
6.83e-09	1047.08767	163.892934	-17782.6757	-11647.6865	0.549623941	1.75140849e+13
6.84e-09	-931.021986	-2578.54793	-18308.4347	-13032.6366	0.549516242	1.75135454e+13
6.85e-09	-741.72324	-1521.67312	-16932.0127	-12397.482	0.549485708	1.75129325e+13
6.86e-09	-552.836504	-804.79297	-16603.133	-12631.5366	0.549550791	1.75124134e+13
6.87e-09	-52.4919606	108.535499	-17430.6296	-12258.0385	0.549616607	1.75120218e+13
6.88e-09	-354.219213	89.7431984	-19025.4287	-13228.4514	0.549478666	1.75116996e+13
6.89e-09	-1266.40869	334.493482	-17735.081	-13309.2576	0.549153664	1.75110622e+13
6.9e-09	-2275.8856	-957.15424	-16412.7341	-13844.8282	0.549049339	1.75102215e+13
6.91e-09	-703.975491	-261.791344	-15851.3819	-13659.151	0.549202193	1.75094802e+13
6.92e-09	772.52198	-1129.00056	-15092.257	-14608.7492	0.549218597	1.75089406e+13
6.93e-09	-1119.78471	-1536.24847	-16046.0177	-14554.0594	0.549349705	1.7508532e+13
6.94e-09	-326.935574	-1512.26867	-15822.4244	-13853.3752	0.549366246	1.75082544e+13
6.95e-09	-61.3311613	-119.679839	-16921.2229	-13084.7114	0.549442298	1.75080515e+13
6.96e-09	578.902319	-1027.45718	-17383.674	-12674.1385	0.549522167	1.75079455e+13
6.97e-09	-251.128918	-285.17724	-15847.8536	-12954.9463	0.549636359	1.75079587e+13
6.98e-09	950.954145	-20.5936626	-15764.1095	-13389.3615	0.549694596	1.75081079e+13
6.99e-09	1632.61636	595.515491	-16542.187	-13429.0371	0.549918317	1.75083778e+13
7e-09	987.29859	68.1169677	-16241.5634	-14385.8295	0.549948074	1.75087837e+13
7.01e-09	-99.1478193	693.517887	-15500.7508	-13937.0285	0.549910693	1.75091193e+13
7.02e-09	2407.33197	709.354486	-13963.4433	-13585.8285	0.550042998	1.75094653e+13
7.03e-09	2936.30915	535.264185	-12512.6289	-13202.6673	0.550490208	1.75100973e+13
7.04e-09	2505.94171	-1627.11043	-10715.7062	-13563.2454	0.551146431	1.75113396e+13
7.05e-09	1767.28299	-2854.83495	-9917.91835	-14245.8017	0.551833264	1.75132605e+13
7.06e-09	2233.99323	-1024.23031	-8948.21228	-15443.0394	0.552515584	1.75157977e+13
7.07e-09	2847.10133	-2805.65908	-9253.14955	-16252.7132	0.552806315	1.75187298e+13
7.08e-09	3661.77303	-1466.46215	-8587.47618	-16818.1649	0.553089911	1.75217035e+13
7.09e-09	2728.63831	-2657.0592	-8289.59263	-15830.8775	0.553500664	1.75247504e+13
7.1e-09	3175.84893	-3422.09841	-8843.03177	-15098.5288	0.553932175	1.75280427e+13
7.11e-09	1331.19957	-2452.44684	-8687.17487	-16466.3425	0.554278831	1.75315014e+13
7.12e-09	1167.35841	-1881.26057	-9731.81708	-16212.2301	0.554546701	1.7534989e+13
7.13e-09	-127.979646	-1893.57548	-9014.56787	-16976.9889	0.554772733	1.75384423e+13
7.14e-09	-253.79206	-2452.84124	-11547.4195	-17117.3372	0.55470871	1.75417195e+13
7.15e-09	474.457016	-1289.31281	-12569.6245	-15285.0755	0.554553088	1.75444985e+13
7.16e-09	1823.76546	-778.999431	-11453.9469	-13961.3608	0.554724708	1.75470045e+13
7.17e-09	413.761063	-1382.18091	-11373.0713	-15337.8887	0.554979871	1.7549574e+13
7.18e-09	-302.876761	-843.197645	-12108.3676	-16564.8424	0.555054148	1.75521221e+13
7.19e-09	1633.05596	-856.646076	-13600.4044	-17725.1313	0.554686769	1.75543021e+13
7.2e-09	939.534172	978.76735	-15319.3918	-18207.8445	0.55393791	1.75556147e+13
7.21e-09	1107.07794	872.32275	-14854.0633	-17198.3606	0.553268029	1.75558832e+13
7.22e-09	1580.22511	-1101.7765	-15833.3723	-17943.7759	0.55259192	1.75554148e+13
7.23e-09	2282.60218	-389.450529	-15028.9826	-18819.5311	0.551808414	1.75540877e+13
7.24e-09	2152.41862	337.44755	-16254.3504	-19689.2227	0.550753407	1.75518559e+13
7.25e-09	1478.79422	84.6784219	-14742.7031	-18848.9142	0.549860262	1.75486032e+13
7.26e-09	784.161706	704.296873	-13744.5449	-17017.1812	0.549362945	1.75448274e+13
7.27e-09	647.509592	-1007.01821	-12951.8279	-14357.5901	0.549607291	1.75412233e+13
7.28e-09	1373.65015	-1442.22473	-14046.3024	-14175.3497	0.55000606	1.75383932e+13
7.29e-09	1537.9601	-374.67677	-14099.2628	-12583.143	0.550319781	1.75362076e+13
7.3e-09	2152.08038	-1543.25537	-13691.8004	-10192.2716	0.550900996	1.75347316e+13
7.31e-09	977.510453	-1393.27647	-13685.0819	-8313.72183	0.551745889	1.75342366e+13
7.32e-09	80.1937491	-374.502414	-16686.5457	-8186.84928	0.552420326	1.75347703e+13
7.33e-09	-132.757741	217.160251	-16949.2553	-9147.64217	0.552656872	1.75357681e+13
7.34e-09	-1345.05206	990.529074	-16569.5923	-8445.49988	0.552934421	1.75369333e+13
7.35e-09	-2166.83309	2173.81731	-16451.3619	-9441.71055	0.553364016	1.75384113e+13
7.36e-09	-2696.40916	883.597767	-16010.6176	-10334.3224	0.553574378	1.7540147e+13
7.37e-09	-1974.40446	1358.55749	-17361.7063	-10657.0669	0.553577997	1.75418853e+13
7.38e-09	-763.431336	1424.03763	-18036.6572	-9508.11329	0.553652662	1.7543468e+13
7.39e-09	-680.657326	1810.76326	-18668.8779	-10123.5224	0.553498554	1.75448907e+13
7.4e-09	-303.432779	2068.44382	-19477.1293	-9419.36311	0.553249234	1.75459369e+13
7.41e-09	-588.616755	1669.79098	-18992.7256	-8155.35154	0.55299075	1.75465603e+13
7.42e-09	1076.16796	1083.3456	-20435.7671	-8897.54983	0.552793477	1.75469061e+13
7.43e-09	1444.27117	372.512858	-20059.2565	-9442.22159	0.552487148	1.75468996e+13
7.44e-09	-457.813713	1226.20465	-21114.8359	-10019.8384	0.551951385	1.75464492e+13
7.45e-09	82.4732773	362.60467	-21284.8231	-7932.7278	0.551489737	1.75453587e+13
7.46e-09	465.608864	-461.858856	-22908.8398	-9385.83944	0.550856269	1.75438197e+13
7.47e-09	365.864741	1923.22723	-20930.9989	-11689.0217	0.550150893	1.75415833e+13
7.48e-09	-1086.1383	425.84311	-21576.2838	-10726.046	0.549547573	1.75387895e+13
7.49e-09	171.666991	624.235169	-19603.4764	-11114.283	0.549229446	1.75356615e+13
7.5e-09	-623.497325	-405.670518	-20434.1695	-9807.06616	0.549042944	1.75325971e+13
7.51e-09	967.915153	-1407.9082	-18785.8754	-8031.06626	0.548966763	1.75295872e+13
7.52e-09	1018.18136	-2094.24069	-18782.4056	-8413.16743	0.54922247	1.75270043e+13
7.53e-09	1.31565913	-2432.59535	-19761.7883	-9759.13114	0.549253187	1.75248688e+13
7.54e-09	980.190296	-1247.19719	-18074.2392	-9075.21118	0.549434483	1.75229842e+13
7.55e-09	635.113077	-2352.0951	-18125.0545	-8954.82874	0.549750716	1.75216027e+13
7.56e-09	1298.23283	-2724.60033	-18310.8669	-8603.57231	0.5499082	1.75206315e+13
7.57e-09	1858.36367	-2191.44477	-18135.4141	-10088.7669	0.550160185	1.75200054e+13
7.58e-09	236.809163	-2580.06951	-19557.7957	-10324.7492	0.550143427	1.7519597e+13
7.59e-09	734.896	-3150.12738	-18622.9744	-9945.49777	0.549980128	1.75190803e+13
7.6e-09	2780.58852	-2577.32609	-18318.0658	-10961.861	0.549806213	1.75184399e+13
7.61e-09	2989.80574	-1722.14413	-17817.6569	-11030.0091	0.549773291	1.75177094e+13
7.62e-09	2479.88504	-1867.14368	-16104.986	-11211.0583	0.549875437	1.7517074e+13
7.63e-09	995.400221	-1733.21829	-16110.2044	-10919.6645	0.550212171	1.75167725e+13
7.64e-09	-227.450098	-2050.42249	-15856.092	-10185.1239	0.550511805	1.75168758e+13
7.65e-09	479.316205	-1684.77065	-17279.8438	-11234.4419	0.550702525	1.7517304e+13
7.66e-09	1303.82039	-1425.17249	-17217.5721	-11719.9608	0.550844931	1.75178526e+13
7.67e-09	-744.895125	-1438.81354	-17523.6731	-11494.6957	0.550875704	1.75184489e+13
7.68e-09	-1364.95744	-663.636327	-16846.0103	-11974.773	0.550997815	1.75190798e+13
7.69e-09	-631.364381	571.08088	-16788.1979	-13842.966	0.551022919	1.75197657e+13
7.7e-09	-1445.5545	-32.8751701	-17516.6507	-12688.8049	0.55080629	1.75202749e+13
7.71e-09	-1261.62267	868.423705	-16645.118	-13473.9286	0.550583064	1.75204728e+13
7.72e-09	-76.854908	741.109135	-17292.3851	-13758.2126	0.55033873	1.75203915e+13
7.73e-09	1757.79933	-251.808803	-18088.5035	-14783.8506	0.54998964	1.75199813e+13
7.74e-09	1696.76455	-483.097145	-17143.7717	-15408.7784	0.549626786	1.7519167e+13
7.75e-09	-437.480386	1350.68486	-15842.8144	-16099.5181	0.54911845	1.75179138e+13
7.76e-09	-323.042059	2665.44802	-16350.7969	-14970.559	0.548955389	1.75163717e+13
7.77e-09	-897.854237	4274.19321	-16999.803	-12851.6039	0.548911163	1.7514837e+13
7.78e-09	329.473026	3164.40343	-14806.7807	-14098.3007	0.548980934	1.75134448e+13
7.79e-09	1376.34898	1811.6636	-14565.7003	-14604.6734	0.54917404	1.75123676e+13
7.8e-09	889.316613	1694.73409	-12580.6839	-12823.5762	0.549692101	1.75117185e+13
7.81e-09	-66.5954313	1708.5447	-13612.1833	-14982.7863	0.550131185	1.75118045e+13
7.82e-09	1032.4869	956.860617	-12686.9027	-15386.4998	0.550430836	1.75122694e+13
7.83e-09	-391.667094	644.847692	-13112.3714	-16289.7219	0.550525935	1.75129838e+13
7.84e-09	-8.04326417	-1721.46293	-13502.3397	-15947.6649	0.550608218	1.75137045e+13
7.85e-09	1022.48351	-1952.97217	-13351.9078	-15087.1653	0.550739954	1.75144568e+13
7.86e-09	393.134159	-3163.4595	-13383.449	-14421.6715	0.550936961	1.75153335e+13
7.87e-09	1109.11421	-1435.29612	-12596.2872	-14707.5748	0.551157459	1.75163763e+13
7.88e-09	1252.1366	-743.430967	-10545.8782	-15793.0482	0.551403481	1.75175878e+13
7.89e-09	1504.46424	-515.77299	-11728.3159	-16787.4037	0.551599458	1.75189889e+13
7.9e-09	218.399872	-608.791979	-11952.866	-16716.81	0.551702606	1.75204297e+13
7.91e-09	-1384.8557	105.800293	-11857.0734	-16961.618	0.551721934	1.75217838e+13
7.92e-09	-1331.47582	499.085823	-9420.25468	-17137.6586	0.55190143	1.75230982e+13
7.93e-09	-274.398061	111.742454	-9126.73557	-16154.2742	0.552094702	1.75245276e+13
7.94e-09	46.9039082	25.0972256	-9285.39462	-16880.4936	0.552476959	1.75261587e+13
7.95e-09	9.57856676	441.696568	-8744.49454	-15995.7156	0.552898754	1.75280854e+13
7.96e-09	-322.573974	-1583.38078	-10278.5844	-15554.4271	0.553275207	1.7530325e+13
7.97e-09	-332.08908	-324.858341	-9722.15639	-15009.8014	0.553770093	1.75328539e+13
7.98e-09	-940.09833	533.712047	-9031.53499	-14741.2589	0.554361658	1.75357764e+13
7.99e-09	-1256.59049	1361.27673	-9443.57867	-13389.3059	0.554994045	1.75391373e+13
8e-09	-1169.81662	2653.52455	-11931.5656	-14668.5511	0.555405018	1.75428807e+13
8.01e-09	-1210.95494	922.843558	-12585.9604	-13659.8696	0.555628949	1.75465942e+13
8.02e-09	-1387.58305	777.18272	-14333.2459	-14178.4664	0.555720624	1.75501908e+13
8.03e-09	-1762.21811	903.587404	-16247.8827	-15246.3687	0.555142969	1.75532265e+13
8.04e-09	-2087.02364	1287.46281	-16563.7134	-16211.7522	0.554461705	1.7555217e+13
8.05e-09	-644.799535	2306.51446	-15638.3492	-17396.0711	0.553782049	1.75561825e+13
8.06e-09	-1357.17454	1604.88912	-15676.2065	-17322.8034	0.553112441	1.75562614e+13
8.07e-09	-1041.07641	279.650887	-15454.297	-17220.9686	0.552463836	1.75555558e+13
8.08e-09	-1060.64688	1283.76945	-15729.0354	-18596.6715	0.551866711	1.75542024e+13
8.09e-09	-1034.68694	-28.5660779	-14964.2763	-18667.5088	0.551082531	1.7552128e+13
8.1e-09	-1884.56368	-516.533296	-13780.1639	-19099.4975	0.550519009	1.75494614e+13
8.11e-09	-2017.43917	213.243716	-14438.5495	-19145.4089	0.549881365	1.75463248e+13
8.12e-09	-2530.19592	-361.897414	-15804.9577	-17340.8017	0.549163291	1.75426875e+13
8.13e-09	-440.909587	235.204227	-15687.8864	-15561.9461	0.548894969	1.75387862e+13
8.14e-09	196.076733	298.11199	-16031.0426	-15492.7196	0.548758061	1.75350383e+13
8.15e-09	408.061594	415.38512	-15681.234	-13738.7993	0.548872364	1.75316058e+13
8.16e-09	1074.01432	208.214198	-14673.2734	-12614.6971	0.549091107	1.75286837e+13
8.17e-09	544.088586	-711.016071	-15322.1209	-13220.3417	0.549502974	1.75264204e+13
8.18e-09	428.750866	-1959.59267	-15686.2766	-13336.5448	0.54978771	1.75247931e+13
8.19e-09	2323.70036	-1284.6169	-16789.0061	-11641.1684	0.549964187	1.75235776e+13
8.2e-09	1483.37318	209.122515	-18724.5711	-9966.61975	0.550125706	1.75226861e+13
8.21e-09	-1417.15206	496.282901	-18496.9828	-8763.3505	0.550283379	1.7522031e+13
8.22e-09	-690.534046	2773.57757	-19902.858	-10183.6629	0.550189331	1.75215754e+13
8.23e-09	-531.649501	1990.04254	-18826.0837	-9147.83208	0.550111589	1.75209607e+13
8.24e-09	-1568.20464	1020.6824	-18318.305	-8425.07278	0.550168635	1.75204143e+13
8.25e-09	831.232052	451.938177	-18587.7271	-8269.77978	0.550351032	1.75200728e+13
8.26e-09	926.202852	1105.29401	-18900.1629	-9832.63576	0.550381401	1.75199133e+13
8.27e-09	-1349.3816	1104.90358	-19281.9101	-9420.71615	0.550269387	1.75197048e+13
8.28e-09	110.186597	450.961881	-20215.5754	-8991.72494	0.550148359	1.75193833e+13
8.29e-09	-2158.36647	-1051.61567	-20030.2731	-10132.8901	0.549921082	1.75188867e+13
8.3e-09	-1790.69737	-3067.83509	-19838.4136	-10147.1121	0.549670448	1.75181651e+13
8.31e-09	-922.076155	-866.00972	-19160.395	-8790.99795	0.549636496	1.75172925e+13
8.32e-09	101.630063	-1805.8273	-19563.5245	-9202.01277	0.54962804	1.75165233e+13
8.33e-09	974.210628	-1125.79431	-20669.8561	-8141.40834	0.5495725	1.7515773e+13
8.34e-09	-235.343752	-1898.69082	-20157.5599	-8154.32384	0.54939614	1.75149484e+13
8.35e-09	-932.258805	-451.486034	-19966.0304	-8295.07837	0.549355675	1.7514067e+13
8.36e-09	-352.79775	-403.360989	-17909.7854	-7895.41139	0.549545773	1.75133254e+13
8.37e-09	888.887458	-10.974276	-18645.7688	-8690.9803	0.549764439	1.75129491e+13
8.38e-09	511.211063	70.0969748	-15696.3018	-7960.09024	0.550155303	1.75128879e+13
8.39e-09	-1594.12416	-133.20495	-16428.1413	-7916.49398	0.550640888	1.75134173e+13
8.4e-09	13.4861164	-534.823134	-15589.8205	-8491.70019	0.551228795	1.7514495e+13
8.41e-09	-1061.9558	-1137.14249	-15199.594	-9019.77749	0.55181206	1.75161672e+13
8.42e-09	-1462.52591	-1254.70661	-15841.2478	-10699.6552	0.552258048	1.75183247e+13
8.43e-09	-2982.32449	-568.152534	-15210.1358	-11802.0713	0.552584261	1.75207135e+13
8.44e-09	-3611.36351	-1378.91186	-15339.6185	-11600.3502	0.552757684	1.75231796e+13
8.45e-09	-4109.5565	-1956.19617	-16197.1274	-10722.5674	0.552869066	1.75255534e+13
8.46e-09	-3220.97439	-1506.14531	-15771.8703	-11033.4727	0.553009724	1.75278624e+13
8.47e-09	-2608.17818	-943.587199	-16168.4968	-12327.6363	0.553158287	1.75301637e+13
8.48e-09	-3208.66039	-2196.40882	-16543.2536	-13644.7022	0.552918897	1.7532227e+13
8.49e-09	-1599.44333	-2481.33457	-14226.588	-13452.7197	0.552822785	1.75337747e+13
8.5e-09	-1064.08108	-2363.62809	-14706.8454	-15511.0866	0.552860787	1.75352363e+13
8.51e-09	-2059.3462	-2462.52222	-14754.7702	-14619.6807	0.552745017	1.7536494e+13
8.52e-09	-1305.40403	-1661.36274	-14920.2424	-15581.0644	0.552377752	1.75373657e+13
8.53e-09	-474.964724	-1784.64188	-14420.3376	-14357.7666	0.552082319	1.75377451e+13
8.54e-09	175.827559	-686.660738	-16968.0495	-14147.4791	0.551879115	1.75378332e+13
8.55e-09	-856.550004	380.274679	-18378.7607	-14437.3691	0.551356004	1.75375159e+13
8.56e-09	-1636.93199	1253.07791	-16126.196	-15497.1892	0.550821168	1.75365549e+13
8.57e-09	-1350.07565	2847.05828	-16839.0013	-15224.1633	0.550497155	1.75351894e+13
8.58e-09	-620.005146	2724.13913	-17005.5542	-14680.0665	0.550115073	1.75335222e+13
8.59e-09	-1330.69925	3290.94138	-16019.671	-13809.4619	0.549877052	1.75316205e+13
8.6e-09	302.046715	1627.9061	-15491.07	-13930.2728	0.54992762	1.75298021e+13
8.61e-09	943.066709	1504.80284	-14742.6601	-15147.6223	0.549971343	1.75282177e+13
8.62e-09	226.397227	614.789802	-14217.1491	-16512.9081	0.54988171	1.75267659e+13
8.63e-09	935.425114	-281.148605	-14161.3375	-16564.1439	0.549894767	1.7525365e+13
8.64e-09	2324.98051	211.293642	-15253.1714	-15040.0265	0.54979538	1.75240786e+13
8.65e-09	3219.74669	117.785301	-12533.0074	-14100.0702	0.549957194	1.75228853e+13
8.66e-09	1522.26302	414.826039	-12759.0388	-13590.485	0.550307804	1.75221452e+13
8.67e-09	3208.56109	1640.24575	-12053.3298	-14546.6225	0.550720463	1.75219108e+13
8.68e-09	3960.20098	2326.00946	-12402.8539	-13150.6638	0.551147391	1.75221845e+13
8.69e-09	3114.86422	2215.41748	-11372.979	-13451.467	0.551592557	1.75229605e+13
8.7e-09	2249.2063	2925.6961	-10608.1671	-11347.8942	0.552336493	1.75243199e+13
8.71e-09	2368.0377	3783.4291	-10810.9936	-11435.4807	0.553182721	1.75265247e+13
8.72e-09	1202.6905	3181.67752	-10839.0735	-12229.2879	0.553887049	1.75294467e+13
8.73e-09	1891.99752	1302.0684	-11267.1484	-12038.8403	0.554571916	1.75328696e+13
8.74e-09	1248.9916	2449.6611	-10035.1053	-12379.9795	0.555330353	1.75368308e+13
8.75e-09	728.717422	2008.82327	-9250.5363	-13011.917	0.556058618	1.75412984e+13
8.76e-09	954.876019	2400.5411	-6671.47726	-14895.0715	0.556725403	1.75461913e+13
8.77e-09	-897.168768	1519.6533	-6174.49022	-15623.9925	0.55715325	1.75512832e+13
8.78e-09	61.6685889	3014.19658	-5897.20002	-14795.6602	0.557576341	1.75563706e+13
8.79e-09	-398.893438	3333.57613	-5568.07818	-16557.1758	0.558013493	1.75615254e+13
8.8e-09	-279.265841	1436.06428	-6075.54093	-16166.2114	0.558319089	1.7566608e+13
8.81e-09	381.530488	1531.46169	-6619.22591	-16842.134	0.558497181	1.75715371e+13
8.82e-09	861.810376	2345.7361	-6974.1337	-16262.9209	0.558631986	1.7576163e+13
8.83e-09	1694.53663	2223.73135	-9426.68023	-17196.4074	0.558730468	1.7580526e+13
8.84e-09	1265.17991	1497.59062	-10153.3802	-16855.6316	0.558498267	1.75843974e+13
8.85e-09	48.2846965	2396.61119	-11174.3917	-17240.2648	0.55815219	1.7587577e+13
8.86e-09	-138.568872	8.3640554	-12921.3207	-16740.7246	0.557784028	1.75900457e+13
8.87e-09	81.9346494	-866.086885	-13786.2103	-17475.0528	0.557022435	1.75916692e+13
8.88e-09	1292.79957	-1604.16313	-14729.2684	-18503.0797	0.555940798	1.75920634e+13
8.89e-09	830.729876	251.773004	-15503.9172	-19047.7202	0.554809818	1.75910789e+13
8.9e-09	1254.46745	409.802005	-14049.9426	-18283.4685	0.553977465	1.75889982e+13
8.91e-09	112.572463	-804.185077	-13914.9736	-18418.6985	0.553307211	1.75862422e+13
8.92e-09	-816.227651	-2042.53676	-12422.6577	-19184.9619	0.552792334	1.75830108e+13
8.93e-09	-41.711571	-1311.78814	-13016.7561	-18398.7637	0.552249369	1.75794728e+13
8.94e-09	-650.441469	-3243.42416	-13324.9625	-18629.2419	0.551749935	1.75756603e+13
8.95e-09	-554.13352	-1914.38016	-12953.3622	-16384.4299	0.551501112	1.75716741e+13
8.96e-09	571.833173	-1662.29753	-14035.2653	-15061.716	0.551448013	1.75679261e+13
8.97e-09	-732.819312	-636.55282	-13340.9396	-14218.4456	0.551641441	1.75646061e+13
8.98e-09	984.811308	875.166367	-13673.5724	-13810.5094	0.552048043	1.75619531e+13
8.99e-09	1232.30445	-1350.73165	-14475.5243	-12673.7574	0.552292729	1.75599467e+13
9e-09	2054.46806	-822.587326	-14034.6385	-12371.5213	0.552559081	1.75584057e+13
9.01e-09	813.811239	-2034.88645	-14918.016	-13191.3897	0.552763757	1.75573467e+13
9.02e-09	274.154195	-839.391551	-16352.5483	-14606.2888	0.55257733	1.75564309e+13
9.03e-09	-156.473437	-1620.28838	-16653.6083	-12830.7193	0.552478595	1.75553484e+13
9.04e-09	-1514.27262	-915.238648	-19198.277	-12921.9725	0.552167894	1.75542139e+13
9.05e-09	-699.023734	-1241.8034	-20884.9675	-10535.0011	0.551566863	1.75526056e+13
9.06e-09	-965.753792	1203.08279	-20612.0435	-10519.7106	0.551031441	1.75504897e+13
9.07e-09	-1457.70692	2336.78367	-22339.9387	-10768.3225	0.550387113	1.75479233e+13
9.08e-09	-2206.40638	2053.93363	-21642.8359	-11113.1046	0.549576652	1.75446999e+13
9.09e-09	-3894.61156	2101.69815	-20975.1085	-10692.4337	0.548921395	1.75408826e+13
9.1e-09	-1690.35599	1795.89068	-21143.2259	-11336.3799	0.548400046	1.75367485e+13
9.11e-09	-3176.46851	2014.15323	-21480.1325	-10273.4788	0.547889755	1.75323895e+13
9.12e-09	-3040.71037	2456.69697	-19594.962	-9346.6837	0.54773412	1.75280047e+13
9.13e-09	-1278.26646	-1213.63042	-18598.488	-11053.1961	0.547772682	1.75240088e+13
9.14e-09	727.86081	-1896.48605	-16653.8788	-10919.047	0.548038354	1.7520512e+13
9.15e-09	1334.31341	-1605.80771	-17095.2203	-9520.00472	0.548412513	1.75177586e+13
9.16e-09	1108.05135	-815.843354	-16149.3292	-9219.76225	0.548954869	1.75157871e+13
9.17e-09	1032.81429	-2380.55083	-16268.6397	-8370.74979	0.549557376	1.75146764e+13
9.18e-09	473.817908	-1704.11333	-17172.9767	-8492.73652	0.550026991	1.75143322e+13
9.19e-09	-600.897354	-2465.64839	-16040.817	-8344.64962	0.550532105	1.75145495e+13
9.2e-09	708.095309	-1441.76012	-17695.0008	-7853.69124	0.550980079	1.75153574e+13
9.21e-09	88.22069	-1894.82661	-16041.5066	-9876.42007	0.551280818	1.75164902e+13
9.22e-09	1157.14971	-1344.92055	-15881.6281	-8924.29591	0.551704066	1.75179311e+13
9.23e-09	3296.2233	-1267.70856	-16150.3565	-9743.94832	0.552110473	1.75197721e+13
9.24e-09	2254.58296	-772.528904	-16118.6656	-11884.4597	0.552346216	1.75218142e+13
9.25e-09	2295.44736	-452.952486	-15649.1065	-10812.3967	0.552541254	1.75238732e+13
9.26e-09	422.861702	312.397948	-15363.0991	-10880.2865	0.552754766	1.75260074e+13
9.27e-09	714.771545	-1028.40994	-15549.3994	-11737.2203	0.55300358	1.7528227e+13
9.28e-09	-765.024934	178.931985	-17246.1368	-13142.2144	0.552971907	1.75304174e+13
9.29e-09	-484.937015	543.648317	-18667.3277	-11348.1536	0.552632058	1.75321385e+13
9.3e-09	98.2675314	-712.667373	-18142.8963	-11101.3143	0.552460168	1.75333743e+13
9.31e-09	-2353.79274	-916.122764	-16208.4396	-10520.3816	0.552516418	1.75343808e+13
9.32e-09	-1968.73937	412.451377	-15474.4979	-11040.6875	0.552842905	1.75355472e+13
9.33e-09	-1129.40668	-182.666055	-15595.1223	-11219.6622	0.553021752	1.75369093e+13
9.34e-09	659.346337	-748.84734	-15128.6513	-12304.7209	0.553193685	1.75383919e+13
9.35e-09	1171.63315	1521.21832	-16112.4318	-12556.4316	0.553213552	1.75398403e+13
9.36e-09	-638.324821	-278.691825	-14870.6867	-14884.6034	0.553081226	1.75410812e+13
9.37e-09	-326.110575	-641.316496	-15710.3579	-16805.1238	0.552706219	1.75419506e+13
9.38e-09	-1766.30267	337.172269	-15284.8962	-16322.6453	0.552126135	1.75421176e+13
9.39e-09	-3847.35647	2274.24055	-15910.1945	-16461.3333	0.551681752	1.75417128e+13
9.4e-09	-3433.78529	1729.70934	-16061.446	-16549.5035	0.551243597	1.75408027e+13
9.41e-09	-2285.89102	2143.25889	-15975.9912	-14362.4843	0.550929397	1.75394822e+13
9.42e-09	-1187.30926	1855.8928	-14029.9924	-16206.7714	0.550840275	1.75380802e+13
9.43e-09	-318.26322	1661.13341	-14557.7597	-17813.2377	0.550456324	1.7536601e+13
9.44e-09	442.774278	-280.510418	-14890.3457	-15913.6644	0.550331139	1.75348485e+13
9.45e-09	169.735244	-227.439689	-14134.3361	-15705.4312	0.550338603	1.75332194e+13
9.46e-09	298.964458	-551.77813	-14500.6578	-16019.6308	0.550441395	1.75318208e+13
9.47e-09	1384.53617	436.835514	-13198.8353	-16086.9234	0.55047323	1.75306299e+13
9.48e-09	1860.29715	1718.77945	-12839.8565	-16432.129	0.550547994	1.75296236e+13
9.49e-09	694.162746	1936.24955	-14976.9074	-13559.2243	0.55061795	1.75287807e+13
9.5e-09	618.751424	947.545716	-15246.6366	-11999.3704	0.550874538	1.75282095e+13
9.51e-09	1878.00799	804.082365	-13935.1832	-12479.3915	0.551361621	1.75281304e+13
9.52e-09	2154.23851	1585.00086	-14621.8015	-11258.3339	0.551807464	1.75285973e+13
9.53e-09	1568.94162	1492.31688	-15076.1234	-9104.40745	0.55227419	1.75295349e+13
9.54e-09	-396.11786	2346.96643	-14346.5312	-9713.50085	0.552879154	1.75310202e+13
9.55e-09	337.88654	1561.33376	-13931.3503	-10464.2732	0.553518395	1.75331055e+13
9.56e-09	454.896451	149.831688	-12788.1991	-12197.2363	0.554074256	1.75357235e+13
9.57e-09	1066.93864	418.090304	-11389.0208	-14196.5607	0.554513406	1.75386739e+13
9.58e-09	1565.4526	-128.649703	-10691.4379	-15391.2494	0.55486578	1.75418197e+13
9.59e-09	411.292916	769.958978	-10547.0028	-16088.9723	0.555051725	1.754499e+13
9.6e-09	-369.129651	1396.50599	-8250.3852	-16194.9664	0.55523786	1.75480752e+13
9.61e-09	33.6112379	2238.1891	-8299.47205	-17947.2788	0.555274755	1.75510668e+13
9.62e-09	-1157.25379	900.659718	-8528.47647	-18236.3006	0.555040615	1.75536406e+13
9.63e-09	886.231289	-430.673859	-10277.2842	-19341.6818	0.554834597	1.75557232e+13
9.64e-09	497.138386	-988.124351	-9353.56055	-18182.0664	0.554493808	1.75572299e+13
9.65e-09	1218.86623	372.993056	-10472.4234	-17374.6444	0.554542708	1.75584467e+13
9.66e-09	1121.14124	102.472469	-10663.098	-18089.2587	0.554304651	1.75594741e+13
9.67e-09	298.508601	84.3704681	-11376.4007	-17464.0851	0.55409102	1.75600941e+13
9.68e-09	-1277.77312	-81.7523465	-11236.6958	-19997.0116	0.553707813	1.75603848e+13
9.69e-09	-946.093603	879.726614	-12671.562	-20500.5823	0.552803962	1.75598889e+13
9.7e-09	-1458.27046	2420.2678	-12382.7375	-20138.6556	0.552027033	1.75583701e+13
9.71e-09	-122.658186	1600.24418	-11555.5143	-20975.2585	0.551280554	1.7556128e+13
9.72e-09	477.336056	-560.963183	-12981.8264	-20967.3655	0.550597304	1.75532692e+13
9.73e-09	2382.26275	3.06351385	-11665.3755	-20846.0543	0.549891932	1.75498091e+13
9.74e-09	3250.99591	700.323632	-11792.1484	-20260.5922	0.549455378	1.75460314e+13
9.75e-09	3078.90852	-541.81754	-12958.5572	-19541.198	0.548882929	1.75420248e+13
9.76e-09	2702.25002	-179.439641	-10949.0506	-19304.6552	0.548441765	1.75377851e+13
9.77e-09	2621.0087	-1989.70739	-12593.7419	-16920.5965	0.548419117	1.75336424e+13
9.78e-09	1484.04106	-2314.98602	-12790.7328	-16711.5967	0.548525192	1.75299254e+13
9.79e-09	111.888133	-1544.1376	-12897.3105	-16457.5173	0.548778189	1.75267726e+13
9.8e-09	421.343795	-1516.55615	-12923.5047	-15437.4772	0.549055791	1.75242369e+13
9.81e-09	636.064533	-1169.26756	-12689.9125	-13434.9531	0.549461676	1.75223111e+13
9.82e-09	838.398177	-1514.93592	-12898.416	-13570.5221	0.550075079	1.75211975e+13
9.83e-09	1883.51609	-2744.62506	-11922.4331	-14435.4883	0.550534564	1.75208118e+13
9.84e-09	1480.67197	-2664.2094	-12637.9041	-13089.002	0.5510172	1.75209928e+13
9.85e-09	-423.391236	-2746.11363	-13575.6306	-14968.4763	0.551358222	1.75217241e+13
9.86e-09	-1273.16111	-2263.49762	-15226.5677	-14714.5203	0.551333432	1.75225627e+13
9.87e-09	-522.069689	-2971.5828	-17599.1101	-14053.8732	0.551030916	1.75231437e+13
9.88e-09	31.4266288	-1819.21634	-17696.8233	-12580.5378	0.550731306	1.75232605e+13
9.89e-09	-324.230024	-1926.20843	-19416.5301	-12560.4993	0.550475144	1.75231063e+13
9.9e-09	-113.184291	-1256.91015	-18792.8613	-12580.1293	0.550010886	1.75225204e+13
9.91e-09	-1704.58687	-1429.91499	-19391.6236	-12427.271	0.549779492	1.75215667e+13
9.92e-09	-1648.49094	467.764126	-19898.5485	-10229.2748	0.54948581	1.7520373e+13
9.93e-09	-410.880742	-702.435023	-21485.0808	-10153.9726	0.549110552	1.7518944e+13
9.94e-09	-520.68953	899.428757	-20723.7579	-10713.6623	0.548765278	1.75171993e+13
9.95e-09	185.460806	885.057717	-18620.3189	-11367.9068	0.548528246	1.75152443e+13
9.96e-09	-123.476573	368.832591	-17584.8433	-11984.0143	0.5486092	1.75133801e+13
9.97e-09	-849.710674	294.758323	-16292.2432	-10151.7589	0.548918849	1.75118924e+13
9.98e-09	748.022348	-795.605164	-15976.1892	-9571.29745	0.549383543	1.75110157e+13
9.99e-09	1932.52036	-744.81463	-14240.1429	-7850.56322	0.550084991	1.75108689e+13
1e-08	2596.66631	-77.2136305	-15780.4796	-8088.51808	0.550938651	1.75116903e+13
