# Frequency [GHz] 	Fouriercomponent
-4.99967	 0.292548
-4.99633	 0.593303
-4.993	 0.566268
-4.98967	 0.660863
-4.98633	 0.463943
-4.983	 0.459603
-4.97967	 0.478037
-4.97633	 0.431193
-4.973	 0.638704
-4.96967	 0.502458
-4.96634	 0.628256
-4.963	 0.614846
-4.95967	 0.613014
-4.95634	 0.592315
-4.953	 0.411819
-4.94967	 0.480935
-4.94634	 0.617238
-4.943	 0.598454
-4.93967	 0.556214
-4.93634	 0.423958
-4.933	 0.299319
-4.92967	 0.465621
-4.92634	 0.463151
-4.92301	 0.668919
-4.91967	 0.360997
-4.91634	 0.609619
-4.91301	 0.306742
-4.90967	 0.505642
-4.90634	 0.562728
-4.90301	 0.498836
-4.89967	 0.501368
-4.89634	 0.403267
-4.89301	 0.676477
-4.88967	 0.470033
-4.88634	 0.366176
-4.88301	 0.491193
-4.87967	 0.584814
-4.87634	 0.608788
-4.87301	 0.446263
-4.86968	 0.455476
-4.86634	 0.6744
-4.86301	 0.402077
-4.85968	 0.418118
-4.85634	 0.351213
-4.85301	 0.396236
-4.84968	 0.606651
-4.84634	 0.358993
-4.84301	 0.5515
-4.83968	 0.417084
-4.83634	 0.437031
-4.83301	 0.493207
-4.82968	 0.397836
-4.82634	 0.469317
-4.82301	 0.420071
-4.81968	 0.56066
-4.81635	 0.444201
-4.81301	 0.538898
-4.80968	 0.583821
-4.80635	 0.479811
-4.80301	 0.584129
-4.79968	 0.498907
-4.79635	 0.487205
-4.79301	 0.511307
-4.78968	 0.501026
-4.78635	 1.0285
-4.78301	 0.436477
-4.77968	 0.331671
-4.77635	 0.568348
-4.77302	 0.463418
-4.76968	 0.619356
-4.76635	 0.409338
-4.76302	 0.45185
-4.75968	 0.489543
-4.75635	 0.382233
-4.75302	 0.663813
-4.74968	 0.487544
-4.74635	 0.555717
-4.74302	 0.45557
-4.73968	 0.671041
-4.73635	 0.653026
-4.73302	 0.26638
-4.72968	 0.392722
-4.72635	 0.534669
-4.72302	 0.579227
-4.71969	 0.459259
-4.71635	 0.412662
-4.71302	 0.458114
-4.70969	 0.515134
-4.70635	 0.600938
-4.70302	 0.383092
-4.69969	 0.337749
-4.69635	 0.434916
-4.69302	 0.552332
-4.68969	 0.751655
-4.68635	 0.58399
-4.68302	 0.559281
-4.67969	 0.520166
-4.67635	 0.6092
-4.67302	 0.386781
-4.66969	 0.685802
-4.66636	 0.457045
-4.66302	 0.381516
-4.65969	 0.508687
-4.65636	 0.362785
-4.65302	 0.639682
-4.64969	 0.362574
-4.64636	 0.555465
-4.64302	 0.369242
-4.63969	 0.508146
-4.63636	 0.645308
-4.63302	 0.403787
-4.62969	 0.430553
-4.62636	 0.494852
-4.62303	 0.567605
-4.61969	 0.452122
-4.61636	 0.522821
-4.61303	 0.625718
-4.60969	 0.568621
-4.60636	 0.582413
-4.60303	 0.443003
-4.59969	 0.364122
-4.59636	 0.594445
-4.59303	 0.610881
-4.58969	 0.470213
-4.58636	 0.477069
-4.58303	 0.376495
-4.57969	 0.728211
-4.57636	 0.537768
-4.57303	 0.639321
-4.5697	 0.719651
-4.56636	 0.562178
-4.56303	 0.684992
-4.5597	 0.425376
-4.55636	 0.360045
-4.55303	 0.626116
-4.5497	 0.633722
-4.54636	 0.379043
-4.54303	 0.661082
-4.5397	 0.355265
-4.53636	 0.610521
-4.53303	 0.534932
-4.5297	 0.916114
-4.52636	 0.555689
-4.52303	 0.566151
-4.5197	 0.702895
-4.51637	 0.597972
-4.51303	 0.551476
-4.5097	 0.562081
-4.50637	 0.455999
-4.50303	 0.585295
-4.4997	 0.62663
-4.49637	 0.434762
-4.49303	 0.589037
-4.4897	 0.574075
-4.48637	 0.745666
-4.48303	 0.386643
-4.4797	 0.780768
-4.47637	 0.525042
-4.47304	 0.387117
-4.4697	 0.450335
-4.46637	 0.677432
-4.46304	 0.591436
-4.4597	 0.777615
-4.45637	 0.692749
-4.45304	 0.554899
-4.4497	 0.506326
-4.44637	 0.401592
-4.44304	 0.660744
-4.4397	 0.502958
-4.43637	 0.504711
-4.43304	 0.560143
-4.4297	 0.636941
-4.42637	 0.301935
-4.42304	 0.645474
-4.41971	 0.614245
-4.41637	 0.722083
-4.41304	 0.467864
-4.40971	 0.499338
-4.40637	 0.514944
-4.40304	 0.37583
-4.39971	 0.56274
-4.39637	 0.639461
-4.39304	 0.673596
-4.38971	 0.532224
-4.38637	 0.411102
-4.38304	 0.731252
-4.37971	 0.54103
-4.37637	 0.462634
-4.37304	 0.391263
-4.36971	 0.432295
-4.36638	 0.448978
-4.36304	 0.791592
-4.35971	 0.756322
-4.35638	 0.46608
-4.35304	 0.559781
-4.34971	 0.248363
-4.34638	 0.42877
-4.34304	 0.661551
-4.33971	 0.756453
-4.33638	 0.515152
-4.33304	 0.455919
-4.32971	 0.631799
-4.32638	 0.641543
-4.32305	 0.615256
-4.31971	 0.424144
-4.31638	 0.470273
-4.31305	 0.45902
-4.30971	 0.584745
-4.30638	 0.511747
-4.30305	 0.635132
-4.29971	 0.58625
-4.29638	 0.726649
-4.29305	 0.635883
-4.28971	 0.495128
-4.28638	 0.51962
-4.28305	 0.731914
-4.27971	 0.405386
-4.27638	 0.563499
-4.27305	 0.413054
-4.26972	 0.476768
-4.26638	 0.480426
-4.26305	 0.810804
-4.25972	 0.568827
-4.25638	 0.637449
-4.25305	 0.632703
-4.24972	 0.454628
-4.24638	 0.551482
-4.24305	 0.8304
-4.23972	 0.657614
-4.23638	 0.522227
-4.23305	 0.582345
-4.22972	 0.347907
-4.22638	 0.600678
-4.22305	 0.610574
-4.21972	 0.757498
-4.21639	 0.407519
-4.21305	 0.65571
-4.20972	 0.500809
-4.20639	 0.522795
-4.20305	 0.624691
-4.19972	 0.753254
-4.19639	 0.449358
-4.19305	 0.594514
-4.18972	 0.511169
-4.18639	 0.568903
-4.18305	 0.605515
-4.17972	 0.558385
-4.17639	 0.491309
-4.17306	 0.724151
-4.16972	 0.426837
-4.16639	 0.495433
-4.16306	 0.380922
-4.15972	 0.544545
-4.15639	 0.472696
-4.15306	 0.532564
-4.14972	 0.757536
-4.14639	 0.559697
-4.14306	 0.537811
-4.13972	 0.561375
-4.13639	 0.593296
-4.13306	 0.614188
-4.12972	 0.851865
-4.12639	 0.573184
-4.12306	 0.686857
-4.11973	 0.661324
-4.11639	 0.669687
-4.11306	 0.575191
-4.10973	 0.431004
-4.10639	 0.418803
-4.10306	 0.478601
-4.09973	 0.533054
-4.09639	 0.628492
-4.09306	 0.70981
-4.08973	 0.542319
-4.08639	 0.555635
-4.08306	 0.335843
-4.07973	 0.529702
-4.07639	 0.62356
-4.07306	 0.822929
-4.06973	 0.370778
-4.0664	 0.656812
-4.06306	 0.674442
-4.05973	 0.611558
-4.0564	 0.516094
-4.05306	 0.650758
-4.04973	 0.528682
-4.0464	 0.588656
-4.04306	 0.44769
-4.03973	 0.525146
-4.0364	 0.693985
-4.03306	 0.376564
-4.02973	 0.394676
-4.0264	 0.420646
-4.02307	 0.502893
-4.01973	 0.553159
-4.0164	 0.633595
-4.01307	 0.558572
-4.00973	 0.639592
-4.0064	 0.456216
-4.00307	 0.60186
-3.99973	 0.539618
-3.9964	 0.512931
-3.99307	 0.728423
-3.98973	 0.445023
-3.9864	 0.817384
-3.98307	 0.731344
-3.97973	 0.404854
-3.9764	 0.489316
-3.97307	 0.467519
-3.96974	 0.474365
-3.9664	 0.422492
-3.96307	 0.765816
-3.95974	 0.434429
-3.9564	 0.338731
-3.95307	 0.449175
-3.94974	 0.610528
-3.9464	 0.417705
-3.94307	 0.485692
-3.93974	 0.690997
-3.9364	 0.480505
-3.93307	 0.478954
-3.92974	 0.459316
-3.9264	 0.459401
-3.92307	 0.724484
-3.91974	 0.573259
-3.91641	 0.700248
-3.91307	 0.544892
-3.90974	 0.518853
-3.90641	 0.502503
-3.90307	 0.500778
-3.89974	 0.469454
-3.89641	 0.423484
-3.89307	 0.770804
-3.88974	 0.411632
-3.88641	 0.673318
-3.88307	 0.812426
-3.87974	 0.643504
-3.87641	 0.586277
-3.87308	 0.653681
-3.86974	 0.672303
-3.86641	 0.575585
-3.86308	 0.48656
-3.85974	 0.78832
-3.85641	 0.570397
-3.85308	 0.581037
-3.84974	 0.775125
-3.84641	 0.896773
-3.84308	 0.508182
-3.83974	 0.503032
-3.83641	 0.726877
-3.83308	 0.711731
-3.82974	 0.722835
-3.82641	 0.667528
-3.82308	 0.575989
-3.81975	 0.604958
-3.81641	 0.67428
-3.81308	 0.64042
-3.80975	 0.449386
-3.80641	 0.445423
-3.80308	 0.487627
-3.79975	 0.395875
-3.79641	 0.517825
-3.79308	 0.910536
-3.78975	 0.553126
-3.78641	 0.531897
-3.78308	 0.494698
-3.77975	 0.697269
-3.77641	 0.74722
-3.77308	 0.563489
-3.76975	 0.363057
-3.76642	 0.574835
-3.76308	 0.499047
-3.75975	 0.958992
-3.75642	 0.550729
-3.75308	 0.48648
-3.74975	 0.528688
-3.74642	 0.527485
-3.74308	 0.783147
-3.73975	 0.679065
-3.73642	 0.542984
-3.73308	 0.583423
-3.72975	 0.749918
-3.72642	 0.792033
-3.72309	 0.510634
-3.71975	 0.530414
-3.71642	 0.548119
-3.71309	 0.346995
-3.70975	 0.453699
-3.70642	 0.655167
-3.70309	 0.559759
-3.69975	 0.629037
-3.69642	 0.646958
-3.69309	 0.37573
-3.68975	 0.441158
-3.68642	 0.498852
-3.68309	 0.628317
-3.67975	 0.333351
-3.67642	 0.538393
-3.67309	 0.639886
-3.66976	 0.374778
-3.66642	 0.617742
-3.66309	 0.437695
-3.65976	 0.501288
-3.65642	 0.631574
-3.65309	 0.661581
-3.64976	 0.618598
-3.64642	 0.65662
-3.64309	 0.482505
-3.63976	 0.560147
-3.63642	 0.699229
-3.63309	 0.455513
-3.62976	 0.658421
-3.62642	 0.710278
-3.62309	 0.550315
-3.61976	 0.503244
-3.61643	 0.59735
-3.61309	 0.636371
-3.60976	 0.376968
-3.60643	 0.529865
-3.60309	 0.600715
-3.59976	 0.86551
-3.59643	 0.615402
-3.59309	 0.531179
-3.58976	 0.646086
-3.58643	 0.431754
-3.58309	 0.617773
-3.57976	 0.335355
-3.57643	 0.607464
-3.5731	 0.591898
-3.56976	 0.56185
-3.56643	 0.680123
-3.5631	 0.685402
-3.55976	 0.687401
-3.55643	 0.586756
-3.5531	 0.468836
-3.54976	 0.529888
-3.54643	 0.601367
-3.5431	 0.549873
-3.53976	 0.633311
-3.53643	 0.831449
-3.5331	 0.508808
-3.52976	 0.623196
-3.52643	 0.402997
-3.5231	 0.608289
-3.51977	 0.710609
-3.51643	 0.798763
-3.5131	 0.723233
-3.50977	 0.667472
-3.50643	 0.579496
-3.5031	 0.584632
-3.49977	 0.581616
-3.49643	 0.618394
-3.4931	 0.665217
-3.48977	 0.435605
-3.48643	 0.887827
-3.4831	 0.651885
-3.47977	 0.579416
-3.47643	 0.57546
-3.4731	 0.608169
-3.46977	 0.658118
-3.46644	 0.723864
-3.4631	 0.614024
-3.45977	 0.521078
-3.45644	 0.430795
-3.4531	 0.738618
-3.44977	 0.637287
-3.44644	 0.616713
-3.4431	 0.611418
-3.43977	 0.649687
-3.43644	 0.446882
-3.4331	 0.726194
-3.42977	 0.76144
-3.42644	 0.583268
-3.42311	 0.527321
-3.41977	 0.472386
-3.41644	 0.806302
-3.41311	 0.654122
-3.40977	 0.589758
-3.40644	 0.718617
-3.40311	 0.568989
-3.39977	 0.552923
-3.39644	 0.762195
-3.39311	 0.559696
-3.38977	 0.48029
-3.38644	 0.604024
-3.38311	 0.706881
-3.37977	 0.885379
-3.37644	 0.572857
-3.37311	 0.37361
-3.36978	 0.483945
-3.36644	 0.526209
-3.36311	 0.636179
-3.35978	 0.690314
-3.35644	 0.371462
-3.35311	 0.476035
-3.34978	 0.648809
-3.34644	 0.374767
-3.34311	 0.421111
-3.33978	 0.640512
-3.33644	 0.753128
-3.33311	 0.764075
-3.32978	 0.513488
-3.32644	 0.581952
-3.32311	 0.498113
-3.31978	 0.663728
-3.31645	 0.530471
-3.31311	 0.831716
-3.30978	 0.827986
-3.30645	 0.464996
-3.30311	 0.971494
-3.29978	 0.623266
-3.29645	 0.522448
-3.29311	 0.580234
-3.28978	 0.672169
-3.28645	 0.657416
-3.28311	 0.519722
-3.27978	 0.499164
-3.27645	 0.614938
-3.27312	 0.550845
-3.26978	 0.692417
-3.26645	 0.467512
-3.26312	 0.747413
-3.25978	 0.497034
-3.25645	 0.844433
-3.25312	 0.79928
-3.24978	 0.905452
-3.24645	 0.845692
-3.24312	 0.575047
-3.23978	 0.61059
-3.23645	 0.813799
-3.23312	 0.649498
-3.22978	 0.775594
-3.22645	 0.446368
-3.22312	 0.519911
-3.21979	 0.502232
-3.21645	 0.525668
-3.21312	 0.64909
-3.20979	 0.58742
-3.20645	 0.650849
-3.20312	 0.841914
-3.19979	 0.566136
-3.19645	 0.742661
-3.19312	 0.606677
-3.18979	 0.459193
-3.18645	 0.382926
-3.18312	 0.761953
-3.17979	 0.574288
-3.17645	 0.940925
-3.17312	 0.97609
-3.16979	 0.806716
-3.16646	 0.593351
-3.16312	 0.632959
-3.15979	 0.685699
-3.15646	 0.638983
-3.15312	 0.567508
-3.14979	 0.831842
-3.14646	 0.777032
-3.14312	 0.737585
-3.13979	 0.556022
-3.13646	 0.30394
-3.13312	 0.759463
-3.12979	 0.588993
-3.12646	 0.601093
-3.12313	 0.563363
-3.11979	 0.487933
-3.11646	 0.616246
-3.11313	 0.947506
-3.10979	 0.611392
-3.10646	 0.694322
-3.10313	 0.605997
-3.09979	 0.490887
-3.09646	 0.785745
-3.09313	 0.972528
-3.08979	 0.771998
-3.08646	 0.720849
-3.08313	 0.818701
-3.07979	 0.514779
-3.07646	 0.477545
-3.07313	 0.674132
-3.0698	 0.566035
-3.06646	 0.623017
-3.06313	 0.561828
-3.0598	 0.631666
-3.05646	 0.630197
-3.05313	 0.703956
-3.0498	 0.63575
-3.04646	 0.651915
-3.04313	 0.754818
-3.0398	 0.517117
-3.03646	 0.569886
-3.03313	 0.416568
-3.0298	 0.70268
-3.02646	 0.650001
-3.02313	 0.552674
-3.0198	 0.528911
-3.01647	 0.614228
-3.01313	 0.376587
-3.0098	 0.761782
-3.00647	 0.949502
-3.00313	 0.936712
-2.9998	 0.650823
-2.99647	 0.463434
-2.99313	 0.648447
-2.9898	 0.585485
-2.98647	 0.974698
-2.98313	 0.722135
-2.9798	 0.645519
-2.97647	 0.54668
-2.97314	 0.705436
-2.9698	 0.761938
-2.96647	 0.796358
-2.96314	 0.780152
-2.9598	 0.536956
-2.95647	 0.830447
-2.95314	 0.754119
-2.9498	 1.0625
-2.94647	 0.784825
-2.94314	 0.651241
-2.9398	 0.891858
-2.93647	 0.847688
-2.93314	 0.586191
-2.9298	 0.837401
-2.92647	 0.681169
-2.92314	 0.77174
-2.91981	 1.0678
-2.91647	 0.574328
-2.91314	 0.814735
-2.90981	 0.517135
-2.90647	 0.472531
-2.90314	 0.500708
-2.89981	 0.669858
-2.89647	 0.747114
-2.89314	 0.672406
-2.88981	 0.619118
-2.88647	 0.678398
-2.88314	 0.838735
-2.87981	 0.94104
-2.87647	 0.559008
-2.87314	 0.827701
-2.86981	 0.518456
-2.86648	 0.726237
-2.86314	 0.618319
-2.85981	 0.624787
-2.85648	 0.51094
-2.85314	 0.834779
-2.84981	 0.591216
-2.84648	 0.545532
-2.84314	 0.619432
-2.83981	 0.316194
-2.83648	 0.677965
-2.83314	 0.649335
-2.82981	 0.482654
-2.82648	 0.737884
-2.82315	 0.832535
-2.81981	 0.67716
-2.81648	 0.808645
-2.81315	 0.786904
-2.80981	 0.399879
-2.80648	 0.620805
-2.80315	 0.60097
-2.79981	 0.604477
-2.79648	 0.747513
-2.79315	 0.698852
-2.78981	 0.682193
-2.78648	 0.780488
-2.78315	 0.805275
-2.77981	 0.76425
-2.77648	 0.629159
-2.77315	 0.712344
-2.76982	 0.622477
-2.76648	 0.915267
-2.76315	 0.534214
-2.75982	 0.761918
-2.75648	 0.898275
-2.75315	 0.729758
-2.74982	 0.651024
-2.74648	 0.702509
-2.74315	 0.712752
-2.73982	 0.907878
-2.73648	 0.599672
-2.73315	 0.62942
-2.72982	 0.632107
-2.72648	 0.829974
-2.72315	 0.848177
-2.71982	 0.825357
-2.71649	 0.59849
-2.71315	 0.386426
-2.70982	 0.793706
-2.70649	 0.624963
-2.70315	 0.54699
-2.69982	 0.713452
-2.69649	 0.759962
-2.69315	 0.729493
-2.68982	 0.673931
-2.68649	 0.670228
-2.68315	 0.617354
-2.67982	 0.621134
-2.67649	 0.590306
-2.67316	 0.826374
-2.66982	 0.6571
-2.66649	 0.732519
-2.66316	 0.632201
-2.65982	 0.718845
-2.65649	 0.597177
-2.65316	 0.781692
-2.64982	 0.519607
-2.64649	 0.762192
-2.64316	 0.638105
-2.63982	 0.653224
-2.63649	 0.565472
-2.63316	 0.936302
-2.62982	 0.445383
-2.62649	 0.673618
-2.62316	 0.690354
-2.61983	 0.503509
-2.61649	 0.715284
-2.61316	 0.616706
-2.60983	 0.762579
-2.60649	 0.741677
-2.60316	 0.471116
-2.59983	 0.636069
-2.59649	 0.71288
-2.59316	 0.754986
-2.58983	 0.692116
-2.58649	 0.545926
-2.58316	 0.700781
-2.57983	 1.04951
-2.57649	 0.652183
-2.57316	 0.862711
-2.56983	 0.966393
-2.5665	 0.56113
-2.56316	 0.668268
-2.55983	 0.714752
-2.5565	 0.563781
-2.55316	 0.649909
-2.54983	 0.53131
-2.5465	 0.784463
-2.54316	 0.675487
-2.53983	 0.71726
-2.5365	 0.822761
-2.53316	 0.5481
-2.52983	 0.59032
-2.5265	 0.826636
-2.52317	 0.987604
-2.51983	 0.693001
-2.5165	 0.792018
-2.51317	 0.668324
-2.50983	 0.66808
-2.5065	 0.758981
-2.50317	 0.601801
-2.49983	 0.441384
-2.4965	 0.716279
-2.49317	 0.593822
-2.48983	 0.684663
-2.4865	 0.607641
-2.48317	 0.635504
-2.47983	 0.636789
-2.4765	 0.796441
-2.47317	 0.743897
-2.46984	 0.729877
-2.4665	 0.681699
-2.46317	 0.868819
-2.45984	 0.721985
-2.4565	 0.68055
-2.45317	 0.707616
-2.44984	 0.553603
-2.4465	 0.491888
-2.44317	 0.738645
-2.43984	 0.696893
-2.4365	 0.369165
-2.43317	 0.624323
-2.42984	 0.758111
-2.4265	 0.591519
-2.42317	 1.06
-2.41984	 0.738774
-2.41651	 0.799717
-2.41317	 0.847281
-2.40984	 0.679169
-2.40651	 0.533571
-2.40317	 0.62759
-2.39984	 0.682479
-2.39651	 0.703914
-2.39317	 0.716694
-2.38984	 1.02028
-2.38651	 1.04136
-2.38317	 0.700479
-2.37984	 0.717566
-2.37651	 0.922576
-2.37318	 0.639754
-2.36984	 0.787801
-2.36651	 0.732506
-2.36318	 0.493177
-2.35984	 0.813845
-2.35651	 1.30319
-2.35318	 0.758218
-2.34984	 0.922638
-2.34651	 0.957575
-2.34318	 0.816808
-2.33984	 0.442999
-2.33651	 0.934024
-2.33318	 0.574245
-2.32984	 0.675206
-2.32651	 0.555738
-2.32318	 0.710632
-2.31985	 0.499409
-2.31651	 0.887654
-2.31318	 0.65514
-2.30985	 0.924272
-2.30651	 0.751344
-2.30318	 0.445404
-2.29985	 0.611904
-2.29651	 0.948379
-2.29318	 0.70383
-2.28985	 0.804442
-2.28651	 0.727231
-2.28318	 0.870124
-2.27985	 0.818853
-2.27651	 0.739413
-2.27318	 0.63738
-2.26985	 0.72823
-2.26652	 0.658008
-2.26318	 0.612663
-2.25985	 0.752839
-2.25652	 0.642322
-2.25318	 0.718231
-2.24985	 0.589259
-2.24652	 0.7658
-2.24318	 0.810444
-2.23985	 0.613484
-2.23652	 0.749239
-2.23318	 0.680574
-2.22985	 0.600395
-2.22652	 0.535174
-2.22319	 0.629209
-2.21985	 0.701929
-2.21652	 0.690168
-2.21319	 0.524241
-2.20985	 0.524327
-2.20652	 0.689803
-2.20319	 0.626703
-2.19985	 0.673018
-2.19652	 0.678809
-2.19319	 0.861101
-2.18985	 0.97142
-2.18652	 0.887073
-2.18319	 0.406287
-2.17985	 0.795165
-2.17652	 1.07405
-2.17319	 0.561869
-2.16986	 0.779736
-2.16652	 0.588643
-2.16319	 0.866062
-2.15986	 0.680499
-2.15652	 0.639795
-2.15319	 0.80538
-2.14986	 0.947861
-2.14652	 0.925242
-2.14319	 0.788698
-2.13986	 0.541569
-2.13652	 0.563844
-2.13319	 0.549253
-2.12986	 0.395926
-2.12652	 0.858901
-2.12319	 0.615254
-2.11986	 0.621358
-2.11653	 0.920231
-2.11319	 0.590067
-2.10986	 0.737127
-2.10653	 0.559361
-2.10319	 0.753783
-2.09986	 0.880697
-2.09653	 0.632912
-2.09319	 0.923089
-2.08986	 0.757926
-2.08653	 0.787932
-2.08319	 0.442389
-2.07986	 0.758405
-2.07653	 0.800221
-2.0732	 0.69095
-2.06986	 0.805066
-2.06653	 0.827669
-2.0632	 0.662572
-2.05986	 0.848943
-2.05653	 0.7535
-2.0532	 0.862798
-2.04986	 0.751038
-2.04653	 0.746586
-2.0432	 0.902566
-2.03986	 0.653875
-2.03653	 1.08882
-2.0332	 0.747573
-2.02986	 0.841598
-2.02653	 0.558257
-2.0232	 0.620806
-2.01987	 1.05201
-2.01653	 0.840522
-2.0132	 0.976154
-2.00987	 0.71084
-2.00653	 0.877798
-2.0032	 0.740083
-1.99987	 0.781871
-1.99653	 0.678635
-1.9932	 0.558898
-1.98987	 0.771838
-1.98653	 0.874292
-1.9832	 0.912205
-1.97987	 1.02167
-1.97653	 0.760904
-1.9732	 0.640107
-1.96987	 0.661119
-1.96654	 0.82452
-1.9632	 0.569345
-1.95987	 0.926799
-1.95654	 0.697134
-1.9532	 0.954344
-1.94987	 0.75721
-1.94654	 0.646062
-1.9432	 0.845272
-1.93987	 0.668932
-1.93654	 0.978462
-1.9332	 0.893876
-1.92987	 0.797877
-1.92654	 0.55827
-1.92321	 0.962922
-1.91987	 0.569376
-1.91654	 0.816306
-1.91321	 0.946015
-1.90987	 1.03995
-1.90654	 0.721264
-1.90321	 0.951808
-1.89987	 0.8351
-1.89654	 0.549643
-1.89321	 0.396253
-1.88987	 0.732138
-1.88654	 0.807028
-1.88321	 0.526296
-1.87987	 0.808531
-1.87654	 0.703223
-1.87321	 1.00911
-1.86988	 0.735018
-1.86654	 0.767475
-1.86321	 0.545418
-1.85988	 0.838793
-1.85654	 0.924025
-1.85321	 0.388357
-1.84988	 0.676209
-1.84654	 0.582342
-1.84321	 0.586291
-1.83988	 0.657773
-1.83654	 0.770959
-1.83321	 0.803914
-1.82988	 0.851414
-1.82654	 0.83181
-1.82321	 0.624646
-1.81988	 0.915121
-1.81655	 0.64106
-1.81321	 0.500725
-1.80988	 0.615698
-1.80655	 0.956407
-1.80321	 1.00681
-1.79988	 0.564305
-1.79655	 0.504666
-1.79321	 0.766385
-1.78988	 0.852279
-1.78655	 0.749737
-1.78321	 0.52081
-1.77988	 0.592268
-1.77655	 0.844657
-1.77322	 1.1911
-1.76988	 0.550776
-1.76655	 0.73947
-1.76322	 0.784239
-1.75988	 1.0182
-1.75655	 0.543141
-1.75322	 1.05674
-1.74988	 0.76342
-1.74655	 0.866625
-1.74322	 0.663568
-1.73988	 0.84009
-1.73655	 0.714024
-1.73322	 0.783691
-1.72988	 0.700321
-1.72655	 0.608584
-1.72322	 0.835807
-1.71989	 0.590744
-1.71655	 0.557015
-1.71322	 0.707123
-1.70989	 0.856938
-1.70655	 1.00535
-1.70322	 0.793855
-1.69989	 0.698354
-1.69655	 0.527865
-1.69322	 0.831678
-1.68989	 1.03558
-1.68655	 0.88593
-1.68322	 0.864301
-1.67989	 1.08414
-1.67655	 0.730137
-1.67322	 0.580426
-1.66989	 0.67038
-1.66656	 0.600277
-1.66322	 0.641985
-1.65989	 0.813603
-1.65656	 0.779637
-1.65322	 0.732557
-1.64989	 0.858425
-1.64656	 0.431742
-1.64322	 1.28017
-1.63989	 0.86393
-1.63656	 1.09662
-1.63322	 0.748207
-1.62989	 0.69421
-1.62656	 1.09467
-1.62323	 0.584314
-1.61989	 0.784478
-1.61656	 0.597156
-1.61323	 0.636552
-1.60989	 0.761356
-1.60656	 0.949967
-1.60323	 0.366897
-1.59989	 0.663929
-1.59656	 0.884914
-1.59323	 0.977955
-1.58989	 0.941304
-1.58656	 0.851518
-1.58323	 0.782128
-1.57989	 0.825874
-1.57656	 1.28052
-1.57323	 0.760663
-1.5699	 0.725019
-1.56656	 0.755058
-1.56323	 0.853541
-1.5599	 1.12032
-1.55656	 0.871231
-1.55323	 0.642194
-1.5499	 0.621595
-1.54656	 0.908102
-1.54323	 0.741233
-1.5399	 0.618097
-1.53656	 0.69367
-1.53323	 0.97788
-1.5299	 0.474961
-1.52656	 0.982923
-1.52323	 1.13386
-1.5199	 0.729156
-1.51657	 0.695526
-1.51323	 0.509841
-1.5099	 0.607839
-1.50657	 1.07917
-1.50323	 0.768095
-1.4999	 0.618645
-1.49657	 0.907186
-1.49323	 0.870855
-1.4899	 0.914244
-1.48657	 0.939879
-1.48323	 0.766347
-1.4799	 0.794135
-1.47657	 0.850222
-1.47324	 0.762695
-1.4699	 0.694315
-1.46657	 0.808444
-1.46324	 0.813131
-1.4599	 0.908964
-1.45657	 0.551129
-1.45324	 0.563839
-1.4499	 0.684162
-1.44657	 0.854995
-1.44324	 0.672277
-1.4399	 0.580277
-1.43657	 0.814215
-1.43324	 0.726295
-1.4299	 0.580607
-1.42657	 0.662151
-1.42324	 0.843896
-1.41991	 0.816954
-1.41657	 0.683413
-1.41324	 0.6311
-1.40991	 0.840574
-1.40657	 0.509874
-1.40324	 0.721045
-1.39991	 0.764164
-1.39657	 0.684531
-1.39324	 1.04708
-1.38991	 0.786768
-1.38657	 0.749859
-1.38324	 0.660536
-1.37991	 0.828247
-1.37657	 0.799257
-1.37324	 0.672739
-1.36991	 0.806922
-1.36658	 1.10869
-1.36324	 0.848981
-1.35991	 0.928423
-1.35658	 0.828298
-1.35324	 0.618606
-1.34991	 0.650016
-1.34658	 0.465139
-1.34324	 0.94366
-1.33991	 1.16545
-1.33658	 0.762451
-1.33324	 0.600021
-1.32991	 0.748314
-1.32658	 0.74995
-1.32325	 0.910186
-1.31991	 0.735268
-1.31658	 0.987924
-1.31325	 0.813463
-1.30991	 0.828921
-1.30658	 0.733308
-1.30325	 1.03003
-1.29991	 0.953906
-1.29658	 0.877577
-1.29325	 0.693309
-1.28991	 0.815059
-1.28658	 0.861315
-1.28325	 1.00166
-1.27991	 0.79547
-1.27658	 0.660383
-1.27325	 0.944955
-1.26992	 1.22322
-1.26658	 0.951179
-1.26325	 0.825825
-1.25992	 0.806568
-1.25658	 0.685296
-1.25325	 0.537292
-1.24992	 0.657007
-1.24658	 0.55032
-1.24325	 0.785783
-1.23992	 0.690541
-1.23658	 1.02313
-1.23325	 0.693976
-1.22992	 0.543137
-1.22658	 1.15817
-1.22325	 0.749841
-1.21992	 1.08624
-1.21659	 0.949375
-1.21325	 1.04336
-1.20992	 0.749438
-1.20659	 0.65976
-1.20325	 0.574984
-1.19992	 0.644327
-1.19659	 0.548541
-1.19325	 0.750734
-1.18992	 0.630392
-1.18659	 0.735178
-1.18325	 0.788961
-1.17992	 0.682994
-1.17659	 0.796459
-1.17326	 0.843196
-1.16992	 0.676714
-1.16659	 0.753207
-1.16326	 1.18533
-1.15992	 0.698938
-1.15659	 0.713444
-1.15326	 0.548394
-1.14992	 0.722737
-1.14659	 0.968078
-1.14326	 1.06742
-1.13992	 0.699463
-1.13659	 0.873831
-1.13326	 0.633835
-1.12992	 1.01832
-1.12659	 0.468388
-1.12326	 0.702063
-1.11993	 0.707963
-1.11659	 0.656021
-1.11326	 0.80078
-1.10993	 0.777869
-1.10659	 0.856842
-1.10326	 0.693441
-1.09993	 1.04609
-1.09659	 0.83241
-1.09326	 0.742182
-1.08993	 0.899425
-1.08659	 0.912935
-1.08326	 0.913515
-1.07993	 0.654635
-1.07659	 0.651421
-1.07326	 0.579634
-1.06993	 0.799906
-1.0666	 0.570076
-1.06326	 0.896199
-1.05993	 0.865291
-1.0566	 0.72442
-1.05326	 0.887949
-1.04993	 0.92673
-1.0466	 0.93741
-1.04326	 1.04982
-1.03993	 0.43693
-1.0366	 1.0661
-1.03326	 1.07755
-1.02993	 0.965154
-1.0266	 0.860089
-1.02327	 0.823374
-1.01993	 0.582281
-1.0166	 0.63119
-1.01327	 0.702126
-1.00993	 0.455088
-1.0066	 0.989672
-1.00327	 0.981029
-0.999933	 0.70783
-0.9966	 0.920393
-0.993267	 0.726278
-0.989934	 0.759817
-0.986601	 0.803142
-0.983268	 0.755566
-0.979935	 1.02652
-0.976602	 0.891492
-0.973268	 0.763001
-0.969935	 1.07109
-0.966602	 0.724233
-0.963269	 1.17178
-0.959936	 0.522661
-0.956603	 0.645354
-0.95327	 0.659852
-0.949937	 0.847352
-0.946604	 1.15867
-0.94327	 0.813235
-0.939937	 0.715854
-0.936604	 1.31653
-0.933271	 0.689666
-0.929938	 1.23597
-0.926605	 0.606146
-0.923272	 0.861397
-0.919939	 0.916428
-0.916606	 0.838862
-0.913272	 0.455543
-0.909939	 0.539235
-0.906606	 1.2478
-0.903273	 0.538911
-0.89994	 0.645168
-0.896607	 0.749037
-0.893274	 0.67415
-0.889941	 0.681819
-0.886608	 0.883887
-0.883274	 0.587004
-0.879941	 1.11663
-0.876608	 0.876911
-0.873275	 1.00988
-0.869942	 0.691618
-0.866609	 0.823203
-0.863276	 0.520457
-0.859943	 0.721856
-0.85661	 1.12542
-0.853276	 0.927702
-0.849943	 0.891327
-0.84661	 0.99177
-0.843277	 0.455112
-0.839944	 1.01552
-0.836611	 0.79568
-0.833278	 0.589746
-0.829945	 1.46996
-0.826612	 0.585903
-0.823278	 0.755672
-0.819945	 0.959946
-0.816612	 0.983911
-0.813279	 0.905374
-0.809946	 0.690848
-0.806613	 0.929782
-0.80328	 0.883665
-0.799947	 0.909623
-0.796614	 0.810177
-0.79328	 0.672089
-0.789947	 0.892891
-0.786614	 0.751555
-0.783281	 1.08941
-0.779948	 0.865674
-0.776615	 0.712464
-0.773282	 0.677532
-0.769949	 0.452049
-0.766616	 0.890935
-0.763282	 1.13531
-0.759949	 0.573876
-0.756616	 1.01813
-0.753283	 1.00197
-0.74995	 0.721164
-0.746617	 0.772869
-0.743284	 0.852106
-0.739951	 0.760488
-0.736618	 0.735902
-0.733284	 0.802924
-0.729951	 1.18113
-0.726618	 1.09692
-0.723285	 0.823261
-0.719952	 0.753001
-0.716619	 1.29274
-0.713286	 0.695399
-0.709953	 1.08347
-0.70662	 1.00447
-0.703286	 0.755046
-0.699953	 0.695701
-0.69662	 0.6503
-0.693287	 0.788987
-0.689954	 0.72036
-0.686621	 1.03956
-0.683288	 0.994474
-0.679955	 0.799525
-0.676622	 0.752428
-0.673288	 0.722147
-0.669955	 0.504229
-0.666622	 0.681701
-0.663289	 0.827586
-0.659956	 0.981188
-0.656623	 0.978449
-0.65329	 0.654978
-0.649957	 0.53778
-0.646624	 0.963213
-0.64329	 0.703214
-0.639957	 0.655148
-0.636624	 0.913792
-0.633291	 1.06227
-0.629958	 0.495265
-0.626625	 0.786596
-0.623292	 1.14305
-0.619959	 0.755926
-0.616626	 0.772214
-0.613292	 0.792045
-0.609959	 1.00572
-0.606626	 0.831489
-0.603293	 0.88395
-0.59996	 1.00928
-0.596627	 0.784865
-0.593294	 0.728768
-0.589961	 1.00244
-0.586628	 0.651214
-0.583294	 0.834757
-0.579961	 0.807854
-0.576628	 0.934219
-0.573295	 0.855342
-0.569962	 0.628589
-0.566629	 1.0178
-0.563296	 1.06265
-0.559963	 0.819456
-0.55663	 0.898835
-0.553296	 0.662084
-0.549963	 1.13165
-0.54663	 0.901107
-0.543297	 0.920525
-0.539964	 0.43963
-0.536631	 0.998388
-0.533298	 0.879708
-0.529965	 0.929181
-0.526632	 1.01074
-0.523298	 0.625313
-0.519965	 0.92244
-0.516632	 0.757295
-0.513299	 0.570633
-0.509966	 0.958594
-0.506633	 0.703646
-0.5033	 1.10761
-0.499967	 0.362658
-0.496634	 1.18884
-0.4933	 0.976936
-0.489967	 0.808186
-0.486634	 0.980629
-0.483301	 1.04261
-0.479968	 0.83615
-0.476635	 0.679548
-0.473302	 0.944928
-0.469969	 0.728364
-0.466636	 0.587066
-0.463302	 0.606437
-0.459969	 1.35678
-0.456636	 0.725789
-0.453303	 1.08306
-0.44997	 0.770352
-0.446637	 0.889291
-0.443304	 0.642446
-0.439971	 0.981268
-0.436638	 0.78108
-0.433304	 0.529158
-0.429971	 0.843384
-0.426638	 1.04653
-0.423305	 0.805086
-0.419972	 1.03937
-0.416639	 0.885848
-0.413306	 1.00431
-0.409973	 0.489111
-0.40664	 0.733528
-0.403306	 0.620401
-0.399973	 1.11602
-0.39664	 0.770444
-0.393307	 0.578413
-0.389974	 0.716952
-0.386641	 0.625307
-0.383308	 0.681618
-0.379975	 0.806743
-0.376642	 0.848472
-0.373308	 0.64929
-0.369975	 0.718241
-0.366642	 0.871643
-0.363309	 0.560132
-0.359976	 0.659812
-0.356643	 0.805716
-0.35331	 1.16833
-0.349977	 0.686887
-0.346644	 0.610285
-0.34331	 1.07226
-0.339977	 1.30381
-0.336644	 0.63759
-0.333311	 1.04671
-0.329978	 0.533181
-0.326645	 0.899684
-0.323312	 0.638472
-0.319979	 0.807152
-0.316646	 1.01516
-0.313312	 0.761013
-0.309979	 0.890429
-0.306646	 1.03099
-0.303313	 0.887846
-0.29998	 0.950275
-0.296647	 0.760094
-0.293314	 0.42839
-0.289981	 0.750267
-0.286648	 0.866569
-0.283314	 0.743794
-0.279981	 1.01164
-0.276648	 0.591059
-0.273315	 0.87341
-0.269982	 0.854791
-0.266649	 0.671323
-0.263316	 0.734577
-0.259983	 0.903956
-0.25665	 1.09375
-0.253316	 0.873623
-0.249983	 0.909727
-0.24665	 1.2325
-0.243317	 0.844799
-0.239984	 0.969835
-0.236651	 1.06419
-0.233318	 0.715807
-0.229985	 0.706856
-0.226652	 0.895922
-0.223318	 0.843371
-0.219985	 0.531358
-0.216652	 0.739734
-0.213319	 0.544949
-0.209986	 1.12217
-0.206653	 0.88266
-0.20332	 0.744544
-0.199987	 0.4846
-0.196654	 0.845749
-0.19332	 1.30874
-0.189987	 0.877452
-0.186654	 1.07119
-0.183321	 0.505876
-0.179988	 0.767388
-0.176655	 0.692355
-0.173322	 0.966765
-0.169989	 1.24754
-0.166656	 0.765713
-0.163322	 1.22436
-0.159989	 0.759432
-0.156656	 0.828256
-0.153323	 1.07553
-0.14999	 0.808168
-0.146657	 0.805206
-0.143324	 0.764697
-0.139991	 1.05465
-0.136658	 0.724069
-0.133324	 0.807872
-0.129991	 0.680657
-0.126658	 1.18093
-0.123325	 0.692196
-0.119992	 0.934637
-0.116659	 0.77638
-0.113326	 0.882452
-0.109993	 1.15534
-0.10666	 1.00734
-0.103326	 0.825392
-0.0999933	 0.880417
-0.0966602	 0.890133
-0.0933271	 0.747133
-0.089994	 0.714001
-0.0866609	 0.810773
-0.0833278	 0.987273
-0.0799947	 1.06804
-0.0766616	 1.14048
-0.0733284	 0.808969
-0.0699953	 0.635861
-0.0666622	 0.947889
-0.0633291	 0.974682
-0.059996	 0.683514
-0.0566629	 1.09755
-0.0533298	 0.908813
-0.0499967	 1.14967
-0.0466636	 1.27328
-0.0433304	 0.548724
-0.0399973	 0.990119
-0.0366642	 0.626585
-0.0333311	 0.581466
-0.029998	 0.924589
-0.0266649	 0.562314
-0.0233318	 0.94281
-0.0199987	 0.66907
-0.0166656	 1.0355
-0.0133324	 0.667192
-0.00999933	 1.06876
-0.00666622	 0.953182
-0.00333311	 0.020872
0	 1
0.00333311	 0.65657
0.00666622	 1.31843
0.00999933	 0.581854
0.0133324	 0.955851
0.0166656	 0.865828
0.0199987	 0.67934
0.0233318	 0.898041
0.0266649	 1.19742
0.029998	 1.01753
0.0333311	 0.747249
0.0366642	 0.86534
0.0399973	 1.02213
0.0433304	 0.723341
0.0466636	 0.866552
0.0499967	 1.36923
0.0533298	 0.617566
0.0566629	 0.836751
0.059996	 0.732187
0.0633291	 1.00651
0.0666622	 0.957449
0.0699953	 1.03424
0.0733284	 1.15312
0.0766616	 0.847495
0.0799947	 0.458896
0.0833278	 1.02542
0.0866609	 1.17417
0.089994	 0.638501
0.0933271	 1.01602
0.0966602	 0.544959
0.0999933	 0.627756
0.103326	 1.03065
0.10666	 0.740702
0.109993	 0.924828
0.113326	 0.443739
0.116659	 1.02409
0.119992	 0.833294
0.123325	 1.1013
0.126658	 0.951306
0.129991	 0.658851
0.133324	 0.7456
0.136658	 0.782866
0.139991	 0.629626
0.143324	 1.09984
0.146657	 0.810898
0.14999	 1.00266
0.153323	 0.984381
0.156656	 1.19822
0.159989	 0.962496
0.163322	 0.683962
0.166656	 0.519609
0.169989	 0.759758
0.173322	 0.729507
0.176655	 1.18788
0.179988	 0.894811
0.183321	 0.847481
0.186654	 0.530579
0.189987	 0.649115
0.19332	 0.761604
0.196654	 1.04103
0.199987	 0.785926
0.20332	 0.647277
0.206653	 0.971574
0.209986	 0.812445
0.213319	 0.892119
0.216652	 0.555364
0.219985	 1.02333
0.223318	 0.637183
0.226652	 0.40173
0.229985	 0.803789
0.233318	 0.949107
0.236651	 1.21286
0.239984	 1.32745
0.243317	 0.819119
0.24665	 0.900079
0.249983	 0.620566
0.253316	 1.2237
0.25665	 0.819294
0.259983	 0.785883
0.263316	 0.982018
0.266649	 0.607105
0.269982	 1.10539
0.273315	 0.794215
0.276648	 0.84357
0.279981	 0.627438
0.283314	 0.851085
0.286648	 0.678149
0.289981	 1.01431
0.293314	 0.880363
0.296647	 0.533624
0.29998	 0.868954
0.303313	 1.02514
0.306646	 0.657471
0.309979	 0.676263
0.313312	 0.715624
0.316646	 0.972876
0.319979	 1.07923
0.323312	 0.595523
0.326645	 0.662919
0.329978	 1.11948
0.333311	 0.857114
0.336644	 0.438734
0.339977	 0.785703
0.34331	 0.994896
0.346644	 0.78446
0.349977	 0.590121
0.35331	 0.703627
0.356643	 1.05743
0.359976	 0.815113
0.363309	 0.92671
0.366642	 0.676329
0.369975	 0.747793
0.373308	 0.607765
0.376642	 1.24842
0.379975	 1.02104
0.383308	 0.884507
0.386641	 1.14977
0.389974	 0.851497
0.393307	 1.31776
0.39664	 0.628968
0.399973	 0.636778
0.403306	 0.778073
0.40664	 0.618498
0.409973	 1.10583
0.413306	 0.82894
0.416639	 0.419716
0.419972	 0.789749
0.423305	 0.95601
0.426638	 0.646621
0.429971	 0.878797
0.433304	 0.717325
0.436638	 1.05901
0.439971	 1.02188
0.443304	 1.02774
0.446637	 0.803565
0.44997	 0.440115
0.453303	 0.902183
0.456636	 0.985876
0.459969	 0.827772
0.463302	 0.660811
0.466636	 0.905932
0.469969	 0.64059
0.473302	 1.03151
0.476635	 0.949113
0.479968	 0.850776
0.483301	 1.09394
0.486634	 0.887705
0.489967	 0.542605
0.4933	 0.987191
0.496634	 0.910826
0.499967	 0.793818
0.5033	 0.99423
0.506633	 0.838509
0.509966	 0.679692
0.513299	 0.73398
0.516632	 1.11898
0.519965	 1.09221
0.523298	 0.974816
0.526632	 1.04201
0.529965	 0.798389
0.533298	 0.790823
0.536631	 1.00428
0.539964	 0.431436
0.543297	 1.02693
0.54663	 0.664822
0.549963	 0.558442
0.553296	 0.787635
0.55663	 0.763562
0.559963	 0.77744
0.563296	 1.10501
0.566629	 1.14323
0.569962	 0.947764
0.573295	 0.803471
0.576628	 0.606193
0.579961	 0.400992
0.583294	 0.933016
0.586628	 0.778072
0.589961	 0.879717
0.593294	 0.569314
0.596627	 1.00514
0.59996	 0.749998
0.603293	 0.713394
0.606626	 0.90538
0.609959	 0.88111
0.613292	 0.656178
0.616626	 0.521765
0.619959	 0.73094
0.623292	 0.565205
0.626625	 0.989601
0.629958	 0.803722
0.633291	 0.881638
0.636624	 1.38614
0.639957	 0.782985
0.64329	 1.0147
0.646624	 0.593824
0.649957	 0.505304
0.65329	 1.04598
0.656623	 1.11051
0.659956	 0.827514
0.663289	 0.782585
0.666622	 0.961341
0.669955	 0.801216
0.673288	 0.71585
0.676622	 0.645681
0.679955	 1.0923
0.683288	 0.656392
0.686621	 0.739616
0.689954	 1.13863
0.693287	 0.791921
0.69662	 0.704471
0.699953	 0.701668
0.703286	 0.767593
0.70662	 1.23599
0.709953	 0.861653
0.713286	 0.497934
0.716619	 0.665779
0.719952	 1.10945
0.723285	 0.827954
0.726618	 0.714675
0.729951	 0.948462
0.733284	 1.04082
0.736618	 0.918352
0.739951	 0.824879
0.743284	 1.03142
0.746617	 0.668087
0.74995	 1.02835
0.753283	 0.653191
0.756616	 0.895051
0.759949	 0.768234
0.763282	 0.386603
0.766616	 0.84445
0.769949	 1.26691
0.773282	 1.11216
0.776615	 0.67984
0.779948	 0.385166
0.783281	 1.28921
0.786614	 0.651479
0.789947	 0.97163
0.79328	 0.947081
0.796614	 0.778285
0.799947	 0.852474
0.80328	 0.708259
0.806613	 0.843671
0.809946	 1.30206
0.813279	 0.94722
0.816612	 0.827662
0.819945	 0.993449
0.823278	 0.965659
0.826612	 1.00429
0.829945	 0.982
0.833278	 0.674619
0.836611	 0.492198
0.839944	 0.492201
0.843277	 0.766866
0.84661	 1.10226
0.849943	 0.967676
0.853276	 0.892356
0.85661	 0.796189
0.859943	 0.608714
0.863276	 1.09876
0.866609	 0.725416
0.869942	 0.621587
0.873275	 0.729945
0.876608	 1.06448
0.879941	 0.796048
0.883274	 0.699007
0.886608	 0.851478
0.889941	 0.783691
0.893274	 0.834274
0.896607	 0.915797
0.89994	 0.807064
0.903273	 0.709168
0.906606	 0.772297
0.909939	 0.994491
0.913272	 0.762681
0.916606	 0.834019
0.919939	 0.909748
0.923272	 0.647197
0.926605	 0.914196
0.929938	 0.629019
0.933271	 1.30359
0.936604	 0.984165
0.939937	 0.753546
0.94327	 0.635022
0.946604	 0.785443
0.949937	 0.943291
0.95327	 0.943239
0.956603	 0.974289
0.959936	 1.24467
0.963269	 0.996981
0.966602	 0.952397
0.969935	 0.954396
0.973268	 1.03525
0.976602	 0.829233
0.979935	 0.93875
0.983268	 0.473596
0.986601	 0.770943
0.989934	 0.660585
0.993267	 0.684144
0.9966	 0.912542
0.999933	 0.83388
1.00327	 0.797082
1.0066	 0.619378
1.00993	 1.16501
1.01327	 0.452295
1.0166	 0.753037
1.01993	 0.64831
1.02327	 0.747664
1.0266	 1.05136
1.02993	 0.847857
1.03326	 0.862832
1.0366	 0.659582
1.03993	 0.655855
1.04326	 0.997081
1.0466	 0.676641
1.04993	 0.811789
1.05326	 0.726787
1.0566	 0.985371
1.05993	 0.653073
1.06326	 0.899647
1.0666	 1.1166
1.06993	 1.18475
1.07326	 0.809747
1.07659	 0.868459
1.07993	 0.996169
1.08326	 0.915875
1.08659	 1.07765
1.08993	 0.747883
1.09326	 0.637767
1.09659	 0.727859
1.09993	 0.916534
1.10326	 0.606715
1.10659	 0.888764
1.10993	 0.881671
1.11326	 0.753723
1.11659	 0.903887
1.11993	 0.824253
1.12326	 0.707975
1.12659	 0.64895
1.12992	 0.662253
1.13326	 1.16032
1.13659	 0.803774
1.13992	 1.15538
1.14326	 0.612155
1.14659	 0.883424
1.14992	 0.63591
1.15326	 0.796438
1.15659	 0.857707
1.15992	 0.771862
1.16326	 1.05562
1.16659	 0.895675
1.16992	 0.760728
1.17326	 0.925798
1.17659	 1.18288
1.17992	 0.757256
1.18325	 0.70144
1.18659	 0.651827
1.18992	 0.667866
1.19325	 0.85884
1.19659	 0.891339
1.19992	 0.941723
1.20325	 0.805973
1.20659	 0.549064
1.20992	 0.633236
1.21325	 0.486268
1.21659	 0.634198
1.21992	 0.551456
1.22325	 0.83521
1.22658	 1.29356
1.22992	 1.08545
1.23325	 0.655185
1.23658	 0.946777
1.23992	 0.912419
1.24325	 0.810111
1.24658	 1.16837
1.24992	 0.95144
1.25325	 0.683181
1.25658	 0.967544
1.25992	 0.523606
1.26325	 0.694183
1.26658	 1.00093
1.26992	 0.808781
1.27325	 0.715435
1.27658	 0.468178
1.27991	 0.993749
1.28325	 0.803858
1.28658	 0.722794
1.28991	 0.566823
1.29325	 0.665835
1.29658	 0.624924
1.29991	 1.13727
1.30325	 0.647392
1.30658	 0.730717
1.30991	 0.792711
1.31325	 0.939069
1.31658	 0.48859
1.31991	 0.781786
1.32325	 1.06363
1.32658	 0.798506
1.32991	 0.811728
1.33324	 0.796703
1.33658	 0.974266
1.33991	 0.57675
1.34324	 0.817354
1.34658	 0.53577
1.34991	 1.11952
1.35324	 0.834471
1.35658	 0.785213
1.35991	 0.400661
1.36324	 0.824203
1.36658	 0.596301
1.36991	 0.756647
1.37324	 0.766112
1.37657	 0.873179
1.37991	 0.505165
1.38324	 0.511572
1.38657	 0.896552
1.38991	 0.705641
1.39324	 0.588581
1.39657	 1.16331
1.39991	 0.857485
1.40324	 0.863727
1.40657	 1.00801
1.40991	 0.954989
1.41324	 0.385604
1.41657	 0.835182
1.41991	 0.822121
1.42324	 0.650607
1.42657	 0.854512
1.4299	 0.578827
1.43324	 1.01985
1.43657	 0.816698
1.4399	 0.880783
1.44324	 0.719655
1.44657	 1.14415
1.4499	 0.682053
1.45324	 0.923526
1.45657	 0.615169
1.4599	 0.36564
1.46324	 0.822509
1.46657	 0.890242
1.4699	 1.04243
1.47324	 0.819389
1.47657	 0.998061
1.4799	 0.713599
1.48323	 0.656007
1.48657	 0.720222
1.4899	 1.2155
1.49323	 0.861947
1.49657	 0.733341
1.4999	 0.458823
1.50323	 1.05036
1.50657	 0.737823
1.5099	 0.625738
1.51323	 0.693231
1.51657	 0.959111
1.5199	 0.775146
1.52323	 0.896149
1.52656	 0.467502
1.5299	 0.915421
1.53323	 0.754211
1.53656	 0.815174
1.5399	 0.500299
1.54323	 0.509507
1.54656	 0.721845
1.5499	 0.512613
1.55323	 0.629284
1.55656	 0.791647
1.5599	 0.994194
1.56323	 0.955815
1.56656	 0.384626
1.5699	 0.996075
1.57323	 0.672944
1.57656	 0.811203
1.57989	 0.968033
1.58323	 0.657677
1.58656	 0.908173
1.58989	 0.683003
1.59323	 0.753603
1.59656	 0.852462
1.59989	 0.99754
1.60323	 0.511842
1.60656	 0.673414
1.60989	 0.802719
1.61323	 0.769288
1.61656	 0.74594
1.61989	 1.14378
1.62323	 0.654278
1.62656	 0.571346
1.62989	 0.839038
1.63322	 0.740855
1.63656	 0.888439
1.63989	 0.332028
1.64322	 0.647007
1.64656	 0.781762
1.64989	 0.836497
1.65322	 0.380236
1.65656	 0.769535
1.65989	 0.715459
1.66322	 0.703885
1.66656	 0.621302
1.66989	 0.98557
1.67322	 0.545622
1.67655	 0.699789
1.67989	 0.828528
1.68322	 0.887634
1.68655	 0.750844
1.68989	 0.701628
1.69322	 0.726976
1.69655	 0.887938
1.69989	 0.629062
1.70322	 1.00345
1.70655	 0.775227
1.70989	 0.665975
1.71322	 0.763487
1.71655	 0.660265
1.71989	 0.444452
1.72322	 0.800784
1.72655	 0.739581
1.72988	 1.02011
1.73322	 1.1134
1.73655	 0.864956
1.73988	 0.962051
1.74322	 1.03512
1.74655	 0.64008
1.74988	 0.729094
1.75322	 0.499537
1.75655	 0.875683
1.75988	 0.664536
1.76322	 0.556501
1.76655	 0.727618
1.76988	 0.63783
1.77322	 0.543419
1.77655	 0.461599
1.77988	 0.576973
1.78321	 0.720313
1.78655	 0.726384
1.78988	 0.692215
1.79321	 0.79323
1.79655	 0.677651
1.79988	 0.89568
1.80321	 0.695309
1.80655	 0.746348
1.80988	 0.845968
1.81321	 1.02723
1.81655	 0.519896
1.81988	 0.684769
1.82321	 0.782636
1.82654	 0.792956
1.82988	 0.484795
1.83321	 0.859452
1.83654	 0.801982
1.83988	 0.670852
1.84321	 0.767019
1.84654	 0.883461
1.84988	 0.652326
1.85321	 0.958492
1.85654	 0.79256
1.85988	 0.515526
1.86321	 0.668702
1.86654	 0.994733
1.86988	 0.67026
1.87321	 0.772431
1.87654	 0.804972
1.87987	 0.486352
1.88321	 0.952732
1.88654	 0.550112
1.88987	 0.842694
1.89321	 1.02921
1.89654	 0.986877
1.89987	 0.893506
1.90321	 0.83143
1.90654	 0.956529
1.90987	 0.584555
1.91321	 1.08325
1.91654	 0.440552
1.91987	 0.661087
1.92321	 0.840373
1.92654	 0.614349
1.92987	 0.740148
1.9332	 0.547094
1.93654	 0.586929
1.93987	 0.779242
1.9432	 0.99166
1.94654	 0.796568
1.94987	 0.728324
1.9532	 0.972918
1.95654	 0.594753
1.95987	 0.682575
1.9632	 0.706938
1.96654	 0.761392
1.96987	 0.829295
1.9732	 0.874498
1.97653	 0.495754
1.97987	 0.727223
1.9832	 0.813931
1.98653	 0.76284
1.98987	 0.799019
1.9932	 0.995327
1.99653	 0.597139
1.99987	 0.87454
2.0032	 1.03374
2.00653	 0.747231
2.00987	 0.764771
2.0132	 1.25981
2.01653	 0.640283
2.01987	 0.910508
2.0232	 0.762172
2.02653	 0.986227
2.02986	 0.529457
2.0332	 0.584992
2.03653	 0.86444
2.03986	 0.791355
2.0432	 0.605888
2.04653	 0.854279
2.04986	 0.864451
2.0532	 0.500865
2.05653	 0.535381
2.05986	 0.77594
2.0632	 0.867373
2.06653	 0.614168
2.06986	 0.482424
2.0732	 0.759558
2.07653	 0.724238
2.07986	 1.01391
2.08319	 0.742721
2.08653	 0.656849
2.08986	 0.891356
2.09319	 0.917461
2.09653	 1.15663
2.09986	 0.656188
2.10319	 0.542484
2.10653	 1.02116
2.10986	 0.82542
2.11319	 0.557596
2.11653	 0.44949
2.11986	 0.620001
2.12319	 0.61079
2.12652	 0.785547
2.12986	 0.907708
2.13319	 1.09826
2.13652	 0.802477
2.13986	 0.659186
2.14319	 0.683776
2.14652	 0.669585
2.14986	 0.873594
2.15319	 1.00961
2.15652	 0.740663
2.15986	 0.702028
2.16319	 0.665261
2.16652	 0.765185
2.16986	 0.467649
2.17319	 0.765682
2.17652	 0.807131
2.17985	 0.748388
2.18319	 0.775044
2.18652	 0.570318
2.18985	 0.96835
2.19319	 0.41365
2.19652	 0.44872
2.19985	 0.761545
2.20319	 0.704868
2.20652	 1.01631
2.20985	 0.49961
2.21319	 0.769421
2.21652	 0.676272
2.21985	 0.828097
2.22319	 0.606551
2.22652	 0.620492
2.22985	 0.667162
2.23318	 1.05427
2.23652	 0.824941
2.23985	 0.553287
2.24318	 0.651325
2.24652	 0.697688
2.24985	 0.809963
2.25318	 1.08813
2.25652	 0.37068
2.25985	 0.902085
2.26318	 0.823417
2.26652	 0.768935
2.26985	 0.974438
2.27318	 0.600896
2.27651	 0.861504
2.27985	 0.616597
2.28318	 0.524631
2.28651	 0.582001
2.28985	 0.659278
2.29318	 0.525763
2.29651	 0.650114
2.29985	 0.754014
2.30318	 0.654957
2.30651	 0.669072
2.30985	 0.248406
2.31318	 0.489848
2.31651	 0.721992
2.31985	 0.788972
2.32318	 0.926497
2.32651	 0.959907
2.32984	 0.729101
2.33318	 0.887427
2.33651	 0.986232
2.33984	 0.598732
2.34318	 0.793235
2.34651	 0.507991
2.34984	 0.680419
2.35318	 0.797313
2.35651	 0.757467
2.35984	 0.720584
2.36318	 0.812185
2.36651	 0.676585
2.36984	 0.896823
2.37318	 0.979383
2.37651	 0.700015
2.37984	 0.522053
2.38317	 0.649023
2.38651	 0.669132
2.38984	 0.90012
2.39317	 0.812218
2.39651	 0.612721
2.39984	 0.855109
2.40317	 0.702425
2.40651	 0.620243
2.40984	 1.01952
2.41317	 0.637998
2.41651	 0.774567
2.41984	 0.772778
2.42317	 0.504513
2.4265	 0.602188
2.42984	 0.851649
2.43317	 0.846931
2.4365	 1.02127
2.43984	 0.969483
2.44317	 0.789015
2.4465	 0.908349
2.44984	 0.97252
2.45317	 0.696368
2.4565	 0.735551
2.45984	 0.919493
2.46317	 0.5722
2.4665	 0.519957
2.46984	 0.585306
2.47317	 0.750524
2.4765	 0.261941
2.47983	 0.520782
2.48317	 0.589821
2.4865	 0.581904
2.48983	 0.373223
2.49317	 1.20671
2.4965	 0.850122
2.49983	 0.767112
2.50317	 0.753636
2.5065	 0.488014
2.50983	 0.692109
2.51317	 0.556402
2.5165	 0.672963
2.51983	 0.426694
2.52317	 0.625791
2.5265	 0.663001
2.52983	 0.724045
2.53316	 0.876005
2.5365	 0.555286
2.53983	 0.744062
2.54316	 0.791905
2.5465	 0.801648
2.54983	 0.688138
2.55316	 0.548215
2.5565	 1.1464
2.55983	 0.681249
2.56316	 0.740467
2.5665	 0.732925
2.56983	 0.68855
2.57316	 0.914926
2.57649	 0.971232
2.57983	 0.865062
2.58316	 0.738496
2.58649	 0.691683
2.58983	 0.770747
2.59316	 0.693565
2.59649	 0.627633
2.59983	 0.788298
2.60316	 0.526743
2.60649	 1.05125
2.60983	 0.693045
2.61316	 0.910242
2.61649	 0.72575
2.61983	 0.660429
2.62316	 0.828578
2.62649	 0.649479
2.62982	 0.491899
2.63316	 0.668873
2.63649	 0.568308
2.63982	 0.808111
2.64316	 0.56887
2.64649	 0.508724
2.64982	 0.843518
2.65316	 0.473065
2.65649	 0.951685
2.65982	 0.612675
2.66316	 0.657255
2.66649	 0.482828
2.66982	 0.645316
2.67316	 0.597162
2.67649	 0.732241
2.67982	 0.621345
2.68315	 0.730902
2.68649	 0.702764
2.68982	 0.552684
2.69315	 0.669832
2.69649	 0.514305
2.69982	 0.749445
2.70315	 0.492914
2.70649	 0.72573
2.70982	 0.54752
2.71315	 0.847539
2.71649	 0.824375
2.71982	 0.741461
2.72315	 0.92297
2.72648	 0.555699
2.72982	 0.907783
2.73315	 0.748178
2.73648	 0.696716
2.73982	 0.651328
2.74315	 0.83325
2.74648	 0.894796
2.74982	 0.620335
2.75315	 0.854487
2.75648	 0.963768
2.75982	 0.611209
2.76315	 0.481334
2.76648	 0.882574
2.76982	 0.826708
2.77315	 0.681079
2.77648	 0.370957
2.77981	 0.67774
2.78315	 1.03859
2.78648	 0.540861
2.78981	 0.38029
2.79315	 0.50968
2.79648	 0.79737
2.79981	 0.734946
2.80315	 0.91347
2.80648	 0.717216
2.80981	 0.653104
2.81315	 0.579005
2.81648	 0.906514
2.81981	 0.747197
2.82315	 0.663614
2.82648	 0.41741
2.82981	 0.499272
2.83314	 0.48715
2.83648	 0.531244
2.83981	 0.636529
2.84314	 0.524024
2.84648	 0.485806
2.84981	 0.607791
2.85314	 0.692932
2.85648	 0.678472
2.85981	 0.894618
2.86314	 0.460274
2.86648	 0.627143
2.86981	 0.650037
2.87314	 0.757819
2.87647	 0.535525
2.87981	 0.815116
2.88314	 0.995285
2.88647	 0.5228
2.88981	 0.670036
2.89314	 0.610296
2.89647	 0.653572
2.89981	 0.671853
2.90314	 0.596422
2.90647	 0.512082
2.90981	 0.690492
2.91314	 0.663142
2.91647	 0.636968
2.91981	 0.629802
2.92314	 0.565271
2.92647	 0.578649
2.9298	 0.769879
2.93314	 0.43828
2.93647	 0.501567
2.9398	 0.72741
2.94314	 0.5847
2.94647	 0.738992
2.9498	 0.672501
2.95314	 0.954685
2.95647	 0.73539
2.9598	 0.678297
2.96314	 0.722955
2.96647	 0.764987
2.9698	 0.705019
2.97314	 0.585652
2.97647	 0.592992
2.9798	 0.431712
2.98313	 0.505082
2.98647	 0.868334
2.9898	 0.775389
2.99313	 0.514888
2.99647	 0.441225
2.9998	 0.827323
3.00313	 0.531753
3.00647	 0.575367
3.0098	 0.764887
3.01313	 0.617758
3.01647	 0.642055
3.0198	 0.531845
3.02313	 0.65059
3.02646	 0.474776
3.0298	 0.524959
3.03313	 0.834305
3.03646	 0.70146
3.0398	 0.677986
3.04313	 0.684054
3.04646	 0.715179
3.0498	 0.815966
3.05313	 0.606934
3.05646	 0.417881
3.0598	 0.765211
3.06313	 0.58886
3.06646	 0.820826
3.0698	 0.434406
3.07313	 0.931609
3.07646	 0.649759
3.07979	 0.640962
3.08313	 0.614756
3.08646	 0.682542
3.08979	 0.697649
3.09313	 0.735317
3.09646	 0.347831
3.09979	 0.387108
3.10313	 0.529521
3.10646	 0.590162
3.10979	 0.758029
3.11313	 0.607228
3.11646	 0.726419
3.11979	 0.447744
3.12313	 0.467887
3.12646	 0.816377
3.12979	 0.421286
3.13312	 0.764457
3.13646	 0.519483
3.13979	 0.557223
3.14312	 0.437154
3.14646	 0.627265
3.14979	 0.612176
3.15312	 0.765863
3.15646	 0.626956
3.15979	 0.752472
3.16312	 0.71071
3.16646	 0.753733
3.16979	 0.597548
3.17312	 0.691896
3.17645	 0.542238
3.17979	 0.568717
3.18312	 0.452175
3.18645	 0.758786
3.18979	 0.657129
3.19312	 0.480725
3.19645	 0.746013
3.19979	 0.656999
3.20312	 0.618456
3.20645	 0.827899
3.20979	 0.701829
3.21312	 0.843329
3.21645	 0.526951
3.21979	 0.410508
3.22312	 0.432146
3.22645	 0.874495
3.22978	 0.721885
3.23312	 0.610091
3.23645	 0.75682
3.23978	 0.545753
3.24312	 0.452496
3.24645	 0.503933
3.24978	 0.433005
3.25312	 0.582144
3.25645	 0.497364
3.25978	 0.543326
3.26312	 0.651476
3.26645	 0.54086
3.26978	 0.627328
3.27312	 0.53791
3.27645	 0.80078
3.27978	 0.68342
3.28311	 0.709042
3.28645	 0.419108
3.28978	 0.531894
3.29311	 0.744247
3.29645	 0.664746
3.29978	 0.67843
3.30311	 0.436114
3.30645	 0.734327
3.30978	 0.577155
3.31311	 0.692037
3.31645	 0.728491
3.31978	 0.620443
3.32311	 0.504493
3.32644	 0.455984
3.32978	 0.585949
3.33311	 0.571812
3.33644	 0.727784
3.33978	 0.72596
3.34311	 0.386965
3.34644	 0.623214
3.34978	 0.603966
3.35311	 0.628306
3.35644	 0.705319
3.35978	 0.627198
3.36311	 0.788075
3.36644	 0.61252
3.36978	 0.36822
3.37311	 0.700998
3.37644	 0.444121
3.37977	 0.476894
3.38311	 0.747166
3.38644	 0.508959
3.38977	 0.430649
3.39311	 0.446053
3.39644	 0.584817
3.39977	 0.723604
3.40311	 0.559424
3.40644	 0.62267
3.40977	 0.820003
3.41311	 0.556954
3.41644	 0.804392
3.41977	 0.582355
3.42311	 0.566531
3.42644	 0.458296
3.42977	 0.822077
3.4331	 0.643501
3.43644	 0.699923
3.43977	 0.533916
3.4431	 0.724533
3.44644	 0.670016
3.44977	 0.626072
3.4531	 0.48628
3.45644	 0.474723
3.45977	 0.491403
3.4631	 0.441277
3.46644	 0.468939
3.46977	 0.939065
3.4731	 0.377496
3.47643	 0.458945
3.47977	 0.668376
3.4831	 0.854377
3.48643	 0.599807
3.48977	 0.730759
3.4931	 0.590938
3.49643	 0.378017
3.49977	 0.780404
3.5031	 0.596331
3.50643	 0.636944
3.50977	 0.813453
3.5131	 0.537435
3.51643	 0.558038
3.51977	 0.414249
3.5231	 0.629456
3.52643	 0.718468
3.52976	 0.711015
3.5331	 0.731729
3.53643	 0.754638
3.53976	 1.01525
3.5431	 0.77964
3.54643	 0.782711
3.54976	 0.525378
3.5531	 0.457711
3.55643	 0.694116
3.55976	 0.608253
3.5631	 0.483003
3.56643	 0.652998
3.56976	 0.55793
3.5731	 0.561035
3.57643	 0.473736
3.57976	 0.553564
3.58309	 0.688763
3.58643	 0.497539
3.58976	 0.692692
3.59309	 0.507663
3.59643	 0.423786
3.59976	 0.859001
3.60309	 0.517198
3.60643	 0.739727
3.60976	 0.477156
3.61309	 0.528521
3.61643	 0.839606
3.61976	 0.427194
3.62309	 0.647637
3.62642	 0.47213
3.62976	 0.607334
3.63309	 0.513894
3.63642	 0.778783
3.63976	 0.751881
3.64309	 0.516706
3.64642	 0.578674
3.64976	 0.50532
3.65309	 0.683457
3.65642	 0.56886
3.65976	 0.810305
3.66309	 0.425815
3.66642	 0.503026
3.66976	 0.520816
3.67309	 0.815655
3.67642	 0.613784
3.67975	 0.462045
3.68309	 0.697964
3.68642	 0.624163
3.68975	 0.762057
3.69309	 0.652399
3.69642	 0.49335
3.69975	 0.83828
3.70309	 0.779301
3.70642	 0.485267
3.70975	 0.726766
3.71309	 0.582946
3.71642	 0.569982
3.71975	 0.565614
3.72309	 0.426964
3.72642	 0.637145
3.72975	 0.631194
3.73308	 0.728439
3.73642	 0.492678
3.73975	 0.746504
3.74308	 0.857188
3.74642	 0.697607
3.74975	 0.502436
3.75308	 0.757559
3.75642	 0.680077
3.75975	 0.362408
3.76308	 0.727848
3.76642	 0.537874
3.76975	 0.640796
3.77308	 0.572551
3.77641	 0.697093
3.77975	 0.384605
3.78308	 0.618449
3.78641	 0.467699
3.78975	 0.746311
3.79308	 0.592278
3.79641	 0.523698
3.79975	 0.743725
3.80308	 0.574622
3.80641	 0.553832
3.80975	 0.598489
3.81308	 0.46122
3.81641	 0.31329
3.81975	 0.541383
3.82308	 0.507551
3.82641	 0.495981
3.82974	 0.708613
3.83308	 0.711609
3.83641	 0.524768
3.83974	 0.578813
3.84308	 0.70485
3.84641	 0.478506
3.84974	 0.619467
3.85308	 0.615459
3.85641	 0.894142
3.85974	 0.703248
3.86308	 0.612689
3.86641	 0.642521
3.86974	 0.44741
3.87308	 0.447393
3.87641	 0.608066
3.87974	 0.611794
3.88307	 0.552691
3.88641	 0.644047
3.88974	 0.542748
3.89307	 0.383002
3.89641	 0.664951
3.89974	 0.700232
3.90307	 0.640669
3.90641	 0.503469
3.90974	 0.517501
3.91307	 0.685373
3.91641	 0.554723
3.91974	 0.88787
3.92307	 0.757245
3.9264	 0.625143
3.92974	 0.706733
3.93307	 0.592563
3.9364	 0.551592
3.93974	 0.686758
3.94307	 0.403858
3.9464	 0.744629
3.94974	 0.433517
3.95307	 0.88584
3.9564	 0.826374
3.95974	 0.450221
3.96307	 0.550617
3.9664	 0.403211
3.96974	 0.461763
3.97307	 0.633836
3.9764	 0.545648
3.97973	 0.683809
3.98307	 0.756907
3.9864	 0.49291
3.98973	 0.412258
3.99307	 0.42972
3.9964	 0.417364
3.99973	 0.507205
4.00307	 0.337773
4.0064	 0.526155
4.00973	 0.527391
4.01307	 0.574171
4.0164	 0.564708
4.01973	 0.450518
4.02307	 0.716307
4.0264	 0.645627
4.02973	 0.667997
4.03306	 0.414717
4.0364	 0.696269
4.03973	 0.706002
4.04306	 0.709935
4.0464	 0.772953
4.04973	 0.668573
4.05306	 0.497573
4.0564	 0.70868
4.05973	 0.713453
4.06306	 0.530406
4.0664	 0.410424
4.06973	 0.584169
4.07306	 0.572836
4.07639	 0.487954
4.07973	 0.433516
4.08306	 0.637995
4.08639	 0.268923
4.08973	 0.422377
4.09306	 0.650919
4.09639	 0.559683
4.09973	 0.678737
4.10306	 0.493931
4.10639	 0.430755
4.10973	 0.563598
4.11306	 0.773834
4.11639	 0.568466
4.11973	 0.491473
4.12306	 0.708876
4.12639	 0.462775
4.12972	 0.533087
4.13306	 0.417385
4.13639	 0.442729
4.13972	 0.34797
4.14306	 0.566544
4.14639	 0.572432
4.14972	 0.4904
4.15306	 0.725553
4.15639	 0.501128
4.15972	 0.633315
4.16306	 0.500677
4.16639	 0.493811
4.16972	 0.5508
4.17306	 0.566145
4.17639	 0.465624
4.17972	 0.571626
4.18305	 0.654642
4.18639	 0.344925
4.18972	 0.488801
4.19305	 0.480847
4.19639	 0.49247
4.19972	 0.516676
4.20305	 0.513157
4.20639	 0.611198
4.20972	 0.326858
4.21305	 0.416927
4.21639	 0.376219
4.21972	 0.72081
4.22305	 0.547175
4.22638	 0.557067
4.22972	 0.47198
4.23305	 0.511806
4.23638	 0.652669
4.23972	 0.439456
4.24305	 0.562365
4.24638	 0.76599
4.24972	 0.76454
4.25305	 0.584567
4.25638	 0.522767
4.25972	 0.522046
4.26305	 0.702396
4.26638	 0.512897
4.26972	 0.647823
4.27305	 0.863388
4.27638	 0.639955
4.27971	 0.699854
4.28305	 0.391742
4.28638	 0.583699
4.28971	 0.391602
4.29305	 0.644977
4.29638	 0.587927
4.29971	 0.436016
4.30305	 0.687881
4.30638	 0.361177
4.30971	 0.603427
4.31305	 0.618599
4.31638	 0.525104
4.31971	 0.697764
4.32305	 0.432847
4.32638	 0.516611
4.32971	 0.58519
4.33304	 0.626153
4.33638	 0.474405
4.33971	 0.597546
4.34304	 0.437604
4.34638	 0.348117
4.34971	 0.400674
4.35304	 0.694554
4.35638	 0.654487
4.35971	 0.482352
4.36304	 0.460922
4.36638	 0.426939
4.36971	 0.417559
4.37304	 0.434842
4.37637	 0.551517
4.37971	 0.406318
4.38304	 0.533651
4.38637	 0.481203
4.38971	 0.758053
4.39304	 0.440473
4.39637	 0.690607
4.39971	 0.489858
4.40304	 0.505345
4.40637	 0.67247
4.40971	 0.634617
4.41304	 0.684767
4.41637	 0.399679
4.41971	 0.403022
4.42304	 0.552842
4.42637	 0.49504
4.4297	 0.588508
4.43304	 0.676491
4.43637	 0.89157
4.4397	 0.416134
4.44304	 0.622855
4.44637	 0.488843
4.4497	 0.505905
4.45304	 0.557417
4.45637	 0.63767
4.4597	 0.611167
4.46304	 0.667491
4.46637	 0.59407
4.4697	 0.460824
4.47304	 0.537449
4.47637	 0.685338
4.4797	 0.587214
4.48303	 0.673009
4.48637	 0.369894
4.4897	 0.464899
4.49303	 0.482075
4.49637	 0.516271
4.4997	 0.569613
4.50303	 0.63749
4.50637	 0.572255
4.5097	 0.606239
4.51303	 0.378898
4.51637	 0.725807
4.5197	 0.536321
4.52303	 0.519642
4.52636	 0.518663
4.5297	 0.840111
4.53303	 0.443667
4.53636	 0.611863
4.5397	 0.625501
4.54303	 0.682694
4.54636	 0.396972
4.5497	 0.651154
4.55303	 0.591562
4.55636	 0.640596
4.5597	 0.583432
4.56303	 0.610536
4.56636	 0.765261
4.5697	 0.718544
4.57303	 0.420267
4.57636	 0.622256
4.57969	 0.583331
4.58303	 0.447726
4.58636	 0.311956
4.58969	 0.438691
4.59303	 0.384048
4.59636	 0.645541
4.59969	 0.569864
4.60303	 0.533388
4.60636	 0.490018
4.60969	 0.588455
4.61303	 0.598398
4.61636	 0.62441
4.61969	 0.412038
4.62303	 0.668336
4.62636	 0.517383
4.62969	 0.457648
4.63302	 0.625359
4.63636	 0.522616
4.63969	 0.637435
4.64302	 0.513306
4.64636	 0.748184
4.64969	 0.788542
4.65302	 0.49582
4.65636	 0.332247
4.65969	 0.405991
4.66302	 0.4654
4.66636	 0.506061
4.66969	 0.360686
4.67302	 0.515813
4.67635	 0.739668
4.67969	 0.400791
4.68302	 0.268377
4.68635	 0.557968
4.68969	 0.575166
4.69302	 0.529441
4.69635	 0.561314
4.69969	 0.476873
4.70302	 0.461031
4.70635	 0.475899
4.70969	 0.39774
4.71302	 0.582459
4.71635	 0.594691
4.71969	 0.698991
4.72302	 0.614098
4.72635	 0.548303
4.72968	 0.404523
4.73302	 0.456685
4.73635	 0.406733
4.73968	 0.549168
4.74302	 0.455478
4.74635	 0.641425
4.74968	 0.600171
4.75302	 0.510371
4.75635	 0.464594
4.75968	 0.715122
4.76302	 0.499397
4.76635	 0.706453
4.76968	 0.636065
4.77302	 0.473751
4.77635	 0.415658
4.77968	 0.516302
4.78301	 0.355647
4.78635	 0.455095
4.78968	 0.408814
4.79301	 0.577957
4.79635	 0.373213
4.79968	 0.390486
4.80301	 0.627119
4.80635	 0.435626
4.80968	 0.459096
4.81301	 0.575016
4.81635	 0.371132
4.81968	 0.739564
4.82301	 0.448777
4.82634	 0.56129
4.82968	 0.43349
4.83301	 0.282101
4.83634	 0.42471
4.83968	 0.651707
4.84301	 0.550896
4.84634	 0.441065
4.84968	 0.427131
4.85301	 0.431272
4.85634	 0.597181
4.85968	 0.311782
4.86301	 0.293931
4.86634	 0.633357
4.86968	 0.453472
4.87301	 0.594586
4.87634	 0.46968
4.87967	 0.538642
4.88301	 0.542358
4.88634	 0.498414
4.88967	 0.664132
4.89301	 0.387863
4.89634	 0.586056
4.89967	 0.44266
4.90301	 0.563076
4.90634	 0.56278
4.90967	 0.399952
4.91301	 0.503457
4.91634	 0.460814
4.91967	 0.571869
4.92301	 0.363166
4.92634	 0.601929
4.92967	 0.633112
4.933	 0.430441
4.93634	 0.60709
4.93967	 0.526555
4.943	 0.466198
4.94634	 0.443163
4.94967	 0.316054
4.953	 0.524736
4.95634	 0.417348
4.95967	 0.485793
4.963	 0.571776
4.96634	 0.457833
4.96967	 0.475155
4.973	 0.526444
4.97633	 0.480512
4.97967	 0.394506
4.983	 0.396913
4.98633	 0.657495
4.98967	 0.398437
4.993	 0.517756
4.99633	 0.464907
