# Frequency [GHz] 	Fouriercomponent
-4.99967	 0.0028116
-4.99633	 0.00295595
-4.993	 0.00381132
-4.98967	 0.00248584
-4.98633	 0.00279771
-4.983	 0.00294362
-4.97967	 0.00219475
-4.97633	 0.00279158
-4.973	 0.0023812
-4.96967	 0.00256392
-4.96634	 0.00256669
-4.963	 0.00302302
-4.95967	 0.00294194
-4.95634	 0.00295042
-4.953	 0.00278028
-4.94967	 0.00183323
-4.94634	 0.00386686
-4.943	 0.00361884
-4.93967	 0.00187711
-4.93634	 0.00344121
-4.933	 0.00505986
-4.92967	 0.00428625
-4.92634	 0.00311007
-4.92301	 0.00372075
-4.91967	 0.00234885
-4.91634	 0.00449545
-4.91301	 0.00365712
-4.90967	 0.00369101
-4.90634	 0.00355394
-4.90301	 0.00331441
-4.89967	 0.00278728
-4.89634	 0.00322244
-4.89301	 0.00380866
-4.88967	 0.00516385
-4.88634	 0.0035939
-4.88301	 0.00360929
-4.87967	 0.00559237
-4.87634	 0.00430765
-4.87301	 0.00361167
-4.86968	 0.00278872
-4.86634	 0.00406711
-4.86301	 0.00519444
-4.85968	 0.00329883
-4.85634	 0.0042608
-4.85301	 0.00344959
-4.84968	 0.00468046
-4.84634	 0.00337555
-4.84301	 0.00479518
-4.83968	 0.0036077
-4.83634	 0.00468751
-4.83301	 0.00425052
-4.82968	 0.00472645
-4.82634	 0.00425186
-4.82301	 0.00421484
-4.81968	 0.00347748
-4.81635	 0.00513615
-4.81301	 0.00349648
-4.80968	 0.00386813
-4.80635	 0.00364651
-4.80301	 0.00374932
-4.79968	 0.0037651
-4.79635	 0.00387596
-4.79301	 0.00321704
-4.78968	 0.00312988
-4.78635	 0.00304523
-4.78301	 0.00473096
-4.77968	 0.00447565
-4.77635	 0.00444309
-4.77302	 0.00176388
-4.76968	 0.00297704
-4.76635	 0.00271476
-4.76302	 0.00432895
-4.75968	 0.00470584
-4.75635	 0.00343381
-4.75302	 0.00441394
-4.74968	 0.00424909
-4.74635	 0.00314854
-4.74302	 0.00320187
-4.73968	 0.00331305
-4.73635	 0.00517119
-4.73302	 0.00276216
-4.72968	 0.00424428
-4.72635	 0.00453617
-4.72302	 0.00217165
-4.71969	 0.00290654
-4.71635	 0.00292063
-4.71302	 0.00367332
-4.70969	 0.00255508
-4.70635	 0.00338712
-4.70302	 0.00325684
-4.69969	 0.00277221
-4.69635	 0.00265985
-4.69302	 0.00343464
-4.68969	 0.00189562
-4.68635	 0.00237501
-4.68302	 0.00290872
-4.67969	 0.00308794
-4.67635	 0.00293153
-4.67302	 0.00410738
-4.66969	 0.00275389
-4.66636	 0.00257153
-4.66302	 0.00287613
-4.65969	 0.00259651
-4.65636	 0.00211375
-4.65302	 0.00374533
-4.64969	 0.00294765
-4.64636	 0.0023429
-4.64302	 0.00230628
-4.63969	 0.00282716
-4.63636	 0.00231796
-4.63302	 0.00230465
-4.62969	 0.00180779
-4.62636	 0.00174703
-4.62303	 0.00202067
-4.61969	 0.00251889
-4.61636	 0.00263918
-4.61303	 0.0018588
-4.60969	 0.00133516
-4.60636	 0.00273752
-4.60303	 0.00174793
-4.59969	 0.00271982
-4.59636	 0.00184633
-4.59303	 0.00164527
-4.58969	 0.00169258
-4.58636	 0.00244882
-4.58303	 0.00186184
-4.57969	 0.00324115
-4.57636	 0.00182699
-4.57303	 0.00280804
-4.5697	 0.00204871
-4.56636	 0.00162971
-4.56303	 0.00213943
-4.5597	 0.00160448
-4.55636	 0.00241207
-4.55303	 0.00168354
-4.5497	 0.00190243
-4.54636	 0.00139736
-4.54303	 0.00170358
-4.5397	 0.00232125
-4.53636	 0.00199404
-4.53303	 0.00221794
-4.5297	 0.00120013
-4.52636	 0.00196306
-4.52303	 0.00159628
-4.5197	 0.0020855
-4.51637	 0.00157901
-4.51303	 0.00178262
-4.5097	 0.00214368
-4.50637	 0.00199864
-4.50303	 0.00148097
-4.4997	 0.00180484
-4.49637	 0.00192828
-4.49303	 0.00191931
-4.4897	 0.00232537
-4.48637	 0.00138014
-4.48303	 0.00121986
-4.4797	 0.00242798
-4.47637	 0.00115428
-4.47304	 0.00115467
-4.4697	 0.00162845
-4.46637	 0.00171387
-4.46304	 0.00163338
-4.4597	 0.00115757
-4.45637	 0.00141828
-4.45304	 0.0016262
-4.4497	 0.00228306
-4.44637	 0.00127061
-4.44304	 0.00148807
-4.4397	 0.00138538
-4.43637	 0.00136773
-4.43304	 0.00126079
-4.4297	 0.00154941
-4.42637	 0.00132331
-4.42304	 0.000952527
-4.41971	 0.00206156
-4.41637	 0.00185213
-4.41304	 0.00227603
-4.40971	 0.00144088
-4.40637	 0.00153379
-4.40304	 0.00125507
-4.39971	 0.00105307
-4.39637	 0.00149539
-4.39304	 0.00135111
-4.38971	 0.00207141
-4.38637	 0.0015609
-4.38304	 0.00122351
-4.37971	 0.00127028
-4.37637	 0.00130077
-4.37304	 0.00190485
-4.36971	 0.00200769
-4.36638	 0.00124028
-4.36304	 0.00124188
-4.35971	 0.00200706
-4.35638	 0.00146371
-4.35304	 0.000954272
-4.34971	 0.00120321
-4.34638	 0.00164296
-4.34304	 0.00142431
-4.33971	 0.00144466
-4.33638	 0.00168257
-4.33304	 0.00225587
-4.32971	 0.00123112
-4.32638	 0.00162499
-4.32305	 0.00124098
-4.31971	 0.00148094
-4.31638	 0.00109468
-4.31305	 0.00169397
-4.30971	 0.00189662
-4.30638	 0.00156535
-4.30305	 0.00146449
-4.29971	 0.00155374
-4.29638	 0.00141191
-4.29305	 0.00152241
-4.28971	 0.00117824
-4.28638	 0.00120032
-4.28305	 0.00117078
-4.27971	 0.0011269
-4.27638	 0.00137355
-4.27305	 0.00146862
-4.26972	 0.00164666
-4.26638	 0.0016
-4.26305	 0.00160664
-4.25972	 0.00159164
-4.25638	 0.0016012
-4.25305	 0.00189392
-4.24972	 0.00134668
-4.24638	 0.00102991
-4.24305	 0.0010621
-4.23972	 0.00144196
-4.23638	 0.00135834
-4.23305	 0.00120198
-4.22972	 0.00106476
-4.22638	 0.00139829
-4.22305	 0.00110207
-4.21972	 0.00137136
-4.21639	 0.00165962
-4.21305	 0.00101315
-4.20972	 0.00123566
-4.20639	 0.00117982
-4.20305	 0.0013313
-4.19972	 0.0010895
-4.19639	 0.00152579
-4.19305	 0.00185319
-4.18972	 0.00140624
-4.18639	 0.00205881
-4.18305	 0.00178999
-4.17972	 0.00163168
-4.17639	 0.0015177
-4.17306	 0.00203961
-4.16972	 0.0016961
-4.16639	 0.00118991
-4.16306	 0.00145779
-4.15972	 0.0015376
-4.15639	 0.00137784
-4.15306	 0.0016358
-4.14972	 0.000957455
-4.14639	 0.00233373
-4.14306	 0.0013869
-4.13972	 0.000692311
-4.13639	 0.00174943
-4.13306	 0.00157492
-4.12972	 0.00137051
-4.12639	 0.001676
-4.12306	 0.00143979
-4.11973	 0.00162274
-4.11639	 0.0010204
-4.11306	 0.00176988
-4.10973	 0.00132036
-4.10639	 0.00169003
-4.10306	 0.00169364
-4.09973	 0.00170421
-4.09639	 0.00163915
-4.09306	 0.00186265
-4.08973	 0.00140484
-4.08639	 0.00100695
-4.08306	 0.00125212
-4.07973	 0.00179444
-4.07639	 0.0012341
-4.07306	 0.0020207
-4.06973	 0.00177081
-4.0664	 0.0013169
-4.06306	 0.00180253
-4.05973	 0.00184052
-4.0564	 0.00156368
-4.05306	 0.00190545
-4.04973	 0.00132192
-4.0464	 0.00198293
-4.04306	 0.00102102
-4.03973	 0.00162839
-4.0364	 0.00121836
-4.03306	 0.0016722
-4.02973	 0.00100031
-4.0264	 0.00197571
-4.02307	 0.00190423
-4.01973	 0.0016651
-4.0164	 0.00157324
-4.01307	 0.00165195
-4.00973	 0.00186926
-4.0064	 0.00199742
-4.00307	 0.00157396
-3.99973	 0.00191114
-3.9964	 0.00159275
-3.99307	 0.00157141
-3.98973	 0.00172053
-3.9864	 0.00253423
-3.98307	 0.00227236
-3.97973	 0.00122963
-3.9764	 0.00185772
-3.97307	 0.00195984
-3.96974	 0.00207862
-3.9664	 0.00228483
-3.96307	 0.00182807
-3.95974	 0.00187197
-3.9564	 0.00199013
-3.95307	 0.00212082
-3.94974	 0.00173725
-3.9464	 0.00232116
-3.94307	 0.00127376
-3.93974	 0.001918
-3.9364	 0.001741
-3.93307	 0.00239257
-3.92974	 0.0017111
-3.9264	 0.00169721
-3.92307	 0.00192577
-3.91974	 0.0014887
-3.91641	 0.00146999
-3.91307	 0.00247228
-3.90974	 0.00218323
-3.90641	 0.00186651
-3.90307	 0.0018331
-3.89974	 0.00124784
-3.89641	 0.00148316
-3.89307	 0.00340749
-3.88974	 0.00160564
-3.88641	 0.00170572
-3.88307	 0.00236188
-3.87974	 0.00188681
-3.87641	 0.00235101
-3.87308	 0.00198203
-3.86974	 0.00167328
-3.86641	 0.00191581
-3.86308	 0.00181222
-3.85974	 0.00180055
-3.85641	 0.00180714
-3.85308	 0.00241377
-3.84974	 0.00251442
-3.84641	 0.00306884
-3.84308	 0.00258662
-3.83974	 0.00200674
-3.83641	 0.00152625
-3.83308	 0.00227462
-3.82974	 0.00222511
-3.82641	 0.00161149
-3.82308	 0.00359029
-3.81975	 0.00298561
-3.81641	 0.00193965
-3.81308	 0.00328897
-3.80975	 0.00291816
-3.80641	 0.00165552
-3.80308	 0.00333855
-3.79975	 0.00150943
-3.79641	 0.00292689
-3.79308	 0.00327819
-3.78975	 0.00206691
-3.78641	 0.00202909
-3.78308	 0.00239281
-3.77975	 0.00327059
-3.77641	 0.00313071
-3.77308	 0.00292739
-3.76975	 0.00301719
-3.76642	 0.00354661
-3.76308	 0.00377635
-3.75975	 0.00294432
-3.75642	 0.00223765
-3.75308	 0.00434654
-3.74975	 0.00445389
-3.74642	 0.00506057
-3.74308	 0.00275297
-3.73975	 0.00398427
-3.73642	 0.00420457
-3.73308	 0.0033243
-3.72975	 0.00474921
-3.72642	 0.00411917
-3.72309	 0.00425372
-3.71975	 0.00460201
-3.71642	 0.00416674
-3.71309	 0.0037022
-3.70975	 0.00399834
-3.70642	 0.00481312
-3.70309	 0.0046057
-3.69975	 0.00525972
-3.69642	 0.00555017
-3.69309	 0.0040043
-3.68975	 0.00367674
-3.68642	 0.00397645
-3.68309	 0.00388671
-3.67975	 0.00535917
-3.67642	 0.00437028
-3.67309	 0.00484911
-3.66976	 0.00381345
-3.66642	 0.00431209
-3.66309	 0.00362299
-3.65976	 0.00498221
-3.65642	 0.00670848
-3.65309	 0.00267873
-3.64976	 0.00625626
-3.64642	 0.00521221
-3.64309	 0.0056487
-3.63976	 0.00567927
-3.63642	 0.0058086
-3.63309	 0.00515007
-3.62976	 0.00783346
-3.62642	 0.00527854
-3.62309	 0.00425473
-3.61976	 0.00330655
-3.61643	 0.00708792
-3.61309	 0.00626415
-3.60976	 0.00792876
-3.60643	 0.00477435
-3.60309	 0.00601397
-3.59976	 0.00453447
-3.59643	 0.00693003
-3.59309	 0.00566793
-3.58976	 0.00656754
-3.58643	 0.00532488
-3.58309	 0.00786858
-3.57976	 0.00446827
-3.57643	 0.00676837
-3.5731	 0.00674296
-3.56976	 0.00534264
-3.56643	 0.00491795
-3.5631	 0.00615934
-3.55976	 0.00518363
-3.55643	 0.00535944
-3.5531	 0.00622412
-3.54976	 0.00347272
-3.54643	 0.00620632
-3.5431	 0.00732254
-3.53976	 0.00443468
-3.53643	 0.00492513
-3.5331	 0.00564633
-3.52976	 0.00305103
-3.52643	 0.0041705
-3.5231	 0.00377276
-3.51977	 0.00423032
-3.51643	 0.00445775
-3.5131	 0.0030909
-3.50977	 0.00299312
-3.50643	 0.00440474
-3.5031	 0.00413144
-3.49977	 0.00360444
-3.49643	 0.00487283
-3.4931	 0.00351203
-3.48977	 0.00463764
-3.48643	 0.00339122
-3.4831	 0.00392139
-3.47977	 0.00357092
-3.47643	 0.00378795
-3.4731	 0.00277063
-3.46977	 0.0026634
-3.46644	 0.00372559
-3.4631	 0.00409999
-3.45977	 0.00360194
-3.45644	 0.00301553
-3.4531	 0.00494845
-3.44977	 0.00239902
-3.44644	 0.00256321
-3.4431	 0.00280812
-3.43977	 0.00189019
-3.43644	 0.00300801
-3.4331	 0.00267354
-3.42977	 0.00255717
-3.42644	 0.00245893
-3.42311	 0.00368124
-3.41977	 0.00281017
-3.41644	 0.00304051
-3.41311	 0.00322703
-3.40977	 0.00320519
-3.40644	 0.00207605
-3.40311	 0.00241484
-3.39977	 0.0024931
-3.39644	 0.00171518
-3.39311	 0.0028989
-3.38977	 0.00343036
-3.38644	 0.00147625
-3.38311	 0.00181932
-3.37977	 0.0019711
-3.37644	 0.00329319
-3.37311	 0.00264154
-3.36978	 0.0024827
-3.36644	 0.00244559
-3.36311	 0.00235128
-3.35978	 0.00212414
-3.35644	 0.0025924
-3.35311	 0.00228255
-3.34978	 0.00154052
-3.34644	 0.00258629
-3.34311	 0.00199176
-3.33978	 0.00115414
-3.33644	 0.00227217
-3.33311	 0.00158223
-3.32978	 0.00161274
-3.32644	 0.00191706
-3.32311	 0.00170525
-3.31978	 0.00187556
-3.31645	 0.00197413
-3.31311	 0.00193557
-3.30978	 0.00168822
-3.30645	 0.0014834
-3.30311	 0.00182945
-3.29978	 0.001754
-3.29645	 0.00178713
-3.29311	 0.00198143
-3.28978	 0.00181925
-3.28645	 0.00119765
-3.28311	 0.00235593
-3.27978	 0.00214631
-3.27645	 0.00228706
-3.27312	 0.00170791
-3.26978	 0.00153463
-3.26645	 0.00174423
-3.26312	 0.00197308
-3.25978	 0.00165915
-3.25645	 0.00195905
-3.25312	 0.00204333
-3.24978	 0.00154365
-3.24645	 0.00162586
-3.24312	 0.00143091
-3.23978	 0.00166729
-3.23645	 0.0015349
-3.23312	 0.00170219
-3.22978	 0.00248413
-3.22645	 0.00207886
-3.22312	 0.00148059
-3.21979	 0.00127652
-3.21645	 0.00181672
-3.21312	 0.00185971
-3.20979	 0.00109302
-3.20645	 0.00150786
-3.20312	 0.00144722
-3.19979	 0.00126018
-3.19645	 0.00136896
-3.19312	 0.00190937
-3.18979	 0.00153747
-3.18645	 0.00106644
-3.18312	 0.0015004
-3.17979	 0.00172311
-3.17645	 0.00196884
-3.17312	 0.00169886
-3.16979	 0.00217898
-3.16646	 0.00151304
-3.16312	 0.0016208
-3.15979	 0.00163481
-3.15646	 0.00162533
-3.15312	 0.00155407
-3.14979	 0.00133572
-3.14646	 0.00109891
-3.14312	 0.00232894
-3.13979	 0.00189949
-3.13646	 0.00122659
-3.13312	 0.00159029
-3.12979	 0.00176738
-3.12646	 0.00154438
-3.12313	 0.00118944
-3.11979	 0.00166128
-3.11646	 0.00129137
-3.11313	 0.0017365
-3.10979	 0.00113396
-3.10646	 0.00122949
-3.10313	 0.00155648
-3.09979	 0.00167315
-3.09646	 0.00183921
-3.09313	 0.00115371
-3.08979	 0.00144504
-3.08646	 0.00114694
-3.08313	 0.00165024
-3.07979	 0.00166802
-3.07646	 0.00161402
-3.07313	 0.00158513
-3.0698	 0.00152611
-3.06646	 0.00190585
-3.06313	 0.00153846
-3.0598	 0.00212487
-3.05646	 0.00158574
-3.05313	 0.001219
-3.0498	 0.0019323
-3.04646	 0.00182682
-3.04313	 0.00168949
-3.0398	 0.00118212
-3.03646	 0.00168523
-3.03313	 0.00142629
-3.0298	 0.00187375
-3.02646	 0.00146211
-3.02313	 0.00140736
-3.0198	 0.00120909
-3.01647	 0.00159063
-3.01313	 0.0018722
-3.0098	 0.00113674
-3.00647	 0.00132908
-3.00313	 0.0013464
-2.9998	 0.00132931
-2.99647	 0.00179124
-2.99313	 0.00154616
-2.9898	 0.00145181
-2.98647	 0.00186792
-2.98313	 0.00147449
-2.9798	 0.00136662
-2.97647	 0.00136736
-2.97314	 0.00189082
-2.9698	 0.00179547
-2.96647	 0.00202308
-2.96314	 0.00129806
-2.9598	 0.0015456
-2.95647	 0.00146076
-2.95314	 0.00173507
-2.9498	 0.00143672
-2.94647	 0.000761308
-2.94314	 0.00145095
-2.9398	 0.00172651
-2.93647	 0.00169232
-2.93314	 0.00167015
-2.9298	 0.00131957
-2.92647	 0.00191897
-2.92314	 0.00168744
-2.91981	 0.00203167
-2.91647	 0.00120613
-2.91314	 0.00203413
-2.90981	 0.00186367
-2.90647	 0.00124794
-2.90314	 0.00142387
-2.89981	 0.00154126
-2.89647	 0.00151822
-2.89314	 0.00188226
-2.88981	 0.00151608
-2.88647	 0.00136734
-2.88314	 0.00136674
-2.87981	 0.00184138
-2.87647	 0.0020009
-2.87314	 0.00173538
-2.86981	 0.00142529
-2.86648	 0.00135822
-2.86314	 0.00222713
-2.85981	 0.00139105
-2.85648	 0.00140354
-2.85314	 0.00174871
-2.84981	 0.00108657
-2.84648	 0.00171552
-2.84314	 0.00209952
-2.83981	 0.00158303
-2.83648	 0.00161832
-2.83314	 0.00266442
-2.82981	 0.00195842
-2.82648	 0.00175073
-2.82315	 0.00172314
-2.81981	 0.00179573
-2.81648	 0.00133797
-2.81315	 0.00200746
-2.80981	 0.00152429
-2.80648	 0.00245556
-2.80315	 0.00208526
-2.79981	 0.00188156
-2.79648	 0.00139634
-2.79315	 0.00182281
-2.78981	 0.00121058
-2.78648	 0.00165522
-2.78315	 0.00179508
-2.77981	 0.00188133
-2.77648	 0.00214068
-2.77315	 0.00212834
-2.76982	 0.00192333
-2.76648	 0.00172032
-2.76315	 0.0027891
-2.75982	 0.00174804
-2.75648	 0.00232896
-2.75315	 0.00251686
-2.74982	 0.00196724
-2.74648	 0.0012126
-2.74315	 0.00246644
-2.73982	 0.00156913
-2.73648	 0.00248005
-2.73315	 0.00188049
-2.72982	 0.00183067
-2.72648	 0.00257247
-2.72315	 0.00195744
-2.71982	 0.0013529
-2.71649	 0.00264114
-2.71315	 0.0022228
-2.70982	 0.00237289
-2.70649	 0.00123463
-2.70315	 0.00208876
-2.69982	 0.00295617
-2.69649	 0.00214195
-2.69315	 0.00170637
-2.68982	 0.00186113
-2.68649	 0.00222312
-2.68315	 0.00240783
-2.67982	 0.0024041
-2.67649	 0.00207203
-2.67316	 0.00221432
-2.66982	 0.00209795
-2.66649	 0.00251835
-2.66316	 0.00222373
-2.65982	 0.00270717
-2.65649	 0.00300479
-2.65316	 0.00252106
-2.64982	 0.00211344
-2.64649	 0.00259559
-2.64316	 0.00160126
-2.63982	 0.00261937
-2.63649	 0.00289577
-2.63316	 0.00360785
-2.62982	 0.00213991
-2.62649	 0.00234096
-2.62316	 0.00303001
-2.61983	 0.00222154
-2.61649	 0.00382589
-2.61316	 0.00210821
-2.60983	 0.00256631
-2.60649	 0.00325384
-2.60316	 0.0027801
-2.59983	 0.0024985
-2.59649	 0.00323607
-2.59316	 0.00285751
-2.58983	 0.00271598
-2.58649	 0.00308738
-2.58316	 0.00260381
-2.57983	 0.00426281
-2.57649	 0.00232792
-2.57316	 0.0039222
-2.56983	 0.0022608
-2.5665	 0.00523763
-2.56316	 0.00376197
-2.55983	 0.0034684
-2.5565	 0.00326202
-2.55316	 0.00519884
-2.54983	 0.00504973
-2.5465	 0.00312107
-2.54316	 0.0030873
-2.53983	 0.00407744
-2.5365	 0.00363822
-2.53316	 0.00410971
-2.52983	 0.00292888
-2.5265	 0.00441042
-2.52317	 0.00522174
-2.51983	 0.00574765
-2.5165	 0.0045099
-2.51317	 0.0061088
-2.50983	 0.00460874
-2.5065	 0.00595174
-2.50317	 0.0047305
-2.49983	 0.00531524
-2.4965	 0.00595862
-2.49317	 0.00510893
-2.48983	 0.00738104
-2.4865	 0.00657411
-2.48317	 0.0081838
-2.47983	 0.0052943
-2.4765	 0.00516614
-2.47317	 0.00374622
-2.46984	 0.00469318
-2.4665	 0.0045725
-2.46317	 0.00467844
-2.45984	 0.00870711
-2.4565	 0.0048581
-2.45317	 0.00892156
-2.44984	 0.00654191
-2.4465	 0.00773321
-2.44317	 0.00839113
-2.43984	 0.00707336
-2.4365	 0.00775357
-2.43317	 0.00730859
-2.42984	 0.00798632
-2.4265	 0.00798756
-2.42317	 0.00529991
-2.41984	 0.00974774
-2.41651	 0.00626819
-2.41317	 0.00900739
-2.40984	 0.0052877
-2.40651	 0.00848431
-2.40317	 0.00628513
-2.39984	 0.00584248
-2.39651	 0.00893857
-2.39317	 0.00892603
-2.38984	 0.0101403
-2.38651	 0.00886639
-2.38317	 0.00733954
-2.37984	 0.0120102
-2.37651	 0.0108292
-2.37318	 0.0129019
-2.36984	 0.0130542
-2.36651	 0.0078618
-2.36318	 0.00940031
-2.35984	 0.0130489
-2.35651	 0.00808542
-2.35318	 0.0115649
-2.34984	 0.00981004
-2.34651	 0.0111542
-2.34318	 0.00657832
-2.33984	 0.00795747
-2.33651	 0.00577844
-2.33318	 0.00601111
-2.32984	 0.00580618
-2.32651	 0.0054745
-2.32318	 0.006636
-2.31985	 0.00464507
-2.31651	 0.00641221
-2.31318	 0.00696356
-2.30985	 0.00592481
-2.30651	 0.00369693
-2.30318	 0.00506991
-2.29985	 0.00487229
-2.29651	 0.00470538
-2.29318	 0.00462259
-2.28985	 0.00383414
-2.28651	 0.00454542
-2.28318	 0.00250551
-2.27985	 0.00241244
-2.27651	 0.00444109
-2.27318	 0.00635428
-2.26985	 0.0044254
-2.26652	 0.0060696
-2.26318	 0.00376265
-2.25985	 0.00283679
-2.25652	 0.00438794
-2.25318	 0.00359181
-2.24985	 0.00431198
-2.24652	 0.00210925
-2.24318	 0.00338258
-2.23985	 0.00356288
-2.23652	 0.00350129
-2.23318	 0.0035995
-2.22985	 0.00227902
-2.22652	 0.00234839
-2.22319	 0.00332304
-2.21985	 0.00315134
-2.21652	 0.00251028
-2.21319	 0.00177905
-2.20985	 0.00250402
-2.20652	 0.00332084
-2.20319	 0.00376877
-2.19985	 0.00175391
-2.19652	 0.00353389
-2.19319	 0.00175091
-2.18985	 0.00246714
-2.18652	 0.00214178
-2.18319	 0.00151656
-2.17985	 0.00352922
-2.17652	 0.00316073
-2.17319	 0.00327923
-2.16986	 0.00140403
-2.16652	 0.00265132
-2.16319	 0.00201623
-2.15986	 0.00250957
-2.15652	 0.00335702
-2.15319	 0.00192066
-2.14986	 0.00262537
-2.14652	 0.00151241
-2.14319	 0.00226893
-2.13986	 0.00289104
-2.13652	 0.0019743
-2.13319	 0.00266923
-2.12986	 0.00190296
-2.12652	 0.00193467
-2.12319	 0.00167028
-2.11986	 0.00221054
-2.11653	 0.00285538
-2.11319	 0.00271376
-2.10986	 0.00257847
-2.10653	 0.00230995
-2.10319	 0.00204881
-2.09986	 0.00127466
-2.09653	 0.00221044
-2.09319	 0.00193171
-2.08986	 0.0017672
-2.08653	 0.00217057
-2.08319	 0.00222886
-2.07986	 0.0016448
-2.07653	 0.00151307
-2.0732	 0.00166341
-2.06986	 0.00225129
-2.06653	 0.00179759
-2.0632	 0.00204288
-2.05986	 0.00154657
-2.05653	 0.0020174
-2.0532	 0.00199193
-2.04986	 0.00137763
-2.04653	 0.00283628
-2.0432	 0.00203821
-2.03986	 0.00181793
-2.03653	 0.00180221
-2.0332	 0.00218319
-2.02986	 0.00219546
-2.02653	 0.00213545
-2.0232	 0.00175902
-2.01987	 0.00150775
-2.01653	 0.0024058
-2.0132	 0.00203584
-2.00987	 0.00105796
-2.00653	 0.00233865
-2.0032	 0.0020835
-1.99987	 0.00193028
-1.99653	 0.00109491
-1.9932	 0.00215999
-1.98987	 0.00134408
-1.98653	 0.00111049
-1.9832	 0.00175712
-1.97987	 0.00142875
-1.97653	 0.0017675
-1.9732	 0.00216912
-1.96987	 0.00221959
-1.96654	 0.00154445
-1.9632	 0.00185814
-1.95987	 0.00136368
-1.95654	 0.00172545
-1.9532	 0.0015506
-1.94987	 0.00174854
-1.94654	 0.00162039
-1.9432	 0.00204431
-1.93987	 0.000722723
-1.93654	 0.00158566
-1.9332	 0.00148277
-1.92987	 0.00195661
-1.92654	 0.00183148
-1.92321	 0.00201973
-1.91987	 0.00197068
-1.91654	 0.00126078
-1.91321	 0.00217049
-1.90987	 0.00157087
-1.90654	 0.00188186
-1.90321	 0.00137902
-1.89987	 0.00200326
-1.89654	 0.00165367
-1.89321	 0.00231931
-1.88987	 0.00111961
-1.88654	 0.00135408
-1.88321	 0.00158445
-1.87987	 0.00172902
-1.87654	 0.00210563
-1.87321	 0.00126244
-1.86988	 0.00153111
-1.86654	 0.00200491
-1.86321	 0.00117306
-1.85988	 0.00188129
-1.85654	 0.00134122
-1.85321	 0.000904266
-1.84988	 0.00134187
-1.84654	 0.00240561
-1.84321	 0.00214493
-1.83988	 0.00124891
-1.83654	 0.00170474
-1.83321	 0.00162507
-1.82988	 0.0014977
-1.82654	 0.00189225
-1.82321	 0.00137599
-1.81988	 0.00131685
-1.81655	 0.00113639
-1.81321	 0.00153122
-1.80988	 0.00144494
-1.80655	 0.00230472
-1.80321	 0.00127046
-1.79988	 0.00107529
-1.79655	 0.0017587
-1.79321	 0.00104676
-1.78988	 0.00134011
-1.78655	 0.0013161
-1.78321	 0.00157306
-1.77988	 0.00192477
-1.77655	 0.00189511
-1.77322	 0.00156228
-1.76988	 0.00132945
-1.76655	 0.0020319
-1.76322	 0.0016036
-1.75988	 0.00173116
-1.75655	 0.0013074
-1.75322	 0.00135681
-1.74988	 0.00159416
-1.74655	 0.00191688
-1.74322	 0.00127828
-1.73988	 0.00168575
-1.73655	 0.00143577
-1.73322	 0.00157907
-1.72988	 0.00163844
-1.72655	 0.00153504
-1.72322	 0.00164243
-1.71989	 0.00148259
-1.71655	 0.000988856
-1.71322	 0.00186061
-1.70989	 0.00151318
-1.70655	 0.00174837
-1.70322	 0.00165287
-1.69989	 0.00221388
-1.69655	 0.00147478
-1.69322	 0.00146914
-1.68989	 0.00140645
-1.68655	 0.00148285
-1.68322	 0.00244212
-1.67989	 0.00197049
-1.67655	 0.00161366
-1.67322	 0.00185375
-1.66989	 0.00126099
-1.66656	 0.0019624
-1.66322	 0.00140486
-1.65989	 0.00196995
-1.65656	 0.0013953
-1.65322	 0.00148963
-1.64989	 0.00128792
-1.64656	 0.00140735
-1.64322	 0.00155701
-1.63989	 0.00154918
-1.63656	 0.00108305
-1.63322	 0.00171496
-1.62989	 0.00212273
-1.62656	 0.0019296
-1.62323	 0.00225239
-1.61989	 0.00204019
-1.61656	 0.00231584
-1.61323	 0.00224973
-1.60989	 0.00221978
-1.60656	 0.00188954
-1.60323	 0.00229123
-1.59989	 0.00148033
-1.59656	 0.00155692
-1.59323	 0.00130752
-1.58989	 0.00170661
-1.58656	 0.00251655
-1.58323	 0.00180938
-1.57989	 0.00170868
-1.57656	 0.00250624
-1.57323	 0.0016006
-1.5699	 0.00245417
-1.56656	 0.00211353
-1.56323	 0.00171525
-1.5599	 0.00277755
-1.55656	 0.00209921
-1.55323	 0.00225664
-1.5499	 0.00158152
-1.54656	 0.00194663
-1.54323	 0.00189311
-1.5399	 0.00245801
-1.53656	 0.00163819
-1.53323	 0.0025101
-1.5299	 0.00231589
-1.52656	 0.00203061
-1.52323	 0.00194652
-1.5199	 0.00260904
-1.51657	 0.00274936
-1.51323	 0.00200931
-1.5099	 0.00178711
-1.50657	 0.00386069
-1.50323	 0.00236821
-1.4999	 0.00170826
-1.49657	 0.00207653
-1.49323	 0.00124821
-1.4899	 0.00229221
-1.48657	 0.00186725
-1.48323	 0.00249484
-1.4799	 0.00237483
-1.47657	 0.00127806
-1.47324	 0.00188053
-1.4699	 0.00189144
-1.46657	 0.00260243
-1.46324	 0.00114794
-1.4599	 0.00294406
-1.45657	 0.0014719
-1.45324	 0.00191726
-1.4499	 0.00150858
-1.44657	 0.00246652
-1.44324	 0.00294283
-1.4399	 0.00223318
-1.43657	 0.00256693
-1.43324	 0.00272227
-1.4299	 0.00342771
-1.42657	 0.0035111
-1.42324	 0.00351293
-1.41991	 0.00272428
-1.41657	 0.00204102
-1.41324	 0.00406757
-1.40991	 0.00240153
-1.40657	 0.00300059
-1.40324	 0.00230183
-1.39991	 0.00316807
-1.39657	 0.00361383
-1.39324	 0.00365421
-1.38991	 0.00228494
-1.38657	 0.00460825
-1.38324	 0.0031034
-1.37991	 0.00307962
-1.37657	 0.00186083
-1.37324	 0.00276127
-1.36991	 0.00155783
-1.36658	 0.00298045
-1.36324	 0.00379729
-1.35991	 0.00298404
-1.35658	 0.00535561
-1.35324	 0.00346394
-1.34991	 0.00289815
-1.34658	 0.00351631
-1.34324	 0.00414404
-1.33991	 0.00420323
-1.33658	 0.00475817
-1.33324	 0.00536768
-1.32991	 0.00335323
-1.32658	 0.00408552
-1.32325	 0.00404395
-1.31991	 0.00458866
-1.31658	 0.00433431
-1.31325	 0.00529374
-1.30991	 0.00431915
-1.30658	 0.00557406
-1.30325	 0.00582209
-1.29991	 0.00728253
-1.29658	 0.00708417
-1.29325	 0.00316779
-1.28991	 0.00612807
-1.28658	 0.007039
-1.28325	 0.00739864
-1.27991	 0.00703602
-1.27658	 0.00760121
-1.27325	 0.00740845
-1.26992	 0.0070636
-1.26658	 0.0074643
-1.26325	 0.00829293
-1.25992	 0.00743922
-1.25658	 0.00682081
-1.25325	 0.00751987
-1.24992	 0.00548145
-1.24658	 0.00709436
-1.24325	 0.00608474
-1.23992	 0.00846546
-1.23658	 0.0057982
-1.23325	 0.00899735
-1.22992	 0.0096556
-1.22658	 0.0104556
-1.22325	 0.00904098
-1.21992	 0.0138182
-1.21659	 0.0149114
-1.21325	 0.0104596
-1.20992	 0.016779
-1.20659	 0.0108559
-1.20325	 0.0125243
-1.19992	 0.0187316
-1.19659	 0.0298497
-1.19325	 0.0242648
-1.18992	 0.0270708
-1.18659	 0.0324924
-1.18325	 0.044908
-1.17992	 0.0357338
-1.17659	 0.0139186
-1.17326	 0.0263591
-1.16992	 0.0183219
-1.16659	 0.0248921
-1.16326	 0.0114547
-1.15992	 0.0129649
-1.15659	 0.013958
-1.15326	 0.0156408
-1.14992	 0.00963558
-1.14659	 0.00920656
-1.14326	 0.00728361
-1.13992	 0.00824492
-1.13659	 0.00833917
-1.13326	 0.00697931
-1.12992	 0.0119911
-1.12659	 0.00966554
-1.12326	 0.00891909
-1.11993	 0.00743462
-1.11659	 0.00814368
-1.11326	 0.00538447
-1.10993	 0.00475773
-1.10659	 0.00566071
-1.10326	 0.00453516
-1.09993	 0.00639695
-1.09659	 0.0042318
-1.09326	 0.00356738
-1.08993	 0.0049977
-1.08659	 0.00360838
-1.08326	 0.00381
-1.07993	 0.00383347
-1.07659	 0.00515099
-1.07326	 0.00500861
-1.06993	 0.00403045
-1.0666	 0.00317393
-1.06326	 0.00388869
-1.05993	 0.00598409
-1.0566	 0.00309682
-1.05326	 0.00289392
-1.04993	 0.00387112
-1.0466	 0.00406818
-1.04326	 0.00213606
-1.03993	 0.00400237
-1.0366	 0.00287354
-1.03326	 0.00260732
-1.02993	 0.00334355
-1.0266	 0.00389943
-1.02327	 0.00433314
-1.01993	 0.00307304
-1.0166	 0.00289443
-1.01327	 0.00379898
-1.00993	 0.00391198
-1.0066	 0.00205966
-1.00327	 0.0026866
-0.999933	 0.00362154
-0.9966	 0.00367588
-0.993267	 0.00352577
-0.989934	 0.00162895
-0.986601	 0.00242546
-0.983268	 0.00338692
-0.979935	 0.00244049
-0.976602	 0.00310473
-0.973268	 0.0031942
-0.969935	 0.00187468
-0.966602	 0.00213536
-0.963269	 0.00285501
-0.959936	 0.00268609
-0.956603	 0.00294536
-0.95327	 0.00262888
-0.949937	 0.00290985
-0.946604	 0.00436266
-0.94327	 0.00242637
-0.939937	 0.00282203
-0.936604	 0.00183748
-0.933271	 0.00265989
-0.929938	 0.0025189
-0.926605	 0.00274083
-0.923272	 0.00271268
-0.919939	 0.00253469
-0.916606	 0.00145633
-0.913272	 0.00152487
-0.909939	 0.00250853
-0.906606	 0.00294155
-0.903273	 0.00151348
-0.89994	 0.00310237
-0.896607	 0.00201873
-0.893274	 0.00211991
-0.889941	 0.00292179
-0.886608	 0.00245779
-0.883274	 0.00268839
-0.879941	 0.00149849
-0.876608	 0.00131914
-0.873275	 0.00174552
-0.869942	 0.00142065
-0.866609	 0.00236239
-0.863276	 0.00172917
-0.859943	 0.00249052
-0.85661	 0.00174064
-0.853276	 0.00173694
-0.849943	 0.00236737
-0.84661	 0.00234966
-0.843277	 0.00156852
-0.839944	 0.00238017
-0.836611	 0.00113368
-0.833278	 0.00241627
-0.829945	 0.00205826
-0.826612	 0.00254795
-0.823278	 0.00177114
-0.819945	 0.00224598
-0.816612	 0.00220148
-0.813279	 0.00201797
-0.809946	 0.00154438
-0.806613	 0.00130191
-0.80328	 0.00140581
-0.799947	 0.00135912
-0.796614	 0.00135681
-0.79328	 0.00218388
-0.789947	 0.00208942
-0.786614	 0.00189381
-0.783281	 0.00143154
-0.779948	 0.00143656
-0.776615	 0.00139149
-0.773282	 0.002052
-0.769949	 0.000969907
-0.766616	 0.00144015
-0.763282	 0.00188856
-0.759949	 0.00133999
-0.756616	 0.0015828
-0.753283	 0.0020578
-0.74995	 0.000956579
-0.746617	 0.00187133
-0.743284	 0.00152489
-0.739951	 0.00218125
-0.736618	 0.00144745
-0.733284	 0.00171371
-0.729951	 0.0017926
-0.726618	 0.00155723
-0.723285	 0.00205548
-0.719952	 0.00181584
-0.716619	 0.00188589
-0.713286	 0.00233146
-0.709953	 0.0018351
-0.70662	 0.00181006
-0.703286	 0.00204563
-0.699953	 0.00237601
-0.69662	 0.00204827
-0.693287	 0.00159044
-0.689954	 0.00207134
-0.686621	 0.00166452
-0.683288	 0.0016915
-0.679955	 0.00163299
-0.676622	 0.00181615
-0.673288	 0.00179717
-0.669955	 0.00163787
-0.666622	 0.00123153
-0.663289	 0.0016193
-0.659956	 0.00134997
-0.656623	 0.0013339
-0.65329	 0.00200753
-0.649957	 0.0017972
-0.646624	 0.00182007
-0.64329	 0.00164014
-0.639957	 0.00156222
-0.636624	 0.0022008
-0.633291	 0.00114525
-0.629958	 0.00146856
-0.626625	 0.00190965
-0.623292	 0.00253808
-0.619959	 0.00135334
-0.616626	 0.00184112
-0.613292	 0.00140001
-0.609959	 0.00171649
-0.606626	 0.00194542
-0.603293	 0.00174837
-0.59996	 0.00193117
-0.596627	 0.001317
-0.593294	 0.00154989
-0.589961	 0.00226755
-0.586628	 0.00195211
-0.583294	 0.00180143
-0.579961	 0.00181104
-0.576628	 0.00216087
-0.573295	 0.00220581
-0.569962	 0.00212467
-0.566629	 0.00193646
-0.563296	 0.00179475
-0.559963	 0.00168783
-0.55663	 0.00140352
-0.553296	 0.00190974
-0.549963	 0.00140819
-0.54663	 0.00146094
-0.543297	 0.00153247
-0.539964	 0.00213875
-0.536631	 0.00264826
-0.533298	 0.0021092
-0.529965	 0.00113636
-0.526632	 0.0013883
-0.523298	 0.00215532
-0.519965	 0.00215033
-0.516632	 0.00212057
-0.513299	 0.00174775
-0.509966	 0.00206188
-0.506633	 0.00153332
-0.5033	 0.00123212
-0.499967	 0.00173199
-0.496634	 0.0015389
-0.4933	 0.00197184
-0.489967	 0.00181805
-0.486634	 0.00190456
-0.483301	 0.0016515
-0.479968	 0.00214674
-0.476635	 0.00168603
-0.473302	 0.0031158
-0.469969	 0.00274569
-0.466636	 0.00195642
-0.463302	 0.00256903
-0.459969	 0.00203623
-0.456636	 0.00223815
-0.453303	 0.00143755
-0.44997	 0.00208735
-0.446637	 0.00212987
-0.443304	 0.0024035
-0.439971	 0.00147876
-0.436638	 0.00145671
-0.433304	 0.0016015
-0.429971	 0.00211595
-0.426638	 0.00195552
-0.423305	 0.00255225
-0.419972	 0.00215393
-0.416639	 0.00238468
-0.413306	 0.00201823
-0.409973	 0.00254969
-0.40664	 0.00210896
-0.403306	 0.00256428
-0.399973	 0.00232431
-0.39664	 0.00195058
-0.393307	 0.00186251
-0.389974	 0.00291301
-0.386641	 0.00148492
-0.383308	 0.00182343
-0.379975	 0.00170061
-0.376642	 0.00146388
-0.373308	 0.00197425
-0.369975	 0.00246281
-0.366642	 0.00290088
-0.363309	 0.00222362
-0.359976	 0.00284504
-0.356643	 0.00245193
-0.35331	 0.00200944
-0.349977	 0.00189059
-0.346644	 0.00313796
-0.34331	 0.00175969
-0.339977	 0.00228273
-0.336644	 0.00218869
-0.333311	 0.00171706
-0.329978	 0.00297021
-0.326645	 0.00163232
-0.323312	 0.00217963
-0.319979	 0.00268915
-0.316646	 0.00278434
-0.313312	 0.002737
-0.309979	 0.00242309
-0.306646	 0.00200837
-0.303313	 0.00134737
-0.29998	 0.00206901
-0.296647	 0.00291599
-0.293314	 0.00327038
-0.289981	 0.00331479
-0.286648	 0.00236227
-0.283314	 0.00260214
-0.279981	 0.00356062
-0.276648	 0.00292058
-0.273315	 0.00325356
-0.269982	 0.00302099
-0.266649	 0.0021683
-0.263316	 0.00327029
-0.259983	 0.00247451
-0.25665	 0.00355232
-0.253316	 0.00293135
-0.249983	 0.00237486
-0.24665	 0.00195429
-0.243317	 0.0031269
-0.239984	 0.00303228
-0.236651	 0.00246026
-0.233318	 0.00298257
-0.229985	 0.0032342
-0.226652	 0.00200003
-0.223318	 0.00297537
-0.219985	 0.00340528
-0.216652	 0.00189268
-0.213319	 0.00366228
-0.209986	 0.00367917
-0.206653	 0.00301486
-0.20332	 0.00241106
-0.199987	 0.00320104
-0.196654	 0.00413412
-0.19332	 0.00205423
-0.189987	 0.00310703
-0.186654	 0.00295636
-0.183321	 0.00395835
-0.179988	 0.00450182
-0.176655	 0.00346763
-0.173322	 0.00470769
-0.169989	 0.00359815
-0.166656	 0.00436359
-0.163322	 0.00462555
-0.159989	 0.00323028
-0.156656	 0.00397416
-0.153323	 0.0045189
-0.14999	 0.00554137
-0.146657	 0.0047277
-0.143324	 0.00294819
-0.139991	 0.00459666
-0.136658	 0.00557253
-0.133324	 0.00594885
-0.129991	 0.00304831
-0.126658	 0.00247747
-0.123325	 0.00482628
-0.119992	 0.00625669
-0.116659	 0.00568598
-0.113326	 0.006711
-0.109993	 0.00674682
-0.10666	 0.00355969
-0.103326	 0.00667698
-0.0999933	 0.00518082
-0.0966602	 0.00729226
-0.0933271	 0.00718532
-0.089994	 0.00664139
-0.0866609	 0.00840715
-0.0833278	 0.00612559
-0.0799947	 0.00757666
-0.0766616	 0.00601197
-0.0733284	 0.0104212
-0.0699953	 0.0101761
-0.0666622	 0.00948922
-0.0633291	 0.00905084
-0.059996	 0.0114101
-0.0566629	 0.00908862
-0.0533298	 0.011198
-0.0499967	 0.0110733
-0.0466636	 0.0111825
-0.0433304	 0.0135714
-0.0399973	 0.0104265
-0.0366642	 0.012504
-0.0333311	 0.0166773
-0.029998	 0.0216974
-0.0266649	 0.0246407
-0.0233318	 0.0306063
-0.0199987	 0.0410254
-0.0166656	 0.0206536
-0.0133324	 0.0390773
-0.00999933	 0.0789279
-0.00666622	 0.0814781
-0.00333311	 7.81562e-05
0	 1
0.00333311	 0.0895716
0.00666622	 0.0976487
0.00999933	 0.0413429
0.0133324	 0.032655
0.0166656	 0.0377359
0.0199987	 0.0332618
0.0233318	 0.0236733
0.0266649	 0.0196219
0.029998	 0.0145816
0.0333311	 0.0139673
0.0366642	 0.0106482
0.0399973	 0.0118277
0.0433304	 0.0165224
0.0466636	 0.0110716
0.0499967	 0.0120385
0.0533298	 0.00806571
0.0566629	 0.0105603
0.059996	 0.00968223
0.0633291	 0.0098885
0.0666622	 0.0099744
0.0699953	 0.00962637
0.0733284	 0.0039916
0.0766616	 0.00958514
0.0799947	 0.00513248
0.0833278	 0.00601076
0.0866609	 0.00584938
0.089994	 0.00459555
0.0933271	 0.00766588
0.0966602	 0.00561306
0.0999933	 0.00630789
0.103326	 0.00583035
0.10666	 0.00683864
0.109993	 0.00662765
0.113326	 0.00527114
0.116659	 0.00575235
0.119992	 0.00525385
0.123325	 0.00548487
0.126658	 0.00396403
0.129991	 0.00483772
0.133324	 0.00461328
0.136658	 0.00413397
0.139991	 0.00217692
0.143324	 0.0051667
0.146657	 0.00482569
0.14999	 0.0047166
0.153323	 0.00291487
0.156656	 0.00322935
0.159989	 0.00510387
0.163322	 0.00352002
0.166656	 0.00233841
0.169989	 0.00431621
0.173322	 0.00421833
0.176655	 0.00448671
0.179988	 0.00300653
0.183321	 0.00311386
0.186654	 0.00392525
0.189987	 0.00266632
0.19332	 0.00318528
0.196654	 0.00318688
0.199987	 0.00332827
0.20332	 0.00329423
0.206653	 0.00275707
0.209986	 0.00256835
0.213319	 0.00285649
0.216652	 0.00416336
0.219985	 0.00307291
0.223318	 0.0032666
0.226652	 0.00287431
0.229985	 0.00381697
0.233318	 0.00276379
0.236651	 0.00315876
0.239984	 0.0029187
0.243317	 0.00257816
0.24665	 0.00327335
0.249983	 0.00309536
0.253316	 0.00327575
0.25665	 0.00335156
0.259983	 0.00247473
0.263316	 0.00257567
0.266649	 0.00172843
0.269982	 0.0034632
0.273315	 0.00282017
0.276648	 0.00233637
0.279981	 0.00280909
0.283314	 0.00198212
0.286648	 0.00272291
0.289981	 0.00208585
0.293314	 0.00254692
0.296647	 0.00253532
0.29998	 0.00335293
0.303313	 0.00263694
0.306646	 0.00206898
0.309979	 0.00257042
0.313312	 0.00292758
0.316646	 0.00167552
0.319979	 0.00185608
0.323312	 0.00315506
0.326645	 0.00328842
0.329978	 0.00157017
0.333311	 0.00297644
0.336644	 0.00173319
0.339977	 0.00217102
0.34331	 0.00300532
0.346644	 0.0012155
0.349977	 0.00213838
0.35331	 0.00224223
0.356643	 0.00191034
0.359976	 0.00207599
0.363309	 0.00129368
0.366642	 0.00265664
0.369975	 0.0020387
0.373308	 0.00189492
0.376642	 0.00281809
0.379975	 0.00276635
0.383308	 0.0019253
0.386641	 0.00189032
0.389974	 0.00189419
0.393307	 0.00163934
0.39664	 0.00181802
0.399973	 0.00214362
0.403306	 0.00255167
0.40664	 0.00263786
0.409973	 0.00163025
0.413306	 0.00293513
0.416639	 0.00188541
0.419972	 0.00163293
0.423305	 0.00186407
0.426638	 0.00230195
0.429971	 0.00161767
0.433304	 0.00183056
0.436638	 0.00248754
0.439971	 0.00222036
0.443304	 0.0012608
0.446637	 0.00203929
0.44997	 0.00211827
0.453303	 0.00216643
0.456636	 0.0013789
0.459969	 0.0015559
0.463302	 0.0022838
0.466636	 0.00154432
0.469969	 0.00238126
0.473302	 0.00158736
0.476635	 0.00271598
0.479968	 0.00144307
0.483301	 0.00215971
0.486634	 0.00187605
0.489967	 0.00146704
0.4933	 0.00197584
0.496634	 0.0014796
0.499967	 0.00227346
0.5033	 0.00152748
0.506633	 0.0019125
0.509966	 0.00161307
0.513299	 0.00195882
0.516632	 0.00191462
0.519965	 0.00155721
0.523298	 0.0015409
0.526632	 0.00182119
0.529965	 0.00200984
0.533298	 0.00252999
0.536631	 0.00251089
0.539964	 0.000944367
0.543297	 0.00215861
0.54663	 0.00148272
0.549963	 0.0016797
0.553296	 0.00200865
0.55663	 0.00205212
0.559963	 0.00176944
0.563296	 0.0016501
0.566629	 0.00176229
0.569962	 0.00232325
0.573295	 0.00186206
0.576628	 0.0020289
0.579961	 0.00136059
0.583294	 0.00175212
0.586628	 0.00176273
0.589961	 0.0022558
0.593294	 0.00155538
0.596627	 0.00156141
0.59996	 0.00211284
0.603293	 0.0011295
0.606626	 0.00147686
0.609959	 0.0015878
0.613292	 0.000993324
0.616626	 0.0023003
0.619959	 0.0019856
0.623292	 0.00144037
0.626625	 0.00131374
0.629958	 0.00165965
0.633291	 0.00140353
0.636624	 0.00165061
0.639957	 0.00230451
0.64329	 0.00181232
0.646624	 0.00170994
0.649957	 0.00191162
0.65329	 0.00174672
0.656623	 0.00119617
0.659956	 0.00212409
0.663289	 0.00124585
0.666622	 0.00197681
0.669955	 0.00194638
0.673288	 0.00128926
0.676622	 0.00231168
0.679955	 0.00173581
0.683288	 0.00194854
0.686621	 0.000972666
0.689954	 0.00195039
0.693287	 0.00119153
0.69662	 0.00232068
0.699953	 0.00189925
0.703286	 0.00108083
0.70662	 0.0023173
0.709953	 0.00159644
0.713286	 0.00203045
0.716619	 0.00172242
0.719952	 0.00191314
0.723285	 0.00122106
0.726618	 0.00157919
0.729951	 0.00100337
0.733284	 0.0019299
0.736618	 0.00189202
0.739951	 0.00169231
0.743284	 0.00178589
0.746617	 0.00136492
0.74995	 0.00194107
0.753283	 0.00190488
0.756616	 0.00228475
0.759949	 0.00198361
0.763282	 0.00142505
0.766616	 0.0017976
0.769949	 0.00203078
0.773282	 0.00215086
0.776615	 0.00181738
0.779948	 0.000940218
0.783281	 0.00146585
0.786614	 0.0015021
0.789947	 0.00162824
0.79328	 0.00223602
0.796614	 0.00172443
0.799947	 0.00187116
0.80328	 0.0016668
0.806613	 0.00195746
0.809946	 0.00247259
0.813279	 0.00191911
0.816612	 0.00201287
0.819945	 0.00187006
0.823278	 0.00150946
0.826612	 0.00178379
0.829945	 0.00197415
0.833278	 0.00231842
0.836611	 0.0026861
0.839944	 0.00214653
0.843277	 0.00188715
0.84661	 0.00215728
0.849943	 0.00155637
0.853276	 0.00151412
0.85661	 0.00167725
0.859943	 0.00165402
0.863276	 0.00196497
0.866609	 0.00240769
0.869942	 0.00131627
0.873275	 0.00240632
0.876608	 0.00167509
0.879941	 0.00231842
0.883274	 0.00169519
0.886608	 0.00167824
0.889941	 0.00214039
0.893274	 0.00144988
0.896607	 0.00243815
0.89994	 0.00190119
0.903273	 0.00247232
0.906606	 0.00226013
0.909939	 0.00187841
0.913272	 0.00222001
0.916606	 0.00209767
0.919939	 0.00234471
0.923272	 0.00156576
0.926605	 0.00247713
0.929938	 0.00212476
0.933271	 0.00204268
0.936604	 0.001972
0.939937	 0.00263963
0.94327	 0.00224781
0.946604	 0.00284975
0.949937	 0.00300234
0.95327	 0.00217227
0.956603	 0.0028738
0.959936	 0.00145717
0.963269	 0.00269154
0.966602	 0.00304344
0.969935	 0.00414712
0.973268	 0.00304589
0.976602	 0.00255864
0.979935	 0.00339808
0.983268	 0.00345693
0.986601	 0.00310701
0.989934	 0.00248855
0.993267	 0.00332829
0.9966	 0.00330201
0.999933	 0.00311482
1.00327	 0.00252439
1.0066	 0.00386845
1.00993	 0.00264735
1.01327	 0.00403661
1.0166	 0.003961
1.01993	 0.00320149
1.02327	 0.00339078
1.0266	 0.00231349
1.02993	 0.00374442
1.03326	 0.00389037
1.0366	 0.00307173
1.03993	 0.00307996
1.04326	 0.00367964
1.0466	 0.00470867
1.04993	 0.00300795
1.05326	 0.00364564
1.0566	 0.0047236
1.05993	 0.00326005
1.06326	 0.00360447
1.0666	 0.00374092
1.06993	 0.00331088
1.07326	 0.00314243
1.07659	 0.00463023
1.07993	 0.00375057
1.08326	 0.00400311
1.08659	 0.00430489
1.08993	 0.00382515
1.09326	 0.00451096
1.09659	 0.0035087
1.09993	 0.00379135
1.10326	 0.00515395
1.10659	 0.00407073
1.10993	 0.00588318
1.11326	 0.00826926
1.11659	 0.00678634
1.11993	 0.00925889
1.12326	 0.00850061
1.12659	 0.00878792
1.12992	 0.00560542
1.13326	 0.00776898
1.13659	 0.0104515
1.13992	 0.007908
1.14326	 0.00781394
1.14659	 0.00430783
1.14992	 0.0121817
1.15326	 0.0121575
1.15659	 0.0132378
1.15992	 0.00989453
1.16326	 0.0229448
1.16659	 0.022407
1.16992	 0.0183953
1.17326	 0.0115293
1.17659	 0.0399945
1.17992	 0.0303681
1.18325	 0.0442041
1.18659	 0.0331355
1.18992	 0.0257052
1.19325	 0.0269372
1.19659	 0.0216976
1.19992	 0.0173065
1.20325	 0.01483
1.20659	 0.00983185
1.20992	 0.0108245
1.21325	 0.0115764
1.21659	 0.0065282
1.21992	 0.00976086
1.22325	 0.00915015
1.22658	 0.0121841
1.22992	 0.00987321
1.23325	 0.00748288
1.23658	 0.00395084
1.23992	 0.0060312
1.24325	 0.00821847
1.24658	 0.0077433
1.24992	 0.00996007
1.25325	 0.0051466
1.25658	 0.00964833
1.25992	 0.00534776
1.26325	 0.0115441
1.26658	 0.00528043
1.26992	 0.00605808
1.27325	 0.00495788
1.27658	 0.00914953
1.27991	 0.00626524
1.28325	 0.00600178
1.28658	 0.00506232
1.28991	 0.00551836
1.29325	 0.00571354
1.29658	 0.005691
1.29991	 0.00297515
1.30325	 0.00407988
1.30658	 0.00475218
1.30991	 0.00472667
1.31325	 0.00408918
1.31658	 0.00574099
1.31991	 0.00491119
1.32325	 0.00378714
1.32658	 0.00525686
1.32991	 0.00401232
1.33324	 0.0028168
1.33658	 0.00415893
1.33991	 0.00316517
1.34324	 0.00433872
1.34658	 0.0033878
1.34991	 0.00489084
1.35324	 0.00567905
1.35658	 0.00401911
1.35991	 0.00219135
1.36324	 0.00418617
1.36658	 0.00446842
1.36991	 0.00509597
1.37324	 0.00324327
1.37657	 0.00386805
1.37991	 0.0052101
1.38324	 0.00335828
1.38657	 0.0027333
1.38991	 0.00213069
1.39324	 0.0027074
1.39657	 0.0027904
1.39991	 0.00274022
1.40324	 0.00219313
1.40657	 0.00257584
1.40991	 0.00385722
1.41324	 0.0027286
1.41657	 0.00303682
1.41991	 0.0021713
1.42324	 0.00297707
1.42657	 0.00266874
1.4299	 0.00319498
1.43324	 0.00259697
1.43657	 0.00280823
1.4399	 0.00247062
1.44324	 0.00287506
1.44657	 0.00276874
1.4499	 0.00219053
1.45324	 0.00164465
1.45657	 0.00270353
1.4599	 0.00216969
1.46324	 0.00198309
1.46657	 0.00180658
1.4699	 0.00232269
1.47324	 0.00197789
1.47657	 0.00154709
1.4799	 0.00218905
1.48323	 0.00214614
1.48657	 0.00224974
1.4899	 0.00282773
1.49323	 0.00188866
1.49657	 0.00252169
1.4999	 0.00235516
1.50323	 0.00245792
1.50657	 0.00284199
1.5099	 0.00190601
1.51323	 0.00287608
1.51657	 0.0022335
1.5199	 0.0024219
1.52323	 0.00267277
1.52656	 0.00198141
1.5299	 0.00208083
1.53323	 0.00124656
1.53656	 0.00277268
1.5399	 0.00185346
1.54323	 0.00198335
1.54656	 0.00178292
1.5499	 0.00197627
1.55323	 0.00171186
1.55656	 0.00155345
1.5599	 0.00166613
1.56323	 0.00198561
1.56656	 0.00269749
1.5699	 0.0028961
1.57323	 0.00157102
1.57656	 0.00157968
1.57989	 0.00202728
1.58323	 0.00254768
1.58656	 0.00204919
1.58989	 0.00232916
1.59323	 0.00170186
1.59656	 0.00119836
1.59989	 0.00206405
1.60323	 0.00151553
1.60656	 0.00203716
1.60989	 0.00183715
1.61323	 0.00220234
1.61656	 0.00173543
1.61989	 0.0026913
1.62323	 0.00188791
1.62656	 0.00237199
1.62989	 0.00208969
1.63322	 0.00191699
1.63656	 0.00261878
1.63989	 0.00200163
1.64322	 0.00101646
1.64656	 0.0025111
1.64989	 0.00157192
1.65322	 0.00238659
1.65656	 0.00145304
1.65989	 0.0011844
1.66322	 0.00155282
1.66656	 0.00147254
1.66989	 0.00260066
1.67322	 0.00128739
1.67655	 0.00124584
1.67989	 0.00173992
1.68322	 0.000928719
1.68655	 0.00196562
1.68989	 0.00236664
1.69322	 0.00149961
1.69655	 0.00150837
1.69989	 0.00141539
1.70322	 0.0022483
1.70655	 0.00164209
1.70989	 0.00196486
1.71322	 0.0014718
1.71655	 0.00144463
1.71989	 0.00190976
1.72322	 0.00157082
1.72655	 0.0014791
1.72988	 0.00194419
1.73322	 0.00190216
1.73655	 0.00228759
1.73988	 0.00172572
1.74322	 0.00213433
1.74655	 0.00193464
1.74988	 0.00106138
1.75322	 0.00181345
1.75655	 0.00104439
1.75988	 0.00121702
1.76322	 0.00175682
1.76655	 0.00144192
1.76988	 0.00143282
1.77322	 0.00124809
1.77655	 0.00179377
1.77988	 0.0019229
1.78321	 0.00163464
1.78655	 0.0017317
1.78988	 0.00193889
1.79321	 0.00140553
1.79655	 0.00171824
1.79988	 0.00151868
1.80321	 0.00176468
1.80655	 0.00224308
1.80988	 0.00182582
1.81321	 0.00186713
1.81655	 0.00200796
1.81988	 0.00118096
1.82321	 0.00135921
1.82654	 0.00163511
1.82988	 0.000990882
1.83321	 0.00175615
1.83654	 0.00140602
1.83988	 0.00202571
1.84321	 0.00186329
1.84654	 0.0015789
1.84988	 0.00112357
1.85321	 0.0013626
1.85654	 0.00181101
1.85988	 0.00145238
1.86321	 0.0017417
1.86654	 0.00120136
1.86988	 0.00212821
1.87321	 0.0018645
1.87654	 0.00144403
1.87987	 0.0015208
1.88321	 0.00167316
1.88654	 0.0010206
1.88987	 0.00156553
1.89321	 0.00200312
1.89654	 0.0014408
1.89987	 0.00137038
1.90321	 0.00165532
1.90654	 0.00178105
1.90987	 0.00161629
1.91321	 0.00179897
1.91654	 0.00142668
1.91987	 0.00144741
1.92321	 0.00215141
1.92654	 0.00201715
1.92987	 0.00124259
1.9332	 0.00222643
1.93654	 0.00128642
1.93987	 0.00202989
1.9432	 0.00154912
1.94654	 0.00111932
1.94987	 0.00154273
1.9532	 0.00159004
1.95654	 0.00247137
1.95987	 0.00200088
1.9632	 0.00232681
1.96654	 0.00125801
1.96987	 0.00178686
1.9732	 0.00212459
1.97653	 0.0018162
1.97987	 0.00138763
1.9832	 0.00205078
1.98653	 0.00143821
1.98987	 0.00202208
1.9932	 0.00156799
1.99653	 0.00181371
1.99987	 0.00219356
2.0032	 0.00141274
2.00653	 0.00129732
2.00987	 0.00126401
2.0132	 0.00143289
2.01653	 0.00193704
2.01987	 0.00143637
2.0232	 0.00116562
2.02653	 0.00192831
2.02986	 0.00220637
2.0332	 0.00225568
2.03653	 0.00206419
2.03986	 0.00185752
2.0432	 0.00186876
2.04653	 0.00201096
2.04986	 0.00197668
2.0532	 0.00166254
2.05653	 0.0014461
2.05986	 0.00200719
2.0632	 0.00167468
2.06653	 0.00238628
2.06986	 0.00195614
2.0732	 0.00201613
2.07653	 0.00266381
2.07986	 0.0022051
2.08319	 0.00181204
2.08653	 0.0024193
2.08986	 0.00185113
2.09319	 0.00192424
2.09653	 0.00101805
2.09986	 0.00237488
2.10319	 0.00202233
2.10653	 0.0031921
2.10986	 0.00256652
2.11319	 0.00190821
2.11653	 0.00201751
2.11986	 0.00200866
2.12319	 0.00218314
2.12652	 0.00226958
2.12986	 0.00202795
2.13319	 0.00200207
2.13652	 0.00339953
2.13986	 0.00285748
2.14319	 0.00184542
2.14652	 0.00252198
2.14986	 0.00301301
2.15319	 0.00186183
2.15652	 0.00251948
2.15986	 0.0023837
2.16319	 0.00234236
2.16652	 0.00204535
2.16986	 0.0019586
2.17319	 0.00238244
2.17652	 0.0023859
2.17985	 0.00260933
2.18319	 0.00207834
2.18652	 0.00237827
2.18985	 0.00206379
2.19319	 0.00141206
2.19652	 0.00276316
2.19985	 0.00316597
2.20319	 0.00214753
2.20652	 0.0030082
2.20985	 0.00355751
2.21319	 0.00352389
2.21652	 0.00365671
2.21985	 0.00345356
2.22319	 0.00485431
2.22652	 0.00250466
2.22985	 0.00393939
2.23318	 0.00325881
2.23652	 0.00280575
2.23985	 0.00374899
2.24318	 0.00367023
2.24652	 0.00327984
2.24985	 0.00438179
2.25318	 0.00405039
2.25652	 0.00376635
2.25985	 0.00544223
2.26318	 0.00329508
2.26652	 0.0042121
2.26985	 0.00428829
2.27318	 0.00352653
2.27651	 0.00353116
2.27985	 0.00425008
2.28318	 0.00374746
2.28651	 0.00240665
2.28985	 0.00749148
2.29318	 0.0050842
2.29651	 0.00478146
2.29985	 0.00427753
2.30318	 0.00554735
2.30651	 0.00718733
2.30985	 0.00379071
2.31318	 0.00544537
2.31651	 0.00693509
2.31985	 0.00402728
2.32318	 0.00664567
2.32651	 0.00667664
2.32984	 0.00735537
2.33318	 0.0082888
2.33651	 0.00622183
2.33984	 0.00613724
2.34318	 0.00984817
2.34651	 0.00807682
2.34984	 0.0105078
2.35318	 0.0102737
2.35651	 0.00799349
2.35984	 0.0114226
2.36318	 0.00853174
2.36651	 0.00742556
2.36984	 0.00759018
2.37318	 0.00751182
2.37651	 0.00626742
2.37984	 0.0148849
2.38317	 0.00617864
2.38651	 0.0121362
2.38984	 0.00863538
2.39317	 0.0101775
2.39651	 0.00791
2.39984	 0.00862334
2.40317	 0.0087719
2.40651	 0.00839233
2.40984	 0.0125658
2.41317	 0.00737739
2.41651	 0.00968563
2.41984	 0.0094726
2.42317	 0.010015
2.4265	 0.00559004
2.42984	 0.011247
2.43317	 0.00665677
2.4365	 0.00578948
2.43984	 0.0070481
2.44317	 0.00997242
2.4465	 0.00674146
2.44984	 0.0084977
2.45317	 0.00641965
2.4565	 0.00817041
2.45984	 0.00508378
2.46317	 0.00738401
2.4665	 0.00622051
2.46984	 0.00569207
2.47317	 0.0063737
2.4765	 0.00596742
2.47983	 0.00725458
2.48317	 0.00402523
2.4865	 0.00516397
2.48983	 0.00328599
2.49317	 0.00422592
2.4965	 0.0057979
2.49983	 0.00531573
2.50317	 0.00496701
2.5065	 0.00460757
2.50983	 0.00608245
2.51317	 0.00560781
2.5165	 0.00579789
2.51983	 0.00503685
2.52317	 0.00350662
2.5265	 0.00414322
2.52983	 0.00358823
2.53316	 0.00353394
2.5365	 0.00193807
2.53983	 0.00461931
2.54316	 0.00275695
2.5465	 0.00426877
2.54983	 0.00516932
2.55316	 0.00373221
2.5565	 0.0040895
2.55983	 0.00378125
2.56316	 0.00405949
2.5665	 0.00426218
2.56983	 0.00336615
2.57316	 0.00369498
2.57649	 0.00259016
2.57983	 0.0031751
2.58316	 0.00226038
2.58649	 0.00409606
2.58983	 0.00305875
2.59316	 0.00325407
2.59649	 0.00321567
2.59983	 0.00383671
2.60316	 0.00325625
2.60649	 0.00323543
2.60983	 0.00249057
2.61316	 0.00243578
2.61649	 0.00206981
2.61983	 0.00357812
2.62316	 0.00316664
2.62649	 0.0024464
2.62982	 0.00215683
2.63316	 0.00192817
2.63649	 0.00325283
2.63982	 0.00263429
2.64316	 0.00144677
2.64649	 0.00280532
2.64982	 0.0016506
2.65316	 0.00255106
2.65649	 0.00198256
2.65982	 0.00299518
2.66316	 0.00226827
2.66649	 0.002011
2.66982	 0.00361653
2.67316	 0.00268985
2.67649	 0.00289603
2.67982	 0.00258975
2.68315	 0.00184419
2.68649	 0.00205214
2.68982	 0.00192265
2.69315	 0.00325027
2.69649	 0.00229263
2.69982	 0.00323407
2.70315	 0.00163901
2.70649	 0.00242778
2.70982	 0.00242586
2.71315	 0.00159508
2.71649	 0.00210751
2.71982	 0.0020011
2.72315	 0.00173546
2.72648	 0.00283586
2.72982	 0.00279852
2.73315	 0.00202797
2.73648	 0.0023655
2.73982	 0.00145984
2.74315	 0.0022686
2.74648	 0.00143004
2.74982	 0.00137027
2.75315	 0.00165599
2.75648	 0.00198547
2.75982	 0.00166494
2.76315	 0.00178093
2.76648	 0.00221693
2.76982	 0.00148708
2.77315	 0.00200287
2.77648	 0.00129124
2.77981	 0.00201378
2.78315	 0.00269815
2.78648	 0.00210813
2.78981	 0.00204892
2.79315	 0.00173605
2.79648	 0.00181763
2.79981	 0.00196868
2.80315	 0.00143811
2.80648	 0.00141825
2.80981	 0.00243371
2.81315	 0.00240062
2.81648	 0.00128126
2.81981	 0.00142739
2.82315	 0.00146381
2.82648	 0.00138998
2.82981	 0.00214114
2.83314	 0.00160791
2.83648	 0.00128667
2.83981	 0.0013848
2.84314	 0.00147722
2.84648	 0.00153996
2.84981	 0.00155421
2.85314	 0.00138552
2.85648	 0.00149856
2.85981	 0.00151834
2.86314	 0.00193759
2.86648	 0.00158737
2.86981	 0.00205195
2.87314	 0.00213345
2.87647	 0.00270769
2.87981	 0.00157612
2.88314	 0.00206288
2.88647	 0.00119485
2.88981	 0.00161824
2.89314	 0.00225835
2.89647	 0.00187178
2.89981	 0.00175235
2.90314	 0.00216172
2.90647	 0.00175759
2.90981	 0.00123137
2.91314	 0.00179343
2.91647	 0.00147004
2.91981	 0.00131641
2.92314	 0.00147422
2.92647	 0.00143841
2.9298	 0.00162438
2.93314	 0.00178811
2.93647	 0.00101992
2.9398	 0.00153944
2.94314	 0.00161768
2.94647	 0.00186127
2.9498	 0.00157646
2.95314	 0.00111856
2.95647	 0.00167949
2.9598	 0.00160068
2.96314	 0.00151599
2.96647	 0.00127284
2.9698	 0.0015983
2.97314	 0.00144143
2.97647	 0.0020158
2.9798	 0.00218028
2.98313	 0.0010974
2.98647	 0.00150409
2.9898	 0.00189064
2.99313	 0.00200908
2.99647	 0.00166879
2.9998	 0.00145666
3.00313	 0.00125423
3.00647	 0.00190947
3.0098	 0.000999899
3.01313	 0.00133181
3.01647	 0.00175046
3.0198	 0.00175565
3.02313	 0.00100602
3.02646	 0.00155386
3.0298	 0.00229643
3.03313	 0.00256222
3.03646	 0.00151207
3.0398	 0.00161331
3.04313	 0.0011403
3.04646	 0.00179925
3.0498	 0.00208079
3.05313	 0.00166562
3.05646	 0.00143207
3.0598	 0.00116824
3.06313	 0.00161355
3.06646	 0.00172233
3.0698	 0.00115301
3.07313	 0.000980142
3.07646	 0.00097522
3.07979	 0.0017994
3.08313	 0.00151037
3.08646	 0.00165769
3.08979	 0.00169993
3.09313	 0.00211336
3.09646	 0.00159025
3.09979	 0.00171943
3.10313	 0.00178924
3.10646	 0.00132076
3.10979	 0.00171449
3.11313	 0.00177368
3.11646	 0.00176644
3.11979	 0.00122288
3.12313	 0.00143835
3.12646	 0.00150795
3.12979	 0.00139028
3.13312	 0.00125164
3.13646	 0.00153731
3.13979	 0.00139684
3.14312	 0.00128723
3.14646	 0.00177462
3.14979	 0.00169559
3.15312	 0.00192579
3.15646	 0.00148524
3.15979	 0.00194342
3.16312	 0.000858185
3.16646	 0.00157773
3.16979	 0.00133205
3.17312	 0.00199124
3.17645	 0.0017725
3.17979	 0.00189882
3.18312	 0.00163728
3.18645	 0.00169329
3.18979	 0.00198078
3.19312	 0.00164586
3.19645	 0.00185338
3.19979	 0.00208408
3.20312	 0.00178642
3.20645	 0.00171314
3.20979	 0.0018235
3.21312	 0.00209507
3.21645	 0.00166325
3.21979	 0.00235352
3.22312	 0.00193104
3.22645	 0.00217079
3.22978	 0.00198509
3.23312	 0.00108609
3.23645	 0.00152462
3.23978	 0.00153379
3.24312	 0.00181985
3.24645	 0.0014739
3.24978	 0.00183324
3.25312	 0.00210637
3.25645	 0.00211205
3.25978	 0.00202159
3.26312	 0.00266185
3.26645	 0.00144339
3.26978	 0.00124683
3.27312	 0.00184191
3.27645	 0.00170711
3.27978	 0.0017093
3.28311	 0.0030361
3.28645	 0.00164373
3.28978	 0.00191731
3.29311	 0.00173832
3.29645	 0.00129785
3.29978	 0.00125267
3.30311	 0.00188894
3.30645	 0.00178323
3.30978	 0.0018039
3.31311	 0.00176368
3.31645	 0.00232585
3.31978	 0.00251916
3.32311	 0.0018958
3.32644	 0.002899
3.32978	 0.00182233
3.33311	 0.00158528
3.33644	 0.00186791
3.33978	 0.0025721
3.34311	 0.0015007
3.34644	 0.00143303
3.34978	 0.00184699
3.35311	 0.00230589
3.35644	 0.00180556
3.35978	 0.00248281
3.36311	 0.00206822
3.36644	 0.00193164
3.36978	 0.0019003
3.37311	 0.00231221
3.37644	 0.00311824
3.37977	 0.0014742
3.38311	 0.00250663
3.38644	 0.00166203
3.38977	 0.00239754
3.39311	 0.00213356
3.39644	 0.00241605
3.39977	 0.00250425
3.40311	 0.00271352
3.40644	 0.00231161
3.40977	 0.00202859
3.41311	 0.0030673
3.41644	 0.0032085
3.41977	 0.0026919
3.42311	 0.00213868
3.42644	 0.00194434
3.42977	 0.00297207
3.4331	 0.00330153
3.43644	 0.00338816
3.43977	 0.00229159
3.4431	 0.00277205
3.44644	 0.00366862
3.44977	 0.00397301
3.4531	 0.00237532
3.45644	 0.00183699
3.45977	 0.00262809
3.4631	 0.00363867
3.46644	 0.00325194
3.46977	 0.00326112
3.4731	 0.00357499
3.47643	 0.00282284
3.47977	 0.00275875
3.4831	 0.0030568
3.48643	 0.00422743
3.48977	 0.0040193
3.4931	 0.0038505
3.49643	 0.00386351
3.49977	 0.00359649
3.5031	 0.00461234
3.50643	 0.00482385
3.50977	 0.00498262
3.5131	 0.00365783
3.51643	 0.00338763
3.51977	 0.00405626
3.5231	 0.00440778
3.52643	 0.00428637
3.52976	 0.00392374
3.5331	 0.00275704
3.53643	 0.0042232
3.53976	 0.00649382
3.5431	 0.0066985
3.54643	 0.00420208
3.54976	 0.00366571
3.5531	 0.00589103
3.55643	 0.00689384
3.55976	 0.00445776
3.5631	 0.00533938
3.56643	 0.00417075
3.56976	 0.00613629
3.5731	 0.00696535
3.57643	 0.00366217
3.57976	 0.00737925
3.58309	 0.00505494
3.58643	 0.00690907
3.58976	 0.00560893
3.59309	 0.00753992
3.59643	 0.0110588
3.59976	 0.00604638
3.60309	 0.00593089
3.60643	 0.00459901
3.60976	 0.00320775
3.61309	 0.00819406
3.61643	 0.00488573
3.61976	 0.0076614
3.62309	 0.00581547
3.62642	 0.00424031
3.62976	 0.0048712
3.63309	 0.007219
3.63642	 0.00620059
3.63976	 0.00329156
3.64309	 0.00375328
3.64642	 0.00722354
3.64976	 0.00651693
3.65309	 0.00590118
3.65642	 0.00500746
3.65976	 0.00517202
3.66309	 0.00557064
3.66642	 0.00586191
3.66976	 0.00317897
3.67309	 0.00494669
3.67642	 0.00350383
3.67975	 0.00415152
3.68309	 0.00353026
3.68642	 0.00337282
3.68975	 0.00477095
3.69309	 0.00455922
3.69642	 0.00299289
3.69975	 0.00490834
3.70309	 0.0034743
3.70642	 0.00430673
3.70975	 0.0026989
3.71309	 0.00454086
3.71642	 0.00551596
3.71975	 0.00294446
3.72309	 0.00427509
3.72642	 0.00395132
3.72975	 0.00430879
3.73308	 0.00228228
3.73642	 0.00477284
3.73975	 0.00308476
3.74308	 0.00397503
3.74642	 0.00311366
3.74975	 0.00579804
3.75308	 0.0030649
3.75642	 0.00187507
3.75975	 0.0033945
3.76308	 0.0042926
3.76642	 0.00322935
3.76975	 0.00184252
3.77308	 0.00177103
3.77641	 0.00420984
3.77975	 0.00401973
3.78308	 0.00281725
3.78641	 0.00212171
3.78975	 0.00174628
3.79308	 0.00278383
3.79641	 0.00272018
3.79975	 0.00313427
3.80308	 0.00234411
3.80641	 0.00237412
3.80975	 0.00254552
3.81308	 0.00311995
3.81641	 0.00222816
3.81975	 0.00236905
3.82308	 0.00280576
3.82641	 0.0021631
3.82974	 0.0026945
3.83308	 0.00271698
3.83641	 0.00307481
3.83974	 0.00253804
3.84308	 0.00182762
3.84641	 0.00221097
3.84974	 0.00199758
3.85308	 0.0022335
3.85641	 0.00148029
3.85974	 0.00273758
3.86308	 0.00194737
3.86641	 0.00179326
3.86974	 0.00186793
3.87308	 0.00251572
3.87641	 0.0026027
3.87974	 0.00245763
3.88307	 0.00224151
3.88641	 0.00187388
3.88974	 0.0017049
3.89307	 0.00179345
3.89641	 0.00292879
3.89974	 0.00150326
3.90307	 0.00144961
3.90641	 0.00176625
3.90974	 0.00221803
3.91307	 0.00236732
3.91641	 0.00191237
3.91974	 0.00181667
3.92307	 0.00209079
3.9264	 0.00242986
3.92974	 0.00163711
3.93307	 0.00273654
3.9364	 0.00161658
3.93974	 0.0019048
3.94307	 0.00163815
3.9464	 0.0022137
3.94974	 0.00213211
3.95307	 0.00193345
3.9564	 0.00201229
3.95974	 0.0017099
3.96307	 0.00275355
3.9664	 0.00153435
3.96974	 0.00109348
3.97307	 0.00143566
3.9764	 0.00253257
3.97973	 0.00171095
3.98307	 0.00198242
3.9864	 0.00179478
3.98973	 0.00188407
3.99307	 0.00126904
3.9964	 0.00189153
3.99973	 0.00155391
4.00307	 0.00240205
4.0064	 0.0024015
4.00973	 0.00173627
4.01307	 0.00156075
4.0164	 0.00173836
4.01973	 0.00187015
4.02307	 0.0013912
4.0264	 0.00191637
4.02973	 0.00108413
4.03306	 0.00156686
4.0364	 0.00142354
4.03973	 0.00163838
4.04306	 0.00155183
4.0464	 0.00170349
4.04973	 0.00148457
4.05306	 0.0015927
4.0564	 0.000896427
4.05973	 0.00148989
4.06306	 0.000983793
4.0664	 0.00156153
4.06973	 0.00175514
4.07306	 0.00174332
4.07639	 0.00149913
4.07973	 0.00153443
4.08306	 0.00226122
4.08639	 0.001269
4.08973	 0.00122138
4.09306	 0.00146693
4.09639	 0.00117521
4.09973	 0.00127191
4.10306	 0.001492
4.10639	 0.00129569
4.10973	 0.00205887
4.11306	 0.00104021
4.11639	 0.00144382
4.11973	 0.00186303
4.12306	 0.00173708
4.12639	 0.00136941
4.12972	 0.00177526
4.13306	 0.00161229
4.13639	 0.00176455
4.13972	 0.00162736
4.14306	 0.00107945
4.14639	 0.00134137
4.14972	 0.00166925
4.15306	 0.00101901
4.15639	 0.000841982
4.15972	 0.00167575
4.16306	 0.0015217
4.16639	 0.00136476
4.16972	 0.00144701
4.17306	 0.00128065
4.17639	 0.00109211
4.17972	 0.00145067
4.18305	 0.00143073
4.18639	 0.00100344
4.18972	 0.00157639
4.19305	 0.00127235
4.19639	 0.00191808
4.19972	 0.0010673
4.20305	 0.00118355
4.20639	 0.00133968
4.20972	 0.00151668
4.21305	 0.00132312
4.21639	 0.00133136
4.21972	 0.00142053
4.22305	 0.0017463
4.22638	 0.00128083
4.22972	 0.00111169
4.23305	 0.001544
4.23638	 0.0016832
4.23972	 0.00104267
4.24305	 0.00136293
4.24638	 0.00153472
4.24972	 0.00149035
4.25305	 0.00165259
4.25638	 0.00120284
4.25972	 0.0011187
4.26305	 0.0022337
4.26638	 0.00138017
4.26972	 0.00136241
4.27305	 0.00100476
4.27638	 0.00095568
4.27971	 0.00204954
4.28305	 0.00146637
4.28638	 0.00116877
4.28971	 0.00218018
4.29305	 0.0013952
4.29638	 0.00182521
4.29971	 0.00110233
4.30305	 0.001193
4.30638	 0.00193357
4.30971	 0.000981468
4.31305	 0.00110398
4.31638	 0.00145492
4.31971	 0.00167329
4.32305	 0.00145466
4.32638	 0.0013434
4.32971	 0.00157518
4.33304	 0.00117053
4.33638	 0.00109722
4.33971	 0.00174832
4.34304	 0.00174843
4.34638	 0.0011106
4.34971	 0.00134665
4.35304	 0.00140566
4.35638	 0.00161538
4.35971	 0.00143342
4.36304	 0.00169207
4.36638	 0.00127082
4.36971	 0.00225413
4.37304	 0.0018196
4.37637	 0.00176486
4.37971	 0.00151352
4.38304	 0.00175341
4.38637	 0.00144251
4.38971	 0.00164794
4.39304	 0.00152047
4.39637	 0.00156893
4.39971	 0.00180998
4.40304	 0.00154191
4.40637	 0.00111795
4.40971	 0.00200254
4.41304	 0.00213922
4.41637	 0.00116766
4.41971	 0.00140354
4.42304	 0.00166603
4.42637	 0.0018328
4.4297	 0.00147065
4.43304	 0.00205033
4.43637	 0.00131619
4.4397	 0.00175351
4.44304	 0.00116479
4.44637	 0.001617
4.4497	 0.00222216
4.45304	 0.00165911
4.45637	 0.00163524
4.4597	 0.00173698
4.46304	 0.00144292
4.46637	 0.0016806
4.4697	 0.00156445
4.47304	 0.00231025
4.47637	 0.00253909
4.4797	 0.00162265
4.48303	 0.00168101
4.48637	 0.00173018
4.4897	 0.00171784
4.49303	 0.001282
4.49637	 0.000901967
4.4997	 0.00156964
4.50303	 0.00209783
4.50637	 0.0013118
4.5097	 0.00188237
4.51303	 0.00196097
4.51637	 0.00167321
4.5197	 0.00118748
4.52303	 0.00174441
4.52636	 0.00166921
4.5297	 0.00141557
4.53303	 0.00242081
4.53636	 0.00194463
4.5397	 0.00193709
4.54303	 0.00234352
4.54636	 0.0022705
4.5497	 0.00211177
4.55303	 0.00199745
4.55636	 0.00170457
4.5597	 0.00214596
4.56303	 0.00269183
4.56636	 0.0028814
4.5697	 0.00239101
4.57303	 0.00161991
4.57636	 0.00121219
4.57969	 0.00298613
4.58303	 0.00191648
4.58636	 0.00163794
4.58969	 0.00213117
4.59303	 0.00192852
4.59636	 0.00190497
4.59969	 0.00237754
4.60303	 0.00210011
4.60636	 0.00236746
4.60969	 0.00366191
4.61303	 0.00295374
4.61636	 0.0024155
4.61969	 0.00237841
4.62303	 0.00302421
4.62636	 0.00277209
4.62969	 0.00186089
4.63302	 0.00246458
4.63636	 0.00187302
4.63969	 0.00244164
4.64302	 0.00271813
4.64636	 0.00186361
4.64969	 0.00260474
4.65302	 0.00181915
4.65636	 0.00298074
4.65969	 0.0015271
4.66302	 0.00240425
4.66636	 0.00164395
4.66969	 0.00273591
4.67302	 0.00275093
4.67635	 0.00333683
4.67969	 0.001799
4.68302	 0.0032079
4.68635	 0.00324455
4.68969	 0.00255143
4.69302	 0.00303095
4.69635	 0.00252819
4.69969	 0.00310782
4.70302	 0.00327481
4.70635	 0.00371967
4.70969	 0.00519776
4.71302	 0.00267098
4.71635	 0.00396968
4.71969	 0.00273972
4.72302	 0.00367072
4.72635	 0.00347003
4.72968	 0.00319781
4.73302	 0.00405639
4.73635	 0.00303288
4.73968	 0.00449607
4.74302	 0.00451916
4.74635	 0.00440832
4.74968	 0.00343558
4.75302	 0.00384786
4.75635	 0.00400734
4.75968	 0.00409384
4.76302	 0.00359397
4.76635	 0.00263134
4.76968	 0.00300909
4.77302	 0.00390871
4.77635	 0.00617096
4.77968	 0.00334498
4.78301	 0.00478244
4.78635	 0.00447949
4.78968	 0.00275399
4.79301	 0.00313122
4.79635	 0.00487483
4.79968	 0.00436831
4.80301	 0.00442341
4.80635	 0.00391428
4.80968	 0.00380901
4.81301	 0.00431098
4.81635	 0.00432673
4.81968	 0.00328201
4.82301	 0.0046222
4.82634	 0.0054379
4.82968	 0.00510704
4.83301	 0.00470686
4.83634	 0.00295734
4.83968	 0.00421964
4.84301	 0.00599319
4.84634	 0.00297953
4.84968	 0.00360736
4.85301	 0.00266657
4.85634	 0.00366728
4.85968	 0.00293264
4.86301	 0.00373745
4.86634	 0.00477163
4.86968	 0.00408635
4.87301	 0.00368654
4.87634	 0.00437403
4.87967	 0.00411659
4.88301	 0.00366979
4.88634	 0.00597828
4.88967	 0.00386756
4.89301	 0.00382394
4.89634	 0.0042669
4.89967	 0.00347035
4.90301	 0.00337841
4.90634	 0.00400174
4.90967	 0.00325052
4.91301	 0.00386598
4.91634	 0.00344149
4.91967	 0.0022899
4.92301	 0.00314932
4.92634	 0.00358616
4.92967	 0.00271489
4.933	 0.00328239
4.93634	 0.00293849
4.93967	 0.00442333
4.943	 0.00250007
4.94634	 0.00322016
4.94967	 0.00273806
4.953	 0.00287235
4.95634	 0.00221906
4.95967	 0.00251368
4.963	 0.00317432
4.96634	 0.00350949
4.96967	 0.00281844
4.973	 0.00346276
4.97633	 0.00172141
4.97967	 0.00196131
4.983	 0.0027216
4.98633	 0.00245413
4.98967	 0.00230209
4.993	 0.00216698
4.99633	 0.00310524
