#Time [1ns] 	 Re(Es) 	 Im(Es) 	 |Es|^2 	 rho 	 w
0	-1835.66146	1279.88529	8328.14565	19304.0917	0.551976756	1.75765513e+13
1e-11	531.654419	266.871619	8702.13153	19543.0899	0.551943712	1.78167332e+13
2e-11	3169.24949	26.1545489	9652.50244	20631.9286	0.551681092	1.8034264e+13
3e-11	1933.31238	-2357.43139	9138.14167	20974.8969	0.551495469	1.82310447e+13
4e-11	1444.64046	-2645.31047	7954.49857	23184.7915	0.551331939	1.84091782e+13
5e-11	1655.6443	-3162.3924	7985.11885	22501.4522	0.550848869	1.85701847e+13
6e-11	1836.33734	-2444.42277	7563.47983	24222.1342	0.550504669	1.87155835e+13
7e-11	1357.20525	-2606.14588	7892.20116	23179.9735	0.550178802	1.88468754e+13
8e-11	747.244829	-349.718599	6316.37248	22832.3554	0.550117376	1.8965569e+13
9e-11	-665.022107	713.807073	7220.72959	22797.0125	0.550221317	1.90731325e+13
1e-10	447.327434	1756.3065	8138.55788	21604.3303	0.550453192	1.9170797e+13
1.1e-10	2344.37497	1529.03436	9457.28501	20755.906	0.550715632	1.92596171e+13
1.2e-10	3534.62611	-80.3703693	7547.84604	21702.6928	0.551063268	1.93404827e+13
1.3e-10	2179.47405	-550.912409	6811.19558	22237.7824	0.551266089	1.941412e+13
1.4e-10	1011.84565	-538.696443	6352.34944	20532.9277	0.551760162	1.94812089e+13
1.5e-10	350.420529	-1049.63999	6595.22085	18438.8643	0.552674631	1.95429383e+13
1.6e-10	347.140688	-1644.17267	6094.85756	20075.8945	0.553606404	1.96001341e+13
1.7e-10	3122.80268	-2081.54461	5744.41477	19512.9983	0.554423594	1.96531019e+13
1.8e-10	2241.54337	-1951.10765	5317.02009	19454.2569	0.555345707	1.97022489e+13
1.9e-10	1177.20627	-1253.16475	7218.34246	17300.3486	0.556175614	1.97479481e+13
2e-10	1923.40411	-425.36295	8731.78378	17908.4595	0.557215189	1.97906437e+13
2.1e-10	2214.90509	-2378.04012	8761.02562	18434.0005	0.557928574	1.98305102e+13
2.2e-10	1653.43644	-2955.68413	10432.2639	18039.1036	0.558303685	1.98674093e+13
2.3e-10	2237.61199	-2075.18137	10275.3315	17991.9629	0.558818686	1.99014025e+13
2.4e-10	1282.90014	-3458.18418	9591.04802	19814.618	0.559139364	1.99328317e+13
2.5e-10	-10.8900497	-6124.77573	10079.9191	20878.4957	0.559102448	1.99615388e+13
2.6e-10	-952.795985	-4697.91329	10860.8031	20437.3648	0.558717611	1.99872592e+13
2.7e-10	-1135.70178	-3801.44885	10368.9936	22400.0059	0.558361546	2.00101407e+13
2.8e-10	-1354.75711	-2622.79051	10455.7178	25256.1293	0.557641564	2.00301864e+13
2.9e-10	-798.5537	-1647.58217	10300.034	26341.8269	0.556302078	2.00469617e+13
3e-10	-642.905666	-2056.1326	9570.85571	25128.7407	0.555165579	2.00604202e+13
3.1e-10	260.778618	402.385155	9059.70642	24798.5082	0.554528343	2.00714209e+13
3.2e-10	832.738155	-1894.8942	9149.03117	24417.2715	0.554108947	2.00807021e+13
3.3e-10	-789.324656	-1207.96887	9867.55802	22168.1307	0.553953641	2.0088664e+13
3.4e-10	-422.772264	224.299817	7066.44654	20743.6918	0.55431138	2.00959758e+13
3.5e-10	-543.957429	907.23955	5919.82387	19700.1958	0.5551458	2.01034244e+13
3.6e-10	-463.570666	-288.32604	5994.8196	17988.4479	0.556209134	2.01114286e+13
3.7e-10	-2068.19825	-476.355227	5195.48671	19085.6795	0.557281945	2.01201676e+13
3.8e-10	-1471.92482	389.097677	6508.70119	19695.9297	0.558127856	2.01293846e+13
3.9e-10	-2369.01891	143.218589	8871.5226	21411.4068	0.558546965	2.0138672e+13
4e-10	-3782.50491	770.970544	10367.325	21659.5454	0.558386565	2.01472833e+13
4.1e-10	-3383.4593	-49.1546495	11234.9194	20393.9823	0.558343383	2.01548582e+13
4.2e-10	-2209.13811	743.432536	11847.6638	21519.6669	0.558298092	2.01617452e+13
4.3e-10	-662.230744	2186.90675	11976.3296	23053.8247	0.557760939	2.01676028e+13
4.4e-10	729.982869	3056.59001	12251.9314	23190.0986	0.556896929	2.01719742e+13
4.5e-10	-109.59498	1643.79237	11369.2672	20543.5891	0.556641399	2.01750486e+13
4.6e-10	-656.992293	1325.32646	12092.725	19030.0696	0.556934806	2.01779053e+13
4.7e-10	-760.206176	-140.061482	10847.4391	18668.9366	0.557349219	2.01809611e+13
4.8e-10	-1665.42954	-494.117803	9558.62963	17062.1305	0.558198767	2.01845646e+13
4.9e-10	421.34226	1229.1638	11106.5495	18450.7839	0.559009565	2.01890546e+13
5e-10	396.425237	678.820816	13512.7911	19067.177	0.55922802	2.01938388e+13
5.1e-10	1654.89548	1367.06616	12776.4449	17726.7776	0.559258971	2.01982452e+13
5.2e-10	1593.5767	1676.81755	14403.1711	17556.3357	0.559382671	2.02024452e+13
5.3e-10	408.055276	1697.20971	14994.9763	19335.6433	0.559160311	2.0206227e+13
5.4e-10	1435.63575	-135.319937	12277.1798	19372.4827	0.558893768	2.02092144e+13
5.5e-10	477.992119	-185.535217	13213.6092	19942.6048	0.558790259	2.0211734e+13
5.6e-10	-442.987072	452.071427	13554.1921	18989.3536	0.558752294	2.02138593e+13
5.7e-10	-1508.13052	162.395589	13553.6764	20344.846	0.558454018	2.02156395e+13
5.8e-10	-1218.49048	1869.16895	14819.5226	20517.9928	0.558064359	2.02168056e+13
5.9e-10	1675.04884	1766.00999	15575.2492	19747.9897	0.55753155	2.02171555e+13
6e-10	306.907958	1993.38183	12182.038	18071.6353	0.557393813	2.02169475e+13
6.1e-10	1402.75848	3762.35954	12177.3968	18852.6075	0.557718432	2.02169859e+13
6.2e-10	272.243672	2444.96877	12150.9405	19457.0081	0.557975102	2.02173724e+13
6.3e-10	1619.20381	1257.71491	14646.8527	17970.6008	0.558157076	2.02180268e+13
6.4e-10	1792.20528	453.087776	13060.6498	16741.6712	0.55832654	2.02188305e+13
6.5e-10	80.1355006	1089.45158	12952.3684	17299.855	0.558869415	2.02200659e+13
6.6e-10	142.89111	1042.65309	13407.6352	17261.3689	0.559215678	2.02218016e+13
6.7e-10	-2024.32133	-593.152586	14989.1418	17889.3046	0.559415818	2.02237657e+13
6.8e-10	50.0726522	-460.084682	15254.9795	17265.2849	0.559401663	2.02256329e+13
6.9e-10	588.998946	244.883156	14790.5877	17245.0806	0.55948897	2.02273737e+13
7e-10	-1020.18181	-1700.15664	15645.8469	18754.6077	0.559379608	2.02290314e+13
7.1e-10	-617.521936	-1701.31533	14742.8239	19825.0161	0.559042692	2.02301466e+13
7.2e-10	239.711041	-2169.11615	13675.8848	18185.14	0.558807981	2.02307236e+13
7.3e-10	-1053.18919	-3262.97211	14326.2166	19717.1003	0.558626063	2.02311055e+13
7.4e-10	433.245959	-2282.11686	14183.236	18983.2278	0.55842258	2.02310714e+13
7.5e-10	851.348751	-2323.94155	14556.3301	19971.8758	0.558240359	2.02308478e+13
7.6e-10	1283.54352	-2817.604	14857.2149	20838.4255	0.557794239	2.02302415e+13
7.7e-10	1826.74882	-2833.03415	15058.4263	21917.5491	0.557180838	2.02289768e+13
7.8e-10	2681.06915	-2647.46711	14348.5914	21569.4443	0.556484496	2.02268986e+13
7.9e-10	2169.48661	-357.17003	14259.1091	23191.2327	0.55584998	2.02241657e+13
8e-10	2402.74653	-213.920765	13664.4337	24473.7632	0.554943617	2.02206257e+13
8.1e-10	2527.43216	-2394.8925	12651.4999	22489.6714	0.554132195	2.02161463e+13
8.2e-10	889.68398	-2090.22107	14356.8513	23964.9291	0.55349475	2.0211242e+13
8.3e-10	301.167207	-1257.3975	11517.7059	23397.6479	0.552866048	2.0205815e+13
8.4e-10	1221.27662	251.862791	10264.5805	21948.3558	0.55288388	2.02004476e+13
8.5e-10	416.859436	-599.915767	10570.9502	21992.9645	0.553085356	2.01958405e+13
8.6e-10	863.529393	-3504.32562	10850.6271	20977.9001	0.553343259	2.01919184e+13
8.7e-10	-1117.10651	-3108.7168	8526.89466	21489.0141	0.553805465	2.01888321e+13
8.8e-10	-1984.72049	-3257.31986	9390.02579	22597.1678	0.55397529	2.01865146e+13
8.9e-10	-1134.70269	-3502.78251	8777.22045	22414.3785	0.554007725	2.01845037e+13
9e-10	906.233735	-4070.9299	8988.45886	23069.1553	0.554075196	2.01828091e+13
9.1e-10	901.877963	-3050.73952	8912.17673	22986.3588	0.554167631	2.0181326e+13
9.2e-10	890.120255	-1949.9685	9174.14313	21969.5499	0.554294351	2.01801336e+13
9.3e-10	994.764644	-591.182876	6813.80638	22703.6131	0.554633411	2.01793609e+13
9.4e-10	691.831994	-1181.06863	6666.23909	22312.9825	0.554816099	2.01790258e+13
9.5e-10	-22.5769262	-19.3453949	7362.93968	23639.3526	0.555125383	2.0179096e+13
9.6e-10	-307.453372	1047.11965	7010.25817	23466.3399	0.555177322	2.01793717e+13
9.7e-10	581.792408	2276.69766	6476.88378	23049.3828	0.5551639	2.01796686e+13
9.8e-10	284.979199	3103.55179	7941.52772	21759.5288	0.555308106	2.01799965e+13
9.9e-10	-162.306196	2427.07448	6405.4522	20753.9033	0.555821003	2.01807059e+13
1e-09	-798.21417	1610.54731	5510.53133	19745.7924	0.556607619	2.01822246e+13
1.01e-09	-508.873491	2183.35493	6475.75813	19508.5671	0.557403084	2.01847024e+13
1.02e-09	-1088.42762	2615.38031	5468.21063	19043.2653	0.558178492	2.01879927e+13
1.03e-09	-443.199173	239.629285	6167.39265	19634.6392	0.558876762	2.01920175e+13
1.04e-09	-2024.47753	-478.60065	4603.77719	19355.647	0.559621342	2.01965932e+13
1.05e-09	-2015.82384	-2172.12012	5240.88143	21197.3535	0.560179957	2.02017199e+13
1.06e-09	-1636.19422	-3137.19833	5694.53658	21321.755	0.560359266	2.02068424e+13
1.07e-09	-1354.95345	-2033.48202	7243.58662	22365.0969	0.560346985	2.02116232e+13
1.08e-09	-268.162559	1157.87059	8428.73358	24424.4807	0.559731199	2.02156268e+13
1.09e-09	-990.445798	-152.061961	8879.07266	23763.6928	0.559017499	2.02182511e+13
1.1e-09	-968.923855	-1908.56013	6995.75061	24753.855	0.558421381	2.02197434e+13
1.11e-09	-745.057235	-2526.10123	9137.79557	26750.1526	0.557468574	2.0220153e+13
1.12e-09	-615.295296	-2161.55417	9265.43223	28276.9673	0.555866633	2.02187884e+13
1.13e-09	-1292.58264	-2213.0168	8252.61025	28376.1556	0.554239907	2.0215288e+13
1.14e-09	-675.155422	-1058.03693	7863.91112	26572.2101	0.553151825	2.02102084e+13
1.15e-09	-780.819413	-437.136726	6947.35975	26663.3225	0.552255757	2.0204303e+13
1.16e-09	-1120.14139	-1416.292	5185.73247	23584.2385	0.552093155	2.01981058e+13
1.17e-09	-2238.65111	-93.6431796	4677.37185	23004.6899	0.552539809	2.01927438e+13
1.18e-09	-28.0298743	-2788.47579	4460.0197	21844.4904	0.55310827	2.01885667e+13
1.19e-09	-1330.44112	-3106.4209	6978.9786	21697.4621	0.553799039	2.01856618e+13
1.2e-09	-996.581397	-2675.86183	6021.52411	20413.7749	0.554281251	2.01837997e+13
1.21e-09	273.117196	-2182.60592	7745.46769	21144.6081	0.55493595	2.01829275e+13
1.22e-09	1171.24551	-2482.69735	10189.5159	20059.5525	0.555454283	2.01829059e+13
1.23e-09	697.403235	-1495.15485	10172.7185	19827.8981	0.555903574	2.01835344e+13
1.24e-09	205.362847	-2240.89633	11921.3841	21316.2785	0.556049148	2.01845755e+13
1.25e-09	730.922679	-2002.19218	10743.0748	20703.8898	0.556049161	2.01855429e+13
1.26e-09	856.545993	-3816.82761	12136.4589	20669.0398	0.556163935	2.01865424e+13
1.27e-09	-550.686097	-1880.51891	13124.1818	22168.5724	0.555983666	2.01874549e+13
1.28e-09	-328.078188	-622.188955	12301.296	21913.4312	0.555548364	2.01878314e+13
1.29e-09	899.207156	244.331928	11409.1014	23348.8852	0.555168471	2.01876158e+13
1.3e-09	1169.35981	1124.47997	10579.0097	22892.735	0.554689223	2.01868164e+13
1.31e-09	-1650.70386	1387.33529	10871.3504	23730.5172	0.554387817	2.01856094e+13
1.32e-09	-649.439738	-905.979964	11370.9665	23538.4038	0.554016638	2.01840119e+13
1.33e-09	-842.385443	-1102.75563	12196.7493	24359.6464	0.553631689	2.01821097e+13
1.34e-09	-2480.81857	-1262.47722	12752.2422	23206.589	0.553166259	2.01797415e+13
1.35e-09	-3643.40237	59.1176007	13644.7371	22647.5515	0.552742705	2.01770152e+13
1.36e-09	-3681.58652	-1315.57314	13333.4535	22243.4037	0.552557094	2.01741133e+13
1.37e-09	-1581.03644	-1191.52649	13456.9178	21134.5969	0.552545927	2.01713483e+13
1.38e-09	-3111.9746	-1916.98089	13352.7567	20742.6124	0.552687068	2.01689197e+13
1.39e-09	-2766.44384	-795.311773	16014.8636	21659.5704	0.552457711	2.01667369e+13
1.4e-09	-1888.21321	-287.251096	15174.4946	20770.6674	0.552027762	2.01642534e+13
1.41e-09	-1921.5541	422.814005	14691.0787	21924.1224	0.551975991	2.01617121e+13
1.42e-09	216.421047	1121.5949	15680.4192	20938.0087	0.55171673	2.01591621e+13
1.43e-09	509.399541	1636.97411	16222.3746	19905.4157	0.551706975	2.01566719e+13
1.44e-09	-274.235395	347.836735	14458.237	21190.0964	0.551619128	2.01543741e+13
1.45e-09	-275.194776	66.2919736	14894.7699	22389.5427	0.551537461	2.01521922e+13
1.46e-09	-917.918228	-1581.90129	14940.4222	20028.067	0.551354497	2.01499891e+13
1.47e-09	73.1025383	-1019.43139	14677.3687	18145.334	0.551791237	2.01481181e+13
1.48e-09	621.519555	-1887.85604	15415.2571	19113.3879	0.552194552	2.01470664e+13
1.49e-09	-892.068667	-908.763349	15354.1616	21022.6464	0.552167517	2.0146411e+13
1.5e-09	-1425.27409	-1704.34924	14516.804	20979.1175	0.552023494	2.01456183e+13
1.51e-09	-1528.23825	-953.476402	14544.7248	19580.0143	0.552085796	2.01448311e+13
1.52e-09	-1453.85129	-1526.90061	15350.4398	19244.5204	0.552363072	2.01443947e+13
1.53e-09	-445.748293	-830.454202	15438.723	20597.0364	0.552380174	2.01442133e+13
1.54e-09	-354.740007	1728.1315	14620.2415	20711.365	0.552182172	2.01438978e+13
1.55e-09	-1796.86833	2180.00367	13923.9231	19779.8574	0.552243804	2.0143471e+13
1.56e-09	-174.902819	2214.70956	10513.3547	19342.4334	0.552688399	2.01433939e+13
1.57e-09	-288.312479	596.952006	13495.7791	19514.1122	0.553210293	2.01440966e+13
1.58e-09	386.476002	271.416795	11974.8714	20149.6972	0.553500948	2.01452222e+13
1.59e-09	739.161941	-136.272108	13606.4334	20010.2269	0.553826547	2.01466962e+13
1.6e-09	955.005809	-857.591628	13238.0333	21365.6661	0.553905738	2.01483135e+13
1.61e-09	818.388731	-1082.42296	14240.9714	20079.6169	0.553854224	2.01497858e+13
1.62e-09	621.912371	-1566.53218	14543.7698	20480.9224	0.553787486	2.0151072e+13
1.63e-09	295.288925	-3313.19229	14258.5114	23254.8132	0.553460322	2.01519927e+13
1.64e-09	254.471704	-2666.13609	12323.4049	24429.1553	0.552766289	2.01521215e+13
1.65e-09	1056.27408	-2918.5723	11250.731	23267.729	0.552560277	2.01515428e+13
1.66e-09	1618.49537	-2919.55717	11260.3553	21613.2757	0.552556703	2.01508629e+13
1.67e-09	1615.37057	-1047.2279	9228.1947	20978.1295	0.55301328	2.01505715e+13
1.68e-09	2348.7616	-1223.40245	9453.81303	21247.2186	0.553435345	2.01509177e+13
1.69e-09	1279.66111	-728.079726	10512.6749	21281.1045	0.553683376	2.01517107e+13
1.7e-09	1283.14254	-719.854739	10300.1457	20446.1031	0.554131998	2.01528365e+13
1.71e-09	1321.9579	-365.500289	10230.6103	22606.7954	0.554402424	2.01544226e+13
1.72e-09	735.191768	10.6739394	11228.5639	22548.533	0.554254523	2.0155952e+13
1.73e-09	1448.36651	703.434256	9989.77179	22505.9048	0.554046375	2.01570545e+13
1.74e-09	2266.59294	-368.194109	11654.8846	22930.052	0.554005217	2.01579129e+13
1.75e-09	1793.13443	-191.301217	10248.2438	23033.128	0.55373515	2.01584827e+13
1.76e-09	1076.33657	-264.316677	8211.45987	24005.5813	0.553513294	2.01586449e+13
1.77e-09	1147.53624	-1113.5805	7330.67286	22357.7114	0.55380791	2.01587501e+13
1.78e-09	788.248159	-241.99711	8502.96491	23462.1705	0.553866309	2.01592238e+13
1.79e-09	819.592813	-927.165077	7787.39236	22728.498	0.553845398	2.01596366e+13
1.8e-09	163.412302	-897.029098	8733.85804	22087.2427	0.554034833	2.01601059e+13
1.81e-09	684.675006	-1777.20097	7849.9627	21689.7697	0.554410443	2.01608988e+13
1.82e-09	-556.305259	-1072.62058	5827.2436	22019.6564	0.554892579	2.01621845e+13
1.83e-09	181.040481	-2449.21921	4923.25731	23007.1599	0.555317999	2.01639843e+13
1.84e-09	965.938893	-2884.06891	3953.5125	23530.8042	0.555428359	2.01659967e+13
1.85e-09	559.534245	-2992.19377	4732.73037	23361.4846	0.55541262	2.01678585e+13
1.86e-09	1286.26965	-2742.4312	4319.7675	21560.9943	0.55565546	2.01696686e+13
1.87e-09	2574.55611	-2103.19769	3669.86173	23153.243	0.556039303	2.01718175e+13
1.88e-09	2390.11208	-816.920702	4295.08251	23530.5022	0.556152718	2.01740851e+13
1.89e-09	813.112575	448.70588	4788.03225	24205.1167	0.556119762	2.01762067e+13
1.9e-09	531.482592	-491.227687	3435.26553	25067.7954	0.555865631	2.01779334e+13
1.91e-09	-1559.73554	-794.195236	4017.44671	24918.2909	0.555628213	2.01791742e+13
1.92e-09	-301.05373	-2583.55211	4450.29833	26161.416	0.55510298	2.01798407e+13
1.93e-09	-1157.4293	-1985.71002	6786.74379	26454.941	0.554337339	2.01795858e+13
1.94e-09	-217.786644	-483.240024	5369.29879	27693.9389	0.553674412	2.01783311e+13
1.95e-09	-1190.39756	444.634453	5147.79734	26389.0661	0.552895833	2.01761788e+13
1.96e-09	-1105.33782	1433.82627	5147.41542	26746.8938	0.552431684	2.01734287e+13
1.97e-09	-1613.13744	1570.01523	3569.06244	28692.5347	0.551537234	2.01700984e+13
1.98e-09	-2986.13945	3159.36462	3515.15815	28106.1758	0.550500826	2.01656715e+13
1.99e-09	-2324.23958	271.15432	3598.57916	27432.2695	0.54994699	2.01605613e+13
2e-09	-3912.71403	-1334.84702	4088.5625	25677.9029	0.549549463	2.01552779e+13
2.01e-09	-3427.86169	240.660387	3616.83819	26524.8203	0.549630409	2.01503251e+13
2.02e-09	-3430.29931	-412.462495	4004.1272	26645.7894	0.54935438	2.01456659e+13
2.03e-09	-2981.66951	-2054.79025	4596.12148	26594.5549	0.549236735	2.01411658e+13
2.04e-09	-3740.78084	-1358.56263	3943.1128	24960.7945	0.549252342	2.01370024e+13
2.05e-09	-2341.22842	57.8297527	3353.92129	23858.8991	0.549580818	2.01334449e+13
2.06e-09	-2342.30695	-1267.10348	5264.83318	22971.4887	0.550186371	2.01308614e+13
2.07e-09	-2161.34946	-310.114623	9323.75068	19375.416	0.551087569	2.0129482e+13
2.08e-09	-2416.10852	-1845.19483	7824.01892	19168.5949	0.552163478	2.01295867e+13
2.09e-09	-3121.68244	-897.494855	7298.34729	19411.131	0.553116678	2.01311004e+13
2.1e-09	-3808.01944	472.465187	8127.38572	20975.1284	0.553882664	2.01336804e+13
2.11e-09	-4916.07621	-221.448018	10731.0262	21112.8557	0.554257135	2.01367917e+13
2.12e-09	-2276.12004	-1038.61152	10758.2466	22229.612	0.554385579	2.01399434e+13
2.13e-09	-2587.72881	592.568822	12917.8786	22390.5862	0.554147647	2.0142748e+13
2.14e-09	-1120.45216	3317.94496	13433.9272	22447.661	0.55384946	2.0144873e+13
2.15e-09	183.914506	3714.71398	14786.4025	24382.4873	0.553229705	2.01462997e+13
2.16e-09	474.493799	888.955285	14642.0634	23714.6362	0.552237294	2.0146424e+13
2.17e-09	-1090.56924	1691.35062	16947.5215	23497.3085	0.551515918	2.01454437e+13
2.18e-09	-1003.3029	194.947947	16360.6136	23004.3434	0.550588798	2.01433876e+13
2.19e-09	-1746.73121	616.666283	14220.5484	23254.0034	0.550172487	2.01405609e+13
2.2e-09	-186.479451	1565.68305	15378.6628	23480.6799	0.54977017	2.01375082e+13
2.21e-09	965.755808	-882.309338	13743.3196	23307.9931	0.54932727	2.01341083e+13
2.22e-09	1607.59336	85.0789183	15682.0039	23497.0378	0.549139179	2.01306802e+13
2.23e-09	2244.88081	748.945991	15385.3221	21151.1759	0.548910782	2.01272001e+13
2.24e-09	1663.09587	100.553646	15112.9182	20112.8933	0.549167195	2.0124034e+13
2.25e-09	1365.2849	-989.247324	14554.5206	21320.5165	0.549489253	2.01216135e+13
2.26e-09	-579.258995	-509.325926	14768.794	20830.9102	0.549582308	2.01197177e+13
2.27e-09	-345.632938	-2791.77367	13643.1544	20765.0837	0.549836935	2.01182016e+13
2.28e-09	574.622767	-3926.0758	13578.6239	21486.0311	0.550082299	2.01172124e+13
2.29e-09	799.886881	-3744.80647	16491.7198	21172.2854	0.550019839	2.01164679e+13
2.3e-09	368.038595	-2202.58472	14684.4129	22308.9018	0.549734904	2.01155152e+13
2.31e-09	-702.825616	-1433.80265	14483.9167	21035.4081	0.549910625	2.01145187e+13
2.32e-09	-1263.33199	1127.9999	15249.92	19452.2267	0.550261011	2.01140049e+13
2.33e-09	413.582053	734.801647	14228.1996	20241.1572	0.550736416	2.01140892e+13
2.34e-09	935.735634	1572.82693	15503.5655	22398.3156	0.550525201	2.01144692e+13
2.35e-09	-716.973552	-139.271001	15023.02	21916.7333	0.550419629	2.01144841e+13
2.36e-09	-669.716181	472.134718	13728.813	21584.7935	0.550276589	2.01143304e+13
2.37e-09	-1116.82909	930.041041	14090.4279	21647.8173	0.550309732	2.01141435e+13
2.38e-09	-1733.50433	237.758477	13577.6498	20707.6382	0.550430126	2.01140365e+13
2.39e-09	-458.928498	1678.09235	12097.2794	21296.9881	0.550778884	2.01142783e+13
2.4e-09	2.43264732	1497.55627	11704.9787	20187.7401	0.551204476	2.01149949e+13
2.41e-09	1184.71206	96.6465297	13006.2474	20169.8325	0.551853517	2.01163914e+13
2.42e-09	1235.33635	-151.881011	14185.5681	18829.8626	0.552325402	2.01184027e+13
2.43e-09	702.711079	544.949888	16190.4815	20829.2195	0.552321941	2.01206766e+13
2.44e-09	-272.386834	-689.174613	15367.4725	20987.3248	0.552157787	2.01225498e+13
2.45e-09	-613.521812	-846.366833	13631.9344	20960.7562	0.552172525	2.01240644e+13
2.46e-09	-812.613672	-929.914331	12425.6168	21284.5478	0.552338266	2.01256057e+13
2.47e-09	-305.761722	-2149.31773	11795.8811	20157.6599	0.552656507	2.01272825e+13
2.48e-09	-1256.4898	290.094778	10223.215	21515.0708	0.553190452	2.01294129e+13
2.49e-09	-1039.25428	252.486094	8863.61281	21690.1446	0.553562188	2.01319642e+13
2.5e-09	-660.529128	542.169848	9286.89105	22470.6924	0.55382747	2.01346931e+13
2.51e-09	-2804.0874	582.712743	9126.13661	22304.3865	0.554101496	2.01375189e+13
2.52e-09	-2517.70619	-1233.34243	9086.59753	23752.5643	0.554092509	2.0140331e+13
2.53e-09	-1262.11173	-490.296647	9065.21417	23125.372	0.554044696	2.01427821e+13
2.54e-09	-1988.37311	-614.609966	9484.78907	23517.1971	0.553785734	2.01448426e+13
2.55e-09	-1751.821	159.252269	9627.25913	22361.1461	0.553697771	2.01464251e+13
2.56e-09	-2335.5706	1567.3094	10478.0469	22905.43	0.553666473	2.01478287e+13
2.57e-09	-2085.08963	1467.13	10459.0088	23141.8835	0.553483198	2.01489625e+13
2.58e-09	-2619.04825	-443.808703	10872.9233	25151.6875	0.553121868	2.0149672e+13
2.59e-09	-2062.10536	-1719.69303	8207.09985	25160.2322	0.552744269	2.01497002e+13
2.6e-09	-1552.52914	-2300.45164	7672.42417	24160.4659	0.552587844	2.01493669e+13
2.61e-09	-1054.80896	-1609.41644	6902.48893	22892.8697	0.552828905	2.01490818e+13
2.62e-09	-1676.55595	-1768.47363	7311.6781	22357.869	0.552986602	2.01491395e+13
2.63e-09	-1866.95702	-2685.04187	6268.34597	20792.8404	0.55353464	2.01496114e+13
2.64e-09	-855.420937	-842.522548	5402.7968	20805.6482	0.554282642	2.01509367e+13
2.65e-09	-391.467351	-1542.26626	6607.76802	21774.5967	0.555020998	2.0153184e+13
2.66e-09	681.404658	-1150.06091	7569.93952	24001.9047	0.5550793	2.01558404e+13
2.67e-09	-531.790829	788.079118	8014.46782	25063.7827	0.5547113	2.01580087e+13
2.68e-09	1377.78224	683.897285	7978.39586	23211.46	0.554422196	2.01594584e+13
2.69e-09	2106.10904	-678.160834	5787.50297	23926.2039	0.554452344	2.01606426e+13
2.7e-09	2882.99401	34.8065884	6254.06176	25840.8059	0.554154882	2.01615621e+13
2.71e-09	5279.71532	-158.449444	7308.04188	25941.4374	0.553586698	2.01617948e+13
2.72e-09	3863.09365	-707.643871	5916.49179	27222.7306	0.552688315	2.016105e+13
2.73e-09	2470.80604	-1307.11686	5252.43103	28234.2408	0.551702866	2.01591013e+13
2.74e-09	2004.2602	-1034.06059	5564.19438	28602.2824	0.550708038	2.01559807e+13
2.75e-09	1435.64624	-588.300043	5455.64025	28699.5153	0.549908293	2.01519357e+13
2.76e-09	2034.66576	212.546356	4178.29864	28058.5441	0.54931752	2.01472845e+13
2.77e-09	693.93438	-575.472755	4612.2025	29882.0548	0.548601549	2.01422938e+13
2.78e-09	1804.61226	-558.650636	2413.412	29592.9252	0.547609972	2.01365928e+13
2.79e-09	-514.842243	870.986351	2744.38589	28283.6505	0.546992915	2.01302749e+13
2.8e-09	-125.741	2173.29405	3175.56852	28723.415	0.546679929	2.01239319e+13
2.81e-09	-865.678108	937.805871	5330.12394	26504.4906	0.546650035	2.01178915e+13
2.82e-09	459.096314	436.362855	5070.55086	25366.965	0.546834553	2.01125265e+13
2.83e-09	388.850394	2005.34601	5205.58074	24463.4036	0.547247264	2.01081051e+13
2.84e-09	467.696757	1514.75505	4933.27171	24405.6827	0.547876907	2.01047733e+13
2.85e-09	2104.73504	1364.33886	4759.4677	23842.3964	0.54837857	2.0102523e+13
2.86e-09	2219.15202	1557.1181	5996.8154	23528.8204	0.548992443	2.01012535e+13
2.87e-09	2412.04973	973.069593	4813.80868	22486.2974	0.549663613	2.0100944e+13
2.88e-09	3192.55118	-10.1993083	6152.60437	21255.867	0.550369482	2.01015984e+13
2.89e-09	4722.10989	-1081.81482	5196.528	21762.4342	0.551330592	2.01033123e+13
2.9e-09	3325.56335	1680.78797	3927.18563	21012.6066	0.55211461	2.01060182e+13
2.91e-09	3572.89669	783.781031	4582.83543	21434.3712	0.552776986	2.01094935e+13
2.92e-09	2447.77848	-352.624662	6660.77257	22514.7241	0.553500395	2.01135806e+13
2.93e-09	3611.46031	-1844.28091	8231.72113	23152.9116	0.553807965	2.01180015e+13
2.94e-09	2014.5683	-998.498267	9039.51311	24285.1474	0.553827083	2.01222532e+13
2.95e-09	1816.49274	-1098.74445	11058.0783	26204.0517	0.55330658	2.01258067e+13
2.96e-09	2069.99755	-1410.62479	9992.58812	24747.1591	0.552487284	2.01280346e+13
2.97e-09	2851.55802	-1584.33037	11582.6269	24060.877	0.552101165	2.01292681e+13
2.98e-09	1188.2151	-71.4596431	12248.2187	24100.6626	0.551786453	2.01299447e+13
2.99e-09	924.512885	-621.495165	13344.1073	23778.8625	0.551193707	2.0129975e+13
3e-09	2027.13651	580.888838	13653.5836	23603.3546	0.550870034	2.01293053e+13
3.01e-09	1413.11106	881.40134	11169.0699	23289.8603	0.550644246	2.01282957e+13
3.02e-09	-333.462011	690.261216	10719.9271	24584.5042	0.550708598	2.01273214e+13
3.03e-09	-1359.03454	2065.55601	13632.3963	25771.5482	0.550085321	2.01261497e+13
3.04e-09	14.9803329	845.573866	14278.4607	23221.7624	0.549497963	2.01241452e+13
3.05e-09	191.117047	3331.30645	15459.8688	23226.9622	0.549173143	2.01218249e+13
3.06e-09	1014.69548	1200.32291	17673.0211	22567.4372	0.548817437	2.01192132e+13
3.07e-09	1491.13235	1591.78678	17198.3812	21764.2378	0.548311766	2.01162584e+13
3.08e-09	-1186.17681	-162.152838	14793.7576	20777.8686	0.548244119	2.01131033e+13
3.09e-09	859.936715	-440.43477	13428.4131	20497.8382	0.548636577	2.01104877e+13
3.1e-09	1645.90471	151.105697	13692.3681	20352.2922	0.549186177	2.01087977e+13
3.11e-09	-656.219502	346.179597	13408.026	20618.3906	0.549607257	2.01079272e+13
3.12e-09	76.7547982	54.3264305	14286.9692	21273.3126	0.54996504	2.01076659e+13
3.13e-09	-159.11052	326.005844	14681.91	20235.3874	0.550134372	2.01077336e+13
3.14e-09	-2236.50873	-473.547705	14995.8278	21187.2559	0.55028204	2.01080847e+13
3.15e-09	-3008.97447	661.857206	15478.425	19312.0077	0.550324416	2.0108479e+13
3.16e-09	-440.881078	1622.54325	14340.5724	20717.9836	0.550458889	2.01089708e+13
3.17e-09	301.722919	750.95975	15160.1352	20059.8843	0.550662261	2.01096344e+13
3.18e-09	-439.000215	824.41149	15616.9576	20824.5706	0.550785729	2.0110503e+13
3.19e-09	-1381.78676	-695.761636	16863.9211	22669.3856	0.550257064	2.01110909e+13
3.2e-09	-342.898638	-719.703153	15387.0992	21562.1171	0.54994916	2.01109188e+13
3.21e-09	486.93113	-2150.57721	14389.5719	21777.7491	0.550023195	2.01106378e+13
3.22e-09	1099.34972	-2221.34035	13969.1263	21702.5493	0.550093	2.01104809e+13
3.23e-09	3185.68617	-1879.7606	15151.1187	23474.4497	0.549799504	2.0110279e+13
3.24e-09	2137.69986	-1972.1197	16106.2417	22763.2438	0.549242016	2.01094632e+13
3.25e-09	390.923291	-2453.35493	15135.4329	20426.8296	0.549255306	2.01082758e+13
3.26e-09	485.416181	-3011.81609	13888.5221	18803.5601	0.549704445	2.01074684e+13
3.27e-09	2215.04018	-1804.16485	14591.0382	18860.8582	0.550258445	2.01074815e+13
3.28e-09	1682.1207	-1979.32958	13643.8184	17966.5373	0.551003014	2.01083104e+13
3.29e-09	831.413756	-910.512339	12017.5129	18719.3143	0.551852929	2.0110145e+13
3.3e-09	-255.187399	-780.568227	11674.8325	17498.6261	0.552838396	2.01130235e+13
3.31e-09	-2600.1361	-1334.96044	13012.2737	19900.8455	0.553528729	2.01168989e+13
3.32e-09	-2340.31604	-785.148695	12273.7071	19764.7962	0.553781342	2.01210043e+13
3.33e-09	-898.216475	-1734.43876	11685.8157	20883.7756	0.554081731	2.01251188e+13
3.34e-09	1268.81429	-302.937543	10238.618	21596.829	0.554183724	2.01290925e+13
3.35e-09	207.571505	-598.62015	9879.55911	22693.6504	0.55415542	2.01327619e+13
3.36e-09	-1197.96367	-1694.56032	9883.53739	22730.0639	0.553987563	2.01359583e+13
3.37e-09	2090.71295	-1712.71222	10716.272	22217.1434	0.553934903	2.01386988e+13
3.38e-09	2533.21229	-398.132957	10631.8794	20298.0648	0.554219889	2.01412819e+13
3.39e-09	3551.90414	-569.643354	9004.16266	20462.3496	0.554619988	2.01441079e+13
3.4e-09	3519.20259	-7.95013968	10483.3062	20999.243	0.554996197	2.01472438e+13
3.41e-09	1293.56902	441.12384	9726.11537	22653.0941	0.554927874	2.01502945e+13
3.42e-09	1784.33955	-2598.50058	9175.09073	22810.0762	0.554793269	2.01529196e+13
3.43e-09	2280.64842	-53.7082503	8380.05831	21349.2704	0.554886482	2.01551766e+13
3.44e-09	1587.51072	563.061195	7064.76453	20962.4825	0.555385892	2.01576579e+13
3.45e-09	620.132944	959.52119	7768.99572	21039.3531	0.555727938	2.01605141e+13
3.46e-09	453.748025	755.373846	5500.57478	21508.3344	0.55618034	2.01636129e+13
3.47e-09	632.325261	-700.770473	6770.08795	21892.0819	0.556638194	2.01670628e+13
3.48e-09	921.084112	-983.082957	7089.42944	23896.7014	0.55665485	2.01705493e+13
3.49e-09	-143.517742	-2790.18236	6540.17236	24593.8209	0.55636941	2.01734898e+13
3.5e-09	369.014652	-3254.17874	8538.5107	24537.0882	0.555864368	2.01756571e+13
3.51e-09	1673.76568	-3404.81955	8830.54182	24817.6248	0.555202445	2.01768639e+13
3.52e-09	745.08566	-109.70105	8826.96931	24768.2313	0.554644324	2.0177086e+13
3.53e-09	886.71065	884.034914	9984.48019	24441.6572	0.554182308	2.01765795e+13
3.54e-09	1039.85235	1205.90398	9331.76318	24591.4591	0.553815198	2.01755689e+13
3.55e-09	2534.24874	1819.82422	9152.73252	25024.7691	0.553357428	2.01740907e+13
3.56e-09	1649.45396	2499.36015	7964.91042	23779.75	0.553030227	2.01721773e+13
3.57e-09	2191.70558	2279.43068	7786.17852	24719.033	0.552930975	2.0170217e+13
3.58e-09	277.008564	171.497981	5059.62846	25936.7725	0.552608184	2.01681883e+13
3.59e-09	603.210781	-1223.44907	6616.57706	26084.9851	0.552099347	2.01657543e+13
3.6e-09	627.198169	-1394.44978	5835.5473	27506.3046	0.551420996	2.01627765e+13
3.61e-09	193.319594	-1290.60575	5894.40263	26488.6871	0.550884023	2.01592151e+13
3.62e-09	1188.42524	-485.29725	4536.20019	26851.7258	0.550538181	2.01553738e+13
3.63e-09	1957.72677	-2742.52527	3505.12906	27365.8607	0.550268871	2.01515038e+13
3.64e-09	404.334685	-1222.43349	4083.93723	27408.4478	0.549893645	2.01475311e+13
3.65e-09	1266.65742	-506.935524	3010.18895	24738.3273	0.549963269	2.01436331e+13
3.66e-09	672.349707	35.6601043	2464.33454	24809.784	0.550167617	2.01403722e+13
3.67e-09	2377.45395	522.407917	2413.07814	24501.2437	0.550524402	2.01377301e+13
3.68e-09	2256.82328	-565.756799	1797.87019	23594.1947	0.550958004	2.01359093e+13
3.69e-09	2385.18763	685.900221	1449.32639	22616.1908	0.551624299	2.01349995e+13
3.7e-09	2652.845	622.003004	1265.19065	22753.3584	0.552278497	2.01350923e+13
3.71e-09	1564.42254	923.665179	445.430479	23078.7949	0.552828142	2.01359841e+13
3.72e-09	478.071821	1186.77121	312.363714	22066.8617	0.553498818	2.01375494e+13
3.73e-09	500.76148	1448.78286	2773.92761	21077.7838	0.554312608	2.01399981e+13
3.74e-09	-172.606484	1789.88366	4430.11648	21800.656	0.554928154	2.0143262e+13
3.75e-09	-565.153774	1104.73669	5805.63501	23480.7441	0.555175252	2.01468208e+13
3.76e-09	-0.938857009	-435.189725	6585.32257	24603.6014	0.55512056	2.01501706e+13
3.77e-09	-659.175508	-1865.18529	6011.93248	24025.0917	0.554876357	2.01529676e+13
3.78e-09	-36.8660555	-2157.29413	6475.54637	24043.9204	0.554722539	2.01552593e+13
3.79e-09	-309.270058	-3790.9794	7392.56408	22582.851	0.554673641	2.01571827e+13
3.8e-09	-126.118697	-4218.02973	8424.32132	22488.1315	0.554715683	2.01589373e+13
3.81e-09	-647.099907	-3397.30878	8991.99746	22527.4293	0.55446148	2.01604313e+13
3.82e-09	259.991696	-4509.46756	9351.95746	21239.6673	0.554603459	2.01616011e+13
3.83e-09	1996.90795	-3409.08002	9731.80102	22726.8906	0.554756569	2.01629277e+13
3.84e-09	4668.16371	-3340.39197	11592.5146	23778.9603	0.554342292	2.01640225e+13
3.85e-09	4813.93687	-2448.013	11206.1807	23487.5951	0.553861931	2.01643067e+13
3.86e-09	4500.96136	-3252.42656	11175.2432	23691.5564	0.553250866	2.01638594e+13
3.87e-09	4928.3798	-2237.72226	14664.5794	21915.3312	0.552697606	2.01626805e+13
3.88e-09	2087.9657	-2249.04961	13205.7757	22037.0102	0.552524843	2.01610318e+13
3.89e-09	350.2819	-2399.23203	12031.8284	20183.7086	0.552779451	2.01595689e+13
3.9e-09	-51.9519873	-3347.94454	12018.8315	20355.7724	0.553012812	2.01586321e+13
3.91e-09	-1243.90793	-1852.01955	12945.974	21401.7402	0.553245861	2.01581384e+13
3.92e-09	-1181.34428	-616.482756	14376.6729	22213.9947	0.553051293	2.01577533e+13
3.93e-09	-390.261367	-995.040858	14867.063	21030.9495	0.552801622	2.01570252e+13
3.94e-09	514.909555	-1737.66805	14472.0769	19780.1018	0.55283995	2.01562083e+13
3.95e-09	1644.82231	-2356.14734	13107.8969	19641.3515	0.553101159	2.01556624e+13
3.96e-09	1079.27835	-1857.7021	13705.5464	20368.2547	0.553315571	2.01555473e+13
3.97e-09	2285.21034	-2198.45947	14052.1577	21562.45	0.553187816	2.01555363e+13
3.98e-09	1863.66701	-2608.76375	15052.4645	21859.6396	0.552812541	2.01551801e+13
3.99e-09	1205.5897	-3591.42233	15698.1587	21986.6456	0.552607766	2.01544134e+13
4e-09	715.634674	-1908.72703	14939.1689	22643.3369	0.552146569	2.01533009e+13
4.01e-09	183.878522	-2740.48854	14690.4632	22205.4187	0.551746811	2.01517252e+13
4.02e-09	-331.698685	-2237.5866	16936.8335	23237.6763	0.551103121	2.01496356e+13
4.03e-09	1527.28851	-1169.03547	13162.6431	24159.7088	0.550462149	2.01467984e+13
4.04e-09	1231.77569	-993.535061	13075.879	24184.9196	0.550018125	2.0143467e+13
4.05e-09	681.48471	-1762.62222	10539.3738	23471.0917	0.549846722	2.01400064e+13
4.06e-09	-1052.51982	321.836889	10737.8177	21167.3169	0.550241015	2.01369913e+13
4.07e-09	-834.974527	2395.06496	10830.3657	18914.7639	0.551010021	2.0135015e+13
4.08e-09	-1167.17293	795.833068	11670.8814	19982.8834	0.551860832	2.0134405e+13
4.09e-09	-1060.32149	-267.202412	12725.0335	21076.0572	0.552202632	2.01347171e+13
4.1e-09	-214.839243	-454.171632	11851.8104	20187.5898	0.552500108	2.01353592e+13
4.11e-09	-1470.99314	718.75144	11313.2298	20392.5051	0.552922862	2.01364309e+13
4.12e-09	-582.437313	-851.123563	10995.2522	19683.8873	0.553448549	2.0138033e+13
4.13e-09	-1417.80068	-798.811441	11111.9351	19640.7283	0.553970263	2.01402051e+13
4.14e-09	-1045.95109	-753.485726	10818.6943	21867.5782	0.554297761	2.01428203e+13
4.15e-09	-1920.67159	-2228.6079	10547.5494	21465.7841	0.554409651	2.01454384e+13
4.16e-09	-2001.73134	-2985.58909	8801.17857	21987.3279	0.554474263	2.01479164e+13
4.17e-09	-1211.57121	-995.863013	10343.7226	22156.0777	0.554503162	2.01502609e+13
4.18e-09	-548.901131	-1238.42678	9925.43229	21581.7518	0.554671687	2.0152458e+13
4.19e-09	-1320.51215	-1752.58651	8987.25918	22694.1446	0.554851569	2.01547333e+13
4.2e-09	-499.496161	-1878.97471	8975.34359	24927.9979	0.554681207	2.01568752e+13
4.21e-09	-636.270316	-2095.34353	9282.96557	25041.0983	0.554074718	2.01582436e+13
4.22e-09	382.298829	-1841.09024	9782.7294	24243.7086	0.553653094	2.01587529e+13
4.23e-09	1325.60754	-599.06618	10840.5657	24166.6729	0.553309416	2.0158729e+13
4.24e-09	1091.23601	1517.74215	11693.3581	23983.5279	0.553018161	2.01582716e+13
4.25e-09	814.216101	-227.07197	10660.3784	22806.0199	0.552832297	2.01574649e+13
4.26e-09	-345.570389	-755.974619	10539.2146	21114.4266	0.552998337	2.01567048e+13
4.27e-09	-559.558334	317.770617	8692.50637	22847.9645	0.553303665	2.01564058e+13
4.28e-09	6.49112297	-457.376871	8991.78951	23065.3265	0.553533348	2.01564885e+13
4.29e-09	358.216717	1104.10554	8105.09715	21504.2649	0.553882093	2.0156875e+13
4.3e-09	-242.046677	658.552038	7580.00551	21171.3345	0.554354766	2.0157832e+13
4.31e-09	-1812.82416	1693.83157	6769.13796	21321.8286	0.554985884	2.01594556e+13
4.32e-09	-127.165608	816.6661	6913.03157	22579.2329	0.555382115	2.01616396e+13
4.33e-09	1255.86024	-1590.56802	7866.47646	24787.6257	0.555278254	2.01638774e+13
4.34e-09	2445.3022	88.4597305	7625.36923	26677.2075	0.554571789	2.01653931e+13
4.35e-09	2494.85482	-1009.92536	10892.2733	24344.5558	0.553723744	2.01656358e+13
4.36e-09	2220.24551	-1410.97853	11807.4818	24858.9882	0.553026207	2.01648658e+13
4.37e-09	331.853368	-3210.79583	12680.2024	22985.8057	0.552554276	2.0163303e+13
4.38e-09	1419.26773	-4075.89133	12082.8765	22288.4819	0.552466691	2.01614824e+13
4.39e-09	1651.53403	-3667.37578	12387.6355	22630.6514	0.552345984	2.01597211e+13
4.4e-09	1437.22174	-1417.95331	10986.6075	23310.7527	0.552301864	2.01580225e+13
4.41e-09	832.285543	-1087.36457	9764.11171	23551.736	0.552358118	2.01564525e+13
4.42e-09	574.37747	-3423.71718	8021.0233	23164.9172	0.552413891	2.0155116e+13
4.43e-09	2255.42112	-3009.02954	6760.48962	25008.706	0.552305925	2.01539421e+13
4.44e-09	1078.54125	-2211.40538	7847.99292	25161.3987	0.551967176	2.01525553e+13
4.45e-09	1705.56159	-1932.89162	6462.45972	24592.1426	0.551778939	2.01508666e+13
4.46e-09	1203.64065	334.28747	7304.0701	25298.1412	0.551730972	2.01492499e+13
4.47e-09	864.392439	717.267974	7752.65818	25592.511	0.551515218	2.01475831e+13
4.48e-09	-656.882161	49.0944038	7528.56161	26171.5558	0.551057254	2.0145674e+13
4.49e-09	-1683.35248	-902.799937	9665.03637	24958.1028	0.550920745	2.01434907e+13
4.5e-09	-1310.55544	-111.446235	7134.09023	26996.7268	0.550532122	2.01412021e+13
4.51e-09	-881.795836	354.859409	5100.49808	26440.3853	0.55010443	2.01385153e+13
4.52e-09	-163.749624	1006.32729	3122.37432	25418.8069	0.550019634	2.0135691e+13
4.53e-09	857.728466	999.851525	4525.57844	24815.3733	0.550306917	2.01333002e+13
4.54e-09	390.09936	1251.33554	4986.02853	24568.8113	0.550559269	2.01315036e+13
4.55e-09	1290.70609	1406.1029	5692.69956	24042.6093	0.550808604	2.01302063e+13
4.56e-09	1105.41999	1687.61129	5165.52889	23516.3099	0.551211244	2.01294498e+13
4.57e-09	1472.79512	-117.625062	4246.94062	23902.563	0.551657349	2.01293565e+13
4.58e-09	1059.06517	-1115.73317	4089.98428	24052.5121	0.551815045	2.0129702e+13
4.59e-09	115.154311	-169.256697	3352.01489	23543.7595	0.552112531	2.0130304e+13
4.6e-09	32.9900948	321.357591	2756.00333	22950.4981	0.55274285	2.0131433e+13
4.61e-09	585.529224	-606.308887	5606.20069	25791.577	0.552982112	2.01332038e+13
4.62e-09	1057.40222	691.823638	5112.46179	25170.0847	0.552794912	2.01347044e+13
4.63e-09	2394.83642	1894.43843	4029.57287	23265.8321	0.552883532	2.0135968e+13
4.64e-09	1857.66737	1810.347	5500.07842	24861.7565	0.553089317	2.01374311e+13
4.65e-09	772.142583	1726.98049	4802.50883	26108.5343	0.552820247	2.01387058e+13
4.66e-09	870.677443	2314.31481	6929.084	27237.162	0.552113557	2.01392541e+13
4.67e-09	1610.32336	1961.68263	8227.98917	25859.1765	0.551468704	2.0138727e+13
4.68e-09	2472.04061	356.841419	9369.60636	24142.8954	0.551302105	2.01376828e+13
4.69e-09	2047.77225	382.522107	10516.75	24278.0701	0.55122857	2.01366169e+13
4.7e-09	1434.06559	-56.1665632	9725.05138	24085.1449	0.551098667	2.01355015e+13
4.71e-09	1177.61688	836.824907	12441.3955	21780.8518	0.551102197	2.01343616e+13
4.72e-09	899.506607	170.601787	12431.1606	21593.0248	0.551320419	2.01335194e+13
4.73e-09	489.53839	1483.7423	12133.6968	22099.897	0.551475789	2.01330292e+13
4.74e-09	2172.83847	1158.0941	11687.0909	22677.0477	0.55139075	2.01326519e+13
4.75e-09	2648.223	-1403.33854	11337.899	21594.7878	0.551573872	2.01322977e+13
4.76e-09	1484.08604	443.981473	11144.1169	20588.7849	0.552029553	2.01323922e+13
4.77e-09	624.780884	-138.701857	13202.4695	20903.1122	0.552500964	2.01331671e+13
4.78e-09	57.6290948	-20.9890764	14253.1736	23479.3903	0.552185099	2.01340876e+13
4.79e-09	-1167.47156	835.122729	12390.0581	23854.2075	0.551698369	2.01342642e+13
4.8e-09	-1648.4366	2394.76258	12629.1669	21942.5932	0.551549388	2.01339533e+13
4.81e-09	-2096.75585	921.496561	13416.2785	22535.7505	0.551453597	2.01335625e+13
4.82e-09	-1720.47716	-808.142884	14859.4617	23666.9507	0.551037698	2.01329446e+13
4.83e-09	-137.766189	-374.192024	13966.4593	23376.9973	0.550522887	2.01316453e+13
4.84e-09	-429.927333	-1498.64537	13556.3563	24108.2137	0.550337669	2.01300041e+13
4.85e-09	-1187.37484	-536.955471	13501.9208	24042.1672	0.549979897	2.01281733e+13
4.86e-09	928.807422	-420.465458	15042.7507	24908.3122	0.549360712	2.01258883e+13
4.87e-09	822.920635	-1173.70415	15502.0795	24678.9158	0.548700584	2.0122939e+13
4.88e-09	-879.884189	1136.04717	12510.5693	23236.1727	0.548496926	2.01195706e+13
4.89e-09	-859.590447	679.596481	12127.8386	21823.2127	0.548634106	2.01165241e+13
4.9e-09	-1752.68678	-1232.82553	11952.4659	20521.8937	0.549151407	2.01141558e+13
4.91e-09	-2087.60858	-578.174599	10552.251	19842.92	0.549968054	2.01129232e+13
4.92e-09	-2261.71704	-2282.6542	10857.1192	20456.4791	0.550855546	2.01129884e+13
4.93e-09	-1031.47542	-1805.12544	11074.1324	19033.7074	0.551568185	2.01140926e+13
4.94e-09	-2004.11214	-1444.25222	10856.3988	17870.8839	0.552385955	2.01161255e+13
4.95e-09	-2503.97858	-1190.83834	11400.9567	18462.6069	0.553327879	2.01191901e+13
4.96e-09	-2130.88348	-1582.33912	12123.167	18140.757	0.554121667	2.01231284e+13
4.97e-09	-1623.20484	-4708.62909	13055.1236	20866.6839	0.554495952	2.01276093e+13
4.98e-09	-2271.92858	-5946.09403	11963.4309	18173.0391	0.554591144	2.01318355e+13
4.99e-09	-2144.54697	-5870.17848	10052.8923	19434.245	0.555054962	2.01360765e+13
5e-09	-2815.62276	-4484.90876	11836.9634	20711.1962	0.555247313	2.01404667e+13
5.01e-09	-3197.72039	-3917.72644	10642.635	21377.2325	0.555238598	2.01444993e+13
5.02e-09	-4127.90469	-3386.78906	11929.0637	22791.1605	0.555039718	2.01481017e+13
5.03e-09	-2363.17768	-3963.94206	11370.9077	22409.2212	0.554772866	2.01509457e+13
5.04e-09	-964.330448	-4178.96322	11249.1417	23705.0563	0.554325795	2.01531219e+13
5.05e-09	-1508.93735	-4727.31536	10417.7695	23767.408	0.553732428	2.01543753e+13
5.06e-09	-2051.0924	-4736.21237	11680.2317	23095.4283	0.553226441	2.01547438e+13
5.07e-09	-2608.0096	-4900.57104	10743.079	24115.6618	0.552689194	2.01543959e+13
5.08e-09	-3916.37242	-4637.35955	11112.8179	24443.6553	0.552217661	2.01533952e+13
5.09e-09	-3584.75545	-4724.85957	11241.2466	25114.1705	0.551471318	2.01517009e+13
5.1e-09	-2863.43748	-4442.79955	9791.99235	23948.0011	0.551050019	2.01492734e+13
5.11e-09	-1182.26563	-3770.17748	9909.8005	24083.4455	0.550946063	2.01467567e+13
5.12e-09	-1476.7013	-2167.7338	10560.6529	23352.5208	0.550743388	2.01442948e+13
5.13e-09	965.76103	-1540.58399	11601.3797	23553.3644	0.550687528	2.01418969e+13
5.14e-09	2477.83321	-288.248564	12515.8882	22848.4122	0.550652368	2.01396171e+13
5.15e-09	1717.30275	-587.144058	11458.8605	22267.0867	0.550672088	2.01375056e+13
5.16e-09	754.287954	-995.116012	10991.8495	22900.757	0.550936339	2.01357978e+13
5.17e-09	794.431432	536.383927	10724.1466	23213.1753	0.550982273	2.01344827e+13
5.18e-09	538.483841	-51.2076575	10528.6335	22029.3024	0.551064171	2.01333541e+13
5.19e-09	1511.50147	355.550155	9355.06507	21365.1669	0.551652934	2.01327799e+13
5.2e-09	183.076786	-1195.91657	9719.16747	19937.6682	0.552353278	2.01331127e+13
5.21e-09	-971.445806	-1750.72736	9499.17482	19871.7998	0.553189284	2.01344574e+13
5.22e-09	-1542.5741	236.524988	10320.1361	21671.5785	0.553630798	2.01366373e+13
5.23e-09	-936.080857	-426.685961	8770.58453	21965.8446	0.553921523	2.01390274e+13
5.24e-09	-61.8314095	-1119.34909	7834.11731	21714.4223	0.55425726	2.01415801e+13
5.25e-09	749.673959	-150.429909	8229.30932	22216.5915	0.554534566	2.01443787e+13
5.26e-09	922.4411	1525.17973	6258.27978	22323.565	0.554870458	2.01472821e+13
5.27e-09	2043.67518	1732.89311	6125.91149	23344.9513	0.555013193	2.01502961e+13
5.28e-09	1144.75875	635.899411	6552.8146	24616.1606	0.554853835	2.01530466e+13
5.29e-09	581.837196	1032.06735	5778.76016	25230.7794	0.554560642	2.01552209e+13
5.3e-09	2111.90085	-935.081706	5752.38166	25135.3297	0.554048963	2.01566745e+13
5.31e-09	1667.49222	41.1970567	7342.76888	25051.8272	0.553599426	2.0157325e+13
5.32e-09	2422.79968	249.205483	7825.15463	25009.9211	0.553167162	2.01572848e+13
5.33e-09	2411.32812	356.597054	6347.90842	24613.0535	0.552926772	2.01567624e+13
5.34e-09	1224.62285	1687.97139	8769.67468	23637.9574	0.552828595	2.0156073e+13
5.35e-09	428.459099	2517.53964	7629.4259	23695.1031	0.552918526	2.01554257e+13
5.36e-09	475.793351	1884.72468	9196.69551	22687.4089	0.55301957	2.01549837e+13
5.37e-09	-46.9465794	3391.71311	8873.78307	23927.4977	0.553060953	2.01547124e+13
5.38e-09	643.294068	2382.38283	7997.10059	26048.8031	0.552694574	2.01543017e+13
5.39e-09	622.57646	2202.0016	7829.9762	26522.9128	0.552145527	2.01532534e+13
5.4e-09	984.876575	-846.152834	8085.89582	26765.2117	0.551499088	2.01515094e+13
5.41e-09	1942.81824	-663.556748	6684.93232	27947.1727	0.550989166	2.01491614e+13
5.42e-09	1285.41155	-462.144091	6268.22533	26756.0398	0.550398683	2.01462034e+13
5.43e-09	986.089771	-244.703409	4486.96354	25889.1601	0.550172342	2.01429805e+13
5.44e-09	1322.11789	909.141323	5149.85397	24391.539	0.550236396	2.01399542e+13
5.45e-09	608.968544	1428.7575	4038.91819	23957.8026	0.55063695	2.01375141e+13
5.46e-09	1349.2659	-376.15374	4570.28252	24421.6493	0.550814542	2.0135761e+13
5.47e-09	250.99951	-2695.68284	5050.25631	23126.1896	0.551322726	2.0134555e+13
5.48e-09	1681.27472	-3063.99184	5112.59244	23574.2294	0.551669187	2.01340999e+13
5.49e-09	1683.48034	-3151.76484	5619.29575	23777.9264	0.552096126	2.01341797e+13
5.5e-09	1722.70806	-3119.49047	8012.53076	25422.6982	0.551942424	2.01345485e+13
5.51e-09	646.248875	-2336.53668	9522.30358	25127.9187	0.55162339	2.01345137e+13
5.52e-09	2130.77719	-2030.35397	7292.36103	23799.6054	0.551601969	2.01341614e+13
5.53e-09	2681.75836	-2142.47461	6147.46047	24619.8727	0.551678435	2.01339295e+13
5.54e-09	2356.56754	873.378933	8260.3535	24531.3899	0.551633134	2.01337479e+13
5.55e-09	1023.98912	-73.0818214	9928.43727	24078.2742	0.551545581	2.01334722e+13
5.56e-09	-937.164735	-1725.23467	8836.42629	24013.3131	0.551483765	2.01331175e+13
5.57e-09	407.529398	-1827.0428	9550.44468	22035.1276	0.551603597	2.01328277e+13
5.58e-09	-417.501687	-29.1627708	10833.9281	20758.8917	0.552018969	2.01329178e+13
5.59e-09	-216.651184	-1433.721	10319.0138	21899.4055	0.552490498	2.01336126e+13
5.6e-09	-1652.76145	-1114.22572	10236.872	22294.1105	0.552799431	2.01347806e+13
5.61e-09	-1924.98232	-935.459614	11921.8443	23481.5566	0.552685782	2.01359996e+13
5.62e-09	-819.781871	-750.941079	12376.2925	22205.8788	0.552452575	2.0136834e+13
5.63e-09	-740.212207	735.064314	11972.6374	25054.9281	0.552107372	2.01373106e+13
5.64e-09	-1438.4595	768.470246	10133.5791	22054.9053	0.551808953	2.0137112e+13
5.65e-09	-2715.94528	820.885854	11255.3341	21545.3702	0.552114478	2.01370619e+13
5.66e-09	-2505.34203	1389.97893	13621.1355	22134.3813	0.552154956	2.01372572e+13
5.67e-09	-1057.26714	1368.60867	14079.5738	23011.0922	0.551861319	2.01372928e+13
5.68e-09	-2060.87159	914.57734	14856.5992	22907.298	0.551383973	2.01367385e+13
5.69e-09	-1810.45015	1268.72739	14219.2952	23226.4927	0.550991968	2.01356587e+13
5.7e-09	-1912.52991	151.079938	12994.6318	22585.1558	0.550900447	2.01342911e+13
5.71e-09	-3095.04939	732.350759	12034.5021	22429.5006	0.550894324	2.01330294e+13
5.72e-09	-2355.99711	950.446242	13043.8334	20896.9487	0.550962914	2.01319331e+13
5.73e-09	-1716.2578	86.3914852	12615.9727	20563.9058	0.551411943	2.01312729e+13
5.74e-09	-2105.8901	-759.781199	12435.4816	20284.5679	0.551794126	2.01312238e+13
5.75e-09	-1106.75052	1277.93541	13497.548	21332.0136	0.552158132	2.01317377e+13
5.76e-09	237.646074	1475.40535	14383.9588	23181.0339	0.551812742	2.0132283e+13
5.77e-09	-325.420178	1506.28701	12791.4091	22585.9073	0.551667862	2.01323064e+13
5.78e-09	-63.2792109	662.671255	13583.2242	21879.6169	0.551648863	2.01322563e+13
5.79e-09	-344.90047	1548.97666	12057.6759	19509.0174	0.552056433	2.01323591e+13
5.8e-09	263.949466	1070.71494	12036.6972	18430.208	0.552813339	2.01332652e+13
5.81e-09	860.551508	267.217066	10502.6688	20129.7366	0.553525956	2.0135143e+13
5.82e-09	781.704198	1458.27828	9977.14595	20305.9518	0.554130194	2.01377356e+13
5.83e-09	1027.37823	661.842147	9127.24477	21410.2169	0.554718904	2.01409158e+13
5.84e-09	-35.4931471	-1132.27631	7249.61756	22833.8828	0.554972575	2.01443926e+13
5.85e-09	-1149.82099	-1127.19092	9266.55668	23166.7895	0.555043712	2.01477609e+13
5.86e-09	-1216.63123	-1999.35179	9538.03233	22524.4454	0.554920139	2.0150779e+13
5.87e-09	-2061.11264	-2194.0146	8432.94057	22465.3821	0.554746121	2.01533019e+13
5.88e-09	-2074.7973	-1917.90982	9071.02196	23809.4586	0.554646389	2.01554332e+13
5.89e-09	-1480.82519	-2185.68036	8908.54016	21320.4952	0.554757085	2.01572693e+13
5.9e-09	-742.10478	-1332.14864	9842.91942	23355.9152	0.55482421	2.01592078e+13
5.91e-09	5.348715	-2743.81146	9692.95483	24345.9739	0.554328305	2.01606312e+13
5.92e-09	1065.69191	-1531.50048	9133.79001	23249.7236	0.554101017	2.01613532e+13
5.93e-09	234.05949	-631.439149	9750.86116	22550.6836	0.553980821	2.01618181e+13
5.94e-09	1211.37983	-1357.5726	9783.73119	23057.5963	0.553943704	2.01621409e+13
5.95e-09	1564.58006	502.253708	10585.9341	21783.6286	0.553983023	2.01624042e+13
5.96e-09	397.673325	1897.2578	12050.0514	21557.039	0.554045282	2.01627188e+13
5.97e-09	-960.031041	913.787353	11892.037	21208.28	0.554194698	2.01631365e+13
5.98e-09	940.59078	14.9305941	12505.8131	21417.7697	0.554191245	2.01636451e+13
5.99e-09	721.094546	878.754783	12229.2302	22747.5628	0.554033932	2.01640163e+13
6e-09	1907.30463	-747.608709	10362.7352	23097.0284	0.553927765	2.01641234e+13
6.01e-09	2265.88978	389.67275	8747.3167	21880.5776	0.553980266	2.01641782e+13
6.02e-09	-152.314331	1039.09435	9373.12354	21747.6328	0.554250322	2.01644533e+13
6.03e-09	668.433273	1873.85542	9552.48118	22687.7682	0.554579765	2.0165123e+13
6.04e-09	1187.22731	801.933447	8544.73362	22763.4016	0.554694551	2.01659886e+13
6.05e-09	-441.083903	-174.95799	9738.18999	23403.799	0.554765877	2.01669592e+13
6.06e-09	-619.441669	-1289.8181	9413.177	24904.9906	0.554421365	2.01676988e+13
6.07e-09	-1585.72669	556.806116	8163.26682	24049.051	0.55403222	2.01678038e+13
6.08e-09	-748.661844	-1736.81946	6871.15793	25008.5991	0.553845255	2.01675483e+13
6.09e-09	-1183.64844	-1816.5329	6202.14297	23704.4921	0.55360681	2.01669776e+13
6.1e-09	-2083.03948	-2512.95366	6743.7311	24227.3258	0.553466472	2.01662357e+13
6.11e-09	-499.514897	-4119.7259	5998.91864	25556.7728	0.553186938	2.01653283e+13
6.12e-09	105.957038	-2304.80531	7170.87631	24264.3866	0.552737904	2.01639548e+13
6.13e-09	96.4167946	-1796.8879	7404.22491	24051.5266	0.552840661	2.01624777e+13
6.14e-09	1491.4849	-3263.55451	6518.11337	24935.5858	0.552669183	2.01611389e+13
6.15e-09	106.125852	-2099.83255	7231.96365	23284.0968	0.552772047	2.01597683e+13
6.16e-09	-366.897995	-3166.22178	7881.5271	21662.4108	0.553028256	2.0158814e+13
6.17e-09	-250.996105	-1371.57131	7705.21077	23013.0024	0.55325729	2.01583207e+13
6.18e-09	-499.168285	-2888.55889	7976.64482	23799.1946	0.553235516	2.0158052e+13
6.19e-09	-68.9987507	-2026.69201	8353.97996	24877.6937	0.552977721	2.01576416e+13
6.2e-09	-822.874828	-699.367547	7679.97396	24871.5767	0.552636986	2.01567908e+13
6.21e-09	419.997774	-98.3783799	7125.6115	25394.7822	0.552458384	2.01556944e+13
6.22e-09	14.0835371	165.887881	5316.85786	25146.7526	0.552332432	2.01544283e+13
6.23e-09	285.174548	1217.37562	5902.23508	25829.6796	0.552148073	2.01531062e+13
6.24e-09	1279.29513	735.908079	6693.75478	25886.2908	0.55169563	2.01515247e+13
6.25e-09	1445.87342	-1136.45204	6976.31201	25456.9633	0.551646324	2.01496691e+13
6.26e-09	2361.59613	-965.686483	6916.33599	25563.8639	0.551340059	2.01477966e+13
6.27e-09	2153.415	-938.084886	7836.96242	24945.6625	0.550990569	2.01456418e+13
6.28e-09	2594.47051	-709.481812	7225.90384	24429.9656	0.551025914	2.01434318e+13
6.29e-09	2142.7084	-401.560059	6009.04058	24616.8716	0.551093389	2.0141513e+13
6.3e-09	947.48739	39.096777	5486.51589	25508.5155	0.551050249	2.01398546e+13
6.31e-09	1248.56664	48.7929692	5991.0386	25323.6217	0.550938285	2.01382193e+13
6.32e-09	1106.82524	-235.264549	5606.91025	26814.6346	0.55069991	2.01365595e+13
6.33e-09	1965.734	1343.55842	6541.41493	24769.1272	0.550557838	2.01346904e+13
6.34e-09	824.426876	1479.91221	5067.35279	23976.6552	0.550723549	2.01330111e+13
6.35e-09	2506.57783	-1551.05106	6577.5884	22404.7172	0.551177205	2.01318775e+13
6.36e-09	1520.46677	-1194.46154	8161.64592	22271.4696	0.551684392	2.0131541e+13
6.37e-09	1765.22668	-2267.09348	8826.14698	23248.5537	0.551942953	2.01318476e+13
6.38e-09	3650.72938	-1313.80148	9696.78314	23199.4853	0.551951619	2.01322802e+13
6.39e-09	3084.40678	-754.29936	10906.9325	24161.9104	0.551889882	2.013263e+13
6.4e-09	3012.27515	-2245.5716	10199.8188	24630.419	0.551443663	2.0132639e+13
6.41e-09	1983.73348	-1788.50571	11082.7865	24048.6717	0.551321369	2.01321843e+13
6.42e-09	-650.562605	-90.4851631	11760.6003	23516.8476	0.551028261	2.0131515e+13
6.43e-09	-851.843074	970.343441	11643.9929	22867.1757	0.551001183	2.01306274e+13
6.44e-09	153.928854	-838.838525	10490.0324	23954.3172	0.550925129	2.01298298e+13
6.45e-09	-1793.80301	-1372.64272	10351.2826	24211.5959	0.550823344	2.01289912e+13
6.46e-09	-1256.09652	-123.753219	11278.8091	23823.3995	0.550684839	2.01280579e+13
6.47e-09	-1628.2242	251.397269	11589.2183	20149.7138	0.55081097	2.01270902e+13
6.48e-09	305.095649	-576.878249	13156.1004	21936.8104	0.551181276	2.01267027e+13
6.49e-09	593.070793	1414.18082	13861.0361	20492.0466	0.551177208	2.0126523e+13
6.5e-09	1269.16322	-1457.6367	11986.7455	21175.2829	0.551413532	2.012652e+13
6.51e-09	760.673961	-76.47817	12014.2883	21670.8752	0.551729081	2.01269098e+13
6.52e-09	832.416103	-803.609769	11461.6734	19969.3095	0.55221239	2.01277154e+13
6.53e-09	-335.288479	-1646.7539	10306.5423	20997.5217	0.552675057	2.01291466e+13
6.54e-09	1004.62633	-1576.96821	10880.0984	21960.0872	0.553026686	2.01310135e+13
6.55e-09	1149.02294	-2436.71927	11221.6743	22380.2903	0.553106565	2.01330166e+13
6.56e-09	1000.50982	-2968.3454	10947.1169	23430.2916	0.553031562	2.01348342e+13
6.57e-09	-1347.05108	-2824.50929	9821.65299	23486.9476	0.552712331	2.01361875e+13
6.58e-09	-326.845009	-2360.81623	11632.9024	23720.5945	0.552590491	2.01371484e+13
6.59e-09	150.505534	-1360.16449	12488.6605	23865.9097	0.552124277	2.01376322e+13
6.6e-09	711.343527	-772.717433	12634.477	22094.0241	0.551815934	2.01374751e+13
6.61e-09	765.551575	-141.742688	12575.7432	22684.8155	0.55182165	2.01371714e+13
6.62e-09	185.480541	-42.1365471	10376.9802	21875.9137	0.551736282	2.01368028e+13
6.63e-09	454.82022	336.809765	10307.458	22860.2764	0.552046884	2.0136657e+13
6.64e-09	1238.42763	-354.348798	10953.4254	23532.7603	0.55198423	2.01367242e+13
6.65e-09	171.913415	-870.644331	9743.18683	22876.3707	0.552061584	2.01367444e+13
6.66e-09	-1012.07078	-2483.96585	10679.2175	22905.0188	0.552163276	2.01369587e+13
6.67e-09	-1256.3666	-1361.61861	10593.5936	22669.402	0.552262349	2.01372001e+13
6.68e-09	-1278.37516	-1573.22334	10358.5088	24638.1543	0.552103504	2.01374857e+13
6.69e-09	-265.235792	-562.250903	8002.25841	23223.896	0.551996869	2.0137414e+13
6.7e-09	-1006.24484	-107.087061	8658.70406	22376.5727	0.552345694	2.01375573e+13
6.71e-09	-2084.11034	1311.98835	8093.80787	21537.1927	0.552828454	2.01382125e+13
6.72e-09	-2133.6684	2146.97004	8782.59025	23021.1155	0.553143677	2.01394589e+13
6.73e-09	-3064.65627	2701.59452	9467.80263	23852.4866	0.552934164	2.01406592e+13
6.74e-09	-1307.64443	1359.63346	8506.52143	23483.6996	0.552946672	2.0141546e+13
6.75e-09	-2157.52678	-1665.07106	9075.4422	22239.0378	0.552965114	2.01423757e+13
6.76e-09	-1448.70041	-581.314681	9047.76482	22735.8573	0.553169998	2.01432986e+13
6.77e-09	-646.06524	555.215972	10760.0414	23121.3239	0.553396561	2.01444321e+13
6.78e-09	73.2804782	-571.691708	12512.2563	23374.3263	0.553327305	2.01455614e+13
6.79e-09	-1736.54708	-330.143748	13228.3696	23902.0363	0.552763558	2.01462052e+13
6.8e-09	-2531.83428	-2080.3644	13425.5115	21084.417	0.552367046	2.01460602e+13
6.81e-09	-2929.93528	-2463.15821	12226.2129	22358.7281	0.552236743	2.01456238e+13
6.82e-09	-2374.19109	-931.892454	12820.9849	21061.0693	0.552269286	2.01451114e+13
6.83e-09	-2006.11331	-1803.03452	11966.9658	20843.119	0.552626308	2.01448986e+13
6.84e-09	193.9193	-2516.11417	10518.3315	19680.0856	0.552881285	2.01451175e+13
6.85e-09	672.656926	-1881.72926	9901.96136	20751.8305	0.553408969	2.01459024e+13
6.86e-09	1075.69684	-1386.71033	8878.03713	21402.4171	0.553859121	2.01472507e+13
6.87e-09	601.574872	-1418.12726	8386.62338	23689.3422	0.554042676	2.01489473e+13
6.88e-09	2621.71388	-1824.95661	7522.35867	24849.6111	0.55374519	2.01504127e+13
6.89e-09	974.285888	-1737.7587	6616.68154	25107.4962	0.553378938	2.01512631e+13
6.9e-09	-630.787635	-1513.01415	6731.61282	24377.5797	0.553335938	2.01517406e+13
6.91e-09	1086.06335	-909.997301	8139.75679	23973.5339	0.553484985	2.01522114e+13
6.92e-09	954.820284	-24.5755531	8230.92416	23711.1775	0.553386943	2.01527295e+13
6.93e-09	3099.51259	-823.760685	7568.43835	21811.6366	0.553551288	2.01531696e+13
6.94e-09	3301.60075	404.558301	4528.37837	24248.5842	0.55368811	2.0153866e+13
6.95e-09	3094.82374	625.564632	5725.30168	24599.4105	0.553435045	2.01544457e+13
6.96e-09	3054.07009	2561.50902	6468.59028	25251.0847	0.553286065	2.01546612e+13
6.97e-09	2303.53479	880.989899	6737.86597	25171.2601	0.553056136	2.01545793e+13
6.98e-09	1426.58764	1165.02288	6921.00632	25108.761	0.552946818	2.01542687e+13
6.99e-09	2130.233	-489.566848	8902.3901	27168.6125	0.552253939	2.01535915e+13
7e-09	2909.90837	-1095.24786	9368.79245	24562.596	0.551741184	2.01519699e+13
7.01e-09	2130.46491	-1347.72102	9773.24049	25875.2574	0.551319697	2.01499615e+13
7.02e-09	3104.29	12.0978264	9036.29946	24814.6005	0.550949634	2.01475072e+13
7.03e-09	1473.94954	482.050504	7852.25743	24802.0014	0.550760568	2.01449514e+13
7.04e-09	2358.4153	-2282.00174	6222.73742	24943.1096	0.550938696	2.0142594e+13
7.05e-09	2731.74318	-2400.30951	6738.4805	25374.0793	0.550903711	2.01406238e+13
7.06e-09	1014.40328	-1665.46602	6421.28712	25155.0113	0.550877787	2.01387717e+13
7.07e-09	315.865127	-201.577878	6999.04036	27845.8392	0.55049576	2.01369351e+13
7.08e-09	-164.880904	2977.93435	7281.59961	27584.7763	0.54988878	2.01345057e+13
7.09e-09	-924.974674	2161.24869	6577.27149	27060.555	0.549386326	2.01315334e+13
7.1e-09	-1003.71924	1616.32987	7348.44319	25684.7049	0.549208717	2.01283509e+13
7.11e-09	94.0687139	811.498534	6752.90963	24671.0494	0.549308831	2.012542e+13
7.12e-09	-529.090307	1986.40571	5709.64776	25084.6741	0.54951644	2.01229983e+13
7.13e-09	-554.213804	1930.72911	4956.13686	25915.864	0.549573206	2.01209987e+13
7.14e-09	-829.056428	2706.32715	7066.51124	25196.7379	0.549641902	2.01192372e+13
7.15e-09	1813.9312	1341.33919	5830.35823	25030.8437	0.549693535	2.01177303e+13
7.16e-09	1708.12539	563.461269	5025.92183	24425.4576	0.549878396	2.01164932e+13
7.17e-09	1396.39064	780.692338	4647.06517	23784.3716	0.550408274	2.01158325e+13
7.18e-09	702.132206	643.133724	5706.45359	24665.2059	0.550781592	2.01159094e+13
7.19e-09	1429.34879	2233.10425	5668.88946	24122.6489	0.550963327	2.01163434e+13
7.2e-09	1552.15243	2272.58708	6060.38936	23481.4598	0.551166169	2.0117007e+13
7.21e-09	946.565631	1077.87212	7225.58611	23008.4021	0.551339688	2.01178472e+13
7.22e-09	234.940782	1510.52509	7815.29082	22937.9807	0.551749536	2.01190058e+13
7.23e-09	27.8995299	787.759128	7340.74294	22870.3576	0.552038882	2.0120519e+13
7.24e-09	-537.82173	613.101505	8727.37243	22125.0814	0.552449122	2.01223351e+13
7.25e-09	-353.379427	-150.636496	6137.07887	22741.5083	0.552818765	2.01245296e+13
7.26e-09	980.999757	392.134799	8185.688	22092.8617	0.55312405	2.0126986e+13
7.27e-09	48.9680288	183.501542	8162.87998	23025.6476	0.553287762	2.01295766e+13
7.28e-09	-1165.31071	-506.92359	9818.9202	22577.2899	0.553358296	2.0132039e+13
7.29e-09	-1704.17182	-1565.66658	12684.0953	23265.0233	0.553210704	2.01342802e+13
7.3e-09	-686.183414	-2297.70926	12598.5846	23783.5433	0.5529014	2.01359591e+13
7.31e-09	-2504.85866	-2262.82314	11601.9382	24120.9365	0.55246356	2.01369913e+13
7.32e-09	-3875.81383	-2830.43426	11336.5343	22101.4991	0.552300447	2.01374102e+13
7.33e-09	-1958.97394	-4098.81151	12032.6296	20752.7289	0.552507327	2.01378596e+13
7.34e-09	-1969.6188	-3063.01313	12346.4739	22010.4956	0.552524865	2.01384849e+13
7.35e-09	18.4171382	-4107.88679	12670.5932	20733.6068	0.552598483	2.01390499e+13
7.36e-09	-1344.18667	-3148.82988	10718.5418	21628.6391	0.552746932	2.01397487e+13
7.37e-09	304.600902	-2529.70025	10727.9183	21521.9592	0.553012495	2.01406246e+13
7.38e-09	503.722304	-3264.39082	11345.4375	22567.336	0.553040818	2.01416944e+13
7.39e-09	-1551.95299	-2472.44098	11983.6438	24900.4588	0.552653093	2.01424696e+13
7.4e-09	-1474.01086	-5375.87367	11353.2266	25447.4527	0.551907758	2.01423564e+13
7.41e-09	-907.483008	-4093.9801	14327.5037	23370.2456	0.551162869	2.01412163e+13
7.42e-09	-14.0484561	-3721.65808	15200.4071	23193.7951	0.550644682	2.01393852e+13
7.43e-09	774.579937	-2653.64428	13744.8049	23648.8968	0.550225111	2.0137036e+13
7.44e-09	1765.56884	-2510.24088	12306.0181	21045.4547	0.550252562	2.01345315e+13
7.45e-09	1454.55046	-3048.00634	12768.9703	19320.0284	0.550699492	2.01326415e+13
7.46e-09	1049.33813	-3864.96287	12209.9362	20648.5774	0.551173503	2.01315964e+13
7.47e-09	214.376647	-2586.65619	10219.9477	19560.9656	0.551945944	2.01313741e+13
7.48e-09	-1052.68752	-1706.54546	9878.97156	19500.606	0.552789865	2.01323225e+13
7.49e-09	81.0461876	-707.752764	9649.84046	20978.1405	0.553460118	2.01342527e+13
7.5e-09	1304.97911	-951.804646	11474.4773	20392.6806	0.553793164	2.01366687e+13
7.51e-09	2496.22353	-225.493361	10523.611	22255.7689	0.554112541	2.01392908e+13
7.52e-09	1641.28752	-799.563441	9036.22023	23318.9617	0.554076761	2.01419051e+13
7.53e-09	1029.34042	-1049.70637	10570.8373	23408.0489	0.554016784	2.01442249e+13
7.54e-09	1027.65393	553.915682	9183.16902	24114.8927	0.553801952	2.0146118e+13
7.55e-09	2232.53682	660.35455	10128.9418	24105.9174	0.553474164	2.01474945e+13
7.56e-09	1018.23386	310.997472	10957.5159	22874.3314	0.553281051	2.01483548e+13
7.57e-09	2525.82761	1502.4564	11274.0465	21720.8614	0.553297605	2.01489701e+13
7.58e-09	3235.77091	159.337947	13712.7678	21159.3851	0.553279021	2.01495991e+13
7.59e-09	2965.68079	-1365.28913	13258.8455	20271.5988	0.553259827	2.01500897e+13
7.6e-09	1597.094	-944.0204	13271.6213	21676.6714	0.553225547	2.01505783e+13
7.61e-09	1245.82877	-211.637462	13376.1865	21940.8431	0.553085194	2.01508581e+13
7.62e-09	2473.69027	-237.960356	12849.1316	23389.1472	0.552846244	2.01509166e+13
7.63e-09	1091.69113	-142.784101	13757.3281	23218.2606	0.552455353	2.01505088e+13
7.64e-09	1356.75533	-153.093082	12657.3619	23570.5921	0.552175457	2.01496305e+13
7.65e-09	2168.82885	1479.09511	12787.2812	22135.9316	0.551894832	2.01484545e+13
7.66e-09	2295.79703	867.644256	12459.2487	22170.8292	0.55180359	2.01471591e+13
7.67e-09	1926.29525	1149.22617	12217.5032	22494.3473	0.551898835	2.01459888e+13
7.68e-09	2336.83958	1275.24743	10876.1646	21351.5273	0.5520938	2.01450612e+13
7.69e-09	1100.86674	-88.4873644	9786.55362	21073.7919	0.552517328	2.01446806e+13
7.7e-09	8.70431055	-1231.6076	9335.42404	23301.7457	0.552858002	2.01448993e+13
7.71e-09	-452.671965	-763.000892	8275.29735	22470.9386	0.552994732	2.01453742e+13
7.72e-09	-1665.89359	-379.456625	6807.77436	22694.3308	0.553245246	2.0146076e+13
7.73e-09	-2551.06772	-562.294782	7155.41906	22265.722	0.553440625	2.01470106e+13
7.74e-09	-1965.0327	-2327.59998	6965.04074	21665.5637	0.553894507	2.01482595e+13
7.75e-09	-3252.80228	-2646.29606	7223.54359	23572.6887	0.554108009	2.01499228e+13
7.76e-09	-3563.75464	-588.224229	7953.0864	23475.0161	0.553988953	2.01515102e+13
7.77e-09	-4178.02611	-1116.05888	7560.40895	22266.9722	0.554083687	2.01528212e+13
7.78e-09	-1437.04416	-1247.69204	8168.1624	21035.8854	0.554434827	2.01543161e+13
7.79e-09	-2088.5142	-1125.21346	9657.62429	22210.4827	0.554753913	2.01562109e+13
7.8e-09	-3069.09042	-1656.63151	7379.24826	21982.5632	0.554940845	2.01582034e+13
7.81e-09	-2400.65352	30.2065563	4662.93461	23764.643	0.555232289	2.01603674e+13
7.82e-09	-1328.17946	-1560.67684	3834.6989	24350.8682	0.555200742	2.01625227e+13
7.83e-09	-1735.02386	-714.150201	5311.30088	26077.0248	0.554865272	2.01643075e+13
7.84e-09	-1618.69465	-883.039429	3416.75567	26845.1342	0.554354662	2.01652862e+13
7.85e-09	-2734.83498	-639.641184	3920.53942	26796.143	0.553742259	2.01654267e+13
7.86e-09	-3354.60079	1062.31617	4897.61975	28725.8807	0.552698153	2.01645523e+13
7.87e-09	-2435.99683	-2.2426357	5181.61135	28349.049	0.551790951	2.01623065e+13
7.88e-09	-846.415676	-733.372579	7569.68525	27405.1332	0.550916971	2.01590564e+13
7.89e-09	-1071.84438	-1146.59025	7499.56703	28297.832	0.55014864	2.01550383e+13
7.9e-09	-1499.52392	-510.118634	6893.58021	24988.0163	0.549808911	2.01505068e+13
7.91e-09	-1624.58461	632.561222	6025.93508	26954.1022	0.549752849	2.01463072e+13
7.92e-09	-569.943977	-615.669323	8219.2106	25890.2981	0.549471845	2.01421622e+13
7.93e-09	-2377.56581	251.969383	7492.28431	23358.8473	0.549667343	2.01382725e+13
7.94e-09	-3520.35092	803.880248	8646.54697	25377.5742	0.549971636	2.01352113e+13
7.95e-09	-4302.77654	3055.52128	8102.83798	24486.8777	0.549928079	2.01325577e+13
7.96e-09	-4504.61564	2941.18294	7412.58112	26174.9105	0.549724944	2.01301059e+13
7.97e-09	-4841.19035	1668.03926	7898.68126	25240.4025	0.549379519	2.01274492e+13
7.98e-09	-4709.04342	1107.6053	6717.66724	24144.3455	0.549496938	2.01248519e+13
7.99e-09	-3214.04385	438.74282	7684.57729	24982.3008	0.549703947	2.01227535e+13
8e-09	-3598.14235	2436.91225	6934.06367	26079.3665	0.549627013	2.01209705e+13
8.01e-09	-2476.87918	1533.30346	7246.49693	24795.246	0.549417943	2.01190835e+13
8.02e-09	-3089.56078	1848.29075	9706.27399	22316.072	0.549714182	2.01173991e+13
8.03e-09	-1433.83049	106.408859	10498.1255	23353.2346	0.550054801	2.01163815e+13
8.04e-09	-1540.57615	1223.82197	9546.99445	21823.6536	0.550285793	2.01158024e+13
8.05e-09	-1323.53364	2666.72662	8342.11567	23649.3925	0.55074016	2.01157863e+13
8.06e-09	-507.760691	3251.88405	8345.71189	23796.0389	0.55086557	2.01161571e+13
8.07e-09	354.573082	1640.84965	9165.16516	22547.2008	0.551169723	2.01167567e+13
8.08e-09	125.140197	1264.77369	9391.26171	22492.9653	0.551424012	2.01176886e+13
8.09e-09	-791.764726	1492.80181	8465.40859	22530.4502	0.551782561	2.01189116e+13
8.1e-09	57.1056313	2433.33314	11091.2217	23770.0626	0.551892544	2.01204456e+13
8.11e-09	97.2951239	50.5096142	10379.1975	23627.7286	0.551689662	2.0121697e+13
8.12e-09	872.347956	-235.342621	11860.737	24057.7912	0.551509599	2.01226238e+13
8.13e-09	915.828719	1778.08629	11307.908	23161.4356	0.551397861	2.01231726e+13
8.14e-09	167.592801	2536.73087	12457.7563	23627.4466	0.551020566	2.01234657e+13
8.15e-09	-75.8618579	822.084621	13750.6587	23740.3056	0.550666916	2.01232153e+13
8.16e-09	-1389.63313	-232.839374	13855.4241	23565.271	0.550251108	2.01224405e+13
8.17e-09	-1877.89492	-1481.89183	13104.2516	23307.2054	0.549990141	2.0121241e+13
8.18e-09	-890.002004	-1404.66097	15306.4152	21897.8705	0.549979427	2.011995e+13
8.19e-09	-1072.87799	-637.820853	16288.6004	22352.6152	0.549794718	2.01187112e+13
8.2e-09	1117.01245	2516.09362	14583.404	23431.3634	0.549593276	2.01173013e+13
8.21e-09	818.388251	2420.45291	13527.2048	22432.332	0.549286604	2.01156311e+13
8.22e-09	526.88982	2262.57636	14848.4831	22822.9848	0.549152188	2.01139196e+13
8.23e-09	1421.74914	524.416935	15072.9601	23877.1041	0.548878002	2.01121056e+13
8.24e-09	2602.29632	730.698982	14012.7672	22583.2584	0.548656303	2.011003e+13
8.25e-09	430.884281	1365.93152	13759.0604	21723.88	0.548737088	2.0108066e+13
8.26e-09	314.506983	1245.07556	13391.6959	19939.3076	0.549066955	2.0106534e+13
8.27e-09	-498.340594	753.782957	12412.2184	20782.0482	0.549640214	2.01057797e+13
8.28e-09	-1129.03187	-886.185106	12975.6016	21800.4869	0.550078269	2.01058329e+13
8.29e-09	-2569.53554	1330.50679	11414.1061	20263.5251	0.550640902	2.01064501e+13
8.3e-09	-840.261165	-1735.30299	10708.013	20158.7611	0.551286802	2.01078955e+13
8.31e-09	738.875156	-389.278581	10802.6278	18624.1539	0.552159972	2.01101475e+13
8.32e-09	1267.72265	834.174693	8883.89813	19400.2517	0.552941249	2.01133729e+13
8.33e-09	688.340558	1726.23093	9760.33295	19894.2349	0.553777324	2.01173945e+13
8.34e-09	1760.34743	1196.6718	9317.40948	21087.1503	0.554315515	2.01219798e+13
8.35e-09	742.118899	1535.64455	8690.89363	21111.0571	0.554752379	2.01267598e+13
8.36e-09	450.465984	1082.92125	9469.89026	19871.7309	0.555385674	2.0131782e+13
8.37e-09	-706.882725	2059.53392	10721.5071	20611.8505	0.555826579	2.01371726e+13
8.38e-09	-1139.75632	1757.20915	12447.0732	20243.7766	0.555905772	2.01423516e+13
8.39e-09	-1095.04532	1690.02084	11896.2371	20914.0189	0.555920569	2.01471314e+13
8.4e-09	-1651.04456	303.065392	13048.0254	20427.5626	0.55603941	2.01515472e+13
8.41e-09	-1374.81849	-1668.06328	13060.8088	22036.3924	0.555708338	2.01554902e+13
8.42e-09	-2819.29748	-1610.84033	13520.7686	21721.4481	0.555304897	2.0158482e+13
8.43e-09	-3360.07435	117.514449	12495.371	21748.2164	0.555109485	2.01607637e+13
8.44e-09	-4776.62647	6.8640399	13962.9348	21520.6852	0.554770384	2.01625684e+13
8.45e-09	-3534.47275	1412.24182	14023.8234	20348.3791	0.554505008	2.01637148e+13
8.46e-09	-4264.35237	760.715761	12827.9791	21533.2186	0.554368027	2.01645229e+13
8.47e-09	-4549.76696	1328.22801	12727.5571	21098.9702	0.554185586	2.0165006e+13
8.48e-09	-3832.06204	-934.109777	11657.1682	21082.8239	0.554001102	2.01652055e+13
8.49e-09	-5178.20272	-2723.92755	12248.4167	20123.2528	0.554244531	2.01653894e+13
8.5e-09	-3974.16021	-2483.0506	11260.3082	19353.2001	0.554617803	2.01659296e+13
8.51e-09	-3648.91606	-2311.45711	9681.45704	18727.1623	0.555179325	2.01670463e+13
8.52e-09	-4547.81722	-1384.06424	10958.6234	18502.3915	0.555709641	2.01688707e+13
8.53e-09	-2869.44447	-836.025834	10534.7166	21420.4734	0.556075763	2.01711771e+13
8.54e-09	-3976.07401	-488.077001	10551.8195	22009.2778	0.556005385	2.01734673e+13
8.55e-09	-4181.91147	-889.666368	9158.47827	24052.3616	0.555816212	2.01753293e+13
8.56e-09	-4250.71745	-350.282143	8268.99283	22649.4259	0.555583669	2.01766589e+13
8.57e-09	-4557.67868	652.696622	9747.06202	23086.7189	0.555468175	2.01777112e+13
8.58e-09	-3954.90929	870.864379	9399.34362	23869.3029	0.555116834	2.01783691e+13
8.59e-09	-1806.92544	-1395.41729	10606.2959	24588.7982	0.554506612	2.01783449e+13
8.6e-09	-1897.79799	-1306.45788	10361.4978	25307.7965	0.553721799	2.01773506e+13
8.61e-09	21.4237984	-875.527241	11072.4439	23868.8721	0.553170733	2.0175494e+13
8.62e-09	-302.950478	-421.019302	10940.5055	22023.8367	0.553056119	2.01733451e+13
8.63e-09	-28.304096	-2061.04782	9713.61948	24684.4898	0.55287095	2.01712895e+13
8.64e-09	1.52879117	-2230.17825	8857.80197	25067.4352	0.552473814	2.01689727e+13
8.65e-09	1028.07856	-2611.95564	6120.78612	25488.1524	0.552153909	2.01663843e+13
8.66e-09	2094.05599	-2023.88144	5155.85221	26652.6357	0.55193536	2.01636936e+13
8.67e-09	2647.44663	-1499.49808	4296.60947	26018.6748	0.551630639	2.01608747e+13
8.68e-09	3801.0252	-2519.39937	5106.49965	24966.8722	0.551552336	2.01580345e+13
8.69e-09	2919.95653	-2652.89904	6581.17921	25405.7049	0.551433784	2.01553736e+13
8.7e-09	579.965268	-1099.52205	5238.51838	26152.5796	0.551152043	2.01527155e+13
8.71e-09	610.314402	-1425.87979	4877.70057	26248.9121	0.550916102	2.01499038e+13
8.72e-09	-1398.37778	-1629.79568	4669.53677	27796.4779	0.550592985	2.01470418e+13
8.73e-09	-327.620794	-817.610534	4262.20973	26373.4464	0.550229842	2.01438918e+13
8.74e-09	-122.192325	-2362.74338	6229.20973	25906.2849	0.550076133	2.01407435e+13
8.75e-09	-674.54614	-1398.76011	7167.40355	25064.0228	0.549987195	2.01377159e+13
8.76e-09	-118.387748	-120.422984	6620.51532	23842.8123	0.550135817	2.01349824e+13
8.77e-09	-834.399911	377.902197	7978.44819	22321.4504	0.550704489	2.0132952e+13
8.78e-09	-1768.53165	203.863713	7522.64857	22875.0504	0.551246461	2.01319038e+13
8.79e-09	267.246544	-1247.04281	8817.29443	21568.5758	0.551695979	2.0131623e+13
8.8e-09	1719.14984	463.821429	8959.13491	24540.7019	0.551887413	2.01318856e+13
8.81e-09	1974.59623	760.647844	8626.29421	25179.2223	0.551781236	2.0132125e+13
8.82e-09	1773.78944	672.844225	10387.9365	25339.7761	0.551494359	2.01321168e+13
8.83e-09	1901.5042	544.483115	10954.2315	25712.2623	0.550896484	2.01315257e+13
8.84e-09	1326.04197	961.577189	11722.0779	25840.3273	0.550354528	2.01301522e+13
8.85e-09	1167.30226	1726.62699	10238.0472	25539.9442	0.549921048	2.01282423e+13
8.86e-09	-1238.67374	1339.47533	10902.3622	24557.4151	0.549701729	2.01260773e+13
8.87e-09	-1449.39415	99.5872055	10073.9515	24160.5925	0.549576432	2.01238822e+13
8.88e-09	-1137.36567	-1337.12178	10958.2548	23168.7441	0.549684009	2.01219037e+13
8.89e-09	-607.977688	1012.95709	10101.3266	23868.326	0.549885852	2.01203051e+13
8.9e-09	-582.510628	782.147927	10487.7235	22769.1624	0.550007661	2.01190423e+13
8.91e-09	-1268.74381	-126.91083	11609.1377	22698.2028	0.550300991	2.01182233e+13
8.92e-09	-1320.7359	-860.163111	12024.2879	21742.05	0.550706666	2.0117894e+13
8.93e-09	-432.549676	-444.068904	11355.9246	21739.3063	0.551005796	2.01180832e+13
8.94e-09	-2368.84979	248.926295	11468.772	22145.4967	0.55129406	2.01187002e+13
8.95e-09	-1398.58898	377.49084	11624.6287	23427.9928	0.551192518	2.01194258e+13
8.96e-09	304.467481	209.052468	11954.4567	24026.6434	0.551013614	2.01198859e+13
8.97e-09	1962.66924	-781.850604	12495.8274	23030.358	0.550668252	2.01199529e+13
8.98e-09	-12.0653221	1066.58307	12174.1207	22931.7633	0.550581099	2.0119652e+13
8.99e-09	-486.624661	290.011619	13180.4047	20980.031	0.550800342	2.01194624e+13
9e-09	-858.375505	1658.65282	12758.3337	19773.8687	0.551204683	2.01196882e+13
9.01e-09	1355.97808	1731.62524	13556.9114	21376.0193	0.551637321	2.01205506e+13
9.02e-09	1035.67271	1721.17219	11790.3338	21056.1482	0.551849686	2.01216821e+13
9.03e-09	545.461683	2047.61983	11370.3846	21984.9086	0.552201783	2.01231265e+13
9.04e-09	932.52411	1491.91255	11837.2826	22237.9897	0.552341555	2.01248019e+13
9.05e-09	600.270677	1896.74097	12225.5445	21657.1841	0.552439528	2.01264422e+13
9.06e-09	393.379562	2519.1382	12976.2728	22052.2466	0.552475621	2.01280523e+13
9.07e-09	614.370803	2178.97301	13514.6238	22982.6995	0.552425096	2.012951e+13
9.08e-09	1693.66603	1170.96533	14750.9572	24392.2829	0.551747521	2.0130431e+13
9.09e-09	1933.3031	-182.357942	13652.6075	23710.9635	0.551114601	2.01302616e+13
9.1e-09	5.37758773	345.269061	13101.7054	21397.0628	0.55103094	2.0129544e+13
9.11e-09	-168.847032	-568.711331	14808.7147	21783.0661	0.551034552	2.01289387e+13
9.12e-09	-208.277548	-268.180097	12609.0466	21802.3613	0.55100382	2.01283309e+13
9.13e-09	244.681381	-670.78313	11679.2452	21375.0868	0.551360809	2.01279461e+13
9.14e-09	30.1576932	-2374.63897	10966.2003	20102.3117	0.55179881	2.01281617e+13
9.15e-09	-126.370558	-733.436078	11676.3699	19594.9529	0.552334796	2.01290269e+13
9.16e-09	-449.163145	-328.821673	11959.2852	18891.5086	0.553041959	2.01306462e+13
9.17e-09	-529.67819	-1489.23711	11919.6784	20939.9497	0.553535999	2.01329883e+13
9.18e-09	-1492.24677	-822.156233	10912.7345	20476.8253	0.553774265	2.01355436e+13
9.19e-09	-2071.642	-92.5156271	12972.7155	21209.0982	0.553841002	2.01381723e+13
9.2e-09	-1490.68592	-1600.65118	13290.4173	20339.8824	0.553646097	2.01404276e+13
9.21e-09	-1782.09434	-2416.06233	12898.4947	22494.6621	0.553595713	2.01423261e+13
9.22e-09	-1122.25814	-2283.52867	13665.3201	21166.7102	0.553272216	2.01437362e+13
9.23e-09	-1093.477	-2840.1352	13757.9089	22802.8631	0.552946316	2.01446451e+13
9.24e-09	-295.683001	-1606.46894	13820.854	23908.0338	0.552466116	2.01449102e+13
9.25e-09	-25.1748113	359.596325	13986.679	23240.0772	0.552028853	2.01445042e+13
9.26e-09	-437.798178	866.605351	13833.2649	21509.3457	0.551678335	2.01435615e+13
9.27e-09	311.317467	1870.15768	12901.1826	22281.5848	0.55167781	2.01425105e+13
9.28e-09	2204.24456	1926.1437	12463.6646	20709.6518	0.551726416	2.01414971e+13
9.29e-09	2047.97642	-485.638633	11211.392	19170.0519	0.552155577	2.01409152e+13
9.3e-09	445.239165	-763.775195	9627.45375	18577.2439	0.553038486	2.0141243e+13
9.31e-09	744.802503	-2396.12834	9998.62761	19061.7934	0.553986193	2.01428591e+13
9.32e-09	1279.69815	-2657.43218	9305.8389	18448.5147	0.554820837	2.01454706e+13
9.33e-09	1490.85614	-2256.64472	10664.8784	19824.0368	0.555461153	2.01489424e+13
9.34e-09	1628.63465	-2261.36083	11070.5571	21196.1746	0.555561266	2.01525913e+13
9.35e-09	1146.73701	-2390.33565	10821.6584	19807.1679	0.555788834	2.01560172e+13
9.36e-09	1228.04729	-2955.70765	10472.4161	21599.5703	0.556076971	2.01595915e+13
9.37e-09	1385.19835	-1529.97728	9910.33386	21697.1769	0.556143978	2.01629906e+13
9.38e-09	-1005.6827	-591.575458	12091.5818	22156.5421	0.556113246	2.01661683e+13
9.39e-09	119.288103	301.461263	12061.9274	22053.7003	0.555776684	2.01687661e+13
9.4e-09	-741.812867	-1770.10146	12906.3772	21895.6562	0.555530303	2.01707333e+13
9.41e-09	-1219.80434	446.773821	12494.5017	22877.5502	0.555089787	2.01720727e+13
9.42e-09	-333.546497	1090.33957	12595.5597	23017.1401	0.554591479	2.01726467e+13
9.43e-09	17.1669766	1259.75731	12025.6802	23111.3038	0.554207202	2.01725276e+13
9.44e-09	-1055.01888	-1110.33284	12328.202	23145.9192	0.553780128	2.01719194e+13
9.45e-09	-1757.99078	-1167.74399	11640.5617	23271.4243	0.553447972	2.01708084e+13
9.46e-09	-427.89718	-580.028476	9943.56991	25419.1254	0.553091619	2.01693875e+13
9.47e-09	-113.836488	1651.83778	9197.33157	24988.9575	0.5526169	2.01674734e+13
9.48e-09	301.72552	989.55516	4559.13656	25225.606	0.552408391	2.01652659e+13
9.49e-09	708.81977	2604.47145	4110.41453	25074.926	0.552334473	2.01631237e+13
9.5e-09	1336.66809	2326.0299	5396.22711	26320.9279	0.552230983	2.01610748e+13
9.51e-09	-880.605268	402.4292	6011.86096	25592.2894	0.551958114	2.01589476e+13
9.52e-09	-955.343379	471.333118	6464.20314	25690.1062	0.551840276	2.01567423e+13
9.53e-09	-904.781483	-856.262441	7141.98499	25533.0885	0.551515579	2.01544584e+13
9.54e-09	715.267555	-279.661796	5511.22087	25220.0761	0.551318004	2.01520229e+13
9.55e-09	652.245203	-715.51684	5378.60372	26525.2961	0.55112405	2.01495935e+13
9.56e-09	-909.243317	-1244.7956	5977.39001	25598.6823	0.550889963	2.01470774e+13
9.57e-09	-868.624951	-406.090429	5174.74933	24968.8406	0.550830408	2.01445739e+13
9.58e-09	-1149.36901	302.214113	6075.69574	24117.4859	0.550949946	2.0142329e+13
9.59e-09	-2174.64454	1165.32092	4375.43387	23578.9138	0.551194141	2.01405103e+13
9.6e-09	48.6922877	1530.65499	4808.91978	24553.6136	0.551662741	2.01393932e+13
9.61e-09	1333.85399	1485.16647	5722.22036	24511.809	0.551774132	2.01387782e+13
9.62e-09	-100.656494	1340.28029	5520.18225	24311.5147	0.552010111	2.01384088e+13
9.63e-09	601.779385	1790.87574	8360.75236	24472.1571	0.552036502	2.01383066e+13
9.64e-09	-483.050402	416.318471	7960.30834	23456.7021	0.552057065	2.01382e+13
9.65e-09	-2527.71455	207.845965	9319.95851	25345.8339	0.551875502	2.01380918e+13
9.66e-09	-2241.83949	-823.035724	8870.67336	24934.1235	0.551507324	2.01375558e+13
9.67e-09	-4170.63938	-1660.48935	8683.21284	24563.8225	0.551329894	2.01367122e+13
9.68e-09	-6051.15905	-273.294122	7851.36323	22441.6172	0.551511723	2.01358982e+13
9.69e-09	-6510.18846	-1041.62405	8470.77716	23146.9575	0.551582466	2.01353959e+13
9.7e-09	-4969.33306	-722.883321	7469.80369	23098.8006	0.551731257	2.01350281e+13
9.71e-09	-5765.8937	-1086.28076	8491.26056	20742.14	0.5520877	2.01350273e+13
9.72e-09	-4771.55566	-2724.64239	9382.18293	20797.3123	0.552552441	2.0135619e+13
9.73e-09	-3433.51551	-2345.48441	9999.59298	21238.8119	0.552951637	2.01367532e+13
9.74e-09	-3712.43853	-1958.86445	11631.9712	21133.8568	0.55326822	2.01382664e+13
9.75e-09	-2901.8007	-471.940065	11260.8258	21850.1726	0.553316575	2.01398913e+13
9.76e-09	-3051.76819	1005.07963	10247.509	22025.3902	0.553432118	2.01414477e+13
9.77e-09	-2800.33333	645.614635	11885.1453	23302.5986	0.553407118	2.01429673e+13
9.78e-09	-2109.82311	2423.56889	12599.651	22104.1334	0.553080905	2.01440839e+13
9.79e-09	-563.143464	2530.0079	11287.5863	22829.2881	0.553063358	2.01448467e+13
9.8e-09	-1750.29714	3653.97527	12312.3329	21153.127	0.552968796	2.01454275e+13
9.81e-09	-327.147814	2954.66642	12273.913	20894.2104	0.553095326	2.01459764e+13
9.82e-09	-313.106654	2181.02357	13068.1015	19347.8715	0.55336724	2.01467279e+13
9.83e-09	4.01648796	2252.19329	12700.4339	18513.2261	0.553652911	2.01478198e+13
9.84e-09	216.46956	2630.78341	13465.8472	20863.5171	0.553936468	2.01492976e+13
9.85e-09	-18.9942474	2754.69795	12992.4604	22343.3998	0.553734704	2.01506595e+13
9.86e-09	837.544883	2449.56321	11856.183	21580.9851	0.553610276	2.01516093e+13
9.87e-09	-569.27259	1702.21925	11913.5849	20528.5709	0.553848267	2.01525185e+13
9.88e-09	-2183.99858	1827.55209	14527.2246	20902.8942	0.553852371	2.01535974e+13
9.89e-09	-2451.59352	922.882472	13812.7454	22024.5853	0.553586769	2.01543739e+13
9.9e-09	-2830.2171	749.727772	13989.7137	20737.8395	0.553283505	2.01546696e+13
9.91e-09	-1199.48378	1122.75655	13888.0179	20918.9428	0.553411315	2.01547829e+13
9.92e-09	-1313.93727	2262.1034	13467.3751	22050.2098	0.55325144	2.01549375e+13
9.93e-09	-670.147068	2509.96879	12706.3365	21779.0609	0.553092897	2.01548053e+13
9.94e-09	-1016.49569	878.017562	12093.8259	20728.9838	0.553131996	2.01545963e+13
9.95e-09	-1972.21645	-833.211297	12207.2679	20984.985	0.553158537	2.0154505e+13
9.96e-09	-1721.16047	-2082.80926	11419.8019	22212.5715	0.553171174	2.01544386e+13
9.97e-09	-1984.70432	-2324.96348	11513.6922	20344.5111	0.553377705	2.01544612e+13
9.98e-09	-1744.97239	-2913.30931	12818.2846	21840.7263	0.553481689	2.01548056e+13
9.99e-09	-1682.65557	-4063.43567	13907.2007	22164.1897	0.553293422	2.01550339e+13
1e-08	-668.567093	-4609.92893	14348.9447	21941.7655	0.552829144	2.01548014e+13
