# Frequency [GHz] 	Fouriercomponent
-4.99967	 0.338464
-4.99633	 0.481846
-4.993	 0.48404
-4.98967	 0.560578
-4.98633	 0.491231
-4.983	 0.493117
-4.97967	 0.397107
-4.97633	 0.441784
-4.973	 0.560896
-4.96967	 0.447409
-4.96634	 0.576525
-4.963	 0.521908
-4.95967	 0.582499
-4.95634	 0.547241
-4.953	 0.447745
-4.94967	 0.446214
-4.94634	 0.586501
-4.943	 0.593203
-4.93967	 0.630508
-4.93634	 0.473211
-4.933	 0.317443
-4.92967	 0.479305
-4.92634	 0.42106
-4.92301	 0.556439
-4.91967	 0.332349
-4.91634	 0.543407
-4.91301	 0.268015
-4.90967	 0.451531
-4.90634	 0.508762
-4.90301	 0.457089
-4.89967	 0.465442
-4.89634	 0.363573
-4.89301	 0.601671
-4.88967	 0.433511
-4.88634	 0.355082
-4.88301	 0.460178
-4.87967	 0.508959
-4.87634	 0.653138
-4.87301	 0.525703
-4.86968	 0.40732
-4.86634	 0.617131
-4.86301	 0.363882
-4.85968	 0.464761
-4.85634	 0.306338
-4.85301	 0.396871
-4.84968	 0.553055
-4.84634	 0.385082
-4.84301	 0.493255
-4.83968	 0.455165
-4.83634	 0.368162
-4.83301	 0.420432
-4.82968	 0.426965
-4.82634	 0.473979
-4.82301	 0.348413
-4.81968	 0.572129
-4.81635	 0.391178
-4.81301	 0.527236
-4.80968	 0.476301
-4.80635	 0.476813
-4.80301	 0.579201
-4.79968	 0.401112
-4.79635	 0.478925
-4.79301	 0.443907
-4.78968	 0.445283
-4.78635	 0.919652
-4.78301	 0.412856
-4.77968	 0.422692
-4.77635	 0.54946
-4.77302	 0.481862
-4.76968	 0.631419
-4.76635	 0.542073
-4.76302	 0.406905
-4.75968	 0.403205
-4.75635	 0.390208
-4.75302	 0.535227
-4.74968	 0.454885
-4.74635	 0.522999
-4.74302	 0.479063
-4.73968	 0.607774
-4.73635	 0.572069
-4.73302	 0.292924
-4.72968	 0.45594
-4.72635	 0.472884
-4.72302	 0.528542
-4.71969	 0.530617
-4.71635	 0.350859
-4.71302	 0.440833
-4.70969	 0.536979
-4.70635	 0.540664
-4.70302	 0.435833
-4.69969	 0.284544
-4.69635	 0.41515
-4.69302	 0.494681
-4.68969	 0.625467
-4.68635	 0.516154
-4.68302	 0.490394
-4.67969	 0.545267
-4.67635	 0.50805
-4.67302	 0.427675
-4.66969	 0.716112
-4.66636	 0.388391
-4.66302	 0.355387
-4.65969	 0.424306
-4.65636	 0.38263
-4.65302	 0.532762
-4.64969	 0.353272
-4.64636	 0.546691
-4.64302	 0.350278
-4.63969	 0.447643
-4.63636	 0.58143
-4.63302	 0.419263
-4.62969	 0.417964
-4.62636	 0.442009
-4.62303	 0.566146
-4.61969	 0.497622
-4.61636	 0.493362
-4.61303	 0.591239
-4.60969	 0.471029
-4.60636	 0.488673
-4.60303	 0.432859
-4.59969	 0.318413
-4.59636	 0.508453
-4.59303	 0.559161
-4.58969	 0.418872
-4.58636	 0.471589
-4.58303	 0.388132
-4.57969	 0.649969
-4.57636	 0.542888
-4.57303	 0.645462
-4.5697	 0.583807
-4.56636	 0.519582
-4.56303	 0.591201
-4.5597	 0.382417
-4.55636	 0.439397
-4.55303	 0.509295
-4.5497	 0.616187
-4.54636	 0.32343
-4.54303	 0.577535
-4.5397	 0.310485
-4.53636	 0.568064
-4.53303	 0.450418
-4.5297	 0.795578
-4.52636	 0.478548
-4.52303	 0.493438
-4.5197	 0.637733
-4.51637	 0.500767
-4.51303	 0.501676
-4.5097	 0.447324
-4.50637	 0.371284
-4.50303	 0.558707
-4.4997	 0.678607
-4.49637	 0.427867
-4.49303	 0.545875
-4.4897	 0.575849
-4.48637	 0.630713
-4.48303	 0.339205
-4.4797	 0.812434
-4.47637	 0.47267
-4.47304	 0.491435
-4.4697	 0.401209
-4.46637	 0.585229
-4.46304	 0.62068
-4.4597	 0.648096
-4.45637	 0.557838
-4.45304	 0.4709
-4.4497	 0.483731
-4.44637	 0.397473
-4.44304	 0.605546
-4.4397	 0.433265
-4.43637	 0.436246
-4.43304	 0.519615
-4.4297	 0.609059
-4.42637	 0.320366
-4.42304	 0.644211
-4.41971	 0.503112
-4.41637	 0.64887
-4.41304	 0.457178
-4.40971	 0.449139
-4.40637	 0.504888
-4.40304	 0.355223
-4.39971	 0.524763
-4.39637	 0.56638
-4.39304	 0.616385
-4.38971	 0.482344
-4.38637	 0.36698
-4.38304	 0.590396
-4.37971	 0.501749
-4.37637	 0.529946
-4.37304	 0.388604
-4.36971	 0.416461
-4.36638	 0.42006
-4.36304	 0.652928
-4.35971	 0.766545
-4.35638	 0.590515
-4.35304	 0.471683
-4.34971	 0.315587
-4.34638	 0.441589
-4.34304	 0.603773
-4.33971	 0.657069
-4.33638	 0.480865
-4.33304	 0.4299
-4.32971	 0.591767
-4.32638	 0.630323
-4.32305	 0.562172
-4.31971	 0.409926
-4.31638	 0.461086
-4.31305	 0.539778
-4.30971	 0.563244
-4.30638	 0.485223
-4.30305	 0.49902
-4.29971	 0.562417
-4.29638	 0.607424
-4.29305	 0.586617
-4.28971	 0.486377
-4.28638	 0.511919
-4.28305	 0.610415
-4.27971	 0.339489
-4.27638	 0.504908
-4.27305	 0.450397
-4.26972	 0.450979
-4.26638	 0.404801
-4.26305	 0.738735
-4.25972	 0.528298
-4.25638	 0.595222
-4.25305	 0.579441
-4.24972	 0.480638
-4.24638	 0.455906
-4.24305	 0.727914
-4.23972	 0.588197
-4.23638	 0.44973
-4.23305	 0.539852
-4.22972	 0.308547
-4.22638	 0.513855
-4.22305	 0.667297
-4.21972	 0.651746
-4.21639	 0.359967
-4.21305	 0.545888
-4.20972	 0.434274
-4.20639	 0.463312
-4.20305	 0.559146
-4.19972	 0.654501
-4.19639	 0.427006
-4.19305	 0.509611
-4.18972	 0.430447
-4.18639	 0.511134
-4.18305	 0.534846
-4.17972	 0.510996
-4.17639	 0.470001
-4.17306	 0.646471
-4.16972	 0.437415
-4.16639	 0.465115
-4.16306	 0.456429
-4.15972	 0.457136
-4.15639	 0.494455
-4.15306	 0.54682
-4.14972	 0.621146
-4.14639	 0.54298
-4.14306	 0.459602
-4.13972	 0.565801
-4.13639	 0.620001
-4.13306	 0.534928
-4.12972	 0.695346
-4.12639	 0.526886
-4.12306	 0.607646
-4.11973	 0.660433
-4.11639	 0.710977
-4.11306	 0.485527
-4.10973	 0.530066
-4.10639	 0.365022
-4.10306	 0.401722
-4.09973	 0.479024
-4.09639	 0.628695
-4.09306	 0.583481
-4.08973	 0.453068
-4.08639	 0.457181
-4.08306	 0.33611
-4.07973	 0.464368
-4.07639	 0.524486
-4.07306	 0.69484
-4.06973	 0.382527
-4.0664	 0.544842
-4.06306	 0.64104
-4.05973	 0.561865
-4.0564	 0.446326
-4.05306	 0.579895
-4.04973	 0.520781
-4.0464	 0.480111
-4.04306	 0.441784
-4.03973	 0.461614
-4.0364	 0.649537
-4.03306	 0.351254
-4.02973	 0.359237
-4.0264	 0.391483
-4.02307	 0.430444
-4.01973	 0.544195
-4.0164	 0.56497
-4.01307	 0.445925
-4.00973	 0.608953
-4.0064	 0.42179
-4.00307	 0.56117
-3.99973	 0.502133
-3.9964	 0.48371
-3.99307	 0.718059
-3.98973	 0.421892
-3.9864	 0.754135
-3.98307	 0.650624
-3.97973	 0.408102
-3.9764	 0.433532
-3.97307	 0.472433
-3.96974	 0.485653
-3.9664	 0.366868
-3.96307	 0.638174
-3.95974	 0.459629
-3.9564	 0.331645
-3.95307	 0.426872
-3.94974	 0.512017
-3.9464	 0.456597
-3.94307	 0.506331
-3.93974	 0.614207
-3.9364	 0.480465
-3.93307	 0.430336
-3.92974	 0.495108
-3.9264	 0.488697
-3.92307	 0.595312
-3.91974	 0.600533
-3.91641	 0.683336
-3.91307	 0.5904
-3.90974	 0.42122
-3.90641	 0.441403
-3.90307	 0.500233
-3.89974	 0.44748
-3.89641	 0.361703
-3.89307	 0.682372
-3.88974	 0.408535
-3.88641	 0.679139
-3.88307	 0.815842
-3.87974	 0.657588
-3.87641	 0.629563
-3.87308	 0.602296
-3.86974	 0.635914
-3.86641	 0.482092
-3.86308	 0.486288
-3.85974	 0.765504
-3.85641	 0.54714
-3.85308	 0.47596
-3.84974	 0.685998
-3.84641	 0.729526
-3.84308	 0.457023
-3.83974	 0.440584
-3.83641	 0.667358
-3.83308	 0.572657
-3.82974	 0.624554
-3.82641	 0.69875
-3.82308	 0.506266
-3.81975	 0.641231
-3.81641	 0.59352
-3.81308	 0.630767
-3.80975	 0.51
-3.80641	 0.485258
-3.80308	 0.458225
-3.79975	 0.387003
-3.79641	 0.4247
-3.79308	 0.877482
-3.78975	 0.609874
-3.78641	 0.42656
-3.78308	 0.537357
-3.77975	 0.687022
-3.77641	 0.796547
-3.77308	 0.520159
-3.76975	 0.374875
-3.76642	 0.561192
-3.76308	 0.543597
-3.75975	 0.857051
-3.75642	 0.535924
-3.75308	 0.413277
-3.74975	 0.486929
-3.74642	 0.573669
-3.74308	 0.633477
-3.73975	 0.666466
-3.73642	 0.616146
-3.73308	 0.589194
-3.72975	 0.70854
-3.72642	 0.692739
-3.72309	 0.571488
-3.71975	 0.493912
-3.71642	 0.545954
-3.71309	 0.349337
-3.70975	 0.460036
-3.70642	 0.608504
-3.70309	 0.554288
-3.69975	 0.589221
-3.69642	 0.580031
-3.69309	 0.347991
-3.68975	 0.493212
-3.68642	 0.462404
-3.68309	 0.555218
-3.67975	 0.372272
-3.67642	 0.537892
-3.67309	 0.611082
-3.66976	 0.303876
-3.66642	 0.654294
-3.66309	 0.365208
-3.65976	 0.453493
-3.65642	 0.528202
-3.65309	 0.688435
-3.64976	 0.626744
-3.64642	 0.584893
-3.64309	 0.410562
-3.63976	 0.534004
-3.63642	 0.647336
-3.63309	 0.568187
-3.62976	 0.61682
-3.62642	 0.666345
-3.62309	 0.548551
-3.61976	 0.494522
-3.61643	 0.524999
-3.61309	 0.631261
-3.60976	 0.364669
-3.60643	 0.47393
-3.60309	 0.58535
-3.59976	 0.737278
-3.59643	 0.557679
-3.59309	 0.517693
-3.58976	 0.61008
-3.58643	 0.353709
-3.58309	 0.708483
-3.57976	 0.445837
-3.57643	 0.53037
-3.5731	 0.541491
-3.56976	 0.557536
-3.56643	 0.664867
-3.5631	 0.61615
-3.55976	 0.587982
-3.55643	 0.587096
-3.5531	 0.467299
-3.54976	 0.443736
-3.54643	 0.527808
-3.5431	 0.480714
-3.53976	 0.601655
-3.53643	 0.869718
-3.5331	 0.582641
-3.52976	 0.624639
-3.52643	 0.362445
-3.5231	 0.503456
-3.51977	 0.667972
-3.51643	 0.723319
-3.5131	 0.572927
-3.50977	 0.641106
-3.50643	 0.504319
-3.5031	 0.615875
-3.49977	 0.555788
-3.49643	 0.619244
-3.4931	 0.545181
-3.48977	 0.459538
-3.48643	 0.747594
-3.4831	 0.619046
-3.47977	 0.516671
-3.47643	 0.590756
-3.4731	 0.544517
-3.46977	 0.721109
-3.46644	 0.602666
-3.4631	 0.555021
-3.45977	 0.447529
-3.45644	 0.463562
-3.4531	 0.653351
-3.44977	 0.627259
-3.44644	 0.578851
-3.4431	 0.677375
-3.43977	 0.584174
-3.43644	 0.493134
-3.4331	 0.592983
-3.42977	 0.73807
-3.42644	 0.531654
-3.42311	 0.542559
-3.41977	 0.465554
-3.41644	 0.687931
-3.41311	 0.639164
-3.40977	 0.535231
-3.40644	 0.652293
-3.40311	 0.502128
-3.39977	 0.57152
-3.39644	 0.634616
-3.39311	 0.605336
-3.38977	 0.410668
-3.38644	 0.593087
-3.38311	 0.70986
-3.37977	 0.769786
-3.37644	 0.590572
-3.37311	 0.443755
-3.36978	 0.449514
-3.36644	 0.49764
-3.36311	 0.620876
-3.35978	 0.581284
-3.35644	 0.414572
-3.35311	 0.536435
-3.34978	 0.535731
-3.34644	 0.343322
-3.34311	 0.475769
-3.33978	 0.548281
-3.33644	 0.749839
-3.33311	 0.634014
-3.32978	 0.454533
-3.32644	 0.548478
-3.32311	 0.576708
-3.31978	 0.655992
-3.31645	 0.524739
-3.31311	 0.772634
-3.30978	 0.690257
-3.30645	 0.421463
-3.30311	 0.85924
-3.29978	 0.550732
-3.29645	 0.478889
-3.29311	 0.514219
-3.28978	 0.626289
-3.28645	 0.633394
-3.28311	 0.55338
-3.27978	 0.611522
-3.27645	 0.562388
-3.27312	 0.47279
-3.26978	 0.562417
-3.26645	 0.379896
-3.26312	 0.687018
-3.25978	 0.416784
-3.25645	 0.825037
-3.25312	 0.727849
-3.24978	 0.780162
-3.24645	 0.736342
-3.24312	 0.542258
-3.23978	 0.533238
-3.23645	 0.711118
-3.23312	 0.583782
-3.22978	 0.793363
-3.22645	 0.454605
-3.22312	 0.49588
-3.21979	 0.428912
-3.21645	 0.453052
-3.21312	 0.604568
-3.20979	 0.48746
-3.20645	 0.643046
-3.20312	 0.704711
-3.19979	 0.481579
-3.19645	 0.675919
-3.19312	 0.569433
-3.18979	 0.468033
-3.18645	 0.371971
-3.18312	 0.653101
-3.17979	 0.53765
-3.17645	 0.850404
-3.17312	 0.884665
-3.16979	 0.705638
-3.16646	 0.587074
-3.16312	 0.568744
-3.15979	 0.620026
-3.15646	 0.591468
-3.15312	 0.499517
-3.14979	 0.686083
-3.14646	 0.646429
-3.14312	 0.681835
-3.13979	 0.541226
-3.13646	 0.314524
-3.13312	 0.62804
-3.12979	 0.606191
-3.12646	 0.560503
-3.12313	 0.500085
-3.11979	 0.585492
-3.11646	 0.540191
-3.11313	 0.809136
-3.10979	 0.697909
-3.10646	 0.608918
-3.10313	 0.593931
-3.09979	 0.639102
-3.09646	 0.675915
-3.09313	 0.89306
-3.08979	 0.725373
-3.08646	 0.694513
-3.08313	 0.75551
-3.07979	 0.550116
-3.07646	 0.472423
-3.07313	 0.618118
-3.0698	 0.547817
-3.06646	 0.632399
-3.06313	 0.63282
-3.0598	 0.503883
-3.05646	 0.534487
-3.05313	 0.641953
-3.0498	 0.593172
-3.04646	 0.578072
-3.04313	 0.702381
-3.0398	 0.439401
-3.03646	 0.583679
-3.03313	 0.523783
-3.0298	 0.626348
-3.02646	 0.676265
-3.02313	 0.592135
-3.0198	 0.558349
-3.01647	 0.696996
-3.01313	 0.374623
-3.0098	 0.619943
-3.00647	 0.762413
-3.00313	 0.797414
-2.9998	 0.688447
-2.99647	 0.478432
-2.99313	 0.670371
-2.9898	 0.591938
-2.98647	 0.922226
-2.98313	 0.635546
-2.9798	 0.649322
-2.97647	 0.507551
-2.97314	 0.601396
-2.9698	 0.749436
-2.96647	 0.885299
-2.96314	 0.679708
-2.9598	 0.471792
-2.95647	 0.712478
-2.95314	 0.77045
-2.9498	 0.94411
-2.94647	 0.732437
-2.94314	 0.583336
-2.9398	 0.799863
-2.93647	 0.708736
-2.93314	 0.587794
-2.9298	 0.721289
-2.92647	 0.622691
-2.92314	 0.795957
-2.91981	 1.01496
-2.91647	 0.560722
-2.91314	 0.702844
-2.90981	 0.48556
-2.90647	 0.502859
-2.90314	 0.469771
-2.89981	 0.647845
-2.89647	 0.758342
-2.89314	 0.718685
-2.88981	 0.624437
-2.88647	 0.616808
-2.88314	 0.717333
-2.87981	 0.886911
-2.87647	 0.525499
-2.87314	 0.695964
-2.86981	 0.516563
-2.86648	 0.691113
-2.86314	 0.575466
-2.85981	 0.527871
-2.85648	 0.452392
-2.85314	 0.808147
-2.84981	 0.536922
-2.84648	 0.528223
-2.84314	 0.645676
-2.83981	 0.308338
-2.83648	 0.556728
-2.83314	 0.646384
-2.82981	 0.554682
-2.82648	 0.682015
-2.82315	 0.810302
-2.81981	 0.592169
-2.81648	 0.888533
-2.81315	 0.742933
-2.80981	 0.49719
-2.80648	 0.522266
-2.80315	 0.509002
-2.79981	 0.65576
-2.79648	 0.683411
-2.79315	 0.580335
-2.78981	 0.601062
-2.78648	 0.764686
-2.78315	 0.732574
-2.77981	 0.710084
-2.77648	 0.623867
-2.77315	 0.576265
-2.76982	 0.547225
-2.76648	 0.845246
-2.76315	 0.488979
-2.75982	 0.695656
-2.75648	 0.821165
-2.75315	 0.661129
-2.74982	 0.666204
-2.74648	 0.637673
-2.74315	 0.650996
-2.73982	 0.815228
-2.73648	 0.508179
-2.73315	 0.523947
-2.72982	 0.663441
-2.72648	 0.722886
-2.72315	 0.703481
-2.71982	 0.708503
-2.71649	 0.580673
-2.71315	 0.418789
-2.70982	 0.662364
-2.70649	 0.580632
-2.70315	 0.469166
-2.69982	 0.623269
-2.69649	 0.653081
-2.69315	 0.640614
-2.68982	 0.642976
-2.68649	 0.676944
-2.68315	 0.5094
-2.67982	 0.587287
-2.67649	 0.537219
-2.67316	 0.72871
-2.66982	 0.61563
-2.66649	 0.72526
-2.66316	 0.609718
-2.65982	 0.575342
-2.65649	 0.587421
-2.65316	 0.634598
-2.64982	 0.49665
-2.64649	 0.682879
-2.64316	 0.706219
-2.63982	 0.555951
-2.63649	 0.523729
-2.63316	 0.911505
-2.62982	 0.456863
-2.62649	 0.635621
-2.62316	 0.654916
-2.61983	 0.637495
-2.61649	 0.671722
-2.61316	 0.611022
-2.60983	 0.672564
-2.60649	 0.64007
-2.60316	 0.494462
-2.59983	 0.519915
-2.59649	 0.560583
-2.59316	 0.6955
-2.58983	 0.600792
-2.58649	 0.462654
-2.58316	 0.667118
-2.57983	 0.854956
-2.57649	 0.544104
-2.57316	 0.709938
-2.56983	 0.789405
-2.5665	 0.472035
-2.56316	 0.543259
-2.55983	 0.68487
-2.5565	 0.583248
-2.55316	 0.592098
-2.54983	 0.468903
-2.5465	 0.64802
-2.54316	 0.545821
-2.53983	 0.633076
-2.5365	 0.742385
-2.53316	 0.578962
-2.52983	 0.601281
-2.5265	 0.710131
-2.52317	 0.896989
-2.51983	 0.609728
-2.5165	 0.713215
-2.51317	 0.722328
-2.50983	 0.673236
-2.5065	 0.645412
-2.50317	 0.54667
-2.49983	 0.412024
-2.4965	 0.749847
-2.49317	 0.504333
-2.48983	 0.670706
-2.4865	 0.518239
-2.48317	 0.551732
-2.47983	 0.583104
-2.4765	 0.751928
-2.47317	 0.615241
-2.46984	 0.675518
-2.4665	 0.623343
-2.46317	 0.817941
-2.45984	 0.610039
-2.4565	 0.580144
-2.45317	 0.674707
-2.44984	 0.484437
-2.4465	 0.47889
-2.44317	 0.680858
-2.43984	 0.687724
-2.4365	 0.334807
-2.43317	 0.554429
-2.42984	 0.700257
-2.4265	 0.580047
-2.42317	 0.964128
-2.41984	 0.625977
-2.41651	 0.817719
-2.41317	 0.79076
-2.40984	 0.63161
-2.40651	 0.488594
-2.40317	 0.591295
-2.39984	 0.780152
-2.39651	 0.619984
-2.39317	 0.605668
-2.38984	 0.862576
-2.38651	 0.875491
-2.38317	 0.666158
-2.37984	 0.690244
-2.37651	 0.825052
-2.37318	 0.567978
-2.36984	 0.792352
-2.36651	 0.683812
-2.36318	 0.592182
-2.35984	 0.798673
-2.35651	 1.06686
-2.35318	 0.722573
-2.34984	 0.80454
-2.34651	 0.855169
-2.34318	 0.70393
-2.33984	 0.47154
-2.33651	 0.972707
-2.33318	 0.544779
-2.32984	 0.786975
-2.32651	 0.589224
-2.32318	 0.609056
-2.31985	 0.460718
-2.31651	 0.792841
-2.31318	 0.623648
-2.30985	 0.827277
-2.30651	 0.674747
-2.30318	 0.446763
-2.29985	 0.551948
-2.29651	 0.834565
-2.29318	 0.631848
-2.28985	 0.907136
-2.28651	 0.636327
-2.28318	 0.764959
-2.27985	 0.673992
-2.27651	 0.802818
-2.27318	 0.593833
-2.26985	 0.630492
-2.26652	 0.602747
-2.26318	 0.542276
-2.25985	 0.674536
-2.25652	 0.543943
-2.25318	 0.739698
-2.24985	 0.588008
-2.24652	 0.88444
-2.24318	 0.701854
-2.23985	 0.585991
-2.23652	 0.640645
-2.23318	 0.617878
-2.22985	 0.551585
-2.22652	 0.58217
-2.22319	 0.803758
-2.21985	 0.707742
-2.21652	 0.734661
-2.21319	 0.451053
-2.20985	 0.477091
-2.20652	 0.603853
-2.20319	 0.637795
-2.19985	 0.701231
-2.19652	 0.731689
-2.19319	 0.866027
-2.18985	 0.861227
-2.18652	 0.799861
-2.18319	 0.369521
-2.17985	 0.758144
-2.17652	 0.9966
-2.17319	 0.592485
-2.16986	 0.824417
-2.16652	 0.469854
-2.16319	 0.778371
-2.15986	 0.646453
-2.15652	 0.609629
-2.15319	 0.750795
-2.14986	 0.87098
-2.14652	 0.826067
-2.14319	 0.721524
-2.13986	 0.544365
-2.13652	 0.60451
-2.13319	 0.590718
-2.12986	 0.444973
-2.12652	 0.938552
-2.12319	 0.823093
-2.11986	 0.568727
-2.11653	 0.84068
-2.11319	 0.577457
-2.10986	 0.619516
-2.10653	 0.751527
-2.10319	 0.700241
-2.09986	 0.947307
-2.09653	 0.625022
-2.09319	 0.80429
-2.08986	 0.839141
-2.08653	 0.735705
-2.08319	 0.454356
-2.07986	 0.705527
-2.07653	 0.799818
-2.0732	 0.626886
-2.06986	 0.730239
-2.06653	 0.706904
-2.0632	 0.66167
-2.05986	 0.82907
-2.05653	 0.621214
-2.0532	 0.934401
-2.04986	 0.626046
-2.04653	 0.60907
-2.0432	 0.839062
-2.03986	 0.550478
-2.03653	 0.885737
-2.0332	 0.807239
-2.02986	 0.75035
-2.02653	 0.48967
-2.0232	 0.559262
-2.01987	 1.01518
-2.01653	 0.91396
-2.0132	 0.92384
-2.00987	 0.589933
-2.00653	 0.805172
-2.0032	 0.593599
-1.99987	 0.683891
-1.99653	 0.59483
-1.9932	 0.657442
-1.98987	 0.72099
-1.98653	 0.721262
-1.9832	 0.978853
-1.97987	 0.943712
-1.97653	 0.630293
-1.9732	 0.700887
-1.96987	 0.603655
-1.96654	 0.695075
-1.9632	 0.716026
-1.95987	 0.866906
-1.95654	 0.724097
-1.9532	 0.912891
-1.94987	 0.807891
-1.94654	 0.604467
-1.9432	 0.788661
-1.93987	 0.587128
-1.93654	 0.819119
-1.9332	 0.750025
-1.92987	 0.771602
-1.92654	 0.522638
-1.92321	 0.791695
-1.91987	 0.561152
-1.91654	 0.837532
-1.91321	 0.849295
-1.90987	 0.906963
-1.90654	 0.644082
-1.90321	 1.02431
-1.89987	 0.667194
-1.89654	 0.62446
-1.89321	 0.327311
-1.88987	 0.702082
-1.88654	 0.832264
-1.88321	 0.479403
-1.87987	 0.696945
-1.87654	 0.637858
-1.87321	 0.866877
-1.86988	 0.659554
-1.86654	 0.699314
-1.86321	 0.574995
-1.85988	 0.897504
-1.85654	 0.808877
-1.85321	 0.380804
-1.84988	 0.61224
-1.84654	 0.473292
-1.84321	 0.631744
-1.83988	 0.597901
-1.83654	 0.745416
-1.83321	 0.704975
-1.82988	 0.730527
-1.82654	 0.868282
-1.82321	 0.562062
-1.81988	 0.79393
-1.81655	 0.662587
-1.81321	 0.488072
-1.80988	 0.526234
-1.80655	 0.946077
-1.80321	 0.913618
-1.79988	 0.487756
-1.79655	 0.496951
-1.79321	 0.686884
-1.78988	 0.797414
-1.78655	 0.675468
-1.78321	 0.546382
-1.77988	 0.53742
-1.77655	 0.822769
-1.77322	 1.06527
-1.76988	 0.544791
-1.76655	 0.696833
-1.76322	 0.799278
-1.75988	 0.904683
-1.75655	 0.522651
-1.75322	 0.903628
-1.74988	 0.755212
-1.74655	 0.811529
-1.74322	 0.562879
-1.73988	 0.729829
-1.73655	 0.633194
-1.73322	 0.819689
-1.72988	 0.668795
-1.72655	 0.554347
-1.72322	 0.811035
-1.71989	 0.6095
-1.71655	 0.602039
-1.71322	 0.587127
-1.70989	 0.85741
-1.70655	 1.00607
-1.70322	 0.72551
-1.69989	 0.753604
-1.69655	 0.489764
-1.69322	 0.703296
-1.68989	 1.05145
-1.68655	 0.807543
-1.68322	 0.796284
-1.67989	 0.884609
-1.67655	 0.606219
-1.67322	 0.581475
-1.66989	 0.796109
-1.66656	 0.605921
-1.66322	 0.738479
-1.65989	 0.692622
-1.65656	 0.684073
-1.65322	 0.631558
-1.64989	 1.01363
-1.64656	 0.445712
-1.64322	 1.18163
-1.63989	 0.840358
-1.63656	 1.0851
-1.63322	 0.670432
-1.62989	 0.714925
-1.62656	 1.01287
-1.62323	 0.578903
-1.61989	 0.857565
-1.61656	 0.552115
-1.61323	 0.564493
-1.60989	 0.646638
-1.60656	 0.810512
-1.60323	 0.465777
-1.59989	 0.63693
-1.59656	 0.915278
-1.59323	 0.830692
-1.58989	 0.821115
-1.58656	 0.714056
-1.58323	 0.704239
-1.57989	 0.696712
-1.57656	 1.34899
-1.57323	 0.646069
-1.5699	 0.583725
-1.56656	 0.670995
-1.56323	 0.708236
-1.5599	 0.897875
-1.55656	 0.783143
-1.55323	 0.67792
-1.5499	 0.568944
-1.54656	 0.770876
-1.54323	 0.762719
-1.5399	 0.592104
-1.53656	 0.698078
-1.53323	 0.827642
-1.5299	 0.417197
-1.52656	 0.857442
-1.52323	 1.10169
-1.5199	 0.80852
-1.51657	 0.737727
-1.51323	 0.582152
-1.5099	 0.555404
-1.50657	 1.03124
-1.50323	 0.631544
-1.4999	 0.680332
-1.49657	 0.880828
-1.49323	 0.841219
-1.4899	 0.885847
-1.48657	 1.0059
-1.48323	 0.731215
-1.4799	 0.721707
-1.47657	 0.768076
-1.47324	 0.764631
-1.4699	 0.719682
-1.46657	 0.83412
-1.46324	 0.799712
-1.4599	 0.74041
-1.45657	 0.526883
-1.45324	 0.63557
-1.4499	 0.630611
-1.44657	 0.870907
-1.44324	 0.624438
-1.4399	 0.723277
-1.43657	 0.699523
-1.43324	 0.719799
-1.4299	 0.5503
-1.42657	 0.680668
-1.42324	 0.788182
-1.41991	 0.812036
-1.41657	 0.754995
-1.41324	 0.539182
-1.40991	 0.739135
-1.40657	 0.6288
-1.40324	 0.637271
-1.39991	 0.650707
-1.39657	 0.708243
-1.39324	 0.926462
-1.38991	 0.670067
-1.38657	 0.68294
-1.38324	 0.751918
-1.37991	 0.794745
-1.37657	 0.785519
-1.37324	 0.625611
-1.36991	 0.683204
-1.36658	 1.05741
-1.36324	 0.811367
-1.35991	 0.746646
-1.35658	 0.69454
-1.35324	 0.669292
-1.34991	 0.684825
-1.34658	 0.445025
-1.34324	 0.782367
-1.33991	 1.06668
-1.33658	 0.812465
-1.33324	 0.515726
-1.32991	 0.625682
-1.32658	 0.743093
-1.32325	 0.974331
-1.31991	 0.632391
-1.31658	 0.92482
-1.31325	 0.715461
-1.30991	 0.675838
-1.30658	 0.603703
-1.30325	 0.921199
-1.29991	 0.794315
-1.29658	 0.729974
-1.29325	 0.647128
-1.28991	 0.701461
-1.28658	 1.01757
-1.28325	 0.859394
-1.27991	 0.670338
-1.27658	 0.69536
-1.27325	 0.95464
-1.26992	 1.02902
-1.26658	 0.855646
-1.26325	 0.700572
-1.25992	 0.766182
-1.25658	 0.680335
-1.25325	 0.505742
-1.24992	 0.604751
-1.24658	 0.684355
-1.24325	 0.76042
-1.23992	 0.657006
-1.23658	 0.931943
-1.23325	 0.597634
-1.22992	 0.697226
-1.22658	 1.00702
-1.22325	 0.814778
-1.21992	 1.00257
-1.21659	 0.874166
-1.21325	 0.863402
-1.20992	 0.797753
-1.20659	 0.655526
-1.20325	 0.608575
-1.19992	 0.581859
-1.19659	 0.532006
-1.19325	 0.812538
-1.18992	 0.674747
-1.18659	 0.814132
-1.18325	 0.71464
-1.17992	 0.760428
-1.17659	 0.639722
-1.17326	 0.945963
-1.16992	 0.628855
-1.16659	 0.744543
-1.16326	 1.01254
-1.15992	 0.800885
-1.15659	 0.651565
-1.15326	 0.506191
-1.14992	 0.631601
-1.14659	 0.796424
-1.14326	 1.09183
-1.13992	 0.78255
-1.13659	 0.742175
-1.13326	 0.715231
-1.12992	 0.892566
-1.12659	 0.499836
-1.12326	 0.621471
-1.11993	 0.62842
-1.11659	 0.601402
-1.11326	 0.785196
-1.10993	 0.70691
-1.10659	 0.81907
-1.10326	 0.620685
-1.09993	 0.893389
-1.09659	 0.717519
-1.09326	 0.652694
-1.08993	 0.829368
-1.08659	 0.853617
-1.08326	 0.760559
-1.07993	 0.615381
-1.07659	 0.582464
-1.07326	 0.568266
-1.06993	 0.687657
-1.0666	 0.624607
-1.06326	 0.864909
-1.05993	 0.808644
-1.0566	 0.62147
-1.05326	 0.89076
-1.04993	 0.801524
-1.0466	 0.890922
-1.04326	 0.918699
-1.03993	 0.396692
-1.0366	 1.04357
-1.03326	 0.965656
-1.02993	 0.913572
-1.0266	 0.803209
-1.02327	 0.782908
-1.01993	 0.537392
-1.0166	 0.856899
-1.01327	 0.605074
-1.00993	 0.569395
-1.0066	 0.862653
-1.00327	 0.882019
-0.999933	 0.645414
-0.9966	 0.880331
-0.993267	 0.81419
-0.989934	 0.721806
-0.986601	 0.742631
-0.983268	 0.65313
-0.979935	 0.923879
-0.976602	 0.81758
-0.973268	 0.800394
-0.969935	 0.858732
-0.966602	 0.649119
-0.963269	 1.02274
-0.959936	 0.558267
-0.956603	 0.588335
-0.95327	 0.818067
-0.949937	 0.767845
-0.946604	 1.01684
-0.94327	 0.844991
-0.939937	 0.916732
-0.936604	 1.10875
-0.933271	 0.601092
-0.929938	 1.05514
-0.926605	 0.556094
-0.923272	 0.833625
-0.919939	 0.882051
-0.916606	 0.6989
-0.913272	 0.446761
-0.909939	 0.634081
-0.906606	 1.15787
-0.903273	 0.747248
-0.89994	 0.660485
-0.896607	 0.886191
-0.893274	 0.624794
-0.889941	 0.60852
-0.886608	 0.803865
-0.883274	 0.615648
-0.879941	 0.890665
-0.876608	 0.781447
-0.873275	 0.846421
-0.869942	 0.62245
-0.866609	 0.734465
-0.863276	 0.472938
-0.859943	 0.688251
-0.85661	 1.00844
-0.853276	 0.783679
-0.849943	 0.91915
-0.84661	 0.863556
-0.843277	 0.536712
-0.839944	 0.897987
-0.836611	 0.686353
-0.833278	 0.61
-0.829945	 1.31422
-0.826612	 0.532725
-0.823278	 0.702982
-0.819945	 0.896999
-0.816612	 0.861555
-0.813279	 0.850334
-0.809946	 0.68495
-0.806613	 0.845868
-0.80328	 0.872951
-0.799947	 0.901265
-0.796614	 0.754819
-0.79328	 0.68128
-0.789947	 0.719039
-0.786614	 0.700906
-0.783281	 1.14843
-0.779948	 0.811965
-0.776615	 0.70327
-0.773282	 0.598318
-0.769949	 0.452518
-0.766616	 0.892974
-0.763282	 1.01567
-0.759949	 0.477658
-0.756616	 0.87995
-0.753283	 0.900594
-0.74995	 0.742896
-0.746617	 0.677854
-0.743284	 0.750871
-0.739951	 0.74722
-0.736618	 0.671589
-0.733284	 0.787349
-0.729951	 1.06913
-0.726618	 0.950005
-0.723285	 0.823171
-0.719952	 0.660248
-0.716619	 1.23344
-0.713286	 0.624261
-0.709953	 0.886044
-0.70662	 1.0348
-0.703286	 0.756773
-0.699953	 0.681836
-0.69662	 0.642099
-0.693287	 0.773953
-0.689954	 0.685096
-0.686621	 0.99272
-0.683288	 0.892698
-0.679955	 0.913569
-0.676622	 0.743202
-0.673288	 0.708192
-0.669955	 0.589397
-0.666622	 0.71055
-0.663289	 0.789609
-0.659956	 0.824897
-0.656623	 0.891333
-0.65329	 0.722956
-0.649957	 0.631239
-0.646624	 0.860842
-0.64329	 0.648398
-0.639957	 0.676284
-0.636624	 0.960381
-0.633291	 0.990564
-0.629958	 0.457223
-0.626625	 0.713294
-0.623292	 1.10709
-0.619959	 0.812208
-0.616626	 0.662065
-0.613292	 0.726666
-0.609959	 0.907984
-0.606626	 0.790413
-0.603293	 0.792087
-0.59996	 1.01072
-0.596627	 0.82952
-0.593294	 0.692138
-0.589961	 0.881801
-0.586628	 0.597038
-0.583294	 0.805157
-0.579961	 0.794316
-0.576628	 1.03652
-0.573295	 0.755354
-0.569962	 0.653166
-0.566629	 0.928832
-0.563296	 0.944668
-0.559963	 0.755504
-0.55663	 0.745543
-0.553296	 0.860097
-0.549963	 1.00429
-0.54663	 0.787756
-0.543297	 0.836625
-0.539964	 0.508376
-0.536631	 0.871251
-0.533298	 0.814704
-0.529965	 0.892696
-0.526632	 0.86706
-0.523298	 0.633094
-0.519965	 0.802956
-0.516632	 0.659965
-0.513299	 0.562588
-0.509966	 0.86868
-0.506633	 0.699667
-0.5033	 1.05431
-0.499967	 0.33609
-0.496634	 1.03214
-0.4933	 0.86254
-0.489967	 0.729397
-0.486634	 0.859059
-0.483301	 1.01276
-0.479968	 0.749845
-0.476635	 0.612361
-0.473302	 0.860692
-0.469969	 0.733421
-0.466636	 0.628005
-0.463302	 0.604576
-0.459969	 1.19115
-0.456636	 0.764066
-0.453303	 0.886716
-0.44997	 0.89016
-0.446637	 0.765535
-0.443304	 0.582501
-0.439971	 0.975776
-0.436638	 0.650887
-0.433304	 0.563036
-0.429971	 0.744966
-0.426638	 0.891688
-0.423305	 0.841584
-0.419972	 0.999959
-0.416639	 0.773366
-0.413306	 0.888174
-0.409973	 0.494038
-0.40664	 0.678872
-0.403306	 0.580224
-0.399973	 1.11627
-0.39664	 0.72472
-0.393307	 0.542526
-0.389974	 0.824742
-0.386641	 0.655849
-0.383308	 0.941461
-0.379975	 0.795911
-0.376642	 0.806956
-0.373308	 0.60465
-0.369975	 0.756125
-0.366642	 0.725225
-0.363309	 0.579225
-0.359976	 0.679899
-0.356643	 0.742115
-0.35331	 0.951455
-0.349977	 0.664351
-0.346644	 0.617259
-0.34331	 0.969586
-0.339977	 1.1994
-0.336644	 0.65566
-0.333311	 0.932643
-0.329978	 0.578625
-0.326645	 0.970525
-0.323312	 0.54435
-0.319979	 0.725377
-0.316646	 0.933311
-0.313312	 0.719313
-0.309979	 0.859382
-0.306646	 0.991553
-0.303313	 0.738584
-0.29998	 0.765844
-0.296647	 0.642934
-0.293314	 0.492251
-0.289981	 0.731613
-0.286648	 0.731012
-0.283314	 0.626961
-0.279981	 0.857308
-0.276648	 0.542185
-0.273315	 0.871439
-0.269982	 0.744635
-0.266649	 0.675889
-0.263316	 0.889176
-0.259983	 0.890056
-0.25665	 1.07947
-0.253316	 0.815443
-0.249983	 0.801047
-0.24665	 0.975184
-0.243317	 0.881202
-0.239984	 0.85443
-0.236651	 0.903741
-0.233318	 0.75453
-0.229985	 0.608242
-0.226652	 0.808179
-0.223318	 0.842394
-0.219985	 0.445019
-0.216652	 0.676166
-0.213319	 0.626822
-0.209986	 1.07478
-0.206653	 0.788739
-0.20332	 0.598651
-0.199987	 0.538571
-0.196654	 0.821689
-0.19332	 1.04813
-0.189987	 0.950023
-0.186654	 0.968582
-0.183321	 0.488272
-0.179988	 0.698956
-0.176655	 0.847711
-0.173322	 0.842179
-0.169989	 1.07542
-0.166656	 0.88987
-0.163322	 1.16153
-0.159989	 0.854285
-0.156656	 0.85175
-0.153323	 0.965558
-0.14999	 0.78327
-0.146657	 0.788807
-0.143324	 0.715437
-0.139991	 0.933952
-0.136658	 0.646066
-0.133324	 0.82954
-0.129991	 0.559487
-0.126658	 0.951538
-0.123325	 0.645169
-0.119992	 0.799816
-0.116659	 0.75034
-0.113326	 0.808018
-0.109993	 1.11779
-0.10666	 1.05398
-0.103326	 0.823625
-0.0999933	 0.748476
-0.0966602	 0.769228
-0.0933271	 0.629037
-0.089994	 0.736182
-0.0866609	 0.86467
-0.0833278	 0.87573
-0.0799947	 0.947465
-0.0766616	 0.994624
-0.0733284	 0.838745
-0.0699953	 0.605923
-0.0666622	 0.904391
-0.0633291	 0.915504
-0.059996	 0.650075
-0.0566629	 0.970418
-0.0533298	 0.767721
-0.0499967	 1.06082
-0.0466636	 1.10762
-0.0433304	 0.578801
-0.0399973	 0.972386
-0.0366642	 0.671853
-0.0333311	 0.62543
-0.029998	 0.924438
-0.0266649	 0.469413
-0.0233318	 0.854382
-0.0199987	 0.56382
-0.0166656	 0.957948
-0.0133324	 0.686594
-0.00999933	 0.948778
-0.00666622	 1.03917
-0.00333311	 0.0163458
0	 1
0.00333311	 0.798775
0.00666622	 1.17506
0.00999933	 0.582328
0.0133324	 0.931666
0.0166656	 0.701221
0.0199987	 0.674502
0.0233318	 0.942593
0.0266649	 1.12681
0.029998	 0.877364
0.0333311	 0.688368
0.0366642	 0.852919
0.0399973	 0.894041
0.0433304	 0.625422
0.0466636	 0.81562
0.0499967	 1.37828
0.0533298	 0.709798
0.0566629	 0.707249
0.059996	 0.806287
0.0633291	 0.983528
0.0666622	 0.957291
0.0699953	 1.2393
0.0733284	 0.925688
0.0766616	 0.773721
0.0799947	 0.540044
0.0833278	 0.955512
0.0866609	 1.083
0.089994	 0.516583
0.0933271	 0.877583
0.0966602	 0.580598
0.0999933	 0.701445
0.103326	 0.926297
0.10666	 0.621897
0.109993	 0.816877
0.113326	 0.527097
0.116659	 0.985792
0.119992	 0.779311
0.123325	 1.02216
0.126658	 0.875651
0.129991	 0.691059
0.133324	 0.69649
0.136658	 0.819477
0.139991	 0.623012
0.143324	 1.08246
0.146657	 0.737833
0.14999	 0.822069
0.153323	 0.825975
0.156656	 0.996042
0.159989	 0.808414
0.163322	 0.657521
0.166656	 0.609153
0.169989	 0.812743
0.173322	 0.776678
0.176655	 1.09131
0.179988	 0.79821
0.183321	 0.748991
0.186654	 0.531992
0.189987	 0.585659
0.19332	 0.629106
0.196654	 1.02842
0.199987	 0.759703
0.20332	 0.611622
0.206653	 1.07595
0.209986	 0.756458
0.213319	 0.861775
0.216652	 0.674373
0.219985	 0.975328
0.223318	 0.551537
0.226652	 0.488599
0.229985	 0.715188
0.233318	 0.90119
0.236651	 1.12519
0.239984	 1.21855
0.243317	 0.768543
0.24665	 0.792609
0.249983	 0.618144
0.253316	 1.1344
0.25665	 0.766884
0.259983	 0.829565
0.263316	 0.924216
0.266649	 0.629126
0.269982	 1.03215
0.273315	 0.799291
0.276648	 0.817327
0.279981	 0.751867
0.283314	 0.737095
0.286648	 0.825577
0.289981	 0.980314
0.293314	 0.870837
0.296647	 0.598157
0.29998	 0.703452
0.303313	 0.948372
0.306646	 0.65991
0.309979	 0.550941
0.313312	 0.638313
0.316646	 0.924631
0.319979	 0.923145
0.323312	 0.54364
0.326645	 0.602016
0.329978	 1.03402
0.333311	 0.67549
0.336644	 0.563944
0.339977	 0.75248
0.34331	 0.836953
0.346644	 0.659067
0.349977	 0.494265
0.35331	 0.706038
0.356643	 0.950539
0.359976	 0.768404
0.363309	 0.85689
0.366642	 0.543543
0.369975	 0.67313
0.373308	 0.532291
0.376642	 1.13943
0.379975	 0.851623
0.383308	 0.82176
0.386641	 0.982278
0.389974	 0.817493
0.393307	 1.04293
0.39664	 0.755816
0.399973	 0.585267
0.403306	 0.817763
0.40664	 0.546532
0.409973	 0.91809
0.413306	 0.670967
0.416639	 0.527028
0.419972	 0.859276
0.423305	 0.896184
0.426638	 0.656655
0.429971	 0.876465
0.433304	 0.637
0.436638	 0.883953
0.439971	 0.939965
0.443304	 0.872987
0.446637	 0.732186
0.44997	 0.444359
0.453303	 0.874533
0.456636	 1.02203
0.459969	 0.785776
0.463302	 0.568831
0.466636	 0.824751
0.469969	 0.636403
0.473302	 1.00581
0.476635	 0.928399
0.479968	 0.841067
0.483301	 1.1055
0.486634	 0.867393
0.489967	 0.715944
0.4933	 0.917732
0.496634	 0.784176
0.499967	 0.663804
0.5033	 0.874794
0.506633	 0.916739
0.509966	 0.693971
0.513299	 0.717534
0.516632	 0.980149
0.519965	 0.983799
0.523298	 0.882354
0.526632	 0.886311
0.529965	 0.688678
0.533298	 0.718319
0.536631	 0.970366
0.539964	 0.396699
0.543297	 0.84104
0.54663	 0.586482
0.549963	 0.672586
0.553296	 0.754457
0.55663	 0.724675
0.559963	 0.74761
0.563296	 0.94631
0.566629	 1.0435
0.569962	 0.839824
0.573295	 0.773908
0.576628	 0.635678
0.579961	 0.414635
0.583294	 0.846002
0.586628	 0.879787
0.589961	 0.820246
0.593294	 0.686381
0.596627	 0.993697
0.59996	 0.645128
0.603293	 0.799198
0.606626	 0.941709
0.609959	 0.801181
0.613292	 0.679997
0.616626	 0.545174
0.619959	 0.663593
0.623292	 0.537876
0.626625	 0.793952
0.629958	 0.836355
0.633291	 0.821059
0.636624	 1.1413
0.639957	 0.814666
0.64329	 0.876819
0.646624	 0.536292
0.649957	 0.539368
0.65329	 0.985136
0.656623	 1.08015
0.659956	 0.775233
0.663289	 0.788989
0.666622	 0.848765
0.669955	 0.87377
0.673288	 0.577409
0.676622	 0.66879
0.679955	 0.993534
0.683288	 0.766914
0.686621	 0.753771
0.689954	 0.978173
0.693287	 0.850763
0.69662	 0.640585
0.699953	 0.637209
0.703286	 0.685395
0.70662	 1.21853
0.709953	 0.840122
0.713286	 0.434904
0.716619	 0.751928
0.719952	 1.03606
0.723285	 0.752463
0.726618	 0.803424
0.729951	 0.960218
0.733284	 0.997016
0.736618	 0.827277
0.739951	 0.678316
0.743284	 0.902303
0.746617	 0.620521
0.74995	 0.935872
0.753283	 0.598926
0.756616	 0.915365
0.759949	 0.761177
0.763282	 0.518787
0.766616	 0.785915
0.769949	 1.17825
0.773282	 0.890135
0.776615	 0.772091
0.779948	 0.522068
0.783281	 1.14881
0.786614	 0.560108
0.789947	 0.880241
0.79328	 0.867743
0.796614	 0.866992
0.799947	 0.70641
0.80328	 0.739655
0.806613	 0.792685
0.809946	 1.08685
0.813279	 0.8988
0.816612	 0.864225
0.819945	 0.935774
0.823278	 0.870386
0.826612	 1.01745
0.829945	 0.942904
0.833278	 0.62134
0.836611	 0.533338
0.839944	 0.445579
0.843277	 0.786378
0.84661	 1.03087
0.849943	 0.87759
0.853276	 0.90212
0.85661	 0.703862
0.859943	 0.583444
0.863276	 0.998574
0.866609	 0.796992
0.869942	 0.626514
0.873275	 0.607802
0.876608	 0.962768
0.879941	 0.760147
0.883274	 0.656028
0.886608	 0.772398
0.889941	 0.715199
0.893274	 0.777124
0.896607	 0.87102
0.89994	 0.812963
0.903273	 0.660466
0.906606	 0.915881
0.909939	 0.938758
0.913272	 0.786172
0.916606	 0.89339
0.919939	 0.728297
0.923272	 0.526888
0.926605	 0.868327
0.929938	 0.668629
0.933271	 1.06608
0.936604	 0.862541
0.939937	 0.718008
0.94327	 0.624422
0.946604	 0.759137
0.949937	 0.900662
0.95327	 0.784741
0.956603	 1.01177
0.959936	 1.13223
0.963269	 1.00211
0.966602	 0.832796
0.969935	 0.860745
0.973268	 0.868362
0.976602	 0.784961
0.979935	 0.8112
0.983268	 0.53013
0.986601	 0.751404
0.989934	 0.675371
0.993267	 0.61876
0.9966	 0.869445
0.999933	 0.81795
1.00327	 0.669663
1.0066	 0.656599
1.00993	 1.07378
1.01327	 0.680546
1.0166	 0.664387
1.01993	 0.695946
1.02327	 0.730354
1.0266	 0.859128
1.02993	 0.796368
1.03326	 0.721832
1.0366	 0.56473
1.03993	 0.589821
1.04326	 0.952947
1.0466	 0.742155
1.04993	 0.747963
1.05326	 0.616979
1.0566	 0.901634
1.05993	 0.66315
1.06326	 0.918032
1.0666	 0.940945
1.06993	 1.09793
1.07326	 0.665091
1.07659	 0.871311
1.07993	 0.838871
1.08326	 0.823192
1.08659	 0.898823
1.08993	 0.760397
1.09326	 0.652351
1.09659	 0.66682
1.09993	 0.926029
1.10326	 0.519003
1.10659	 0.8303
1.10993	 0.887499
1.11326	 0.654386
1.11659	 0.877575
1.11993	 0.962052
1.12326	 0.749185
1.12659	 0.653476
1.12992	 0.806134
1.13326	 1.08593
1.13659	 0.808012
1.13992	 1.13592
1.14326	 0.612641
1.14659	 0.827664
1.14992	 0.653661
1.15326	 0.802971
1.15659	 0.929948
1.15992	 0.717311
1.16326	 0.906595
1.16659	 0.969303
1.16992	 0.712578
1.17326	 0.916553
1.17659	 1.12273
1.17992	 0.871998
1.18325	 0.606283
1.18659	 0.619448
1.18992	 0.591153
1.19325	 0.781206
1.19659	 0.84914
1.19992	 0.905737
1.20325	 0.816722
1.20659	 0.433914
1.20992	 0.644567
1.21325	 0.685648
1.21659	 0.529062
1.21992	 0.527928
1.22325	 0.7794
1.22658	 1.04292
1.22992	 0.975315
1.23325	 0.664774
1.23658	 0.848479
1.23992	 0.912658
1.24325	 0.906954
1.24658	 0.9936
1.24992	 0.80647
1.25325	 0.58159
1.25658	 0.79617
1.25992	 0.461834
1.26325	 0.700008
1.26658	 1.00876
1.26992	 0.823754
1.27325	 0.764356
1.27658	 0.479572
1.27991	 0.93495
1.28325	 0.792709
1.28658	 0.717863
1.28991	 0.569497
1.29325	 0.71004
1.29658	 0.584945
1.29991	 1.0625
1.30325	 0.566446
1.30658	 0.710061
1.30991	 0.65003
1.31325	 0.813986
1.31658	 0.406041
1.31991	 0.745375
1.32325	 0.872972
1.32658	 0.771095
1.32991	 0.78914
1.33324	 0.752998
1.33658	 0.851707
1.33991	 0.657248
1.34324	 0.82479
1.34658	 0.449485
1.34991	 0.95058
1.35324	 0.765843
1.35658	 0.698498
1.35991	 0.500705
1.36324	 0.747304
1.36658	 0.535001
1.36991	 0.661588
1.37324	 0.756901
1.37657	 0.759516
1.37991	 0.451718
1.38324	 0.478217
1.38657	 0.774872
1.38991	 0.672689
1.39324	 0.532341
1.39657	 0.98877
1.39991	 0.774698
1.40324	 0.772833
1.40657	 0.908175
1.40991	 0.982099
1.41324	 0.475159
1.41657	 0.76499
1.41991	 0.85823
1.42324	 0.690868
1.42657	 0.738488
1.4299	 0.499288
1.43324	 0.957515
1.43657	 0.768591
1.4399	 0.910172
1.44324	 0.663668
1.44657	 1.02077
1.4499	 0.616133
1.45324	 0.776142
1.45657	 0.659553
1.4599	 0.485212
1.46324	 0.901643
1.46657	 0.766159
1.4699	 0.948876
1.47324	 0.830045
1.47657	 0.813073
1.4799	 0.57874
1.48323	 0.515355
1.48657	 0.804962
1.4899	 1.23068
1.49323	 0.950815
1.49657	 0.622338
1.4999	 0.48661
1.50323	 0.916719
1.50657	 0.657848
1.5099	 0.604978
1.51323	 0.593364
1.51657	 0.898242
1.5199	 0.781873
1.52323	 0.806726
1.52656	 0.494513
1.5299	 0.772897
1.53323	 0.743214
1.53656	 0.716626
1.5399	 0.45955
1.54323	 0.46623
1.54656	 0.658693
1.5499	 0.487092
1.55323	 0.595936
1.55656	 0.696296
1.5599	 1.01311
1.56323	 0.814328
1.56656	 0.373111
1.5699	 0.937372
1.57323	 0.618448
1.57656	 0.778714
1.57989	 0.911299
1.58323	 0.549842
1.58656	 0.843763
1.58989	 0.63248
1.59323	 0.624387
1.59656	 0.766066
1.59989	 0.998659
1.60323	 0.508033
1.60656	 0.753714
1.60989	 0.854469
1.61323	 0.700735
1.61656	 0.884027
1.61989	 1.13115
1.62323	 0.603778
1.62656	 0.523861
1.62989	 0.861529
1.63322	 0.619013
1.63656	 1.01319
1.63989	 0.318851
1.64322	 0.566448
1.64656	 0.723529
1.64989	 0.774455
1.65322	 0.326931
1.65656	 0.7684
1.65989	 0.651181
1.66322	 0.726491
1.66656	 0.582405
1.66989	 0.828926
1.67322	 0.597924
1.67655	 0.715963
1.67989	 0.786936
1.68322	 0.869029
1.68655	 0.672273
1.68989	 0.620931
1.69322	 0.703085
1.69655	 0.823397
1.69989	 0.558881
1.70322	 0.877638
1.70655	 0.691376
1.70989	 0.656411
1.71322	 0.698029
1.71655	 0.630002
1.71989	 0.383629
1.72322	 0.669344
1.72655	 0.653932
1.72988	 0.903823
1.73322	 0.936691
1.73655	 0.798237
1.73988	 0.910926
1.74322	 0.942222
1.74655	 0.70861
1.74988	 0.717487
1.75322	 0.456137
1.75655	 0.876641
1.75988	 0.716889
1.76322	 0.599685
1.76655	 0.674446
1.76988	 0.67254
1.77322	 0.676514
1.77655	 0.417447
1.77988	 0.565033
1.78321	 0.69702
1.78655	 0.684311
1.78988	 0.665674
1.79321	 0.695489
1.79655	 0.703255
1.79988	 0.737565
1.80321	 0.602117
1.80655	 0.745409
1.80988	 0.686385
1.81321	 0.843209
1.81655	 0.564401
1.81988	 0.614538
1.82321	 0.762332
1.82654	 0.791291
1.82988	 0.476761
1.83321	 0.732497
1.83654	 0.730622
1.83988	 0.564655
1.84321	 0.689015
1.84654	 0.749711
1.84988	 0.593235
1.85321	 0.832052
1.85654	 0.804425
1.85988	 0.514061
1.86321	 0.766308
1.86654	 0.906556
1.86988	 0.724681
1.87321	 0.70312
1.87654	 0.719637
1.87987	 0.440818
1.88321	 0.758796
1.88654	 0.560663
1.88987	 0.717527
1.89321	 0.892855
1.89654	 0.956591
1.89987	 0.853478
1.90321	 0.712287
1.90654	 0.818722
1.90987	 0.565696
1.91321	 0.875911
1.91654	 0.439186
1.91987	 0.61759
1.92321	 0.663123
1.92654	 0.523064
1.92987	 0.683934
1.9332	 0.571892
1.93654	 0.502873
1.93987	 0.842495
1.9432	 0.875211
1.94654	 0.711671
1.94987	 0.775634
1.9532	 0.973906
1.95654	 0.559523
1.95987	 0.765464
1.9632	 0.633021
1.96654	 0.663493
1.96987	 0.69257
1.9732	 0.777838
1.97653	 0.4253
1.97987	 0.682854
1.9832	 0.743555
1.98653	 0.741508
1.98987	 0.711013
1.9932	 0.903517
1.99653	 0.594016
1.99987	 0.781293
2.0032	 0.997507
2.00653	 0.833806
2.00987	 0.707233
2.0132	 1.03965
2.01653	 0.621552
2.01987	 0.899787
2.0232	 0.648201
2.02653	 0.919846
2.02986	 0.498746
2.0332	 0.634149
2.03653	 0.776652
2.03986	 0.666028
2.0432	 0.597094
2.04653	 0.703356
2.04986	 0.705608
2.0532	 0.545732
2.05653	 0.593841
2.05986	 0.781717
2.0632	 0.904867
2.06653	 0.660977
2.06986	 0.552121
2.0732	 0.712536
2.07653	 0.808487
2.07986	 1.09086
2.08319	 0.631015
2.08653	 0.682233
2.08986	 0.818853
2.09319	 0.788467
2.09653	 1.12704
2.09986	 0.589551
2.10319	 0.579571
2.10653	 0.973317
2.10986	 0.790073
2.11319	 0.536702
2.11653	 0.487246
2.11986	 0.685783
2.12319	 0.521707
2.12652	 0.704464
2.12986	 0.801124
2.13319	 1.0453
2.13652	 0.793983
2.13986	 0.625298
2.14319	 0.73163
2.14652	 0.610944
2.14986	 0.758501
2.15319	 0.876834
2.15652	 0.641588
2.15986	 0.590479
2.16319	 0.673056
2.16652	 0.804496
2.16986	 0.546749
2.17319	 0.68717
2.17652	 0.711648
2.17985	 0.751345
2.18319	 0.716996
2.18652	 0.555581
2.18985	 0.903496
2.19319	 0.53099
2.19652	 0.578647
2.19985	 0.659108
2.20319	 0.626359
2.20652	 0.892438
2.20985	 0.580547
2.21319	 0.707418
2.21652	 0.675552
2.21985	 0.717493
2.22319	 0.722007
2.22652	 0.514887
2.22985	 0.673876
2.23318	 0.948453
2.23652	 0.735229
2.23985	 0.494245
2.24318	 0.716511
2.24652	 0.71751
2.24985	 0.759936
2.25318	 0.937399
2.25652	 0.393154
2.25985	 0.884351
2.26318	 0.742786
2.26652	 0.689607
2.26985	 0.847062
2.27318	 0.54327
2.27651	 0.803349
2.27985	 0.544098
2.28318	 0.437093
2.28651	 0.596859
2.28985	 0.618248
2.29318	 0.473383
2.29651	 0.560576
2.29985	 0.811213
2.30318	 0.567637
2.30651	 0.676313
2.30985	 0.283622
2.31318	 0.504716
2.31651	 0.674049
2.31985	 0.6523
2.32318	 0.831117
2.32651	 0.844109
2.32984	 0.638968
2.33318	 0.788587
2.33651	 0.906304
2.33984	 0.637202
2.34318	 0.666407
2.34651	 0.485801
2.34984	 0.669178
2.35318	 0.645679
2.35651	 0.63273
2.35984	 0.644273
2.36318	 0.697656
2.36651	 0.65732
2.36984	 0.947825
2.37318	 0.896413
2.37651	 0.649666
2.37984	 0.499094
2.38317	 0.562378
2.38651	 0.64123
2.38984	 0.841949
2.39317	 0.728264
2.39651	 0.628935
2.39984	 0.700574
2.40317	 0.697274
2.40651	 0.529345
2.40984	 0.880705
2.41317	 0.621199
2.41651	 0.688924
2.41984	 0.83884
2.42317	 0.465771
2.4265	 0.585125
2.42984	 0.85353
2.43317	 0.729826
2.4365	 0.921291
2.43984	 0.923484
2.44317	 0.738541
2.4465	 0.910041
2.44984	 0.890994
2.45317	 0.655766
2.4565	 0.678542
2.45984	 0.779216
2.46317	 0.504942
2.4665	 0.478204
2.46984	 0.63246
2.47317	 0.670714
2.4765	 0.356946
2.47983	 0.525086
2.48317	 0.575977
2.4865	 0.498452
2.48983	 0.333165
2.49317	 1.03015
2.4965	 0.757442
2.49983	 0.636044
2.50317	 0.676236
2.5065	 0.487201
2.50983	 0.622511
2.51317	 0.638578
2.5165	 0.740902
2.51983	 0.363997
2.52317	 0.684807
2.5265	 0.700541
2.52983	 0.670678
2.53316	 0.765829
2.5365	 0.610515
2.53983	 0.69967
2.54316	 0.676747
2.5465	 0.783265
2.54983	 0.699342
2.55316	 0.516356
2.5565	 0.940312
2.55983	 0.611744
2.56316	 0.593819
2.5665	 0.65542
2.56983	 0.683115
2.57316	 0.73971
2.57649	 0.951972
2.57983	 0.80322
2.58316	 0.769997
2.58649	 0.585885
2.58983	 0.774599
2.59316	 0.628671
2.59649	 0.581051
2.59983	 0.72002
2.60316	 0.627636
2.60649	 0.8971
2.60983	 0.67971
2.61316	 0.868704
2.61649	 0.804027
2.61983	 0.553028
2.62316	 0.832241
2.62649	 0.566617
2.62982	 0.629608
2.63316	 0.637003
2.63649	 0.49709
2.63982	 0.67901
2.64316	 0.514781
2.64649	 0.458334
2.64982	 0.687003
2.65316	 0.464376
2.65649	 0.794142
2.65982	 0.528788
2.66316	 0.566322
2.66649	 0.438741
2.66982	 0.564698
2.67316	 0.584996
2.67649	 0.629637
2.67982	 0.560402
2.68315	 0.706934
2.68649	 0.692812
2.68982	 0.568022
2.69315	 0.624927
2.69649	 0.561997
2.69982	 0.652895
2.70315	 0.432483
2.70649	 0.66322
2.70982	 0.600172
2.71315	 0.83787
2.71649	 0.724576
2.71982	 0.603284
2.72315	 0.894687
2.72648	 0.633671
2.72982	 0.77518
2.73315	 0.65737
2.73648	 0.583954
2.73982	 0.602618
2.74315	 0.656435
2.74648	 0.868273
2.74982	 0.578857
2.75315	 0.817356
2.75648	 0.778665
2.75982	 0.644328
2.76315	 0.511109
2.76648	 0.730239
2.76982	 0.841848
2.77315	 0.585941
2.77648	 0.376837
2.77981	 0.635367
2.78315	 1.0132
2.78648	 0.494359
2.78981	 0.506852
2.79315	 0.461912
2.79648	 0.740761
2.79981	 0.73945
2.80315	 0.782
2.80648	 0.659341
2.80981	 0.605598
2.81315	 0.521406
2.81648	 0.733869
2.81981	 0.660931
2.82315	 0.763436
2.82648	 0.445022
2.82981	 0.42709
2.83314	 0.499458
2.83648	 0.428301
2.83981	 0.594438
2.84314	 0.486846
2.84648	 0.524238
2.84981	 0.575398
2.85314	 0.701885
2.85648	 0.657079
2.85981	 0.731959
2.86314	 0.419475
2.86648	 0.710208
2.86981	 0.595565
2.87314	 0.668633
2.87647	 0.58326
2.87981	 0.716521
2.88314	 0.901119
2.88647	 0.582243
2.88981	 0.553869
2.89314	 0.52445
2.89647	 0.627195
2.89981	 0.655397
2.90314	 0.575361
2.90647	 0.456402
2.90981	 0.660256
2.91314	 0.596978
2.91647	 0.671078
2.91981	 0.544151
2.92314	 0.551751
2.92647	 0.588658
2.9298	 0.691742
2.93314	 0.378381
2.93647	 0.426939
2.9398	 0.690135
2.94314	 0.552717
2.94647	 0.69441
2.9498	 0.6805
2.95314	 0.818497
2.95647	 0.594608
2.9598	 0.569454
2.96314	 0.583249
2.96647	 0.685135
2.9698	 0.637099
2.97314	 0.504041
2.97647	 0.602564
2.9798	 0.373605
2.98313	 0.552548
2.98647	 0.740394
2.9898	 0.671063
2.99313	 0.486129
2.99647	 0.542567
2.9998	 0.73706
3.00313	 0.577459
3.00647	 0.58842
3.0098	 0.701689
3.01313	 0.614253
3.01647	 0.550208
3.0198	 0.427985
3.02313	 0.638591
3.02646	 0.591946
3.0298	 0.471295
3.03313	 0.747522
3.03646	 0.645621
3.0398	 0.590157
3.04313	 0.644539
3.04646	 0.655231
3.0498	 0.814049
3.05313	 0.555975
3.05646	 0.377462
3.0598	 0.638721
3.06313	 0.620656
3.06646	 0.802939
3.0698	 0.448454
3.07313	 0.821167
3.07646	 0.552395
3.07979	 0.614146
3.08313	 0.614415
3.08646	 0.591509
3.08979	 0.641077
3.09313	 0.63817
3.09646	 0.357501
3.09979	 0.378399
3.10313	 0.501304
3.10646	 0.504934
3.10979	 0.78167
3.11313	 0.495659
3.11646	 0.616949
3.11979	 0.517266
3.12313	 0.451311
3.12646	 0.676509
3.12979	 0.344699
3.13312	 0.659217
3.13646	 0.509045
3.13979	 0.523947
3.14312	 0.465601
3.14646	 0.503835
3.14979	 0.602346
3.15312	 0.724934
3.15646	 0.549273
3.15979	 0.675642
3.16312	 0.672249
3.16646	 0.597305
3.16979	 0.479928
3.17312	 0.591392
3.17645	 0.511849
3.17979	 0.622067
3.18312	 0.461394
3.18645	 0.788488
3.18979	 0.622711
3.19312	 0.436448
3.19645	 0.690291
3.19979	 0.737796
3.20312	 0.530977
3.20645	 0.685649
3.20979	 0.62699
3.21312	 0.700454
3.21645	 0.582113
3.21979	 0.449978
3.22312	 0.384948
3.22645	 0.823142
3.22978	 0.606518
3.23312	 0.596766
3.23645	 0.707354
3.23978	 0.497206
3.24312	 0.503138
3.24645	 0.452452
3.24978	 0.462196
3.25312	 0.542031
3.25645	 0.574798
3.25978	 0.618844
3.26312	 0.562757
3.26645	 0.541005
3.26978	 0.527902
3.27312	 0.53359
3.27645	 0.79067
3.27978	 0.557905
3.28311	 0.642074
3.28645	 0.405223
3.28978	 0.487568
3.29311	 0.646888
3.29645	 0.583522
3.29978	 0.568321
3.30311	 0.382556
3.30645	 0.693919
3.30978	 0.523686
3.31311	 0.653066
3.31645	 0.613966
3.31978	 0.50177
3.32311	 0.423292
3.32644	 0.436229
3.32978	 0.53153
3.33311	 0.543234
3.33644	 0.596277
3.33978	 0.647475
3.34311	 0.36077
3.34644	 0.65154
3.34978	 0.602039
3.35311	 0.613444
3.35644	 0.723665
3.35978	 0.58871
3.36311	 0.756659
3.36644	 0.49906
3.36978	 0.450834
3.37311	 0.591898
3.37644	 0.355365
3.37977	 0.53713
3.38311	 0.759676
3.38644	 0.484981
3.38977	 0.571319
3.39311	 0.413368
3.39644	 0.697633
3.39977	 0.659648
3.40311	 0.583828
3.40644	 0.564016
3.40977	 0.759798
3.41311	 0.506533
3.41644	 0.715415
3.41977	 0.517348
3.42311	 0.667945
3.42644	 0.433039
3.42977	 0.775096
3.4331	 0.583663
3.43644	 0.654442
3.43977	 0.496214
3.4431	 0.70063
3.44644	 0.595103
3.44977	 0.530123
3.4531	 0.402283
3.45644	 0.448603
3.45977	 0.459516
3.4631	 0.383393
3.46644	 0.418315
3.46977	 0.828265
3.4731	 0.311701
3.47643	 0.387338
3.47977	 0.632177
3.4831	 0.701173
3.48643	 0.516683
3.48977	 0.643672
3.4931	 0.507126
3.49643	 0.405114
3.49977	 0.728404
3.5031	 0.520171
3.50643	 0.657683
3.50977	 0.675705
3.5131	 0.509329
3.51643	 0.515163
3.51977	 0.409201
3.5231	 0.550711
3.52643	 0.655039
3.52976	 0.718515
3.5331	 0.669153
3.53643	 0.606218
3.53976	 0.894875
3.5431	 0.834004
3.54643	 0.6303
3.54976	 0.461935
3.5531	 0.367454
3.55643	 0.612451
3.55976	 0.526171
3.5631	 0.421336
3.56643	 0.560405
3.56976	 0.572113
3.5731	 0.52746
3.57643	 0.477637
3.57976	 0.624198
3.58309	 0.558967
3.58643	 0.421045
3.58976	 0.719209
3.59309	 0.420709
3.59643	 0.448274
3.59976	 0.762565
3.60309	 0.507873
3.60643	 0.707139
3.60976	 0.452569
3.61309	 0.650274
3.61643	 0.728183
3.61976	 0.388788
3.62309	 0.588893
3.62642	 0.414855
3.62976	 0.578437
3.63309	 0.487546
3.63642	 0.710919
3.63976	 0.711835
3.64309	 0.429891
3.64642	 0.598565
3.64976	 0.466526
3.65309	 0.559592
3.65642	 0.551067
3.65976	 0.762776
3.66309	 0.458744
3.66642	 0.45285
3.66976	 0.490817
3.67309	 0.687966
3.67642	 0.534818
3.67975	 0.402518
3.68309	 0.731734
3.68642	 0.567018
3.68975	 0.80726
3.69309	 0.550786
3.69642	 0.43923
3.69975	 0.717609
3.70309	 0.719248
3.70642	 0.454778
3.70975	 0.649747
3.71309	 0.464735
3.71642	 0.498079
3.71975	 0.536288
3.72309	 0.401023
3.72642	 0.624779
3.72975	 0.567639
3.73308	 0.723774
3.73642	 0.396375
3.73975	 0.622377
3.74308	 0.695947
3.74642	 0.627868
3.74975	 0.505416
3.75308	 0.646923
3.75642	 0.601802
3.75975	 0.336657
3.76308	 0.594511
3.76642	 0.458279
3.76975	 0.633576
3.77308	 0.496572
3.77641	 0.613135
3.77975	 0.427391
3.78308	 0.62486
3.78641	 0.472287
3.78975	 0.740379
3.79308	 0.58399
3.79641	 0.4966
3.79975	 0.6495
3.80308	 0.487394
3.80641	 0.602902
3.80975	 0.528932
3.81308	 0.377451
3.81641	 0.292779
3.81975	 0.600689
3.82308	 0.500719
3.82641	 0.479667
3.82974	 0.639376
3.83308	 0.673958
3.83641	 0.454261
3.83974	 0.570875
3.84308	 0.572762
3.84641	 0.474605
3.84974	 0.55729
3.85308	 0.69586
3.85641	 0.727992
3.85974	 0.664582
3.86308	 0.486598
3.86641	 0.636643
3.86974	 0.38881
3.87308	 0.45649
3.87641	 0.553523
3.87974	 0.568867
3.88307	 0.523205
3.88641	 0.59066
3.88974	 0.465455
3.89307	 0.335478
3.89641	 0.629747
3.89974	 0.588028
3.90307	 0.534749
3.90641	 0.460457
3.90974	 0.503184
3.91307	 0.57961
3.91641	 0.574665
3.91974	 0.702195
3.92307	 0.641021
3.9264	 0.543933
3.92974	 0.659398
3.93307	 0.49826
3.9364	 0.459828
3.93974	 0.777971
3.94307	 0.386123
3.9464	 0.632933
3.94974	 0.403859
3.95307	 0.747812
3.9564	 0.73541
3.95974	 0.37735
3.96307	 0.553819
3.9664	 0.450766
3.96974	 0.599711
3.97307	 0.559021
3.9764	 0.49571
3.97973	 0.674903
3.98307	 0.678111
3.9864	 0.444834
3.98973	 0.40252
3.99307	 0.533171
3.9964	 0.337864
3.99973	 0.524001
4.00307	 0.346146
4.0064	 0.48113
4.00973	 0.510394
4.01307	 0.518392
4.0164	 0.51892
4.01973	 0.548217
4.02307	 0.674517
4.0264	 0.523976
4.02973	 0.648489
4.03306	 0.38833
4.0364	 0.571905
4.03973	 0.672185
4.04306	 0.699617
4.0464	 0.716524
4.04973	 0.687688
4.05306	 0.421958
4.0564	 0.579778
4.05973	 0.649347
4.06306	 0.449002
4.0664	 0.398844
4.06973	 0.54898
4.07306	 0.483065
4.07639	 0.445743
4.07973	 0.369419
4.08306	 0.554013
4.08639	 0.263724
4.08973	 0.414638
4.09306	 0.587195
4.09639	 0.531854
4.09973	 0.655918
4.10306	 0.514083
4.10639	 0.386545
4.10973	 0.588452
4.11306	 0.686137
4.11639	 0.462761
4.11973	 0.537876
4.12306	 0.592837
4.12639	 0.523505
4.12972	 0.514101
4.13306	 0.365935
4.13639	 0.381764
4.13972	 0.372383
4.14306	 0.50794
4.14639	 0.566023
4.14972	 0.476208
4.15306	 0.654274
4.15639	 0.452569
4.15972	 0.579755
4.16306	 0.467582
4.16639	 0.460358
4.16972	 0.540704
4.17306	 0.545533
4.17639	 0.428724
4.17972	 0.505061
4.18305	 0.58197
4.18639	 0.273612
4.18972	 0.563239
4.19305	 0.435883
4.19639	 0.495128
4.19972	 0.434607
4.20305	 0.481488
4.20639	 0.62213
4.20972	 0.395695
4.21305	 0.386689
4.21639	 0.352229
4.21972	 0.694863
4.22305	 0.545709
4.22638	 0.514923
4.22972	 0.455871
4.23305	 0.439968
4.23638	 0.602218
4.23972	 0.365795
4.24305	 0.498858
4.24638	 0.665899
4.24972	 0.703298
4.25305	 0.489393
4.25638	 0.441344
4.25972	 0.488612
4.26305	 0.615867
4.26638	 0.549693
4.26972	 0.576887
4.27305	 0.694197
4.27638	 0.571246
4.27971	 0.572048
4.28305	 0.364066
4.28638	 0.586807
4.28971	 0.392581
4.29305	 0.583159
4.29638	 0.584339
4.29971	 0.443628
4.30305	 0.687562
4.30638	 0.340024
4.30971	 0.56009
4.31305	 0.549497
4.31638	 0.483639
4.31971	 0.755301
4.32305	 0.468905
4.32638	 0.480106
4.32971	 0.529699
4.33304	 0.544034
4.33638	 0.475703
4.33971	 0.570503
4.34304	 0.462215
4.34638	 0.374597
4.34971	 0.374724
4.35304	 0.658105
4.35638	 0.583611
4.35971	 0.45241
4.36304	 0.503012
4.36638	 0.465733
4.36971	 0.505811
4.37304	 0.454047
4.37637	 0.540705
4.37971	 0.368047
4.38304	 0.506123
4.38637	 0.486938
4.38971	 0.679562
4.39304	 0.404385
4.39637	 0.623478
4.39971	 0.48523
4.40304	 0.418417
4.40637	 0.649274
4.40971	 0.606286
4.41304	 0.549332
4.41637	 0.396561
4.41971	 0.445791
4.42304	 0.534413
4.42637	 0.445368
4.4297	 0.614615
4.43304	 0.60107
4.43637	 0.753888
4.4397	 0.44256
4.44304	 0.529249
4.44637	 0.457972
4.4497	 0.447059
4.45304	 0.452094
4.45637	 0.547827
4.4597	 0.544757
4.46304	 0.540856
4.46637	 0.542565
4.4697	 0.464255
4.47304	 0.458498
4.47637	 0.710868
4.4797	 0.53062
4.48303	 0.547926
4.48637	 0.354918
4.4897	 0.467459
4.49303	 0.399628
4.49637	 0.494554
4.4997	 0.454953
4.50303	 0.544597
4.50637	 0.515749
4.5097	 0.514434
4.51303	 0.466859
4.51637	 0.623478
4.5197	 0.461525
4.52303	 0.554103
4.52636	 0.584362
4.5297	 0.755074
4.53303	 0.441452
4.53636	 0.5256
4.5397	 0.608466
4.54303	 0.615664
4.54636	 0.371492
4.5497	 0.574704
4.55303	 0.511378
4.55636	 0.624545
4.5597	 0.501938
4.56303	 0.552368
4.56636	 0.618152
4.5697	 0.634756
4.57303	 0.394398
4.57636	 0.575449
4.57969	 0.542415
4.58303	 0.4623
4.58636	 0.347177
4.58969	 0.426289
4.59303	 0.409829
4.59636	 0.566859
4.59969	 0.562664
4.60303	 0.476892
4.60636	 0.458768
4.60969	 0.549944
4.61303	 0.520916
4.61636	 0.500603
4.61969	 0.428654
4.62303	 0.549774
4.62636	 0.478429
4.62969	 0.439105
4.63302	 0.624603
4.63636	 0.519548
4.63969	 0.564243
4.64302	 0.463223
4.64636	 0.685152
4.64969	 0.677978
4.65302	 0.511515
4.65636	 0.340097
4.65969	 0.366747
4.66302	 0.513532
4.66636	 0.420373
4.66969	 0.308778
4.67302	 0.496341
4.67635	 0.649331
4.67969	 0.339734
4.68302	 0.281453
4.68635	 0.477623
4.68969	 0.487255
4.69302	 0.530108
4.69635	 0.496529
4.69969	 0.490344
4.70302	 0.382519
4.70635	 0.403026
4.70969	 0.398359
4.71302	 0.523977
4.71635	 0.496063
4.71969	 0.552189
4.72302	 0.582924
4.72635	 0.575649
4.72968	 0.414159
4.73302	 0.402184
4.73635	 0.372052
4.73968	 0.567303
4.74302	 0.387777
4.74635	 0.625461
4.74968	 0.543283
4.75302	 0.470682
4.75635	 0.481918
4.75968	 0.581249
4.76302	 0.46207
4.76635	 0.6885
4.76968	 0.545913
4.77302	 0.492507
4.77635	 0.461013
4.77968	 0.515753
4.78301	 0.393068
4.78635	 0.479766
4.78968	 0.350762
4.79301	 0.518198
4.79635	 0.345581
4.79968	 0.38557
4.80301	 0.565205
4.80635	 0.366282
4.80968	 0.448843
4.81301	 0.503616
4.81635	 0.332387
4.81968	 0.706042
4.82301	 0.394659
4.82634	 0.473813
4.82968	 0.426004
4.83301	 0.380107
4.83634	 0.401466
4.83968	 0.589947
4.84301	 0.518908
4.84634	 0.477341
4.84968	 0.364449
4.85301	 0.375234
4.85634	 0.602918
4.85968	 0.303114
4.86301	 0.298946
4.86634	 0.579545
4.86968	 0.394135
4.87301	 0.554876
4.87634	 0.502621
4.87967	 0.461609
4.88301	 0.464014
4.88634	 0.436486
4.88967	 0.63983
4.89301	 0.350308
4.89634	 0.55737
4.89967	 0.424937
4.90301	 0.55097
4.90634	 0.468508
4.90967	 0.365091
4.91301	 0.464113
4.91634	 0.434219
4.91967	 0.490795
4.92301	 0.420494
4.92634	 0.507115
4.92967	 0.523051
4.933	 0.449384
4.93634	 0.6046
4.93967	 0.471754
4.943	 0.464486
4.94634	 0.475351
4.94967	 0.32167
4.953	 0.439172
4.95634	 0.414678
4.95967	 0.489148
4.963	 0.495399
4.96634	 0.398768
4.96967	 0.440549
4.973	 0.438628
4.97633	 0.467891
4.97967	 0.409827
4.983	 0.329052
4.98633	 0.592531
4.98967	 0.484693
4.993	 0.457593
4.99633	 0.492797
