#Time [1ns] 	 Re(Es) 	 Im(Es) 	 |Es|^2 	 rho 	 w
0	-3665.18899	1805.7953	-19043.992	14154.7953	0.552213067	2.01559725e+13
1e-11	-3402.72051	1975.58911	-19309.8326	10852.5116	0.552909241	2.03986808e+13
2e-11	-2143.22808	446.139419	-20142.748	11246.4621	0.553828727	2.06197821e+13
3e-11	-2571.13997	544.918361	-21821.5355	12448.1338	0.554261881	2.08211454e+13
4e-11	-2017.68034	424.903868	-21188.7424	12440.0478	0.554590833	2.1004084e+13
5e-11	-2342.29694	1482.4209	-19384.0544	11671.6954	0.555144859	2.11704733e+13
6e-11	-724.791747	711.62627	-20739.0012	10641.5296	0.555868042	2.13222573e+13
7e-11	-507.158645	581.684646	-20562.1513	12768.5208	0.556385994	2.14607515e+13
8e-11	-247.937048	1445.57572	-21550.8167	11822.8438	0.556758886	2.15869527e+13
9e-11	510.339992	430.412351	-22007.336	14168.5114	0.557026693	2.17017984e+13
1e-10	133.463436	-10.077121	-23536.5635	14402.4047	0.556554983	2.18058455e+13
1.1e-10	-158.353613	328.418513	-27013.9915	15464.4097	0.555528907	2.1899194e+13
1.2e-10	-2225.72984	-694.864688	-26105.9379	14578.8932	0.554370609	2.19819862e+13
1.3e-10	-1410.56346	-120.555478	-25351.709	15073.3024	0.553512749	2.20555678e+13
1.4e-10	-1377.30236	766.776882	-24528.2098	14837.7657	0.553155934	2.21213127e+13
1.5e-10	-2029.66894	1090.57651	-24383.727	12870.9352	0.553174059	2.21805791e+13
1.6e-10	-3294.36165	1840.3312	-24374.6498	11619.2889	0.553465124	2.22345433e+13
1.7e-10	-1698.86424	1480.06215	-26381.2109	12204.5939	0.553486475	2.22838003e+13
1.8e-10	-2494.60362	3695.86762	-25679.9115	11708.8852	0.553243509	2.23281873e+13
1.9e-10	-3106.41467	2233.50396	-25066.338	13453.5761	0.553159722	2.23681734e+13
2e-10	-2191.71688	1165.49156	-24207.0507	14365.3683	0.553237035	2.24043912e+13
2.1e-10	-694.888871	702.084466	-24354.0307	11934.0038	0.553405164	2.24373777e+13
2.2e-10	564.606993	348.615341	-23975.2391	11695.0418	0.553875156	2.24677945e+13
2.3e-10	701.234506	-386.652393	-24147.3808	12934.0882	0.554271913	2.249602e+13
2.4e-10	1405.14286	2416.76547	-23116.0005	13604.0428	0.554738636	2.25221666e+13
2.5e-10	690.05058	2655.14858	-20809.4298	14111.8484	0.555372693	2.25466707e+13
2.6e-10	177.010368	1755.40542	-21810.6332	14851.1418	0.556020057	2.25699435e+13
2.7e-10	1009.28227	194.560926	-20812.7113	15220.2467	0.556544965	2.25918866e+13
2.8e-10	567.21384	884.060078	-21530.9138	14867.3608	0.556975362	2.26125397e+13
2.9e-10	-281.956125	81.835622	-21461.6764	14424.5732	0.557439032	2.2631901e+13
3e-10	-1819.86534	764.169527	-21504.3859	14697.0139	0.557799384	2.26500985e+13
3.1e-10	-2854.17161	827.809578	-20251.6817	12915.3215	0.558294613	2.2667199e+13
3.2e-10	-2467.50926	901.307501	-22712.4871	12161.6279	0.558807386	2.26836138e+13
3.3e-10	-1310.78536	1094.12276	-25186.1879	11150.4098	0.558812718	2.26988443e+13
3.4e-10	-1041.60377	-16.6653181	-24902.617	11156.8114	0.558677458	2.27125409e+13
3.5e-10	-1770.82582	-25.7803696	-25134.9092	10855.151	0.558545464	2.27247471e+13
3.6e-10	-2536.60055	-804.709541	-26151.8925	11190.9332	0.558186414	2.2735474e+13
3.7e-10	411.626229	-2136.46672	-25781.8114	11534.5796	0.557907056	2.27446776e+13
3.8e-10	-1104.75012	-720.593519	-26299.0403	10404.3071	0.557509283	2.27525171e+13
3.9e-10	-1642.349	-339.43794	-25191.0237	10492.9535	0.557454524	2.27591919e+13
4e-10	-2294.88226	-638.264358	-26424.0435	11032.7714	0.557451717	2.2765311e+13
4.1e-10	-3073.02748	-1621.36567	-26222.3322	13798.3486	0.556996017	2.27705261e+13
4.2e-10	-4225.03328	-1443.35792	-26439.1109	12045.5721	0.55636658	2.27743955e+13
4.3e-10	-3616.62226	880.668614	-26032.2946	11044.603	0.556087133	2.27771236e+13
4.4e-10	-3302.94854	784.437205	-26332.9137	12141.0406	0.555903951	2.27792888e+13
4.5e-10	-2205.70653	360.446641	-26088.1563	10886.489	0.555580438	2.27808707e+13
4.6e-10	-2072.03495	165.904918	-24139.1284	11943.3904	0.55566976	2.27820633e+13
4.7e-10	-2125.8142	1266.9206	-23510.1972	12050.3275	0.555988153	2.27834307e+13
4.8e-10	-2681.82928	1495.68404	-24862.4721	10610.5751	0.556248538	2.27852174e+13
4.9e-10	-1674.52276	771.829157	-25736.8131	10777.5874	0.556341334	2.27870959e+13
5e-10	-729.06362	2429.27954	-25560.6499	9315.85067	0.556255614	2.27887333e+13
5.1e-10	39.7234161	981.323213	-24061.4166	9761.09297	0.556598111	2.27903867e+13
5.2e-10	1251.13153	509.394042	-24884.204	9409.89585	0.557039743	2.27925889e+13
5.3e-10	2144.03826	3661.11072	-22738.1963	9331.40453	0.55775311	2.27953258e+13
5.4e-10	3471.04827	3102.89079	-23403.4118	8510.75271	0.558483946	2.27990189e+13
5.5e-10	2207.90497	1695.3818	-23801.949	9687.46465	0.559008243	2.28033286e+13
5.6e-10	3238.16092	-658.961498	-22908.6466	9921.46595	0.559370952	2.28078966e+13
5.7e-10	1280.70014	478.58865	-26424.8244	9526.21066	0.559424006	2.28125248e+13
5.8e-10	955.666856	1715.59578	-28017.7233	8517.50269	0.558705274	2.2816219e+13
5.9e-10	1001.84841	1832.55807	-28699.1964	7977.63597	0.557821464	2.28182844e+13
6e-10	1201.38071	1481.15329	-28934.8134	8242.53614	0.557131181	2.28189593e+13
6.1e-10	-267.420433	2625.54482	-28553.0282	8988.33845	0.556457517	2.28184435e+13
6.2e-10	1152.87669	2343.44942	-27858.2558	8582.24483	0.555732833	2.28169142e+13
6.3e-10	801.571125	1122.65861	-27087.5973	10758.0776	0.555549742	2.28148261e+13
6.4e-10	1258.94576	2637.26233	-25676.2792	11158.5563	0.555385161	2.28126053e+13
6.5e-10	1225.40586	2453.29599	-26792.4102	10968.2725	0.555335516	2.28105088e+13
6.6e-10	375.231398	2908.78817	-26163.5681	11870.1948	0.555096529	2.28083558e+13
6.7e-10	-844.086022	2039.18991	-27025.6621	11615.6158	0.554981367	2.28061157e+13
6.8e-10	953.962779	1668.78666	-25943.1429	11440.2369	0.554766201	2.28037858e+13
6.9e-10	-715.375163	2501.27696	-26170.7134	10531.2693	0.554761311	2.28015519e+13
7e-10	-829.707374	2134.01473	-27169.5511	11035.3067	0.554741197	2.27995267e+13
7.1e-10	-1934.66259	684.816347	-27180.4986	11776.1938	0.554515356	2.27975146e+13
7.2e-10	-3548.04066	-1043.22776	-27445.2624	11158.2138	0.554235849	2.27952889e+13
7.3e-10	-3344.53847	-883.15313	-25974.7747	11658.5757	0.554139673	2.27929436e+13
7.4e-10	-2185.22119	-1098.77017	-26919.9253	11857.0282	0.55391056	2.27906996e+13
7.5e-10	-2987.60043	-451.093809	-26302.2194	10910.6439	0.553809021	2.27883565e+13
7.6e-10	-3210.86132	-855.616427	-26652.5148	11465.838	0.55370614	2.27861014e+13
7.7e-10	-3940.33264	-873.848032	-26131.6453	11696.5812	0.553766545	2.27839436e+13
7.8e-10	-1510.59394	-556.491653	-26943.6978	13271.1015	0.553656111	2.27820322e+13
7.9e-10	-392.123773	-1830.28912	-25313.5504	13582.9084	0.553420647	2.27799686e+13
8e-10	172.225127	-349.210897	-25856.4962	14667.5639	0.553395677	2.2777906e+13
8.1e-10	560.919197	-1654.47201	-24078.4873	12499.962	0.553563927	2.27760623e+13
8.2e-10	199.95734	-1346.48552	-23427.5961	12404.4381	0.554100906	2.27749658e+13
8.3e-10	-376.16014	-1656.69595	-22330.5926	13597.4477	0.554772531	2.27748829e+13
8.4e-10	1276.43534	-225.341008	-23040.4704	12118.8782	0.55552526	2.27759068e+13
8.5e-10	236.661251	399.339918	-22670.2146	13977.6272	0.55616058	2.27779241e+13
8.6e-10	-2131.2763	-1375.4235	-22502.8501	11884.1407	0.556677502	2.27805952e+13
8.7e-10	-1352.75792	-1608.47633	-22510.0582	13133.5868	0.557288265	2.27839358e+13
8.8e-10	-830.776155	-2271.40919	-22735.2983	12586.4405	0.557744085	2.27877372e+13
8.9e-10	346.910335	-2554.9247	-23909.6846	12381.8653	0.55803042	2.27918435e+13
9e-10	-236.142163	-88.1732487	-24929.8342	14549.9128	0.557845285	2.2795684e+13
9.1e-10	-2703.57227	-494.565298	-25478.164	15475.4292	0.557185558	2.27985229e+13
9.2e-10	-529.145376	174.107774	-26170.972	15065.5441	0.556426019	2.27999868e+13
9.3e-10	422.216011	-215.915365	-26307.0333	15022.5699	0.555724292	2.28001488e+13
9.4e-10	1170.15402	1116.36615	-29417.0502	15673.9847	0.554627544	2.27990651e+13
9.5e-10	1814.55178	-174.860122	-28920.6516	18200.5266	0.552973582	2.27959675e+13
9.6e-10	1276.02469	-96.2264147	-27498.3919	16118.7783	0.551753611	2.2790769e+13
9.7e-10	-255.747269	429.095165	-26618.2245	15743.7138	0.551223085	2.27847641e+13
9.8e-10	-1118.06132	1296.75656	-28110.921	14750.9338	0.550785512	2.27786041e+13
9.9e-10	-3717.86678	38.3723742	-28126.8047	13484.4045	0.550347823	2.27723232e+13
1e-09	-2363.23686	-302.922117	-27090.9043	11049.6457	0.550329744	2.27662165e+13
1.01e-09	-999.364404	-216.743811	-25824.677	10644.2469	0.550804671	2.27610289e+13
1.02e-09	223.817007	-103.580466	-25230.0746	12279.8181	0.551399712	2.27572027e+13
1.03e-09	-244.00041	-796.382275	-26283.9316	12551.7176	0.551791951	2.2754563e+13
1.04e-09	-724.754932	-1126.21934	-25932.9526	12189.6279	0.552211129	2.27527098e+13
1.05e-09	-296.877661	-266.243903	-24225.7714	12371.7876	0.552542316	2.27515524e+13
1.06e-09	587.561246	-120.242099	-25037.3994	11145.176	0.553097326	2.27512463e+13
1.07e-09	157.2201	764.846024	-23534.7813	12719.2864	0.55366986	2.27517637e+13
1.08e-09	-1181.58988	-458.423358	-23221.8775	12045.6376	0.554370653	2.27532108e+13
1.09e-09	-1710.29809	-776.096731	-24198.3461	12912.3825	0.554884752	2.27555523e+13
1.1e-09	-1210.04277	249.324962	-23212.7388	10555.4341	0.555345085	2.27583189e+13
1.11e-09	-1448.5404	-815.591412	-22767.2007	12622.5415	0.555982127	2.27617387e+13
1.12e-09	-532.041446	-1788.86112	-24617.5877	13339.6453	0.556337035	2.27656592e+13
1.13e-09	493.470839	-1917.12952	-25170.7733	13602.9565	0.556255765	2.27694132e+13
1.14e-09	1331.41999	-830.693284	-25126.091	13815.5669	0.556072509	2.277257e+13
1.15e-09	453.213509	331.063627	-24386.2815	13233.9993	0.556019244	2.27751947e+13
1.16e-09	1010.12615	640.761272	-25642.1928	13619.6945	0.555977064	2.27776196e+13
1.17e-09	1074.03419	2085.70279	-25647.8736	13442.1323	0.55581717	2.27795759e+13
1.18e-09	1768.08547	1635.73293	-27015.2204	11859.3667	0.555321302	2.2780928e+13
1.19e-09	1519.13995	1725.06741	-26390.1221	10798.2191	0.555060931	2.27814708e+13
1.2e-09	2285.40828	2883.3151	-28139.7231	11247.0885	0.5546165	2.27815791e+13
1.21e-09	1690.81488	2436.4917	-28053.9684	11649.2653	0.553904113	2.27807358e+13
1.22e-09	-1119.20469	886.756144	-26986.7759	12438.61	0.553443729	2.27789914e+13
1.23e-09	-455.327311	2445.7164	-26655.9796	11984.041	0.553313359	2.27769516e+13
1.24e-09	-1809.57497	1158.36488	-25578.4079	13547.7977	0.553376838	2.27750692e+13
1.25e-09	-1543.04765	308.257484	-25809.1315	13351.4428	0.553287017	2.2773358e+13
1.26e-09	380.460437	-1017.57041	-26182.4137	13044.9462	0.553176804	2.27716828e+13
1.27e-09	805.191326	-2128.58436	-24097.001	11408.2059	0.553425666	2.27701048e+13
1.28e-09	1868.13349	-2150.18243	-22634.7013	11877.5675	0.554169066	2.27695259e+13
1.29e-09	2595.45443	-2486.11589	-22401.8517	12429.1407	0.554974139	2.27701933e+13
1.3e-09	2224.18568	-1202.5827	-22729.3174	12535.1181	0.555705507	2.27719624e+13
1.31e-09	1237.20557	-652.289506	-24237.3535	11557.3912	0.555982135	2.27744124e+13
1.32e-09	1144.56314	100.947902	-25926.9927	11761.5632	0.556145917	2.27769991e+13
1.33e-09	778.367694	-127.438374	-25470.812	10815.55	0.556175193	2.27793801e+13
1.34e-09	1218.10885	-3009.23335	-26522.9769	11323.0601	0.556126033	2.27816408e+13
1.35e-09	1887.91841	-2311.61679	-25721.119	10400.4974	0.555950513	2.27833774e+13
1.36e-09	1307.63852	-2179.93505	-24770.5043	8427.72394	0.556281215	2.27850568e+13
1.37e-09	491.131121	-825.33195	-26246.0501	9037.06694	0.55651108	2.27871693e+13
1.38e-09	-479.377617	-591.578627	-27475.9163	7375.26624	0.556725687	2.27893137e+13
1.39e-09	218.096868	-1353.46603	-28054.2106	7777.71979	0.556492823	2.27913217e+13
1.4e-09	77.9473271	-409.354001	-29625.6721	7730.67905	0.556084607	2.27926531e+13
1.41e-09	-1471.65729	-568.977496	-30707.9339	9110.58839	0.555248796	2.27929598e+13
1.42e-09	-1806.95933	-974.443331	-31710.0267	9240.91416	0.553995864	2.27916553e+13
1.43e-09	-1844.86328	-807.867476	-30922.5854	9340.23342	0.552630376	2.27884372e+13
1.44e-09	-2050.27636	-703.811496	-28971.6638	11450.4403	0.551903545	2.27838128e+13
1.45e-09	-1733.41355	-2122.50346	-29149.2328	11454.4622	0.551255474	2.2778662e+13
1.46e-09	-1522.76438	-2407.93442	-30214.6462	11914.4371	0.550634961	2.27730469e+13
1.47e-09	-558.851945	-2801.05615	-29342.2861	11263.7057	0.550158761	2.27670201e+13
1.48e-09	-198.972278	-3596.14965	-26588.673	11820.9599	0.550160571	2.27611036e+13
1.49e-09	-435.357742	-1526.59952	-26271.479	12399.3647	0.550429652	2.27560375e+13
1.5e-09	-966.060515	152.018488	-26399.8662	12436.7533	0.550775818	2.2751947e+13
1.51e-09	-490.89494	-105.018471	-26330.768	12750.7874	0.550885253	2.27485515e+13
1.52e-09	-1463.72601	-680.412138	-27212.2183	11988.3115	0.550841799	2.2745624e+13
1.53e-09	-503.970785	-1946.61267	-26752.8356	12486.6934	0.550844358	2.27428867e+13
1.54e-09	-3032.43526	-2250.83437	-27435.4829	12270.3184	0.550904141	2.27404432e+13
1.55e-09	-4189.81559	-1082.46553	-27123.8408	9812.99139	0.550845304	2.27382163e+13
1.56e-09	-2779.72375	-1346.10712	-26781.9686	10632.5579	0.55113389	2.27363649e+13
1.57e-09	-2065.42268	-2688.31115	-28969.7762	8925.31647	0.551384127	2.27352007e+13
1.58e-09	-1599.20343	-3166.23964	-29687.0845	10220.7122	0.551023529	2.27340277e+13
1.59e-09	-86.0623179	-969.71539	-28589.9114	9161.69346	0.550860786	2.27324357e+13
1.6e-09	572.100907	-2803.99668	-25448.8502	9619.87396	0.551276518	2.27311256e+13
1.61e-09	711.857491	-3026.78547	-24177.2838	10185.6289	0.552042834	2.27309043e+13
1.62e-09	1451.67511	-4771.56829	-22641.4588	11111.7102	0.552900996	2.2731939e+13
1.63e-09	2302.5562	-2410.79142	-22721.8891	11322.3249	0.553931924	2.27343356e+13
1.64e-09	589.311862	-1819.58183	-23492.3987	13463.7594	0.554698667	2.27379689e+13
1.65e-09	1178.20585	-1316.03903	-24028.0496	13925.6784	0.554985807	2.27420062e+13
1.66e-09	1113.6677	-1062.94462	-23987.121	12034.3218	0.555264895	2.27460623e+13
1.67e-09	1754.06688	-1580.9636	-21918.6206	11966.3292	0.555930641	2.27504048e+13
1.68e-09	2623.16717	-1280.39386	-23165.0948	11595.4865	0.556592003	2.27554701e+13
1.69e-09	2187.73183	108.702381	-24133.2567	11657.3217	0.557090753	2.27609097e+13
1.7e-09	2684.18049	-892.948584	-25092.0692	14052.2989	0.557026936	2.27663085e+13
1.71e-09	3515.96542	-778.588843	-27377.4505	14409.273	0.55640473	2.27706929e+13
1.72e-09	2080.05607	-75.5893892	-25376.5294	16421.5028	0.555469906	2.27733735e+13
1.73e-09	3587.60192	-1097.13791	-25221.2435	16764.7041	0.554655176	2.27744947e+13
1.74e-09	2668.05683	823.763539	-26787.6742	17370.501	0.554037854	2.27744693e+13
1.75e-09	1432.10275	-51.4880038	-27189.8566	15597.7048	0.5530889	2.2773185e+13
1.76e-09	2118.05603	-865.20895	-26888.5583	17000.1986	0.552441048	2.27708203e+13
1.77e-09	1174.05871	1450.60829	-26892.1353	16132.5927	0.55175287	2.27676485e+13
1.78e-09	1491.22978	1597.72234	-27200.3243	14995.4113	0.551304814	2.27639092e+13
1.79e-09	346.405817	1325.66551	-27152.4964	16887.6665	0.550736012	2.2759802e+13
1.8e-09	68.2343081	2097.0957	-26149.2944	17107.6568	0.55015549	2.27550938e+13
1.81e-09	-583.444772	2210.85574	-26026.245	16862.1202	0.549996821	2.27503276e+13
1.82e-09	509.231847	1764.81546	-27728.0274	15059.6199	0.549732823	2.27457055e+13
1.83e-09	512.311964	942.871099	-27285.2911	15292.5683	0.549411485	2.27410023e+13
1.84e-09	-1581.45394	-818.719802	-27135.1566	15817.465	0.549294972	2.27364293e+13
1.85e-09	-440.918523	-1249.8263	-26151.4666	14837.8095	0.549199179	2.27320609e+13
1.86e-09	-527.428666	-60.6905426	-25005.7956	14770.3105	0.549644996	2.27283223e+13
1.87e-09	-937.067428	-980.81755	-21961.0472	13201.3536	0.550466536	2.27258619e+13
1.88e-09	-1204.02584	-1456.15825	-22862.4901	13399.5597	0.551741659	2.27253272e+13
1.89e-09	-299.482729	-1891.24021	-23599.9677	12099.1883	0.552576499	2.27264658e+13
1.9e-09	-1471.58532	-1763.28872	-24400.1522	13979.3721	0.553211978	2.27286584e+13
1.91e-09	-1455.64806	-1672.09866	-23460.7752	13617.9213	0.553467569	2.27312646e+13
1.92e-09	-2187.89698	-435.770663	-23580.9487	14054.5938	0.553747237	2.27340788e+13
1.93e-09	-2597.06154	-2225.78204	-21739.4669	14115.576	0.554294943	2.27372317e+13
1.94e-09	-894.292422	-845.152296	-21539.8972	14203.4539	0.554990666	2.27410368e+13
1.95e-09	791.59239	-2131.41366	-21837.9274	14133.759	0.555744085	2.27455721e+13
1.96e-09	1234.51121	-3080.45039	-23324.1114	15985.1623	0.556004222	2.27506077e+13
1.97e-09	-188.64414	-3549.73944	-24104.7218	16949.3667	0.555690964	2.27550821e+13
1.98e-09	-830.63969	-2243.79375	-25213.5665	16833.7399	0.555262856	2.27585304e+13
1.99e-09	-837.908802	-1155.16117	-26455.3444	15504.6828	0.554467896	2.27607709e+13
2e-09	-1207.47346	-2874.24228	-26772.1738	16119.7028	0.553687063	2.27615642e+13
2.01e-09	-123.241107	-2138.04407	-27025.0166	15436.2654	0.552894049	2.27611156e+13
2.02e-09	986.004369	-1210.00564	-28135.7885	14702.9636	0.552356195	2.27596851e+13
2.03e-09	-483.018542	637.454363	-29343.8159	13338.8303	0.551564126	2.2757415e+13
2.04e-09	-279.135961	-879.271456	-29098.5778	12712.5573	0.550908134	2.27542052e+13
2.05e-09	-1113.459	-1973.68873	-27594.453	12911.194	0.550591897	2.2750481e+13
2.06e-09	-1315.81221	-564.278539	-28577.6888	11781.14	0.550344615	2.27467019e+13
2.07e-09	-1293.67542	-717.282112	-26412.2455	11465.2025	0.550412197	2.27430437e+13
2.08e-09	-3298.54001	1747.34299	-25869.9358	11644.7249	0.550803667	2.27401456e+13
2.09e-09	-3508.92943	1535.62564	-26438.5207	11395.107	0.551004025	2.27380434e+13
2.1e-09	-3862.28051	2344.99935	-26559.8597	11522.4677	0.551264128	2.27364589e+13
2.11e-09	-2505.4799	4501.42452	-25404.5393	14403.3815	0.55141969	2.27353517e+13
2.12e-09	-1315.1866	3902.76803	-26154.5257	15419.549	0.551388444	2.27344811e+13
2.13e-09	-2932.20755	2359.20302	-27259.0766	14249.0857	0.551079261	2.27334343e+13
2.14e-09	-2667.31173	1712.28426	-25654.3381	14671.2742	0.550908191	2.27320177e+13
2.15e-09	-4765.52036	291.975717	-24915.3969	13933.4305	0.551243718	2.27308472e+13
2.16e-09	-4130.88855	-210.779967	-24547.3589	11321.9455	0.551665393	2.27303723e+13
2.17e-09	-3981.24223	668.645193	-24586.1372	9625.73762	0.55238794	2.27308082e+13
2.18e-09	-4993.93673	521.22638	-24653.942	10365.4404	0.552910673	2.27322277e+13
2.19e-09	-4202.68832	231.834096	-25095.687	10835.8855	0.553365307	2.27342126e+13
2.2e-09	-1703.72871	-338.646856	-25760.6269	9764.8401	0.553708916	2.27366191e+13
2.21e-09	-1498.26512	761.899099	-25918.229	8724.47381	0.554208333	2.2739404e+13
2.22e-09	-1319.23989	1413.76926	-26893.8091	7682.11301	0.554601124	2.27426615e+13
2.23e-09	-1780.43806	297.366249	-28802.2318	7219.29372	0.554578731	2.27459605e+13
2.24e-09	-1006.67546	683.435936	-29091.4186	6887.24474	0.554095111	2.27485143e+13
2.25e-09	1638.58428	2613.24903	-28398.3417	9825.40111	0.553741998	2.27502001e+13
2.26e-09	1651.80926	1063.91041	-31909.4179	9961.27118	0.552619457	2.27508157e+13
2.27e-09	1078.10206	3624.39747	-31362.6521	9264.20816	0.551384778	2.27493934e+13
2.28e-09	1121.04637	4835.27448	-29709.0515	10830.5861	0.550474597	2.27464336e+13
2.29e-09	720.064398	5084.98397	-28375.9441	10863.8942	0.550143112	2.27427821e+13
2.3e-09	752.097485	3983.67373	-28736.8088	11544.0942	0.549876239	2.27390876e+13
2.31e-09	888.856122	4265.88976	-28799.8925	12672.2721	0.549596211	2.27352873e+13
2.32e-09	1372.88056	4257.32388	-27986.3848	12085.2993	0.549532187	2.27315328e+13
2.33e-09	4112.62855	2883.57154	-29036.1977	12264.877	0.549368859	2.27280425e+13
2.34e-09	3721.8027	2385.24267	-27565.6205	12091.4786	0.549220033	2.27245326e+13
2.35e-09	556.679539	1692.02772	-29654.636	11205.1744	0.549149434	2.27212953e+13
2.36e-09	-357.384202	281.504512	-29473.7333	11257.3084	0.549068265	2.27181652e+13
2.37e-09	-507.562852	971.995213	-27981.8252	13753.5194	0.548795304	2.2715074e+13
2.38e-09	-2039.20895	2045.22977	-27013.9273	13266.194	0.548912709	2.27121568e+13
2.39e-09	-3822.19207	121.553664	-26798.9716	13668.9755	0.548980212	2.27096692e+13
2.4e-09	-4494.93318	594.874805	-25371.9973	14647.6448	0.549331598	2.2707671e+13
2.41e-09	-2876.56188	910.680356	-26584.3573	12980.0608	0.549439523	2.27062958e+13
2.42e-09	-2308.48481	924.789248	-25572.8108	11559.2823	0.549938677	2.27054118e+13
2.43e-09	-2187.83494	1260.17908	-25879.3722	11761.2924	0.550545688	2.27055234e+13
2.44e-09	-1784.07543	2393.64671	-23811.1875	11758.9469	0.551275564	2.27065135e+13
2.45e-09	-2931.56871	502.871468	-23996.8781	10792.3461	0.551907645	2.27085914e+13
2.46e-09	-2823.72714	-1250.91493	-25074.4568	11344.5723	0.552593795	2.2711468e+13
2.47e-09	-1517.34386	-1386.97189	-24278.774	11328.0903	0.553170302	2.2714966e+13
2.48e-09	-1260.67921	-1150.75725	-25565.8086	12209.7676	0.553561397	2.27189707e+13
2.49e-09	-1072.07066	-574.663635	-25157.816	10995.0708	0.553835438	2.27230318e+13
2.5e-09	-465.98576	-445.565342	-24870.7597	12370.4869	0.554077495	2.2727145e+13
2.51e-09	-1321.87248	-104.337788	-24012.0477	14994.2025	0.554189335	2.27311949e+13
2.52e-09	-552.056583	1059.65707	-25085.4119	15955.2954	0.55396192	2.27347954e+13
2.53e-09	1248.69601	-414.921839	-23453.3203	14391.3406	0.554098709	2.27378214e+13
2.54e-09	570.909587	28.5746728	-25260.4927	15741.5546	0.554330057	2.27410124e+13
2.55e-09	234.702665	924.425131	-25777.2867	15635.2367	0.553957151	2.27438019e+13
2.56e-09	-499.706209	-629.219062	-25400.2028	14551.1756	0.553709686	2.27457206e+13
2.57e-09	-784.925191	-1511.60541	-27059.933	15770.0542	0.553417687	2.27472105e+13
2.58e-09	-1517.25544	-1837.34683	-24194.0502	16097.9803	0.553004813	2.27478622e+13
2.59e-09	-2603.40305	-3277.24567	-23609.4886	15916.4324	0.552950235	2.27481935e+13
2.6e-09	-1849.65761	-4443.93924	-23269.1472	17290.5548	0.552952208	2.27484183e+13
2.61e-09	-1042.03335	-3940.7576	-23131.2086	17987.9374	0.552904833	2.27485815e+13
2.62e-09	-950.006481	-3896.78292	-22720.6776	17001.6859	0.552902292	2.27486676e+13
2.63e-09	34.8351776	-4814.24981	-25200.5379	18880.6464	0.552812246	2.27488322e+13
2.64e-09	-451.131754	-4009.05186	-26635.0279	18625.5036	0.55177966	2.27481254e+13
2.65e-09	-74.325822	-2309.72511	-28478.9207	18352.6139	0.550554087	2.27457216e+13
2.66e-09	-1505.82469	-2509.07483	-26292.1811	17565.0993	0.549748248	2.27418925e+13
2.67e-09	-2041.25832	-3360.96649	-23840.6383	17956.3994	0.549538122	2.27376354e+13
2.68e-09	-2116.58435	-4090.59303	-25131.5993	16510.9832	0.549686845	2.27337369e+13
2.69e-09	-1386.36175	-1368.04653	-22285.574	15476.7798	0.550092401	2.27305104e+13
2.7e-09	431.249033	-791.427572	-23001.8076	14966.2929	0.550851482	2.27285932e+13
2.71e-09	165.044764	938.033604	-23748.2175	14402.2272	0.551568325	2.27279946e+13
2.72e-09	-995.20215	1836.49835	-23181.1254	13176.7563	0.552157374	2.27283702e+13
2.73e-09	-1622.85001	1583.76587	-23629.5498	14007.0331	0.552730004	2.27296955e+13
2.74e-09	-1948.27274	1655.73106	-25491.6211	14345.8055	0.553026533	2.27315917e+13
2.75e-09	242.222979	1124.8974	-23960.1795	15654.6194	0.553018593	2.27334307e+13
2.76e-09	-68.3466471	939.196614	-21986.0837	14991.6018	0.553512478	2.27354262e+13
2.77e-09	-1046.31826	739.509981	-21315.0977	16159.1927	0.554084704	2.27381538e+13
2.78e-09	-981.820143	1328.93006	-20581.3576	17038.8354	0.554597023	2.27414265e+13
2.79e-09	-1505.48807	2153.40678	-23022.5149	16872.1978	0.554898444	2.27451364e+13
2.8e-09	-696.309645	2312.19346	-25016.5364	16294.1011	0.55476964	2.27485743e+13
2.81e-09	-1559.71758	1682.51103	-24686.6514	16916.1858	0.554204762	2.27511594e+13
2.82e-09	-2544.98321	226.959417	-24165.9948	15992.6635	0.554003238	2.27528244e+13
2.83e-09	-1895.8057	-793.335618	-25731.0833	16019.71	0.553707813	2.2754074e+13
2.84e-09	-1475.36017	-344.871634	-29399.865	15736.6593	0.552870743	2.27544201e+13
2.85e-09	-4041.8524	-1791.72353	-28414.1644	15769.0806	0.55179371	2.27531043e+13
2.86e-09	-2819.26088	-3248.79373	-27954.0086	16627.6938	0.550879047	2.27504401e+13
2.87e-09	-2486.62847	-1097.5771	-28349.8032	15362.7799	0.550179827	2.27467784e+13
2.88e-09	-2119.63553	-822.488236	-26302.0475	15141.6702	0.549992348	2.27426858e+13
2.89e-09	-2226.23182	-1149.34369	-25958.2472	14264.3855	0.549979435	2.27388853e+13
2.9e-09	175.955867	1157.84965	-25596.4369	13246.3017	0.550419616	2.2735747e+13
2.91e-09	2525.67712	741.360664	-24490.8542	12407.7001	0.550829071	2.27335562e+13
2.92e-09	847.584864	1374.79233	-24757.5377	12812.0611	0.551465053	2.27323787e+13
2.93e-09	-892.511775	1903.09267	-25950.2061	12485.1611	0.551771749	2.27321075e+13
2.94e-09	-981.967687	2606.4633	-25735.5283	12062.6948	0.551876867	2.27321266e+13
2.95e-09	-1107.05311	1459.75545	-23948.7881	13078.9575	0.552182522	2.27324197e+13
2.96e-09	-2133.03195	-110.963804	-25156.8189	13372.9387	0.552580295	2.273326e+13
2.97e-09	-456.51176	-184.151405	-24407.6137	13451.4704	0.553076403	2.27346552e+13
2.98e-09	472.203292	-112.894342	-24779.6885	13005.7362	0.553527232	2.2736669e+13
2.99e-09	1404.79071	750.532051	-24141.7087	11868.6062	0.553860515	2.27390432e+13
3e-09	2801.29566	703.052387	-24903.8151	11355.6488	0.55438432	2.27418795e+13
3.01e-09	4147.6946	-774.336943	-24204.2625	11856.7187	0.554792425	2.27451381e+13
3.02e-09	1478.18827	-1046.97708	-25958.8868	10931.2676	0.555047787	2.27486889e+13
3.03e-09	935.445386	363.693766	-27597.5604	10312.6666	0.555044175	2.27520669e+13
3.04e-09	709.317489	-1495.52878	-28400.949	9257.00768	0.554492537	2.27547505e+13
3.05e-09	1776.28112	-1179.81448	-28922.6522	9815.98878	0.553966181	2.27563619e+13
3.06e-09	1418.67016	-1714.82685	-28998.0099	9561.59375	0.553508984	2.27570486e+13
3.07e-09	2303.5773	-3156.7001	-30578.3826	7286.3421	0.552798505	2.27568356e+13
3.08e-09	-787.736967	-1262.26031	-31769.276	8976.81338	0.552012732	2.27554935e+13
3.09e-09	-732.754004	315.80625	-31219.8455	8121.95208	0.551214836	2.27529698e+13
3.1e-09	1289.67073	921.616455	-30926.5098	8994.55579	0.550530215	2.27495778e+13
3.11e-09	1026.47083	1874.06663	-29778.2489	9093.07804	0.54998364	2.27455231e+13
3.12e-09	-293.141611	757.637962	-28359.0679	10417.9822	0.549929701	2.27414066e+13
3.13e-09	-821.952986	-728.658728	-28729.0194	11372.6304	0.549905861	2.2737688e+13
3.14e-09	-1050.55012	-953.867484	-28576.7036	12860.6767	0.549698534	2.27341031e+13
3.15e-09	183.511729	439.591742	-27677.987	12948.7423	0.549611087	2.27306181e+13
3.16e-09	1488.25132	-18.891757	-28614.5247	11708.7605	0.549655133	2.27274953e+13
3.17e-09	826.591144	62.3414095	-27773.9712	12624.0875	0.549662859	2.27246193e+13
3.18e-09	2036.4086	1432.54	-26395.5518	13850.0213	0.549862546	2.27221459e+13
3.19e-09	759.321417	1709.57494	-26773.5104	14368.8345	0.54998652	2.27201789e+13
3.2e-09	-355.924596	1880.81076	-26217.873	14425.1147	0.550123884	2.27185765e+13
3.21e-09	-1054.82447	1966.66358	-25446.7341	15011.6696	0.550137023	2.27173122e+13
3.22e-09	351.399017	1596.07941	-25065.4476	14309.7264	0.55033056	2.2716267e+13
3.23e-09	1766.57532	1478.44001	-25766.2491	13929.3769	0.550747063	2.27158293e+13
3.24e-09	1171.08773	370.486057	-23731.5966	13329.6824	0.551162393	2.27159631e+13
3.25e-09	199.660575	537.096465	-23177.5355	12748.4131	0.551848282	2.27169496e+13
3.26e-09	1329.49442	-653.827973	-23632.345	11248.0083	0.552744748	2.27190374e+13
3.27e-09	3334.92902	741.466755	-23633.4162	9666.42503	0.553728357	2.2722374e+13
3.28e-09	522.956731	405.403821	-25157.7092	9887.78882	0.554524793	2.27268267e+13
3.29e-09	908.195264	-123.299832	-25025.5216	10496.0128	0.554798312	2.27316362e+13
3.3e-09	841.589259	-32.2176282	-24593.0736	9431.72142	0.555334749	2.27365486e+13
3.31e-09	-796.324888	-1555.84102	-25916.5854	11529.3515	0.555685214	2.27418217e+13
3.32e-09	-2402.67729	-1221.45033	-24679.3149	12773.2393	0.555853301	2.27469032e+13
3.33e-09	-1073.19524	-1265.933	-24607.7897	12564.5336	0.555835744	2.27516395e+13
3.34e-09	-1227.54125	-1430.2993	-23507.5772	12571.1892	0.556071844	2.27560353e+13
3.35e-09	-1531.36961	-2417.87541	-23759.7948	12270.4798	0.556305985	2.27604938e+13
3.36e-09	-465.38777	-1019.02762	-24447.8914	13997.1819	0.556412348	2.27648172e+13
3.37e-09	-140.558093	-212.063519	-27184.7848	13574.7578	0.55587439	2.27684962e+13
3.38e-09	-2612.415	1819.45088	-27095.4501	13679.9821	0.555289695	2.27708626e+13
3.39e-09	-2505.47477	405.422922	-26424.4874	15449.4448	0.554544324	2.27720338e+13
3.4e-09	-3265.4647	-672.858939	-26727.236	15777.9213	0.553817603	2.27719432e+13
3.41e-09	-2096.09304	-406.840391	-23516.4351	16703.8642	0.553355183	2.27708467e+13
3.42e-09	-1291.11916	-1448.66195	-24633.1807	17870.4171	0.553009003	2.27694212e+13
3.43e-09	-811.991103	-325.038267	-25565.8173	17908.0487	0.552530377	2.27674365e+13
3.44e-09	-1254.72078	-2547.7623	-25166.0158	18899.0449	0.551706143	2.27646887e+13
3.45e-09	-1810.54721	-1657.4424	-25023.4642	18083.8698	0.551147594	2.27610503e+13
3.46e-09	-1357.97932	-1068.88314	-24839.1735	18397.9754	0.550811434	2.27570592e+13
3.47e-09	-251.991139	-46.8408523	-25408.4687	18654.2415	0.550547332	2.27530405e+13
3.48e-09	-1888.7462	-682.363075	-24734.8129	19506.6225	0.550210336	2.27488815e+13
3.49e-09	-1183.89349	342.152022	-25582.02	18977.2168	0.549814271	2.2744623e+13
3.5e-09	-1761.0797	855.625806	-26067.787	18394.2845	0.549411433	2.27401023e+13
3.51e-09	-1163.39156	-812.259928	-26549.024	17734.9331	0.549046679	2.2735422e+13
3.52e-09	-1976.65381	882.999423	-25436.4394	18117.6802	0.548834487	2.27307131e+13
3.53e-09	-1725.1334	2599.13125	-23770.4476	17582.3637	0.549015097	2.27263762e+13
3.54e-09	-941.548735	3745.6739	-22232.0554	14705.1713	0.549687382	2.27230356e+13
3.55e-09	-775.483084	2310.60825	-23802.6212	13220.9754	0.550530887	2.27212692e+13
3.56e-09	-1622.29062	143.250406	-23768.9807	12946.0999	0.551308252	2.27208819e+13
3.57e-09	-1329.46145	-348.816871	-23540.4122	12640.5938	0.551968497	2.27215986e+13
3.58e-09	-1916.58405	-1151.07208	-23480.4912	14561.0459	0.552618388	2.27233035e+13
3.59e-09	-1371.07037	-333.310722	-23338.5919	15204.7252	0.553098104	2.27256923e+13
3.6e-09	-280.4555	1483.71234	-21462.895	15583.7968	0.55368546	2.27286297e+13
3.61e-09	497.81177	2530.93181	-21933.3438	16032.8921	0.554200967	2.27321897e+13
3.62e-09	1092.00268	1077.37491	-22541.5653	15233.4146	0.55461959	2.27361156e+13
3.63e-09	431.431698	-820.937324	-23598.5237	14682.9611	0.554827805	2.27402096e+13
3.64e-09	2021.95882	-58.2784955	-23409.617	14475.2101	0.555056948	2.2744188e+13
3.65e-09	2577.89311	-302.233976	-26356.6359	15391.1799	0.554767884	2.27479607e+13
3.66e-09	1698.49895	70.8912094	-26910.4601	16168.4867	0.554001194	2.27504916e+13
3.67e-09	637.270626	-17.0409365	-26487.6079	17162.8437	0.55332293	2.27516033e+13
3.68e-09	607.134334	-1385.52323	-25098.3419	17372.7264	0.55268174	2.27515702e+13
3.69e-09	1789.94044	-456.363998	-25416.3864	15123.6669	0.552332308	2.27507563e+13
3.7e-09	1532.15588	-423.610725	-24461.22	14881.2239	0.552471175	2.27498396e+13
3.71e-09	1960.71418	-1451.6647	-24812.1379	13572.9202	0.552751803	2.27493628e+13
3.72e-09	3365.77764	-2448.65547	-22804.3084	12483.1071	0.553402545	2.27495706e+13
3.73e-09	2075.5864	-2228.69584	-24447.9219	12219.7358	0.554068874	2.27508786e+13
3.74e-09	1842.9707	-2663.90556	-25496.0064	12444.6936	0.554378534	2.27528385e+13
3.75e-09	2995.52701	-1869.86846	-26464.5531	11593.9737	0.554313407	2.27547786e+13
3.76e-09	2317.11963	-1878.34212	-27666.1483	13745.2676	0.554028833	2.27563141e+13
3.77e-09	1138.48367	-1996.9657	-27972.6439	14068.4112	0.553300972	2.2756912e+13
3.78e-09	355.751096	-2622.78632	-27951.1165	13134.6481	0.552535578	2.27563154e+13
3.79e-09	-1551.32898	-3073.42826	-27408.2746	11746.7989	0.552152325	2.27548602e+13
3.8e-09	603.601836	-2115.65074	-26723.4563	10882.8103	0.552220845	2.27532416e+13
3.81e-09	278.366129	-1553.59209	-27429.3831	9122.92954	0.552304474	2.27519326e+13
3.82e-09	797.730227	-770.089186	-28283.4923	9829.92029	0.552432738	2.27509235e+13
3.83e-09	2050.62463	-76.4544115	-27968.0433	9597.7138	0.552278311	2.27499617e+13
3.84e-09	1427.85559	1119.16807	-25957.2388	9243.32829	0.552355959	2.27489894e+13
3.85e-09	1430.00307	60.7124555	-26061.4887	9645.31763	0.552833561	2.27485994e+13
3.86e-09	1522.06541	863.839053	-27218.7814	9287.98143	0.553063715	2.27488486e+13
3.87e-09	-587.788511	681.185207	-28315.0117	10122.0543	0.553054061	2.27492308e+13
3.88e-09	-682.851858	-194.733358	-30046.7675	9906.82218	0.552488925	2.27491626e+13
3.89e-09	-1653.06808	1234.82445	-30060.5961	9447.8816	0.551771655	2.27481133e+13
3.9e-09	-1609.72676	675.20516	-28750.1104	7768.15816	0.551589262	2.27462933e+13
3.91e-09	-458.780502	706.849229	-31834.1792	8054.88271	0.551229568	2.27444658e+13
3.92e-09	-332.946773	-736.983325	-31537.2594	8903.55687	0.550535741	2.27418854e+13
3.93e-09	1334.76267	-514.116103	-30669.063	10060.7312	0.549914393	2.27385529e+13
3.94e-09	1887.77121	-1224.19978	-30355.9609	9068.44076	0.549421615	2.27346906e+13
3.95e-09	1284.10252	-31.4639802	-29738.6962	11431.6759	0.549098555	2.27305547e+13
3.96e-09	1218.48696	-725.55302	-29403.8519	12376.6894	0.548724088	2.27262754e+13
3.97e-09	1463.82222	144.9238	-28792.3791	10524.6028	0.548501016	2.27219388e+13
3.98e-09	1547.07081	-2254.93779	-25957.6587	10763.7747	0.549078213	2.2718146e+13
3.99e-09	1698.35624	-1638.45399	-25976.9995	12196.1184	0.549703533	2.27157511e+13
4e-09	1534.35862	-276.62929	-26419.1652	12079.42	0.550125398	2.27143647e+13
4.01e-09	-199.32877	843.669771	-24572.6579	10456.2317	0.550608719	2.27137604e+13
4.02e-09	-695.227469	656.534887	-24552.8669	9857.66693	0.551766763	2.27144434e+13
4.03e-09	-307.950279	471.176955	-23926.2503	11683.6791	0.552655345	2.27166582e+13
4.04e-09	-1451.09382	-542.868068	-24842.6832	12029.2806	0.553260617	2.27198342e+13
4.05e-09	-536.65813	-1798.31972	-25799.8663	13268.8751	0.553458647	2.27234004e+13
4.06e-09	-708.550821	-1779.91149	-23511.3668	13289.1267	0.553767246	2.27268457e+13
4.07e-09	-1459.82532	-3040.06158	-23222.0399	11405.7099	0.554380166	2.27307158e+13
4.08e-09	-2935.43533	-431.122697	-25682.5791	11942.1583	0.554805557	2.27351486e+13
4.09e-09	-2476.22737	-1285.86602	-25279.6679	11410.259	0.554856211	2.27394422e+13
4.1e-09	-1060.46961	-1215.04012	-24192.1088	10753.3912	0.555270525	2.27436158e+13
4.11e-09	-1319.46011	-970.574279	-24775.5697	10885.3345	0.555824813	2.2748213e+13
4.12e-09	-553.131158	222.253112	-24072.9602	9959.22986	0.556240861	2.27530424e+13
4.13e-09	462.2817	48.7531823	-24989.9546	10735.5498	0.556769302	2.27582652e+13
4.14e-09	-316.556093	-289.72675	-23499.8422	11626.4444	0.556725446	2.27633347e+13
4.15e-09	322.050415	1107.95183	-26055.8189	12487.8382	0.556795574	2.27680456e+13
4.16e-09	-1472.08359	-128.481566	-26445.6535	10282.2194	0.556695988	2.27721969e+13
4.17e-09	-1955.55598	1376.06571	-26857.0484	11458.6649	0.55630879	2.27756161e+13
4.18e-09	-2295.0027	890.468473	-27509.1214	11941.9159	0.555881377	2.27781257e+13
4.19e-09	-1551.70058	1190.04032	-27051.5569	11210.6472	0.555379205	2.27795972e+13
4.2e-09	-2484.26352	136.0093	-26844.9783	13457.6558	0.554879151	2.2780255e+13
4.21e-09	501.410713	-243.983327	-26272.9734	14738.4425	0.554436466	2.278009e+13
4.22e-09	696.694855	-1298.97008	-25442.2475	15431.3391	0.554054592	2.27792943e+13
4.23e-09	854.45878	401.677364	-25048.1831	15670.4736	0.553731511	2.27780141e+13
4.24e-09	979.750039	-1245.18058	-25312.1217	15757.6703	0.55362349	2.27765451e+13
4.25e-09	2003.25469	-359.216058	-24686.5607	15023.9032	0.553408207	2.27749695e+13
4.26e-09	2179.34501	-1265.15991	-25338.8255	13459.346	0.553481135	2.27734429e+13
4.27e-09	2652.54274	-1840.66169	-27017.6017	13300.0432	0.553074196	2.27718997e+13
4.28e-09	2043.56642	-2153.51856	-26721.6854	14408.9142	0.552709522	2.27698337e+13
4.29e-09	1123.31904	-1564.85258	-28369.1837	16354.0924	0.551895767	2.2767152e+13
4.3e-09	596.250296	-871.472119	-28239.812	18158.083	0.550717302	2.27632134e+13
4.31e-09	-679.212564	19.5989472	-27451.3399	19267.8134	0.549371138	2.27576419e+13
4.32e-09	-2296.02064	1043.05568	-27403.4977	18560.5288	0.548460195	2.27508324e+13
4.33e-09	-2605.07279	1016.35871	-27011.5721	17899.0162	0.5479694	2.27435636e+13
4.34e-09	-2227.97045	-280.142019	-25193.9227	17666.5119	0.547686318	2.27364038e+13
4.35e-09	-2851.63609	90.0894404	-25031.8864	16233.3046	0.547973339	2.27298863e+13
4.36e-09	-4076.25154	-1799.57799	-25613.0627	13708.3677	0.548465162	2.27245406e+13
4.37e-09	-3574.12417	-9.68972975	-26158.7413	13254.6477	0.548968811	2.27205007e+13
4.38e-09	-1782.91938	1694.82605	-26161.1646	13719.9613	0.549299199	2.27174872e+13
4.39e-09	-1723.63173	3444.49661	-26553.4767	12479.2341	0.549709874	2.27152933e+13
4.4e-09	-781.857812	3339.22129	-27238.6096	12941.3479	0.549870847	2.27138012e+13
4.41e-09	-348.276977	3475.18788	-26212.6197	14064.4776	0.550021965	2.27126444e+13
4.42e-09	-342.359501	5151.45234	-25716.4905	13392.7324	0.550206281	2.271188e+13
4.43e-09	-402.781507	3193.34723	-25304.2751	14736.2286	0.550451819	2.27114714e+13
4.44e-09	-759.460158	3513.22871	-26253.111	15423.5974	0.550654523	2.27115318e+13
4.45e-09	551.960258	1324.21527	-25444.7162	15268.4475	0.550611383	2.2711604e+13
4.46e-09	-292.490785	1822.72373	-24891.2239	14023.3648	0.550767025	2.27118037e+13
4.47e-09	-1200.5205	2181.95761	-24123.2503	14755.4476	0.55115326	2.27123843e+13
4.48e-09	-345.178531	1399.87902	-23615.8455	16060.8084	0.551631248	2.27135724e+13
4.49e-09	471.582606	1637.40485	-24793.9969	15975.3171	0.551840734	2.27152225e+13
4.5e-09	543.696503	1571.63971	-26293.8589	15991.5477	0.551832402	2.27168974e+13
4.51e-09	837.12864	1407.75719	-27333.927	15450.7771	0.551428306	2.27180846e+13
4.52e-09	628.387533	-43.3974872	-25896.0384	13634.3115	0.551206414	2.271859e+13
4.53e-09	807.598836	350.869564	-23556.5669	14363.1654	0.551565389	2.27191484e+13
4.54e-09	1201.2686	473.422103	-21356.2204	14318.4439	0.552491946	2.27205581e+13
4.55e-09	2320.32539	494.776188	-22175.0323	14935.043	0.5534317	2.27233846e+13
4.56e-09	1427.70592	471.092843	-23812.6144	13264.9997	0.554073759	2.27271357e+13
4.57e-09	1772.74099	578.34324	-23467.8812	13664.4272	0.55460072	2.27313861e+13
4.58e-09	2799.17066	663.923584	-24280.743	13519.4775	0.554695005	2.27358312e+13
4.59e-09	3656.79385	308.383475	-22984.7962	12127.2649	0.554978597	2.27400063e+13
4.6e-09	4196.45875	-422.701794	-23703.1861	11849.3105	0.555482091	2.27444816e+13
4.61e-09	4648.77978	-1208.1896	-24681.3981	10376.0738	0.555794456	2.27491573e+13
4.62e-09	1138.87694	-1822.32076	-25398.2261	10088.8984	0.555841784	2.275366e+13
4.63e-09	-403.620623	-1818.68074	-25478.987	14673.0348	0.555724404	2.27577902e+13
4.64e-09	-413.66038	-623.054692	-27113.809	12892.4116	0.555292907	2.27610315e+13
4.65e-09	-850.784726	-473.903533	-26310.5319	11909.2614	0.555018323	2.27633681e+13
4.66e-09	-1699.66851	155.727902	-26057.8969	11643.4567	0.554882083	2.27652288e+13
4.67e-09	745.632788	1895.46527	-26712.3681	10789.2778	0.55492623	2.27668215e+13
4.68e-09	1698.58221	263.03305	-27286.8717	11715.2647	0.554694803	2.27681624e+13
4.69e-09	3741.84411	-627.187917	-26610.1436	11728.4841	0.554464841	2.27689643e+13
4.7e-09	2969.66079	402.755915	-26836.6084	10769.6695	0.554443406	2.2769509e+13
4.71e-09	251.521751	1615.10079	-26550.1511	9141.45493	0.554557869	2.27700682e+13
4.72e-09	53.2093522	459.922112	-27921.6377	9057.2427	0.5545405	2.27707533e+13
4.73e-09	-1395.35654	-1097.08474	-31041.6571	11642.8638	0.553882515	2.27709456e+13
4.74e-09	993.910589	-1342.19206	-30095.5421	11193.1535	0.552746927	2.27695855e+13
4.75e-09	2587.68926	-1771.04424	-29675.8104	11775.4353	0.551814733	2.27668084e+13
4.76e-09	991.709113	-2247.85254	-28678.9919	11328.2115	0.551243772	2.27631214e+13
4.77e-09	-38.7786781	-1541.8322	-26434.037	11379.1461	0.551194665	2.27592415e+13
4.78e-09	-406.846732	-2331.82591	-26733.9928	10054.1546	0.551511817	2.27559817e+13
4.79e-09	-167.558882	-2741.35608	-26006.8798	11352.4696	0.551666896	2.27533775e+13
4.8e-09	20.1446792	-1048.55046	-25036.2994	11373.9976	0.552235645	2.27514984e+13
4.81e-09	-1859.18952	-2729.21634	-24107.4922	11380.3549	0.552783053	2.27507007e+13
4.82e-09	-3144.07595	-2864.40266	-23097.248	10084.4088	0.553716798	2.27510443e+13
4.83e-09	-2847.70804	-1142.40389	-24554.662	10368.5573	0.554481153	2.27527702e+13
4.84e-09	-2880.94993	-1066.22694	-25204.24	11650.3111	0.554844547	2.27552089e+13
4.85e-09	-3524.32131	-1597.6495	-27036.46	13800.8991	0.554702799	2.27576336e+13
4.86e-09	-2917.75769	-1116.75969	-26831.6435	13947.7913	0.554075696	2.27592074e+13
4.87e-09	-3861.38943	345.562738	-24993.2015	14232.7929	0.553648587	2.27597812e+13
4.88e-09	-1845.92818	1791.47396	-24667.3097	12839.2661	0.553757948	2.27600134e+13
4.89e-09	-58.805443	2518.16676	-23132.5541	12434.4052	0.55442131	2.27607376e+13
4.9e-09	-367.720389	3336.21157	-23409.4099	12123.136	0.554982989	2.27624608e+13
4.91e-09	-698.022445	3706.00379	-22706.214	11738.75	0.555660125	2.27649315e+13
4.92e-09	1246.41899	3958.61337	-24123.178	12865.6823	0.556022326	2.27680857e+13
4.93e-09	-615.077848	4643.83277	-24366.5813	11903.8509	0.556065047	2.27711305e+13
4.94e-09	1515.6538	4680.85798	-26689.1211	10611.5906	0.555970266	2.27739707e+13
4.95e-09	4.18222713	5014.18785	-25215.3072	9264.02124	0.555997536	2.2776348e+13
4.96e-09	427.946677	4985.09435	-24023.5267	10094.6803	0.556356515	2.27787784e+13
4.97e-09	-64.5232521	6233.13976	-25160.5914	11175.884	0.55668052	2.27816319e+13
4.98e-09	-544.907126	6672.14288	-25348.2482	11311.2598	0.556578902	2.27843591e+13
4.99e-09	-665.165773	4430.65483	-25315.6184	11747.4733	0.556357251	2.2786538e+13
5e-09	1562.54472	1943.42765	-26130.6055	10994.9504	0.556313876	2.27883402e+13
5.01e-09	837.61939	2400.21148	-28801.9001	10332.8579	0.555732112	2.27896218e+13
5.02e-09	1244.40485	1847.14006	-29643.167	11779.7283	0.554835683	2.27896005e+13
5.03e-09	999.815405	1667.4166	-27145.1847	13565.8711	0.553988759	2.27881934e+13
5.04e-09	-1238.26461	-113.800876	-24504.7737	14663.6177	0.553786644	2.27860661e+13
5.05e-09	-2731.97997	456.000989	-24883.4032	15701.293	0.553776831	2.27840397e+13
5.06e-09	-3027.29025	524.137176	-25386.9	15204.5027	0.553725585	2.27821441e+13
5.07e-09	-1605.06846	-1508.00481	-25877.3577	14957.1794	0.553331752	2.27800997e+13
5.08e-09	-1490.9563	-2178.3797	-25192.6052	14733.8359	0.55333395	2.27778929e+13
5.09e-09	730.994854	-3151.13198	-26891.7254	14876.7983	0.553279311	2.27759614e+13
5.1e-09	1305.60765	-1521.06558	-27281.9999	15529.1909	0.552671701	2.27736726e+13
5.11e-09	204.218225	-797.69706	-25992.9839	15983.456	0.552271955	2.27707775e+13
5.12e-09	-1376.53314	-1286.85444	-26199.4622	14735.9128	0.551945029	2.27676403e+13
5.13e-09	790.779645	-2834.7806	-27386.9143	14145.5813	0.551707915	2.27643774e+13
5.14e-09	1758.88362	-2844.51059	-27506.6357	14489.6448	0.551326523	2.27609259e+13
5.15e-09	2402.71574	-1920.29124	-26586.3721	14168.8161	0.55117526	2.27573393e+13
5.16e-09	3624.4411	-1263.54116	-26368.5743	14284.4677	0.551057963	2.27539264e+13
5.17e-09	5172.49707	73.8244137	-26936.3853	16267.6789	0.550671092	2.27505395e+13
5.18e-09	5145.51973	362.937317	-28126.1478	16606.002	0.549777887	2.27464985e+13
5.19e-09	3778.19858	-166.499926	-28359.1607	15551.261	0.54921317	2.2741588e+13
5.2e-09	3966.25566	776.146251	-29083.474	13561.6875	0.548775114	2.27364136e+13
5.21e-09	2648.34877	1173.01487	-27850.8132	14286.8158	0.548630124	2.27312111e+13
5.22e-09	3051.38283	251.53366	-26758.5683	14786.0579	0.548687259	2.27264658e+13
5.23e-09	1469.7143	-164.558551	-25782.9234	13464.904	0.54883761	2.2722297e+13
5.24e-09	915.948373	-773.079525	-24274.7193	14016.3241	0.549379358	2.27190457e+13
5.25e-09	591.435395	-2460.43878	-23948.7615	15065.5633	0.550125743	2.27171277e+13
5.26e-09	1187.00053	-2225.27959	-22860.668	14201.8146	0.550936452	2.27164888e+13
5.27e-09	1170.74052	-4175.29291	-23284.2085	12683.1754	0.551876336	2.27172636e+13
5.28e-09	1085.6309	-3102.07052	-25473.8787	12762.0213	0.552501412	2.27192699e+13
5.29e-09	952.789096	-2180.11458	-25297.054	13113.0742	0.552641703	2.27216423e+13
5.3e-09	1064.77625	-1897.49634	-25727.3103	13971.2601	0.552715425	2.27239754e+13
5.31e-09	-1395.85775	-967.931748	-25829.0739	13854.4063	0.552622873	2.27260327e+13
5.32e-09	-2072.5561	-3038.27061	-25312.2306	14795.6765	0.552623325	2.27278453e+13
5.33e-09	-482.083994	-3456.15314	-27474.9073	16013.6095	0.552252128	2.27292601e+13
5.34e-09	-2331.07557	-3452.75568	-26432.9161	16030.6338	0.551584155	2.27296832e+13
5.35e-09	-1978.86411	-3243.46373	-23091.0929	14424.543	0.55161462	2.27294591e+13
5.36e-09	-569.885907	-3096.93009	-23526.0618	14359.4239	0.552167588	2.27297965e+13
5.37e-09	-1183.72513	-2705.31493	-24148.6817	15160.4679	0.552528257	2.27308159e+13
5.38e-09	-1072.45888	-3002.79764	-24608.9626	12559.4465	0.553012448	2.27323468e+13
5.39e-09	-1191.16668	-2904.86222	-24782.7502	12186.1514	0.553360595	2.27344092e+13
5.4e-09	-1956.3504	-3818.08724	-23789.5791	12377.4392	0.553783434	2.27368198e+13
5.41e-09	-1495.71301	-3212.77994	-24536.6072	13669.5518	0.553972466	2.27395673e+13
5.42e-09	-1599.31553	-971.955326	-26050.0814	15485.189	0.553822932	2.27421639e+13
5.43e-09	-274.922181	-1959.85576	-29125.9976	13436.8669	0.553202633	2.27438927e+13
5.44e-09	-570.70784	-14.7037896	-28680.6891	11875.7418	0.552311959	2.27441758e+13
5.45e-09	-134.227448	-799.70877	-27979.1334	12840.9971	0.551665298	2.27433367e+13
5.46e-09	1055.85196	-1964.3551	-29086.0175	11397.8936	0.551337435	2.27418277e+13
5.47e-09	819.324773	-2746.84186	-28000.2115	12225.9002	0.551055351	2.27399578e+13
5.48e-09	803.722343	-2001.27193	-29148.1497	12035.5951	0.550726969	2.27378652e+13
5.49e-09	297.073547	-1348.92416	-29563.9234	11353.6665	0.550110216	2.27352773e+13
5.5e-09	652.696877	-1358.81501	-29219.9394	12282.9512	0.549641282	2.27320329e+13
5.51e-09	1005.97382	-1145.8944	-27764.6367	12340.9624	0.54938925	2.27284844e+13
5.52e-09	1389.0796	-1307.68059	-26813.8369	11156.6159	0.549695768	2.27253479e+13
5.53e-09	605.353874	-397.887742	-28293.5824	11479.7385	0.549912472	2.27229762e+13
5.54e-09	1276.19991	-781.925181	-27831.6803	11956.5014	0.549851922	2.27209011e+13
5.55e-09	1323.23893	-1101.51529	-28404.7995	11277.2355	0.549876772	2.27189911e+13
5.56e-09	636.269311	-2004.10343	-27939.4647	11617.4879	0.550022929	2.27173712e+13
5.57e-09	1458.8536	-1824.7572	-27892.1988	11485.1173	0.55001281	2.27160074e+13
5.58e-09	1607.19264	-1763.89456	-26312.0204	12407.0213	0.550201417	2.27148905e+13
5.59e-09	3318.0501	-248.71785	-26366.7099	12736.5621	0.550564971	2.27143452e+13
5.6e-09	1422.88594	-1317.52252	-25439.1734	12524.328	0.550952654	2.27143934e+13
5.61e-09	442.051049	-2284.53424	-26712.416	11885.2993	0.551205378	2.271499e+13
5.62e-09	1227.72613	-2881.87867	-25477.1428	9428.68806	0.551708868	2.27159449e+13
5.63e-09	2038.68612	-4138.89985	-25265.4732	8337.36984	0.552495756	2.27178473e+13
5.64e-09	2153.647	-2945.83258	-25248.8571	8894.55877	0.553076004	2.27206525e+13
5.65e-09	1213.32564	-2232.49185	-25897.5295	10735.5752	0.553296066	2.27238633e+13
5.66e-09	797.665966	-1107.58462	-27829.1455	11393.0127	0.553371079	2.272702e+13
5.67e-09	1158.53032	-1885.14974	-27948.102	13226.3141	0.552975096	2.27296166e+13
5.68e-09	-302.727418	-3027.73372	-27068.3221	13617.5184	0.55258817	2.27313374e+13
5.69e-09	-490.148531	-3213.41406	-27834.4286	12265.0923	0.552275685	2.27323651e+13
5.7e-09	-1679.81066	-3093.22505	-27605.1535	11405.0882	0.552150051	2.2732873e+13
5.71e-09	-2008.95416	-1843.26633	-26063.8393	11642.4739	0.552348103	2.27333722e+13
5.72e-09	-2814.78412	-815.055522	-23927.3566	12559.77	0.552806565	2.27343273e+13
5.73e-09	-3469.77873	-528.339677	-23194.8673	13502.5398	0.55335901	2.2736058e+13
5.74e-09	-3137.71438	-1689.70639	-23779.9886	12727.4321	0.553962884	2.27384836e+13
5.75e-09	-944.215568	-2374.15978	-23327.6697	11369.6509	0.554455043	2.27414844e+13
5.76e-09	-590.7776	-840.002136	-24519.1778	10930.2847	0.555080377	2.27451297e+13
5.77e-09	-999.148926	331.096676	-24778.8176	9974.1041	0.555571205	2.27492332e+13
5.78e-09	-996.742819	763.271841	-24421.8014	11848.7024	0.555925819	2.27536072e+13
5.79e-09	146.059313	897.137691	-24977.7086	13761.1069	0.555970333	2.27579895e+13
5.8e-09	-964.904649	582.564839	-26192.0413	13473.9721	0.555655352	2.27616802e+13
5.81e-09	-1485.97131	120.054768	-25885.5088	14223.3404	0.555195102	2.27644623e+13
5.82e-09	-1033.99587	920.226373	-27605.5884	14931.4564	0.554576749	2.27662559e+13
5.83e-09	-2692.76532	1933.3739	-27507.1491	13407.947	0.553660164	2.27666185e+13
5.84e-09	-214.510524	2363.99298	-28559.5018	14780.0424	0.552978099	2.27657957e+13
5.85e-09	409.48492	1726.54239	-27914.741	17411.6466	0.55200275	2.27637575e+13
5.86e-09	-368.651529	1136.18837	-27544.3801	14977.3258	0.55119946	2.27604341e+13
5.87e-09	-1064.73455	1524.35465	-26875.6296	14710.992	0.550838794	2.27565656e+13
5.88e-09	769.667106	1044.51982	-29347.2981	13674.8537	0.550621983	2.27526825e+13
5.89e-09	-1.69435828	1489.47722	-26825.5039	13673.2557	0.550340729	2.27486496e+13
5.9e-09	-864.113253	-50.3616398	-26700.1317	14573.5091	0.550501897	2.27449483e+13
5.91e-09	-2881.27959	145.070421	-24892.3062	15452.0705	0.550637349	2.27418017e+13
5.92e-09	-1647.64278	575.366715	-23785.9915	15146.6638	0.551016273	2.27393252e+13
5.93e-09	-857.848915	907.399707	-25584.493	14373.4485	0.551350726	2.2737691e+13
5.94e-09	-27.9916247	1296.21143	-25254.6035	14214.9349	0.551527735	2.27365793e+13
5.95e-09	1040.01439	1213.75832	-23827.5892	12875.8701	0.551964257	2.27359529e+13
5.96e-09	1515.29485	-348.390937	-24651.6676	14035.1007	0.552518222	2.27362816e+13
5.97e-09	627.373334	-471.172651	-24967.475	13635.7211	0.552866865	2.27371944e+13
5.98e-09	356.439022	-1216.82107	-26282.8616	13213.5876	0.552837963	2.27383248e+13
5.99e-09	696.738069	-678.562259	-25329.3589	13681.4803	0.552764294	2.27392078e+13
6e-09	919.39849	-1209.23166	-24308.3394	13750.2039	0.553059211	2.27401667e+13
6.01e-09	597.220131	-1608.05135	-24558.5614	12537.0078	0.55347537	2.27415569e+13
6.02e-09	915.159948	752.229499	-23198.5265	12336.5786	0.554023274	2.27435492e+13
6.03e-09	-1425.11123	1838.90634	-23948.534	11830.8315	0.55476526	2.27463989e+13
6.04e-09	-1796.11663	2128.98502	-24278.1495	13049.7042	0.555039484	2.27498061e+13
6.05e-09	-1432.95499	473.620038	-27281.7577	13337.3426	0.55485832	2.27530773e+13
6.06e-09	-676.688515	782.765244	-25354.9419	15117.771	0.554374385	2.27553857e+13
6.07e-09	-485.711676	483.06189	-24636.7881	16332.8815	0.554055153	2.27568766e+13
6.08e-09	-1097.41671	103.572341	-25792.2206	15144.8285	0.553900169	2.2757896e+13
6.09e-09	-376.923073	-5.6940057	-25078.9285	15775.3886	0.553622136	2.2758447e+13
6.1e-09	-966.3694	-352.209638	-27017.3895	15997.0655	0.553296079	2.27585801e+13
6.11e-09	-89.3440189	-1057.70153	-25249.5482	15300.0289	0.552904422	2.27580001e+13
6.12e-09	-862.727423	-2186.59288	-24847.8084	14068.1977	0.552822742	2.27571586e+13
6.13e-09	-1568.74956	-1272.14329	-25935.0386	11785.9621	0.553070457	2.27565232e+13
6.14e-09	-95.904527	627.331835	-26040.0263	13693.2307	0.553348885	2.27563379e+13
6.15e-09	-74.489285	-148.62667	-25136.8329	14540.0711	0.553241313	2.27563012e+13
6.16e-09	222.341861	-551.20408	-24834.2055	13773.5908	0.553392637	2.27562867e+13
6.17e-09	-1142.94112	-2246.21843	-25030.9968	13414.574	0.553510444	2.27565219e+13
6.18e-09	204.940604	-2748.4311	-24490.9522	13342.6483	0.553674167	2.27569246e+13
6.19e-09	-484.955565	-2404.61669	-24490.7344	14966.3774	0.553640858	2.27574932e+13
6.2e-09	1160.70971	-2789.325	-23547.4323	14154.3511	0.553896783	2.27580461e+13
6.21e-09	961.535942	-1435.06567	-24064.9168	16073.4217	0.554032205	2.27589775e+13
6.22e-09	635.685698	-1181.55489	-25137.3077	16464.2274	0.553793342	2.27597398e+13
6.23e-09	-684.194568	-769.211748	-27993.3772	15774.2816	0.553219126	2.27598598e+13
6.24e-09	-101.051	141.318044	-29216.9707	14236.9678	0.552140221	2.27586331e+13
6.25e-09	7.68945293	800.06261	-29936.6246	15627.1563	0.551097966	2.27559433e+13
6.26e-09	1555.34083	1815.8984	-29512.7569	15348.6482	0.549975613	2.27517789e+13
6.27e-09	2046.626	254.535803	-29428.4605	15333.6018	0.54899479	2.27464083e+13
6.28e-09	1571.11563	1507.83588	-26765.3818	14634.6098	0.548475196	2.27402714e+13
6.29e-09	267.030162	2057.05539	-26692.8115	13268.0266	0.548689767	2.27345203e+13
6.3e-09	1142.93481	938.288574	-26519.151	12250.9223	0.548957001	2.27296968e+13
6.31e-09	650.537768	-513.702199	-27890.7199	11215.4223	0.549257945	2.27258313e+13
6.32e-09	1428.52571	-696.302742	-27414.4745	8259.8364	0.549450474	2.27226089e+13
6.33e-09	1515.092	290.093668	-27477.087	9569.43487	0.550132487	2.27203861e+13
6.34e-09	205.199394	531.413018	-27407.3293	10154.4573	0.550533003	2.27192363e+13
6.35e-09	-358.599316	55.832649	-28944.3104	11580.708	0.550559156	2.27185913e+13
6.36e-09	-482.246542	366.949026	-27764.8199	12117.5332	0.550332638	2.27177607e+13
6.37e-09	-800.280447	-1935.73732	-28277.5709	13107.043	0.55012835	2.27167418e+13
6.38e-09	-125.809546	-444.666979	-26870.8411	12928.7012	0.550047343	2.27155303e+13
6.39e-09	-660.704276	-220.85421	-24577.5119	11873.6789	0.550477761	2.27146257e+13
6.4e-09	-784.619809	1837.78503	-23898.5468	10990.4433	0.551333084	2.27148061e+13
6.41e-09	-1384.36987	148.384013	-24431.825	11166.909	0.552252578	2.27163801e+13
6.42e-09	-1381.11913	-949.301319	-26207.9182	10200.7368	0.552594533	2.27188299e+13
6.43e-09	-1214.5061	-1912.41702	-26073.1287	10220.4455	0.55294304	2.27214854e+13
6.44e-09	-5.96298506	-2919.78082	-26794.4782	9867.52293	0.553003281	2.2724274e+13
6.45e-09	-30.2399607	-1887.01787	-27350.8718	8954.90771	0.55308431	2.27268892e+13
6.46e-09	-559.220877	-2784.76098	-29429.3295	9345.53976	0.552905248	2.27292429e+13
6.47e-09	-1058.27917	-1235.31936	-29240.4523	8479.02323	0.55231106	2.27307169e+13
6.48e-09	-717.694468	112.281121	-29401.5585	8644.047	0.551973577	2.2731409e+13
6.49e-09	-274.122567	1711.81046	-28681.9134	10407.0912	0.551515361	2.27313638e+13
6.5e-09	-484.691173	1537.58672	-26113.7348	11427.5452	0.551421037	2.27308425e+13
6.51e-09	-1020.56357	1596.79433	-25837.2068	12045.9863	0.551844541	2.27306348e+13
6.52e-09	846.582255	1318.33365	-25137.782	12593.7447	0.552176098	2.27310283e+13
6.53e-09	-155.052737	3203.73868	-24905.9365	11159.8006	0.552609112	2.27319716e+13
6.54e-09	-1840.5107	190.760692	-24645.7201	10935.1773	0.553143507	2.27335527e+13
6.55e-09	-3091.60873	-949.565349	-24387.4203	9112.57608	0.553763663	2.27358465e+13
6.56e-09	-4434.67715	243.24179	-24678.0294	7319.23214	0.554553583	2.27390008e+13
6.57e-09	-3504.06864	270.159588	-23927.2373	6800.16124	0.555325348	2.27430106e+13
6.58e-09	-2131.5355	999.516191	-23919.8549	8308.40514	0.556221437	2.27479564e+13
6.59e-09	-850.039161	795.789977	-23114.3889	8837.11615	0.557080222	2.27538002e+13
6.6e-09	-1410.87712	1525.65707	-22264.408	11724.3234	0.557820419	2.27603426e+13
6.61e-09	-241.46617	-7.19765797	-24405.485	13966.1838	0.558155995	2.27672106e+13
6.62e-09	-190.355473	-1106.17776	-22948.7441	15796.5389	0.557903454	2.2773385e+13
6.63e-09	-1420.87866	-1513.36539	-24563.5905	15412.0143	0.557590754	2.2778631e+13
6.64e-09	-1627.50938	-829.870836	-24008.7593	12699.8578	0.557288338	2.27828197e+13
6.65e-09	-959.451727	-432.788057	-24818.3565	13377.1983	0.557226549	2.27864499e+13
6.66e-09	-378.145973	-712.54213	-27703.7805	13917.8174	0.556666607	2.27893271e+13
6.67e-09	1616.79503	-391.484966	-27776.2974	14085.9215	0.555542883	2.2790595e+13
6.68e-09	2147.61269	-1598.38066	-28213.9987	13681.7762	0.554533848	2.2790113e+13
6.69e-09	1322.95905	-1414.23212	-29527.5436	14193.953	0.553494317	2.27881346e+13
6.7e-09	1757.14239	-1487.92974	-28064.6706	12390.0225	0.552549083	2.27846627e+13
6.71e-09	992.191283	-3449.10069	-27606.4334	11141.0311	0.552219217	2.27805844e+13
6.72e-09	683.088899	-2517.4652	-28183.5175	11076.1709	0.551962803	2.27764602e+13
6.73e-09	302.870943	-3608.16672	-26092.4528	9708.32336	0.552056516	2.27724982e+13
6.74e-09	-156.960062	-2368.32493	-26398.4644	10935.8896	0.552402443	2.27693863e+13
6.75e-09	-468.436601	-2562.24155	-25516.3889	12622.8172	0.552497819	2.27668484e+13
6.76e-09	-287.505454	-504.432491	-24584.4457	12202.5327	0.552847254	2.27648451e+13
6.77e-09	-1800.35819	-1325.75538	-24869.8354	13575.112	0.55329502	2.27636995e+13
6.78e-09	-1885.93526	-1446.56049	-25800.2249	13217.8908	0.553382343	2.27630984e+13
6.79e-09	-458.81951	113.842058	-26753.2608	13404.3651	0.553243628	2.27625071e+13
6.8e-09	600.741469	2140.57399	-26533.5867	14528.9662	0.552877788	2.27616045e+13
6.81e-09	599.458344	2262.52628	-24795.5767	13736.682	0.552770866	2.27603311e+13
6.82e-09	1563.1239	2305.65427	-23999.2516	13196.5241	0.553241325	2.2759423e+13
6.83e-09	462.819544	3070.45388	-22528.5237	12155.783	0.553946276	2.2759462e+13
6.84e-09	-167.491062	4592.82785	-23879.3483	11245.2358	0.554641857	2.27606901e+13
6.85e-09	-700.039486	1449.5433	-23686.7606	12722.8907	0.555107797	2.27626516e+13
6.86e-09	-1984.85083	2819.67457	-24469.9904	11733.333	0.555441642	2.27650501e+13
6.87e-09	-2178.17098	4060.16985	-25976.0797	13435.8008	0.555517652	2.27676162e+13
6.88e-09	-1354.04828	3054.40798	-25458.8786	14406.3026	0.554953367	2.27695432e+13
6.89e-09	140.658341	2495.93034	-25858.0627	15485.0113	0.554432459	2.27705002e+13
6.9e-09	-1000.88409	1377.38872	-25602.8518	15110.3917	0.554251054	2.27707437e+13
6.91e-09	-2195.30394	944.487229	-25418.3729	16105.0099	0.553942408	2.27705969e+13
6.92e-09	-829.8192	-260.392747	-27055.4355	14885.828	0.553517579	2.27699412e+13
6.93e-09	203.825006	-782.859787	-27829.5743	14804.6811	0.552878327	2.27685354e+13
6.94e-09	1959.51873	-297.829188	-28262.3307	14581.0993	0.552125403	2.27662279e+13
6.95e-09	2759.96083	-432.610501	-28540.8386	13862.2099	0.55148725	2.27630294e+13
6.96e-09	1456.28655	-49.3477569	-28249.5315	15571.938	0.550920933	2.27592054e+13
6.97e-09	2201.57949	1928.52443	-26904.0976	13621.5767	0.550426974	2.27548693e+13
6.98e-09	1069.17097	122.621908	-27296.0471	14914.7976	0.550231484	2.27505313e+13
6.99e-09	2473.97582	496.192279	-26603.6065	14428.5991	0.549982975	2.27462096e+13
7e-09	1573.63864	1749.69626	-26808.3098	13506.7233	0.550086294	2.2742173e+13
7.01e-09	1101.65301	1717.53158	-26852.4504	13678.9463	0.550123579	2.2738633e+13
7.02e-09	1880.6879	3610.20447	-26312.2852	13977.2776	0.55014469	2.27354215e+13
7.03e-09	498.089849	2469.23904	-25311.1064	14374.4855	0.550398745	2.27327169e+13
7.04e-09	1213.43321	97.3554474	-25804.9104	14579.8489	0.550488167	2.27305621e+13
7.05e-09	516.874237	2207.21045	-26900.1277	12705.415	0.550603561	2.27287614e+13
7.06e-09	1326.06229	3718.45378	-25165.9078	14244.6003	0.550805546	2.27273431e+13
7.07e-09	266.895548	5469.56581	-26667.1426	14796.9687	0.550774987	2.27263048e+13
7.08e-09	135.042394	5807.88335	-26204.0084	14341.3598	0.55053411	2.27250926e+13
7.09e-09	-554.083266	5138.48941	-27026.467	13189.4394	0.55033983	2.27236747e+13
7.1e-09	-542.877548	2949.0945	-27677.2295	13584.8277	0.550234826	2.2722182e+13
7.11e-09	4.31093346	4048.31913	-27317.899	15023.487	0.550003339	2.2720546e+13
7.12e-09	-2607.106	1533.87214	-26735.069	13991.59	0.549803742	2.27186981e+13
7.13e-09	-1251.45471	1871.30748	-27068.7872	11691.2163	0.549861892	2.27169027e+13
7.14e-09	-2271.82881	963.625462	-26870.6146	12854.949	0.550092629	2.27155117e+13
7.15e-09	-3348.48761	845.524462	-28307.6849	12166.2207	0.550060691	2.27144728e+13
7.16e-09	-289.912368	-489.352917	-26055.539	11677.5499	0.55014155	2.27134375e+13
7.17e-09	-728.688978	-459.587413	-29021.3463	12502.5506	0.550154324	2.27127693e+13
7.18e-09	-201.486668	87.2999591	-28724.4772	13671.85	0.549839179	2.27118401e+13
7.19e-09	-771.146849	1628.58226	-26199.2856	14079.1729	0.549673547	2.2710582e+13
7.2e-09	-2356.99961	1262.48485	-24501.4674	13675.5325	0.550177611	2.27096685e+13
7.21e-09	-84.9202048	1199.79044	-24647.5277	12954.7537	0.550803367	2.27097008e+13
7.22e-09	170.201402	1133.44056	-24109.8406	12670.4843	0.551516552	2.27107549e+13
7.23e-09	2043.59145	89.4568781	-25591.1468	11772.3369	0.552106414	2.27127448e+13
7.24e-09	1182.18522	-1846.6635	-26404.4183	12786.39	0.552219261	2.27151262e+13
7.25e-09	2679.52927	-2757.01943	-25658.2156	13767.1497	0.552224433	2.27173333e+13
7.26e-09	1658.39491	-1655.73755	-26496.152	11965.8331	0.552431035	2.27194837e+13
7.27e-09	1178.86979	-3390.60255	-27588.4144	11977.7386	0.552334592	2.27215917e+13
7.28e-09	321.38331	-1616.96525	-27707.7091	11160.694	0.552109855	2.272319e+13
7.29e-09	-346.564353	-284.805215	-29237.4438	11135.5254	0.551771409	2.27243477e+13
7.3e-09	-123.701878	1073.26943	-28816.1086	10171.9718	0.551548	2.27248225e+13
7.31e-09	347.113136	1745.23887	-27184.392	10132.8233	0.551374079	2.27249306e+13
7.32e-09	-2253.99984	2247.48231	-26878.4821	9763.95323	0.551655798	2.27251279e+13
7.33e-09	-2869.96374	1801.42081	-25286.5038	11464.168	0.552074904	2.27258e+13
7.34e-09	-2800.42639	723.514625	-25823.8777	12772.7384	0.552314115	2.27270153e+13
7.35e-09	-3246.76557	22.028335	-26140.5489	11682.025	0.552299664	2.27282585e+13
7.36e-09	-2664.18641	1728.7551	-26789.0515	11290.4543	0.552389179	2.27294129e+13
7.37e-09	-2614.04083	384.56007	-25567.1954	10447.5445	0.552641194	2.27306883e+13
7.38e-09	-2273.80801	-36.7834557	-25117.5818	8802.49781	0.553335049	2.27325203e+13
7.39e-09	-2476.58948	690.107116	-25518.1289	8679.945	0.553925078	2.27352576e+13
7.4e-09	-1678.93861	825.109752	-24474.4589	8072.02757	0.55448974	2.27385452e+13
7.41e-09	-1600.42539	388.264854	-24869.8017	8882.63363	0.555246922	2.27425639e+13
7.42e-09	-2287.31427	-332.365634	-25179.4336	10696.6098	0.555673774	2.27471371e+13
7.43e-09	-1915.03961	1129.75815	-24462.5295	13202.0325	0.556079375	2.27518942e+13
7.44e-09	-1183.1422	-426.549874	-25246.4439	13487.196	0.556005411	2.27565545e+13
7.45e-09	-654.115419	-994.249876	-24984.9454	13937.3245	0.555797576	2.2760527e+13
7.46e-09	114.757114	-1492.51043	-25881.0273	13053.7405	0.555419338	2.27636964e+13
7.47e-09	-500.471966	-1511.41814	-27028.6037	13596.2508	0.554991584	2.27659733e+13
7.48e-09	-396.578559	-405.07622	-28565.0603	13500.2855	0.554254942	2.27671942e+13
7.49e-09	-603.662659	-27.0231584	-28861.9193	14164.7909	0.553314466	2.27669817e+13
7.5e-09	-663.252445	40.7973545	-29149.4878	14212.0529	0.552358033	2.27653395e+13
7.51e-09	-673.951455	341.638163	-28045.9533	12967.7499	0.55173943	2.27625229e+13
7.52e-09	1113.70077	544.795515	-27893.5601	11689.355	0.551338885	2.27592258e+13
7.53e-09	788.010669	609.046177	-27706.8873	11266.1425	0.551157825	2.27558199e+13
7.54e-09	2523.04732	-5.60564493	-26751.8253	11897.6575	0.551253058	2.2752626e+13
7.55e-09	1257.83414	2726.45204	-26415.7092	11566.3978	0.551426681	2.27499508e+13
7.56e-09	1496.33082	3728.54064	-27702.7523	12846.8959	0.551414996	2.27477702e+13
7.57e-09	-77.6720029	2889.89389	-27879.693	11853.0043	0.551114543	2.27454818e+13
7.58e-09	1046.42229	2524.87493	-27247.0149	13105.8499	0.551003092	2.27430599e+13
7.59e-09	39.8090749	1923.36222	-26842.8764	12765.7714	0.551036093	2.27407708e+13
7.6e-09	1712.54607	866.156334	-27706.3508	12073.4211	0.551037324	2.27388335e+13
7.61e-09	660.282364	1309.35134	-26567.0383	11684.635	0.551192297	2.27370721e+13
7.62e-09	-224.817984	1113.93171	-27007.7373	13226.3043	0.551280919	2.27357576e+13
7.63e-09	127.121893	-1002.40708	-27839.1885	14955.8019	0.550932219	2.27344172e+13
7.64e-09	1068.78387	-1719.04355	-23964.8685	16473.3613	0.55083713	2.27326929e+13
7.65e-09	56.4253174	74.1770445	-24784.7467	15199.6919	0.551046149	2.27313039e+13
7.66e-09	207.177828	-1113.74976	-25325.016	12003.8616	0.551397376	2.27304057e+13
7.67e-09	-440.322895	-618.024374	-26396.6366	12565.1693	0.551699577	2.27301934e+13
7.68e-09	-616.700218	-2593.30506	-26395.384	13535.7842	0.551652448	2.27301989e+13
7.69e-09	-365.838539	-883.057985	-26481.9044	12801.8101	0.551606195	2.2730098e+13
7.7e-09	-682.237327	-45.4005943	-28247.678	12794.1675	0.551522981	2.27299747e+13
7.71e-09	1028.1492	-540.667238	-28382.92	13169.4372	0.551189331	2.27295256e+13
7.72e-09	148.589234	-558.839839	-28778.1949	12101.888	0.550695379	2.27284757e+13
7.73e-09	535.484509	-375.989617	-29167.1233	12494.1153	0.550281119	2.27268318e+13
7.74e-09	-1011.99272	-852.352169	-29278.8631	12090.1877	0.54973658	2.27246378e+13
7.75e-09	387.823163	518.724416	-28505.762	13406.9616	0.549287408	2.27218384e+13
7.76e-09	1653.61312	1803.44173	-26348.5568	12072.5405	0.549342298	2.27189161e+13
7.77e-09	2367.0053	2139.50633	-26748.1057	12622.9088	0.549708559	2.27166734e+13
7.78e-09	1054.36052	2285.96622	-26596.2918	12605.4174	0.549983991	2.27150889e+13
7.79e-09	-743.02248	1470.32067	-27193.2231	14741.9863	0.549998245	2.27139705e+13
7.8e-09	-501.819624	2403.22734	-27088.3351	15012.6409	0.549749226	2.27127189e+13
7.81e-09	556.798649	2094.47449	-26521.8229	14368.4442	0.549832686	2.27114268e+13
7.82e-09	-150.215004	3589.3328	-27309.7736	14135.8897	0.549789134	2.27103672e+13
7.83e-09	128.584587	2439.21226	-28591.467	14752.5599	0.54951225	2.27091625e+13
7.84e-09	2483.62282	2806.39346	-28689.0142	15333.1693	0.549059673	2.27074678e+13
7.85e-09	2251.20773	1996.43322	-28884.2297	13483.8948	0.548581259	2.27052083e+13
7.86e-09	1236.99352	2562.81992	-28104.4169	12655.7086	0.548449888	2.270269e+13
7.87e-09	1778.32181	2171.38167	-28678.1563	13404.3329	0.548419501	2.27003355e+13
7.88e-09	1901.21016	2209.6514	-26880.1517	13349.2325	0.548291559	2.26979884e+13
7.89e-09	1961.11691	3302.48935	-27082.0691	13338.8819	0.548349392	2.26958672e+13
7.9e-09	19.9901804	1417.16981	-28014.4553	12648.6073	0.548463871	2.26940846e+13
7.91e-09	-196.405153	-403.005439	-27623.5986	11423.3146	0.548562733	2.26925673e+13
7.92e-09	-1243.83912	609.498885	-28313.9083	12524.5246	0.548690238	2.26914706e+13
7.93e-09	-982.336094	193.864892	-26507.0831	11754.9853	0.548963065	2.269063e+13
7.94e-09	-290.933605	-801.843235	-26103.7632	12395.2325	0.549486147	2.26905395e+13
7.95e-09	-1408.77385	-1142.95057	-26113.0734	10673.2823	0.54992663	2.26911962e+13
7.96e-09	-478.227012	-1604.65554	-27791.1473	11883.938	0.550128785	2.26923615e+13
7.97e-09	990.754847	-6.7247965	-27406.9632	10863.2854	0.550101212	2.26935085e+13
7.98e-09	2400.65896	752.6636	-27542.9394	11760.6049	0.550431112	2.26947406e+13
7.99e-09	2974.00698	1496.94459	-28110.7475	12184.2631	0.550257171	2.26960851e+13
8e-09	3174.78895	850.399093	-27261.5451	11186.242	0.55021688	2.26970175e+13
8.01e-09	2746.40945	1102.72717	-25787.3671	12808.9849	0.550475704	2.26980285e+13
8.02e-09	2938.47728	1829.95703	-25997.3424	11804.8182	0.551022175	2.26995654e+13
8.03e-09	2426.13621	2774.02396	-25636.5382	10591.7754	0.551500737	2.27017429e+13
8.04e-09	2145.58896	3199.40598	-25739.7987	10260.4609	0.551971027	2.27044396e+13
8.05e-09	2330.65776	603.789564	-25178.592	13133.2693	0.552394911	2.27075692e+13
8.06e-09	3664.13284	-1011.03444	-24824.1554	15371.6886	0.552591021	2.27109524e+13
8.07e-09	3097.85155	204.566451	-24942.0762	15355.6844	0.55266836	2.27141864e+13
8.08e-09	2666.72488	396.61291	-25118.8679	14365.1279	0.552587745	2.27171039e+13
8.09e-09	2780.69833	-439.914172	-24808.6251	13137.4746	0.552761415	2.27197699e+13
8.1e-09	3306.0404	-1707.79221	-24961.6583	13239.316	0.552908985	2.27225108e+13
8.11e-09	3748.69278	-846.717468	-28406.348	12186.6618	0.552722803	2.27251208e+13
8.12e-09	3188.0155	-451.951781	-27619.6327	12651.723	0.552276896	2.27268086e+13
8.13e-09	910.377423	625.977025	-27466.5815	13204.4625	0.551995974	2.27277861e+13
8.14e-09	462.557336	1212.94179	-27846.4665	12174.4749	0.55166425	2.27282182e+13
8.15e-09	851.001344	1419.70041	-27859.5314	11233.8919	0.551375859	2.27281666e+13
8.16e-09	418.782376	1868.77264	-25580.0995	11217.1918	0.551606434	2.27279297e+13
8.17e-09	-1045.69276	1669.62335	-25417.891	12050.0935	0.551965611	2.27282934e+13
8.18e-09	-478.30898	-1046.60379	-25230.1005	11464.1473	0.552505712	2.27292437e+13
8.19e-09	-2030.7995	-1562.49388	-26645.5616	10302.7556	0.552857782	2.27308749e+13
8.2e-09	201.286431	-698.246376	-26499.614	9708.41773	0.553039815	2.27326736e+13
8.21e-09	2173.82157	-338.298145	-26288.451	8907.37572	0.553323985	2.27347051e+13
8.22e-09	2390.99462	490.982807	-24861.9245	9686.11708	0.553793771	2.27370662e+13
8.23e-09	2888.90619	346.220523	-23943.1259	9719.05791	0.554250269	2.27399195e+13
8.24e-09	1848.34013	2432.04967	-25430.8593	10694.9045	0.554709852	2.27432822e+13
8.25e-09	1713.55254	2160.64803	-26499.3251	10341.449	0.554781803	2.27467282e+13
8.26e-09	1319.84804	2150.73228	-27157.1089	12951.582	0.554412673	2.27496684e+13
8.27e-09	1724.55924	1623.31924	-26913.8491	14426.3165	0.553641335	2.27514895e+13
8.28e-09	661.082409	666.301488	-26167.7766	14095.7066	0.553225292	2.27521262e+13
8.29e-09	1506.47713	894.204292	-27494.1253	12309.1514	0.55300924	2.27522678e+13
8.3e-09	-194.501283	-260.677411	-28094.447	13720.1255	0.552479905	2.27518871e+13
8.31e-09	-744.884335	-219.774862	-28383.2662	13558.4305	0.551850193	2.27506151e+13
8.32e-09	720.168024	774.137946	-29057.4617	13884.0564	0.551118227	2.27484836e+13
8.33e-09	1646.78337	795.739135	-27916.0747	13079.4888	0.55050962	2.27453729e+13
8.34e-09	362.057239	332.722972	-26979.5395	12295.2721	0.550478662	2.27420755e+13
8.35e-09	493.997766	-1029.27586	-27630.4203	11300.7473	0.55067036	2.27392344e+13
8.36e-09	2171.89946	-254.00094	-27480.2968	10122.6143	0.550891306	2.27369313e+13
8.37e-09	1275.1791	204.56229	-30108.0909	11046.5528	0.550473305	2.27349235e+13
8.38e-09	1498.28182	681.590159	-28545.1061	11214.523	0.550169145	2.27323332e+13
8.39e-09	-99.4807248	1017.78655	-26515.6339	11093.5979	0.5503229	2.27298477e+13
8.4e-09	-695.11268	2024.12876	-25766.6251	12412.0224	0.550804176	2.27281099e+13
8.41e-09	-229.545111	2584.59408	-25643.4699	13049.7627	0.551014067	2.27271545e+13
8.42e-09	-134.389012	2800.77784	-25999.3752	12475.1975	0.551324466	2.27266411e+13
8.43e-09	758.6578	1858.11296	-25080.4944	11969.969	0.55187211	2.27267037e+13
8.44e-09	2574.6098	524.913609	-25575.0585	11519.3015	0.552244012	2.27275722e+13
8.45e-09	1357.05281	1635.57051	-27722.7747	13033.9221	0.552198837	2.27287439e+13
8.46e-09	706.994587	1794.05378	-27646.9773	10621.8512	0.551959977	2.27294142e+13
8.47e-09	2412.7299	711.835439	-28359.6646	12966.0145	0.551860956	2.27298656e+13
8.48e-09	861.57486	-103.149545	-26735.399	12435.1623	0.551639308	2.27298987e+13
8.49e-09	612.564792	668.035573	-26266.3993	12865.1519	0.551673706	2.27298559e+13
8.5e-09	-37.1663478	498.18015	-26495.3033	12582.4401	0.551822655	2.27299732e+13
8.51e-09	-400.895872	1665.65042	-26463.4032	13493.7078	0.551860373	2.27302236e+13
8.52e-09	-440.008122	1191.06589	-25498.1014	13702.1546	0.551852942	2.27304271e+13
8.53e-09	119.565497	-962.289275	-27296.2267	13830.1722	0.551885272	2.273075e+13
8.54e-09	1163.39228	718.773909	-25108.9053	13134.7264	0.551953355	2.27309104e+13
8.55e-09	1152.3735	-226.978823	-25480.474	13243.0394	0.552157386	2.27313858e+13
8.56e-09	2555.46967	-284.295698	-26744.5679	12462.146	0.552469258	2.27321849e+13
8.57e-09	2835.3179	409.335546	-26172.7275	12697.8346	0.552589547	2.27332385e+13
8.58e-09	1287.40948	1795.05507	-25454.3825	13048.4947	0.552739813	2.27344159e+13
8.59e-09	1958.31374	1823.85586	-25078.6372	12732.4333	0.552922261	2.27357548e+13
8.6e-09	2559.16736	-250.133874	-24882.014	15287.552	0.552874114	2.27370989e+13
8.61e-09	1013.10668	203.806176	-24116.0019	13175.1006	0.553100055	2.27383486e+13
8.62e-09	-157.919465	785.32691	-24120.209	12204.8468	0.553718683	2.27401375e+13
8.63e-09	-1036.74483	1270.01305	-24484.2987	13377.9286	0.55413854	2.27426281e+13
8.64e-09	226.750715	307.254849	-25423.2769	12253.2986	0.554437535	2.27453993e+13
8.65e-09	1889.75417	-394.844776	-25463.7717	12934.6377	0.554485868	2.27481918e+13
8.66e-09	-130.337288	1484.57187	-27334.2873	12058.569	0.554206659	2.27505934e+13
8.67e-09	212.521051	1337.93009	-28335.5298	11269.1816	0.553681659	2.27521525e+13
8.68e-09	-1630.69629	2913.83967	-29281.579	12282.7209	0.552945253	2.27526612e+13
8.69e-09	-374.940123	2140.64611	-28678.4761	11020.3811	0.552173257	2.27518913e+13
8.7e-09	48.0717893	3061.11022	-27889.947	12268.0863	0.551916563	2.27504107e+13
8.71e-09	1940.19853	1787.44224	-27774.71	10919.349	0.55174989	2.27487142e+13
8.72e-09	789.883568	3316.45973	-28080.3621	9856.37191	0.55159474	2.27469652e+13
8.73e-09	956.961932	2567.31519	-27224.4556	10558.9228	0.551686357	2.2745299e+13
8.74e-09	765.106972	2383.86291	-25285.2685	9679.40603	0.552007644	2.27440032e+13
8.75e-09	-1513.11225	1531.70012	-25310.6906	9057.26896	0.552657165	2.27436766e+13
8.76e-09	-2361.33943	2682.35327	-25600.3911	7364.35257	0.553314687	2.27443587e+13
8.77e-09	-3803.20221	2038.8433	-26039.2024	7895.25786	0.553874697	2.27458931e+13
8.78e-09	-3792.21145	2710.07444	-27374.6455	7419.45349	0.554151112	2.27479742e+13
8.79e-09	-2411.81285	2028.2876	-29018.6383	7704.74146	0.553903492	2.27499267e+13
8.8e-09	-1820.61755	3558.43258	-28508.8952	8861.48549	0.553618805	2.27512192e+13
8.81e-09	-289.571852	2606.37449	-29786.1921	10013.4905	0.552906515	2.27517632e+13
8.82e-09	-576.950756	1118.33604	-29444.0414	11502.1952	0.55228799	2.27511445e+13
8.83e-09	-2036.26642	473.976685	-28512.7761	11099.4937	0.551690588	2.27496317e+13
8.84e-09	-2437.87366	285.687046	-27147.3857	11237.14	0.551602434	2.27476934e+13
8.85e-09	-2352.40615	-803.478529	-27457.0774	11489.5033	0.551542155	2.27458888e+13
8.86e-09	-503.485564	-2111.03105	-27149.2147	11591.1853	0.551485684	2.27441104e+13
8.87e-09	1319.17172	-1848.46212	-26745.796	14159.8396	0.551560379	2.2742565e+13
8.88e-09	1225.69724	-629.792985	-26948.189	13076.4569	0.5513917	2.27410547e+13
8.89e-09	3919.68889	399.162297	-24922.9181	11132.0166	0.5516212	2.2739637e+13
8.9e-09	3946.41254	-722.440956	-25694.5878	9550.01762	0.552226901	2.27390683e+13
8.91e-09	3595.66746	-1647.7787	-25953.4718	11181.5056	0.552786771	2.27394845e+13
8.92e-09	3481.54785	-2153.66787	-28123.5485	12953.8624	0.552620268	2.27402705e+13
8.93e-09	2611.08891	-1674.15852	-28229.771	13454.5168	0.552028311	2.27403123e+13
8.94e-09	1832.6725	-1999.70071	-27220.7526	13965.012	0.551438959	2.2739435e+13
8.95e-09	2376.90493	-1674.28745	-27485.9061	14311.7312	0.551184542	2.27380205e+13
8.96e-09	2372.04049	-1419.99055	-28141.2782	13906.9776	0.550812921	2.27362402e+13
8.97e-09	2254.04498	-902.052324	-26418.3783	14441.4415	0.550679418	2.27341632e+13
8.98e-09	2997.81367	-1528.56528	-26300.7686	15157.1634	0.550719881	2.27322527e+13
8.99e-09	2225.47316	-577.082347	-26959.3883	15043.526	0.550590996	2.27305167e+13
9e-09	2320.54161	323.917702	-26696.9342	14804.8646	0.550275536	2.27285942e+13
9.01e-09	1923.20598	907.289308	-24814.9266	13393.3983	0.550534742	2.27266629e+13
9.02e-09	2104.47585	-236.569587	-24696.5921	11649.2214	0.550983097	2.27255156e+13
9.03e-09	1366.23393	730.430301	-26166.4686	12406.9787	0.551518031	2.27253496e+13
9.04e-09	-1380.05446	582.359863	-24530.368	11471.0506	0.551966993	2.27257905e+13
9.05e-09	-1133.48752	-290.921187	-25543.5171	10068.3652	0.552406367	2.27269503e+13
9.06e-09	-594.47581	-2227.87253	-25407.9516	11449.0068	0.553041342	2.27288109e+13
9.07e-09	-2708.73956	-1339.25405	-25002.6784	12533.1763	0.553307766	2.27311702e+13
9.08e-09	-3164.46992	-453.673096	-25986.5694	12447.6122	0.553472004	2.2733699e+13
9.09e-09	-3984.09395	279.044627	-28116.1467	11370.2706	0.553373468	2.27360472e+13
9.1e-09	-3798.29095	637.826745	-28596.7366	10988.4846	0.552846862	2.27376795e+13
9.11e-09	-3342.74736	1590.80676	-27744.3507	12556.7047	0.55227511	2.27383152e+13
9.12e-09	-3337.13347	700.622573	-29855.5637	12852.7947	0.551638458	2.27380657e+13
9.13e-09	-3862.17176	996.508621	-29542.43	12902.2435	0.550890901	2.27367166e+13
9.14e-09	-5089.65026	158.897673	-29178.5772	13297.237	0.55031183	2.27344564e+13
9.15e-09	-3938.36063	-468.346876	-27688.9854	12340.1686	0.549767906	2.27314788e+13
9.16e-09	-1722.34888	779.331698	-28962.965	12872.6096	0.549776984	2.2728485e+13
9.17e-09	-672.889143	1066.61343	-28437.4122	12523.5885	0.549571778	2.27255397e+13
9.18e-09	432.281891	800.139306	-27023.6565	11395.6071	0.549661793	2.27227257e+13
9.19e-09	2104.93493	1443.71937	-27773.4854	10558.8609	0.550050289	2.27205854e+13
9.2e-09	-471.723231	378.406498	-27117.6823	11203.6375	0.550242574	2.27191116e+13
9.21e-09	-803.459905	786.156445	-25442.7632	12526.493	0.550748158	2.27182662e+13
9.22e-09	-518.240179	-311.860022	-27029.5168	11537.1135	0.551102043	2.2718209e+13
9.23e-09	-1403.91665	1113.11952	-26781.0315	13807.2003	0.55104542	2.27184146e+13
9.24e-09	-1912.56713	1395.77521	-27118.7481	13773.2383	0.55098644	2.27184839e+13
9.25e-09	-2220.0945	2689.63056	-24220.4084	13460.2499	0.551154651	2.27185084e+13
9.26e-09	-222.443883	1620.31215	-23927.6064	12215.4143	0.551884227	2.27192583e+13
9.27e-09	454.532197	1885.65017	-27625.0438	12003.9922	0.552178322	2.27209313e+13
9.28e-09	52.2959278	1419.3844	-26072.4389	12741.5121	0.552174751	2.27225009e+13
9.29e-09	-112.937641	180.294695	-25905.5768	12619.748	0.552285234	2.27240323e+13
9.3e-09	853.011007	-906.471653	-26497.2375	12797.4381	0.552329738	2.27255737e+13
9.31e-09	1159.65988	-1115.58912	-26668.8893	13346.769	0.552240471	2.27269209e+13
9.32e-09	1353.34718	-1321.05486	-27151.0836	13068.1687	0.552092353	2.27279596e+13
9.33e-09	2248.05202	-1427.79615	-27964.5383	12621.1429	0.551803489	2.27286304e+13
9.34e-09	2998.31134	-1934.83258	-26907.0362	12008.3231	0.551642199	2.27287729e+13
9.35e-09	1091.15356	-1346.10947	-25929.3488	12078.7102	0.551770479	2.27289138e+13
9.36e-09	1322.94888	-1642.46812	-25661.3665	13310.5123	0.551973558	2.27292921e+13
9.37e-09	2301.68844	-167.669495	-26349.4576	13772.806	0.552094452	2.27299397e+13
9.38e-09	1115.26712	-711.66786	-25973.1152	14431.8659	0.551971175	2.27304861e+13
9.39e-09	111.850881	-1960.68198	-26448.9173	13708.4161	0.551886224	2.2730793e+13
9.4e-09	189.998594	-2683.46966	-26055.371	13877.472	0.551756493	2.27309405e+13
9.41e-09	-149.075772	-831.74137	-27045.5095	14657.4838	0.551730692	2.27309775e+13
9.42e-09	1763.71784	1091.87992	-24983.6116	13358.3463	0.551702228	2.27308247e+13
9.43e-09	2920.51872	-287.856481	-25318.0753	12229.3462	0.552168657	2.27310961e+13
9.44e-09	130.011975	-1150.20515	-24765.9839	12555.0944	0.552449374	2.27319386e+13
9.45e-09	1669.85583	162.150476	-25792.0292	10614.6955	0.552809027	2.27332062e+13
9.46e-09	-216.345199	-721.878546	-26145.5591	9668.03245	0.553253092	2.27349288e+13
9.47e-09	390.41107	1464.37907	-26632.4724	8007.57789	0.553433526	2.27370129e+13
9.48e-09	456.238798	558.826675	-27113.4493	8098.10819	0.553785393	2.27392933e+13
9.49e-09	1303.87528	-161.145163	-28309.8926	9408.88088	0.553791163	2.27416976e+13
9.5e-09	-374.181767	-896.657767	-30793.2132	9699.38692	0.553101532	2.27434442e+13
9.51e-09	350.806453	668.352125	-29923.2154	9517.27217	0.552265994	2.27437107e+13
9.52e-09	290.109407	-526.865315	-30035.7125	10749.9268	0.551692908	2.27428907e+13
9.53e-09	1189.35641	881.634249	-29979.8077	11465.6331	0.551216341	2.27413448e+13
9.54e-09	1966.38761	409.813118	-30024.665	12959.198	0.550365678	2.27389836e+13
9.55e-09	1087.50077	-548.360365	-30005.0844	13579.5782	0.549461453	2.27354922e+13
9.56e-09	1236.86554	-1904.09671	-28837.1244	12160.8573	0.549147549	2.27312908e+13
9.57e-09	940.397913	-2248.85452	-27750.5574	10603.4211	0.54926439	2.27273176e+13
9.58e-09	2174.77981	-1273.59065	-25363.7879	10345.4342	0.550086768	2.27243839e+13
9.59e-09	4219.3125	-1598.45587	-22969.6207	9639.86763	0.551173286	2.2723172e+13
9.6e-09	2414.25597	-98.0476427	-23254.0571	9177.92303	0.552445007	2.2723921e+13
9.61e-09	1673.66422	-408.308353	-23585.6482	9705.06307	0.553493309	2.2726453e+13
9.62e-09	1225.88826	460.794336	-24195.415	8648.93034	0.554616192	2.27303437e+13
9.63e-09	576.387945	1067.21349	-25896.7951	9847.59311	0.555147463	2.27352272e+13
9.64e-09	767.575837	1539.82079	-26301.7273	10263.5707	0.555134521	2.27400411e+13
9.65e-09	263.731288	703.766785	-24226.133	11121.4723	0.555588196	2.27445865e+13
9.66e-09	-1238.21477	1758.97468	-25396.7916	13211.8397	0.555760266	2.2749399e+13
9.67e-09	-997.173187	2613.10914	-26467.2815	12180.6948	0.555367467	2.27535407e+13
9.68e-09	866.404392	3312.81109	-26424.1457	14278.3235	0.555013105	2.27567557e+13
9.69e-09	2068.14924	2933.4966	-27163.8927	14204.499	0.554611489	2.27590463e+13
9.7e-09	1934.17352	2752.0192	-27055.1444	13334.2593	0.55383173	2.27602194e+13
9.71e-09	1255.83889	909.422843	-26830.0378	13156.955	0.553475517	2.27604139e+13
9.72e-09	1644.29255	1071.06958	-26931.7023	12592.6421	0.553423153	2.27602539e+13
9.73e-09	1966.98828	1570.75575	-28653.975	14456.5387	0.553003874	2.27598563e+13
9.74e-09	1042.92018	3208.68007	-28414.2495	14800.0294	0.552080409	2.27584179e+13
9.75e-09	3151.58985	1611.87192	-30262.4553	14990.9703	0.551017625	2.27557015e+13
9.76e-09	2273.74088	1167.38301	-30429.965	15318.3339	0.549665316	2.27513198e+13
9.77e-09	200.60606	1242.29885	-29147.9757	13076.323	0.54899102	2.27456538e+13
9.78e-09	-1337.82267	852.387772	-27970.3265	12954.8248	0.548699254	2.27398125e+13
9.79e-09	20.8366313	3000.9248	-27779.1867	13517.5556	0.548701348	2.27343303e+13
9.8e-09	1032.79758	2983.1105	-27589.5358	13886.5248	0.548743716	2.27294144e+13
9.81e-09	1013.34271	2515.04438	-25157.7347	15541.3081	0.548848721	2.27250132e+13
9.82e-09	111.661707	1240.31414	-24641.6325	15494.8577	0.549125575	2.27213416e+13
9.83e-09	2157.25063	-198.67711	-24377.7811	16065.4838	0.5495704	2.27185877e+13
9.84e-09	3053.56492	-1854.37303	-24629.704	13248.8441	0.54994543	2.27166924e+13
9.85e-09	3022.99715	-1270.99292	-24858.9572	12412.4026	0.5506356	2.27158041e+13
9.86e-09	1672.81546	188.283512	-25446.5605	13321.6046	0.551019917	2.27158707e+13
9.87e-09	-17.6933658	-571.362373	-24185.4639	13561.7178	0.551543286	2.27165387e+13
9.88e-09	-592.15037	-2227.14493	-24781.7765	13014.875	0.55204031	2.27179896e+13
9.89e-09	-106.682049	-984.930053	-24849.8804	12101.3841	0.552420258	2.27199247e+13
9.9e-09	763.768657	-521.03948	-25665.2339	13549.4635	0.55260132	2.27221842e+13
9.91e-09	-424.91061	-75.5890387	-26053.3765	12757.8576	0.552651985	2.27242998e+13
9.92e-09	640.975065	124.67329	-26417.0501	13509.4625	0.55257281	2.2726309e+13
9.93e-09	719.85286	-1240.04097	-27537.4656	14133.6943	0.552328775	2.27278824e+13
9.94e-09	673.267539	-1162.22125	-26737.8288	13672.2436	0.551904077	2.27287492e+13
9.95e-09	385.353064	-1805.87196	-27001.5	14544.9838	0.551733591	2.27291187e+13
9.96e-09	925.943065	-1112.98603	-29553.9508	13819.1219	0.551247926	2.27289911e+13
9.97e-09	-916.013536	-2121.4957	-27556.9445	14665.5734	0.550654178	2.2727912e+13
9.98e-09	-482.579674	-2021.33959	-27988.2631	11533.7902	0.550357661	2.27263161e+13
9.99e-09	-3091.93395	-1980.52999	-27394.7983	10699.0232	0.55046443	2.27246785e+13
1e-08	-4165.40896	-2126.09643	-26148.7556	10254.302	0.55078198	2.27234672e+13
