# Frequency [GHz] 	Fouriercomponent
-4.99967	 0.00199454
-4.99633	 0.00253567
-4.993	 0.00306005
-4.98967	 0.00214826
-4.98633	 0.0024339
-4.983	 0.00216095
-4.97967	 0.00186958
-4.97633	 0.00256858
-4.973	 0.00181077
-4.96967	 0.00206281
-4.96634	 0.00263857
-4.963	 0.00250923
-4.95967	 0.0020462
-4.95634	 0.00265707
-4.953	 0.00233773
-4.94967	 0.00194823
-4.94634	 0.00309235
-4.943	 0.00277321
-4.93967	 0.00144815
-4.93634	 0.00259552
-4.933	 0.00376079
-4.92967	 0.00319391
-4.92634	 0.00251216
-4.92301	 0.00323359
-4.91967	 0.00239041
-4.91634	 0.0036918
-4.91301	 0.00269783
-4.90967	 0.00285385
-4.90634	 0.00296958
-4.90301	 0.00334387
-4.89967	 0.00249453
-4.89634	 0.00255989
-4.89301	 0.00263938
-4.88967	 0.00400116
-4.88634	 0.0027179
-4.88301	 0.00349191
-4.87967	 0.00429078
-4.87634	 0.00330633
-4.87301	 0.00302933
-4.86968	 0.00222925
-4.86634	 0.00322636
-4.86301	 0.00421273
-4.85968	 0.00292902
-4.85634	 0.00369366
-4.85301	 0.00275142
-4.84968	 0.00395953
-4.84634	 0.00337133
-4.84301	 0.0039552
-4.83968	 0.00299314
-4.83634	 0.00356106
-4.83301	 0.00388765
-4.82968	 0.00429405
-4.82634	 0.00372869
-4.82301	 0.00329103
-4.81968	 0.00307718
-4.81635	 0.00391786
-4.81301	 0.00312197
-4.80968	 0.00308274
-4.80635	 0.0028992
-4.80301	 0.00271632
-4.79968	 0.00303016
-4.79635	 0.00339409
-4.79301	 0.00228111
-4.78968	 0.00227467
-4.78635	 0.00231565
-4.78301	 0.00412084
-4.77968	 0.00384722
-4.77635	 0.00348422
-4.77302	 0.00174411
-4.76968	 0.00307199
-4.76635	 0.00206997
-4.76302	 0.00322591
-4.75968	 0.00376812
-4.75635	 0.00295148
-4.75302	 0.00344511
-4.74968	 0.0043878
-4.74635	 0.00276829
-4.74302	 0.00228675
-4.73968	 0.0024719
-4.73635	 0.00404752
-4.73302	 0.00229664
-4.72968	 0.00357863
-4.72635	 0.00318728
-4.72302	 0.0019762
-4.71969	 0.00227304
-4.71635	 0.00271788
-4.71302	 0.00271537
-4.70969	 0.00217871
-4.70635	 0.00284385
-4.70302	 0.00245065
-4.69969	 0.00222011
-4.69635	 0.0020792
-4.69302	 0.00260178
-4.68969	 0.00154074
-4.68635	 0.00190538
-4.68302	 0.00211314
-4.67969	 0.00224412
-4.67635	 0.00222028
-4.67302	 0.00286099
-4.66969	 0.00242023
-4.66636	 0.00220762
-4.66302	 0.00237848
-4.65969	 0.00225543
-4.65636	 0.00168439
-4.65302	 0.00276129
-4.64969	 0.00275542
-4.64636	 0.00190132
-4.64302	 0.00178742
-4.63969	 0.00221043
-4.63636	 0.00172007
-4.63302	 0.00159761
-4.62969	 0.00141195
-4.62636	 0.00150505
-4.62303	 0.00150042
-4.61969	 0.00194715
-4.61636	 0.00179491
-4.61303	 0.00158561
-4.60969	 0.00115632
-4.60636	 0.00220856
-4.60303	 0.00163977
-4.59969	 0.0019215
-4.59636	 0.00138841
-4.59303	 0.00138844
-4.58969	 0.00148967
-4.58636	 0.00196529
-4.58303	 0.00145761
-4.57969	 0.00229888
-4.57636	 0.00146216
-4.57303	 0.00201929
-4.5697	 0.0018006
-4.56636	 0.00138675
-4.56303	 0.00166485
-4.5597	 0.00121345
-4.55636	 0.00193366
-4.55303	 0.00140083
-4.5497	 0.00156243
-4.54636	 0.00104396
-4.54303	 0.00157687
-4.5397	 0.00179179
-4.53636	 0.00147163
-4.53303	 0.00153849
-4.5297	 0.00101421
-4.52636	 0.00137616
-4.52303	 0.00135367
-4.5197	 0.00148451
-4.51637	 0.00121671
-4.51303	 0.00126033
-4.5097	 0.00187735
-4.50637	 0.00167077
-4.50303	 0.00118753
-4.4997	 0.00134651
-4.49637	 0.00158297
-4.49303	 0.00138254
-4.4897	 0.00162373
-4.48637	 0.00119619
-4.48303	 0.000856499
-4.4797	 0.00183016
-4.47637	 0.00109752
-4.47304	 0.000897701
-4.4697	 0.00146952
-4.46637	 0.00140963
-4.46304	 0.00111574
-4.4597	 0.00100968
-4.45637	 0.00116993
-4.45304	 0.00129623
-4.4497	 0.00173992
-4.44637	 0.0010046
-4.44304	 0.00113518
-4.4397	 0.00132297
-4.43637	 0.00106017
-4.43304	 0.00104221
-4.4297	 0.00126009
-4.42637	 0.00112401
-4.42304	 0.000919985
-4.41971	 0.00177654
-4.41637	 0.00134405
-4.41304	 0.00184262
-4.40971	 0.00144528
-4.40637	 0.00125116
-4.40304	 0.00109985
-4.39971	 0.00111385
-4.39637	 0.00137198
-4.39304	 0.00118546
-4.38971	 0.00149903
-4.38637	 0.00111521
-4.38304	 0.00108087
-4.37971	 0.000883313
-4.37637	 0.00117269
-4.37304	 0.00134988
-4.36971	 0.00148228
-4.36638	 0.00118894
-4.36304	 0.00108186
-4.35971	 0.00152965
-4.35638	 0.00116418
-4.35304	 0.000715476
-4.34971	 0.000883575
-4.34638	 0.00119951
-4.34304	 0.00109644
-4.33971	 0.00114464
-4.33638	 0.00141912
-4.33304	 0.00160035
-4.32971	 0.00111738
-4.32638	 0.00132929
-4.32305	 0.000987265
-4.31971	 0.00124705
-4.31638	 0.000795035
-4.31305	 0.00127584
-4.30971	 0.0013717
-4.30638	 0.00118598
-4.30305	 0.00124421
-4.29971	 0.0012204
-4.29638	 0.00101115
-4.29305	 0.00114436
-4.28971	 0.00100572
-4.28638	 0.00112669
-4.28305	 0.00109675
-4.27971	 0.00108792
-4.27638	 0.00125842
-4.27305	 0.00122401
-4.26972	 0.00122857
-4.26638	 0.00118603
-4.26305	 0.00120861
-4.25972	 0.00116392
-4.25638	 0.00131025
-4.25305	 0.00148614
-4.24972	 0.00107156
-4.24638	 0.000916937
-4.24305	 0.000881073
-4.23972	 0.00114105
-4.23638	 0.00100852
-4.23305	 0.000918093
-4.22972	 0.00102176
-4.22638	 0.00111762
-4.22305	 0.000883711
-4.21972	 0.00110541
-4.21639	 0.00132526
-4.21305	 0.000910256
-4.20972	 0.000862462
-4.20639	 0.000879599
-4.20305	 0.00110384
-4.19972	 0.00100147
-4.19639	 0.00132144
-4.19305	 0.00132148
-4.18972	 0.00121756
-4.18639	 0.00162565
-4.18305	 0.00142933
-4.17972	 0.00131229
-4.17639	 0.00120783
-4.17306	 0.00148395
-4.16972	 0.0013174
-4.16639	 0.000923609
-4.16306	 0.0012077
-4.15972	 0.00111919
-4.15639	 0.00105801
-4.15306	 0.00132609
-4.14972	 0.000721746
-4.14639	 0.00162577
-4.14306	 0.00124175
-4.13972	 0.000688432
-4.13639	 0.00134594
-4.13306	 0.00115563
-4.12972	 0.000967399
-4.12639	 0.0012959
-4.12306	 0.00125769
-4.11973	 0.00141865
-4.11639	 0.00085478
-4.11306	 0.00139485
-4.10973	 0.00109319
-4.10639	 0.00118523
-4.10306	 0.001315
-4.09973	 0.0012601
-4.09639	 0.00128959
-4.09306	 0.00136185
-4.08973	 0.00116273
-4.08639	 0.000848294
-4.08306	 0.00109624
-4.07973	 0.0013179
-4.07639	 0.00109165
-4.07306	 0.0015242
-4.06973	 0.00123104
-4.0664	 0.0010899
-4.06306	 0.0014433
-4.05973	 0.00162386
-4.0564	 0.00136917
-4.05306	 0.00136716
-4.04973	 0.00110537
-4.0464	 0.00161862
-4.04306	 0.00098152
-4.03973	 0.00127876
-4.0364	 0.00113119
-4.03306	 0.00113699
-4.02973	 0.000969889
-4.0264	 0.00147761
-4.02307	 0.00138443
-4.01973	 0.00124949
-4.0164	 0.0013434
-4.01307	 0.00130275
-4.00973	 0.00152954
-4.0064	 0.0015375
-4.00307	 0.00109992
-3.99973	 0.00154302
-3.9964	 0.00137993
-3.99307	 0.00120261
-3.98973	 0.00127713
-3.9864	 0.0019903
-3.98307	 0.00172069
-3.97973	 0.00103739
-3.9764	 0.00134873
-3.97307	 0.001469
-3.96974	 0.00175561
-3.9664	 0.00173162
-3.96307	 0.00133254
-3.95974	 0.00169328
-3.9564	 0.00154871
-3.95307	 0.00177967
-3.94974	 0.00126889
-3.9464	 0.00171662
-3.94307	 0.00113258
-3.93974	 0.00146392
-3.9364	 0.00144595
-3.93307	 0.00186467
-3.92974	 0.00164463
-3.9264	 0.00152058
-3.92307	 0.00133224
-3.91974	 0.00109957
-3.91641	 0.00102915
-3.91307	 0.00195524
-3.90974	 0.00176943
-3.90641	 0.00160702
-3.90307	 0.00159287
-3.89974	 0.00104684
-3.89641	 0.00132565
-3.89307	 0.00248593
-3.88974	 0.00147529
-3.88641	 0.00170404
-3.88307	 0.00175236
-3.87974	 0.00153827
-3.87641	 0.00159389
-3.87308	 0.00168975
-3.86974	 0.00140581
-3.86641	 0.0015
-3.86308	 0.00154636
-3.85974	 0.00170339
-3.85641	 0.00165487
-3.85308	 0.00184858
-3.84974	 0.00196189
-3.84641	 0.00242242
-3.84308	 0.00205353
-3.83974	 0.0022127
-3.83641	 0.00143808
-3.83308	 0.0015624
-3.82974	 0.00160066
-3.82641	 0.00145652
-3.82308	 0.00263835
-3.81975	 0.00254381
-3.81641	 0.00180787
-3.81308	 0.00289359
-3.80975	 0.00229939
-3.80641	 0.00153988
-3.80308	 0.00236793
-3.79975	 0.00112719
-3.79641	 0.00227614
-3.79308	 0.00240666
-3.78975	 0.00158279
-3.78641	 0.00185763
-3.78308	 0.00189758
-3.77975	 0.0025359
-3.77641	 0.00233931
-3.77308	 0.00271355
-3.76975	 0.00253415
-3.76642	 0.00263854
-3.76308	 0.00334089
-3.75975	 0.00259543
-3.75642	 0.00155222
-3.75308	 0.00361646
-3.74975	 0.0038629
-3.74642	 0.00402791
-3.74308	 0.0025902
-3.73975	 0.00333697
-3.73642	 0.00382929
-3.73308	 0.00288071
-3.72975	 0.00367728
-3.72642	 0.00344971
-3.72309	 0.00318681
-3.71975	 0.00350673
-3.71642	 0.00291773
-3.71309	 0.00326235
-3.70975	 0.00417734
-3.70642	 0.00420656
-3.70309	 0.00437282
-3.69975	 0.00357436
-3.69642	 0.00456824
-3.69309	 0.00317918
-3.68975	 0.00354129
-3.68642	 0.00314645
-3.68309	 0.00330433
-3.67975	 0.00445913
-3.67642	 0.00361379
-3.67309	 0.00415646
-3.66976	 0.00314344
-3.66642	 0.00384733
-3.66309	 0.00285238
-3.65976	 0.00359944
-3.65642	 0.00525495
-3.65309	 0.00328839
-3.64976	 0.00500085
-3.64642	 0.00405786
-3.64309	 0.00459058
-3.63976	 0.00476426
-3.63642	 0.00427019
-3.63309	 0.00462887
-3.62976	 0.00650676
-3.62642	 0.00471048
-3.62309	 0.00392231
-3.61976	 0.00311077
-3.61643	 0.0057235
-3.61309	 0.00507773
-3.60976	 0.00663149
-3.60643	 0.00404037
-3.60309	 0.00513795
-3.59976	 0.00382483
-3.59643	 0.00613635
-3.59309	 0.00538151
-3.58976	 0.00475947
-3.58643	 0.0041805
-3.58309	 0.00576313
-3.57976	 0.00438848
-3.57643	 0.00490463
-3.5731	 0.00533444
-3.56976	 0.00435232
-3.56643	 0.00398293
-3.5631	 0.00513744
-3.55976	 0.00449622
-3.55643	 0.0041705
-3.5531	 0.00538993
-3.54976	 0.00317459
-3.54643	 0.00629889
-3.5431	 0.00538837
-3.53976	 0.00383039
-3.53643	 0.00414864
-3.5331	 0.00431107
-3.52976	 0.00215496
-3.52643	 0.00383832
-3.5231	 0.00283297
-3.51977	 0.00368194
-3.51643	 0.00335021
-3.5131	 0.00282317
-3.50977	 0.00242666
-3.50643	 0.00348333
-3.5031	 0.00319918
-3.49977	 0.00291026
-3.49643	 0.00368415
-3.4931	 0.00286119
-3.48977	 0.00338367
-3.48643	 0.00252162
-3.4831	 0.00278709
-3.47977	 0.00299705
-3.47643	 0.00306408
-3.4731	 0.00205895
-3.46977	 0.00212365
-3.46644	 0.00277363
-3.4631	 0.00317949
-3.45977	 0.00306672
-3.45644	 0.00236436
-3.4531	 0.00350286
-3.44977	 0.00216895
-3.44644	 0.00197347
-3.4431	 0.0026524
-3.43977	 0.00144784
-3.43644	 0.00255446
-3.4331	 0.00201637
-3.42977	 0.00217713
-3.42644	 0.00185124
-3.42311	 0.0026339
-3.41977	 0.00223811
-3.41644	 0.00225866
-3.41311	 0.00221878
-3.40977	 0.00263785
-3.40644	 0.00177026
-3.40311	 0.00199557
-3.39977	 0.00201418
-3.39644	 0.00138889
-3.39311	 0.00219157
-3.38977	 0.00242321
-3.38644	 0.00139235
-3.38311	 0.00138088
-3.37977	 0.00167873
-3.37644	 0.00247567
-3.37311	 0.00187556
-3.36978	 0.00203507
-3.36644	 0.00200271
-3.36311	 0.00194874
-3.35978	 0.00161283
-3.35644	 0.00211405
-3.35311	 0.0019196
-3.34978	 0.00139928
-3.34644	 0.00220645
-3.34311	 0.00160911
-3.33978	 0.00105966
-3.33644	 0.00166832
-3.33311	 0.00123801
-3.32978	 0.00180015
-3.32644	 0.00144391
-3.32311	 0.00131906
-3.31978	 0.00157405
-3.31645	 0.00158557
-3.31311	 0.00184976
-3.30978	 0.00163183
-3.30645	 0.00138033
-3.30311	 0.00150894
-3.29978	 0.00155861
-3.29645	 0.00169199
-3.29311	 0.00135605
-3.28978	 0.0012993
-3.28645	 0.0012823
-3.28311	 0.00159074
-3.27978	 0.00180813
-3.27645	 0.00196307
-3.27312	 0.00122804
-3.26978	 0.00143722
-3.26645	 0.00180259
-3.26312	 0.00153443
-3.25978	 0.00137277
-3.25645	 0.0016211
-3.25312	 0.00154309
-3.24978	 0.00128862
-3.24645	 0.00160989
-3.24312	 0.00125894
-3.23978	 0.00123383
-3.23645	 0.00120156
-3.23312	 0.0013097
-3.22978	 0.00181367
-3.22645	 0.00153614
-3.22312	 0.00136444
-3.21979	 0.00104403
-3.21645	 0.00152109
-3.21312	 0.00152662
-3.20979	 0.000881869
-3.20645	 0.00143268
-3.20312	 0.00110454
-3.19979	 0.000930742
-3.19645	 0.00107187
-3.19312	 0.00142836
-3.18979	 0.00120785
-3.18645	 0.000762171
-3.18312	 0.00119002
-3.17979	 0.00139538
-3.17645	 0.00135932
-3.17312	 0.00130354
-3.16979	 0.00157812
-3.16646	 0.00105451
-3.16312	 0.0012887
-3.15979	 0.0011948
-3.15646	 0.00118883
-3.15312	 0.00123486
-3.14979	 0.000925305
-3.14646	 0.000900025
-3.14312	 0.00164272
-3.13979	 0.00155848
-3.13646	 0.0010247
-3.13312	 0.00142508
-3.12979	 0.00131881
-3.12646	 0.00125935
-3.12313	 0.000907946
-3.11979	 0.00123828
-3.11646	 0.00113871
-3.11313	 0.00146272
-3.10979	 0.000955721
-3.10646	 0.000879434
-3.10313	 0.00116495
-3.09979	 0.0011569
-3.09646	 0.00140566
-3.09313	 0.000981863
-3.08979	 0.00118099
-3.08646	 0.00104458
-3.08313	 0.0014414
-3.07979	 0.00134457
-3.07646	 0.00127846
-3.07313	 0.00120508
-3.0698	 0.00133383
-3.06646	 0.00144947
-3.06313	 0.00112652
-3.0598	 0.0014575
-3.05646	 0.00133305
-3.05313	 0.00106498
-3.0498	 0.00155116
-3.04646	 0.00148717
-3.04313	 0.00139158
-3.0398	 0.000896935
-3.03646	 0.00135654
-3.03313	 0.00113486
-3.0298	 0.00152022
-3.02646	 0.00127798
-3.02313	 0.00107614
-3.0198	 0.000872345
-3.01647	 0.0014479
-3.01313	 0.00138451
-3.0098	 0.00105818
-3.00647	 0.00113854
-3.00313	 0.0010448
-2.9998	 0.00107756
-2.99647	 0.00132765
-2.99313	 0.00115749
-2.9898	 0.00138611
-2.98647	 0.00130091
-2.98313	 0.00101794
-2.9798	 0.00101497
-2.97647	 0.0011593
-2.97314	 0.00134442
-2.9698	 0.00137976
-2.96647	 0.00159464
-2.96314	 0.00102885
-2.9598	 0.00120781
-2.95647	 0.00115581
-2.95314	 0.00129553
-2.9498	 0.00121835
-2.94647	 0.000558487
-2.94314	 0.00127654
-2.9398	 0.00132771
-2.93647	 0.00137433
-2.93314	 0.00161546
-2.9298	 0.000949093
-2.92647	 0.00133118
-2.92314	 0.00157462
-2.91981	 0.00145099
-2.91647	 0.00105082
-2.91314	 0.00148825
-2.90981	 0.00136256
-2.90647	 0.000948309
-2.90314	 0.000996237
-2.89981	 0.0011962
-2.89647	 0.00132444
-2.89314	 0.00150145
-2.88981	 0.00110495
-2.88647	 0.00100398
-2.88314	 0.000973509
-2.87981	 0.00135639
-2.87647	 0.00151309
-2.87314	 0.00126076
-2.86981	 0.00109627
-2.86648	 0.00118641
-2.86314	 0.00167256
-2.85981	 0.00101036
-2.85648	 0.0012937
-2.85314	 0.00133522
-2.84981	 0.00093647
-2.84648	 0.00125538
-2.84314	 0.00172209
-2.83981	 0.00151386
-2.83648	 0.00180614
-2.83314	 0.001973
-2.82981	 0.00144929
-2.82648	 0.00130105
-2.82315	 0.00126291
-2.81981	 0.00145715
-2.81648	 0.00111423
-2.81315	 0.00158314
-2.80981	 0.00134104
-2.80648	 0.00191666
-2.80315	 0.00181569
-2.79981	 0.00150696
-2.79648	 0.00098826
-2.79315	 0.00179244
-2.78981	 0.00104017
-2.78648	 0.00146766
-2.78315	 0.00161578
-2.77981	 0.00148617
-2.77648	 0.00161581
-2.77315	 0.00158598
-2.76982	 0.00153955
-2.76648	 0.00127899
-2.76315	 0.00208875
-2.75982	 0.00126306
-2.75648	 0.00168129
-2.75315	 0.00178616
-2.74982	 0.00163983
-2.74648	 0.00112892
-2.74315	 0.00190816
-2.73982	 0.00127224
-2.73648	 0.00173039
-2.73315	 0.00174938
-2.72982	 0.00152107
-2.72648	 0.00201679
-2.72315	 0.00135653
-2.71982	 0.00111664
-2.71649	 0.0022678
-2.71315	 0.00179704
-2.70982	 0.00178465
-2.70649	 0.00109182
-2.70315	 0.00175643
-2.69982	 0.00219761
-2.69649	 0.00170312
-2.69315	 0.0014788
-2.68982	 0.00162918
-2.68649	 0.00176785
-2.68315	 0.00184495
-2.67982	 0.00187495
-2.67649	 0.00161259
-2.67316	 0.00183381
-2.66982	 0.00161062
-2.66649	 0.00193451
-2.66316	 0.00175023
-2.65982	 0.00244355
-2.65649	 0.00250317
-2.65316	 0.00189779
-2.64982	 0.00178255
-2.64649	 0.00229156
-2.64316	 0.00122704
-2.63982	 0.00203356
-2.63649	 0.0024623
-2.63316	 0.00252651
-2.62982	 0.00241645
-2.62649	 0.00186336
-2.62316	 0.00217745
-2.61983	 0.00181847
-2.61649	 0.00329521
-2.61316	 0.00193665
-2.60983	 0.00242144
-2.60649	 0.00268887
-2.60316	 0.00233753
-2.59983	 0.00188493
-2.59649	 0.00339532
-2.59316	 0.00216536
-2.58983	 0.00279974
-2.58649	 0.00267776
-2.58316	 0.00242035
-2.57983	 0.00355666
-2.57649	 0.002115
-2.57316	 0.0030126
-2.56983	 0.00189702
-2.5665	 0.00405759
-2.56316	 0.00317686
-2.55983	 0.00279907
-2.5565	 0.00329312
-2.55316	 0.00377844
-2.54983	 0.00383324
-2.5465	 0.00267092
-2.54316	 0.00288417
-2.53983	 0.00379871
-2.5365	 0.00329276
-2.53316	 0.00294654
-2.52983	 0.00270566
-2.5265	 0.00355288
-2.52317	 0.00430408
-2.51983	 0.00396639
-2.5165	 0.0034964
-2.51317	 0.0048717
-2.50983	 0.00350417
-2.5065	 0.00472255
-2.50317	 0.00372458
-2.49983	 0.00393626
-2.4965	 0.00481011
-2.49317	 0.00418814
-2.48983	 0.00561608
-2.4865	 0.00490477
-2.48317	 0.00660796
-2.47983	 0.00388063
-2.4765	 0.00403614
-2.47317	 0.00294399
-2.46984	 0.0036134
-2.4665	 0.00389931
-2.46317	 0.00407315
-2.45984	 0.00736071
-2.4565	 0.0037558
-2.45317	 0.00718088
-2.44984	 0.00454648
-2.4465	 0.00572833
-2.44317	 0.00706105
-2.43984	 0.00518403
-2.4365	 0.00607276
-2.43317	 0.0062178
-2.42984	 0.00615527
-2.4265	 0.00622313
-2.42317	 0.00468452
-2.41984	 0.00752618
-2.41651	 0.0052096
-2.41317	 0.00644098
-2.40984	 0.00398951
-2.40651	 0.00751581
-2.40317	 0.00563914
-2.39984	 0.00514994
-2.39651	 0.00677124
-2.39317	 0.00737606
-2.38984	 0.00775862
-2.38651	 0.0072573
-2.38317	 0.00591548
-2.37984	 0.00896592
-2.37651	 0.00842104
-2.37318	 0.00949122
-2.36984	 0.0107984
-2.36651	 0.00882591
-2.36318	 0.00779641
-2.35984	 0.0090696
-2.35651	 0.00793633
-2.35318	 0.00794774
-2.34984	 0.00782349
-2.34651	 0.00890501
-2.34318	 0.00598063
-2.33984	 0.00686802
-2.33651	 0.00519271
-2.33318	 0.00561922
-2.32984	 0.00555293
-2.32651	 0.00411635
-2.32318	 0.00471204
-2.31985	 0.00461707
-2.31651	 0.0046539
-2.31318	 0.00616989
-2.30985	 0.00418306
-2.30651	 0.00364403
-2.30318	 0.00350082
-2.29985	 0.0040876
-2.29651	 0.00413835
-2.29318	 0.00367406
-2.28985	 0.00397493
-2.28651	 0.00340445
-2.28318	 0.00233949
-2.27985	 0.00175254
-2.27651	 0.00335932
-2.27318	 0.00501497
-2.26985	 0.00323883
-2.26652	 0.00417245
-2.26318	 0.00288733
-2.25985	 0.00243632
-2.25652	 0.00406851
-2.25318	 0.00306228
-2.24985	 0.00370314
-2.24652	 0.00199875
-2.24318	 0.0025782
-2.23985	 0.00292067
-2.23652	 0.00259478
-2.23318	 0.00277748
-2.22985	 0.00198461
-2.22652	 0.00194853
-2.22319	 0.00245795
-2.21985	 0.00248203
-2.21652	 0.00190191
-2.21319	 0.00168124
-2.20985	 0.00196795
-2.20652	 0.00296325
-2.20319	 0.00267548
-2.19985	 0.00143753
-2.19652	 0.00281239
-2.19319	 0.00175837
-2.18985	 0.00197508
-2.18652	 0.00190407
-2.18319	 0.00116687
-2.17985	 0.00245819
-2.17652	 0.0024276
-2.17319	 0.00286967
-2.16986	 0.00122313
-2.16652	 0.00229422
-2.16319	 0.00189532
-2.15986	 0.00186061
-2.15652	 0.0023759
-2.15319	 0.00175104
-2.14986	 0.00193498
-2.14652	 0.00134027
-2.14319	 0.00198326
-2.13986	 0.00220903
-2.13652	 0.00143304
-2.13319	 0.00238363
-2.12986	 0.00143768
-2.12652	 0.00137487
-2.12319	 0.00147492
-2.11986	 0.00161982
-2.11653	 0.00211027
-2.11319	 0.00224388
-2.10986	 0.00187539
-2.10653	 0.00193787
-2.10319	 0.00155642
-2.09986	 0.00107941
-2.09653	 0.00177605
-2.09319	 0.00178557
-2.08986	 0.00123669
-2.08653	 0.00158745
-2.08319	 0.00159723
-2.07986	 0.00145717
-2.07653	 0.00115611
-2.0732	 0.001458
-2.06986	 0.00170737
-2.06653	 0.00135396
-2.0632	 0.00151555
-2.05986	 0.00124008
-2.05653	 0.00170479
-2.0532	 0.00144776
-2.04986	 0.00106661
-2.04653	 0.00217188
-2.0432	 0.00150443
-2.03986	 0.00170781
-2.03653	 0.00146601
-2.0332	 0.0016664
-2.02986	 0.00151689
-2.02653	 0.00147846
-2.0232	 0.00136148
-2.01987	 0.00160242
-2.01653	 0.00179458
-2.0132	 0.00162075
-2.00987	 0.000923875
-2.00653	 0.00178055
-2.0032	 0.0016632
-1.99987	 0.00154459
-1.99653	 0.000878462
-1.9932	 0.00156709
-1.98987	 0.00121098
-1.98653	 0.000919209
-1.9832	 0.00137821
-1.97987	 0.00124517
-1.97653	 0.00139026
-1.9732	 0.00181434
-1.96987	 0.00185342
-1.96654	 0.00129392
-1.9632	 0.00142427
-1.95987	 0.00116082
-1.95654	 0.00117041
-1.9532	 0.00105788
-1.94987	 0.0013411
-1.94654	 0.00125402
-1.9432	 0.00147853
-1.93987	 0.000583048
-1.93654	 0.00129012
-1.9332	 0.00113478
-1.92987	 0.00160411
-1.92654	 0.00148173
-1.92321	 0.00163587
-1.91987	 0.00167318
-1.91654	 0.00113571
-1.91321	 0.00156514
-1.90987	 0.00111409
-1.90654	 0.00142623
-1.90321	 0.00107706
-1.89987	 0.00157783
-1.89654	 0.00127813
-1.89321	 0.00171667
-1.88987	 0.000976649
-1.88654	 0.00115805
-1.88321	 0.00143246
-1.87987	 0.00125552
-1.87654	 0.00161282
-1.87321	 0.000941216
-1.86988	 0.0011963
-1.86654	 0.00149048
-1.86321	 0.00113048
-1.85988	 0.00185306
-1.85654	 0.00117358
-1.85321	 0.000863525
-1.84988	 0.00111795
-1.84654	 0.00183852
-1.84321	 0.00174156
-1.83988	 0.00103452
-1.83654	 0.00130884
-1.83321	 0.00124244
-1.82988	 0.00118004
-1.82654	 0.0014718
-1.82321	 0.00134416
-1.81988	 0.00107711
-1.81655	 0.000852655
-1.81321	 0.00121875
-1.80988	 0.00113532
-1.80655	 0.00170452
-1.80321	 0.00115279
-1.79988	 0.000901808
-1.79655	 0.00142976
-1.79321	 0.00113892
-1.78988	 0.00107555
-1.78655	 0.00116156
-1.78321	 0.00124259
-1.77988	 0.00162332
-1.77655	 0.00164215
-1.77322	 0.00120104
-1.76988	 0.0013178
-1.76655	 0.00164365
-1.76322	 0.0012057
-1.75988	 0.0013157
-1.75655	 0.00106878
-1.75322	 0.00125095
-1.74988	 0.00125484
-1.74655	 0.00168138
-1.74322	 0.000964508
-1.73988	 0.00151674
-1.73655	 0.000971332
-1.73322	 0.00130957
-1.72988	 0.00117612
-1.72655	 0.00116008
-1.72322	 0.00136246
-1.71989	 0.00133356
-1.71655	 0.0010027
-1.71322	 0.00157568
-1.70989	 0.00118468
-1.70655	 0.00130721
-1.70322	 0.00136266
-1.69989	 0.00168254
-1.69655	 0.0012414
-1.69322	 0.00126473
-1.68989	 0.00156498
-1.68655	 0.00127711
-1.68322	 0.0019648
-1.67989	 0.00147901
-1.67655	 0.00133176
-1.67322	 0.00143618
-1.66989	 0.0010764
-1.66656	 0.00153728
-1.66322	 0.000972286
-1.65989	 0.00146011
-1.65656	 0.0010995
-1.65322	 0.00138557
-1.64989	 0.00116665
-1.64656	 0.00101844
-1.64322	 0.00153643
-1.63989	 0.0013252
-1.63656	 0.00107626
-1.63322	 0.00145527
-1.62989	 0.00161468
-1.62656	 0.00158788
-1.62323	 0.00158906
-1.61989	 0.00148501
-1.61656	 0.00202609
-1.61323	 0.00164484
-1.60989	 0.00173566
-1.60656	 0.00167106
-1.60323	 0.00178258
-1.59989	 0.00103142
-1.59656	 0.00126392
-1.59323	 0.00106807
-1.58989	 0.00136484
-1.58656	 0.00204019
-1.58323	 0.00137159
-1.57989	 0.00152352
-1.57656	 0.00189799
-1.57323	 0.00135059
-1.5699	 0.00169745
-1.56656	 0.00179841
-1.56323	 0.00128002
-1.5599	 0.00217553
-1.55656	 0.00164437
-1.55323	 0.00170202
-1.5499	 0.00136814
-1.54656	 0.00136477
-1.54323	 0.00147778
-1.5399	 0.00178342
-1.53656	 0.00153644
-1.53323	 0.0018429
-1.5299	 0.00174379
-1.52656	 0.00175852
-1.52323	 0.00139509
-1.5199	 0.00189101
-1.51657	 0.00230871
-1.51323	 0.0016373
-1.5099	 0.00144382
-1.50657	 0.00291506
-1.50323	 0.0016649
-1.4999	 0.00132962
-1.49657	 0.0014259
-1.49323	 0.00119889
-1.4899	 0.00160417
-1.48657	 0.00179373
-1.48323	 0.00226373
-1.4799	 0.00171826
-1.47657	 0.000985657
-1.47324	 0.00141737
-1.4699	 0.00154774
-1.46657	 0.0018271
-1.46324	 0.000990916
-1.4599	 0.00214589
-1.45657	 0.00130624
-1.45324	 0.00138775
-1.4499	 0.00141916
-1.44657	 0.00188305
-1.44324	 0.00225443
-1.4399	 0.00185243
-1.43657	 0.00205052
-1.43324	 0.00206667
-1.4299	 0.00241097
-1.42657	 0.00258413
-1.42324	 0.0027109
-1.41991	 0.00236207
-1.41657	 0.00216076
-1.41324	 0.00328987
-1.40991	 0.00195728
-1.40657	 0.00249315
-1.40324	 0.00173982
-1.39991	 0.0024913
-1.39657	 0.00302357
-1.39324	 0.0029564
-1.38991	 0.00220655
-1.38657	 0.00346212
-1.38324	 0.00288066
-1.37991	 0.00243581
-1.37657	 0.00169434
-1.37324	 0.00191107
-1.36991	 0.00115097
-1.36658	 0.00256098
-1.36324	 0.00323264
-1.35991	 0.00235002
-1.35658	 0.00387243
-1.35324	 0.00284499
-1.34991	 0.00205931
-1.34658	 0.00274913
-1.34324	 0.00352639
-1.33991	 0.00375068
-1.33658	 0.0037498
-1.33324	 0.00394444
-1.32991	 0.00252454
-1.32658	 0.00328035
-1.32325	 0.00314939
-1.31991	 0.00399411
-1.31658	 0.00399759
-1.31325	 0.00365143
-1.30991	 0.00409178
-1.30658	 0.00427009
-1.30325	 0.00497654
-1.29991	 0.00686667
-1.29658	 0.00552898
-1.29325	 0.00396922
-1.28991	 0.00432646
-1.28658	 0.00574063
-1.28325	 0.0059953
-1.27991	 0.00592163
-1.27658	 0.00590952
-1.27325	 0.00569015
-1.26992	 0.00549222
-1.26658	 0.00554669
-1.26325	 0.0064904
-1.25992	 0.00576204
-1.25658	 0.00598387
-1.25325	 0.00687115
-1.24992	 0.00436568
-1.24658	 0.00561738
-1.24325	 0.00556656
-1.23992	 0.0077837
-1.23658	 0.00524223
-1.23325	 0.00707697
-1.22992	 0.00960866
-1.22658	 0.00787988
-1.22325	 0.00991339
-1.21992	 0.0113794
-1.21659	 0.0105667
-1.21325	 0.00808325
-1.20992	 0.0145103
-1.20659	 0.00984188
-1.20325	 0.0116707
-1.19992	 0.0158807
-1.19659	 0.0216695
-1.19325	 0.0245664
-1.18992	 0.0221654
-1.18659	 0.023983
-1.18325	 0.032936
-1.17992	 0.027946
-1.17659	 0.0134702
-1.17326	 0.0206607
-1.16992	 0.0134395
-1.16659	 0.0179486
-1.16326	 0.0105532
-1.15992	 0.00958038
-1.15659	 0.0113423
-1.15326	 0.0116013
-1.14992	 0.00772016
-1.14659	 0.00765428
-1.14326	 0.00651956
-1.13992	 0.00681562
-1.13659	 0.00633723
-1.13326	 0.00562319
-1.12992	 0.00930743
-1.12659	 0.00720031
-1.12326	 0.00669633
-1.11993	 0.0057768
-1.11659	 0.00655601
-1.11326	 0.00433606
-1.10993	 0.00405768
-1.10659	 0.00440979
-1.10326	 0.00478106
-1.09993	 0.00486354
-1.09659	 0.00335066
-1.09326	 0.0037132
-1.08993	 0.00442963
-1.08659	 0.00286952
-1.08326	 0.00337543
-1.07993	 0.00299461
-1.07659	 0.00385412
-1.07326	 0.00367038
-1.06993	 0.00342509
-1.0666	 0.00292736
-1.06326	 0.0032095
-1.05993	 0.00464807
-1.0566	 0.00275884
-1.05326	 0.00216308
-1.04993	 0.00317729
-1.0466	 0.00291238
-1.04326	 0.00170311
-1.03993	 0.00312037
-1.0366	 0.00212899
-1.03326	 0.00227028
-1.02993	 0.00292674
-1.0266	 0.00291569
-1.02327	 0.00326676
-1.01993	 0.00243727
-1.0166	 0.00236317
-1.01327	 0.00278767
-1.00993	 0.00301194
-1.0066	 0.00168637
-1.00327	 0.00205395
-0.999933	 0.00262936
-0.9966	 0.0027744
-0.993267	 0.00270233
-0.989934	 0.00195157
-0.986601	 0.00234759
-0.983268	 0.00247458
-0.979935	 0.00179604
-0.976602	 0.00213151
-0.973268	 0.00232021
-0.969935	 0.00135727
-0.966602	 0.00151111
-0.963269	 0.00219893
-0.959936	 0.00203286
-0.956603	 0.00219555
-0.95327	 0.00193423
-0.949937	 0.00241901
-0.946604	 0.00309864
-0.94327	 0.00201161
-0.939937	 0.00212666
-0.936604	 0.00124257
-0.933271	 0.00196674
-0.929938	 0.00182335
-0.926605	 0.00196561
-0.923272	 0.00210481
-0.919939	 0.00204345
-0.916606	 0.00124814
-0.913272	 0.00128058
-0.909939	 0.00195386
-0.906606	 0.00214899
-0.903273	 0.0011705
-0.89994	 0.00271712
-0.896607	 0.0013669
-0.893274	 0.00145918
-0.889941	 0.00216679
-0.886608	 0.00178092
-0.883274	 0.00205207
-0.879941	 0.00117052
-0.876608	 0.00153564
-0.873275	 0.00131798
-0.869942	 0.00134905
-0.866609	 0.00174184
-0.863276	 0.00149419
-0.859943	 0.00203524
-0.85661	 0.00165625
-0.853276	 0.00152992
-0.849943	 0.00218452
-0.84661	 0.00191503
-0.843277	 0.00116323
-0.839944	 0.00178733
-0.836611	 0.000913657
-0.833278	 0.00196417
-0.829945	 0.00145997
-0.826612	 0.00196731
-0.823278	 0.0014594
-0.819945	 0.00208342
-0.816612	 0.00158506
-0.813279	 0.0014099
-0.809946	 0.00135245
-0.806613	 0.00116011
-0.80328	 0.00138729
-0.799947	 0.00106642
-0.796614	 0.00121631
-0.79328	 0.00160297
-0.789947	 0.00190619
-0.786614	 0.00129872
-0.783281	 0.00115789
-0.779948	 0.00119974
-0.776615	 0.00129493
-0.773282	 0.00149264
-0.769949	 0.000733946
-0.766616	 0.00115867
-0.763282	 0.00148489
-0.759949	 0.00103708
-0.756616	 0.00113122
-0.753283	 0.00182504
-0.74995	 0.000750864
-0.746617	 0.0013633
-0.743284	 0.00117375
-0.739951	 0.00151404
-0.736618	 0.00111213
-0.733284	 0.00137381
-0.729951	 0.00147295
-0.726618	 0.00109571
-0.723285	 0.00162231
-0.719952	 0.00147631
-0.716619	 0.00138119
-0.713286	 0.00175065
-0.709953	 0.00133643
-0.70662	 0.00131734
-0.703286	 0.00165496
-0.699953	 0.00172132
-0.69662	 0.00175133
-0.693287	 0.00128702
-0.689954	 0.00153445
-0.686621	 0.00126068
-0.683288	 0.00129326
-0.679955	 0.00140351
-0.676622	 0.00129094
-0.673288	 0.00139647
-0.669955	 0.00150235
-0.666622	 0.00136694
-0.663289	 0.00141057
-0.659956	 0.0012533
-0.656623	 0.0010109
-0.65329	 0.00144428
-0.649957	 0.00130854
-0.646624	 0.00141744
-0.64329	 0.00120687
-0.639957	 0.00109829
-0.636624	 0.00197056
-0.633291	 0.000820916
-0.629958	 0.00101996
-0.626625	 0.00153341
-0.623292	 0.00185499
-0.619959	 0.0010914
-0.616626	 0.00138132
-0.613292	 0.00120178
-0.609959	 0.0014842
-0.606626	 0.00144772
-0.603293	 0.0015197
-0.59996	 0.00162588
-0.596627	 0.000934296
-0.593294	 0.00128818
-0.589961	 0.00165655
-0.586628	 0.001687
-0.583294	 0.0014285
-0.579961	 0.0014352
-0.576628	 0.00157447
-0.573295	 0.00173786
-0.569962	 0.00166225
-0.566629	 0.00148923
-0.563296	 0.0014935
-0.559963	 0.00134195
-0.55663	 0.0010108
-0.553296	 0.00137231
-0.549963	 0.00118156
-0.54663	 0.00133335
-0.543297	 0.00115267
-0.539964	 0.00161516
-0.536631	 0.00220825
-0.533298	 0.00171044
-0.529965	 0.000852276
-0.526632	 0.0012715
-0.523298	 0.00157742
-0.519965	 0.00165766
-0.516632	 0.00186529
-0.513299	 0.00138727
-0.509966	 0.00161559
-0.506633	 0.00111252
-0.5033	 0.00115251
-0.499967	 0.00136326
-0.496634	 0.00115475
-0.4933	 0.00136624
-0.489967	 0.00161488
-0.486634	 0.00154564
-0.483301	 0.00133036
-0.479968	 0.00157492
-0.476635	 0.00119722
-0.473302	 0.00234322
-0.469969	 0.00223724
-0.466636	 0.00152892
-0.463302	 0.00209132
-0.459969	 0.00147189
-0.456636	 0.00160564
-0.453303	 0.00138097
-0.44997	 0.00184104
-0.446637	 0.00153615
-0.443304	 0.00182146
-0.439971	 0.00141841
-0.436638	 0.00108278
-0.433304	 0.00138077
-0.429971	 0.00180469
-0.426638	 0.00149278
-0.423305	 0.00194378
-0.419972	 0.00177625
-0.416639	 0.00193881
-0.413306	 0.00168857
-0.409973	 0.00191842
-0.40664	 0.00156749
-0.403306	 0.00189445
-0.399973	 0.00193796
-0.39664	 0.00167201
-0.393307	 0.00146587
-0.389974	 0.00211304
-0.386641	 0.00118578
-0.383308	 0.00128624
-0.379975	 0.0013047
-0.376642	 0.00119935
-0.373308	 0.00159111
-0.369975	 0.00198603
-0.366642	 0.00219152
-0.363309	 0.00160227
-0.359976	 0.00204202
-0.356643	 0.00199704
-0.35331	 0.00213781
-0.349977	 0.0019371
-0.346644	 0.00218867
-0.34331	 0.00152157
-0.339977	 0.00190385
-0.336644	 0.00173096
-0.333311	 0.00136133
-0.329978	 0.00202761
-0.326645	 0.0013586
-0.323312	 0.00170358
-0.319979	 0.0019876
-0.316646	 0.00207065
-0.313312	 0.00193496
-0.309979	 0.00173354
-0.306646	 0.00178885
-0.303313	 0.00109642
-0.29998	 0.00193242
-0.296647	 0.00227278
-0.293314	 0.0024955
-0.289981	 0.00240217
-0.286648	 0.00209514
-0.283314	 0.00188432
-0.279981	 0.00253729
-0.276648	 0.00215353
-0.273315	 0.00281259
-0.269982	 0.00211266
-0.266649	 0.00174692
-0.263316	 0.00255933
-0.259983	 0.0018771
-0.25665	 0.00279567
-0.253316	 0.00227887
-0.249983	 0.00175263
-0.24665	 0.00148078
-0.243317	 0.00250822
-0.239984	 0.00217671
-0.236651	 0.00199995
-0.233318	 0.00272351
-0.229985	 0.00307664
-0.226652	 0.00164721
-0.223318	 0.00213424
-0.219985	 0.00241812
-0.216652	 0.00168499
-0.213319	 0.00269735
-0.209986	 0.00276422
-0.206653	 0.00242412
-0.20332	 0.00210655
-0.199987	 0.0024137
-0.196654	 0.00315146
-0.19332	 0.00177587
-0.189987	 0.00242143
-0.186654	 0.00230471
-0.183321	 0.00295679
-0.179988	 0.00345487
-0.176655	 0.00249303
-0.173322	 0.00387812
-0.169989	 0.0030534
-0.166656	 0.00346984
-0.163322	 0.00376824
-0.159989	 0.00251719
-0.156656	 0.00335547
-0.153323	 0.00384396
-0.14999	 0.00440489
-0.146657	 0.00389986
-0.143324	 0.002692
-0.139991	 0.00369606
-0.136658	 0.00418499
-0.133324	 0.00465159
-0.129991	 0.00226437
-0.126658	 0.00201122
-0.123325	 0.0045402
-0.119992	 0.00500733
-0.116659	 0.00425164
-0.113326	 0.0050793
-0.109993	 0.00566778
-0.10666	 0.00307038
-0.103326	 0.00540429
-0.0999933	 0.0042581
-0.0966602	 0.00545586
-0.0933271	 0.00630942
-0.089994	 0.00510922
-0.0866609	 0.00600537
-0.0833278	 0.00422195
-0.0799947	 0.00594
-0.0766616	 0.00437689
-0.0733284	 0.00869264
-0.0699953	 0.00912478
-0.0666622	 0.0077654
-0.0633291	 0.00668954
-0.059996	 0.00821358
-0.0566629	 0.00796507
-0.0533298	 0.00846339
-0.0499967	 0.0085964
-0.0466636	 0.00918204
-0.0433304	 0.0110821
-0.0399973	 0.00799199
-0.0366642	 0.0106158
-0.0333311	 0.0127417
-0.029998	 0.0163126
-0.0266649	 0.0173319
-0.0233318	 0.0227629
-0.0199987	 0.0284571
-0.0166656	 0.0151221
-0.0133324	 0.034788
-0.00999933	 0.0722537
-0.00666622	 0.0639076
-0.00333311	 5.24808e-05
0	 1
0.00333311	 0.0718809
0.00666622	 0.084871
0.00999933	 0.0350488
0.0133324	 0.0230431
0.0166656	 0.0256519
0.0199987	 0.0236691
0.0233318	 0.0169815
0.0266649	 0.0149161
0.029998	 0.010821
0.0333311	 0.0115085
0.0366642	 0.0077538
0.0399973	 0.00970565
0.0433304	 0.0134117
0.0466636	 0.00848802
0.0499967	 0.00850838
0.0533298	 0.00718247
0.0566629	 0.00759797
0.059996	 0.00765513
0.0633291	 0.00835855
0.0666622	 0.00881618
0.0699953	 0.00845224
0.0733284	 0.003189
0.0766616	 0.00672857
0.0799947	 0.00401734
0.0833278	 0.00432363
0.0866609	 0.00410393
0.089994	 0.00423166
0.0933271	 0.00624158
0.0966602	 0.00473518
0.0999933	 0.0053275
0.103326	 0.00504355
0.10666	 0.00535511
0.109993	 0.00484365
0.113326	 0.00411488
0.116659	 0.00435084
0.119992	 0.0045512
0.123325	 0.00393616
0.126658	 0.00325139
0.129991	 0.00430992
0.133324	 0.0034028
0.136658	 0.00294558
0.139991	 0.00178249
0.143324	 0.00444584
0.146657	 0.00390173
0.14999	 0.00356433
0.153323	 0.00219972
0.156656	 0.00253305
0.159989	 0.00405577
0.163322	 0.00313374
0.166656	 0.00188123
0.169989	 0.00357569
0.173322	 0.00303775
0.176655	 0.00337553
0.179988	 0.00239316
0.183321	 0.00243827
0.186654	 0.0029135
0.189987	 0.0018664
0.19332	 0.002583
0.196654	 0.00224663
0.199987	 0.00252271
0.20332	 0.0024773
0.206653	 0.00206874
0.209986	 0.0019817
0.213319	 0.00217562
0.216652	 0.00308439
0.219985	 0.00232372
0.223318	 0.0024788
0.226652	 0.00238991
0.229985	 0.00333508
0.233318	 0.00218926
0.236651	 0.00223272
0.239984	 0.00233538
0.243317	 0.00191449
0.24665	 0.0024374
0.249983	 0.00219808
0.253316	 0.00266401
0.25665	 0.00243927
0.259983	 0.00190078
0.263316	 0.00209028
0.266649	 0.00141269
0.269982	 0.00263128
0.273315	 0.00193716
0.276648	 0.00172584
0.279981	 0.00229195
0.283314	 0.00145662
0.286648	 0.00221735
0.289981	 0.00152574
0.293314	 0.00183545
0.296647	 0.00225357
0.29998	 0.0024385
0.303313	 0.0019999
0.306646	 0.00147568
0.309979	 0.00194206
0.313312	 0.00217579
0.316646	 0.00141161
0.319979	 0.00174692
0.323312	 0.00250713
0.326645	 0.00250484
0.329978	 0.001346
0.333311	 0.00202892
0.336644	 0.00130258
0.339977	 0.00179934
0.34331	 0.00225346
0.346644	 0.00109818
0.349977	 0.00202322
0.35331	 0.00172294
0.356643	 0.00141079
0.359976	 0.00165159
0.363309	 0.00125698
0.366642	 0.00206867
0.369975	 0.00162606
0.373308	 0.00146312
0.376642	 0.00208328
0.379975	 0.00200935
0.383308	 0.0014698
0.386641	 0.00137939
0.389974	 0.00134393
0.393307	 0.00128401
0.39664	 0.00138147
0.399973	 0.00153562
0.403306	 0.00173714
0.40664	 0.00214102
0.409973	 0.00137652
0.413306	 0.00201804
0.416639	 0.00156457
0.419972	 0.00153545
0.423305	 0.00151505
0.426638	 0.00178283
0.429971	 0.00118308
0.433304	 0.00155464
0.436638	 0.00192394
0.439971	 0.0017254
0.443304	 0.00108422
0.446637	 0.00161387
0.44997	 0.00178507
0.453303	 0.00168019
0.456636	 0.00113679
0.459969	 0.00160331
0.463302	 0.00175567
0.466636	 0.00136837
0.469969	 0.00192973
0.473302	 0.00114647
0.476635	 0.00200974
0.479968	 0.00116204
0.483301	 0.00176777
0.486634	 0.00164618
0.489967	 0.00111556
0.4933	 0.00156614
0.496634	 0.00113541
0.499967	 0.00178105
0.5033	 0.00124976
0.506633	 0.00155265
0.509966	 0.00116865
0.513299	 0.0016272
0.516632	 0.00143717
0.519965	 0.00109811
0.523298	 0.00104915
0.526632	 0.00140089
0.529965	 0.00140839
0.533298	 0.00213077
0.536631	 0.00179783
0.539964	 0.000700068
0.543297	 0.00145757
0.54663	 0.00134953
0.549963	 0.00127249
0.553296	 0.00172789
0.55663	 0.00182308
0.559963	 0.0015415
0.563296	 0.00137933
0.566629	 0.0013533
0.569962	 0.00166342
0.573295	 0.00135556
0.576628	 0.00152403
0.579961	 0.00103905
0.583294	 0.00149872
0.586628	 0.00139407
0.589961	 0.00158825
0.593294	 0.00116331
0.596627	 0.00114634
0.59996	 0.0016827
0.603293	 0.00115815
0.606626	 0.00128448
0.609959	 0.00116211
0.613292	 0.000731156
0.616626	 0.0017193
0.619959	 0.0013773
0.623292	 0.00105847
0.626625	 0.00110894
0.629958	 0.00122312
0.633291	 0.00137836
0.636624	 0.00141916
0.639957	 0.00172008
0.64329	 0.00133441
0.646624	 0.00139269
0.649957	 0.00147586
0.65329	 0.00133306
0.656623	 0.000896159
0.659956	 0.00162671
0.663289	 0.00123091
0.666622	 0.00152316
0.669955	 0.00138166
0.673288	 0.00119521
0.676622	 0.00169017
0.679955	 0.00129721
0.683288	 0.0014097
0.686621	 0.00067431
0.689954	 0.00146497
0.693287	 0.000853445
0.69662	 0.00172917
0.699953	 0.00129973
0.703286	 0.000929339
0.70662	 0.00174748
0.709953	 0.00117779
0.713286	 0.00164696
0.716619	 0.00141862
0.719952	 0.00166071
0.723285	 0.00112744
0.726618	 0.00124957
0.729951	 0.000718921
0.733284	 0.00154738
0.736618	 0.00134526
0.739951	 0.00130977
0.743284	 0.00144668
0.746617	 0.00104003
0.74995	 0.00141946
0.753283	 0.00162484
0.756616	 0.00167802
0.759949	 0.00140567
0.763282	 0.00100663
0.766616	 0.00148255
0.769949	 0.00143067
0.773282	 0.00156994
0.776615	 0.00140634
0.779948	 0.00104234
0.783281	 0.00100716
0.786614	 0.00145588
0.789947	 0.00141965
0.79328	 0.0016413
0.796614	 0.00127588
0.799947	 0.00144338
0.80328	 0.00132193
0.806613	 0.00157893
0.809946	 0.00196512
0.813279	 0.00155354
0.816612	 0.00152949
0.819945	 0.00147545
0.823278	 0.00118219
0.826612	 0.00153591
0.829945	 0.0015946
0.833278	 0.00166834
0.836611	 0.00187088
0.839944	 0.00175455
0.843277	 0.00135405
0.84661	 0.00196883
0.849943	 0.00147654
0.853276	 0.00112351
0.85661	 0.00117778
0.859943	 0.00138957
0.863276	 0.0013446
0.866609	 0.00176311
0.869942	 0.00125244
0.873275	 0.00175746
0.876608	 0.00153746
0.879941	 0.00172321
0.883274	 0.00148151
0.886608	 0.00132499
0.889941	 0.00171386
0.893274	 0.00102445
0.896607	 0.00202479
0.89994	 0.00135288
0.903273	 0.00195367
0.906606	 0.00174932
0.909939	 0.00163613
0.913272	 0.00170476
0.916606	 0.00159385
0.919939	 0.00198116
0.923272	 0.00128179
0.926605	 0.0018334
0.929938	 0.00167635
0.933271	 0.0016135
0.936604	 0.00146615
0.939937	 0.00203041
0.94327	 0.00158854
0.946604	 0.00203981
0.949937	 0.00227717
0.95327	 0.00165727
0.956603	 0.00201901
0.959936	 0.00137391
0.963269	 0.00224676
0.966602	 0.00212479
0.969935	 0.00290458
0.973268	 0.00218993
0.976602	 0.00207285
0.979935	 0.00252548
0.983268	 0.00268139
0.986601	 0.0026638
0.989934	 0.0019757
0.993267	 0.00227193
0.9966	 0.00232284
0.999933	 0.00275579
1.00327	 0.00212317
1.0066	 0.00307104
1.00993	 0.00203123
1.01327	 0.00282787
1.0166	 0.00322723
1.01993	 0.0025659
1.02327	 0.00240974
1.0266	 0.0020468
1.02993	 0.00347029
1.03326	 0.00277484
1.0366	 0.00216025
1.03993	 0.00277388
1.04326	 0.0027789
1.0466	 0.00381978
1.04993	 0.00208185
1.05326	 0.00291713
1.0566	 0.0035758
1.05993	 0.00304739
1.06326	 0.0032779
1.0666	 0.00281795
1.06993	 0.00256772
1.07326	 0.00244757
1.07659	 0.00359326
1.07993	 0.00323937
1.08326	 0.00290521
1.08659	 0.00361042
1.08993	 0.00322905
1.09326	 0.00366093
1.09659	 0.00291854
1.09993	 0.00412569
1.10326	 0.0041913
1.10659	 0.00359292
1.10993	 0.00484423
1.11326	 0.00669527
1.11659	 0.00554024
1.11993	 0.00710648
1.12326	 0.00636465
1.12659	 0.00803901
1.12992	 0.00491549
1.13326	 0.00621617
1.13659	 0.00788952
1.13992	 0.00687874
1.14326	 0.00673273
1.14659	 0.00326181
1.14992	 0.00984026
1.15326	 0.00997936
1.15659	 0.00967208
1.15992	 0.00926587
1.16326	 0.0157255
1.16659	 0.0162506
1.16992	 0.0154779
1.17326	 0.0120337
1.17659	 0.0312077
1.17992	 0.0230903
1.18325	 0.0319416
1.18659	 0.0259845
1.18992	 0.0249949
1.19325	 0.0186979
1.19659	 0.0184951
1.19992	 0.0148131
1.20325	 0.0110847
1.20659	 0.0104852
1.20992	 0.00834536
1.21325	 0.00813074
1.21659	 0.00579568
1.21992	 0.0100119
1.22325	 0.00774731
1.22658	 0.0124188
1.22992	 0.00793564
1.23325	 0.0067168
1.23658	 0.00460963
1.23992	 0.00478635
1.24325	 0.00610688
1.24658	 0.00594576
1.24992	 0.00827419
1.25325	 0.00471661
1.25658	 0.00755355
1.25992	 0.0046149
1.26325	 0.00887399
1.26658	 0.00435977
1.26992	 0.00475601
1.27325	 0.00413625
1.27658	 0.00687493
1.27991	 0.00571584
1.28325	 0.00489065
1.28658	 0.00380154
1.28991	 0.00464169
1.29325	 0.00455371
1.29658	 0.00555633
1.29991	 0.00278407
1.30325	 0.00373753
1.30658	 0.00352812
1.30991	 0.00349515
1.31325	 0.00295293
1.31658	 0.00484691
1.31991	 0.00394299
1.32325	 0.00322443
1.32658	 0.00434091
1.32991	 0.00325298
1.33324	 0.00211742
1.33658	 0.00352392
1.33991	 0.00217873
1.34324	 0.00323624
1.34658	 0.00290382
1.34991	 0.0035929
1.35324	 0.00407063
1.35658	 0.00315212
1.35991	 0.00190388
1.36324	 0.00300301
1.36658	 0.00322735
1.36991	 0.0036945
1.37324	 0.00255339
1.37657	 0.00286208
1.37991	 0.003928
1.38324	 0.00301661
1.38657	 0.00213469
1.38991	 0.00178522
1.39324	 0.00231979
1.39657	 0.00232309
1.39991	 0.00274343
1.40324	 0.00200767
1.40657	 0.0019562
1.40991	 0.00280056
1.41324	 0.00213301
1.41657	 0.00253452
1.41991	 0.00176984
1.42324	 0.00231119
1.42657	 0.00198377
1.4299	 0.00233682
1.43324	 0.00188866
1.43657	 0.00194381
1.4399	 0.00195373
1.44324	 0.00226837
1.44657	 0.00192081
1.4499	 0.00184298
1.45324	 0.00133088
1.45657	 0.002107
1.4599	 0.00173576
1.46324	 0.00138857
1.46657	 0.00140242
1.4699	 0.00174208
1.47324	 0.00188074
1.47657	 0.00159697
1.4799	 0.00200496
1.48323	 0.00152166
1.48657	 0.00167851
1.4899	 0.00236652
1.49323	 0.00143285
1.49657	 0.00214229
1.4999	 0.00191384
1.50323	 0.00208451
1.50657	 0.00238245
1.5099	 0.00151424
1.51323	 0.0021325
1.51657	 0.00178809
1.5199	 0.00170465
1.52323	 0.00198632
1.52656	 0.00179519
1.5299	 0.00160261
1.53323	 0.00136718
1.53656	 0.00217879
1.5399	 0.00143116
1.54323	 0.0016583
1.54656	 0.00130892
1.5499	 0.00194396
1.55323	 0.00138011
1.55656	 0.00124839
1.5599	 0.00123822
1.56323	 0.00148171
1.56656	 0.00212861
1.5699	 0.0021679
1.57323	 0.00142253
1.57656	 0.00130896
1.57989	 0.00147023
1.58323	 0.00188439
1.58656	 0.00199338
1.58989	 0.00220321
1.59323	 0.00139575
1.59656	 0.00119095
1.59989	 0.00156818
1.60323	 0.00107463
1.60656	 0.00152662
1.60989	 0.00147978
1.61323	 0.00166315
1.61656	 0.00129791
1.61989	 0.00233692
1.62323	 0.00138771
1.62656	 0.00185382
1.62989	 0.00155152
1.63322	 0.00151224
1.63656	 0.00187283
1.63989	 0.00160904
1.64322	 0.000787355
1.64656	 0.00188543
1.64989	 0.00112198
1.65322	 0.00189138
1.65656	 0.00123418
1.65989	 0.000904448
1.66322	 0.00115388
1.66656	 0.00099283
1.66989	 0.00188853
1.67322	 0.00102049
1.67655	 0.00104743
1.67989	 0.00153302
1.68322	 0.000757187
1.68655	 0.00159263
1.68989	 0.00173934
1.69322	 0.00128
1.69655	 0.00105415
1.69989	 0.00107591
1.70322	 0.00156011
1.70655	 0.00147084
1.70989	 0.00149688
1.71322	 0.00135676
1.71655	 0.00112246
1.71989	 0.00150352
1.72322	 0.00115651
1.72655	 0.00122824
1.72988	 0.00146309
1.73322	 0.00134428
1.73655	 0.00165969
1.73988	 0.00129419
1.74322	 0.00176401
1.74655	 0.00163937
1.74988	 0.000881083
1.75322	 0.00132896
1.75655	 0.000766288
1.75988	 0.000882938
1.76322	 0.00128874
1.76655	 0.00121982
1.76988	 0.0010421
1.77322	 0.00102605
1.77655	 0.00133132
1.77988	 0.00143823
1.78321	 0.00128576
1.78655	 0.0013022
1.78988	 0.00146078
1.79321	 0.00105794
1.79655	 0.00134936
1.79988	 0.00119456
1.80321	 0.00177252
1.80655	 0.00157641
1.80988	 0.00139397
1.81321	 0.00136681
1.81655	 0.0015167
1.81988	 0.000966251
1.82321	 0.00104066
1.82654	 0.00139749
1.82988	 0.000931944
1.83321	 0.00124686
1.83654	 0.00105469
1.83988	 0.00195284
1.84321	 0.00144566
1.84654	 0.00117165
1.84988	 0.000805065
1.85321	 0.00114353
1.85654	 0.00151586
1.85988	 0.00118647
1.86321	 0.0013097
1.86654	 0.00110056
1.86988	 0.00161401
1.87321	 0.00163281
1.87654	 0.0011492
1.87987	 0.0014073
1.88321	 0.00148432
1.88654	 0.000793782
1.88987	 0.00112959
1.89321	 0.00145115
1.89654	 0.00108311
1.89987	 0.00111893
1.90321	 0.00130332
1.90654	 0.0013018
1.90987	 0.00127684
1.91321	 0.00128804
1.91654	 0.00125454
1.91987	 0.00108832
1.92321	 0.00172747
1.92654	 0.00140376
1.92987	 0.00113242
1.9332	 0.00157081
1.93654	 0.000977947
1.93987	 0.00137004
1.9432	 0.00125569
1.94654	 0.000821654
1.94987	 0.00125577
1.9532	 0.00127101
1.95654	 0.00183079
1.95987	 0.0013969
1.9632	 0.00168599
1.96654	 0.000893506
1.96987	 0.00134173
1.9732	 0.0015868
1.97653	 0.00151713
1.97987	 0.00116207
1.9832	 0.00164776
1.98653	 0.00118177
1.98987	 0.00145691
1.9932	 0.00122835
1.99653	 0.00148672
1.99987	 0.00178369
2.0032	 0.00101532
2.00653	 0.00112088
2.00987	 0.0012771
2.0132	 0.00123491
2.01653	 0.00160374
2.01987	 0.00125928
2.0232	 0.000918791
2.02653	 0.00151253
2.02986	 0.00155855
2.0332	 0.00191842
2.03653	 0.00172912
2.03986	 0.00132354
2.0432	 0.00147974
2.04653	 0.00174757
2.04986	 0.00139931
2.0532	 0.00165451
2.05653	 0.0011208
2.05986	 0.00160056
2.0632	 0.00116391
2.06653	 0.0019576
2.06986	 0.00168936
2.0732	 0.00164956
2.07653	 0.00228578
2.07986	 0.00168126
2.08319	 0.00146462
2.08653	 0.00195436
2.08986	 0.00175399
2.09319	 0.00139564
2.09653	 0.00073456
2.09986	 0.00165655
2.10319	 0.0016375
2.10653	 0.00222625
2.10986	 0.00187487
2.11319	 0.00135742
2.11653	 0.00158
2.11986	 0.0013539
2.12319	 0.00178923
2.12652	 0.00167397
2.12986	 0.001753
2.13319	 0.00146229
2.13652	 0.00251595
2.13986	 0.00224398
2.14319	 0.0012921
2.14652	 0.00185018
2.14986	 0.0022453
2.15319	 0.00174916
2.15652	 0.00191239
2.15986	 0.00202451
2.16319	 0.00195761
2.16652	 0.00159303
2.16986	 0.00206723
2.17319	 0.00173014
2.17652	 0.00180615
2.17985	 0.00211441
2.18319	 0.00167746
2.18652	 0.00164189
2.18985	 0.00163768
2.19319	 0.00112094
2.19652	 0.00242766
2.19985	 0.00228906
2.20319	 0.00187216
2.20652	 0.00205829
2.20985	 0.0030808
2.21319	 0.00273583
2.21652	 0.00287573
2.21985	 0.00309599
2.22319	 0.00360383
2.22652	 0.00186393
2.22985	 0.0031193
2.23318	 0.00259879
2.23652	 0.00234372
2.23985	 0.00290883
2.24318	 0.00264699
2.24652	 0.00304951
2.24985	 0.00347593
2.25318	 0.00303854
2.25652	 0.00320247
2.25985	 0.00374273
2.26318	 0.00259537
2.26652	 0.00326144
2.26985	 0.003446
2.27318	 0.00280812
2.27651	 0.0028567
2.27985	 0.00326579
2.28318	 0.00280191
2.28651	 0.00286277
2.28985	 0.00555304
2.29318	 0.00425016
2.29651	 0.00392646
2.29985	 0.00340065
2.30318	 0.00457362
2.30651	 0.00510129
2.30985	 0.00347607
2.31318	 0.00458669
2.31651	 0.00603361
2.31985	 0.00336744
2.32318	 0.00513065
2.32651	 0.00641846
2.32984	 0.00663796
2.33318	 0.00582298
2.33651	 0.00593393
2.33984	 0.00526636
2.34318	 0.0076721
2.34651	 0.00651806
2.34984	 0.0079765
2.35318	 0.00911048
2.35651	 0.00579835
2.35984	 0.00860314
2.36318	 0.00835126
2.36651	 0.00713404
2.36984	 0.00572079
2.37318	 0.00640625
2.37651	 0.00468479
2.37984	 0.0105956
2.38317	 0.00572357
2.38651	 0.00950897
2.38984	 0.00775382
2.39317	 0.00802066
2.39651	 0.00728292
2.39984	 0.00680975
2.40317	 0.00664253
2.40651	 0.00602124
2.40984	 0.00907909
2.41317	 0.00612772
2.41651	 0.00810227
2.41984	 0.00694884
2.42317	 0.0076144
2.4265	 0.00463099
2.42984	 0.00828427
2.43317	 0.00550034
2.4365	 0.00461829
2.43984	 0.00540288
2.44317	 0.0080709
2.4465	 0.00615823
2.44984	 0.00613201
2.45317	 0.00460509
2.4565	 0.00618161
2.45984	 0.0042053
2.46317	 0.00510228
2.4665	 0.00560585
2.46984	 0.00437311
2.47317	 0.00450778
2.4765	 0.00464988
2.47983	 0.00555395
2.48317	 0.00327047
2.4865	 0.00443971
2.48983	 0.00296241
2.49317	 0.00375815
2.4965	 0.00494902
2.49983	 0.00435496
2.50317	 0.00439261
2.5065	 0.00345651
2.50983	 0.00421854
2.51317	 0.00388978
2.5165	 0.00464931
2.51983	 0.00367327
2.52317	 0.00361503
2.5265	 0.00413667
2.52983	 0.00284913
2.53316	 0.0034812
2.5365	 0.00180129
2.53983	 0.00376969
2.54316	 0.0021984
2.5465	 0.00360002
2.54983	 0.00403706
2.55316	 0.00373442
2.5565	 0.00288883
2.55983	 0.00319106
2.56316	 0.00310917
2.5665	 0.00343787
2.56983	 0.00244784
2.57316	 0.00260872
2.57649	 0.00206677
2.57983	 0.00255824
2.58316	 0.00246821
2.58649	 0.00319641
2.58983	 0.00255213
2.59316	 0.00296509
2.59649	 0.00254582
2.59983	 0.00319574
2.60316	 0.00234771
2.60649	 0.00279138
2.60983	 0.00217212
2.61316	 0.00225503
2.61649	 0.00170141
2.61983	 0.00260418
2.62316	 0.00269274
2.62649	 0.00224153
2.62982	 0.00200668
2.63316	 0.00137802
2.63649	 0.00240845
2.63982	 0.00212706
2.64316	 0.00134365
2.64649	 0.00223993
2.64982	 0.00178227
2.65316	 0.00216114
2.65649	 0.00173463
2.65982	 0.00210953
2.66316	 0.00178341
2.66649	 0.00179837
2.66982	 0.0027266
2.67316	 0.00207071
2.67649	 0.00227377
2.67982	 0.00201269
2.68315	 0.00151888
2.68649	 0.0015848
2.68982	 0.00186538
2.69315	 0.00251861
2.69649	 0.0017615
2.69982	 0.00313173
2.70315	 0.00151845
2.70649	 0.0018429
2.70982	 0.00183508
2.71315	 0.00162399
2.71649	 0.00172935
2.71982	 0.00138166
2.72315	 0.00152861
2.72648	 0.00210803
2.72982	 0.00245686
2.73315	 0.00140383
2.73648	 0.00165694
2.73982	 0.00148612
2.74315	 0.00169903
2.74648	 0.00110589
2.74982	 0.000964616
2.75315	 0.00132392
2.75648	 0.00146804
2.75982	 0.00127371
2.76315	 0.00135673
2.76648	 0.00174468
2.76982	 0.00152712
2.77315	 0.00154055
2.77648	 0.00101045
2.77981	 0.00177938
2.78315	 0.00212643
2.78648	 0.00160219
2.78981	 0.0015252
2.79315	 0.00153265
2.79648	 0.00130909
2.79981	 0.0014264
2.80315	 0.00113877
2.80648	 0.00111559
2.80981	 0.0018169
2.81315	 0.00174282
2.81648	 0.0011183
2.81981	 0.00110786
2.82315	 0.00121918
2.82648	 0.00116586
2.82981	 0.0016297
2.83314	 0.00148378
2.83648	 0.00136848
2.83981	 0.000974345
2.84314	 0.00126651
2.84648	 0.00115294
2.84981	 0.00137313
2.85314	 0.0010661
2.85648	 0.00117227
2.85981	 0.00132868
2.86314	 0.00144022
2.86648	 0.00126476
2.86981	 0.00159736
2.87314	 0.00146508
2.87647	 0.00195957
2.87981	 0.00112091
2.88314	 0.00164679
2.88647	 0.00100861
2.88981	 0.00130617
2.89314	 0.00187957
2.89647	 0.00130438
2.89981	 0.00130544
2.90314	 0.00196987
2.90647	 0.00133885
2.90981	 0.00117146
2.91314	 0.00121925
2.91647	 0.0012394
2.91981	 0.00137423
2.92314	 0.00122243
2.92647	 0.00113185
2.9298	 0.00123475
2.93314	 0.00139022
2.93647	 0.00100016
2.9398	 0.00125495
2.94314	 0.00141117
2.94647	 0.00140405
2.9498	 0.00120994
2.95314	 0.000782283
2.95647	 0.00136147
2.9598	 0.00117725
2.96314	 0.00143079
2.96647	 0.00101219
2.9698	 0.00110252
2.97314	 0.00113592
2.97647	 0.00161966
2.9798	 0.00157711
2.98313	 0.0010013
2.98647	 0.00129231
2.9898	 0.00139479
2.99313	 0.00152224
2.99647	 0.00124495
2.9998	 0.00116802
3.00313	 0.000888489
3.00647	 0.00163137
3.0098	 0.000832175
3.01313	 0.00121024
3.01647	 0.00131926
3.0198	 0.00140848
3.02313	 0.000758142
3.02646	 0.00126349
3.0298	 0.00168905
3.03313	 0.00207948
3.03646	 0.00128489
3.0398	 0.00129467
3.04313	 0.000808124
3.04646	 0.00135921
3.0498	 0.00154479
3.05313	 0.00129051
3.05646	 0.00112263
3.0598	 0.000906003
3.06313	 0.00124839
3.06646	 0.00134878
3.0698	 0.000912886
3.07313	 0.000785015
3.07646	 0.000873166
3.07979	 0.00127218
3.08313	 0.00116775
3.08646	 0.00137749
3.08979	 0.00128365
3.09313	 0.00168614
3.09646	 0.00133108
3.09979	 0.00129347
3.10313	 0.00139406
3.10646	 0.00101568
3.10979	 0.00140375
3.11313	 0.00127813
3.11646	 0.00132327
3.11979	 0.00102621
3.12313	 0.00118192
3.12646	 0.00137582
3.12979	 0.00112133
3.13312	 0.00102503
3.13646	 0.00119837
3.13979	 0.00129807
3.14312	 0.00121391
3.14646	 0.00133282
3.14979	 0.00120775
3.15312	 0.00147619
3.15646	 0.00120174
3.15979	 0.0017482
3.16312	 0.000675498
3.16646	 0.00118631
3.16979	 0.00115648
3.17312	 0.00164455
3.17645	 0.0016143
3.17979	 0.00158479
3.18312	 0.00124532
3.18645	 0.00134705
3.18979	 0.00142669
3.19312	 0.00158559
3.19645	 0.00137315
3.19979	 0.00148789
3.20312	 0.00125728
3.20645	 0.00124998
3.20979	 0.00144586
3.21312	 0.00164546
3.21645	 0.00137341
3.21979	 0.00176997
3.22312	 0.00141771
3.22645	 0.00154673
3.22978	 0.00149142
3.23312	 0.000924163
3.23645	 0.00112077
3.23978	 0.00130757
3.24312	 0.0013697
3.24645	 0.00110443
3.24978	 0.00149656
3.25312	 0.00167235
3.25645	 0.00171027
3.25978	 0.00166619
3.26312	 0.0021142
3.26645	 0.00106337
3.26978	 0.00111872
3.27312	 0.00150875
3.27645	 0.00141366
3.27978	 0.00155603
3.28311	 0.00224063
3.28645	 0.0011672
3.28978	 0.00147307
3.29311	 0.0014442
3.29645	 0.0015364
3.29978	 0.00118333
3.30311	 0.00159552
3.30645	 0.00157702
3.30978	 0.00155407
3.31311	 0.00163698
3.31645	 0.00169114
3.31978	 0.00203794
3.32311	 0.00162483
3.32644	 0.00236765
3.32978	 0.00150538
3.33311	 0.00136662
3.33644	 0.00159215
3.33978	 0.00199838
3.34311	 0.00113604
3.34644	 0.00127343
3.34978	 0.00133557
3.35311	 0.00186096
3.35644	 0.00172012
3.35978	 0.00179254
3.36311	 0.00211963
3.36644	 0.00167544
3.36978	 0.00159737
3.37311	 0.00227988
3.37644	 0.0026892
3.37977	 0.00135905
3.38311	 0.0019497
3.38644	 0.00174918
3.38977	 0.0019366
3.39311	 0.00190271
3.39644	 0.00176274
3.39977	 0.00206643
3.40311	 0.00192551
3.40644	 0.0021677
3.40977	 0.00183253
3.41311	 0.00226012
3.41644	 0.00285293
3.41977	 0.00191678
3.42311	 0.0019427
3.42644	 0.00150301
3.42977	 0.00201683
3.4331	 0.00245021
3.43644	 0.00233216
3.43977	 0.00214747
3.4431	 0.00222936
3.44644	 0.00261571
3.44977	 0.00276248
3.4531	 0.00170932
3.45644	 0.00154784
3.45977	 0.00242333
3.4631	 0.0027406
3.46644	 0.00241933
3.46977	 0.00250469
3.4731	 0.0030275
3.47643	 0.0021449
3.47977	 0.00208782
3.4831	 0.00230063
3.48643	 0.00324472
3.48977	 0.00309208
3.4931	 0.00304752
3.49643	 0.00330803
3.49977	 0.00260482
3.5031	 0.00417163
3.50643	 0.00398808
3.50977	 0.00385383
3.5131	 0.00336757
3.51643	 0.00295747
3.51977	 0.00319449
3.5231	 0.00414248
3.52643	 0.0033591
3.52976	 0.00330118
3.5331	 0.00257328
3.53643	 0.00345537
3.53976	 0.00516294
3.5431	 0.00597318
3.54643	 0.00355755
3.54976	 0.00311739
3.5531	 0.00491802
3.55643	 0.00478885
3.55976	 0.00361862
3.5631	 0.00424889
3.56643	 0.00342859
3.56976	 0.00483714
3.5731	 0.00554369
3.57643	 0.0039235
3.57976	 0.0054012
3.58309	 0.00386947
3.58643	 0.00624014
3.58976	 0.00493956
3.59309	 0.00573699
3.59643	 0.00812693
3.59976	 0.00446789
3.60309	 0.00450554
3.60643	 0.00416992
3.60976	 0.0024585
3.61309	 0.00645725
3.61643	 0.00438439
3.61976	 0.00562712
3.62309	 0.00524613
3.62642	 0.00388558
3.62976	 0.00426068
3.63309	 0.00562675
3.63642	 0.00493657
3.63976	 0.00241825
3.64309	 0.00445125
3.64642	 0.00589906
3.64976	 0.00505675
3.65309	 0.00437085
3.65642	 0.00420334
3.65976	 0.00386379
3.66309	 0.00438144
3.66642	 0.0051627
3.66976	 0.00344712
3.67309	 0.00426021
3.67642	 0.00296568
3.67975	 0.00364187
3.68309	 0.00278187
3.68642	 0.00342567
3.68975	 0.00500677
3.69309	 0.00386374
3.69642	 0.00271707
3.69975	 0.00378224
3.70309	 0.00367716
3.70642	 0.00383835
3.70975	 0.00201792
3.71309	 0.00358766
3.71642	 0.00450698
3.71975	 0.00296786
3.72309	 0.00318901
3.72642	 0.00299407
3.72975	 0.0033051
3.73308	 0.00206313
3.73642	 0.0037651
3.73975	 0.00303845
3.74308	 0.00369856
3.74642	 0.00309625
3.74975	 0.00419834
3.75308	 0.00243417
3.75642	 0.00218687
3.75975	 0.00271691
3.76308	 0.00323002
3.76642	 0.00284668
3.76975	 0.00207255
3.77308	 0.00217995
3.77641	 0.00312509
3.77975	 0.00298364
3.78308	 0.00249656
3.78641	 0.00173587
3.78975	 0.00148812
3.79308	 0.00197898
3.79641	 0.00188582
3.79975	 0.00275836
3.80308	 0.00196405
3.80641	 0.00189346
3.80975	 0.00216252
3.81308	 0.00282371
3.81641	 0.00189342
3.81975	 0.00183251
3.82308	 0.00210969
3.82641	 0.00181752
3.82974	 0.00189493
3.83308	 0.00228094
3.83641	 0.0023575
3.83974	 0.00198697
3.84308	 0.00157109
3.84641	 0.00177327
3.84974	 0.00173767
3.85308	 0.00171863
3.85641	 0.00153275
3.85974	 0.00205032
3.86308	 0.00175871
3.86641	 0.00141961
3.86974	 0.00137894
3.87308	 0.00189856
3.87641	 0.00186579
3.87974	 0.0019019
3.88307	 0.00164898
3.88641	 0.00158622
3.88974	 0.00159145
3.89307	 0.00145837
3.89641	 0.00215662
3.89974	 0.00105922
3.90307	 0.0013583
3.90641	 0.00129342
3.90974	 0.00189122
3.91307	 0.00185419
3.91641	 0.00144447
3.91974	 0.00155429
3.92307	 0.00206696
3.9264	 0.00184774
3.92974	 0.00147628
3.93307	 0.00230425
3.9364	 0.00125608
3.93974	 0.0014412
3.94307	 0.00150641
3.9464	 0.00168291
3.94974	 0.00170798
3.95307	 0.00167589
3.9564	 0.00160961
3.95974	 0.00123798
3.96307	 0.00202452
3.9664	 0.0012123
3.96974	 0.00120662
3.97307	 0.00120017
3.9764	 0.00180901
3.97973	 0.00128191
3.98307	 0.00143185
3.9864	 0.0013644
3.98973	 0.00137154
3.99307	 0.00092283
3.9964	 0.0013624
3.99973	 0.00155655
4.00307	 0.00175882
4.0064	 0.00174537
4.00973	 0.00121577
4.01307	 0.00139344
4.0164	 0.00142967
4.01973	 0.00128492
4.02307	 0.00130874
4.0264	 0.00140532
4.02973	 0.000904845
4.03306	 0.00124097
4.0364	 0.00102754
4.03973	 0.00124099
4.04306	 0.00127017
4.0464	 0.00144905
4.04973	 0.00122761
4.05306	 0.00134741
4.0564	 0.000702388
4.05973	 0.00132473
4.06306	 0.000782972
4.0664	 0.00132216
4.06973	 0.00136264
4.07306	 0.00136348
4.07639	 0.00122832
4.07973	 0.00119371
4.08306	 0.00191064
4.08639	 0.000966837
4.08973	 0.000908599
4.09306	 0.00110673
4.09639	 0.000849496
4.09973	 0.000951808
4.10306	 0.00112334
4.10639	 0.00107784
4.10973	 0.00146615
4.11306	 0.00100901
4.11639	 0.00101995
4.11973	 0.00143887
4.12306	 0.00143384
4.12639	 0.000962901
4.12972	 0.00129115
4.13306	 0.00129362
4.13639	 0.00133292
4.13972	 0.00114548
4.14306	 0.000817605
4.14639	 0.00110359
4.14972	 0.00129082
4.15306	 0.000897774
4.15639	 0.000933233
4.15972	 0.00153952
4.16306	 0.00119132
4.16639	 0.0012886
4.16972	 0.00122367
4.17306	 0.00105647
4.17639	 0.000840188
4.17972	 0.00117616
4.18305	 0.00106745
4.18639	 0.000950992
4.18972	 0.00133249
4.19305	 0.00119765
4.19639	 0.00162853
4.19972	 0.000816661
4.20305	 0.000807129
4.20639	 0.00111089
4.20972	 0.00109801
4.21305	 0.00102351
4.21639	 0.00113926
4.21972	 0.00114275
4.22305	 0.0015917
4.22638	 0.00105865
4.22972	 0.000996518
4.23305	 0.00107421
4.23638	 0.00117904
4.23972	 0.000737943
4.24305	 0.00110395
4.24638	 0.00113448
4.24972	 0.00107482
4.25305	 0.00121428
4.25638	 0.00110683
4.25972	 0.000926018
4.26305	 0.00167042
4.26638	 0.00123944
4.26972	 0.0011627
4.27305	 0.000801829
4.27638	 0.000760448
4.27971	 0.00171906
4.28305	 0.00125048
4.28638	 0.000937012
4.28971	 0.00167276
4.29305	 0.00111354
4.29638	 0.00149053
4.29971	 0.0010273
4.30305	 0.00103745
4.30638	 0.00139281
4.30971	 0.000895801
4.31305	 0.000854811
4.31638	 0.00112472
4.31971	 0.00121257
4.32305	 0.0011556
4.32638	 0.00104545
4.32971	 0.00123698
4.33304	 0.000970248
4.33638	 0.00107395
4.33971	 0.00139376
4.34304	 0.00136909
4.34638	 0.000966251
4.34971	 0.000947432
4.35304	 0.00113198
4.35638	 0.00122353
4.35971	 0.00123968
4.36304	 0.00155624
4.36638	 0.00110896
4.36971	 0.00161846
4.37304	 0.00163125
4.37637	 0.00149722
4.37971	 0.00127247
4.38304	 0.0013096
4.38637	 0.00110947
4.38971	 0.00120247
4.39304	 0.00115941
4.39637	 0.00143401
4.39971	 0.00142783
4.40304	 0.00122723
4.40637	 0.000988359
4.40971	 0.00139383
4.41304	 0.00175443
4.41637	 0.000978976
4.41971	 0.00119115
4.42304	 0.0013342
4.42637	 0.00132448
4.4297	 0.00125985
4.43304	 0.00162489
4.43637	 0.00121122
4.4397	 0.00145874
4.44304	 0.00106084
4.44637	 0.00139108
4.4497	 0.00171775
4.45304	 0.00128397
4.45637	 0.00123371
4.4597	 0.0014593
4.46304	 0.00104063
4.46637	 0.00138972
4.4697	 0.00150693
4.47304	 0.00166212
4.47637	 0.00211311
4.4797	 0.00113682
4.48303	 0.00125226
4.48637	 0.00161008
4.4897	 0.0012218
4.49303	 0.00114268
4.49637	 0.000808497
4.4997	 0.00126315
4.50303	 0.00160225
4.50637	 0.00109477
4.5097	 0.00153809
4.51303	 0.00139505
4.51637	 0.00146684
4.5197	 0.00106806
4.52303	 0.00159193
4.52636	 0.00129059
4.5297	 0.00119878
4.53303	 0.00171545
4.53636	 0.0015095
4.5397	 0.00174743
4.54303	 0.00205486
4.54636	 0.00188694
4.5497	 0.00199162
4.55303	 0.00176146
4.55636	 0.00126143
4.5597	 0.00172071
4.56303	 0.00204853
4.56636	 0.00217346
4.5697	 0.0019393
4.57303	 0.0012777
4.57636	 0.000869995
4.57969	 0.0021515
4.58303	 0.00153588
4.58636	 0.00133609
4.58969	 0.00174789
4.59303	 0.00171242
4.59636	 0.00171563
4.59969	 0.00190058
4.60303	 0.00186504
4.60636	 0.00175344
4.60969	 0.00274311
4.61303	 0.00232996
4.61636	 0.00214066
4.61969	 0.00178115
4.62303	 0.00218168
4.62636	 0.002352
4.62969	 0.00143004
4.63302	 0.0023806
4.63636	 0.00135092
4.63969	 0.00170674
4.64302	 0.00257238
4.64636	 0.00162641
4.64969	 0.00206339
4.65302	 0.00155851
4.65636	 0.00248144
4.65969	 0.00141557
4.66302	 0.00170087
4.66636	 0.00164563
4.66969	 0.00187514
4.67302	 0.00243984
4.67635	 0.00280145
4.67969	 0.00156752
4.68302	 0.00243396
4.68635	 0.0024998
4.68969	 0.00202743
4.69302	 0.00214784
4.69635	 0.00217143
4.69969	 0.00241216
4.70302	 0.00262122
4.70635	 0.00276583
4.70969	 0.00401966
4.71302	 0.00220589
4.71635	 0.00286573
4.71969	 0.00256537
4.72302	 0.00284035
4.72635	 0.00301054
4.72968	 0.00281965
4.73302	 0.0035052
4.73635	 0.00283005
4.73968	 0.00348587
4.74302	 0.0035278
4.74635	 0.00348144
4.74968	 0.00298848
4.75302	 0.0028283
4.75635	 0.00309307
4.75968	 0.00276322
4.76302	 0.00306884
4.76635	 0.00246097
4.76968	 0.00222791
4.77302	 0.00278496
4.77635	 0.00490546
4.77968	 0.00274869
4.78301	 0.0035007
4.78635	 0.00338555
4.78968	 0.00255839
4.79301	 0.00272877
4.79635	 0.00436192
4.79968	 0.00362475
4.80301	 0.00357589
4.80635	 0.00377468
4.80968	 0.00327348
4.81301	 0.00317859
4.81635	 0.00315372
4.81968	 0.00258694
4.82301	 0.0034911
4.82634	 0.00434947
4.82968	 0.00395731
4.83301	 0.00396231
4.83634	 0.00228846
4.83968	 0.00306177
4.84301	 0.00429837
4.84634	 0.00256109
4.84968	 0.00283482
4.85301	 0.00212489
4.85634	 0.0030643
4.85968	 0.00255272
4.86301	 0.00303301
4.86634	 0.00350258
4.86968	 0.00324564
4.87301	 0.00319911
4.87634	 0.00332352
4.87967	 0.00410767
4.88301	 0.00370218
4.88634	 0.00457414
4.88967	 0.00349089
4.89301	 0.00307845
4.89634	 0.00375515
4.89967	 0.00299165
4.90301	 0.00254134
4.90634	 0.00302863
4.90967	 0.00242747
4.91301	 0.00339253
4.91634	 0.00368588
4.91967	 0.00237544
4.92301	 0.00299792
4.92634	 0.002822
4.92967	 0.00290583
4.933	 0.00298707
4.93634	 0.00248955
4.93967	 0.00357346
4.943	 0.00195163
4.94634	 0.00273308
4.94967	 0.00272025
4.953	 0.00234907
4.95634	 0.00226288
4.95967	 0.00186273
4.963	 0.00246457
4.96634	 0.00262848
4.96967	 0.00225833
4.973	 0.00307372
4.97633	 0.00183827
4.97967	 0.00159863
4.983	 0.00250111
4.98633	 0.00192213
4.98967	 0.00188872
4.993	 0.00192179
4.99633	 0.00227819
