# Frequency [GHz] 	Fouriercomponent
-4.99967	 0.00152714
-4.99633	 0.00189448
-4.993	 0.00230008
-4.98967	 0.00180744
-4.98633	 0.00235957
-4.983	 0.00184097
-4.97967	 0.00183579
-4.97633	 0.00233736
-4.973	 0.00187301
-4.96967	 0.00215991
-4.96634	 0.00243216
-4.963	 0.00215044
-4.95967	 0.00189562
-4.95634	 0.00254372
-4.953	 0.00183099
-4.94967	 0.00167904
-4.94634	 0.00243395
-4.943	 0.00244286
-4.93967	 0.0016345
-4.93634	 0.00267092
-4.933	 0.00325009
-4.92967	 0.00284203
-4.92634	 0.00203099
-4.92301	 0.00242712
-4.91967	 0.00197743
-4.91634	 0.00304495
-4.91301	 0.00219387
-4.90967	 0.00234857
-4.90634	 0.00267646
-4.90301	 0.002843
-4.89967	 0.00200081
-4.89634	 0.00288866
-4.89301	 0.00206064
-4.88967	 0.00301144
-4.88634	 0.00251644
-4.88301	 0.00263933
-4.87967	 0.00363129
-4.87634	 0.00313139
-4.87301	 0.00288993
-4.86968	 0.00188317
-4.86634	 0.00297234
-4.86301	 0.0033536
-4.85968	 0.00250635
-4.85634	 0.00345677
-4.85301	 0.00209324
-4.84968	 0.00406286
-4.84634	 0.00312861
-4.84301	 0.00306677
-4.83968	 0.00259471
-4.83634	 0.00357451
-4.83301	 0.00340684
-4.82968	 0.00327431
-4.82634	 0.00320404
-4.82301	 0.00270327
-4.81968	 0.00238242
-4.81635	 0.00301791
-4.81301	 0.00264794
-4.80968	 0.00314722
-4.80635	 0.00263119
-4.80301	 0.00209219
-4.79968	 0.00260611
-4.79635	 0.00327762
-4.79301	 0.00204443
-4.78968	 0.0019668
-4.78635	 0.00214208
-4.78301	 0.00319843
-4.77968	 0.00304787
-4.77635	 0.00268862
-4.77302	 0.00186086
-4.76968	 0.00262681
-4.76635	 0.00180476
-4.76302	 0.00310983
-4.75968	 0.00304486
-4.75635	 0.00238032
-4.75302	 0.00350266
-4.74968	 0.00354378
-4.74635	 0.00252508
-4.74302	 0.00175976
-4.73968	 0.00219667
-4.73635	 0.00312261
-4.73302	 0.00199828
-4.72968	 0.00318599
-4.72635	 0.00260606
-4.72302	 0.00155756
-4.71969	 0.00181198
-4.71635	 0.00230053
-4.71302	 0.0022748
-4.70969	 0.00180823
-4.70635	 0.00221975
-4.70302	 0.00198143
-4.69969	 0.00178646
-4.69635	 0.00190655
-4.69302	 0.00247178
-4.68969	 0.00144512
-4.68635	 0.00171748
-4.68302	 0.00212811
-4.67969	 0.00174014
-4.67635	 0.00187525
-4.67302	 0.00247774
-4.66969	 0.00191987
-4.66636	 0.00181109
-4.66302	 0.00196312
-4.65969	 0.00183064
-4.65636	 0.00152368
-4.65302	 0.00229703
-4.64969	 0.00242299
-4.64636	 0.00145913
-4.64302	 0.00160042
-4.63969	 0.00174959
-4.63636	 0.00140018
-4.63302	 0.00120394
-4.62969	 0.00123761
-4.62636	 0.00138063
-4.62303	 0.00150929
-4.61969	 0.00159786
-4.61636	 0.00157483
-4.61303	 0.00121752
-4.60969	 0.00108068
-4.60636	 0.0018115
-4.60303	 0.00133098
-4.59969	 0.00164919
-4.59636	 0.00106404
-4.59303	 0.00127127
-4.58969	 0.00131959
-4.58636	 0.0016703
-4.58303	 0.00115532
-4.57969	 0.00199077
-4.57636	 0.00123694
-4.57303	 0.00163064
-4.5697	 0.00151569
-4.56636	 0.00109872
-4.56303	 0.001327
-4.5597	 0.00116061
-4.55636	 0.00164784
-4.55303	 0.00130855
-4.5497	 0.00127082
-4.54636	 0.000868386
-4.54303	 0.00139023
-4.5397	 0.00157889
-4.53636	 0.00115528
-4.53303	 0.00125585
-4.5297	 0.000954184
-4.52636	 0.00111859
-4.52303	 0.001189
-4.5197	 0.00123141
-4.51637	 0.00104342
-4.51303	 0.00112623
-4.5097	 0.0016392
-4.50637	 0.00132651
-4.50303	 0.00106709
-4.4997	 0.00135714
-4.49637	 0.00150092
-4.49303	 0.00117799
-4.4897	 0.00125539
-4.48637	 0.000981403
-4.48303	 0.000797959
-4.4797	 0.00144711
-4.47637	 0.00107328
-4.47304	 0.000866544
-4.4697	 0.00118283
-4.46637	 0.00116338
-4.46304	 0.00094284
-4.4597	 0.000845335
-4.45637	 0.00107233
-4.45304	 0.0011459
-4.4497	 0.00134694
-4.44637	 0.00109975
-4.44304	 0.00106893
-4.4397	 0.00110181
-4.43637	 0.000914748
-4.43304	 0.00105531
-4.4297	 0.000969504
-4.42637	 0.000935292
-4.42304	 0.00080345
-4.41971	 0.00154373
-4.41637	 0.00114612
-4.41304	 0.00140505
-4.40971	 0.00112804
-4.40637	 0.00115022
-4.40304	 0.00102078
-4.39971	 0.00083917
-4.39637	 0.00110255
-4.39304	 0.00115551
-4.38971	 0.00118825
-4.38637	 0.000919152
-4.38304	 0.000970304
-4.37971	 0.000757041
-4.37637	 0.000994618
-4.37304	 0.00108127
-4.36971	 0.00122522
-4.36638	 0.00101029
-4.36304	 0.000834992
-4.35971	 0.00126778
-4.35638	 0.000909483
-4.35304	 0.000701497
-4.34971	 0.000739416
-4.34638	 0.00103835
-4.34304	 0.00100809
-4.33971	 0.000919534
-4.33638	 0.00116629
-4.33304	 0.00120918
-4.32971	 0.000923903
-4.32638	 0.00108596
-4.32305	 0.000749644
-4.31971	 0.00117871
-4.31638	 0.000752885
-4.31305	 0.00109089
-4.30971	 0.00105855
-4.30638	 0.000892526
-4.30305	 0.000939663
-4.29971	 0.000982874
-4.29638	 0.000986244
-4.29305	 0.00103265
-4.28971	 0.000899438
-4.28638	 0.000950033
-4.28305	 0.00101228
-4.27971	 0.000980675
-4.27638	 0.00101567
-4.27305	 0.00100494
-4.26972	 0.00102223
-4.26638	 0.00110641
-4.26305	 0.00100021
-4.25972	 0.000963642
-4.25638	 0.00113405
-4.25305	 0.00113919
-4.24972	 0.000911243
-4.24638	 0.000774874
-4.24305	 0.000788538
-4.23972	 0.00102283
-4.23638	 0.000887686
-4.23305	 0.000879573
-4.22972	 0.000845738
-4.22638	 0.000894254
-4.22305	 0.000669855
-4.21972	 0.000983825
-4.21639	 0.0012041
-4.21305	 0.000783281
-4.20972	 0.00083898
-4.20639	 0.000757718
-4.20305	 0.000918648
-4.19972	 0.00080265
-4.19639	 0.00101309
-4.19305	 0.00102614
-4.18972	 0.00100515
-4.18639	 0.00133519
-4.18305	 0.00121935
-4.17972	 0.00104901
-4.17639	 0.000999519
-4.17306	 0.00123403
-4.16972	 0.0012591
-4.16639	 0.000795315
-4.16306	 0.00105732
-4.15972	 0.00108299
-4.15639	 0.000821371
-4.15306	 0.00110727
-4.14972	 0.000643358
-4.14639	 0.00138389
-4.14306	 0.000991136
-4.13972	 0.00078488
-4.13639	 0.00119116
-4.13306	 0.00112075
-4.12972	 0.000762619
-4.12639	 0.000988241
-4.12306	 0.00107507
-4.11973	 0.00111047
-4.11639	 0.000866343
-4.11306	 0.00116215
-4.10973	 0.000906732
-4.10639	 0.0011068
-4.10306	 0.00107478
-4.09973	 0.00115908
-4.09639	 0.00121613
-4.09306	 0.00106406
-4.08973	 0.00089227
-4.08639	 0.000651859
-4.08306	 0.000891052
-4.07973	 0.00108462
-4.07639	 0.000918972
-4.07306	 0.00128642
-4.06973	 0.000926531
-4.0664	 0.000944422
-4.06306	 0.00110483
-4.05973	 0.00127229
-4.0564	 0.00124301
-4.05306	 0.00129412
-4.04973	 0.000829156
-4.0464	 0.00125966
-4.04306	 0.0009741
-4.03973	 0.00110744
-4.0364	 0.000970983
-4.03306	 0.00103563
-4.02973	 0.00099669
-4.0264	 0.00117725
-4.02307	 0.00111904
-4.01973	 0.000999158
-4.0164	 0.0010893
-4.01307	 0.00115206
-4.00973	 0.00130484
-4.0064	 0.0014965
-4.00307	 0.00102347
-3.99973	 0.00119508
-3.9964	 0.0010851
-3.99307	 0.00107684
-3.98973	 0.00105919
-3.9864	 0.00150872
-3.98307	 0.0013096
-3.97973	 0.0010385
-3.9764	 0.00105758
-3.97307	 0.00140628
-3.96974	 0.0015176
-3.9664	 0.0015379
-3.96307	 0.00117305
-3.95974	 0.00158361
-3.9564	 0.00129715
-3.95307	 0.00161407
-3.94974	 0.00104862
-3.9464	 0.00135854
-3.94307	 0.0011374
-3.93974	 0.00118609
-3.9364	 0.00140824
-3.93307	 0.00150191
-3.92974	 0.00138541
-3.9264	 0.00121561
-3.92307	 0.00137023
-3.91974	 0.000850407
-3.91641	 0.000916544
-3.91307	 0.00175505
-3.90974	 0.00155754
-3.90641	 0.0013884
-3.90307	 0.00124201
-3.89974	 0.000924405
-3.89641	 0.00117322
-3.89307	 0.00198672
-3.88974	 0.00116432
-3.88641	 0.0013194
-3.88307	 0.00169175
-3.87974	 0.0013015
-3.87641	 0.00136183
-3.87308	 0.00130822
-3.86974	 0.00104667
-3.86641	 0.00146042
-3.86308	 0.00138098
-3.85974	 0.00134151
-3.85641	 0.00171619
-3.85308	 0.00155643
-3.84974	 0.00148694
-3.84641	 0.00202086
-3.84308	 0.00187183
-3.83974	 0.00210557
-3.83641	 0.00118218
-3.83308	 0.00145386
-3.82974	 0.00162775
-3.82641	 0.00156381
-3.82308	 0.00212089
-3.81975	 0.00209985
-3.81641	 0.00165473
-3.81308	 0.00231272
-3.80975	 0.00177037
-3.80641	 0.00140057
-3.80308	 0.00217912
-3.79975	 0.00108472
-3.79641	 0.00197745
-3.79308	 0.00196544
-3.78975	 0.00159845
-3.78641	 0.00201934
-3.78308	 0.00162991
-3.77975	 0.00207292
-3.77641	 0.0019724
-3.77308	 0.00246538
-3.76975	 0.00200981
-3.76642	 0.00239819
-3.76308	 0.00251772
-3.75975	 0.00220999
-3.75642	 0.00133485
-3.75308	 0.00274133
-3.74975	 0.00315365
-3.74642	 0.00307295
-3.74308	 0.00242877
-3.73975	 0.00304451
-3.73642	 0.00320688
-3.73308	 0.00224576
-3.72975	 0.0033562
-3.72642	 0.00268059
-3.72309	 0.00305838
-3.71975	 0.00271058
-3.71642	 0.0028066
-3.71309	 0.0025779
-3.70975	 0.00376758
-3.70642	 0.00342488
-3.70309	 0.00387793
-3.69975	 0.00312642
-3.69642	 0.00346353
-3.69309	 0.00291492
-3.68975	 0.00351812
-3.68642	 0.0024337
-3.68309	 0.00297463
-3.67975	 0.00332681
-3.67642	 0.0028838
-3.67309	 0.00332504
-3.66976	 0.0028443
-3.66642	 0.00291977
-3.66309	 0.00244631
-3.65976	 0.0031245
-3.65642	 0.00457845
-3.65309	 0.00324225
-3.64976	 0.00434423
-3.64642	 0.00365053
-3.64309	 0.00377902
-3.63976	 0.00444341
-3.63642	 0.00331874
-3.63309	 0.00466839
-3.62976	 0.00501807
-3.62642	 0.00460727
-3.62309	 0.003192
-3.61976	 0.00288422
-3.61643	 0.00496145
-3.61309	 0.00442794
-3.60976	 0.00544722
-3.60643	 0.00334693
-3.60309	 0.00464842
-3.59976	 0.0031824
-3.59643	 0.00530718
-3.59309	 0.00438983
-3.58976	 0.00447838
-3.58643	 0.00361442
-3.58309	 0.00458524
-3.57976	 0.00367415
-3.57643	 0.00465457
-3.5731	 0.00427009
-3.56976	 0.00374423
-3.56643	 0.00346044
-3.5631	 0.00425804
-3.55976	 0.00372853
-3.55643	 0.00326124
-3.5531	 0.00429047
-3.54976	 0.0027643
-3.54643	 0.00501482
-3.5431	 0.00432454
-3.53976	 0.00286232
-3.53643	 0.00343129
-3.5331	 0.00364023
-3.52976	 0.00236137
-3.52643	 0.00310404
-3.5231	 0.00236526
-3.51977	 0.00303434
-3.51643	 0.00303041
-3.5131	 0.00238429
-3.50977	 0.00205595
-3.50643	 0.00306173
-3.5031	 0.00294753
-3.49977	 0.00273772
-3.49643	 0.00291892
-3.4931	 0.00251841
-3.48977	 0.00272937
-3.48643	 0.00211596
-3.4831	 0.0021427
-3.47977	 0.00240731
-3.47643	 0.00263864
-3.4731	 0.00179124
-3.46977	 0.00187183
-3.46644	 0.00232507
-3.4631	 0.0025284
-3.45977	 0.00242032
-3.45644	 0.00178273
-3.4531	 0.00273448
-3.44977	 0.00182561
-3.44644	 0.0016221
-3.4431	 0.00208727
-3.43977	 0.00115187
-3.43644	 0.00195886
-3.4331	 0.00175445
-3.42977	 0.00171805
-3.42644	 0.00158845
-3.42311	 0.00198606
-3.41977	 0.00180547
-3.41644	 0.00179663
-3.41311	 0.00202853
-3.40977	 0.00218645
-3.40644	 0.00139563
-3.40311	 0.0016464
-3.39977	 0.00190991
-3.39644	 0.00132887
-3.39311	 0.00188271
-3.38977	 0.00214031
-3.38644	 0.00129347
-3.38311	 0.0012333
-3.37977	 0.0014863
-3.37644	 0.00206754
-3.37311	 0.00150208
-3.36978	 0.00164448
-3.36644	 0.00179367
-3.36311	 0.00165735
-3.35978	 0.00126011
-3.35644	 0.00171835
-3.35311	 0.00159215
-3.34978	 0.00120982
-3.34644	 0.00168789
-3.34311	 0.00145022
-3.33978	 0.00102101
-3.33644	 0.00124191
-3.33311	 0.00113414
-3.32978	 0.00136944
-3.32644	 0.00129329
-3.32311	 0.000996859
-3.31978	 0.00138445
-3.31645	 0.00123706
-3.31311	 0.00142564
-3.30978	 0.00129794
-3.30645	 0.00111582
-3.30311	 0.00120831
-3.29978	 0.00137847
-3.29645	 0.00137164
-3.29311	 0.00118899
-3.28978	 0.0010314
-3.28645	 0.00128815
-3.28311	 0.00127143
-3.27978	 0.00148384
-3.27645	 0.00159816
-3.27312	 0.00108187
-3.26978	 0.00114372
-3.26645	 0.00172438
-3.26312	 0.00120402
-3.25978	 0.00108477
-3.25645	 0.00128412
-3.25312	 0.00128415
-3.24978	 0.00118352
-3.24645	 0.00134716
-3.24312	 0.00128183
-3.23978	 0.000953952
-3.23645	 0.00117982
-3.23312	 0.0010825
-3.22978	 0.00138185
-3.22645	 0.00116196
-3.22312	 0.00120303
-3.21979	 0.000893472
-3.21645	 0.00135348
-3.21312	 0.00132254
-3.20979	 0.000719478
-3.20645	 0.00121974
-3.20312	 0.000912601
-3.19979	 0.000834147
-3.19645	 0.000876926
-3.19312	 0.0011552
-3.18979	 0.00110068
-3.18645	 0.00066054
-3.18312	 0.00100368
-3.17979	 0.00111714
-3.17645	 0.00110328
-3.17312	 0.00113125
-3.16979	 0.00126219
-3.16646	 0.000904475
-3.16312	 0.00107135
-3.15979	 0.00104398
-3.15646	 0.00102052
-3.15312	 0.000941267
-3.14979	 0.00104964
-3.14646	 0.000953234
-3.14312	 0.00123851
-3.13979	 0.00131017
-3.13646	 0.000794344
-3.13312	 0.00116081
-3.12979	 0.00112994
-3.12646	 0.00114086
-3.12313	 0.000918876
-3.11979	 0.00101498
-3.11646	 0.00114189
-3.11313	 0.00122327
-3.10979	 0.000833862
-3.10646	 0.000766058
-3.10313	 0.00102655
-3.09979	 0.000991284
-3.09646	 0.0012898
-3.09313	 0.000751684
-3.08979	 0.000961598
-3.08646	 0.000797009
-3.08313	 0.00116646
-3.07979	 0.0010245
-3.07646	 0.00111815
-3.07313	 0.00100231
-3.0698	 0.00107192
-3.06646	 0.00109947
-3.06313	 0.000845971
-3.0598	 0.00114376
-3.05646	 0.00114497
-3.05313	 0.00106905
-3.0498	 0.00126386
-3.04646	 0.00128006
-3.04313	 0.00114149
-3.0398	 0.000837616
-3.03646	 0.00123715
-3.03313	 0.00102274
-3.0298	 0.00136622
-3.02646	 0.00110092
-3.02313	 0.000922128
-3.0198	 0.000877048
-3.01647	 0.0011711
-3.01313	 0.0010909
-3.0098	 0.000967114
-3.00647	 0.00102134
-3.00313	 0.000962368
-2.9998	 0.00100174
-2.99647	 0.00106095
-2.99313	 0.00101618
-2.9898	 0.00115644
-2.98647	 0.0011025
-2.98313	 0.00088711
-2.9798	 0.000858857
-2.97647	 0.000980665
-2.97314	 0.0011315
-2.9698	 0.00106966
-2.96647	 0.00125638
-2.96314	 0.000883291
-2.9598	 0.0010772
-2.95647	 0.00108762
-2.95314	 0.00101357
-2.9498	 0.00104909
-2.94647	 0.000505777
-2.94314	 0.00120333
-2.9398	 0.00122377
-2.93647	 0.00116939
-2.93314	 0.00126021
-2.9298	 0.000877779
-2.92647	 0.00114464
-2.92314	 0.00119803
-2.91981	 0.00129583
-2.91647	 0.000815436
-2.91314	 0.0011158
-2.90981	 0.00110631
-2.90647	 0.000956081
-2.90314	 0.000887603
-2.89981	 0.00105988
-2.89647	 0.00100828
-2.89314	 0.0012718
-2.88981	 0.000937527
-2.88647	 0.00109437
-2.88314	 0.000801643
-2.87981	 0.00111758
-2.87647	 0.00135351
-2.87314	 0.00105778
-2.86981	 0.000854091
-2.86648	 0.00106727
-2.86314	 0.00133004
-2.85981	 0.000864335
-2.85648	 0.000978714
-2.85314	 0.00113907
-2.84981	 0.000879095
-2.84648	 0.00104058
-2.84314	 0.00129828
-2.83981	 0.00123076
-2.83648	 0.00136536
-2.83314	 0.00147806
-2.82981	 0.00140396
-2.82648	 0.00102734
-2.82315	 0.000934821
-2.81981	 0.0012256
-2.81648	 0.000852917
-2.81315	 0.0011901
-2.80981	 0.00103143
-2.80648	 0.00182402
-2.80315	 0.00161658
-2.79981	 0.00123323
-2.79648	 0.000917179
-2.79315	 0.0014012
-2.78981	 0.000964393
-2.78648	 0.00122067
-2.78315	 0.00129284
-2.77981	 0.00124157
-2.77648	 0.00123978
-2.77315	 0.00134209
-2.76982	 0.00121453
-2.76648	 0.00101683
-2.76315	 0.00184072
-2.75982	 0.00112002
-2.75648	 0.00151473
-2.75315	 0.00154652
-2.74982	 0.00143062
-2.74648	 0.000962473
-2.74315	 0.00158547
-2.73982	 0.00121351
-2.73648	 0.00161388
-2.73315	 0.00138373
-2.72982	 0.00118384
-2.72648	 0.00160454
-2.72315	 0.00124777
-2.71982	 0.00102243
-2.71649	 0.00186161
-2.71315	 0.00136858
-2.70982	 0.00152785
-2.70649	 0.00124473
-2.70315	 0.00146748
-2.69982	 0.00187341
-2.69649	 0.00133249
-2.69315	 0.0011319
-2.68982	 0.00152767
-2.68649	 0.00152562
-2.68315	 0.00151019
-2.67982	 0.00154363
-2.67649	 0.00122516
-2.67316	 0.0013905
-2.66982	 0.0014287
-2.66649	 0.00179438
-2.66316	 0.0013876
-2.65982	 0.00200616
-2.65649	 0.00216372
-2.65316	 0.00142407
-2.64982	 0.00138838
-2.64649	 0.00181597
-2.64316	 0.00100562
-2.63982	 0.00188615
-2.63649	 0.00209122
-2.63316	 0.00231443
-2.62982	 0.00207816
-2.62649	 0.00193197
-2.62316	 0.00174726
-2.61983	 0.00153324
-2.61649	 0.0025025
-2.61316	 0.00155285
-2.60983	 0.00191827
-2.60649	 0.00217922
-2.60316	 0.0017995
-2.59983	 0.00162328
-2.59649	 0.00265968
-2.59316	 0.00204043
-2.58983	 0.00234277
-2.58649	 0.00221976
-2.58316	 0.0022371
-2.57983	 0.00308225
-2.57649	 0.00236491
-2.57316	 0.00250463
-2.56983	 0.00150149
-2.5665	 0.00324687
-2.56316	 0.00256259
-2.55983	 0.002143
-2.5565	 0.00290412
-2.55316	 0.00289961
-2.54983	 0.00297085
-2.5465	 0.00238479
-2.54316	 0.00285049
-2.53983	 0.003277
-2.5365	 0.00322679
-2.53316	 0.00250116
-2.52983	 0.00204962
-2.5265	 0.00311757
-2.52317	 0.00346054
-2.51983	 0.00326252
-2.5165	 0.00343027
-2.51317	 0.00377936
-2.50983	 0.00267422
-2.5065	 0.00368871
-2.50317	 0.0031709
-2.49983	 0.0031585
-2.4965	 0.00393263
-2.49317	 0.00346932
-2.48983	 0.00446494
-2.4865	 0.00394953
-2.48317	 0.00515966
-2.47983	 0.00311056
-2.4765	 0.0033
-2.47317	 0.00222104
-2.46984	 0.00322574
-2.4665	 0.00341058
-2.46317	 0.00324029
-2.45984	 0.00587992
-2.4565	 0.00365122
-2.45317	 0.00633963
-2.44984	 0.00383752
-2.4465	 0.00450588
-2.44317	 0.00579222
-2.43984	 0.00440441
-2.4365	 0.00512056
-2.43317	 0.00542628
-2.42984	 0.00515696
-2.4265	 0.00513877
-2.42317	 0.00412141
-2.41984	 0.00636497
-2.41651	 0.00421721
-2.41317	 0.00545989
-2.40984	 0.00353727
-2.40651	 0.00623575
-2.40317	 0.00530146
-2.39984	 0.00468012
-2.39651	 0.00525686
-2.39317	 0.00613172
-2.38984	 0.00642318
-2.38651	 0.0066116
-2.38317	 0.00438733
-2.37984	 0.00775921
-2.37651	 0.00691367
-2.37318	 0.00757002
-2.36984	 0.00867317
-2.36651	 0.00693028
-2.36318	 0.00592807
-2.35984	 0.00783815
-2.35651	 0.00637151
-2.35318	 0.00700541
-2.34984	 0.00683102
-2.34651	 0.00684616
-2.34318	 0.00454378
-2.33984	 0.00583694
-2.33651	 0.00430467
-2.33318	 0.00537033
-2.32984	 0.00462961
-2.32651	 0.00328378
-2.32318	 0.00435013
-2.31985	 0.00399082
-2.31651	 0.00403932
-2.31318	 0.00528347
-2.30985	 0.00350212
-2.30651	 0.00309478
-2.30318	 0.00328357
-2.29985	 0.00397803
-2.29651	 0.00335696
-2.29318	 0.00306049
-2.28985	 0.00345893
-2.28651	 0.00275605
-2.28318	 0.00202142
-2.27985	 0.0016926
-2.27651	 0.0027657
-2.27318	 0.00416479
-2.26985	 0.00253541
-2.26652	 0.00316887
-2.26318	 0.00231185
-2.25985	 0.00186221
-2.25652	 0.00366827
-2.25318	 0.0028243
-2.24985	 0.00289351
-2.24652	 0.00173102
-2.24318	 0.0023772
-2.23985	 0.00252456
-2.23652	 0.00205209
-2.23318	 0.0024391
-2.22985	 0.00161389
-2.22652	 0.00180824
-2.22319	 0.00207148
-2.21985	 0.00190191
-2.21652	 0.001579
-2.21319	 0.00147601
-2.20985	 0.00181862
-2.20652	 0.00235751
-2.20319	 0.0022645
-2.19985	 0.00120553
-2.19652	 0.00226018
-2.19319	 0.00155101
-2.18985	 0.00177059
-2.18652	 0.00169844
-2.18319	 0.00111298
-2.17985	 0.00184386
-2.17652	 0.00208298
-2.17319	 0.00226936
-2.16986	 0.00103306
-2.16652	 0.00187307
-2.16319	 0.00152211
-2.15986	 0.00168248
-2.15652	 0.00202407
-2.15319	 0.00132582
-2.14986	 0.00161413
-2.14652	 0.00107578
-2.14319	 0.00167394
-2.13986	 0.0018061
-2.13652	 0.00116263
-2.13319	 0.00198749
-2.12986	 0.00134303
-2.12652	 0.00127548
-2.12319	 0.00135385
-2.11986	 0.00137897
-2.11653	 0.00168059
-2.11319	 0.0017508
-2.10986	 0.00159024
-2.10653	 0.00166146
-2.10319	 0.00131133
-2.09986	 0.00106352
-2.09653	 0.00154611
-2.09319	 0.00144792
-2.08986	 0.00108237
-2.08653	 0.00129928
-2.08319	 0.00140363
-2.07986	 0.00122544
-2.07653	 0.00102948
-2.0732	 0.00117344
-2.06986	 0.00143111
-2.06653	 0.00110686
-2.0632	 0.00128179
-2.05986	 0.00112197
-2.05653	 0.00135647
-2.0532	 0.00120041
-2.04986	 0.000945508
-2.04653	 0.00165645
-2.0432	 0.00119713
-2.03986	 0.00128889
-2.03653	 0.00128516
-2.0332	 0.00138515
-2.02986	 0.00120806
-2.02653	 0.00124119
-2.0232	 0.00116022
-2.01987	 0.00141544
-2.01653	 0.0014256
-2.0132	 0.00136702
-2.00987	 0.000796344
-2.00653	 0.00147578
-2.0032	 0.00134832
-1.99987	 0.00136715
-1.99653	 0.000698505
-1.9932	 0.00121079
-1.98987	 0.00100664
-1.98653	 0.000838085
-1.9832	 0.00103733
-1.97987	 0.00100307
-1.97653	 0.00126746
-1.9732	 0.0014364
-1.96987	 0.0014107
-1.96654	 0.00124545
-1.9632	 0.00120369
-1.95987	 0.000927608
-1.95654	 0.00112981
-1.9532	 0.00105048
-1.94987	 0.00101135
-1.94654	 0.00110036
-1.9432	 0.00122272
-1.93987	 0.000496277
-1.93654	 0.00117982
-1.9332	 0.000908917
-1.92987	 0.00126223
-1.92654	 0.00121518
-1.92321	 0.00136026
-1.91987	 0.00138075
-1.91654	 0.000917976
-1.91321	 0.00129331
-1.90987	 0.000983005
-1.90654	 0.00111178
-1.90321	 0.000850495
-1.89987	 0.00120731
-1.89654	 0.00104851
-1.89321	 0.0015715
-1.88987	 0.000934303
-1.88654	 0.00103006
-1.88321	 0.00111414
-1.87987	 0.00121698
-1.87654	 0.00141593
-1.87321	 0.000892284
-1.86988	 0.000991724
-1.86654	 0.00132485
-1.86321	 0.000974623
-1.85988	 0.00144691
-1.85654	 0.00103018
-1.85321	 0.000692188
-1.84988	 0.00100664
-1.84654	 0.00139477
-1.84321	 0.00143023
-1.83988	 0.000905377
-1.83654	 0.00101634
-1.83321	 0.00109614
-1.82988	 0.00103078
-1.82654	 0.00127377
-1.82321	 0.00110255
-1.81988	 0.000845415
-1.81655	 0.000764816
-1.81321	 0.000996971
-1.80988	 0.000908704
-1.80655	 0.0012797
-1.80321	 0.00116173
-1.79988	 0.00088329
-1.79655	 0.00119337
-1.79321	 0.00100959
-1.78988	 0.00083613
-1.78655	 0.000868078
-1.78321	 0.00100979
-1.77988	 0.00131881
-1.77655	 0.00142526
-1.77322	 0.000966745
-1.76988	 0.00103019
-1.76655	 0.0012253
-1.76322	 0.00107973
-1.75988	 0.00105979
-1.75655	 0.000955023
-1.75322	 0.000945844
-1.74988	 0.00106802
-1.74655	 0.00150469
-1.74322	 0.000757344
-1.73988	 0.00132693
-1.73655	 0.000973633
-1.73322	 0.00105353
-1.72988	 0.000975791
-1.72655	 0.000960972
-1.72322	 0.00118739
-1.71989	 0.00125356
-1.71655	 0.000829658
-1.71322	 0.00126228
-1.70989	 0.00101871
-1.70655	 0.000990618
-1.70322	 0.00109457
-1.69989	 0.00147967
-1.69655	 0.00111153
-1.69322	 0.000984616
-1.68989	 0.001412
-1.68655	 0.00114627
-1.68322	 0.00160587
-1.67989	 0.00119484
-1.67655	 0.00108048
-1.67322	 0.00109997
-1.66989	 0.000914694
-1.66656	 0.00125893
-1.66322	 0.000804238
-1.65989	 0.0011574
-1.65656	 0.000901627
-1.65322	 0.00110805
-1.64989	 0.000910331
-1.64656	 0.000838683
-1.64322	 0.00119691
-1.63989	 0.00106905
-1.63656	 0.000880474
-1.63322	 0.00110205
-1.62989	 0.00132818
-1.62656	 0.0012783
-1.62323	 0.0012301
-1.61989	 0.00115737
-1.61656	 0.00158129
-1.61323	 0.00141233
-1.60989	 0.00139642
-1.60656	 0.00135166
-1.60323	 0.00132539
-1.59989	 0.000910821
-1.59656	 0.00114596
-1.59323	 0.000915724
-1.58989	 0.00120915
-1.58656	 0.00163077
-1.58323	 0.00113903
-1.57989	 0.00135284
-1.57656	 0.00155457
-1.57323	 0.00106727
-1.5699	 0.00127409
-1.56656	 0.00150682
-1.56323	 0.001132
-1.5599	 0.00170752
-1.55656	 0.00134045
-1.55323	 0.0014277
-1.5499	 0.00104646
-1.54656	 0.001067
-1.54323	 0.00111346
-1.5399	 0.00144525
-1.53656	 0.00122193
-1.53323	 0.00155348
-1.5299	 0.00148364
-1.52656	 0.00143839
-1.52323	 0.00105529
-1.5199	 0.00153873
-1.51657	 0.00183482
-1.51323	 0.00153901
-1.5099	 0.00119169
-1.50657	 0.00233866
-1.50323	 0.00159006
-1.4999	 0.0010894
-1.49657	 0.00117569
-1.49323	 0.000962289
-1.4899	 0.00141337
-1.48657	 0.00145524
-1.48323	 0.0019344
-1.4799	 0.00139802
-1.47657	 0.000855773
-1.47324	 0.00115703
-1.4699	 0.0011975
-1.46657	 0.00151904
-1.46324	 0.000918031
-1.4599	 0.00170565
-1.45657	 0.00118343
-1.45324	 0.0013146
-1.4499	 0.00117734
-1.44657	 0.00146651
-1.44324	 0.00203915
-1.4399	 0.00155397
-1.43657	 0.00177323
-1.43324	 0.00164857
-1.4299	 0.00186324
-1.42657	 0.00223257
-1.42324	 0.0020469
-1.41991	 0.00206056
-1.41657	 0.00172
-1.41324	 0.00253491
-1.40991	 0.0015632
-1.40657	 0.00185758
-1.40324	 0.00153645
-1.39991	 0.00225491
-1.39657	 0.0027488
-1.39324	 0.00262205
-1.38991	 0.00192848
-1.38657	 0.00271733
-1.38324	 0.00227169
-1.37991	 0.00213059
-1.37657	 0.00161981
-1.37324	 0.001639
-1.36991	 0.000921455
-1.36658	 0.00237001
-1.36324	 0.00248988
-1.35991	 0.0018225
-1.35658	 0.00301943
-1.35324	 0.0024225
-1.34991	 0.00157995
-1.34658	 0.00229763
-1.34324	 0.00302463
-1.33991	 0.00326903
-1.33658	 0.00293911
-1.33324	 0.00308094
-1.32991	 0.00204847
-1.32658	 0.00273109
-1.32325	 0.00274973
-1.31991	 0.00373321
-1.31658	 0.00344392
-1.31325	 0.0029277
-1.30991	 0.00324668
-1.30658	 0.00344239
-1.30325	 0.004033
-1.29991	 0.00526184
-1.29658	 0.00480402
-1.29325	 0.00343971
-1.28991	 0.00335501
-1.28658	 0.00497113
-1.28325	 0.00476618
-1.27991	 0.0050249
-1.27658	 0.00463466
-1.27325	 0.00449199
-1.26992	 0.00436525
-1.26658	 0.00466295
-1.26325	 0.00528742
-1.25992	 0.00457135
-1.25658	 0.00477111
-1.25325	 0.00620342
-1.24992	 0.00448146
-1.24658	 0.00487601
-1.24325	 0.00584559
-1.23992	 0.00659313
-1.23658	 0.00413487
-1.23325	 0.00542199
-1.22992	 0.00796428
-1.22658	 0.00711095
-1.22325	 0.00773924
-1.21992	 0.00943052
-1.21659	 0.0087851
-1.21325	 0.00636682
-1.20992	 0.011189
-1.20659	 0.0102645
-1.20325	 0.00979228
-1.19992	 0.0144359
-1.19659	 0.0191376
-1.19325	 0.0221677
-1.18992	 0.0199936
-1.18659	 0.0190894
-1.18325	 0.0281201
-1.17992	 0.0222547
-1.17659	 0.0145706
-1.17326	 0.016452
-1.16992	 0.0109502
-1.16659	 0.0155836
-1.16326	 0.00941857
-1.15992	 0.00826016
-1.15659	 0.00953963
-1.15326	 0.00949454
-1.14992	 0.00615893
-1.14659	 0.00841181
-1.14326	 0.00566254
-1.13992	 0.00652686
-1.13659	 0.00569774
-1.13326	 0.00475691
-1.12992	 0.00711331
-1.12659	 0.00559821
-1.12326	 0.00613579
-1.11993	 0.00480585
-1.11659	 0.00506846
-1.11326	 0.00380193
-1.10993	 0.00329247
-1.10659	 0.00405975
-1.10326	 0.00401522
-1.09993	 0.00422885
-1.09659	 0.00314138
-1.09326	 0.00378099
-1.08993	 0.00427357
-1.08659	 0.00221787
-1.08326	 0.00341608
-1.07993	 0.00267596
-1.07659	 0.00341869
-1.07326	 0.00295204
-1.06993	 0.00310185
-1.0666	 0.0024781
-1.06326	 0.00281891
-1.05993	 0.00383995
-1.0566	 0.00214408
-1.05326	 0.0017593
-1.04993	 0.00283349
-1.0466	 0.00242763
-1.04326	 0.00135665
-1.03993	 0.00262187
-1.0366	 0.001897
-1.03326	 0.00221527
-1.02993	 0.00262617
-1.0266	 0.0024762
-1.02327	 0.00265863
-1.01993	 0.00228155
-1.0166	 0.0023967
-1.01327	 0.00228123
-1.00993	 0.00264827
-1.0066	 0.00153001
-1.00327	 0.00179678
-0.999933	 0.00197909
-0.9966	 0.0022492
-0.993267	 0.00233266
-0.989934	 0.00158421
-0.986601	 0.00223084
-0.983268	 0.00209119
-0.979935	 0.00147558
-0.976602	 0.00167977
-0.973268	 0.00195114
-0.969935	 0.00130274
-0.966602	 0.00116589
-0.963269	 0.0017698
-0.959936	 0.0015337
-0.956603	 0.00164103
-0.95327	 0.0014935
-0.949937	 0.00212123
-0.946604	 0.00256639
-0.94327	 0.00163169
-0.939937	 0.00164696
-0.936604	 0.00117838
-0.933271	 0.00166716
-0.929938	 0.00137312
-0.926605	 0.00165025
-0.923272	 0.00180225
-0.919939	 0.00178943
-0.916606	 0.00135482
-0.913272	 0.00105086
-0.909939	 0.00148127
-0.906606	 0.00172262
-0.903273	 0.00100306
-0.89994	 0.00201872
-0.896607	 0.00153697
-0.893274	 0.00132061
-0.889941	 0.00189138
-0.886608	 0.00140038
-0.883274	 0.0016546
-0.879941	 0.00094276
-0.876608	 0.00138605
-0.873275	 0.00126395
-0.869942	 0.00108064
-0.866609	 0.00147759
-0.863276	 0.00132318
-0.859943	 0.00169698
-0.85661	 0.00139173
-0.853276	 0.00119143
-0.849943	 0.00170695
-0.84661	 0.00169513
-0.843277	 0.00112128
-0.839944	 0.00135956
-0.836611	 0.000812493
-0.833278	 0.00158494
-0.829945	 0.00121544
-0.826612	 0.00150998
-0.823278	 0.00120085
-0.819945	 0.00173194
-0.816612	 0.00135752
-0.813279	 0.00128899
-0.809946	 0.00110329
-0.806613	 0.000861054
-0.80328	 0.00119802
-0.799947	 0.00091091
-0.796614	 0.000989991
-0.79328	 0.00121964
-0.789947	 0.00156867
-0.786614	 0.00110567
-0.783281	 0.00104206
-0.779948	 0.000989964
-0.776615	 0.00105474
-0.773282	 0.00136215
-0.769949	 0.000661968
-0.766616	 0.000911764
-0.763282	 0.00118225
-0.759949	 0.000845811
-0.756616	 0.000979746
-0.753283	 0.00152537
-0.74995	 0.00058224
-0.746617	 0.00120859
-0.743284	 0.00100134
-0.739951	 0.00119479
-0.736618	 0.00109829
-0.733284	 0.00109857
-0.729951	 0.00112459
-0.726618	 0.00107227
-0.723285	 0.0012817
-0.719952	 0.00133874
-0.716619	 0.00107119
-0.713286	 0.00148587
-0.709953	 0.00113392
-0.70662	 0.00117857
-0.703286	 0.00127659
-0.699953	 0.00137374
-0.69662	 0.00142894
-0.693287	 0.00110072
-0.689954	 0.00133215
-0.686621	 0.00098769
-0.683288	 0.00109909
-0.679955	 0.00120251
-0.676622	 0.00124086
-0.673288	 0.00115097
-0.669955	 0.00128778
-0.666622	 0.00121576
-0.663289	 0.00126483
-0.659956	 0.000983232
-0.656623	 0.000840476
-0.65329	 0.00128017
-0.649957	 0.00110786
-0.646624	 0.00122047
-0.64329	 0.00111167
-0.639957	 0.000866949
-0.636624	 0.00158213
-0.633291	 0.000804024
-0.629958	 0.000798292
-0.626625	 0.00119312
-0.623292	 0.00152951
-0.619959	 0.00100767
-0.616626	 0.00123039
-0.613292	 0.00106333
-0.609959	 0.00111714
-0.606626	 0.00119116
-0.603293	 0.00127409
-0.59996	 0.00141776
-0.596627	 0.00082209
-0.593294	 0.00102098
-0.589961	 0.00147381
-0.586628	 0.00149195
-0.583294	 0.00113125
-0.579961	 0.00122786
-0.576628	 0.00139832
-0.573295	 0.0013888
-0.569962	 0.00138291
-0.566629	 0.00136061
-0.563296	 0.00120127
-0.559963	 0.00117629
-0.55663	 0.00096727
-0.553296	 0.00124859
-0.549963	 0.00099814
-0.54663	 0.00114112
-0.543297	 0.000888218
-0.539964	 0.00142634
-0.536631	 0.00199631
-0.533298	 0.00131601
-0.529965	 0.000861492
-0.526632	 0.0010773
-0.523298	 0.0013311
-0.519965	 0.00148956
-0.516632	 0.00160236
-0.513299	 0.00124328
-0.509966	 0.00144929
-0.506633	 0.000860797
-0.5033	 0.00111109
-0.499967	 0.00134198
-0.496634	 0.00119441
-0.4933	 0.00113964
-0.489967	 0.00138639
-0.486634	 0.00135654
-0.483301	 0.0011088
-0.479968	 0.00124853
-0.476635	 0.00098214
-0.473302	 0.00186201
-0.469969	 0.00176466
-0.466636	 0.00125301
-0.463302	 0.00158464
-0.459969	 0.00120457
-0.456636	 0.0012412
-0.453303	 0.00128154
-0.44997	 0.00152861
-0.446637	 0.00122841
-0.443304	 0.00142339
-0.439971	 0.00111188
-0.436638	 0.000994806
-0.433304	 0.00116836
-0.429971	 0.00140452
-0.426638	 0.00138412
-0.423305	 0.00166654
-0.419972	 0.00144565
-0.416639	 0.00161135
-0.413306	 0.00142478
-0.409973	 0.00158351
-0.40664	 0.0013208
-0.403306	 0.00146475
-0.399973	 0.00151887
-0.39664	 0.00140077
-0.393307	 0.00118536
-0.389974	 0.00180268
-0.386641	 0.000907791
-0.383308	 0.00122231
-0.379975	 0.00136028
-0.376642	 0.00108761
-0.373308	 0.0012635
-0.369975	 0.00172217
-0.366642	 0.00180163
-0.363309	 0.00133793
-0.359976	 0.00187199
-0.356643	 0.00152771
-0.35331	 0.00172645
-0.349977	 0.00172043
-0.346644	 0.00173051
-0.34331	 0.00130071
-0.339977	 0.00164507
-0.336644	 0.00153309
-0.333311	 0.00132265
-0.329978	 0.00179104
-0.326645	 0.00125345
-0.323312	 0.00136384
-0.319979	 0.00168201
-0.316646	 0.00171847
-0.313312	 0.00159659
-0.309979	 0.0016587
-0.306646	 0.00158933
-0.303313	 0.00110821
-0.29998	 0.00161937
-0.296647	 0.00178449
-0.293314	 0.00213836
-0.289981	 0.00216105
-0.286648	 0.00191306
-0.283314	 0.00147146
-0.279981	 0.00206624
-0.276648	 0.00183152
-0.273315	 0.00224246
-0.269982	 0.00174122
-0.266649	 0.00168413
-0.263316	 0.00218955
-0.259983	 0.00180929
-0.25665	 0.00223693
-0.253316	 0.00228797
-0.249983	 0.0013929
-0.24665	 0.00126943
-0.243317	 0.0021059
-0.239984	 0.00169862
-0.236651	 0.00171356
-0.233318	 0.0025315
-0.229985	 0.0023627
-0.226652	 0.00130843
-0.223318	 0.00180713
-0.219985	 0.00222741
-0.216652	 0.0014106
-0.213319	 0.00206674
-0.209986	 0.00246905
-0.206653	 0.00199073
-0.20332	 0.00196409
-0.199987	 0.00227383
-0.196654	 0.00281654
-0.19332	 0.00159957
-0.189987	 0.00205329
-0.186654	 0.00228558
-0.183321	 0.00289588
-0.179988	 0.00290157
-0.176655	 0.00214461
-0.173322	 0.0035327
-0.169989	 0.00274505
-0.166656	 0.00319682
-0.163322	 0.00318948
-0.159989	 0.00229023
-0.156656	 0.00265519
-0.153323	 0.00349258
-0.14999	 0.00385367
-0.146657	 0.00316564
-0.143324	 0.00217387
-0.139991	 0.00325778
-0.136658	 0.00331917
-0.133324	 0.0039479
-0.129991	 0.00279152
-0.126658	 0.00178443
-0.123325	 0.00387264
-0.119992	 0.0047531
-0.116659	 0.00397819
-0.113326	 0.00438013
-0.109993	 0.00455848
-0.10666	 0.00282983
-0.103326	 0.0050951
-0.0999933	 0.00383571
-0.0966602	 0.00470949
-0.0933271	 0.00509163
-0.089994	 0.00498838
-0.0866609	 0.00494143
-0.0833278	 0.00422838
-0.0799947	 0.00531443
-0.0766616	 0.00379801
-0.0733284	 0.00729689
-0.0699953	 0.00734103
-0.0666622	 0.00698996
-0.0633291	 0.00575853
-0.059996	 0.00697531
-0.0566629	 0.00725507
-0.0533298	 0.00747831
-0.0499967	 0.00806432
-0.0466636	 0.00846036
-0.0433304	 0.010957
-0.0399973	 0.00971354
-0.0366642	 0.0101613
-0.0333311	 0.0126756
-0.029998	 0.0139799
-0.0266649	 0.015063
-0.0233318	 0.0242406
-0.0199987	 0.025347
-0.0166656	 0.0183042
-0.0133324	 0.031424
-0.00999933	 0.0581941
-0.00666622	 0.0638002
-0.00333311	 3.84067e-05
0	 1
0.00333311	 0.0703095
0.00666622	 0.0700256
0.00999933	 0.0328293
0.0133324	 0.0248053
0.0166656	 0.0244354
0.0199987	 0.0249669
0.0233318	 0.0147321
0.0266649	 0.0132931
0.029998	 0.0108677
0.0333311	 0.0103503
0.0366642	 0.00919388
0.0399973	 0.0100155
0.0433304	 0.0114184
0.0466636	 0.00788196
0.0499967	 0.00748712
0.0533298	 0.00648661
0.0566629	 0.00641458
0.059996	 0.00628195
0.0633291	 0.00721544
0.0666622	 0.00716787
0.0699953	 0.00732366
0.0733284	 0.00292166
0.0766616	 0.00577978
0.0799947	 0.00441851
0.0833278	 0.0038707
0.0866609	 0.00428678
0.089994	 0.00343488
0.0933271	 0.00522319
0.0966602	 0.00442669
0.0999933	 0.00467971
0.103326	 0.00457171
0.10666	 0.00470093
0.109993	 0.00430659
0.113326	 0.00392526
0.116659	 0.00399394
0.119992	 0.00430033
0.123325	 0.00329591
0.126658	 0.00345065
0.129991	 0.00401649
0.133324	 0.00263688
0.136658	 0.00287087
0.139991	 0.00158153
0.143324	 0.003517
0.146657	 0.00337409
0.14999	 0.00293808
0.153323	 0.00186305
0.156656	 0.00229643
0.159989	 0.00348502
0.163322	 0.00280923
0.166656	 0.00203033
0.169989	 0.00310084
0.173322	 0.00245785
0.176655	 0.0028753
0.179988	 0.00254826
0.183321	 0.00262966
0.186654	 0.00253504
0.189987	 0.00161595
0.19332	 0.00206944
0.196654	 0.002137
0.199987	 0.00227398
0.20332	 0.00229123
0.206653	 0.00177084
0.209986	 0.00170213
0.213319	 0.0019998
0.216652	 0.00236519
0.219985	 0.00193452
0.223318	 0.00185898
0.226652	 0.0019013
0.229985	 0.00299699
0.233318	 0.00179173
0.236651	 0.00186282
0.239984	 0.00200209
0.243317	 0.00180178
0.24665	 0.00201428
0.249983	 0.00217995
0.253316	 0.00204144
0.25665	 0.00239296
0.259983	 0.00188733
0.263316	 0.00179407
0.266649	 0.00156874
0.269982	 0.00214196
0.273315	 0.00171739
0.276648	 0.0015146
0.279981	 0.00204952
0.283314	 0.00136822
0.286648	 0.0018666
0.289981	 0.00137936
0.293314	 0.00163126
0.296647	 0.00196579
0.29998	 0.00214286
0.303313	 0.00167114
0.306646	 0.001604
0.309979	 0.00164339
0.313312	 0.00181147
0.316646	 0.00107398
0.319979	 0.00141708
0.323312	 0.00219741
0.326645	 0.00202795
0.329978	 0.00124817
0.333311	 0.00156709
0.336644	 0.00115826
0.339977	 0.00161582
0.34331	 0.00182027
0.346644	 0.0011607
0.349977	 0.00152256
0.35331	 0.0014494
0.356643	 0.00132847
0.359976	 0.00143694
0.363309	 0.00116683
0.366642	 0.00155239
0.369975	 0.0012487
0.373308	 0.00120396
0.376642	 0.00179178
0.379975	 0.00161741
0.383308	 0.00121707
0.386641	 0.00138976
0.389974	 0.00130384
0.393307	 0.00129007
0.39664	 0.00106975
0.399973	 0.00128345
0.403306	 0.00133024
0.40664	 0.00187469
0.409973	 0.00108315
0.413306	 0.00182366
0.416639	 0.00119776
0.419972	 0.00126891
0.423305	 0.00125992
0.426638	 0.00152536
0.429971	 0.00102986
0.433304	 0.00130381
0.436638	 0.00167993
0.439971	 0.00130298
0.443304	 0.00093971
0.446637	 0.00130552
0.44997	 0.0016192
0.453303	 0.00141432
0.456636	 0.00118879
0.459969	 0.00124929
0.463302	 0.00136049
0.466636	 0.00117816
0.469969	 0.0016436
0.473302	 0.000929376
0.476635	 0.00153242
0.479968	 0.000946724
0.483301	 0.00161246
0.486634	 0.0013017
0.489967	 0.00101375
0.4933	 0.00144955
0.496634	 0.00130192
0.499967	 0.00146207
0.5033	 0.00107485
0.506633	 0.0014558
0.509966	 0.00108978
0.513299	 0.00160287
0.516632	 0.00130832
0.519965	 0.000918721
0.523298	 0.000958221
0.526632	 0.00115231
0.529965	 0.00106066
0.533298	 0.00182277
0.536631	 0.00142159
0.539964	 0.000687119
0.543297	 0.0010799
0.54663	 0.00115139
0.549963	 0.00116974
0.553296	 0.00148161
0.55663	 0.00154007
0.559963	 0.00120877
0.563296	 0.001212
0.566629	 0.00111023
0.569962	 0.0012762
0.573295	 0.0012693
0.576628	 0.00135346
0.579961	 0.000799048
0.583294	 0.00122495
0.586628	 0.00122533
0.589961	 0.00131225
0.593294	 0.00102984
0.596627	 0.00103695
0.59996	 0.00132324
0.603293	 0.00106103
0.606626	 0.00102397
0.609959	 0.00105317
0.613292	 0.000863331
0.616626	 0.00143962
0.619959	 0.00127019
0.623292	 0.000880851
0.626625	 0.000837333
0.629958	 0.00117066
0.633291	 0.00113073
0.636624	 0.00111789
0.639957	 0.00140651
0.64329	 0.00121264
0.646624	 0.00113966
0.649957	 0.0011326
0.65329	 0.0011144
0.656623	 0.000815457
0.659956	 0.00124945
0.663289	 0.00114444
0.666622	 0.00122845
0.669955	 0.00106833
0.673288	 0.00112633
0.676622	 0.00135879
0.679955	 0.00102365
0.683288	 0.00120118
0.686621	 0.000729346
0.689954	 0.00117316
0.693287	 0.000890028
0.69662	 0.00146339
0.699953	 0.00118791
0.703286	 0.00101829
0.70662	 0.0013997
0.709953	 0.00120736
0.713286	 0.00134003
0.716619	 0.00121713
0.719952	 0.00123989
0.723285	 0.000892458
0.726618	 0.00104541
0.729951	 0.000757296
0.733284	 0.00131339
0.736618	 0.00117918
0.739951	 0.00116257
0.743284	 0.00121287
0.746617	 0.000979048
0.74995	 0.0011353
0.753283	 0.00147889
0.756616	 0.00146063
0.759949	 0.00120313
0.763282	 0.000883015
0.766616	 0.00123436
0.769949	 0.00122611
0.773282	 0.00125013
0.776615	 0.00108773
0.779948	 0.00102357
0.783281	 0.000851662
0.786614	 0.00123862
0.789947	 0.0013919
0.79328	 0.00143929
0.796614	 0.00102169
0.799947	 0.00119354
0.80328	 0.00107236
0.806613	 0.00129014
0.809946	 0.00177341
0.813279	 0.00124728
0.816612	 0.00121277
0.819945	 0.00121323
0.823278	 0.00110801
0.826612	 0.00119045
0.829945	 0.00139343
0.833278	 0.00147776
0.836611	 0.00148512
0.839944	 0.00149634
0.843277	 0.00125418
0.84661	 0.00155912
0.849943	 0.00122663
0.853276	 0.00116973
0.85661	 0.000920081
0.859943	 0.00123732
0.863276	 0.00120486
0.866609	 0.00139849
0.869942	 0.00115303
0.873275	 0.00167939
0.876608	 0.00144554
0.879941	 0.00137042
0.883274	 0.00112631
0.886608	 0.00128172
0.889941	 0.00143808
0.893274	 0.00119835
0.896607	 0.0016274
0.89994	 0.00126171
0.903273	 0.00181324
0.906606	 0.00151322
0.909939	 0.00166281
0.913272	 0.00148688
0.916606	 0.00136759
0.919939	 0.00168616
0.923272	 0.00120803
0.926605	 0.00153889
0.929938	 0.00144175
0.933271	 0.00126276
0.936604	 0.00110297
0.939937	 0.00176788
0.94327	 0.00163771
0.946604	 0.00181693
0.949937	 0.00189916
0.95327	 0.00132931
0.956603	 0.00158902
0.959936	 0.00135593
0.963269	 0.00176153
0.966602	 0.00181416
0.969935	 0.00253646
0.973268	 0.00190044
0.976602	 0.00185198
0.979935	 0.00211652
0.983268	 0.00228436
0.986601	 0.00204914
0.989934	 0.00194339
0.993267	 0.00179536
0.9966	 0.00183939
0.999933	 0.00247024
1.00327	 0.00190058
1.0066	 0.00278033
1.00993	 0.00181909
1.01327	 0.00260407
1.0166	 0.00279021
1.01993	 0.00235627
1.02327	 0.00194623
1.0266	 0.00178072
1.02993	 0.003133
1.03326	 0.00236677
1.0366	 0.00177104
1.03993	 0.00218063
1.04326	 0.00225076
1.0466	 0.00329025
1.04993	 0.00193646
1.05326	 0.00240733
1.0566	 0.0030591
1.05993	 0.00281194
1.06326	 0.00294033
1.0666	 0.00274668
1.06993	 0.00223739
1.07326	 0.00231873
1.07659	 0.00310479
1.07993	 0.00271767
1.08326	 0.00224145
1.08659	 0.00384941
1.08993	 0.00300819
1.09326	 0.00349701
1.09659	 0.00294178
1.09993	 0.00327897
1.10326	 0.00375919
1.10659	 0.003334
1.10993	 0.00408621
1.11326	 0.00531588
1.11659	 0.00467755
1.11993	 0.00627011
1.12326	 0.00491074
1.12659	 0.00600783
1.12992	 0.00392628
1.13326	 0.00612569
1.13659	 0.00710442
1.13992	 0.00553308
1.14326	 0.00782097
1.14659	 0.00288721
1.14992	 0.00813518
1.15326	 0.00815688
1.15659	 0.00828733
1.15992	 0.00801566
1.16326	 0.0136892
1.16659	 0.0132303
1.16992	 0.0124524
1.17326	 0.0134413
1.17659	 0.0247262
1.17992	 0.021122
1.18325	 0.0245459
1.18659	 0.0226206
1.18992	 0.0225601
1.19325	 0.0168752
1.19659	 0.0154213
1.19992	 0.0119368
1.20325	 0.0112562
1.20659	 0.00869009
1.20992	 0.00688547
1.21325	 0.00728575
1.21659	 0.00563122
1.21992	 0.0077155
1.22325	 0.00697997
1.22658	 0.009946
1.22992	 0.00619238
1.23325	 0.00587633
1.23658	 0.00414006
1.23992	 0.00482159
1.24325	 0.00481464
1.24658	 0.00505871
1.24992	 0.00683173
1.25325	 0.00393569
1.25658	 0.0059709
1.25992	 0.00370374
1.26325	 0.00749912
1.26658	 0.0034163
1.26992	 0.00384023
1.27325	 0.0032508
1.27658	 0.00537994
1.27991	 0.00434707
1.28325	 0.00401546
1.28658	 0.00303817
1.28991	 0.00376403
1.29325	 0.00417175
1.29658	 0.00439687
1.29991	 0.00233616
1.30325	 0.00325281
1.30658	 0.0027505
1.30991	 0.00284578
1.31325	 0.00255701
1.31658	 0.00395692
1.31991	 0.00290624
1.32325	 0.00282685
1.32658	 0.00349179
1.32991	 0.00251196
1.33324	 0.00172436
1.33658	 0.00278293
1.33991	 0.00198367
1.34324	 0.00272855
1.34658	 0.00254699
1.34991	 0.00285699
1.35324	 0.00351545
1.35658	 0.00242664
1.35991	 0.0016191
1.36324	 0.00247933
1.36658	 0.00290023
1.36991	 0.00320173
1.37324	 0.00210707
1.37657	 0.00246269
1.37991	 0.00337685
1.38324	 0.00239727
1.38657	 0.00192992
1.38991	 0.00163386
1.39324	 0.00180634
1.39657	 0.00200143
1.39991	 0.00240881
1.40324	 0.00152927
1.40657	 0.00168548
1.40991	 0.0022068
1.41324	 0.00205206
1.41657	 0.00211055
1.41991	 0.00150286
1.42324	 0.00187911
1.42657	 0.0016099
1.4299	 0.00184242
1.43324	 0.00162276
1.43657	 0.0015486
1.4399	 0.00168949
1.44324	 0.00177912
1.44657	 0.00152338
1.4499	 0.00141928
1.45324	 0.00125096
1.45657	 0.00163523
1.4599	 0.0015467
1.46324	 0.0011362
1.46657	 0.00113508
1.4699	 0.0014376
1.47324	 0.00179395
1.47657	 0.00143027
1.4799	 0.0015344
1.48323	 0.00128094
1.48657	 0.00171372
1.4899	 0.00184478
1.49323	 0.00141939
1.49657	 0.00197013
1.4999	 0.00151689
1.50323	 0.00165573
1.50657	 0.00183446
1.5099	 0.00122385
1.51323	 0.00171173
1.51657	 0.0015605
1.5199	 0.0014025
1.52323	 0.00171605
1.52656	 0.00147634
1.5299	 0.00143547
1.53323	 0.00128999
1.53656	 0.00169138
1.5399	 0.00141407
1.54323	 0.00138712
1.54656	 0.00103176
1.5499	 0.00161781
1.55323	 0.00127616
1.55656	 0.00115798
1.5599	 0.00121295
1.56323	 0.00119771
1.56656	 0.00182895
1.5699	 0.00179537
1.57323	 0.00110112
1.57656	 0.00112015
1.57989	 0.00115546
1.58323	 0.00145018
1.58656	 0.00154653
1.58989	 0.00171112
1.59323	 0.00107421
1.59656	 0.00102785
1.59989	 0.00126472
1.60323	 0.000926181
1.60656	 0.00120365
1.60989	 0.00126433
1.61323	 0.00146667
1.61656	 0.00127075
1.61989	 0.00194687
1.62323	 0.00122372
1.62656	 0.00141512
1.62989	 0.00126518
1.63322	 0.0013307
1.63656	 0.0016127
1.63989	 0.00119288
1.64322	 0.000754653
1.64656	 0.00155996
1.64989	 0.000977751
1.65322	 0.00161229
1.65656	 0.000991328
1.65989	 0.000752882
1.66322	 0.00120012
1.66656	 0.000884322
1.66989	 0.00150559
1.67322	 0.000784502
1.67655	 0.000833711
1.67989	 0.00135229
1.68322	 0.000708344
1.68655	 0.00118566
1.68989	 0.00140261
1.69322	 0.00107281
1.69655	 0.000854222
1.69989	 0.00085727
1.70322	 0.00125742
1.70655	 0.00120866
1.70989	 0.001166
1.71322	 0.00107824
1.71655	 0.000991873
1.71989	 0.00130574
1.72322	 0.000883854
1.72655	 0.000933905
1.72988	 0.00124165
1.73322	 0.00111625
1.73655	 0.00145252
1.73988	 0.00107263
1.74322	 0.00160659
1.74655	 0.00133163
1.74988	 0.000802667
1.75322	 0.00102599
1.75655	 0.000714698
1.75988	 0.000838994
1.76322	 0.000969397
1.76655	 0.00108305
1.76988	 0.000914122
1.77322	 0.000987599
1.77655	 0.00115695
1.77988	 0.00126629
1.78321	 0.00102648
1.78655	 0.00106256
1.78988	 0.00127767
1.79321	 0.000940538
1.79655	 0.00104786
1.79988	 0.000950843
1.80321	 0.00145788
1.80655	 0.00126827
1.80988	 0.00122942
1.81321	 0.00120179
1.81655	 0.00125552
1.81988	 0.000833814
1.82321	 0.000914599
1.82654	 0.00111458
1.82988	 0.000778718
1.83321	 0.00101586
1.83654	 0.00092543
1.83988	 0.00149108
1.84321	 0.00115608
1.84654	 0.000958186
1.84988	 0.000779689
1.85321	 0.0010273
1.85654	 0.00120069
1.85988	 0.00095701
1.86321	 0.00114821
1.86654	 0.000968609
1.86988	 0.00124539
1.87321	 0.00129808
1.87654	 0.00110484
1.87987	 0.00128481
1.88321	 0.00122193
1.88654	 0.000740268
1.88987	 0.000920988
1.89321	 0.00121084
1.89654	 0.000882095
1.89987	 0.000872434
1.90321	 0.00111733
1.90654	 0.00112405
1.90987	 0.000976515
1.91321	 0.00100238
1.91654	 0.00120915
1.91987	 0.000886403
1.92321	 0.00147977
1.92654	 0.00109478
1.92987	 0.00107156
1.9332	 0.00133064
1.93654	 0.000927217
1.93987	 0.00109527
1.9432	 0.000984214
1.94654	 0.000653367
1.94987	 0.000969167
1.9532	 0.00129272
1.95654	 0.00147084
1.95987	 0.00121343
1.9632	 0.00138494
1.96654	 0.00075648
1.96987	 0.00108712
1.9732	 0.00149252
1.97653	 0.00135785
1.97987	 0.00112706
1.9832	 0.00138134
1.98653	 0.00100245
1.98987	 0.00118001
1.9932	 0.00111073
1.99653	 0.00119442
1.99987	 0.00156909
2.0032	 0.00097798
2.00653	 0.00108758
2.00987	 0.00102115
2.0132	 0.00106738
2.01653	 0.00123135
2.01987	 0.00125268
2.0232	 0.00084804
2.02653	 0.00126979
2.02986	 0.00121839
2.0332	 0.00142344
2.03653	 0.00135643
2.03986	 0.000991655
2.0432	 0.00124421
2.04653	 0.00150443
2.04986	 0.00120306
2.0532	 0.00147003
2.05653	 0.000925847
2.05986	 0.0012799
2.0632	 0.00111561
2.06653	 0.00165314
2.06986	 0.00160347
2.0732	 0.00145211
2.07653	 0.00175934
2.07986	 0.00142188
2.08319	 0.00138515
2.08653	 0.00152365
2.08986	 0.00137693
2.09319	 0.00137055
2.09653	 0.000618538
2.09986	 0.00152906
2.10319	 0.00145047
2.10653	 0.00193512
2.10986	 0.00173921
2.11319	 0.00106978
2.11653	 0.00141347
2.11986	 0.00115488
2.12319	 0.00153776
2.12652	 0.00145612
2.12986	 0.00142716
2.13319	 0.00123885
2.13652	 0.0019917
2.13986	 0.00176706
2.14319	 0.0010398
2.14652	 0.00146341
2.14986	 0.00174404
2.15319	 0.00154653
2.15652	 0.00159441
2.15986	 0.00163126
2.16319	 0.00148433
2.16652	 0.00121639
2.16986	 0.00171822
2.17319	 0.00159637
2.17652	 0.00154572
2.17985	 0.00176271
2.18319	 0.00156029
2.18652	 0.00162202
2.18985	 0.0014358
2.19319	 0.00145892
2.19652	 0.00220907
2.19985	 0.00210488
2.20319	 0.00180492
2.20652	 0.00189616
2.20985	 0.00236252
2.21319	 0.00208493
2.21652	 0.00215054
2.21985	 0.00260095
2.22319	 0.00290883
2.22652	 0.0014102
2.22985	 0.00233721
2.23318	 0.00205615
2.23652	 0.00184391
2.23985	 0.00252862
2.24318	 0.00218732
2.24652	 0.00239626
2.24985	 0.00327107
2.25318	 0.00233383
2.25652	 0.00268928
2.25985	 0.00287454
2.26318	 0.00216277
2.26652	 0.00265127
2.26985	 0.00280554
2.27318	 0.00265149
2.27651	 0.00227358
2.27985	 0.00294637
2.28318	 0.00231933
2.28651	 0.00268796
2.28985	 0.00435955
2.29318	 0.00336801
2.29651	 0.00350287
2.29985	 0.00304156
2.30318	 0.0035544
2.30651	 0.00470058
2.30985	 0.00329875
2.31318	 0.00374197
2.31651	 0.00543235
2.31985	 0.00324754
2.32318	 0.00397626
2.32651	 0.00493949
2.32984	 0.00592102
2.33318	 0.0052963
2.33651	 0.00450151
2.33984	 0.00395307
2.34318	 0.00615585
2.34651	 0.00594412
2.34984	 0.00699829
2.35318	 0.00712189
2.35651	 0.00584699
2.35984	 0.00651595
2.36318	 0.00632098
2.36651	 0.00582863
2.36984	 0.00490656
2.37318	 0.00499813
2.37651	 0.00416025
2.37984	 0.00811468
2.38317	 0.00546501
2.38651	 0.00735169
2.38984	 0.00701525
2.39317	 0.00620244
2.39651	 0.00626895
2.39984	 0.00604067
2.40317	 0.00581746
2.40651	 0.00528671
2.40984	 0.00710554
2.41317	 0.0050264
2.41651	 0.00704361
2.41984	 0.0058402
2.42317	 0.00589341
2.4265	 0.00395089
2.42984	 0.00675751
2.43317	 0.00476185
2.4365	 0.00361878
2.43984	 0.00415157
2.44317	 0.00644973
2.4465	 0.005044
2.44984	 0.00487648
2.45317	 0.0042874
2.4565	 0.00509617
2.45984	 0.00325904
2.46317	 0.00433831
2.4665	 0.00464384
2.46984	 0.00359661
2.47317	 0.0035015
2.4765	 0.00361312
2.47983	 0.00437981
2.48317	 0.00284708
2.4865	 0.00437663
2.48983	 0.0027299
2.49317	 0.00328348
2.4965	 0.00400721
2.49983	 0.00343689
2.50317	 0.00354576
2.5065	 0.00310048
2.50983	 0.00390864
2.51317	 0.00344342
2.5165	 0.00383558
2.51983	 0.00339682
2.52317	 0.00309124
2.5265	 0.00366224
2.52983	 0.0025363
2.53316	 0.00287576
2.5365	 0.00153296
2.53983	 0.00298345
2.54316	 0.00216323
2.5465	 0.00343889
2.54983	 0.00305704
2.55316	 0.00308101
2.5565	 0.00233256
2.55983	 0.00261857
2.56316	 0.00274241
2.5665	 0.00267922
2.56983	 0.00237119
2.57316	 0.0020334
2.57649	 0.00195289
2.57983	 0.00220461
2.58316	 0.0021783
2.58649	 0.00275145
2.58983	 0.0021258
2.59316	 0.00224267
2.59649	 0.00228026
2.59983	 0.00256323
2.60316	 0.0021303
2.60649	 0.00223405
2.60983	 0.00175354
2.61316	 0.00203591
2.61649	 0.00155726
2.61983	 0.00199905
2.62316	 0.00222169
2.62649	 0.00203069
2.62982	 0.00169812
2.63316	 0.00120044
2.63649	 0.00221628
2.63982	 0.00192498
2.64316	 0.00106042
2.64649	 0.0017801
2.64982	 0.00167539
2.65316	 0.00180188
2.65649	 0.00161014
2.65982	 0.00165118
2.66316	 0.00157997
2.66649	 0.0017125
2.66982	 0.00205955
2.67316	 0.00179339
2.67649	 0.00218239
2.67982	 0.00172781
2.68315	 0.0013499
2.68649	 0.00131669
2.68982	 0.00149101
2.69315	 0.00214472
2.69649	 0.00141388
2.69982	 0.00237978
2.70315	 0.00148875
2.70649	 0.00153054
2.70982	 0.00155739
2.71315	 0.00132464
2.71649	 0.00143725
2.71982	 0.0010795
2.72315	 0.00143348
2.72648	 0.00161591
2.72982	 0.00191397
2.73315	 0.00110398
2.73648	 0.00130264
2.73982	 0.00116505
2.74315	 0.00142152
2.74648	 0.000959356
2.74982	 0.000894711
2.75315	 0.00116371
2.75648	 0.00136678
2.75982	 0.00101532
2.76315	 0.00117316
2.76648	 0.00135936
2.76982	 0.00135528
2.77315	 0.00135158
2.77648	 0.000863841
2.77981	 0.00138879
2.78315	 0.00162214
2.78648	 0.00127968
2.78981	 0.00134666
2.79315	 0.00142319
2.79648	 0.00115059
2.79981	 0.00115078
2.80315	 0.0011263
2.80648	 0.000964479
2.80981	 0.00144916
2.81315	 0.00135107
2.81648	 0.00100713
2.81981	 0.00107655
2.82315	 0.00109924
2.82648	 0.000940277
2.82981	 0.00142834
2.83314	 0.00114129
2.83648	 0.0012421
2.83981	 0.000768243
2.84314	 0.00104926
2.84648	 0.000989671
2.84981	 0.00112
2.85314	 0.000838066
2.85648	 0.00105628
2.85981	 0.00115373
2.86314	 0.00127697
2.86648	 0.00101926
2.86981	 0.0012892
2.87314	 0.0013074
2.87647	 0.00156141
2.87981	 0.00103571
2.88314	 0.00134124
2.88647	 0.00079982
2.88981	 0.00116448
2.89314	 0.0014395
2.89647	 0.00111077
2.89981	 0.00119404
2.90314	 0.00184667
2.90647	 0.00118525
2.90981	 0.00100912
2.91314	 0.000973277
2.91647	 0.00100673
2.91981	 0.00115106
2.92314	 0.0010445
2.92647	 0.000935058
2.9298	 0.000995936
2.93314	 0.00106933
2.93647	 0.000819
2.9398	 0.00114004
2.94314	 0.00117162
2.94647	 0.00129102
2.9498	 0.00100576
2.95314	 0.000757213
2.95647	 0.00109281
2.9598	 0.000941966
2.96314	 0.00119849
2.96647	 0.000835741
2.9698	 0.000866479
2.97314	 0.000878077
2.97647	 0.00124344
2.9798	 0.00124767
2.98313	 0.00101991
2.98647	 0.00106452
2.9898	 0.00108962
2.99313	 0.00120727
2.99647	 0.000980764
2.9998	 0.00102147
3.00313	 0.000721563
3.00647	 0.00128962
3.0098	 0.000715296
3.01313	 0.00102781
3.01647	 0.00107481
3.0198	 0.00125484
3.02313	 0.000656613
3.02646	 0.00102558
3.0298	 0.00129023
3.03313	 0.00180162
3.03646	 0.00125188
3.0398	 0.00108744
3.04313	 0.000875116
3.04646	 0.00101423
3.0498	 0.0012452
3.05313	 0.00113181
3.05646	 0.000940998
3.0598	 0.000774471
3.06313	 0.00114657
3.06646	 0.00101707
3.0698	 0.000755974
3.07313	 0.00074953
3.07646	 0.000771296
3.07979	 0.00113872
3.08313	 0.000950691
3.08646	 0.00109607
3.08979	 0.00100888
3.09313	 0.00147925
3.09646	 0.00117516
3.09979	 0.00111046
3.10313	 0.00129694
3.10646	 0.000792395
3.10979	 0.00113053
3.11313	 0.00107409
3.11646	 0.00101522
3.11979	 0.000951159
3.12313	 0.00114227
3.12646	 0.00127397
3.12979	 0.000870169
3.13312	 0.000906384
3.13646	 0.000993912
3.13979	 0.00109475
3.14312	 0.00101839
3.14646	 0.00117365
3.14979	 0.000929156
3.15312	 0.00128108
3.15646	 0.00116203
3.15979	 0.0015146
3.16312	 0.000757397
3.16646	 0.00103751
3.16979	 0.000921998
3.17312	 0.00131256
3.17645	 0.00148485
3.17979	 0.00128333
3.18312	 0.000935828
3.18645	 0.00127523
3.18979	 0.00114324
3.19312	 0.00136216
3.19645	 0.00103317
3.19979	 0.00109715
3.20312	 0.00109712
3.20645	 0.00113256
3.20979	 0.00118254
3.21312	 0.00137083
3.21645	 0.00110279
3.21979	 0.00136436
3.22312	 0.00113101
3.22645	 0.00129019
3.22978	 0.00127106
3.23312	 0.00100366
3.23645	 0.00116867
3.23978	 0.00110241
3.24312	 0.00113773
3.24645	 0.000881334
3.24978	 0.00118193
3.25312	 0.00159853
3.25645	 0.00132565
3.25978	 0.00125156
3.26312	 0.00181358
3.26645	 0.000956135
3.26978	 0.00106323
3.27312	 0.001199
3.27645	 0.00121686
3.27978	 0.00122249
3.28311	 0.00190636
3.28645	 0.000915341
3.28978	 0.00110052
3.29311	 0.001276
3.29645	 0.00160501
3.29978	 0.000948267
3.30311	 0.00130106
3.30645	 0.00131365
3.30978	 0.00133041
3.31311	 0.00154435
3.31645	 0.00146496
3.31978	 0.00166914
3.32311	 0.00133446
3.32644	 0.00205507
3.32978	 0.00126078
3.33311	 0.00118819
3.33644	 0.0013882
3.33978	 0.00163705
3.34311	 0.000996315
3.34644	 0.0012438
3.34978	 0.00101957
3.35311	 0.00172543
3.35644	 0.0012824
3.35978	 0.00147984
3.36311	 0.00192159
3.36644	 0.00127718
3.36978	 0.00138383
3.37311	 0.00221094
3.37644	 0.00210474
3.37977	 0.00118926
3.38311	 0.00192372
3.38644	 0.00159296
3.38977	 0.00146238
3.39311	 0.00153535
3.39644	 0.00180097
3.39977	 0.00198469
3.40311	 0.00161185
3.40644	 0.00189368
3.40977	 0.00160976
3.41311	 0.00180591
3.41644	 0.00234235
3.41977	 0.00172349
3.42311	 0.00164037
3.42644	 0.00118343
3.42977	 0.00158591
3.4331	 0.00229165
3.43644	 0.00211519
3.43977	 0.00191399
3.4431	 0.00179329
3.44644	 0.00217182
3.44977	 0.00217143
3.4531	 0.0016307
3.45644	 0.00150763
3.45977	 0.002269
3.4631	 0.00246022
3.46644	 0.00196538
3.46977	 0.00205855
3.4731	 0.00228961
3.47643	 0.00175465
3.47977	 0.00161888
3.4831	 0.00186295
3.48643	 0.00279342
3.48977	 0.00244091
3.4931	 0.00232056
3.49643	 0.00278293
3.49977	 0.00196757
3.5031	 0.00356481
3.50643	 0.00328447
3.50977	 0.00295593
3.5131	 0.00283302
3.51643	 0.00240196
3.51977	 0.00240043
3.5231	 0.00337512
3.52643	 0.00265057
3.52976	 0.00308117
3.5331	 0.0023512
3.53643	 0.00276865
3.53976	 0.00409035
3.5431	 0.00456192
3.54643	 0.00287272
3.54976	 0.00283809
3.5531	 0.00388515
3.55643	 0.00405965
3.55976	 0.00344055
3.5631	 0.00353119
3.56643	 0.00272094
3.56976	 0.00386464
3.5731	 0.00447761
3.57643	 0.00304951
3.57976	 0.00424106
3.58309	 0.00347221
3.58643	 0.00548615
3.58976	 0.00452845
3.59309	 0.00430836
3.59643	 0.00659299
3.59976	 0.00362864
3.60309	 0.00411959
3.60643	 0.00340788
3.60976	 0.00254984
3.61309	 0.0055995
3.61643	 0.00380741
3.61976	 0.00436643
3.62309	 0.00484484
3.62642	 0.00302254
3.62976	 0.00380484
3.63309	 0.00430371
3.63642	 0.00421317
3.63976	 0.00257841
3.64309	 0.0043358
3.64642	 0.0054838
3.64976	 0.00384752
3.65309	 0.00376634
3.65642	 0.00406694
3.65976	 0.00327527
3.66309	 0.00332861
3.66642	 0.00417129
3.66976	 0.00264625
3.67309	 0.00329339
3.67642	 0.00286888
3.67975	 0.00307657
3.68309	 0.00287015
3.68642	 0.00390637
3.68975	 0.0043547
3.69309	 0.00297172
3.69642	 0.00215804
3.69975	 0.0030629
3.70309	 0.00332817
3.70642	 0.00343895
3.70975	 0.00179484
3.71309	 0.00320065
3.71642	 0.00362241
3.71975	 0.00301211
3.72309	 0.00263147
3.72642	 0.00256898
3.72975	 0.00253208
3.73308	 0.00159967
3.73642	 0.00303958
3.73975	 0.00309772
3.74308	 0.00280659
3.74642	 0.00240213
3.74975	 0.00371983
3.75308	 0.00203041
3.75642	 0.00178421
3.75975	 0.00240213
3.76308	 0.00280573
3.76642	 0.00242569
3.76975	 0.00191506
3.77308	 0.00171398
3.77641	 0.002707
3.77975	 0.00241977
3.78308	 0.00228761
3.78641	 0.00148357
3.78975	 0.0012581
3.79308	 0.00171278
3.79641	 0.00164793
3.79975	 0.0021547
3.80308	 0.00169357
3.80641	 0.00158026
3.80975	 0.00196492
3.81308	 0.00239531
3.81641	 0.00165199
3.81975	 0.00154103
3.82308	 0.00194386
3.82641	 0.00149198
3.82974	 0.00189453
3.83308	 0.00199252
3.83641	 0.00206991
3.83974	 0.00175214
3.84308	 0.00150834
3.84641	 0.0015444
3.84974	 0.00131295
3.85308	 0.00144253
3.85641	 0.00116981
3.85974	 0.00178951
3.86308	 0.00156107
3.86641	 0.00125221
3.86974	 0.00138122
3.87308	 0.00152988
3.87641	 0.00152215
3.87974	 0.00172948
3.88307	 0.00144097
3.88641	 0.00128108
3.88974	 0.00122935
3.89307	 0.00112577
3.89641	 0.00163759
3.89974	 0.000886204
3.90307	 0.0011005
3.90641	 0.00117503
3.90974	 0.00145726
3.91307	 0.00147864
3.91641	 0.00108599
3.91974	 0.0012777
3.92307	 0.00169055
3.9264	 0.00155781
3.92974	 0.00134584
3.93307	 0.00193937
3.9364	 0.00103397
3.93974	 0.00114319
3.94307	 0.00128847
3.9464	 0.00132446
3.94974	 0.00147039
3.95307	 0.00132123
3.9564	 0.0012774
3.95974	 0.00109485
3.96307	 0.00163607
3.9664	 0.00100574
3.96974	 0.00120391
3.97307	 0.00101464
3.9764	 0.00157312
3.97973	 0.00112672
3.98307	 0.00123824
3.9864	 0.00112593
3.98973	 0.00111737
3.99307	 0.000814258
3.9964	 0.00109434
3.99973	 0.00123314
4.00307	 0.00130774
4.0064	 0.00140488
4.00973	 0.00108381
4.01307	 0.00106897
4.0164	 0.00115484
4.01973	 0.00108101
4.02307	 0.0010759
4.0264	 0.00130739
4.02973	 0.00086754
4.03306	 0.00114208
4.0364	 0.000824123
4.03973	 0.00091576
4.04306	 0.00119485
4.0464	 0.00110293
4.04973	 0.0010188
4.05306	 0.00107513
4.0564	 0.000618252
4.05973	 0.00116186
4.06306	 0.000699926
4.0664	 0.00100912
4.06973	 0.00107199
4.07306	 0.00116554
4.07639	 0.00108013
4.07973	 0.000967783
4.08306	 0.00148977
4.08639	 0.000876537
4.08973	 0.000757515
4.09306	 0.0010301
4.09639	 0.000816529
4.09973	 0.000776109
4.10306	 0.000889912
4.10639	 0.00088202
4.10973	 0.00114167
4.11306	 0.000885797
4.11639	 0.00100403
4.11973	 0.00109201
4.12306	 0.00111335
4.12639	 0.00081392
4.12972	 0.00106131
4.13306	 0.00102317
4.13639	 0.0011094
4.13972	 0.000943017
4.14306	 0.000933298
4.14639	 0.000929615
4.14972	 0.00117142
4.15306	 0.000743342
4.15639	 0.000931943
4.15972	 0.00125883
4.16306	 0.00115487
4.16639	 0.00106805
4.16972	 0.00108639
4.17306	 0.000907415
4.17639	 0.000685594
4.17972	 0.00107971
4.18305	 0.00093195
4.18639	 0.00101402
4.18972	 0.0010901
4.19305	 0.000932594
4.19639	 0.00123273
4.19972	 0.000718806
4.20305	 0.000742934
4.20639	 0.00101845
4.20972	 0.000945479
4.21305	 0.000925296
4.21639	 0.000870271
4.21972	 0.00106123
4.22305	 0.0012474
4.22638	 0.00100879
4.22972	 0.000851656
4.23305	 0.00103231
4.23638	 0.000959305
4.23972	 0.000668238
4.24305	 0.00089112
4.24638	 0.000853919
4.24972	 0.000868652
4.25305	 0.000970473
4.25638	 0.000961836
4.25972	 0.000756142
4.26305	 0.00131225
4.26638	 0.00106613
4.26972	 0.000918329
4.27305	 0.000853981
4.27638	 0.000655828
4.27971	 0.00139939
4.28305	 0.00109571
4.28638	 0.000698123
4.28971	 0.00134672
4.29305	 0.00095265
4.29638	 0.00123371
4.29971	 0.00100137
4.30305	 0.000884584
4.30638	 0.00113769
4.30971	 0.000785832
4.31305	 0.000667826
4.31638	 0.00093268
4.31971	 0.00108013
4.32305	 0.00101977
4.32638	 0.000881412
4.32971	 0.00101342
4.33304	 0.000887709
4.33638	 0.000925487
4.33971	 0.00105304
4.34304	 0.00108003
4.34638	 0.000965866
4.34971	 0.000819639
4.35304	 0.000975678
4.35638	 0.00115042
4.35971	 0.000996187
4.36304	 0.00128936
4.36638	 0.000977465
4.36971	 0.0013225
4.37304	 0.00131429
4.37637	 0.00129809
4.37971	 0.000969695
4.38304	 0.00103088
4.38637	 0.000945526
4.38971	 0.00100347
4.39304	 0.000872045
4.39637	 0.00110797
4.39971	 0.00121303
4.40304	 0.000970711
4.40637	 0.000880261
4.40971	 0.00115226
4.41304	 0.00140218
4.41637	 0.000878863
4.41971	 0.000981996
4.42304	 0.00107312
4.42637	 0.00108403
4.4297	 0.00118213
4.43304	 0.00124712
4.43637	 0.00101819
4.4397	 0.00117195
4.44304	 0.000967569
4.44637	 0.00117467
4.4497	 0.00139931
4.45304	 0.00119438
4.45637	 0.00103122
4.4597	 0.00110295
4.46304	 0.000801272
4.46637	 0.00123048
4.4697	 0.001245
4.47304	 0.00126435
4.47637	 0.00169516
4.4797	 0.00118559
4.48303	 0.0010814
4.48637	 0.00131216
4.4897	 0.000999123
4.49303	 0.00102852
4.49637	 0.000731226
4.4997	 0.00115763
4.50303	 0.00132614
4.50637	 0.0009515
4.5097	 0.00133053
4.51303	 0.00124549
4.51637	 0.00109288
4.5197	 0.00092771
4.52303	 0.00125715
4.52636	 0.0011099
4.5297	 0.00102872
4.53303	 0.00139927
4.53636	 0.00123321
4.5397	 0.00138875
4.54303	 0.00163101
4.54636	 0.00166295
4.5497	 0.00163685
4.55303	 0.00153421
4.55636	 0.00104354
4.5597	 0.00130884
4.56303	 0.00155845
4.56636	 0.00176443
4.5697	 0.00167387
4.57303	 0.00101899
4.57636	 0.000783309
4.57969	 0.00182531
4.58303	 0.00127051
4.58636	 0.00108474
4.58969	 0.00130993
4.59303	 0.00133862
4.59636	 0.00149069
4.59969	 0.00145308
4.60303	 0.00138578
4.60636	 0.00154707
4.60969	 0.00212918
4.61303	 0.00192244
4.61636	 0.0016917
4.61969	 0.00177623
4.62303	 0.00193021
4.62636	 0.00191528
4.62969	 0.00113581
4.63302	 0.00203048
4.63636	 0.00110037
4.63969	 0.00128317
4.64302	 0.00200285
4.64636	 0.00161248
4.64969	 0.00175627
4.65302	 0.00132521
4.65636	 0.00197511
4.65969	 0.00139597
4.66302	 0.00128668
4.66636	 0.00137779
4.66969	 0.00156765
4.67302	 0.00202258
4.67635	 0.00245248
4.67969	 0.00143833
4.68302	 0.00207954
4.68635	 0.00211575
4.68969	 0.0018761
4.69302	 0.00176189
4.69635	 0.0016515
4.69969	 0.00191476
4.70302	 0.00237724
4.70635	 0.00215464
4.70969	 0.0031176
4.71302	 0.00192394
4.71635	 0.00243359
4.71969	 0.00203971
4.72302	 0.00228234
4.72635	 0.00268751
4.72968	 0.00232543
4.73302	 0.00288693
4.73635	 0.00224197
4.73968	 0.0029049
4.74302	 0.00279042
4.74635	 0.00288285
4.74968	 0.00238596
4.75302	 0.00267833
4.75635	 0.00240007
4.75968	 0.00256232
4.76302	 0.00257748
4.76635	 0.00194527
4.76968	 0.00218181
4.77302	 0.00271274
4.77635	 0.00395897
4.77968	 0.00230904
4.78301	 0.00297505
4.78635	 0.00264881
4.78968	 0.0024352
4.79301	 0.00239079
4.79635	 0.00350554
4.79968	 0.00293292
4.80301	 0.00289261
4.80635	 0.00338058
4.80968	 0.00295265
4.81301	 0.00277382
4.81635	 0.0026106
4.81968	 0.00255402
4.82301	 0.00291606
4.82634	 0.00393259
4.82968	 0.0031837
4.83301	 0.00335376
4.83634	 0.00227352
4.83968	 0.00306901
4.84301	 0.00350729
4.84634	 0.00212104
4.84968	 0.00219945
4.85301	 0.00176668
4.85634	 0.00285734
4.85968	 0.00226956
4.86301	 0.00268775
4.86634	 0.00269455
4.86968	 0.00268276
4.87301	 0.00273807
4.87634	 0.00299275
4.87967	 0.0032423
4.88301	 0.00292474
4.88634	 0.00349862
4.88967	 0.00325009
4.89301	 0.00279643
4.89634	 0.00284506
4.89967	 0.00252688
4.90301	 0.00240437
4.90634	 0.00229248
4.90967	 0.00188457
4.91301	 0.00308981
4.91634	 0.00295304
4.91967	 0.00226192
4.92301	 0.00283204
4.92634	 0.00226585
4.92967	 0.00253861
4.933	 0.00262046
4.93634	 0.00229663
4.93967	 0.00282819
4.943	 0.00208365
4.94634	 0.00238293
4.94967	 0.00258208
4.953	 0.00193832
4.95634	 0.00199106
4.95967	 0.00167292
4.963	 0.00199637
4.96634	 0.00252371
4.96967	 0.00172274
4.973	 0.00270576
4.97633	 0.00153785
4.97967	 0.00161553
4.983	 0.00198685
4.98633	 0.00202883
4.98967	 0.00147778
4.993	 0.00152029
4.99633	 0.0019342
