#Time [1ns] 	 Re(Es) 	 Im(Es) 	 |Es|^2 	 rho 	 w
0	-1182.30389	419.71447	2758.5313	32809.3748	0.555349732	2.54160941e+13
1e-11	-1438.97817	-445.136725	2795.13006	33177.6404	0.554918053	2.56575866e+13
2e-11	-887.222091	-944.39597	2462.78855	33687.043	0.554544507	2.58757965e+13
3e-11	1364.19737	91.5285879	3652.9325	34855.7564	0.554164291	2.60728624e+13
4e-11	1555.37614	-582.06866	3621.64897	34880.4969	0.55363944	2.62506734e+13
5e-11	1481.79547	-628.012361	3985.11015	35546.7424	0.553002301	2.64108004e+13
6e-11	1646.81183	-611.873429	5471.1068	37189.7567	0.55225171	2.65547591e+13
7e-11	1109.88623	-2874.25244	5033.37761	36505.5036	0.551362854	2.66836143e+13
8e-11	2449.92988	-400.483114	7977.11552	34596.7691	0.551152026	2.67993159e+13
9e-11	611.389077	-1747.00727	7546.42524	33897.0749	0.551255797	2.69041068e+13
1e-10	-2120.92142	-2591.8739	5352.92343	33053.6065	0.551725369	2.69995026e+13
1.1e-10	-1906.49469	-1853.87822	4939.28561	33075.7429	0.552324232	2.70869954e+13
1.2e-10	-1939.91481	-1682.57619	5636.68029	31618.7007	0.552861094	2.71672901e+13
1.3e-10	-1830.35314	404.390497	5775.26917	30908.3783	0.553958741	2.72414564e+13
1.4e-10	-2723.58877	-227.474001	6247.78129	30512.8429	0.555074744	2.73107713e+13
1.5e-10	-3776.69296	-158.120015	6769.68674	30399.9337	0.556208928	2.73756701e+13
1.6e-10	-3064.66953	-599.928802	6627.22471	30717.3162	0.557052513	2.74362993e+13
1.7e-10	-4190.34757	155.70219	6543.65328	31903.5739	0.557640439	2.74926301e+13
1.8e-10	-2552.78074	-295.561057	7831.94178	31826.185	0.557995155	2.7544599e+13
1.9e-10	-2043.83116	-236.800019	8852.52931	32960.7066	0.557931535	2.75920086e+13
2e-10	-1840.81305	544.611356	10572.0016	33302.2738	0.557444875	2.7634523e+13
2.1e-10	-520.697361	-878.018585	12737.1385	33337.1185	0.55676068	2.76720006e+13
2.2e-10	-876.720051	-1263.52604	11610.8929	34090.3284	0.556390887	2.77048578e+13
2.3e-10	286.761596	-2411.50344	12810.941	34935.5861	0.555569615	2.7733734e+13
2.4e-10	-280.189326	-313.499123	11204.9182	35694.1234	0.554422612	2.77580134e+13
2.5e-10	-579.121046	-623.659387	11622.0007	35046.082	0.553864943	2.7778277e+13
2.6e-10	1333.0891	-358.971753	12290.4938	34737.8059	0.553630296	2.77959627e+13
2.7e-10	-49.5251886	529.431	11461.9835	33108.4393	0.553474808	2.78114933e+13
2.8e-10	399.720979	1544.96433	11493.9991	33225.544	0.553736195	2.78257461e+13
2.9e-10	37.9270098	834.460972	10734.7815	34070.0536	0.553920493	2.7839089e+13
3e-10	-238.603582	-175.698009	9616.97302	34950.4684	0.553868182	2.78513566e+13
3.1e-10	1895.44518	706.802538	9880.87231	36668.3106	0.553280154	2.78619587e+13
3.2e-10	268.793502	681.04559	9017.39723	36317.6906	0.552579761	2.78702331e+13
3.3e-10	-904.37675	1283.6271	5847.09803	36590.0099	0.55220871	2.78768005e+13
3.4e-10	-1967.80988	2942.39091	5779.90392	35250.0902	0.552086922	2.78822066e+13
3.5e-10	23.9448676	2312.01032	5240.07959	36150.7604	0.552301227	2.78872218e+13
3.6e-10	-992.695858	-174.654211	5363.54549	33206.4563	0.552586347	2.78921437e+13
3.7e-10	-1802.30527	-601.053309	5138.02317	30864.6312	0.553783194	2.7897907e+13
3.8e-10	-1120.39561	-743.936981	3714.99873	30643.2174	0.555086338	2.79055749e+13
3.9e-10	-860.670997	-764.953616	3552.51282	30529.7582	0.55654587	2.79150817e+13
4e-10	-2181.88926	-279.812029	3457.39018	30105.6743	0.557903809	2.79263446e+13
4.1e-10	-1840.76903	-853.112937	5348.29985	32441.0332	0.558602651	2.79387186e+13
4.2e-10	-2969.49723	-918.698658	3819.49246	33284.0877	0.558830608	2.79506856e+13
4.3e-10	-1918.34889	-1671.54698	2254.91003	33374.492	0.558651527	2.79615771e+13
4.4e-10	-4686.83093	-1159.97948	2067.4	34167.5685	0.5586569	2.79713139e+13
4.5e-10	-4212.42695	206.653144	3440.54863	34879.0883	0.558139257	2.79796216e+13
4.6e-10	-3577.6349	-518.813399	2831.38782	33998.0079	0.557668089	2.79860909e+13
4.7e-10	-3812.4843	853.792149	2205.20842	34535.1797	0.55765361	2.79916262e+13
4.8e-10	-3315.95315	1216.08817	3408.45669	35563.506	0.557216863	2.79962959e+13
4.9e-10	-1539.95757	-1277.74906	3822.18072	35134.1214	0.556738038	2.79996231e+13
5e-10	-882.964827	-889.761404	3425.71897	36167.2555	0.556094705	2.8001669e+13
5.1e-10	-1075.15164	-1240.62709	1229.51175	36088.4141	0.555676207	2.80024439e+13
5.2e-10	740.44753	-63.6233586	455.406843	34673.991	0.555517253	2.80025227e+13
5.3e-10	-555.759897	-812.645184	348.659393	35769.5555	0.555390578	2.80023942e+13
5.4e-10	-709.105478	-1229.29057	915.077982	34220.3103	0.555134799	2.80018408e+13
5.5e-10	830.536142	-2779.78541	193.422866	34120.4265	0.555357167	2.80013957e+13
5.6e-10	-218.838601	-2587.87844	1579.97051	34101.7092	0.555698846	2.80014491e+13
5.7e-10	-793.435117	-2438.90311	2615.68876	34497.0115	0.555660866	2.80018584e+13
5.8e-10	-1885.62041	-2093.18052	3114.97932	34485.9213	0.555715907	2.8002218e+13
5.9e-10	-1711.37733	-1708.65435	3817.5889	33854.6696	0.556031259	2.80028209e+13
6e-10	-2330.01129	-165.040062	4563.87513	32901.0647	0.55654025	2.80041343e+13
6.1e-10	-3114.02187	-456.447714	3465.66544	31716.6102	0.557070839	2.80062565e+13
6.2e-10	-4887.82208	-237.329973	3191.94535	33141.1018	0.557651259	2.80093785e+13
6.3e-10	-2899.85822	1129.42807	3463.37574	32770.6681	0.557751363	2.80127951e+13
6.4e-10	-2949.57136	-68.1569744	3976.80101	33280.1304	0.558130726	2.80163227e+13
6.5e-10	-1865.34207	1665.66435	3485.02045	34648.8942	0.557867691	2.80197299e+13
6.6e-10	-3156.66413	999.889189	2849.26747	33638.5609	0.557524107	2.802214e+13
6.7e-10	-3972.5912	1939.92474	1895.64358	34464.4073	0.557528709	2.80240894e+13
6.8e-10	-3801.95633	1466.31342	1098.19632	36043.8191	0.556993289	2.80254313e+13
6.9e-10	-3735.31096	1796.98013	1254.35663	37003.5249	0.556008244	2.80252127e+13
7e-10	-1732.3459	2374.14907	1418.88103	34793.8237	0.555417711	2.80232813e+13
7.1e-10	-1707.21201	1870.51732	240.259822	35862.9957	0.555413939	2.80211415e+13
7.2e-10	-525.751651	3682.4295	2896.09129	34410.1965	0.555313221	2.80190196e+13
7.3e-10	-74.6835222	3190.01748	2286.94602	34284.1824	0.55526739	2.80170052e+13
7.4e-10	-85.4534464	2501.6304	3890.40815	33663.8511	0.555607999	2.80154119e+13
7.5e-10	163.148453	3032.41119	3907.1505	34201.7509	0.55607988	2.80147313e+13
7.6e-10	-688.624263	2191.49856	3874.46257	32741.519	0.556542921	2.80149162e+13
7.7e-10	319.728722	2248.27869	5209.85286	33675.3754	0.557059223	2.80161567e+13
7.8e-10	874.58384	2109.76524	4153.47051	33821.4805	0.557229323	2.80179356e+13
7.9e-10	51.9237621	1681.64998	3252.29568	32848.8199	0.557373349	2.80197123e+13
8e-10	-1070.03957	1628.70877	3754.74252	33335.6985	0.557461584	2.80216931e+13
8.1e-10	-7.80928964	2251.3194	3448.43634	34540.093	0.557412603	2.80235072e+13
8.2e-10	683.964694	2124.42976	3027.45655	35550.0331	0.557098826	2.80248714e+13
8.3e-10	167.88323	1791.10165	2639.56931	36078.3525	0.556647209	2.80253309e+13
8.4e-10	766.63685	1419.45008	1664.6536	35673.4305	0.556180288	2.80248224e+13
8.5e-10	2108.85679	-714.926474	2725.15116	34887.66	0.556097457	2.80238865e+13
8.6e-10	1765.60148	-97.3326807	3294.47239	35178.03	0.555910741	2.80227927e+13
8.7e-10	1508.66892	-1678.80948	2894.79764	35685.3282	0.555694365	2.80214257e+13
8.8e-10	1106.34033	92.6314581	4340.41221	34957.3485	0.5553846	2.80196449e+13
8.9e-10	1763.26262	466.703473	5991.54603	34841.8745	0.555448546	2.80178527e+13
9e-10	1029.51664	1218.26694	5740.16907	34994.5219	0.555236371	2.80160733e+13
9.1e-10	44.1957942	500.399971	4399.08036	34569.3531	0.555104129	2.80141222e+13
9.2e-10	-427.421217	971.203094	3393.91511	32432.4563	0.555571019	2.80125124e+13
9.3e-10	-86.5375463	1083.49287	2062.91001	32128.3593	0.556310068	2.80123073e+13
9.4e-10	515.254707	406.173287	2954.11372	33639.3891	0.556858231	2.80134214e+13
9.5e-10	526.058637	-744.938937	5031.78317	31973.8235	0.557397787	2.80152808e+13
9.6e-10	-23.1463183	-750.01206	6594.10783	32798.6888	0.557860398	2.8018073e+13
9.7e-10	1146.68257	-1877.26167	6275.97969	32897.5994	0.557866688	2.80210266e+13
9.8e-10	774.683589	-1525.52487	6364.98286	32676.1004	0.558010664	2.80237781e+13
9.9e-10	2496.8991	-1602.36094	7283.57596	32736.5782	0.558308036	2.80266861e+13
1e-09	1262.08712	-3074.89639	8391.07417	34580.9893	0.558001891	2.80295121e+13
1.01e-09	1457.89676	-1397.69918	8740.34247	36197.9514	0.557227703	2.80310147e+13
1.02e-09	1447.48307	-980.651341	9871.78228	37372.1507	0.555963478	2.80304872e+13
1.03e-09	10.0121806	-1094.93937	10548.0109	37292.2498	0.554800661	2.80276247e+13
1.04e-09	430.959059	-419.464035	10181.2807	38094.1303	0.553410544	2.80227413e+13
1.05e-09	662.59165	1227.07526	10250.8417	35940.759	0.552766487	2.80160742e+13
1.06e-09	-592.984279	1703.12547	12518.7129	36551.7986	0.552039427	2.80090435e+13
1.07e-09	715.024045	1418.07672	12147.697	32831.6614	0.55180508	2.8001437e+13
1.08e-09	-627.070655	1669.62375	13901.6629	34747.7875	0.552255089	2.79950486e+13
1.09e-09	730.263318	1460.66568	14743.0898	34788.8899	0.551936062	2.79893036e+13
1.1e-09	-1048.17853	2720.11282	14654.0601	35691.4034	0.551501827	2.79834527e+13
1.11e-09	-481.144249	2852.90252	13465.2079	34991.1859	0.550847315	2.79770356e+13
1.12e-09	63.7286766	2434.80759	14641.5967	33310.5432	0.550755132	2.79705063e+13
1.13e-09	-2746.74533	2704.10025	13326.107	34992.9589	0.550683992	2.79646016e+13
1.14e-09	-1878.28656	1287.15163	11290.1605	34930.1947	0.550771386	2.79590403e+13
1.15e-09	-1487.3798	173.605666	10089.8415	35309.318	0.550774353	2.79541872e+13
1.16e-09	-1685.57636	-443.056491	10193.3858	35403.6238	0.551033694	2.79500126e+13
1.17e-09	-1388.13811	381.957913	8376.53731	35403.7128	0.551312107	2.7946708e+13
1.18e-09	-2414.3623	880.29724	6865.6745	33637.3465	0.551691316	2.79441964e+13
1.19e-09	-3276.82987	-242.462262	5813.42349	30847.411	0.552856893	2.79433135e+13
1.2e-09	-1210.81603	-131.714757	5918.95481	32303.4863	0.554238618	2.79451244e+13
1.21e-09	-293.61663	-576.24377	4242.81266	31335.1675	0.555358812	2.79489678e+13
1.22e-09	-2070.50699	176.272356	4307.92732	31780.474	0.556410411	2.79546037e+13
1.23e-09	-3632.50674	-44.6593618	1996.52579	32658.8981	0.557071048	2.79613322e+13
1.24e-09	-4135.9379	-116.939672	2109.21252	33090.5616	0.557490865	2.79684567e+13
1.25e-09	-2594.92123	-789.340357	3863.04621	33370.6629	0.557728791	2.79755061e+13
1.26e-09	-1423.40141	-1174.2199	4413.86816	33479.6078	0.5579364	2.79823124e+13
1.27e-09	-1257.83024	-746.993207	5291.36671	33514.5807	0.557887269	2.79886863e+13
1.28e-09	-2919.8525	639.880397	5023.80086	35049.0693	0.557677325	2.79943288e+13
1.29e-09	-4248.49317	310.102874	5951.27391	34813.5775	0.557282412	2.79987709e+13
1.3e-09	-4157.26701	740.280087	5814.63936	35892.6529	0.556825628	2.80020822e+13
1.31e-09	-5349.74116	844.490493	6635.77167	34464.2841	0.556211741	2.80039522e+13
1.32e-09	-5746.70701	509.194154	2850.99569	34161.6567	0.556101309	2.80049577e+13
1.33e-09	-3089.80355	1023.58216	2553.89369	33987.876	0.556124383	2.8005797e+13
1.34e-09	-3502.38953	2057.00297	1848.38817	34855.1534	0.556138568	2.80066844e+13
1.35e-09	-4415.35627	576.370526	2283.36668	33051.4047	0.556053389	2.8007248e+13
1.36e-09	-6231.63128	1706.3047	4116.54314	33659.7321	0.556460641	2.80082133e+13
1.37e-09	-6461.24407	2177.41846	3689.79668	34745.4321	0.556355851	2.80093965e+13
1.38e-09	-4425.96728	1916.89256	2315.9262	35658.9998	0.556072127	2.80100981e+13
1.39e-09	-4109.26917	1984.51048	4398.67596	34778.9582	0.555758792	2.80100655e+13
1.4e-09	-1873.78054	1687.42563	5570.84461	34919.8558	0.555670133	2.80096236e+13
1.41e-09	-86.2127034	940.847231	4200.88225	34649.7045	0.555602654	2.80091461e+13
1.42e-09	788.411787	247.099105	3221.28746	35220.4267	0.555608633	2.80086949e+13
1.43e-09	2867.50195	980.840059	1219.1927	33632.6328	0.555783828	2.80082979e+13
1.44e-09	1133.8707	1379.0232	1706.32667	33367.1908	0.556026872	2.80084081e+13
1.45e-09	676.260281	1961.82764	3209.49469	33349.0407	0.556424677	2.80091292e+13
1.46e-09	822.787922	-647.327594	2642.18715	34796.1683	0.55658121	2.80104018e+13
1.47e-09	462.968282	588.608904	3087.42519	36186.8952	0.556164781	2.80113547e+13
1.48e-09	82.2310362	2637.45994	873.844166	35688.7349	0.55564064	2.80112383e+13
1.49e-09	350.438821	2245.16957	217.139222	37502.7597	0.555136002	2.80102883e+13
1.5e-09	3116.59485	2417.57572	577.594363	38776.5051	0.554003	2.80078801e+13
1.51e-09	4643.22857	1846.79688	60.1548909	36530.8566	0.553311095	2.80037199e+13
1.52e-09	3050.95671	2452.81475	-1829.15938	36427.816	0.553236295	2.79993067e+13
1.53e-09	2640.93676	2478.08431	-1954.41229	33746.7309	0.553537326	2.79953821e+13
1.54e-09	1990.66186	2566.5429	-1937.59915	32086.2803	0.554382597	2.79929532e+13
1.55e-09	3420.78467	575.089715	-939.864852	32283.798	0.555542577	2.79926933e+13
1.56e-09	1986.18907	-838.46544	767.654076	33082.6673	0.556337389	2.79943506e+13
1.57e-09	378.918328	-702.835198	858.014673	32302.1342	0.556889057	2.79970772e+13
1.58e-09	-973.294256	-455.030464	361.521946	32248.088	0.557680135	2.80007964e+13
1.59e-09	-467.78871	556.439419	972.893153	34247.6774	0.558000628	2.80054323e+13
1.6e-09	-1232.64744	-122.68467	3527.7495	33555.883	0.557904381	2.80097015e+13
1.61e-09	-2028.70889	374.653201	5524.46005	34727.2076	0.557853675	2.80136072e+13
1.62e-09	-1542.77385	123.762326	4174.1439	35055.9416	0.557408406	2.80165425e+13
1.63e-09	431.169575	-1.95947076	5329.65156	36905.0118	0.556627254	2.80181652e+13
1.64e-09	1212.49625	-975.298194	3483.11347	37566.3161	0.555484811	2.8017777e+13
1.65e-09	1075.26657	-1151.69323	4300.031	36843.9338	0.554463824	2.80152921e+13
1.66e-09	-631.249968	-194.305553	5731.99175	36935.009	0.553973703	2.80116587e+13
1.67e-09	-1105.31551	-202.602631	7005.69296	36136.8597	0.553395633	2.8007333e+13
1.68e-09	-1505.33031	-2997.42684	5860.00326	37157.5074	0.552994922	2.80025835e+13
1.69e-09	-274.510192	-1967.67021	5863.44966	36124.9284	0.55246878	2.7997264e+13
1.7e-09	-1106.1616	-2173.44559	6861.43788	35148.0279	0.552472502	2.7991925e+13
1.71e-09	-1928.6138	-305.641883	5261.03114	35301.9482	0.552702186	2.7987342e+13
1.72e-09	-526.740163	-589.45324	3239.42735	33813.0578	0.553024856	2.79836215e+13
1.73e-09	-862.722464	-580.141605	2423.22875	32460.2265	0.553970889	2.79814353e+13
1.74e-09	1217.70262	1190.54086	2813.78978	32625.3436	0.554916298	2.79813454e+13
1.75e-09	538.93821	1737.49831	3386.28181	31994.2	0.556019379	2.79830616e+13
1.76e-09	538.456747	590.668646	3743.74565	32712.6516	0.556711386	2.79864201e+13
1.77e-09	2179.14212	-1349.33827	3071.95873	32822.794	0.557358425	2.79907193e+13
1.78e-09	1112.04198	-680.789928	3375.34345	32237.6686	0.557866461	2.79956565e+13
1.79e-09	931.810971	-1153.08938	5353.65312	31538.1057	0.558527899	2.80011911e+13
1.8e-09	230.112457	-1668.0027	5088.21356	32443.4297	0.558887968	2.80072872e+13
1.81e-09	-803.069552	-2379.69932	5873.14524	32824.774	0.558926706	2.80132039e+13
1.82e-09	-1429.92956	-941.993366	7900.93683	36406.4256	0.558244236	2.80182093e+13
1.83e-09	-557.644591	-2068.50565	10020.6763	38728.5999	0.556485749	2.80204707e+13
1.84e-09	1932.15069	-1059.48129	10066.0935	37069.8155	0.554842993	2.8019031e+13
1.85e-09	2255.21186	-2638.74336	9443.22964	37872.3016	0.553564952	2.80151015e+13
1.86e-09	-266.994659	-2474.40326	10728.8829	39395.7823	0.552129909	2.80090185e+13
1.87e-09	160.510299	-1441.39015	11708.4667	37958.7455	0.550674499	2.8000666e+13
1.88e-09	733.780887	-1418.35783	11174.0996	36425.1784	0.550120013	2.79910826e+13
1.89e-09	27.5512577	-1649.24649	12449.1227	35719.6067	0.54993962	2.79818397e+13
1.9e-09	-739.880312	-756.693322	12356.9188	35061.4574	0.54982483	2.79732257e+13
1.91e-09	73.282355	-1273.43135	14064.0538	33847.7594	0.550094736	2.79654247e+13
1.92e-09	225.734716	-673.052495	12980.4545	34352.4669	0.550289461	2.79588192e+13
1.93e-09	810.706031	170.026516	13252.0537	33849.5206	0.550723942	2.79533858e+13
1.94e-09	2065.09153	822.159344	13447.3892	34137.9305	0.55092169	2.79491044e+13
1.95e-09	3340.16724	556.854328	11875.3881	34038.4889	0.551013063	2.79455431e+13
1.96e-09	2292.86892	716.976471	12125.307	32835.9437	0.551454398	2.79427166e+13
1.97e-09	2318.14312	1652.49956	11633.03	33295.3618	0.551962104	2.79410857e+13
1.98e-09	295.151793	3014.89652	9864.77598	34609.0726	0.552184073	2.79403838e+13
1.99e-09	502.044964	3266.37433	9615.64596	33129.5607	0.552269163	2.7939961e+13
2e-09	-908.380356	1325.61222	8877.41952	32341.5696	0.553008428	2.79403411e+13
2.01e-09	-704.957977	1110.44946	8683.65955	32046.5801	0.55378479	2.79420737e+13
2.02e-09	-786.799461	479.930907	8011.36518	31084.0428	0.554855175	2.7945309e+13
2.03e-09	-594.462667	708.629388	7542.18562	31746.3556	0.555874984	2.79503334e+13
2.04e-09	-2211.62181	-384.229269	5745.13634	33404.1814	0.556136412	2.79561992e+13
2.05e-09	-1704.72058	-649.005519	3960.51225	35407.1234	0.555950072	2.79616379e+13
2.06e-09	-725.923164	-2415.92133	4031.14285	34857.7252	0.555735558	2.79660122e+13
2.07e-09	-272.996419	-1494.26201	4689.09466	36156.291	0.555426164	2.79696364e+13
2.08e-09	-565.588457	-51.7464263	5452.38127	36588.6843	0.554897324	2.79720308e+13
2.09e-09	-311.977534	205.568991	4023.27015	36408.1105	0.55431925	2.79731824e+13
2.1e-09	-83.3649393	-1695.80823	2802.22248	35741.4446	0.553769857	2.79731398e+13
2.11e-09	-604.638718	-540.536596	1915.29774	36347.4274	0.553641936	2.79724913e+13
2.12e-09	-238.058627	-1394.19659	2938.53347	37358.1924	0.553257754	2.79714656e+13
2.13e-09	1777.57082	125.413706	2048.05375	38461.5919	0.552459185	2.79694723e+13
2.14e-09	3344.0066	290.769655	1119.33509	37204.3256	0.551863065	2.79662112e+13
2.15e-09	2638.31167	1902.08004	1626.61288	36279.3961	0.551839267	2.79626563e+13
2.16e-09	21.0998932	620.555493	2810.09535	34577.5174	0.552100394	2.79596291e+13
2.17e-09	441.564497	-30.9469861	2371.76206	35393.4018	0.552634634	2.7957727e+13
2.18e-09	-902.627952	1695.99333	1548.10791	35031.3798	0.553018295	2.79567792e+13
2.19e-09	-852.331327	2531.98877	1688.12114	35297.3663	0.553323454	2.79566212e+13
2.2e-09	-659.558785	1088.30417	3720.63393	37363.4371	0.553232525	2.79567617e+13
2.21e-09	-189.199977	2056.76818	2906.02006	37157.6021	0.552788473	2.79563103e+13
2.22e-09	1685.93308	767.940565	2863.73548	37025.2366	0.55242206	2.79551135e+13
2.23e-09	2345.37214	743.084793	3443.719	35520.9516	0.552389746	2.79535508e+13
2.24e-09	3374.90057	-593.415325	4731.69608	34506.0177	0.55282405	2.79525844e+13
2.25e-09	1650.84454	-2113.70735	5248.4054	34064.4845	0.553353655	2.79526381e+13
2.26e-09	2648.4259	-1411.12569	4565.42357	34317.7245	0.553824114	2.79536439e+13
2.27e-09	2848.46832	-110.671086	2979.32434	34089.8149	0.554436941	2.79555191e+13
2.28e-09	1970.05953	399.799545	2285.07052	34530.8037	0.554875435	2.7958254e+13
2.29e-09	2079.81733	130.638492	840.14289	33441.9614	0.555270165	2.79614518e+13
2.3e-09	2054.03629	-252.844922	834.234521	34753.7539	0.555496511	2.79650806e+13
2.31e-09	931.825754	-820.291207	102.594441	35410.0115	0.555597746	2.7968675e+13
2.32e-09	964.259645	-555.954426	685.779449	36376.8672	0.555239459	2.79716427e+13
2.33e-09	0.763114887	677.113176	1357.58166	36256.4824	0.554925517	2.7973632e+13
2.34e-09	188.56674	1223.7389	796.815154	38443.787	0.554071953	2.79745681e+13
2.35e-09	-479.599095	214.58705	833.149287	37374.014	0.553183073	2.79735681e+13
2.36e-09	-1269.86354	517.135258	1637.23003	37175.0578	0.552905496	2.79715866e+13
2.37e-09	-1749.95826	306.633151	3796.97973	37182.3877	0.552477972	2.79691737e+13
2.38e-09	-2769.93888	684.603175	1900.75454	36111.9542	0.552461548	2.79664316e+13
2.39e-09	-3261.74415	337.902623	1861.25448	36044.1106	0.552479773	2.79640455e+13
2.4e-09	-3301.06953	687.525748	1817.31766	35701.9612	0.55251687	2.79618987e+13
2.41e-09	-2761.28792	-1723.73202	4045.17558	36481.2183	0.552490404	2.79601032e+13
2.42e-09	-3359.68551	-2211.99454	4365.99632	35105.3615	0.55241217	2.79582571e+13
2.43e-09	-4108.49876	-1238.89576	6478.89089	36988.135	0.552320157	2.79566029e+13
2.44e-09	-3602.34535	525.839418	6302.09765	35430.4229	0.552074046	2.79545919e+13
2.45e-09	-1160.94743	1358.57914	6434.79406	36489.5801	0.552262415	2.79527855e+13
2.46e-09	-1417.24644	2360.43173	4735.00111	37355.6836	0.551761339	2.79509454e+13
2.47e-09	-1285.30378	1583.96033	3283.1905	37111.95	0.551517826	2.794844e+13
2.48e-09	20.3959898	1728.18727	4715.95127	35498.7804	0.551621437	2.79459735e+13
2.49e-09	738.258445	3191.63585	4664.50867	36735.3418	0.551593581	2.79439715e+13
2.5e-09	339.761602	2633.79615	4730.80448	36125.877	0.551632944	2.79420537e+13
2.51e-09	45.479424	2562.31569	5316.74577	33961.7959	0.55210109	2.79406788e+13
2.52e-09	-351.108236	2344.43009	3963.38404	32940.5635	0.552806128	2.79406082e+13
2.53e-09	-838.881071	3133.97881	3118.06824	34063.98	0.553555945	2.79419938e+13
2.54e-09	-600.20891	1941.45467	4122.73689	34860.2234	0.554091085	2.79445017e+13
2.55e-09	1304.01056	2895.25208	4036.77568	33260.2107	0.554353371	2.79473767e+13
2.56e-09	1735.77885	-194.246519	2979.48171	32699.8463	0.554946783	2.79508212e+13
2.57e-09	1520.50983	876.081663	2746.80287	34945.5573	0.555323424	2.79550217e+13
2.58e-09	1002.91584	340.705734	3055.98948	35549.2873	0.555226245	2.79590232e+13
2.59e-09	277.974544	-1570.56923	4874.30594	35848.21	0.555140705	2.79623997e+13
2.6e-09	1309.18944	-478.385665	6590.52924	35267.1701	0.554974825	2.79652327e+13
2.61e-09	-931.641048	-994.375429	5604.76439	33162.4554	0.555208693	2.79677546e+13
2.62e-09	341.18089	-1051.17996	5746.00778	35040.3105	0.555377153	2.79706726e+13
2.63e-09	180.372427	-1934.98955	6898.81604	34643.9902	0.555220989	2.79732172e+13
2.64e-09	1646.12498	-2840.03533	6857.83636	35454.1952	0.555118576	2.79753017e+13
2.65e-09	964.657995	-2227.52141	8484.34643	35899.8238	0.554551638	2.7976579e+13
2.66e-09	-53.4458265	-1214.91814	8732.6949	37926.7393	0.553620898	2.79764721e+13
2.67e-09	-316.056093	-1738.25787	9821.4499	36980.756	0.55258656	2.79743663e+13
2.68e-09	-866.01531	-2080.37194	9319.414	37118.7131	0.551856153	2.79708141e+13
2.69e-09	-2300.76445	-971.901335	10088.481	36486.2701	0.55154184	2.796656e+13
2.7e-09	1362.12722	-1461.36373	11382.952	36076.1369	0.551544278	2.79624058e+13
2.71e-09	2516.8927	362.140867	12273.5232	35523.8284	0.551205438	2.7958413e+13
2.72e-09	2543.92464	493.018327	13132.2868	35954.3292	0.550872457	2.79541674e+13
2.73e-09	2267.47142	1099.8415	11338.1632	34660.6385	0.550831188	2.79498486e+13
2.74e-09	139.489421	487.408192	11386.5936	33778.4888	0.551133493	2.79462144e+13
2.75e-09	-566.116382	1553.35031	12333.7849	34116.4888	0.551465294	2.79435544e+13
2.76e-09	-1124.20599	2434.85341	13174.1172	32590.5098	0.551767949	2.79416358e+13
2.77e-09	-1074.71332	2237.43405	13186.4113	32461.9111	0.55202449	2.79405213e+13
2.78e-09	-579.579063	-293.557001	12894.2914	31013.844	0.552892185	2.79404061e+13
2.79e-09	-1369.86846	74.1713258	12714.216	32702.851	0.55351439	2.79419021e+13
2.8e-09	-365.987574	-444.475108	11321.3301	33206.9656	0.55377222	2.79439785e+13
2.81e-09	413.868201	-1088.92527	9428.11345	33270.0564	0.554027661	2.79463317e+13
2.82e-09	-390.961832	-516.173608	7850.40265	31820.5833	0.5548194	2.79493074e+13
2.83e-09	-204.001644	292.497908	9736.75057	32522.1274	0.55534773	2.79535323e+13
2.84e-09	-514.069267	7.7120545	10042.9345	33376.9954	0.555549056	2.79579511e+13
2.85e-09	-1123.21145	-2594.71071	9177.59542	32210.5957	0.55569663	2.79622843e+13
2.86e-09	-633.499033	-1962.22562	5795.17093	33556.8449	0.556137036	2.79667709e+13
2.87e-09	267.920467	-547.857836	4801.82731	32754.9945	0.556654941	2.79716378e+13
2.88e-09	1283.21222	-398.953749	3738.71599	34850.736	0.556885877	2.79769206e+13
2.89e-09	-225.94482	-1289.26153	4090.63465	36395.9109	0.55651525	2.79815576e+13
2.9e-09	280.882362	-1369.41029	3417.51314	38007.6207	0.555800273	2.79848286e+13
2.91e-09	1537.6817	-2916.38932	4202.31929	39015.7741	0.554534547	2.79858804e+13
2.92e-09	713.961238	-1229.99683	4665.18464	39263.9296	0.553057062	2.79842492e+13
2.93e-09	-5.82141405	-389.475391	5279.72635	40418.6481	0.551755287	2.79802359e+13
2.94e-09	-1590.53457	-710.245576	6732.29292	37179.2798	0.550680326	2.79741288e+13
2.95e-09	-150.032612	659.023173	3197.00645	36911.9455	0.550505808	2.79674924e+13
2.96e-09	-170.786449	954.9829	969.212796	37899.2679	0.55061913	2.7961489e+13
2.97e-09	-771.111133	-341.39368	1427.15369	36211.1324	0.550636464	2.7956028e+13
2.98e-09	-1256.61629	171.610257	1513.55144	36256.6908	0.550979294	2.79515163e+13
2.99e-09	-3035.45812	547.959052	1577.02008	36434.5054	0.551241071	2.79479964e+13
3e-09	-2869.60706	2029.03895	1339.24931	35615.9077	0.551693684	2.79453633e+13
3.01e-09	-2777.67224	533.128476	612.792644	35401.4547	0.5520196	2.79438519e+13
3.02e-09	-5374.86843	-330.705403	1266.35706	33733.0824	0.552518502	2.79431162e+13
3.03e-09	-2776.02131	-965.794892	1403.88402	33265.1969	0.553366879	2.79437749e+13
3.04e-09	-1069.93163	-1053.99232	815.033036	31919.7691	0.554385398	2.79459931e+13
3.05e-09	-1012.97029	-3516.67294	2223.32984	33479.129	0.555306774	2.79499831e+13
3.06e-09	-630.833275	-3875.74588	1355.20607	34152.9109	0.555538151	2.79547674e+13
3.07e-09	-2009.06465	-5930.461	2847.89721	35632.0638	0.555470559	2.79592606e+13
3.08e-09	-401.66621	-5048.85014	2268.95061	35778.3302	0.555039487	2.79628093e+13
3.09e-09	-1516.76904	-3743.0203	2702.0434	35309.168	0.554756815	2.79653681e+13
3.1e-09	-3447.12203	-4624.25808	1309.17283	36422.0094	0.554746643	2.79674617e+13
3.11e-09	-2052.80625	-2644.477	953.817736	35412.941	0.554536259	2.79689336e+13
3.12e-09	-2635.23324	-1735.33889	2879.06332	34770.2452	0.554344678	2.79700317e+13
3.13e-09	-2842.60338	-2558.18259	3388.17672	36169.3269	0.554338917	2.7970931e+13
3.14e-09	-126.191548	-1617.70219	4546.8607	36485.9292	0.553871859	2.79712651e+13
3.15e-09	544.036029	19.6194396	3416.12799	34885.1043	0.553815288	2.79709392e+13
3.16e-09	-171.244874	-384.718579	2471.82223	34380.4555	0.554227063	2.79709976e+13
3.17e-09	623.437889	968.080201	5019.95468	35115.9115	0.554270648	2.79716166e+13
3.18e-09	1115.4633	671.478725	5853.08343	35673.7752	0.554236815	2.79721203e+13
3.19e-09	45.6419761	633.580988	4431.89867	35418.8641	0.554229533	2.79725149e+13
3.2e-09	435.295266	-234.745187	4987.02367	36671.6776	0.554032964	2.79727237e+13
3.21e-09	631.008625	202.168974	4727.62904	36793.8794	0.553587745	2.79722708e+13
3.22e-09	143.381972	724.073193	5689.72737	36880.6062	0.5531062	2.79710488e+13
3.23e-09	1329.5044	694.890725	5994.69293	35557.2265	0.552770232	2.79690896e+13
3.24e-09	1417.82795	1100.39551	6489.38583	34246.8405	0.552765697	2.79669875e+13
3.25e-09	176.631316	-97.436996	5986.69786	34491.3086	0.553401737	2.7965712e+13
3.26e-09	168.477415	11.7594588	5736.99122	34070.8456	0.553869358	2.7965517e+13
3.27e-09	1780.82835	-237.590318	7258.71638	36877.1073	0.55354502	2.79657411e+13
3.28e-09	1475.53076	-1514.36547	6940.80431	35715.4546	0.553175294	2.79650239e+13
3.29e-09	-302.681784	-2687.04131	6114.23709	35474.9965	0.553172471	2.79640769e+13
3.3e-09	579.093714	-2116.47258	4123.95003	34799.1678	0.553327627	2.79633371e+13
3.31e-09	461.320813	-1902.24286	3557.19242	34356.1771	0.553563245	2.79630884e+13
3.32e-09	1555.41403	-202.395858	3479.82609	33148.7359	0.554319087	2.79637005e+13
3.33e-09	-269.961227	284.608288	3821.18641	33266.1778	0.555038208	2.79657134e+13
3.34e-09	-696.500838	1956.11742	3517.9784	34734.4181	0.555421786	2.79686782e+13
3.35e-09	-2036.93776	2250.79197	3029.56172	34264.0872	0.555480365	2.7971667e+13
3.36e-09	-2083.2353	2974.76319	3740.385	35048.5409	0.555558997	2.79745753e+13
3.37e-09	-2342.81791	2824.66035	4472.76423	33562.4807	0.555724773	2.79773113e+13
3.38e-09	-4169.28741	2961.0654	3424.76554	33733.2847	0.555927031	2.79802672e+13
3.39e-09	-4520.53632	2983.74126	2528.01168	34863.685	0.556011676	2.7983148e+13
3.4e-09	-2996.44035	2129.01532	4133.10234	36002.5473	0.555647346	2.79856334e+13
3.41e-09	-584.737837	2555.2998	2287.26764	35333.2203	0.555192923	2.79869467e+13
3.42e-09	510.334937	2361.46234	3279.3603	34751.9232	0.555232608	2.79877352e+13
3.43e-09	665.390647	2948.10249	4068.56662	36779.17	0.555027796	2.79884901e+13
3.44e-09	1195.5228	2555.66257	5089.90109	36769.0801	0.554391572	2.79882883e+13
3.45e-09	1901.12995	1869.14246	6674.33547	35883.5463	0.553849534	2.79869331e+13
3.46e-09	2264.94082	613.91243	7279.64527	37479.3762	0.553391201	2.79848948e+13
3.47e-09	3042.04549	524.884649	9061.86687	37934.8056	0.552443996	2.79817056e+13
3.48e-09	4618.08386	686.942842	11390.244	36218.0351	0.551642946	2.79771066e+13
3.49e-09	4757.67037	-571.323045	11694.8475	33884.5577	0.551567802	2.79719966e+13
3.5e-09	4729.484	-1025.7013	12125.3734	32940.3715	0.551908877	2.79676359e+13
3.51e-09	2920.0602	-1492.15241	10794.6233	33060.8848	0.552498408	2.79646017e+13
3.52e-09	2294.19104	104.637839	10611.2446	33183.4017	0.553021646	2.79629157e+13
3.53e-09	3446.16758	-396.05332	11284.236	35742.2561	0.553019882	2.79620593e+13
3.54e-09	2622.78485	-873.214496	12346.5662	33917.6937	0.55274479	2.79607951e+13
3.55e-09	1077.9593	-1517.35985	14974.0189	33088.5616	0.552626462	2.79594071e+13
3.56e-09	2512.26379	-1844.2704	14348.6801	34466.3984	0.55247703	2.79579089e+13
3.57e-09	3305.07318	-2694.7974	14672.9862	32905.6297	0.552403021	2.79562167e+13
3.58e-09	899.599405	-1726.91233	14628.6528	31732.0407	0.55268318	2.79548403e+13
3.59e-09	191.112998	-2321.48607	15262.5412	31645.9316	0.553059171	2.79542741e+13
3.6e-09	0.675862424	-1113.87598	14205.0913	32731.1116	0.553440764	2.79544796e+13
3.61e-09	-54.8731861	-494.010974	12494.8994	33476.4673	0.553530021	2.79551546e+13
3.62e-09	697.016244	344.90225	11998.1854	32469.5642	0.553855582	2.79560145e+13
3.63e-09	-112.450442	1409.13878	11412.8562	32603.6709	0.554140777	2.7957463e+13
3.64e-09	948.545261	936.032372	12026.2462	33718.1275	0.554405604	2.7959376e+13
3.65e-09	2045.41154	1480.03644	12349.675	34556.2227	0.554098423	2.79610868e+13
3.66e-09	2455.04093	1179.80636	12986.5634	32743.5488	0.553841646	2.79619933e+13
3.67e-09	3667.3116	2911.91229	10198.8387	30854.1747	0.554309575	2.79629248e+13
3.68e-09	3960.88338	3330.58324	8475.43609	31143.1751	0.555348078	2.7965252e+13
3.69e-09	4321.12106	2795.04093	8081.04924	33051.9038	0.556062805	2.79691096e+13
3.7e-09	4639.58686	1630.88577	7796.83646	33093.0569	0.556288276	2.7973452e+13
3.71e-09	5242.53674	2347.04986	8075.34211	34165.9116	0.556090791	2.7977463e+13
3.72e-09	4868.89478	2136.45745	6808.98503	35632.766	0.555650547	2.79805141e+13
3.73e-09	4867.0674	926.110882	6358.54231	36853.5017	0.554666302	2.79819822e+13
3.74e-09	3059.40396	-374.381424	7002.483	35544.3218	0.55417634	2.79817615e+13
3.75e-09	2072.9558	-456.786823	8271.3928	33903.8456	0.554015094	2.79809557e+13
3.76e-09	815.127551	1040.44097	5850.30591	35288.3298	0.554156788	2.79803144e+13
3.77e-09	3628.10371	158.348263	4284.5994	35725.4744	0.553987965	2.79796565e+13
3.78e-09	2152.33113	2131.66104	3899.11681	35790.1325	0.553861707	2.79787786e+13
3.79e-09	1644.04455	1658.96156	2450.20311	35191.7499	0.553761615	2.79777452e+13
3.8e-09	1501.55503	1007.31514	2692.11101	34232.6693	0.553890233	2.79768227e+13
3.81e-09	-563.309966	2248.73567	1424.50296	34027.6079	0.554206678	2.79763812e+13
3.82e-09	-16.7372291	1372.03739	363.323158	31986.9817	0.554981295	2.79768819e+13
3.83e-09	584.824365	998.451265	1313.87115	35069.0159	0.555577239	2.79789307e+13
3.84e-09	428.674612	-639.968106	2572.1816	33058.6766	0.555872376	2.7981383e+13
3.85e-09	34.9075499	-93.0838661	1655.98194	32492.9654	0.556597362	2.79845731e+13
3.86e-09	1080.39404	1747.87085	1156.0247	32301.5625	0.5574805	2.79889654e+13
3.87e-09	1965.11122	3559.15591	110.629937	32679.4185	0.557734409	2.79942051e+13
3.88e-09	-321.497353	4106.59697	-329.885675	33543.7037	0.558171504	2.79994976e+13
3.89e-09	520.65775	3630.35105	-1221.3674	36010.6561	0.557788121	2.80044971e+13
3.9e-09	-170.046788	1250.5753	-1217.27418	38013.348	0.556573594	2.80075759e+13
3.91e-09	384.303772	2268.99242	-1870.38516	37912.3113	0.555207251	2.80078422e+13
3.92e-09	-2630.10079	2956.66548	-1391.73325	38117.5741	0.554270786	2.80059139e+13
3.93e-09	-2605.44335	3733.70562	-788.173826	36685.752	0.55356525	2.80024903e+13
3.94e-09	-2620.58678	2594.33563	179.652178	38203.7436	0.5528935	2.79982802e+13
3.95e-09	936.888768	1064.66047	1238.10738	36351.8825	0.55240645	2.79932061e+13
3.96e-09	653.44937	919.155198	97.0171039	34584.7942	0.552697749	2.79883846e+13
3.97e-09	1624.28004	939.08164	1617.35485	35495.533	0.553123234	2.79847992e+13
3.98e-09	1363.48615	3728.65777	3875.65194	35648.8141	0.553260946	2.79820256e+13
3.99e-09	1204.19434	1659.6562	3972.78328	36598.8988	0.552987745	2.79795082e+13
4e-09	-1054.57525	-314.689646	3424.1465	34603.5966	0.552965577	2.79767562e+13
4.01e-09	6.46389542	-1391.50784	3119.20102	35106.1947	0.553315763	2.7974678e+13
4.02e-09	440.910932	-392.033393	4103.98695	35043.6782	0.553433913	2.79732115e+13
4.03e-09	670.366365	-757.886366	4773.72889	34541.6507	0.553623521	2.79721704e+13
4.04e-09	-390.692694	-369.219339	6125.5224	34401.5832	0.553958696	2.79717337e+13
4.05e-09	-173.391609	1920.03842	5787.2804	34587.5111	0.55404143	2.79717628e+13
4.06e-09	-81.2044694	1496.4223	4460.36036	35130.4608	0.554195671	2.79719869e+13
4.07e-09	631.221861	1487.85082	2827.56482	36057.1481	0.554101963	2.79722917e+13
4.08e-09	-704.64299	3360.63799	5030.5816	36621.8033	0.553583641	2.79720448e+13
4.09e-09	-405.099295	1894.21179	6351.67198	37306.8119	0.553136012	2.79708593e+13
4.1e-09	1451.05354	363.690578	5943.61163	35015.2427	0.552636431	2.79687624e+13
4.11e-09	-178.738035	-480.607614	4075.32237	33799.5994	0.552967139	2.79666742e+13
4.12e-09	573.049951	-349.847092	5905.44758	34860.3922	0.553445194	2.79657254e+13
4.13e-09	550.743039	316.963026	4677.48009	35544.66	0.553515373	2.79653269e+13
4.14e-09	-467.526476	410.584353	5702.75397	36313.4419	0.553558186	2.79650905e+13
4.15e-09	-378.993157	1014.75039	4567.87165	35738.2611	0.553410225	2.79646942e+13
4.16e-09	-216.106179	1834.43584	5287.09597	34206.3008	0.553670493	2.79644091e+13
4.17e-09	-87.4259232	3094.3247	7258.17731	34333.4374	0.553981837	2.79647206e+13
4.18e-09	588.510686	3315.11788	6150.3899	35453.2515	0.554041153	2.796544e+13
4.19e-09	59.6274324	3434.08428	6488.11546	35661.7791	0.553838884	2.79659426e+13
4.2e-09	726.995862	2952.61361	5000.20238	34607.2102	0.553795835	2.79660419e+13
4.21e-09	1507.84257	3276.44854	3670.3214	34207.1313	0.554085773	2.7966422e+13
4.22e-09	-854.149785	4705.51823	4193.19736	33763.7569	0.55432905	2.79672653e+13
4.23e-09	930.979523	4387.45078	4043.97519	33241.7517	0.554758883	2.79686418e+13
4.24e-09	358.757537	4625.35146	1779.75053	33336.9292	0.555038338	2.7970582e+13
4.25e-09	-432.417679	2810.13883	666.370306	33589.9574	0.55544938	2.79729825e+13
4.26e-09	-1159.43109	1359.41885	777.064745	34356.3854	0.555882445	2.79760186e+13
4.27e-09	-1716.54936	1108.91005	2520.03647	36007.6735	0.555989339	2.79793795e+13
4.28e-09	-685.379286	1082.58591	4371.95465	36542.7113	0.555356952	2.79818956e+13
4.29e-09	-852.26892	1698.7504	5326.09153	35808.8178	0.554686703	2.79829133e+13
4.3e-09	-484.648796	801.24984	7011.9597	35103.3862	0.554447082	2.79829148e+13
4.31e-09	349.379889	-109.244045	7664.41852	33870.1332	0.554598107	2.79828091e+13
4.32e-09	348.449365	-530.446898	6843.87853	33532.7412	0.554787583	2.79829583e+13
4.33e-09	1971.62945	832.050974	9326.67722	33794.7587	0.555094835	2.79836694e+13
4.34e-09	1112.27803	151.072168	9006.25236	34561.548	0.554931033	2.79844761e+13
4.35e-09	672.231962	72.4434033	9696.83018	36162.0845	0.554495942	2.79848189e+13
4.36e-09	463.926633	-598.401716	10472.5782	35841.4974	0.553929201	2.79840542e+13
4.37e-09	-46.751908	-123.065682	11002.0658	36335.6	0.553201133	2.79821549e+13
4.38e-09	-891.626856	-459.007543	11623.852	35696.5526	0.552405435	2.79789557e+13
4.39e-09	521.984686	64.6387808	11943.2533	35807.0052	0.552039791	2.79749383e+13
4.4e-09	1827.82361	1668.99979	10930.7591	34349.1248	0.551834632	2.79707415e+13
4.41e-09	2385.83818	1776.08898	11362.724	34819.9512	0.551877093	2.79668796e+13
4.42e-09	1875.80647	3950.23536	11629.6943	34000.1999	0.551846368	2.79633315e+13
4.43e-09	316.987359	4415.33707	11663.1053	34864.0171	0.551966221	2.79602245e+13
4.44e-09	1571.9562	3528.23401	13568.05	34633.306	0.551572467	2.79572312e+13
4.45e-09	418.566085	1134.1861	14154.1417	35807.7819	0.551209719	2.79537913e+13
4.46e-09	845.185929	586.827221	13419.3795	35229.0245	0.550847369	2.79498698e+13
4.47e-09	-244.543183	306.034095	12224.7945	35462.4488	0.550657961	2.79458432e+13
4.48e-09	-701.614956	-1620.07767	12425.0028	33456.9648	0.550921258	2.79421449e+13
4.49e-09	-2324.16869	-1755.32306	11555.3523	32799.3882	0.551527087	2.79396427e+13
4.5e-09	79.9794588	-663.12994	10858.9709	31300.0469	0.552347283	2.79386459e+13
4.51e-09	558.418772	-1667.52501	8887.54436	31212.1874	0.553529391	2.79396602e+13
4.52e-09	488.273648	613.633176	7931.87693	32014.4486	0.554676438	2.79428525e+13
4.53e-09	838.703583	2549.74254	8407.75312	32878.1239	0.555362074	2.79474668e+13
4.54e-09	625.330471	3045.71455	7850.57637	33211.659	0.555447102	2.79524525e+13
4.55e-09	2768.62197	482.412148	9089.19307	32399.701	0.555669923	2.79571493e+13
4.56e-09	2155.86595	-817.387421	9494.42274	31530.1053	0.555978829	2.79618967e+13
4.57e-09	1728.88229	-135.40933	9544.77169	31618.4004	0.556601394	2.79670807e+13
4.58e-09	3261.24892	-284.574024	8472.58027	33229.588	0.556858738	2.79726936e+13
4.59e-09	4125.49076	-1253.77785	8191.23084	33896.1869	0.55666708	2.7977825e+13
4.6e-09	2532.13126	-901.415101	8741.20693	34729.1905	0.556174904	2.79819148e+13
4.61e-09	2132.48916	-648.322577	5572.07373	34367.9661	0.555984917	2.79847546e+13
4.62e-09	144.396889	1816.26862	4019.05905	35012.6395	0.556015798	2.7987315e+13
4.63e-09	678.307255	4149.31191	3036.57097	35299.2392	0.555887821	2.79895598e+13
4.64e-09	-529.769101	3816.14197	1866.62231	35671.1092	0.555376403	2.79910161e+13
4.65e-09	539.181778	3472.65007	579.536405	35807.7224	0.5550222	2.79914704e+13
4.66e-09	81.1710441	2945.8682	997.945298	35126.6455	0.554845176	2.79913741e+13
4.67e-09	-312.173261	903.685785	3321.00564	34588.0576	0.554908939	2.79911584e+13
4.68e-09	451.030082	1006.20507	1095.63291	33837.1786	0.555239432	2.79912297e+13
4.69e-09	323.837486	1657.85489	377.690864	33973.6209	0.555397268	2.79919153e+13
4.7e-09	-697.889703	2801.32424	598.151493	35191.943	0.555511835	2.79928476e+13
4.71e-09	-1633.98517	83.3970196	2842.51657	36221.2658	0.555367648	2.79936302e+13
4.72e-09	-2284.29174	-1064.64227	2509.06738	36104.6526	0.55476727	2.79935738e+13
4.73e-09	-3039.60464	-422.385291	-88.05121	35730.0524	0.554421326	2.79926284e+13
4.74e-09	-3829.38264	-2809.56607	-77.6626366	36116.1069	0.554256185	2.79912922e+13
4.75e-09	-3864.05475	-3589.39075	853.81092	37130.229	0.553576178	2.79894352e+13
4.76e-09	-3379.14978	-1117.32595	767.099266	35768.1227	0.55309115	2.79865457e+13
4.77e-09	-2457.65366	-1466.50666	820.321769	35685.5358	0.553060375	2.79834516e+13
4.78e-09	-1677.7691	-747.786455	-849.016303	36903.4593	0.553177394	2.79807466e+13
4.79e-09	-1787.22745	1205.0801	431.522656	36837.9996	0.552812913	2.79780183e+13
4.8e-09	-1536.59182	700.558141	1111.17434	35716.0841	0.552676685	2.79749787e+13
4.81e-09	-787.927314	1939.23084	2538.73643	36325.4342	0.552696377	2.79722651e+13
4.82e-09	-1066.55483	368.974821	4465.7056	37044.5911	0.552449767	2.79696091e+13
4.83e-09	-1008.08674	-279.955971	4352.79571	35394.2842	0.55231872	2.79666745e+13
4.84e-09	833.862421	1091.13137	2928.7062	32891.7184	0.552950317	2.79644086e+13
4.85e-09	1824.13477	1701.55024	2227.33772	33124.4017	0.553932196	2.79639907e+13
4.86e-09	-275.794259	836.542816	2678.6996	33475.4044	0.554550911	2.79651378e+13
4.87e-09	361.216833	328.363875	4351.08253	33463.9493	0.555163498	2.7967345e+13
4.88e-09	-406.870961	453.37105	6050.37741	32737.718	0.555683027	2.79703413e+13
4.89e-09	291.655556	497.500356	8290.13332	34014.0324	0.555874435	2.79739184e+13
4.9e-09	299.840488	-784.380033	6582.43112	35042.1404	0.555602119	2.79770868e+13
4.91e-09	-216.853525	-607.325501	6938.84855	36087.9166	0.555417859	2.79794763e+13
4.92e-09	-518.512666	-1326.7441	7579.34588	36339.5687	0.554794433	2.79809104e+13
4.93e-09	1483.14723	-2421.44927	7944.5839	35981.2473	0.554182136	2.7980984e+13
4.94e-09	-454.385018	-3477.75841	6403.98239	35551.6036	0.553913948	2.79802117e+13
4.95e-09	-1607.64475	-3562.74466	6027.69053	36769.7162	0.553601441	2.79790099e+13
4.96e-09	-1660.99843	-796.778231	6207.72209	35315.8542	0.553380908	2.79773087e+13
4.97e-09	-977.338252	-2946.6533	6341.59719	34103.8708	0.553343036	2.79755034e+13
4.98e-09	-858.515754	-1318.61707	6717.558	32926.2842	0.554009779	2.79744835e+13
4.99e-09	26.696348	-920.709351	5421.19065	35536.4062	0.554302425	2.79746979e+13
5e-09	-436.624576	-1026.83985	6759.54409	35724.8506	0.554093541	2.79748107e+13
5.01e-09	422.691133	172.516858	5912.95692	37392.3392	0.553625814	2.79743544e+13
5.02e-09	-733.741764	-842.57772	5618.51251	36735.9776	0.553312771	2.79730738e+13
5.03e-09	-942.541696	-709.688673	6298.65257	36397.7442	0.552839469	2.79712386e+13
5.04e-09	-243.702211	44.5728797	5152.0542	35158.7846	0.552815812	2.79690526e+13
5.05e-09	84.9042565	-46.0777771	3442.23537	35363.7176	0.553232536	2.7967449e+13
5.06e-09	131.674267	7.73478513	4243.86231	35585.8243	0.553325182	2.79665051e+13
5.07e-09	-411.308467	1098.20095	5256.12136	35312.7352	0.553236292	2.79656583e+13
5.08e-09	-1841.96102	971.583878	5960.84209	34231.9054	0.553717235	2.79651042e+13
5.09e-09	-2489.64073	2007.39435	4460.78681	35101.2327	0.553922973	2.79654186e+13
5.1e-09	-484.362762	2099.30705	4385.5428	34332.7473	0.554135148	2.79660319e+13
5.11e-09	-815.946115	1607.07184	4541.39411	34746.6722	0.554493929	2.79671615e+13
5.12e-09	171.64887	2151.33984	5712.63905	35011.9634	0.55447266	2.7968575e+13
5.13e-09	-1297.43057	3104.87504	5562.39061	33434.5916	0.5547447	2.79698647e+13
5.14e-09	-382.351027	3979.82232	7441.94724	34304.8269	0.554632307	2.79714579e+13
5.15e-09	-1080.20809	4654.79088	7908.76389	32990.4457	0.554856221	2.79727967e+13
5.16e-09	-2237.95678	3221.95032	9294.65964	34887.8439	0.554980784	2.7974507e+13
5.17e-09	-1569.49725	3842.81718	10015.9515	33673.9153	0.554800252	2.79758621e+13
5.18e-09	-2277.01449	2861.66932	10302.1534	33085.9126	0.554723107	2.79769341e+13
5.19e-09	-1587.05494	2057.21151	10528.9334	31949.2385	0.555159827	2.7978118e+13
5.2e-09	383.076897	2270.38557	10319.4317	34165.5539	0.555353008	2.79799936e+13
5.21e-09	-183.197106	2204.47154	10947.6958	34033.1721	0.55509006	2.79815452e+13
5.22e-09	-748.803691	1267.58342	10717.1211	34197.9115	0.554830459	2.79824369e+13
5.23e-09	-1643.48166	1062.56283	10156.0627	32864.456	0.554878512	2.79829349e+13
5.24e-09	-41.3287541	2203.15431	12066.2471	33947.0872	0.554970659	2.79837071e+13
5.25e-09	763.718752	2208.3238	11251.9594	35014.2825	0.554478394	2.79840023e+13
5.26e-09	1608.6616	1442.97619	12250.4014	36471.5615	0.553679194	2.79831301e+13
5.27e-09	939.094379	2036.93213	13233.6113	36199.708	0.552650747	2.79805442e+13
5.28e-09	38.6687489	2745.37456	12307.5498	35101.4691	0.551977672	2.79765244e+13
5.29e-09	-390.202418	1725.39917	11131.8458	34396.6853	0.5516817	2.79719648e+13
5.3e-09	1389.25632	571.22551	11819.5079	33798.754	0.551798365	2.7967706e+13
5.31e-09	1523.16146	-589.754414	12061.6313	32529.6313	0.552205185	2.79642456e+13
5.32e-09	866.772321	-1238.63806	11665.9618	31444.8097	0.552944278	2.79621685e+13
5.33e-09	872.773532	-2088.81994	10259.3754	31300.1869	0.55387258	2.7961876e+13
5.34e-09	291.39962	-900.741791	9338.65863	32065.8239	0.554624757	2.79632099e+13
5.35e-09	1562.89276	-245.271403	9525.2873	33559.1768	0.55523781	2.79657959e+13
5.36e-09	166.457988	-193.953138	10298.0839	34288.062	0.555262015	2.79686813e+13
5.37e-09	-1858.24916	263.216081	10215.7751	33786.5963	0.55496595	2.79710491e+13
5.38e-09	-309.908585	697.887616	8888.84458	35186.2666	0.554663734	2.79727121e+13
5.39e-09	31.8233285	-326.706273	8735.75403	36022.9746	0.55416648	2.79734589e+13
5.4e-09	767.525074	574.148784	9338.37732	35756.6288	0.553632909	2.7973111e+13
5.41e-09	2548.91536	-302.016229	9904.64308	35612.2117	0.553182175	2.79718698e+13
5.42e-09	1968.98278	337.047601	10085.826	37294.323	0.552662676	2.79699333e+13
5.43e-09	1188.19291	2027.65161	8322.77837	36769.8106	0.552023914	2.79669858e+13
5.44e-09	1357.31864	1850.85508	7239.71201	36491.5993	0.551543099	2.79632811e+13
5.45e-09	248.694118	540.322579	5339.82524	34653.9593	0.551720336	2.79594884e+13
5.46e-09	-71.2486079	-127.502942	4078.73969	35573.96	0.552141161	2.7956781e+13
5.47e-09	-1417.03906	1136.43652	2425.52724	35966.5474	0.552274517	2.79548736e+13
5.48e-09	-1358.28464	3107.65386	1884.73697	37831.7286	0.552089329	2.79531708e+13
5.49e-09	799.469694	2457.9463	2585.75782	38210.2441	0.551641422	2.79509648e+13
5.5e-09	1018.201	1407.76491	1395.64692	37933.6797	0.551046493	2.794797e+13
5.51e-09	199.899189	204.110039	1374.28937	36164.7231	0.550981425	2.79445362e+13
5.52e-09	-665.455975	242.655294	3244.40857	34905.669	0.551386294	2.79417351e+13
5.53e-09	-1042.21342	-638.093746	3308.29318	35070.1561	0.551945973	2.79401539e+13
5.54e-09	-2987.2334	-277.346632	2196.86661	34125.6425	0.552461179	2.79396944e+13
5.55e-09	-2400.31604	-1078.21426	861.825337	35239.2536	0.552981098	2.79403403e+13
5.56e-09	-1052.07282	-768.945906	-43.5364447	35968.2536	0.553059522	2.79414587e+13
5.57e-09	-1467.48312	-594.518224	-33.1003013	35404.9861	0.553150755	2.79425643e+13
5.58e-09	-1488.5545	391.151917	589.589559	36577.2432	0.553357187	2.79439441e+13
5.59e-09	-566.622012	1444.18605	-305.648632	37386.8569	0.553113078	2.7945151e+13
5.6e-09	-206.770187	1476.09942	1672.93495	36899.7342	0.552830025	2.79457097e+13
5.61e-09	-1047.21035	1585.32021	604.488966	36053.9901	0.552580331	2.79457053e+13
5.62e-09	-1212.90226	2415.54262	1791.91429	37050.2046	0.552518761	2.79454427e+13
5.63e-09	-1528.21427	879.634008	4036.08413	35626.8172	0.55263241	2.79451012e+13
5.64e-09	-783.19012	-308.211392	2947.82522	34394.4029	0.552927765	2.79451899e+13
5.65e-09	-312.091067	-631.591277	2999.98926	33693.0562	0.553654492	2.79462861e+13
5.66e-09	-1639.45263	782.379713	4699.51663	33945.2688	0.55419451	2.79485208e+13
5.67e-09	-769.672814	1609.58464	5468.70421	33443.5382	0.554628459	2.79514071e+13
5.68e-09	-142.939797	-405.718958	5817.20536	34429.0649	0.554900653	2.79547943e+13
5.69e-09	497.86955	-248.232408	6716.02521	34169.3051	0.555256799	2.79583767e+13
5.7e-09	2458.60105	-427.042548	7025.71399	34982.5912	0.555309493	2.79620648e+13
5.71e-09	891.856013	-1631.21369	6353.35043	35767.1476	0.555073142	2.79652492e+13
5.72e-09	1438.80981	-1605.26112	6995.53309	35653.3538	0.554528289	2.79673813e+13
5.73e-09	951.161122	-361.462677	8824.22951	36272.1526	0.553896922	2.79683341e+13
5.74e-09	1399.91086	-1456.88321	8371.85156	34687.1813	0.553673001	2.79682093e+13
5.75e-09	1159.63995	-1843.06875	7747.81879	37167.5274	0.553401371	2.79678496e+13
5.76e-09	591.75238	-2249.71054	8953.57114	36796.2878	0.552325261	2.79661752e+13
5.77e-09	372.415486	-2981.1113	9133.38863	36820.9911	0.55174233	2.79630262e+13
5.78e-09	875.217892	-3306.68971	8155.21123	34722.5699	0.55165257	2.79594387e+13
5.79e-09	-1169.21157	-1451.54743	6214.15602	32841.0098	0.552395265	2.79566859e+13
5.8e-09	-343.059301	-2008.6951	7358.53523	33470.9387	0.553120875	2.79558339e+13
5.81e-09	-360.737672	-1929.78362	8176.14001	34270.9575	0.553613894	2.79561375e+13
5.82e-09	-2905.28838	-1793.91384	8166.54136	34853.6714	0.553684261	2.79570073e+13
5.83e-09	-1829.22913	-1226.53027	8371.09068	35368.0754	0.553503174	2.79577054e+13
5.84e-09	-1756.09541	-1057.83209	6639.89798	35305.4402	0.553355664	2.79579313e+13
5.85e-09	110.877276	-1401.45669	5734.042	35680.8817	0.553311606	2.79580267e+13
5.86e-09	904.626074	-1344.74896	4069.31098	35190.1796	0.553343137	2.79580012e+13
5.87e-09	1517.52949	-1665.56059	4847.03426	35568.7682	0.553541064	2.79582291e+13
5.88e-09	442.462607	-860.819316	4150.86168	34925.9745	0.553508867	2.79585779e+13
5.89e-09	110.83769	-3148.35929	1623.04263	34433.2018	0.553757025	2.79591134e+13
5.9e-09	496.182847	-3600.50915	2072.68648	34602.052	0.554234237	2.79602288e+13
5.91e-09	-260.804598	-3229.71755	3196.63603	34868.4737	0.554411073	2.79619253e+13
5.92e-09	-1024.56383	-3274.05055	3234.74188	35173.439	0.554425405	2.79636333e+13
5.93e-09	-2766.7009	-3496.83714	3831.45026	36225.6171	0.554042436	2.79650107e+13
5.94e-09	-2426.69385	-1105.56803	4901.83978	36366.1926	0.553454396	2.79651956e+13
5.95e-09	-1861.62125	-715.258021	5108.48833	35592.3388	0.553347035	2.79646051e+13
5.96e-09	-2341.46675	241.217762	6205.85279	35765.6078	0.553173909	2.79640064e+13
5.97e-09	-2590.28538	-2175.94591	6720.83557	34720.5974	0.553246197	2.79631692e+13
5.98e-09	-2918.54049	-1631.86172	6849.36748	34611.9285	0.553394018	2.79626966e+13
5.99e-09	-1884.1002	-1528.31296	6843.60121	32541.0771	0.553973362	2.79628181e+13
6e-09	-7.7321683	-534.466852	8354.80388	34285.4744	0.554415467	2.79640964e+13
6.01e-09	-1229.46602	-1.71280744	9175.97565	33765.3958	0.554464323	2.7965656e+13
6.02e-09	66.847976	-1809.66695	9458.21922	34399.0522	0.554510705	2.79671882e+13
6.03e-09	-1832.64408	-2289.02402	9225.13123	35863.275	0.554035926	2.79681971e+13
6.04e-09	-3019.829	-3265.12572	6976.14037	35084.9815	0.553583465	2.79680702e+13
6.05e-09	-1380.33391	-1692.13769	6668.45263	34132.9072	0.55353246	2.79675571e+13
6.06e-09	-1499.62591	-286.095595	6091.28632	34032.9014	0.553892299	2.79673602e+13
6.07e-09	-89.6469921	-222.687563	9064.88937	35725.423	0.55393404	2.79677414e+13
6.08e-09	-1969.75741	-1047.163	10391.9466	35551.8566	0.553496446	2.79676261e+13
6.09e-09	-113.009261	-1661.77471	11191.2648	34541.1907	0.553198009	2.7966743e+13
6.1e-09	-1374.13579	-1587.99841	13005.1005	34537.0403	0.553090391	2.79656345e+13
6.11e-09	-978.354551	-1099.45914	13995.0272	34984.7381	0.552590978	2.79640788e+13
6.12e-09	-1442.90467	-1131.7375	12456.0761	32980.004	0.552471817	2.79619267e+13
6.13e-09	-425.549827	-393.922276	11953.9438	32076.725	0.553002121	2.79603938e+13
6.14e-09	946.633111	-1279.09746	10805.8903	32792.0368	0.553599836	2.79601236e+13
6.15e-09	2176.37459	-1245.53432	9999.80792	30964.8619	0.554112678	2.79608e+13
6.16e-09	609.233937	-1671.50424	8609.17225	32979.0832	0.555000113	2.79628726e+13
6.17e-09	958.187772	-842.037755	8053.83205	33828.414	0.555173014	2.79657889e+13
6.18e-09	607.064976	-409.966277	7724.18588	36112.9364	0.55489389	2.79684826e+13
6.19e-09	1479.94362	61.9943597	5315.67796	36616.6444	0.554430771	2.79700557e+13
6.2e-09	388.915016	-1255.33514	8621.50978	37405.6575	0.553498219	2.79703424e+13
6.21e-09	-2147.7362	-469.570996	8153.10874	36795.8523	0.552779153	2.79688383e+13
6.22e-09	-1132.48585	622.497585	10583.6496	35279.177	0.552569249	2.79665577e+13
6.23e-09	-1849.80878	931.157228	11960.8581	35934.8678	0.552290198	2.79642002e+13
6.24e-09	-2248.18837	-505.147772	11701.5605	35163.365	0.552021482	2.79614516e+13
6.25e-09	-2391.37754	-829.883857	9146.64438	33890.97	0.551891704	2.79584473e+13
6.26e-09	-907.913334	-1341.38166	7925.73903	34551.8151	0.552366935	2.79561966e+13
6.27e-09	-1701.99063	-819.079201	5872.02688	35173.7934	0.552603851	2.79548202e+13
6.28e-09	-2284.07724	-1002.9062	5022.46625	35780.8	0.552885013	2.79540194e+13
6.29e-09	-14.933218	-2114.61531	4264.87571	37224.6582	0.552811822	2.79535249e+13
6.3e-09	959.832903	-3084.52176	4107.45081	37591.4906	0.552381491	2.7952599e+13
6.31e-09	-464.138044	-995.687489	3430.53238	37377.8253	0.551697239	2.79507514e+13
6.32e-09	-880.044825	-698.121788	4824.37506	35652.0698	0.551895571	2.79484257e+13
6.33e-09	-1384.97502	-1113.89938	4568.22125	34965.0231	0.552168373	2.79468607e+13
6.34e-09	-1139.80195	-368.816809	4465.95435	34806.4491	0.55263163	2.79461246e+13
6.35e-09	-1589.72676	788.420489	4370.10653	33775.0918	0.553044165	2.79462495e+13
6.36e-09	-472.53648	-956.291847	2627.51952	34760.8589	0.553480158	2.79472968e+13
6.37e-09	1782.57078	-1391.72173	1746.83931	33360.2134	0.554117797	2.79490691e+13
6.38e-09	-210.175366	-3091.62114	3870.9043	34461.4047	0.554885821	2.79521215e+13
6.39e-09	-1365.4202	-2641.34722	2774.3493	34670.4208	0.555227645	2.79559403e+13
6.4e-09	-985.197568	-2413.05131	3032.69797	34602.3852	0.555142731	2.7959632e+13
6.41e-09	-2047.04168	-4521.53914	1045.47514	35320.7432	0.555082061	2.79629172e+13
6.42e-09	-1762.41215	-3579.52765	1326.24697	35030.6897	0.554957803	2.79656343e+13
6.43e-09	-822.196304	-3323.08213	1208.33733	35785.9253	0.554757713	2.79678691e+13
6.44e-09	-1276.15014	-4290.73192	2319.68828	37612.8335	0.554395097	2.79694473e+13
6.45e-09	-333.862425	-3913.38578	2749.56695	35698.3525	0.553772149	2.79697498e+13
6.46e-09	-575.296106	-1856.74788	5640.44169	34703.6889	0.553868208	2.79695321e+13
6.47e-09	-914.884632	-1762.52749	7284.00003	35387.8523	0.553823984	2.79694653e+13
6.48e-09	650.649688	-2431.49576	6613.6309	34245.1976	0.553926659	2.79693248e+13
6.49e-09	1648.16686	-1889.37087	6472.02586	33681.8537	0.554414879	2.79697996e+13
6.5e-09	-151.172882	-973.103307	6108.38798	33534.3727	0.55481052	2.79710981e+13
6.51e-09	357.784472	-1037.34816	5807.56751	34740.7095	0.55483055	2.79727994e+13
6.52e-09	1788.30428	-1429.92396	6520.10129	36680.6551	0.554537015	2.79740964e+13
6.53e-09	699.55523	-1817.50622	7787.12338	37763.7267	0.553647773	2.79741976e+13
6.54e-09	-770.462589	-1234.26576	7733.09249	36641.7274	0.552655983	2.79723498e+13
6.55e-09	-1937.22953	-219.698183	7011.36217	35205.6272	0.552522691	2.79695406e+13
6.56e-09	-820.474344	534.676474	7650.26334	37236.2896	0.552285489	2.79668534e+13
6.57e-09	-1434.30961	841.505658	7438.38082	36184.3631	0.552014833	2.79637539e+13
6.58e-09	-1403.71991	514.86533	6977.74195	35012.9543	0.552165746	2.79608441e+13
6.59e-09	-354.324298	2038.00944	7519.04402	34797.5739	0.552507668	2.79587109e+13
6.6e-09	-800.514264	1751.36979	7754.25143	35376.1904	0.552660082	2.79573174e+13
6.61e-09	-9.2659541	3212.70345	6604.57536	33872.8251	0.552979048	2.79563573e+13
6.62e-09	30.3362481	1748.7066	6240.80314	31739.0339	0.553676006	2.79564251e+13
6.63e-09	-2634.9545	441.198132	6054.38489	33154.8826	0.554594756	2.79581067e+13
6.64e-09	-3385.18958	-866.500149	7908.44462	31936.9107	0.555161405	2.79609207e+13
6.65e-09	-2486.02476	-7.57662892	8497.2212	32803.257	0.55584436	2.79647634e+13
6.66e-09	-217.542975	146.503871	7486.66891	35071.0958	0.555792604	2.79689159e+13
6.67e-09	900.309869	1734.64848	7759.85846	35737.1186	0.55528549	2.79721918e+13
6.68e-09	-418.403758	191.766088	4996.1295	35180.5954	0.554953117	2.79742157e+13
6.69e-09	-573.842725	-815.386447	6329.6498	34759.1718	0.554961624	2.79757422e+13
6.7e-09	-1740.41761	-859.641794	6418.56669	33408.0656	0.55505725	2.79772568e+13
6.71e-09	-1378.13175	495.785118	4530.12649	34459.8572	0.555300422	2.79789957e+13
6.72e-09	-2712.63414	2626.5772	3512.0675	36109.2902	0.555247983	2.79808159e+13
6.73e-09	-1959.33303	3790.8799	2131.17573	35639.258	0.554564172	2.79816811e+13
6.74e-09	-2337.46009	2505.31094	2371.99227	35381.0978	0.554508306	2.79817468e+13
6.75e-09	-1652.90638	1450.75244	4049.29782	35137.8022	0.554542648	2.79818289e+13
6.76e-09	-668.372028	1772.48035	4032.93811	37872.7004	0.554098628	2.79816393e+13
6.77e-09	455.992126	-417.924061	4017.61287	37371.7007	0.553329297	2.7980188e+13
6.78e-09	-26.8167962	463.820284	3589.43878	37564.5879	0.552694635	2.79776028e+13
6.79e-09	766.187241	609.266536	3668.32489	36162.8849	0.552621214	2.79744069e+13
6.8e-09	639.428636	470.083105	5106.34102	32146.3909	0.553210265	2.79718893e+13
6.81e-09	204.750964	426.658541	7075.90135	33477.2943	0.554093207	2.79712553e+13
6.82e-09	1276.18983	549.332478	7740.14981	34952.2632	0.554275087	2.79717238e+13
6.83e-09	44.2312709	813.546318	8387.32019	33943.9061	0.554323639	2.7972221e+13
6.84e-09	-543.717135	1823.53284	8526.64454	35787.615	0.554371438	2.79729122e+13
6.85e-09	-179.57397	1590.77257	9407.29357	36748.5234	0.553767677	2.79729924e+13
6.86e-09	-188.943673	1608.84222	8015.64682	35923.1497	0.552983925	2.79716909e+13
6.87e-09	694.084069	2651.24117	8092.66236	34108.6085	0.553041249	2.79697374e+13
6.88e-09	3277.83504	1385.68344	10753.9374	34724.9405	0.553130531	2.79683039e+13
6.89e-09	2551.72729	1640.67473	9174.18197	34132.829	0.553097851	2.79669844e+13
6.9e-09	853.888928	613.56723	8974.77743	34604.4068	0.553152265	2.79657755e+13
6.91e-09	-736.436278	-1407.54312	9062.0752	36146.594	0.552993821	2.79647237e+13
6.92e-09	-1351.72056	-1064.67969	8703.81645	35555.9884	0.552532486	2.79630989e+13
6.93e-09	-40.3229786	-765.904589	11397.6733	36231.9885	0.552246424	2.79609264e+13
6.94e-09	987.515277	-1164.13612	11071.0496	34397.2767	0.552252462	2.79585103e+13
6.95e-09	620.38782	636.406685	11746.2116	32575.86	0.552715119	2.79567936e+13
6.96e-09	1013.62354	1736.99151	11574.048	33270.1869	0.553296254	2.79563442e+13
6.97e-09	1143.46537	1029.91693	12039.2078	33320.9608	0.55354238	2.79566289e+13
6.98e-09	-202.11735	83.1123224	12094.8902	33980.528	0.553546538	2.79572377e+13
6.99e-09	49.6798265	-176.547173	10128.1961	33460.6999	0.553512971	2.79576555e+13
7e-09	719.496941	-1069.02684	8991.4576	33749.408	0.553794361	2.79582711e+13
7.01e-09	1431.82018	-637.491682	8566.50323	35509.2	0.553899278	2.7959278e+13
7.02e-09	1394.15499	672.175894	8528.42541	34047.0879	0.553793118	2.79601189e+13
7.03e-09	802.46841	-889.558433	8071.65125	35915.0791	0.553566796	2.79606985e+13
7.04e-09	2052.54717	94.7897803	7308.10287	35967.5729	0.553267967	2.79606376e+13
7.05e-09	2854.93447	-564.384814	7541.70647	35151.6695	0.553206301	2.79601633e+13
7.06e-09	583.032497	-963.72726	7502.80516	33608.9641	0.553614858	2.79599951e+13
7.07e-09	1259.90928	610.824915	7491.28996	34807.2304	0.553749107	2.79605957e+13
7.08e-09	981.257204	605.924557	6678.95692	33927.0429	0.553945539	2.79612332e+13
7.09e-09	-344.626388	287.437548	6036.26675	33616.5389	0.554512307	2.79625909e+13
7.1e-09	-31.4116946	639.860306	5411.81381	33475.6283	0.554932048	2.79647672e+13
7.11e-09	163.014098	1848.55674	8428.1723	35940.6315	0.554871073	2.79672763e+13
7.12e-09	1369.04653	354.690874	8148.28899	38069.6294	0.553804461	2.79685862e+13
7.13e-09	2091.66293	1355.93377	7541.69825	38672.6325	0.552696911	2.79675344e+13
7.14e-09	860.902022	1614.6707	6610.32531	35893.8042	0.552174127	2.79648396e+13
7.15e-09	941.142404	1474.1697	6403.06517	33436.9501	0.552425385	2.79622118e+13
7.16e-09	970.786106	689.060646	4195.28485	32827.7273	0.553232434	2.7960823e+13
7.17e-09	515.096094	575.642893	5195.41804	32410.3348	0.554077339	2.79611254e+13
7.18e-09	-1161.32962	873.468029	6016.26758	33720.8754	0.554864304	2.79630368e+13
7.19e-09	-622.676286	-130.330579	3527.63468	34328.7046	0.555305762	2.79658771e+13
7.2e-09	-832.446687	-2677.89739	4500.95994	32487.8245	0.555968562	2.79693169e+13
7.21e-09	-282.367604	-1072.06892	2953.69577	34907.7437	0.556256744	2.79735442e+13
7.22e-09	395.527303	-805.319152	2445.46115	34767.4926	0.556115513	2.79774431e+13
7.23e-09	128.39112	1821.10453	2046.97419	34399.3268	0.556031709	2.79807981e+13
7.24e-09	617.999462	1449.07397	1196.53306	34441.8376	0.556266389	2.79839786e+13
7.25e-09	315.044626	54.5060759	203.79261	34956.0478	0.556312136	2.79871171e+13
7.26e-09	1006.22409	232.614315	2096.50046	35587.0605	0.555985501	2.79898192e+13
7.27e-09	420.705686	1813.73547	3353.89292	36092.4294	0.555473945	2.79914406e+13
7.28e-09	194.217486	2455.06603	3407.34952	37181.4584	0.554882058	2.79918759e+13
7.29e-09	-331.62191	2035.07081	3385.59196	36022.55	0.55441491	2.79911593e+13
7.3e-09	-252.576473	1259.81792	3056.84896	36860.8895	0.554230841	2.79899246e+13
7.31e-09	560.935244	738.263011	4296.11609	35634.5513	0.553847584	2.79882863e+13
7.32e-09	2900.84458	2239.89772	4037.54471	34529.2313	0.554149062	2.79866173e+13
7.33e-09	3297.16166	1907.58225	4987.62521	34347.37	0.554441743	2.79857331e+13
7.34e-09	1731.27665	-250.006945	6885.75438	34951.0371	0.554813909	2.79855728e+13
7.35e-09	2146.9473	-158.459116	9376.23561	35434.5352	0.554554196	2.79856535e+13
7.36e-09	636.301934	1635.58057	8905.71682	37273.0982	0.55378247	2.7984819e+13
7.37e-09	-813.413645	2138.54555	8463.1013	37326.7769	0.553051705	2.7982537e+13
7.38e-09	-2187.16918	2706.64446	9709.81802	35457.2643	0.552408279	2.79790911e+13
7.39e-09	-1881.2174	2708.4222	8649.78792	35728.6061	0.552184608	2.7975203e+13
7.4e-09	-2084.59117	870.568831	6511.06595	34416.173	0.552579971	2.7971755e+13
7.41e-09	103.935703	550.87984	4674.29656	34952.7447	0.553149786	2.79695987e+13
7.42e-09	701.679702	2212.39087	3400.82301	34008.0743	0.553595557	2.7968555e+13
7.43e-09	-739.680053	2272.61153	3491.13741	33734.0156	0.554280259	2.79686547e+13
7.44e-09	-789.231859	942.743124	4367.18944	33213.37	0.554649844	2.79698055e+13
7.45e-09	-1056.6963	342.361823	6479.84113	32531.8625	0.555167378	2.79716189e+13
7.46e-09	-1190.97365	1436.80501	6735.48771	33442.5019	0.555675427	2.79743724e+13
7.47e-09	-2490.76691	606.096796	8290.59943	34815.9697	0.555654198	2.79773442e+13
7.48e-09	-2657.12743	-963.237554	6248.48947	34298.3969	0.555363121	2.79795842e+13
7.49e-09	-1455.54246	-2015.04607	5420.61714	35429.1957	0.555251927	2.79813356e+13
7.5e-09	-2172.45977	-2807.95858	4783.36586	34617.8436	0.554942103	2.79825144e+13
7.51e-09	677.926226	-745.262473	3251.94698	36224.4492	0.554709825	2.79831692e+13
7.52e-09	974.310743	-522.088109	2676.81719	36390.8799	0.554232926	2.79830606e+13
7.53e-09	1437.78523	-2553.34157	1780.69759	37556.5007	0.553721887	2.79820627e+13
7.54e-09	1840.69701	-2232.20917	439.548409	37362.4609	0.553206077	2.79801411e+13
7.55e-09	2033.88777	-1833.53061	1042.87502	36574.7585	0.552752387	2.79773853e+13
7.56e-09	3197.44819	-468.00591	1801.3034	36853.5847	0.552473834	2.79743197e+13
7.57e-09	2962.37003	-728.442957	3694.8089	36455.6676	0.552204325	2.79709883e+13
7.58e-09	2000.09263	178.396984	5245.74696	35978.0479	0.552302953	2.79677378e+13
7.59e-09	2768.19937	-155.912946	4937.38793	35780.516	0.552343644	2.79649447e+13
7.6e-09	2804.92602	-90.0841192	2461.45688	33697.0363	0.552619681	2.79625998e+13
7.61e-09	2038.33389	-1798.88601	3689.4484	33835.3819	0.553491154	2.79615876e+13
7.62e-09	2378.29567	-1197.81929	3798.50538	33436.3522	0.554237569	2.79622532e+13
7.63e-09	2688.96824	-482.358112	3056.75415	34527.483	0.554735147	2.79640973e+13
7.64e-09	844.829633	-1147.67946	3449.18549	35010.5632	0.554753703	2.79662136e+13
7.65e-09	-101.942706	677.632481	5314.81347	35272.433	0.554509594	2.79679597e+13
7.66e-09	584.311339	44.8644991	5081.45185	33525.8367	0.554441772	2.79691685e+13
7.67e-09	795.661143	393.384099	4318.56061	33427.2845	0.555061948	2.79707386e+13
7.68e-09	717.313403	-1741.65275	4709.54325	33833.5367	0.555382445	2.79731816e+13
7.69e-09	-430.81712	-2228.76227	5281.92252	35421.124	0.555449288	2.79758289e+13
7.7e-09	-1496.09668	-3573.69251	7469.62535	34704.8941	0.555249218	2.79779454e+13
7.71e-09	-1178.74256	-3208.38095	8674.78854	35497.6104	0.554963857	2.79794294e+13
7.72e-09	-2736.32602	-2899.46657	7514.03464	35831.7318	0.554370988	2.7979968e+13
7.73e-09	-1744.3049	-2014.57406	6769.04235	37153.8941	0.553697445	2.79793337e+13
7.74e-09	-2132.94655	-2011.78361	8570.5674	36343.0587	0.552877212	2.79772923e+13
7.75e-09	-1059.47556	-2072.47768	7616.33238	36510.5529	0.55239789	2.79741735e+13
7.76e-09	-940.345056	-3120.94011	8077.67377	34897.278	0.552252995	2.79707102e+13
7.77e-09	-973.529796	-2390.64574	8952.49893	34742.059	0.552268417	2.79675786e+13
7.78e-09	-782.863544	-620.128882	8993.36642	33364.4621	0.552665543	2.7964991e+13
7.79e-09	511.206204	-2402.12186	9239.467	33253.5953	0.553145795	2.79635969e+13
7.8e-09	-195.171899	-1559.76215	10118.4902	32610.9356	0.55362834	2.79631669e+13
7.81e-09	559.967039	-1112.53123	9428.46016	34494.6453	0.553920836	2.79636776e+13
7.82e-09	1767.37518	-1243.37681	8112.87637	34765.874	0.5537429	2.79641601e+13
7.83e-09	2279.62036	-2410.3836	8911.48349	35880.9597	0.553701855	2.79644611e+13
7.84e-09	3179.46873	-2031.64654	9462.99304	35465.9925	0.553411212	2.7964308e+13
7.85e-09	1445.68318	-3251.63906	9855.93369	34878.7845	0.55303248	2.79635616e+13
7.86e-09	2318.62035	-5348.48671	10644.1195	34145.3912	0.553108685	2.79625235e+13
7.87e-09	1277.00997	-4000.68341	9804.25244	35986.9346	0.552787511	2.79615175e+13
7.88e-09	495.770115	-2436.86625	10071.497	35711.6849	0.552531455	2.79599417e+13
7.89e-09	-775.791018	-2600.23866	9039.56305	34241.1861	0.552709898	2.7958333e+13
7.9e-09	-2845.70441	-2683.11917	8022.487	34953.6889	0.552805009	2.79572847e+13
7.91e-09	-3410.98911	-2425.37408	8519.55515	35480.2766	0.552820581	2.79564206e+13
7.92e-09	-484.813485	-2705.97052	8782.80811	35838.7426	0.552741711	2.79555504e+13
7.93e-09	-2198.97602	-1223.85437	8554.3485	35708.3289	0.552265657	2.79543114e+13
7.94e-09	-127.78941	755.101196	8194.84108	36949.0093	0.55191202	2.79524e+13
7.95e-09	656.672902	2382.03846	7432.6967	35983.6609	0.551672766	2.79499888e+13
7.96e-09	-654.985972	1790.16346	6910.20013	35737.8131	0.551723819	2.79476691e+13
7.97e-09	-847.991016	1385.32292	6306.23154	35227.5537	0.552023267	2.79458727e+13
7.98e-09	406.361114	835.513735	4432.19175	35766.8141	0.552218807	2.79447928e+13
7.99e-09	601.947657	1837.70087	2676.17275	36341.1201	0.552146113	2.79439775e+13
8e-09	2694.41399	1589.40798	2075.45213	35131.9194	0.552414715	2.79432679e+13
8.01e-09	3482.15063	1852.09705	2122.50181	34700.3961	0.553025696	2.79434753e+13
8.02e-09	2882.87608	3148.12072	13.6414428	34242.4779	0.553445153	2.79446633e+13
8.03e-09	758.918541	2795.30924	323.840946	33531.9772	0.554054539	2.79465966e+13
8.04e-09	847.600859	863.810207	-1048.20108	33621.6816	0.554871655	2.79497198e+13
8.05e-09	517.333834	650.814212	382.036525	33883.7382	0.555242225	2.79538069e+13
8.06e-09	-487.517151	1881.98996	338.834204	35362.0842	0.555599236	2.79582032e+13
8.07e-09	-1045.44473	2747.57403	2675.79226	37050.2959	0.555107178	2.79621392e+13
8.08e-09	-1009.23101	3177.08777	3244.20147	38375.2373	0.554328533	2.79644514e+13
8.09e-09	640.240012	3123.3375	1157.77393	38777.8783	0.553261104	2.79647878e+13
8.1e-09	576.308731	3615.30039	2229.6142	37706.4896	0.552225202	2.79630947e+13
8.11e-09	73.6862095	1587.49339	2157.9589	36359.8542	0.552032406	2.79603179e+13
8.12e-09	1307.02382	-1558.60902	3820.45421	36247.1588	0.551987384	2.79576794e+13
8.13e-09	1500.69965	-351.233769	4244.68154	36691.4713	0.551918919	2.79551529e+13
8.14e-09	442.457293	2059.72079	3998.43388	36424.6453	0.55200354	2.79528241e+13
8.15e-09	-706.803318	-211.388246	4780.49819	38684.5766	0.551696893	2.79507326e+13
8.16e-09	-1263.60732	-1588.22402	5988.17918	37896.3874	0.550993163	2.79476546e+13
8.17e-09	-828.428739	-1011.67982	5767.92603	38393.0143	0.550440893	2.79438064e+13
8.18e-09	-183.489187	-2626.76146	6390.97361	35410.8798	0.550353526	2.79395059e+13
8.19e-09	-420.291483	-2202.01075	5994.6835	37059.4155	0.550602893	2.79359749e+13
8.2e-09	613.622239	-1436.92148	4937.27182	37534.423	0.550496347	2.79328629e+13
8.21e-09	344.471261	-540.743976	5730.30098	36570.3331	0.550274483	2.79297129e+13
8.22e-09	-1474.72324	1167.17422	7702.78857	36739.2544	0.550278519	2.79267168e+13
8.23e-09	-1904.62851	2284.98983	6869.65809	35699.809	0.5506609	2.79241594e+13
8.24e-09	-2264.58035	1917.12591	5925.89349	34815.9279	0.551180508	2.79227101e+13
8.25e-09	-2355.11476	2265.73371	5061.31896	33247.9436	0.551853836	2.79225299e+13
8.26e-09	-2204.12535	2420.60557	5971.42313	34261.6115	0.552642038	2.79238509e+13
8.27e-09	-1696.7038	1988.14151	6247.43867	33033.3283	0.553193415	2.79262023e+13
8.28e-09	-2850.90965	501.313114	5034.42902	35022.1648	0.553663503	2.79294731e+13
8.29e-09	-2099.89835	-1043.82595	5909.71568	35279.7026	0.553645356	2.79327585e+13
8.3e-09	-416.751323	313.254097	5677.13695	34934.2296	0.55363006	2.79356635e+13
8.31e-09	498.866991	-804.427091	4733.67673	35217.2109	0.553492427	2.7938234e+13
8.32e-09	-1060.21114	-1390.16048	4871.11803	36536.9619	0.55328504	2.79402981e+13
8.33e-09	-923.31875	-838.588322	4744.20194	37653.5662	0.552737337	2.79414201e+13
8.34e-09	-2130.48257	-782.753811	3350.14282	36997.5396	0.552440149	2.79415357e+13
8.35e-09	-2612.74197	-379.156286	2069.23209	35658.0493	0.552326236	2.79412495e+13
8.36e-09	-3213.19749	512.85664	1131.26777	36877.7725	0.552445639	2.79411314e+13
8.37e-09	-1227.96702	2623.32526	1046.92347	36676.7351	0.552315194	2.79409469e+13
8.38e-09	6.68157879	1857.05261	2086.8885	35015.7706	0.552411981	2.79406695e+13
8.39e-09	942.351688	1453.45156	4544.88201	35300.2675	0.552901339	2.7941034e+13
8.4e-09	222.392893	1734.62031	3861.03628	34598.4142	0.55314671	2.7942006e+13
8.41e-09	163.525315	525.716892	5331.83319	33139.5077	0.553768695	2.79436822e+13
8.42e-09	349.230748	1967.58123	5365.26897	34233.6774	0.554299158	2.79464018e+13
8.43e-09	67.2402546	1190.11828	6602.6772	32612.6976	0.554836097	2.79497046e+13
8.44e-09	-1525.81674	1127.82643	5574.89354	33996.2482	0.555218893	2.79537438e+13
8.45e-09	-3532.33188	1592.92613	5587.81135	35449.3286	0.555258513	2.79578445e+13
8.46e-09	-2408.87741	-427.621381	4608.06295	37013.4561	0.554409937	2.79608578e+13
8.47e-09	-2135.43537	735.409328	2720.36548	35355.3705	0.554072621	2.79622205e+13
8.48e-09	-1236.33632	160.616928	3258.6007	34460.0004	0.554167492	2.79632659e+13
8.49e-09	-1226.88931	662.027374	5216.97564	35312.4178	0.55443678	2.79646353e+13
8.5e-09	-831.513292	1046.06954	5558.81653	35490.3803	0.554308706	2.79660076e+13
8.51e-09	-2393.47866	1461.46543	5185.41811	35678.0137	0.554098199	2.79669501e+13
8.52e-09	-2264.25571	1202.64098	7038.82347	34699.3765	0.55404121	2.79674942e+13
8.53e-09	-1059.43694	917.686687	6821.68954	35677.3939	0.553926897	2.79679324e+13
8.54e-09	-2124.48228	1208.20606	7427.06926	36272.5436	0.553680351	2.7967953e+13
8.55e-09	-857.346311	257.592284	7717.11265	37234.5111	0.553017307	2.79671552e+13
8.56e-09	-535.384089	893.681424	6402.30803	34913.3214	0.552721344	2.79653433e+13
8.57e-09	-1340.06927	1478.62724	8910.17249	35848.805	0.552716928	2.79635952e+13
8.58e-09	-883.37998	1810.06319	9088.86673	33235.4557	0.552759359	2.79619118e+13
8.59e-09	-3488.30231	1549.87574	8295.12635	32151.2641	0.553427746	2.7961067e+13
8.6e-09	-4053.21637	1838.25007	7993.41519	33999.3246	0.554095882	2.79616441e+13
8.61e-09	-84.0198913	2351.75732	9463.09002	35057.9377	0.554086836	2.79628356e+13
8.62e-09	256.487258	2281.00343	8883.70009	34454.4338	0.553818785	2.79635442e+13
8.63e-09	-52.6095995	1297.51243	7501.48896	35371.914	0.553720773	2.79639438e+13
8.64e-09	-784.077944	1029.45542	9234.39988	34666.0448	0.553732091	2.7964098e+13
8.65e-09	138.822303	1111.42546	8763.01773	34991.748	0.553744113	2.79642884e+13
8.66e-09	344.059471	-790.300758	8279.30822	32982.9769	0.553870838	2.79644796e+13
8.67e-09	1163.28443	-1737.66034	8629.84335	33283.2308	0.554248993	2.79652932e+13
8.68e-09	2585.92561	63.3396883	8298.92738	34199.7675	0.554230835	2.79664029e+13
8.69e-09	2601.90085	1723.78071	6579.65202	33924.8892	0.554449822	2.79674925e+13
8.7e-09	1581.2657	1145.75279	7985.52924	33784.4675	0.554631968	2.79688725e+13
8.71e-09	2961.39189	2018.31212	7837.84836	33145.4179	0.554911325	2.79705732e+13
8.72e-09	2214.54846	-622.01172	8005.01396	34820.4106	0.555052661	2.79726005e+13
8.73e-09	1277.89063	-2307.30257	9357.68532	34485.0715	0.554933875	2.79744192e+13
8.74e-09	765.544603	-981.944165	9666.405	35697.825	0.554426334	2.79755207e+13
8.75e-09	480.140162	-187.894439	11142.6372	37699.1972	0.553347189	2.79750999e+13
8.76e-09	1409.8005	-153.257038	11018.3196	37322.4918	0.552243571	2.79725716e+13
8.77e-09	1116.22191	-1497.86793	8971.80089	35794.1105	0.551695286	2.79685919e+13
8.78e-09	981.996233	-75.5552694	9418.30905	35422.7116	0.55174008	2.79645709e+13
8.79e-09	1694.0111	-844.750133	8249.91043	35980.7381	0.551651028	2.79608992e+13
8.8e-09	1365.04111	-408.81449	7785.57796	34852.1601	0.55149956	2.79573786e+13
8.81e-09	-341.273587	-72.2999417	5851.22644	34835.5756	0.551981403	2.79544247e+13
8.82e-09	-945.594477	-1964.95989	4417.43262	33581.9175	0.552754588	2.79528853e+13
8.83e-09	215.24112	-531.096962	3942.31914	34141.7304	0.553563039	2.79530543e+13
8.84e-09	-303.51031	-221.804289	1765.15844	34838.2645	0.554017917	2.79544051e+13
8.85e-09	-227.263365	1976.97774	1615.41131	34532.0398	0.554221549	2.79562398e+13
8.86e-09	-1006.02751	1316.85672	1641.5401	35688.28	0.554274217	2.79581978e+13
8.87e-09	-2061.68366	-4.89567765	560.319618	34887.3262	0.554349497	2.79600089e+13
8.88e-09	-1249.36771	158.55653	935.333616	33947.1628	0.554706383	2.79620367e+13
8.89e-09	-1937.64697	-555.07809	-568.080155	33578.9833	0.555334729	2.79648417e+13
8.9e-09	-1719.71881	-819.177927	-643.899267	34803.9921	0.555685436	2.79683822e+13
8.91e-09	-2686.55523	93.9580913	-605.932437	35061.8112	0.555802659	2.79719586e+13
8.92e-09	-998.889944	1362.24535	585.368203	34220.9763	0.555834848	2.79752997e+13
8.93e-09	-715.842908	-740.016695	2875.36399	37305.149	0.555545051	2.79783491e+13
8.94e-09	-761.067003	-81.264411	4300.0381	36883.4161	0.554686889	2.79798298e+13
8.95e-09	-85.3469562	947.593987	3022.04125	36115.5353	0.554271377	2.79799443e+13
8.96e-09	-1186.40714	2846.51867	2557.44013	37621.2695	0.553847364	2.79793772e+13
8.97e-09	142.904728	1939.02283	2632.46489	38413.0892	0.553020034	2.79776816e+13
8.98e-09	-311.490025	1869.32717	3643.01665	38699.8697	0.552117989	2.797447e+13
8.99e-09	-1401.94578	1786.9757	4775.45738	38190.9563	0.551208159	2.7969846e+13
9e-09	-1847.3761	1463.31545	4317.89427	37310.1097	0.550868567	2.79644102e+13
9.01e-09	-2033.65064	-75.7871816	7009.40222	36466.0145	0.550712458	2.79590062e+13
9.02e-09	-1100.61105	16.5462951	6233.4855	36495.0179	0.550829397	2.79541029e+13
9.03e-09	-1477.02017	-378.692659	6617.97774	36660.9357	0.55095447	2.79499304e+13
9.04e-09	-1346.51823	-105.198647	6970.74206	36029.9673	0.550898683	2.79462351e+13
9.05e-09	138.528844	-228.457579	5611.18159	34332.0786	0.551174696	2.79429601e+13
9.06e-09	1685.22999	-29.9755231	7496.01196	34681.2405	0.551840472	2.79409961e+13
9.07e-09	338.890619	1090.90195	6417.5379	33510.7731	0.5525491	2.79403432e+13
9.08e-09	1843.12856	1208.42124	6463.11984	34137.5942	0.553163782	2.79411558e+13
9.09e-09	2651.38303	1319.86421	5089.56194	35360.0507	0.553503207	2.79428e+13
9.1e-09	2235.25768	1290.39284	5319.93951	36419.8491	0.553129859	2.79443382e+13
9.11e-09	2820.42015	2812.90264	5474.8446	37426.3453	0.552501144	2.79447632e+13
9.12e-09	3754.47372	3513.90274	4114.87386	36575.3615	0.552122103	2.79441117e+13
9.13e-09	4108.22496	1669.97015	3282.19443	36997.3732	0.551850023	2.79429772e+13
9.14e-09	3668.39059	1951.5099	2122.14531	36952.9744	0.551413056	2.7941242e+13
9.15e-09	2950.29549	1074.87578	3637.22772	35551.6124	0.551336725	2.79391403e+13
9.16e-09	1778.89695	1567.31386	3162.0216	35855.8729	0.551674346	2.79374862e+13
9.17e-09	1440.66641	2128.64067	1981.39253	35639.8575	0.552057644	2.79366452e+13
9.18e-09	642.822667	2180.46744	2204.24995	35910.565	0.552195506	2.79364703e+13
9.19e-09	391.275544	3219.39707	1663.69171	35523.2353	0.55224391	2.79364158e+13
9.2e-09	264.164218	2527.2813	2008.31563	34153.2134	0.552760551	2.79368226e+13
9.21e-09	-374.093193	4786.48351	2948.13772	35754.8796	0.55308987	2.79381685e+13
9.22e-09	679.761021	5217.59446	4307.53685	34757.5637	0.553273916	2.79396917e+13
9.23e-09	1460.14811	3050.07662	3476.06843	33616.4465	0.553714175	2.79416957e+13
9.24e-09	1399.41434	2249.91678	3606.34344	34021.4733	0.554190312	2.79444579e+13
9.25e-09	767.182521	1369.0187	3269.24096	34290.3045	0.554590718	2.79477021e+13
9.26e-09	1319.42098	185.576999	5145.39019	36015.5867	0.554387323	2.79510216e+13
9.27e-09	2751.47145	514.430757	5512.0261	34904.9233	0.554248739	2.79534594e+13
9.28e-09	1739.81198	-129.7915	5235.32719	35679.3078	0.554200767	2.79556197e+13
9.29e-09	1100.93057	541.458241	3800.94624	36322.4293	0.553977457	2.7957371e+13
9.3e-09	2770.00972	-1077.46806	4941.67134	36043.3226	0.553850019	2.79585544e+13
9.31e-09	1650.22708	-2210.72859	4171.20294	36819.8735	0.553665666	2.79593352e+13
9.32e-09	585.768419	-3771.85958	2959.93292	37303.304	0.553142197	2.79594667e+13
9.33e-09	-1183.1102	-1328.14056	3674.77128	35806.0734	0.552891662	2.79586804e+13
9.34e-09	-1363.71085	967.413482	5943.5432	37913.8806	0.552518662	2.79576093e+13
9.35e-09	183.266835	1786.55781	5033.34392	37128.4041	0.551981042	2.79556057e+13
9.36e-09	232.296558	2341.97642	6367.13561	39124.9788	0.551384354	2.79529052e+13
9.37e-09	-782.438923	3075.23049	7511.90739	37552.6505	0.55070105	2.79490863e+13
9.38e-09	-473.774777	2616.35709	8757.30636	36291.6738	0.550425111	2.79447367e+13
9.39e-09	-120.886927	3820.64113	10428.6682	34616.6977	0.550613513	2.79406726e+13
9.4e-09	1502.61137	4508.23273	11142.6391	33217.7123	0.551028776	2.79375685e+13
9.41e-09	20.8608706	3683.07905	12275.5716	33114.3292	0.551505558	2.79356276e+13
9.42e-09	244.273481	3410.87286	11556.3587	31394.9437	0.551961136	2.79347156e+13
9.43e-09	51.2103066	1281.54207	11017.1506	32732.5913	0.552852487	2.79352135e+13
9.44e-09	-1198.69815	3411.21168	9456.55487	32872.2259	0.553434484	2.79369782e+13
9.45e-09	-1609.4589	1821.57159	10984.8584	32785.2723	0.554062103	2.79397246e+13
9.46e-09	-1762.88452	964.242616	10087.0458	34319.8132	0.554302473	2.79431341e+13
9.47e-09	-2592.54637	1442.2675	10466.3973	33893.1763	0.554209448	2.79462827e+13
9.48e-09	-2657.70797	2391.3471	8882.98748	33674.9927	0.554158971	2.79490367e+13
9.49e-09	-271.880468	2650.38859	9545.049	35035.2564	0.554188767	2.79515517e+13
9.5e-09	-76.9363808	1075.03745	9206.75427	33545.3599	0.554207528	2.79536932e+13
9.51e-09	-602.606501	673.904988	11219.4163	33878.7346	0.554349614	2.79559904e+13
9.52e-09	365.37592	-385.926479	9411.88554	35651.2505	0.55425324	2.79580929e+13
9.53e-09	-1290.339	-1682.81266	10348.7137	34881.369	0.553706671	2.79593518e+13
9.54e-09	-1226.00966	-1777.11116	11960.2593	34293.8738	0.553460092	2.79597066e+13
9.55e-09	-904.873728	-1740.42018	11303.0663	34832.9509	0.553187007	2.79595967e+13
9.56e-09	-186.059692	-4009.77002	11458.8726	37507.4472	0.552601314	2.7958827e+13
9.57e-09	538.411533	-4359.09313	9910.06893	36893.4816	0.551615203	2.79564804e+13
9.58e-09	-230.643283	-3483.58641	9161.47659	36337.7398	0.551430134	2.79531966e+13
9.59e-09	-1377.68786	-2466.08384	10795.9222	36603.5223	0.551128942	2.79499019e+13
9.6e-09	-603.115436	-1204.32077	9250.44936	36935.0506	0.550744149	2.79462436e+13
9.61e-09	137.063593	-470.074582	8631.80346	34150.2224	0.550865128	2.79424429e+13
9.62e-09	1265.06694	817.093992	7779.39463	32754.6159	0.551444037	2.79397393e+13
9.63e-09	608.659167	1059.5168	8963.01101	33199.2863	0.552311613	2.79387452e+13
9.64e-09	161.236266	3219.53838	6691.70969	33556.7282	0.552991651	2.79393125e+13
9.65e-09	801.309036	4446.95317	6868.53978	35010.726	0.553487518	2.7940966e+13
9.66e-09	1302.62427	4547.7571	6687.4687	33046.9869	0.55380588	2.79430377e+13
9.67e-09	1980.02406	3855.39365	5130.49668	33494.2585	0.554416258	2.79458724e+13
9.68e-09	2211.15939	4190.28762	4458.80368	33821.8001	0.554791529	2.79494118e+13
9.69e-09	2374.27375	3621.02605	2212.54398	33418.3341	0.555305653	2.79533917e+13
9.7e-09	1034.98581	1566.1612	2589.88578	35159.04	0.555487846	2.79577928e+13
9.71e-09	984.251869	431.311228	2225.70872	33910.173	0.555498536	2.79618382e+13
9.72e-09	-422.051324	94.9943249	1721.2898	33899.0624	0.555954166	2.79659738e+13
9.73e-09	-2291.44823	356.531802	1024.13414	35651.7376	0.555907345	2.7970187e+13
9.74e-09	-1739.26384	2302.74935	1583.10051	36369.8051	0.555557244	2.79736727e+13
9.75e-09	-2552.93237	647.576732	1953.63174	37121.9182	0.555044809	2.79759753e+13
9.76e-09	-3070.30605	455.793653	3443.71741	36334.5758	0.554316229	2.79768479e+13
9.77e-09	-3158.609	612.356279	4834.66215	36884.7352	0.553930294	2.79766253e+13
9.78e-09	-2540.87792	1111.48184	5141.17813	36301.6032	0.553401242	2.79754868e+13
9.79e-09	-2894.46629	1388.20458	6064.74323	35476.9627	0.553214536	2.79737545e+13
9.8e-09	-3220.33401	1090.9886	6446.06385	34743.8254	0.553315882	2.79721804e+13
9.81e-09	-3128.33889	1420.94655	8035.11814	35663.0391	0.553456208	2.79710316e+13
9.82e-09	-3463.02733	1318.19578	8200.91772	34412.5192	0.553394923	2.7969945e+13
9.83e-09	-2960.30655	1611.85071	8700.31531	35340.6788	0.553332526	2.79690087e+13
9.84e-09	-3245.28162	995.406921	7859.84601	35496.3685	0.553070797	2.79677503e+13
9.85e-09	-1175.0991	933.550898	8645.61086	35513.4425	0.552663335	2.79661118e+13
9.86e-09	-3943.47485	419.023499	8325.73536	35265.1483	0.552413974	2.79638913e+13
9.87e-09	-3780.3272	-1033.81615	8877.95785	32628.1345	0.552781894	2.79618365e+13
9.88e-09	-3243.83015	-1313.58634	9667.95163	32109.4016	0.553487543	2.79610841e+13
9.89e-09	-831.387489	-962.512412	11221.0789	32160.8555	0.554154443	2.79617394e+13
9.9e-09	126.452348	-1269.70255	11108.5319	32430.9232	0.554705111	2.7963431e+13
9.91e-09	835.33625	-1465.54146	9696.35873	33850.9781	0.555023086	2.79658194e+13
9.92e-09	1250.99669	-1870.5745	9793.66686	34298.7591	0.554720853	2.7968086e+13
9.93e-09	2827.66461	-946.197741	8910.79864	33782.3919	0.554576729	2.7969635e+13
9.94e-09	3273.13163	-985.765996	8121.84567	35550.0182	0.554339861	2.7970854e+13
9.95e-09	2720.961	311.051465	7734.45791	36488.5903	0.553789662	2.79711589e+13
9.96e-09	1462.22415	919.571685	7913.77449	35539.47	0.553436425	2.79704432e+13
9.97e-09	1377.04395	-701.798262	7059.31696	34499.1233	0.553316564	2.79693048e+13
9.98e-09	871.541282	-803.567974	4623.46028	34759.8779	0.553604862	2.79684548e+13
9.99e-09	1303.21618	-1537.74491	4025.69572	35580.9897	0.553629152	2.79681057e+13
1e-08	530.188944	399.761391	4683.71796	34739.6618	0.553679153	2.79677576e+13
