# Frequency [GHz] 	Fouriercomponent
-4.99967	 0.00140401
-4.99633	 0.00172124
-4.993	 0.00192665
-4.98967	 0.00159523
-4.98633	 0.00190204
-4.983	 0.0014909
-4.97967	 0.00186044
-4.97633	 0.00206167
-4.973	 0.00167276
-4.96967	 0.0018487
-4.96634	 0.00204795
-4.963	 0.00186951
-4.95967	 0.00173248
-4.95634	 0.00226555
-4.953	 0.00162664
-4.94967	 0.0017367
-4.94634	 0.00210459
-4.943	 0.00203528
-4.93967	 0.001495
-4.93634	 0.00224126
-4.933	 0.00290377
-4.92967	 0.00247424
-4.92634	 0.00199749
-4.92301	 0.0019961
-4.91967	 0.00195855
-4.91634	 0.0025326
-4.91301	 0.00229055
-4.90967	 0.00214695
-4.90634	 0.00211563
-4.90301	 0.00233868
-4.89967	 0.00188146
-4.89634	 0.00252313
-4.89301	 0.00177485
-4.88967	 0.00294317
-4.88634	 0.00246586
-4.88301	 0.00224384
-4.87967	 0.003154
-4.87634	 0.00275176
-4.87301	 0.00288983
-4.86968	 0.00152331
-4.86634	 0.00297824
-4.86301	 0.00287284
-4.85968	 0.0021678
-4.85634	 0.0028942
-4.85301	 0.00196981
-4.84968	 0.00332045
-4.84634	 0.00254138
-4.84301	 0.00249988
-4.83968	 0.00206843
-4.83634	 0.00298181
-4.83301	 0.00275274
-4.82968	 0.0029407
-4.82634	 0.00308837
-4.82301	 0.00213627
-4.81968	 0.00218515
-4.81635	 0.00251445
-4.81301	 0.0022667
-4.80968	 0.00293953
-4.80635	 0.00211961
-4.80301	 0.00200749
-4.79968	 0.00237599
-4.79635	 0.00278566
-4.79301	 0.00180484
-4.78968	 0.00176261
-4.78635	 0.00209375
-4.78301	 0.00279095
-4.77968	 0.00240856
-4.77635	 0.00223819
-4.77302	 0.00169779
-4.76968	 0.0023801
-4.76635	 0.00161184
-4.76302	 0.00252521
-4.75968	 0.00286834
-4.75635	 0.00235258
-4.75302	 0.00288149
-4.74968	 0.00307398
-4.74635	 0.00225182
-4.74302	 0.00172677
-4.73968	 0.00199173
-4.73635	 0.00282288
-4.73302	 0.0016381
-4.72968	 0.00253898
-4.72635	 0.0024431
-4.72302	 0.0013048
-4.71969	 0.00167864
-4.71635	 0.00194439
-4.71302	 0.00205571
-4.70969	 0.0016476
-4.70635	 0.00190508
-4.70302	 0.00187687
-4.69969	 0.00155114
-4.69635	 0.00169757
-4.69302	 0.00242459
-4.68969	 0.00137466
-4.68635	 0.0016754
-4.68302	 0.00186989
-4.67969	 0.00150622
-4.67635	 0.00157517
-4.67302	 0.00205153
-4.66969	 0.00157614
-4.66636	 0.00180458
-4.66302	 0.00168849
-4.65969	 0.00158114
-4.65636	 0.00135985
-4.65302	 0.00179795
-4.64969	 0.00197467
-4.64636	 0.00135139
-4.64302	 0.00157355
-4.63969	 0.00149963
-4.63636	 0.00132305
-4.63302	 0.00112152
-4.62969	 0.00107978
-4.62636	 0.00122389
-4.62303	 0.00142092
-4.61969	 0.00147297
-4.61636	 0.00125012
-4.61303	 0.00122532
-4.60969	 0.00113038
-4.60636	 0.00157316
-4.60303	 0.00124484
-4.59969	 0.00137885
-4.59636	 0.000930473
-4.59303	 0.00101742
-4.58969	 0.00119147
-4.58636	 0.00138087
-4.58303	 0.000939023
-4.57969	 0.00159618
-4.57636	 0.00116405
-4.57303	 0.0013775
-4.5697	 0.00126057
-4.56636	 0.000928511
-4.56303	 0.00111939
-4.5597	 0.00104395
-4.55636	 0.00141457
-4.55303	 0.00105448
-4.5497	 0.00108659
-4.54636	 0.000774294
-4.54303	 0.00138861
-4.5397	 0.00140445
-4.53636	 0.000985982
-4.53303	 0.00112853
-4.5297	 0.000915365
-4.52636	 0.000987295
-4.52303	 0.00103767
-4.5197	 0.00109123
-4.51637	 0.000875152
-4.51303	 0.0009984
-4.5097	 0.00136773
-4.50637	 0.00111381
-4.50303	 0.000982767
-4.4997	 0.00114838
-4.49637	 0.00134283
-4.49303	 0.00106446
-4.4897	 0.00123344
-4.48637	 0.000872867
-4.48303	 0.0006545
-4.4797	 0.00133613
-4.47637	 0.000888565
-4.47304	 0.000750466
-4.4697	 0.00106025
-4.46637	 0.000978479
-4.46304	 0.000860572
-4.4597	 0.000852637
-4.45637	 0.000868726
-4.45304	 0.000990074
-4.4497	 0.00112624
-4.44637	 0.00092107
-4.44304	 0.000942474
-4.4397	 0.00105983
-4.43637	 0.000730551
-4.43304	 0.000924663
-4.4297	 0.000868289
-4.42637	 0.000900702
-4.42304	 0.000704957
-4.41971	 0.00131745
-4.41637	 0.000961072
-4.41304	 0.00122878
-4.40971	 0.00096096
-4.40637	 0.00103331
-4.40304	 0.000900324
-4.39971	 0.000739116
-4.39637	 0.000946026
-4.39304	 0.000977066
-4.38971	 0.000991372
-4.38637	 0.000841868
-4.38304	 0.000781584
-4.37971	 0.000706175
-4.37637	 0.000807303
-4.37304	 0.000905272
-4.36971	 0.00102791
-4.36638	 0.000958299
-4.36304	 0.000758389
-4.35971	 0.00108765
-4.35638	 0.000852333
-4.35304	 0.000649966
-4.34971	 0.000786545
-4.34638	 0.00089857
-4.34304	 0.00086093
-4.33971	 0.000784929
-4.33638	 0.00109724
-4.33304	 0.0011154
-4.32971	 0.000861479
-4.32638	 0.000854223
-4.32305	 0.000630909
-4.31971	 0.000986428
-4.31638	 0.000707685
-4.31305	 0.000917862
-4.30971	 0.000958695
-4.30638	 0.000874456
-4.30305	 0.000774041
-4.29971	 0.000816326
-4.29638	 0.000871204
-4.29305	 0.000884513
-4.28971	 0.000808384
-4.28638	 0.000847774
-4.28305	 0.000860125
-4.27971	 0.00081129
-4.27638	 0.000813971
-4.27305	 0.000882859
-4.26972	 0.000844562
-4.26638	 0.00099443
-4.26305	 0.000820049
-4.25972	 0.000884604
-4.25638	 0.000907396
-4.25305	 0.000972718
-4.24972	 0.000773277
-4.24638	 0.000736514
-4.24305	 0.000730106
-4.23972	 0.00087159
-4.23638	 0.000809167
-4.23305	 0.000708432
-4.22972	 0.000776858
-4.22638	 0.000716203
-4.22305	 0.00055812
-4.21972	 0.000833927
-4.21639	 0.00101603
-4.21305	 0.00067805
-4.20972	 0.000809005
-4.20639	 0.000661708
-4.20305	 0.000864685
-4.19972	 0.000814918
-4.19639	 0.00094784
-4.19305	 0.000853125
-4.18972	 0.00084669
-4.18639	 0.0010608
-4.18305	 0.00120259
-4.17972	 0.000903082
-4.17639	 0.000869759
-4.17306	 0.00100739
-4.16972	 0.0010479
-4.16639	 0.000712613
-4.16306	 0.000963653
-4.15972	 0.000943252
-4.15639	 0.000789479
-4.15306	 0.000944211
-4.14972	 0.00061825
-4.14639	 0.00113166
-4.14306	 0.000879147
-4.13972	 0.000706864
-4.13639	 0.000998587
-4.13306	 0.00094797
-4.12972	 0.000741209
-4.12639	 0.000931128
-4.12306	 0.000916164
-4.11973	 0.000943538
-4.11639	 0.000726842
-4.11306	 0.000957719
-4.10973	 0.000802835
-4.10639	 0.000993295
-4.10306	 0.000991191
-4.09973	 0.000950089
-4.09639	 0.00103898
-4.09306	 0.000939219
-4.08973	 0.000836086
-4.08639	 0.000667608
-4.08306	 0.000710427
-4.07973	 0.000910162
-4.07639	 0.000782515
-4.07306	 0.00105208
-4.06973	 0.000820177
-4.0664	 0.000934987
-4.06306	 0.000945788
-4.05973	 0.00107151
-4.0564	 0.00122912
-4.05306	 0.0011268
-4.04973	 0.00064869
-4.0464	 0.00112717
-4.04306	 0.000844904
-4.03973	 0.00104463
-4.0364	 0.00103267
-4.03306	 0.000970981
-4.02973	 0.000834118
-4.0264	 0.000996983
-4.02307	 0.0009271
-4.01973	 0.000807557
-4.0164	 0.000900437
-4.01307	 0.00105904
-4.00973	 0.00113583
-4.0064	 0.00132617
-4.00307	 0.000928826
-3.99973	 0.0009705
-3.9964	 0.000924524
-3.99307	 0.000984226
-3.98973	 0.000963164
-3.9864	 0.0011916
-3.98307	 0.00120054
-3.97973	 0.000908981
-3.9764	 0.000933652
-3.97307	 0.00131182
-3.96974	 0.00122955
-3.9664	 0.00130415
-3.96307	 0.00101173
-3.95974	 0.00142658
-3.9564	 0.00104073
-3.95307	 0.00136005
-3.94974	 0.0009372
-3.9464	 0.0011848
-3.94307	 0.00103888
-3.93974	 0.00119708
-3.9364	 0.00120503
-3.93307	 0.00125262
-3.92974	 0.00130677
-3.9264	 0.00108806
-3.92307	 0.00122115
-3.91974	 0.000861627
-3.91641	 0.000955961
-3.91307	 0.00146008
-3.90974	 0.00133861
-3.90641	 0.0014492
-3.90307	 0.00114663
-3.89974	 0.000865682
-3.89641	 0.00106952
-3.89307	 0.00160949
-3.88974	 0.00098128
-3.88641	 0.00103905
-3.88307	 0.00138517
-3.87974	 0.0010896
-3.87641	 0.0011058
-3.87308	 0.00112283
-3.86974	 0.000943445
-3.86641	 0.00141455
-3.86308	 0.00128485
-3.85974	 0.00118848
-3.85641	 0.00159624
-3.85308	 0.0014519
-3.84974	 0.00117689
-3.84641	 0.00188589
-3.84308	 0.00156072
-3.83974	 0.00169876
-3.83641	 0.000984549
-3.83308	 0.0013105
-3.82974	 0.00147585
-3.82641	 0.00152161
-3.82308	 0.00203234
-3.81975	 0.00183466
-3.81641	 0.00162738
-3.81308	 0.00184196
-3.80975	 0.00145844
-3.80641	 0.00144368
-3.80308	 0.00182201
-3.79975	 0.00111552
-3.79641	 0.00177033
-3.79308	 0.0016833
-3.78975	 0.0016748
-3.78641	 0.00168068
-3.78308	 0.00138674
-3.77975	 0.00183703
-3.77641	 0.00192702
-3.77308	 0.00195071
-3.76975	 0.00213655
-3.76642	 0.00222585
-3.76308	 0.0021841
-3.75975	 0.00181292
-3.75642	 0.00156089
-3.75308	 0.00240421
-3.74975	 0.00247144
-3.74642	 0.00249296
-3.74308	 0.00240204
-3.73975	 0.00250706
-3.73642	 0.00281168
-3.73308	 0.00188717
-3.72975	 0.00274103
-3.72642	 0.00212261
-3.72309	 0.00276464
-3.71975	 0.00241569
-3.71642	 0.00246042
-3.71309	 0.00210562
-3.70975	 0.00322759
-3.70642	 0.00290267
-3.70309	 0.00301791
-3.69975	 0.00316774
-3.69642	 0.00281947
-3.69309	 0.00252336
-3.68975	 0.00286801
-3.68642	 0.00194411
-3.68309	 0.00263635
-3.67975	 0.00316611
-3.67642	 0.00247389
-3.67309	 0.0029333
-3.66976	 0.00247919
-3.66642	 0.00274808
-3.66309	 0.00221447
-3.65976	 0.0025018
-3.65642	 0.00392502
-3.65309	 0.00280327
-3.64976	 0.00357509
-3.64642	 0.00321124
-3.64309	 0.00332484
-3.63976	 0.00368572
-3.63642	 0.00271813
-3.63309	 0.00375034
-3.62976	 0.00395849
-3.62642	 0.00417678
-3.62309	 0.00266212
-3.61976	 0.0025906
-3.61643	 0.00418876
-3.61309	 0.0035834
-3.60976	 0.00437743
-3.60643	 0.00318974
-3.60309	 0.00402215
-3.59976	 0.00321996
-3.59643	 0.00416824
-3.59309	 0.00399404
-3.58976	 0.00373945
-3.58643	 0.00339541
-3.58309	 0.00363931
-3.57976	 0.00313482
-3.57643	 0.00385266
-3.5731	 0.00361175
-3.56976	 0.0032174
-3.56643	 0.00301993
-3.5631	 0.00365979
-3.55976	 0.00311049
-3.55643	 0.00296668
-3.5531	 0.00389693
-3.54976	 0.00245427
-3.54643	 0.00392264
-3.5431	 0.00367392
-3.53976	 0.00229047
-3.53643	 0.00273923
-3.5331	 0.00320306
-3.52976	 0.0021712
-3.52643	 0.0024575
-3.5231	 0.00202531
-3.51977	 0.00264042
-3.51643	 0.00254683
-3.5131	 0.00210398
-3.50977	 0.00189126
-3.50643	 0.00265226
-3.5031	 0.00245364
-3.49977	 0.00256586
-3.49643	 0.00256034
-3.4931	 0.00228699
-3.48977	 0.00240525
-3.48643	 0.00180877
-3.4831	 0.0018355
-3.47977	 0.00201085
-3.47643	 0.00269424
-3.4731	 0.00180185
-3.46977	 0.00188694
-3.46644	 0.00192558
-3.4631	 0.00222646
-3.45977	 0.00206798
-3.45644	 0.00163623
-3.4531	 0.0024656
-3.44977	 0.00189719
-3.44644	 0.00140688
-3.4431	 0.00177685
-3.43977	 0.00115746
-3.43644	 0.00156193
-3.4331	 0.00159501
-3.42977	 0.00145021
-3.42644	 0.00142205
-3.42311	 0.00166873
-3.41977	 0.00171289
-3.41644	 0.00151823
-3.41311	 0.0017294
-3.40977	 0.00203331
-3.40644	 0.00134272
-3.40311	 0.00134808
-3.39977	 0.00168029
-3.39644	 0.0010969
-3.39311	 0.00162836
-3.38977	 0.00170911
-3.38644	 0.00131247
-3.38311	 0.00120192
-3.37977	 0.0013278
-3.37644	 0.00174776
-3.37311	 0.00128783
-3.36978	 0.00156006
-3.36644	 0.00148781
-3.36311	 0.00163812
-3.35978	 0.00115772
-3.35644	 0.00143352
-3.35311	 0.00124903
-3.34978	 0.00118494
-3.34644	 0.00170628
-3.34311	 0.00123758
-3.33978	 0.00102851
-3.33644	 0.00121886
-3.33311	 0.000945323
-3.32978	 0.00113502
-3.32644	 0.00130332
-3.32311	 0.000884607
-3.31978	 0.00127994
-3.31645	 0.00104809
-3.31311	 0.00120401
-3.30978	 0.00107162
-3.30645	 0.00103142
-3.30311	 0.00100861
-3.29978	 0.00110427
-3.29645	 0.00110063
-3.29311	 0.00107497
-3.28978	 0.000932375
-3.28645	 0.00105546
-3.28311	 0.00105081
-3.27978	 0.00125079
-3.27645	 0.00135
-3.27312	 0.000898129
-3.26978	 0.00109696
-3.26645	 0.00141082
-3.26312	 0.00100833
-3.25978	 0.000903492
-3.25645	 0.00122672
-3.25312	 0.00106377
-3.24978	 0.000994784
-3.24645	 0.00115992
-3.24312	 0.00113188
-3.23978	 0.000844473
-3.23645	 0.000979348
-3.23312	 0.000888159
-3.22978	 0.00121098
-3.22645	 0.00104716
-3.22312	 0.00102619
-3.21979	 0.000774327
-3.21645	 0.00122511
-3.21312	 0.00111488
-3.20979	 0.000702638
-3.20645	 0.00109886
-3.20312	 0.000754359
-3.19979	 0.00073769
-3.19645	 0.000799984
-3.19312	 0.00104529
-3.18979	 0.00100252
-3.18645	 0.000703412
-3.18312	 0.000878203
-3.17979	 0.000895149
-3.17645	 0.000894734
-3.17312	 0.000950419
-3.16979	 0.00113106
-3.16646	 0.000775679
-3.16312	 0.000889585
-3.15979	 0.000865657
-3.15646	 0.0008818
-3.15312	 0.000827949
-3.14979	 0.000886213
-3.14646	 0.00085385
-3.14312	 0.00104305
-3.13979	 0.00109381
-3.13646	 0.000715967
-3.13312	 0.00101366
-3.12979	 0.00103483
-3.12646	 0.00101582
-3.12313	 0.000867621
-3.11979	 0.000844404
-3.11646	 0.000987395
-3.11313	 0.000966205
-3.10979	 0.000697266
-3.10646	 0.000668619
-3.10313	 0.000892626
-3.09979	 0.000820475
-3.09646	 0.00112709
-3.09313	 0.000722715
-3.08979	 0.000800039
-3.08646	 0.00085892
-3.08313	 0.00103075
-3.07979	 0.000929649
-3.07646	 0.000968255
-3.07313	 0.000814352
-3.0698	 0.00102486
-3.06646	 0.000926917
-3.06313	 0.00072587
-3.0598	 0.000949093
-3.05646	 0.000971813
-3.05313	 0.0009238
-3.0498	 0.00111806
-3.04646	 0.00110786
-3.04313	 0.00106076
-3.0398	 0.000678642
-3.03646	 0.00100862
-3.03313	 0.000881876
-3.0298	 0.00120658
-3.02646	 0.000872019
-3.02313	 0.000793423
-3.0198	 0.000729642
-3.01647	 0.00101003
-3.01313	 0.000914591
-3.0098	 0.00083715
-3.00647	 0.000869998
-3.00313	 0.000779766
-2.9998	 0.000820454
-2.99647	 0.00093091
-2.99313	 0.000859373
-2.9898	 0.00102557
-2.98647	 0.000901022
-2.98313	 0.000919779
-2.9798	 0.00076263
-2.97647	 0.000791609
-2.97314	 0.00095317
-2.9698	 0.000971525
-2.96647	 0.00109301
-2.96314	 0.000742445
-2.9598	 0.000902723
-2.95647	 0.000922906
-2.95314	 0.000892603
-2.9498	 0.000921455
-2.94647	 0.000423563
-2.94314	 0.00107001
-2.9398	 0.00105735
-2.93647	 0.0010194
-2.93314	 0.00106912
-2.9298	 0.000768524
-2.92647	 0.000945325
-2.92314	 0.00107511
-2.91981	 0.00116271
-2.91647	 0.000726762
-2.91314	 0.000906408
-2.90981	 0.000962326
-2.90647	 0.000843597
-2.90314	 0.000707138
-2.89981	 0.000837218
-2.89647	 0.000974388
-2.89314	 0.00113309
-2.88981	 0.000899628
-2.88647	 0.00103313
-2.88314	 0.00076093
-2.87981	 0.000903249
-2.87647	 0.0011091
-2.87314	 0.000912204
-2.86981	 0.000770143
-2.86648	 0.00104249
-2.86314	 0.00121864
-2.85981	 0.000826453
-2.85648	 0.000831122
-2.85314	 0.0010076
-2.84981	 0.000778148
-2.84648	 0.0009503
-2.84314	 0.00122266
-2.83981	 0.00115758
-2.83648	 0.00123452
-2.83314	 0.00126941
-2.82981	 0.00111397
-2.82648	 0.000877746
-2.82315	 0.000800959
-2.81981	 0.00103973
-2.81648	 0.000777742
-2.81315	 0.000972722
-2.80981	 0.000919719
-2.80648	 0.00146076
-2.80315	 0.00138015
-2.79981	 0.00114424
-2.79648	 0.000798953
-2.79315	 0.00133798
-2.78981	 0.000974958
-2.78648	 0.00103694
-2.78315	 0.00108315
-2.77981	 0.00106337
-2.77648	 0.00103796
-2.77315	 0.0011691
-2.76982	 0.00112113
-2.76648	 0.000913126
-2.76315	 0.00172814
-2.75982	 0.000986693
-2.75648	 0.00123116
-2.75315	 0.00132392
-2.74982	 0.00133233
-2.74648	 0.000916346
-2.74315	 0.00126047
-2.73982	 0.000995387
-2.73648	 0.0013316
-2.73315	 0.00108593
-2.72982	 0.00101704
-2.72648	 0.00134397
-2.72315	 0.00103005
-2.71982	 0.000957293
-2.71649	 0.00147449
-2.71315	 0.0012667
-2.70982	 0.00134116
-2.70649	 0.00113926
-2.70315	 0.00122659
-2.69982	 0.00157092
-2.69649	 0.00127796
-2.69315	 0.00105992
-2.68982	 0.00143729
-2.68649	 0.00124573
-2.68315	 0.00123771
-2.67982	 0.00142916
-2.67649	 0.0010949
-2.67316	 0.00130216
-2.66982	 0.00121096
-2.66649	 0.00160702
-2.66316	 0.0011026
-2.65982	 0.00173229
-2.65649	 0.00186157
-2.65316	 0.00122632
-2.64982	 0.00123449
-2.64649	 0.00162351
-2.64316	 0.00117786
-2.63982	 0.00176169
-2.63649	 0.00176982
-2.63316	 0.00187339
-2.62982	 0.00173759
-2.62649	 0.00150042
-2.62316	 0.00158416
-2.61983	 0.00133906
-2.61649	 0.00228444
-2.61316	 0.00157225
-2.60983	 0.001532
-2.60649	 0.00180469
-2.60316	 0.00157931
-2.59983	 0.00146967
-2.59649	 0.0025524
-2.59316	 0.00198203
-2.58983	 0.00231724
-2.58649	 0.00178852
-2.58316	 0.0021143
-2.57983	 0.0026279
-2.57649	 0.00194815
-2.57316	 0.0021098
-2.56983	 0.0014002
-2.5665	 0.0028887
-2.56316	 0.00220058
-2.55983	 0.00190528
-2.5565	 0.00234899
-2.55316	 0.00261674
-2.54983	 0.00257745
-2.5465	 0.00208554
-2.54316	 0.00243149
-2.53983	 0.00270151
-2.5365	 0.00252864
-2.53316	 0.00199659
-2.52983	 0.00161009
-2.5265	 0.00288953
-2.52317	 0.00307217
-2.51983	 0.00254893
-2.5165	 0.00284452
-2.51317	 0.00310049
-2.50983	 0.00229984
-2.5065	 0.00323632
-2.50317	 0.00282726
-2.49983	 0.00298939
-2.4965	 0.00342288
-2.49317	 0.00296718
-2.48983	 0.00387604
-2.4865	 0.00342691
-2.48317	 0.00428695
-2.47983	 0.00289718
-2.4765	 0.00280706
-2.47317	 0.002135
-2.46984	 0.00270158
-2.4665	 0.00328944
-2.46317	 0.00315536
-2.45984	 0.00476991
-2.4565	 0.00341654
-2.45317	 0.00549643
-2.44984	 0.00366068
-2.4465	 0.00381413
-2.44317	 0.00482866
-2.43984	 0.00372779
-2.4365	 0.00449585
-2.43317	 0.00472921
-2.42984	 0.00441701
-2.4265	 0.00417602
-2.42317	 0.00344092
-2.41984	 0.00545531
-2.41651	 0.00353061
-2.41317	 0.00459004
-2.40984	 0.00308851
-2.40651	 0.00558109
-2.40317	 0.00493386
-2.39984	 0.00460229
-2.39651	 0.00549042
-2.39317	 0.00501799
-2.38984	 0.0060108
-2.38651	 0.00603624
-2.38317	 0.00356131
-2.37984	 0.00635712
-2.37651	 0.00722931
-2.37318	 0.00639711
-2.36984	 0.00773061
-2.36651	 0.00574969
-2.36318	 0.00563024
-2.35984	 0.00663891
-2.35651	 0.00556039
-2.35318	 0.00608863
-2.34984	 0.00630792
-2.34651	 0.00600076
-2.34318	 0.00377642
-2.33984	 0.00580233
-2.33651	 0.00375554
-2.33318	 0.00470989
-2.32984	 0.00407905
-2.32651	 0.0031439
-2.32318	 0.00353161
-2.31985	 0.00320451
-2.31651	 0.00350821
-2.31318	 0.00444839
-2.30985	 0.00278579
-2.30651	 0.00258911
-2.30318	 0.00266009
-2.29985	 0.0035074
-2.29651	 0.00274012
-2.29318	 0.00270221
-2.28985	 0.00278275
-2.28651	 0.00227823
-2.28318	 0.00209717
-2.27985	 0.00179996
-2.27651	 0.00228749
-2.27318	 0.00343715
-2.26985	 0.00225869
-2.26652	 0.00274209
-2.26318	 0.00210487
-2.25985	 0.00160298
-2.25652	 0.00306615
-2.25318	 0.00240681
-2.24985	 0.00237948
-2.24652	 0.00144229
-2.24318	 0.00199395
-2.23985	 0.00227712
-2.23652	 0.00163712
-2.23318	 0.00208393
-2.22985	 0.00141335
-2.22652	 0.00150627
-2.22319	 0.00192239
-2.21985	 0.00163639
-2.21652	 0.00141361
-2.21319	 0.00124865
-2.20985	 0.00150405
-2.20652	 0.00198757
-2.20319	 0.00197849
-2.19985	 0.00116465
-2.19652	 0.0019178
-2.19319	 0.00154103
-2.18985	 0.00153261
-2.18652	 0.00136051
-2.18319	 0.00103289
-2.17985	 0.00163635
-2.17652	 0.00205358
-2.17319	 0.00192429
-2.16986	 0.000858697
-2.16652	 0.0017645
-2.16319	 0.00121824
-2.15986	 0.00146989
-2.15652	 0.00175661
-2.15319	 0.00130382
-2.14986	 0.00132011
-2.14652	 0.000971887
-2.14319	 0.00143469
-2.13986	 0.00152617
-2.13652	 0.00103098
-2.13319	 0.00177947
-2.12986	 0.00123885
-2.12652	 0.00111509
-2.12319	 0.00109375
-2.11986	 0.00124788
-2.11653	 0.0013962
-2.11319	 0.00144628
-2.10986	 0.00130988
-2.10653	 0.00168131
-2.10319	 0.0012537
-2.09986	 0.000984111
-2.09653	 0.00145001
-2.09319	 0.00125743
-2.08986	 0.00108184
-2.08653	 0.00109342
-2.08319	 0.00114292
-2.07986	 0.00108306
-2.07653	 0.00105653
-2.0732	 0.000998939
-2.06986	 0.00130057
-2.06653	 0.000866413
-2.0632	 0.00114776
-2.05986	 0.00112309
-2.05653	 0.00112746
-2.0532	 0.00110062
-2.04986	 0.000908297
-2.04653	 0.00137012
-2.0432	 0.00112584
-2.03986	 0.00113197
-2.03653	 0.00118621
-2.0332	 0.00119825
-2.02986	 0.00107038
-2.02653	 0.00117783
-2.0232	 0.00107958
-2.01987	 0.00117456
-2.01653	 0.00118913
-2.0132	 0.00117852
-2.00987	 0.00066844
-2.00653	 0.0012108
-2.0032	 0.00117982
-1.99987	 0.00117086
-1.99653	 0.000715348
-1.9932	 0.00101746
-1.98987	 0.000870597
-1.98653	 0.000768225
-1.9832	 0.00104081
-1.97987	 0.000898212
-1.97653	 0.00106813
-1.9732	 0.00122117
-1.96987	 0.00113248
-1.96654	 0.00103546
-1.9632	 0.00108146
-1.95987	 0.000832051
-1.95654	 0.000941239
-1.9532	 0.000969773
-1.94987	 0.000806627
-1.94654	 0.00106931
-1.9432	 0.00113027
-1.93987	 0.000413492
-1.93654	 0.000965087
-1.9332	 0.000949406
-1.92987	 0.00118293
-1.92654	 0.00111012
-1.92321	 0.00130811
-1.91987	 0.00115946
-1.91654	 0.000878035
-1.91321	 0.00120893
-1.90987	 0.000976634
-1.90654	 0.00104565
-1.90321	 0.000782379
-1.89987	 0.000943174
-1.89654	 0.000943813
-1.89321	 0.00150119
-1.88987	 0.000790748
-1.88654	 0.000878317
-1.88321	 0.000925998
-1.87987	 0.00100477
-1.87654	 0.00126518
-1.87321	 0.00083393
-1.86988	 0.00085981
-1.86654	 0.00116411
-1.86321	 0.000843828
-1.85988	 0.00123028
-1.85654	 0.000903469
-1.85321	 0.000558942
-1.84988	 0.000831752
-1.84654	 0.00125978
-1.84321	 0.00116901
-1.83988	 0.000729173
-1.83654	 0.000815731
-1.83321	 0.000888369
-1.82988	 0.00106121
-1.82654	 0.00107755
-1.82321	 0.00104812
-1.81988	 0.000827721
-1.81655	 0.000788495
-1.81321	 0.000883306
-1.80988	 0.000900563
-1.80655	 0.00107981
-1.80321	 0.00110847
-1.79988	 0.000736441
-1.79655	 0.00100509
-1.79321	 0.000995266
-1.78988	 0.000755921
-1.78655	 0.000729547
-1.78321	 0.000873906
-1.77988	 0.00106494
-1.77655	 0.00121124
-1.77322	 0.000787319
-1.76988	 0.000822157
-1.76655	 0.00103147
-1.76322	 0.000908687
-1.75988	 0.000898364
-1.75655	 0.000746964
-1.75322	 0.000869928
-1.74988	 0.000914076
-1.74655	 0.00119694
-1.74322	 0.000642759
-1.73988	 0.00114076
-1.73655	 0.000825569
-1.73322	 0.000867192
-1.72988	 0.000861225
-1.72655	 0.000955409
-1.72322	 0.000978853
-1.71989	 0.00101676
-1.71655	 0.00074443
-1.71322	 0.00109467
-1.70989	 0.000837445
-1.70655	 0.000891534
-1.70322	 0.000926136
-1.69989	 0.00126034
-1.69655	 0.000936692
-1.69322	 0.000918526
-1.68989	 0.00118804
-1.68655	 0.00101722
-1.68322	 0.00130115
-1.67989	 0.0010218
-1.67655	 0.000958107
-1.67322	 0.000905721
-1.66989	 0.000759578
-1.66656	 0.00103195
-1.66322	 0.000752918
-1.65989	 0.000935293
-1.65656	 0.000880624
-1.65322	 0.00104381
-1.64989	 0.000767762
-1.64656	 0.000694718
-1.64322	 0.000960479
-1.63989	 0.000980578
-1.63656	 0.000898602
-1.63322	 0.00103022
-1.62989	 0.00120539
-1.62656	 0.00120634
-1.62323	 0.0010868
-1.61989	 0.000968943
-1.61656	 0.0014259
-1.61323	 0.00122482
-1.60989	 0.00123401
-1.60656	 0.00123558
-1.60323	 0.00103721
-1.59989	 0.000746282
-1.59656	 0.00101674
-1.59323	 0.000931334
-1.58989	 0.00101151
-1.58656	 0.00136982
-1.58323	 0.00104009
-1.57989	 0.00113528
-1.57656	 0.00128781
-1.57323	 0.000984682
-1.5699	 0.00107048
-1.56656	 0.00133864
-1.56323	 0.000976106
-1.5599	 0.00141137
-1.55656	 0.00112493
-1.55323	 0.00124843
-1.5499	 0.000910056
-1.54656	 0.000858188
-1.54323	 0.000915498
-1.5399	 0.00120108
-1.53656	 0.000969408
-1.53323	 0.00131162
-1.5299	 0.00123631
-1.52656	 0.00134816
-1.52323	 0.00104976
-1.5199	 0.00132507
-1.51657	 0.00148129
-1.51323	 0.00127865
-1.5099	 0.00109295
-1.50657	 0.00196064
-1.50323	 0.00135169
-1.4999	 0.00106496
-1.49657	 0.000951526
-1.49323	 0.000880442
-1.4899	 0.00118398
-1.48657	 0.00129275
-1.48323	 0.00166125
-1.4799	 0.00132923
-1.47657	 0.000871479
-1.47324	 0.00100996
-1.4699	 0.00109094
-1.46657	 0.00132033
-1.46324	 0.000857224
-1.4599	 0.00144838
-1.45657	 0.00106674
-1.45324	 0.00119132
-1.4499	 0.0010712
-1.44657	 0.00139222
-1.44324	 0.0017967
-1.4399	 0.00142609
-1.43657	 0.00149762
-1.43324	 0.00149024
-1.4299	 0.00167834
-1.42657	 0.00188266
-1.42324	 0.00181315
-1.41991	 0.00171383
-1.41657	 0.00164522
-1.41324	 0.00210908
-1.40991	 0.00148177
-1.40657	 0.0015219
-1.40324	 0.00133145
-1.39991	 0.00196828
-1.39657	 0.00222263
-1.39324	 0.00215224
-1.38991	 0.00168268
-1.38657	 0.00213706
-1.38324	 0.00208473
-1.37991	 0.00178098
-1.37657	 0.00130854
-1.37324	 0.00163697
-1.36991	 0.000903951
-1.36658	 0.00218017
-1.36324	 0.00234402
-1.35991	 0.00160676
-1.35658	 0.00265741
-1.35324	 0.00207497
-1.34991	 0.00146828
-1.34658	 0.0020794
-1.34324	 0.0025699
-1.33991	 0.00256457
-1.33658	 0.00250071
-1.33324	 0.00244385
-1.32991	 0.00199579
-1.32658	 0.00229704
-1.32325	 0.00239278
-1.31991	 0.00314209
-1.31658	 0.00293271
-1.31325	 0.00233208
-1.30991	 0.00260407
-1.30658	 0.0027526
-1.30325	 0.00348204
-1.29991	 0.00462613
-1.29658	 0.00418623
-1.29325	 0.00303679
-1.28991	 0.00287901
-1.28658	 0.00465372
-1.28325	 0.00441421
-1.27991	 0.00414603
-1.27658	 0.00403937
-1.27325	 0.00370741
-1.26992	 0.00429965
-1.26658	 0.00390191
-1.26325	 0.00506205
-1.25992	 0.0041316
-1.25658	 0.00410648
-1.25325	 0.00565751
-1.24992	 0.00396119
-1.24658	 0.00442373
-1.24325	 0.0052472
-1.23992	 0.00586018
-1.23658	 0.00357474
-1.23325	 0.0046238
-1.22992	 0.00666974
-1.22658	 0.00638377
-1.22325	 0.00666412
-1.21992	 0.00744617
-1.21659	 0.00732799
-1.21325	 0.00623504
-1.20992	 0.00924031
-1.20659	 0.00867154
-1.20325	 0.00971923
-1.19992	 0.0128114
-1.19659	 0.0161906
-1.19325	 0.0186931
-1.18992	 0.0167035
-1.18659	 0.0208214
-1.18325	 0.0237443
-1.17992	 0.0215403
-1.17659	 0.0127266
-1.17326	 0.0146907
-1.16992	 0.0106712
-1.16659	 0.0137554
-1.16326	 0.00887913
-1.15992	 0.00822536
-1.15659	 0.00812382
-1.15326	 0.00739461
-1.14992	 0.00578101
-1.14659	 0.00699797
-1.14326	 0.00571698
-1.13992	 0.00528408
-1.13659	 0.00493622
-1.13326	 0.00377659
-1.12992	 0.00617215
-1.12659	 0.00458471
-1.12326	 0.00505049
-1.11993	 0.00412347
-1.11659	 0.00425308
-1.11326	 0.00332433
-1.10993	 0.00291262
-1.10659	 0.00341097
-1.10326	 0.00335457
-1.09993	 0.00361414
-1.09659	 0.00276279
-1.09326	 0.00304501
-1.08993	 0.00343546
-1.08659	 0.00196286
-1.08326	 0.00263949
-1.07993	 0.00240692
-1.07659	 0.00286541
-1.07326	 0.00254986
-1.06993	 0.00254519
-1.0666	 0.00218726
-1.06326	 0.00225989
-1.05993	 0.00337887
-1.0566	 0.00229096
-1.05326	 0.0018201
-1.04993	 0.00236275
-1.0466	 0.0020179
-1.04326	 0.00134799
-1.03993	 0.0022349
-1.0366	 0.00178449
-1.03326	 0.00189877
-1.02993	 0.00236006
-1.0266	 0.00195045
-1.02327	 0.00217368
-1.01993	 0.00186195
-1.0166	 0.00196821
-1.01327	 0.00191784
-1.00993	 0.00210877
-1.0066	 0.00128775
-1.00327	 0.0014387
-0.999933	 0.00161503
-0.9966	 0.00186612
-0.993267	 0.0020694
-0.989934	 0.00140411
-0.986601	 0.00182539
-0.983268	 0.00170558
-0.979935	 0.00131335
-0.976602	 0.0013606
-0.973268	 0.00174613
-0.969935	 0.00105691
-0.966602	 0.000954313
-0.963269	 0.00160919
-0.959936	 0.00126143
-0.956603	 0.00147541
-0.95327	 0.00135686
-0.949937	 0.00194069
-0.946604	 0.00228309
-0.94327	 0.00147776
-0.939937	 0.00155282
-0.936604	 0.00102112
-0.933271	 0.00146331
-0.929938	 0.00122699
-0.926605	 0.00140298
-0.923272	 0.00157201
-0.919939	 0.00154386
-0.916606	 0.00108752
-0.913272	 0.0010565
-0.909939	 0.00119371
-0.906606	 0.00148714
-0.903273	 0.000865147
-0.89994	 0.0016031
-0.896607	 0.00124928
-0.893274	 0.00105928
-0.889941	 0.00168038
-0.886608	 0.00128585
-0.883274	 0.00145557
-0.879941	 0.000883442
-0.876608	 0.0012654
-0.873275	 0.001185
-0.869942	 0.00107961
-0.866609	 0.00127216
-0.863276	 0.00120325
-0.859943	 0.0014741
-0.85661	 0.00128076
-0.853276	 0.001043
-0.849943	 0.00140279
-0.84661	 0.00148778
-0.843277	 0.000947701
-0.839944	 0.00123887
-0.836611	 0.000722201
-0.833278	 0.00134404
-0.829945	 0.00107933
-0.826612	 0.00125061
-0.823278	 0.00104217
-0.819945	 0.00151436
-0.816612	 0.00112859
-0.813279	 0.00107972
-0.809946	 0.0009394
-0.806613	 0.000690541
-0.80328	 0.000974837
-0.799947	 0.00075459
-0.796614	 0.000908953
-0.79328	 0.00106407
-0.789947	 0.00136435
-0.786614	 0.00110918
-0.783281	 0.000918977
-0.779948	 0.000810904
-0.776615	 0.000988427
-0.773282	 0.00123101
-0.769949	 0.000562436
-0.766616	 0.000715957
-0.763282	 0.000978123
-0.759949	 0.000781859
-0.756616	 0.000833717
-0.753283	 0.00120547
-0.74995	 0.000485996
-0.746617	 0.00104934
-0.743284	 0.000786853
-0.739951	 0.00108414
-0.736618	 0.000944823
-0.733284	 0.00106974
-0.729951	 0.00100986
-0.726618	 0.000883502
-0.723285	 0.00116569
-0.719952	 0.00114364
-0.716619	 0.00101863
-0.713286	 0.00122742
-0.709953	 0.000926509
-0.70662	 0.00102211
-0.703286	 0.00109601
-0.699953	 0.00114308
-0.69662	 0.0013871
-0.693287	 0.000979049
-0.689954	 0.00115328
-0.686621	 0.000971575
-0.683288	 0.000969344
-0.679955	 0.00103939
-0.676622	 0.00116302
-0.673288	 0.00100509
-0.669955	 0.00108811
-0.666622	 0.00113386
-0.663289	 0.00125823
-0.659956	 0.000874143
-0.656623	 0.00077511
-0.65329	 0.00100638
-0.649957	 0.000993881
-0.646624	 0.0010171
-0.64329	 0.00105347
-0.639957	 0.000734816
-0.636624	 0.00127469
-0.633291	 0.000744482
-0.629958	 0.000736004
-0.626625	 0.000974622
-0.623292	 0.00126827
-0.619959	 0.000906579
-0.616626	 0.00108939
-0.613292	 0.00085658
-0.609959	 0.0009926
-0.606626	 0.00114202
-0.603293	 0.00111519
-0.59996	 0.00115171
-0.596627	 0.000766319
-0.593294	 0.000899143
-0.589961	 0.00126824
-0.586628	 0.00119575
-0.583294	 0.00108626
-0.579961	 0.00101019
-0.576628	 0.0012527
-0.573295	 0.00116734
-0.569962	 0.0010859
-0.566629	 0.00115304
-0.563296	 0.000993866
-0.559963	 0.0011568
-0.55663	 0.000915375
-0.553296	 0.00117987
-0.549963	 0.000907462
-0.54663	 0.00107038
-0.543297	 0.000804263
-0.539964	 0.00127191
-0.536631	 0.00172732
-0.533298	 0.00117413
-0.529965	 0.000819008
-0.526632	 0.000908786
-0.523298	 0.00113351
-0.519965	 0.00127994
-0.516632	 0.0013895
-0.513299	 0.00111504
-0.509966	 0.00127083
-0.506633	 0.000774568
-0.5033	 0.000892862
-0.499967	 0.0010509
-0.496634	 0.00106615
-0.4933	 0.00105404
-0.489967	 0.00119746
-0.486634	 0.00143409
-0.483301	 0.000923888
-0.479968	 0.00111126
-0.476635	 0.000887447
-0.473302	 0.00170043
-0.469969	 0.00139594
-0.466636	 0.00115068
-0.463302	 0.00150011
-0.459969	 0.00098387
-0.456636	 0.000983283
-0.453303	 0.00107505
-0.44997	 0.00136037
-0.446637	 0.00107146
-0.443304	 0.00113806
-0.439971	 0.00102076
-0.436638	 0.000923976
-0.433304	 0.00103131
-0.429971	 0.00119421
-0.426638	 0.00126801
-0.423305	 0.00138377
-0.419972	 0.00123127
-0.416639	 0.00142046
-0.413306	 0.0012037
-0.409973	 0.00142927
-0.40664	 0.0011776
-0.403306	 0.00129108
-0.399973	 0.00131878
-0.39664	 0.00121248
-0.393307	 0.000951945
-0.389974	 0.00149995
-0.386641	 0.000936913
-0.383308	 0.000962717
-0.379975	 0.00118981
-0.376642	 0.0009732
-0.373308	 0.00110194
-0.369975	 0.00148367
-0.366642	 0.00158218
-0.363309	 0.00106541
-0.359976	 0.00170711
-0.356643	 0.0012567
-0.35331	 0.0015489
-0.349977	 0.00141559
-0.346644	 0.0014719
-0.34331	 0.00113691
-0.339977	 0.00134409
-0.336644	 0.00134507
-0.333311	 0.00139761
-0.329978	 0.00146089
-0.326645	 0.00110855
-0.323312	 0.00121906
-0.319979	 0.00145691
-0.316646	 0.00139614
-0.313312	 0.00134788
-0.309979	 0.00139376
-0.306646	 0.00126682
-0.303313	 0.000963901
-0.29998	 0.00145912
-0.296647	 0.00169083
-0.293314	 0.00183116
-0.289981	 0.00178499
-0.286648	 0.00170927
-0.283314	 0.00117761
-0.279981	 0.00171025
-0.276648	 0.00154493
-0.273315	 0.00192003
-0.269982	 0.00166541
-0.266649	 0.00148236
-0.263316	 0.00194824
-0.259983	 0.0015018
-0.25665	 0.00195381
-0.253316	 0.00202142
-0.249983	 0.00141675
-0.24665	 0.00116372
-0.243317	 0.00180252
-0.239984	 0.00154761
-0.236651	 0.00181721
-0.233318	 0.00225836
-0.229985	 0.00205554
-0.226652	 0.0012328
-0.223318	 0.0016928
-0.219985	 0.00198234
-0.216652	 0.00146589
-0.213319	 0.00166144
-0.209986	 0.00218873
-0.206653	 0.00171736
-0.20332	 0.00161732
-0.199987	 0.00198958
-0.196654	 0.00262857
-0.19332	 0.00172509
-0.189987	 0.00170886
-0.186654	 0.00219168
-0.183321	 0.0023949
-0.179988	 0.00231594
-0.176655	 0.00173981
-0.173322	 0.00292556
-0.169989	 0.00230272
-0.166656	 0.00270028
-0.163322	 0.00284098
-0.159989	 0.00203324
-0.156656	 0.00220825
-0.153323	 0.00281691
-0.14999	 0.00308581
-0.146657	 0.0029967
-0.143324	 0.00198545
-0.139991	 0.00285833
-0.136658	 0.0028368
-0.133324	 0.00350214
-0.129991	 0.00259189
-0.126658	 0.00189793
-0.123325	 0.00312246
-0.119992	 0.0040428
-0.116659	 0.00344593
-0.113326	 0.00383753
-0.109993	 0.00406648
-0.10666	 0.00258297
-0.103326	 0.00452463
-0.0999933	 0.00315993
-0.0966602	 0.00434456
-0.0933271	 0.00492171
-0.089994	 0.00479737
-0.0866609	 0.00491348
-0.0833278	 0.0033031
-0.0799947	 0.00470512
-0.0766616	 0.00330663
-0.0733284	 0.00614711
-0.0699953	 0.00685472
-0.0666622	 0.00658396
-0.0633291	 0.00559503
-0.059996	 0.00662545
-0.0566629	 0.00656241
-0.0533298	 0.00700463
-0.0499967	 0.00685231
-0.0466636	 0.00696708
-0.0433304	 0.009812
-0.0399973	 0.00854433
-0.0366642	 0.00957856
-0.0333311	 0.0118781
-0.029998	 0.0126488
-0.0266649	 0.015361
-0.0233318	 0.0210364
-0.0199987	 0.0207319
-0.0166656	 0.0165766
-0.0133324	 0.0274348
-0.00999933	 0.0510165
-0.00666622	 0.0567492
-0.00333311	 2.96426e-05
0	 1
0.00333311	 0.0621621
0.00666622	 0.0606834
0.00999933	 0.0286697
0.0133324	 0.0216973
0.0166656	 0.0201545
0.0199987	 0.0216149
0.0233318	 0.0151541
0.0266649	 0.0123259
0.029998	 0.0105486
0.0333311	 0.00986305
0.0366642	 0.00789259
0.0399973	 0.0088131
0.0433304	 0.00959002
0.0466636	 0.00671514
0.0499967	 0.00715554
0.0533298	 0.00609849
0.0566629	 0.00598323
0.059996	 0.00562395
0.0633291	 0.00679553
0.0666622	 0.00649954
0.0699953	 0.00616648
0.0733284	 0.00259404
0.0766616	 0.00520391
0.0799947	 0.00390072
0.0833278	 0.00455315
0.0866609	 0.00441893
0.089994	 0.00349001
0.0933271	 0.00443188
0.0966602	 0.003511
0.0999933	 0.00400585
0.103326	 0.00418792
0.10666	 0.00428451
0.109993	 0.00409998
0.113326	 0.00331104
0.116659	 0.00335009
0.119992	 0.00359283
0.123325	 0.0027306
0.126658	 0.00292015
0.129991	 0.00359192
0.133324	 0.00243492
0.136658	 0.00254821
0.139991	 0.00155233
0.143324	 0.0031114
0.146657	 0.00277826
0.14999	 0.00237708
0.153323	 0.00153511
0.156656	 0.00210587
0.159989	 0.0031635
0.163322	 0.00236961
0.166656	 0.0016313
0.169989	 0.00261294
0.173322	 0.0022236
0.176655	 0.00230984
0.179988	 0.00211885
0.183321	 0.00247384
0.186654	 0.00203102
0.189987	 0.00141653
0.19332	 0.00188788
0.196654	 0.00175984
0.199987	 0.00184858
0.20332	 0.00193995
0.206653	 0.00155294
0.209986	 0.00142774
0.213319	 0.00169372
0.216652	 0.00211161
0.219985	 0.00174006
0.223318	 0.00182602
0.226652	 0.00187579
0.229985	 0.00247723
0.233318	 0.00174649
0.236651	 0.00172285
0.239984	 0.00179866
0.243317	 0.00154591
0.24665	 0.00192615
0.249983	 0.00203262
0.253316	 0.00176584
0.25665	 0.0020393
0.259983	 0.00160628
0.263316	 0.00164289
0.266649	 0.00148997
0.269982	 0.00183481
0.273315	 0.00144883
0.276648	 0.00131414
0.279981	 0.00184007
0.283314	 0.00126248
0.286648	 0.00151958
0.289981	 0.00131887
0.293314	 0.00141819
0.296647	 0.00157745
0.29998	 0.00177036
0.303313	 0.00134601
0.306646	 0.00129957
0.309979	 0.0013566
0.313312	 0.00151552
0.316646	 0.000948255
0.319979	 0.00125933
0.323312	 0.00191493
0.326645	 0.00167182
0.329978	 0.00114522
0.333311	 0.00138481
0.336644	 0.000943854
0.339977	 0.00132885
0.34331	 0.00154167
0.346644	 0.00103682
0.349977	 0.00141143
0.35331	 0.00116885
0.356643	 0.00105293
0.359976	 0.00113027
0.363309	 0.0012277
0.366642	 0.00135394
0.369975	 0.00112493
0.373308	 0.00108634
0.376642	 0.00153458
0.379975	 0.0013403
0.383308	 0.00113866
0.386641	 0.00119621
0.389974	 0.00102449
0.393307	 0.00114183
0.39664	 0.000891906
0.399973	 0.00113988
0.403306	 0.00128462
0.40664	 0.00155777
0.409973	 0.000929079
0.413306	 0.00161212
0.416639	 0.00108871
0.419972	 0.00112263
0.423305	 0.00108872
0.426638	 0.00141483
0.429971	 0.000884997
0.433304	 0.00109283
0.436638	 0.00155475
0.439971	 0.00102003
0.443304	 0.000980225
0.446637	 0.00127382
0.44997	 0.00132937
0.453303	 0.00122889
0.456636	 0.000954292
0.459969	 0.0010728
0.463302	 0.00111421
0.466636	 0.000944586
0.469969	 0.00138914
0.473302	 0.000872379
0.476635	 0.00137305
0.479968	 0.000857338
0.483301	 0.00137293
0.486634	 0.00108483
0.489967	 0.00103415
0.4933	 0.00128186
0.496634	 0.00112755
0.499967	 0.00118522
0.5033	 0.00101336
0.506633	 0.00127057
0.509966	 0.000996357
0.513299	 0.0013329
0.516632	 0.00117904
0.519965	 0.0008806
0.523298	 0.000871085
0.526632	 0.00115849
0.529965	 0.000974811
0.533298	 0.00142371
0.536631	 0.00121162
0.539964	 0.000648616
0.543297	 0.000864324
0.54663	 0.00111434
0.549963	 0.00101499
0.553296	 0.00119952
0.55663	 0.00138521
0.559963	 0.000976759
0.563296	 0.00110777
0.566629	 0.000973878
0.569962	 0.00112732
0.573295	 0.00116644
0.576628	 0.00111637
0.579961	 0.000673438
0.583294	 0.000991789
0.586628	 0.00103181
0.589961	 0.00111795
0.593294	 0.000879631
0.596627	 0.000889256
0.59996	 0.00110381
0.603293	 0.000982125
0.606626	 0.000929095
0.609959	 0.00101503
0.613292	 0.000770833
0.616626	 0.00128841
0.619959	 0.00106136
0.623292	 0.000918987
0.626625	 0.000737401
0.629958	 0.000954504
0.633291	 0.000947278
0.636624	 0.000977513
0.639957	 0.00117578
0.64329	 0.0010076
0.646624	 0.00100202
0.649957	 0.00106032
0.65329	 0.000992806
0.656623	 0.000786915
0.659956	 0.00118832
0.663289	 0.000925852
0.666622	 0.00103117
0.669955	 0.000873681
0.673288	 0.000953633
0.676622	 0.00120903
0.679955	 0.000853127
0.683288	 0.00106154
0.686621	 0.000749651
0.689954	 0.00100917
0.693287	 0.00078431
0.69662	 0.00123004
0.699953	 0.0010079
0.703286	 0.000957348
0.70662	 0.00119032
0.709953	 0.000981048
0.713286	 0.00117609
0.716619	 0.00106133
0.719952	 0.00107656
0.723285	 0.000741037
0.726618	 0.000900757
0.729951	 0.000720399
0.733284	 0.00108038
0.736618	 0.000963073
0.739951	 0.000910103
0.743284	 0.00113504
0.746617	 0.000900704
0.74995	 0.00103907
0.753283	 0.00129104
0.756616	 0.00129708
0.759949	 0.00101825
0.763282	 0.000856581
0.766616	 0.000996044
0.769949	 0.0010432
0.773282	 0.00114008
0.776615	 0.000921308
0.779948	 0.000960169
0.783281	 0.000750128
0.786614	 0.00111576
0.789947	 0.0011602
0.79328	 0.00120144
0.796614	 0.000827168
0.799947	 0.00107352
0.80328	 0.00095544
0.806613	 0.0010576
0.809946	 0.00152462
0.813279	 0.00120298
0.816612	 0.00109355
0.819945	 0.00115485
0.823278	 0.000956327
0.826612	 0.00111171
0.829945	 0.00120732
0.833278	 0.00125954
0.836611	 0.00123821
0.839944	 0.00127042
0.843277	 0.00108419
0.84661	 0.00143843
0.849943	 0.0010515
0.853276	 0.000987534
0.85661	 0.000839406
0.859943	 0.00101162
0.863276	 0.00112718
0.866609	 0.00123844
0.869942	 0.00107677
0.873275	 0.00138892
0.876608	 0.00125057
0.879941	 0.00130221
0.883274	 0.00105035
0.886608	 0.00118008
0.889941	 0.00127155
0.893274	 0.00104369
0.896607	 0.00135531
0.89994	 0.00102833
0.903273	 0.00169226
0.906606	 0.00122758
0.909939	 0.00137287
0.913272	 0.00138134
0.916606	 0.00111524
0.919939	 0.00146868
0.923272	 0.00121717
0.926605	 0.00150119
0.929938	 0.00129544
0.933271	 0.00126697
0.936604	 0.00098142
0.939937	 0.00149161
0.94327	 0.00139493
0.946604	 0.00173196
0.949937	 0.00160015
0.95327	 0.00117032
0.956603	 0.00138147
0.959936	 0.00121685
0.963269	 0.00162178
0.966602	 0.00146071
0.969935	 0.00208028
0.973268	 0.00157123
0.976602	 0.00149035
0.979935	 0.0016367
0.983268	 0.00197219
0.986601	 0.00191057
0.989934	 0.00168824
0.993267	 0.00159001
0.9966	 0.00153862
0.999933	 0.00205735
1.00327	 0.00159493
1.0066	 0.00229747
1.00993	 0.00152093
1.01327	 0.00209883
1.0166	 0.0024406
1.01993	 0.00191999
1.02327	 0.00160354
1.0266	 0.00179449
1.02993	 0.00251209
1.03326	 0.00210864
1.0366	 0.00143862
1.03993	 0.00211962
1.04326	 0.00188127
1.0466	 0.00263912
1.04993	 0.00183381
1.05326	 0.00219121
1.0566	 0.00276192
1.05993	 0.00233599
1.06326	 0.00254775
1.0666	 0.00227964
1.06993	 0.00205148
1.07326	 0.00193762
1.07659	 0.00251018
1.07993	 0.00236943
1.08326	 0.00177265
1.08659	 0.00316062
1.08993	 0.002724
1.09326	 0.00305006
1.09659	 0.00253423
1.09993	 0.00297885
1.10326	 0.00327325
1.10659	 0.003113
1.10993	 0.00343591
1.11326	 0.00444562
1.11659	 0.0040411
1.11993	 0.00513902
1.12326	 0.00410644
1.12659	 0.00531095
1.12992	 0.00333699
1.13326	 0.00510687
1.13659	 0.00603914
1.13992	 0.00557788
1.14326	 0.00614824
1.14659	 0.00357548
1.14992	 0.00666151
1.15326	 0.00694384
1.15659	 0.00846029
1.15992	 0.00774942
1.16326	 0.0121295
1.16659	 0.0122706
1.16992	 0.0115353
1.17326	 0.0120038
1.17659	 0.023442
1.17992	 0.0179724
1.18325	 0.0244906
1.18659	 0.0196452
1.18992	 0.0195055
1.19325	 0.014329
1.19659	 0.0140791
1.19992	 0.0113289
1.20325	 0.00946876
1.20659	 0.00758485
1.20992	 0.00663449
1.21325	 0.00602786
1.21659	 0.00499333
1.21992	 0.00668971
1.22325	 0.00638238
1.22658	 0.00827315
1.22992	 0.00526699
1.23325	 0.00502693
1.23658	 0.00365271
1.23992	 0.00460163
1.24325	 0.00429865
1.24658	 0.00415826
1.24992	 0.00578349
1.25325	 0.00324182
1.25658	 0.00525885
1.25992	 0.00405399
1.26325	 0.00608143
1.26658	 0.00379095
1.26992	 0.00360981
1.27325	 0.00252458
1.27658	 0.00501158
1.27991	 0.00398944
1.28325	 0.00367903
1.28658	 0.00267452
1.28991	 0.00338082
1.29325	 0.00341923
1.29658	 0.00370156
1.29991	 0.00211809
1.30325	 0.00272799
1.30658	 0.00228983
1.30991	 0.00228127
1.31325	 0.00265412
1.31658	 0.00315067
1.31991	 0.00263385
1.32325	 0.0022924
1.32658	 0.0030287
1.32991	 0.00210378
1.33324	 0.00155882
1.33658	 0.00242029
1.33991	 0.00181803
1.34324	 0.00232004
1.34658	 0.00228869
1.34991	 0.00227658
1.35324	 0.00299603
1.35658	 0.00224087
1.35991	 0.00142206
1.36324	 0.00203445
1.36658	 0.00251192
1.36991	 0.00283167
1.37324	 0.00171605
1.37657	 0.0021848
1.37991	 0.0027449
1.38324	 0.00188432
1.38657	 0.00163991
1.38991	 0.00153482
1.39324	 0.00152074
1.39657	 0.00182305
1.39991	 0.00213589
1.40324	 0.00127384
1.40657	 0.00172958
1.40991	 0.00182172
1.41324	 0.00191634
1.41657	 0.00179995
1.41991	 0.00122461
1.42324	 0.00158692
1.42657	 0.00137034
1.4299	 0.00168699
1.43324	 0.00137785
1.43657	 0.00149032
1.4399	 0.00169136
1.44324	 0.00154657
1.44657	 0.00128659
1.4499	 0.00120339
1.45324	 0.00115107
1.45657	 0.00132514
1.4599	 0.00138213
1.46324	 0.000936402
1.46657	 0.00109505
1.4699	 0.00134895
1.47324	 0.00158904
1.47657	 0.00115719
1.4799	 0.00141703
1.48323	 0.00106911
1.48657	 0.00143953
1.4899	 0.001733
1.49323	 0.00115168
1.49657	 0.00173944
1.4999	 0.00132145
1.50323	 0.00142521
1.50657	 0.00159887
1.5099	 0.00106698
1.51323	 0.00158328
1.51657	 0.00141028
1.5199	 0.00120347
1.52323	 0.00144185
1.52656	 0.00132735
1.5299	 0.0011896
1.53323	 0.00110753
1.53656	 0.0014002
1.5399	 0.00126091
1.54323	 0.00120901
1.54656	 0.00100843
1.5499	 0.00149936
1.55323	 0.001058
1.55656	 0.00120563
1.5599	 0.00114678
1.56323	 0.00104036
1.56656	 0.00146201
1.5699	 0.00152649
1.57323	 0.00108637
1.57656	 0.00095207
1.57989	 0.000984634
1.58323	 0.00125496
1.58656	 0.00145734
1.58989	 0.00137374
1.59323	 0.000876774
1.59656	 0.000879767
1.59989	 0.00108438
1.60323	 0.000782903
1.60656	 0.00112785
1.60989	 0.00103342
1.61323	 0.00126131
1.61656	 0.00118189
1.61989	 0.00160648
1.62323	 0.0010486
1.62656	 0.00125207
1.62989	 0.0011594
1.63322	 0.00127398
1.63656	 0.00132794
1.63989	 0.00106154
1.64322	 0.000641985
1.64656	 0.00131372
1.64989	 0.000918151
1.65322	 0.00130152
1.65656	 0.000887279
1.65989	 0.000642302
1.66322	 0.00102629
1.66656	 0.000877353
1.66989	 0.00120202
1.67322	 0.000702033
1.67655	 0.000854446
1.67989	 0.00108765
1.68322	 0.000630243
1.68655	 0.00107816
1.68989	 0.00126356
1.69322	 0.000907881
1.69655	 0.000667549
1.69989	 0.000763564
1.70322	 0.00103302
1.70655	 0.000946535
1.70989	 0.000966904
1.71322	 0.000892032
1.71655	 0.000822996
1.71989	 0.00107642
1.72322	 0.000823666
1.72655	 0.000828077
1.72988	 0.00104541
1.73322	 0.000918439
1.73655	 0.00118983
1.73988	 0.000952393
1.74322	 0.00132227
1.74655	 0.00106489
1.74988	 0.000747219
1.75322	 0.000894828
1.75655	 0.000602304
1.75988	 0.000766886
1.76322	 0.000865292
1.76655	 0.00101192
1.76988	 0.000739632
1.77322	 0.000985199
1.77655	 0.00103915
1.77988	 0.00102411
1.78321	 0.000872306
1.78655	 0.000880147
1.78988	 0.00114165
1.79321	 0.000745984
1.79655	 0.000817221
1.79988	 0.00089339
1.80321	 0.00122618
1.80655	 0.000995491
1.80988	 0.00104271
1.81321	 0.000966875
1.81655	 0.00106608
1.81988	 0.000699117
1.82321	 0.000772533
1.82654	 0.000958651
1.82988	 0.00072716
1.83321	 0.000854638
1.83654	 0.000816131
1.83988	 0.00131844
1.84321	 0.000935257
1.84654	 0.000819126
1.84988	 0.00074374
1.85321	 0.000861698
1.85654	 0.00102794
1.85988	 0.000860551
1.86321	 0.000951911
1.86654	 0.000794366
1.86988	 0.00103692
1.87321	 0.0010536
1.87654	 0.00102214
1.87987	 0.0010031
1.88321	 0.00119709
1.88654	 0.000615625
1.88987	 0.000880978
1.89321	 0.00101966
1.89654	 0.000722176
1.89987	 0.000811137
1.90321	 0.000912245
1.90654	 0.000960205
1.90987	 0.000837877
1.91321	 0.000791442
1.91654	 0.00100818
1.91987	 0.000970331
1.92321	 0.00116999
1.92654	 0.00105934
1.92987	 0.000981031
1.9332	 0.00115684
1.93654	 0.000788396
1.93987	 0.00100895
1.9432	 0.000883362
1.94654	 0.000605807
1.94987	 0.000838767
1.9532	 0.00106757
1.95654	 0.00120752
1.95987	 0.00107082
1.9632	 0.00120726
1.96654	 0.000760664
1.96987	 0.00100239
1.9732	 0.00119368
1.97653	 0.00108769
1.97987	 0.00103418
1.9832	 0.00121689
1.98653	 0.00088333
1.98987	 0.00102097
1.9932	 0.000961755
1.99653	 0.000933533
1.99987	 0.00126969
2.0032	 0.000867794
2.00653	 0.000955525
2.00987	 0.000911982
2.0132	 0.000989513
2.01653	 0.00114284
2.01987	 0.00110588
2.0232	 0.000801183
2.02653	 0.00118954
2.02986	 0.00105579
2.0332	 0.00130902
2.03653	 0.00119148
2.03986	 0.000939598
2.0432	 0.00118922
2.04653	 0.00141498
2.04986	 0.00109457
2.0532	 0.00132859
2.05653	 0.00081271
2.05986	 0.00104164
2.0632	 0.000956456
2.06653	 0.00138146
2.06986	 0.0013508
2.0732	 0.00131509
2.07653	 0.00157989
2.07986	 0.00117582
2.08319	 0.00114676
2.08653	 0.00129472
2.08986	 0.00122735
2.09319	 0.00119474
2.09653	 0.000624233
2.09986	 0.00122972
2.10319	 0.00148426
2.10653	 0.00159422
2.10986	 0.00144397
2.11319	 0.000948812
2.11653	 0.00118802
2.11986	 0.00092965
2.12319	 0.00122638
2.12652	 0.00127609
2.12986	 0.0012654
2.13319	 0.00105909
2.13652	 0.00171712
2.13986	 0.00150586
2.14319	 0.00091743
2.14652	 0.00134023
2.14986	 0.00147483
2.15319	 0.00138229
2.15652	 0.00127369
2.15986	 0.00141059
2.16319	 0.00152489
2.16652	 0.00110299
2.16986	 0.00161726
2.17319	 0.00155316
2.17652	 0.00134535
2.17985	 0.00175066
2.18319	 0.00137761
2.18652	 0.00149809
2.18985	 0.00142054
2.19319	 0.0012593
2.19652	 0.00177479
2.19985	 0.00178001
2.20319	 0.00145183
2.20652	 0.00154679
2.20985	 0.00188824
2.21319	 0.00179571
2.21652	 0.00181707
2.21985	 0.00211486
2.22319	 0.00253587
2.22652	 0.00119276
2.22985	 0.00193612
2.23318	 0.00185501
2.23652	 0.00169247
2.23985	 0.00209118
2.24318	 0.00192651
2.24652	 0.00219115
2.24985	 0.0027346
2.25318	 0.00201779
2.25652	 0.00229208
2.25985	 0.00240509
2.26318	 0.00197996
2.26652	 0.0024877
2.26985	 0.00247402
2.27318	 0.00241478
2.27651	 0.00217603
2.27985	 0.00247787
2.28318	 0.00213215
2.28651	 0.00227808
2.28985	 0.00364334
2.29318	 0.00274245
2.29651	 0.00309748
2.29985	 0.00282377
2.30318	 0.002904
2.30651	 0.00388343
2.30985	 0.00267813
2.31318	 0.00330787
2.31651	 0.0044957
2.31985	 0.00290268
2.32318	 0.00367598
2.32651	 0.00442672
2.32984	 0.00540008
2.33318	 0.00484756
2.33651	 0.00496653
2.33984	 0.00352882
2.34318	 0.00501769
2.34651	 0.00534707
2.34984	 0.00602717
2.35318	 0.00630546
2.35651	 0.00467712
2.35984	 0.00597588
2.36318	 0.00531428
2.36651	 0.00567509
2.36984	 0.00451207
2.37318	 0.00538538
2.37651	 0.00403637
2.37984	 0.00637975
2.38317	 0.00469756
2.38651	 0.0065569
2.38984	 0.00579649
2.39317	 0.00611258
2.39651	 0.00545944
2.39984	 0.0055332
2.40317	 0.005201
2.40651	 0.00451143
2.40984	 0.00565964
2.41317	 0.00419063
2.41651	 0.00584806
2.41984	 0.00509637
2.42317	 0.0048608
2.4265	 0.00350298
2.42984	 0.00581777
2.43317	 0.00398949
2.4365	 0.00283556
2.43984	 0.00378838
2.44317	 0.0054784
2.4465	 0.00444719
2.44984	 0.00443015
2.45317	 0.00416176
2.4565	 0.00447099
2.45984	 0.00267926
2.46317	 0.00358738
2.4665	 0.00377406
2.46984	 0.00286406
2.47317	 0.00310709
2.4765	 0.00309583
2.47983	 0.00387822
2.48317	 0.00237128
2.4865	 0.00359044
2.48983	 0.00245107
2.49317	 0.00294208
2.4965	 0.00329789
2.49983	 0.00286073
2.50317	 0.00308025
2.5065	 0.00246381
2.50983	 0.00337928
2.51317	 0.00275451
2.5165	 0.00299409
2.51983	 0.00270791
2.52317	 0.00244815
2.5265	 0.00293624
2.52983	 0.00213725
2.53316	 0.00236724
2.5365	 0.00156184
2.53983	 0.00247471
2.54316	 0.00185617
2.5465	 0.00290591
2.54983	 0.00260074
2.55316	 0.00246454
2.5565	 0.00202339
2.55983	 0.0020565
2.56316	 0.00212643
2.5665	 0.00229104
2.56983	 0.00202302
2.57316	 0.0020657
2.57649	 0.00157398
2.57983	 0.00194517
2.58316	 0.00184396
2.58649	 0.00259073
2.58983	 0.00219147
2.59316	 0.00186541
2.59649	 0.00197813
2.59983	 0.00214726
2.60316	 0.00193279
2.60649	 0.00184479
2.60983	 0.00174343
2.61316	 0.00170684
2.61649	 0.00137967
2.61983	 0.00171823
2.62316	 0.0018268
2.62649	 0.00175788
2.62982	 0.00142723
2.63316	 0.00106515
2.63649	 0.00193212
2.63982	 0.00177461
2.64316	 0.000985382
2.64649	 0.0015888
2.64982	 0.00143658
2.65316	 0.00164689
2.65649	 0.00128858
2.65982	 0.00152217
2.66316	 0.00126131
2.66649	 0.00157203
2.66982	 0.00168218
2.67316	 0.0015459
2.67649	 0.0016941
2.67982	 0.00144522
2.68315	 0.0012287
2.68649	 0.00120682
2.68982	 0.00129319
2.69315	 0.00176364
2.69649	 0.00114447
2.69982	 0.00205159
2.70315	 0.00124239
2.70649	 0.0013158
2.70982	 0.00131701
2.71315	 0.00125099
2.71649	 0.00122131
2.71982	 0.00102695
2.72315	 0.00121737
2.72648	 0.00133437
2.72982	 0.00158687
2.73315	 0.00114506
2.73648	 0.00109362
2.73982	 0.000985249
2.74315	 0.00115987
2.74648	 0.00102154
2.74982	 0.000748691
2.75315	 0.00120746
2.75648	 0.00115508
2.75982	 0.000883698
2.76315	 0.000997578
2.76648	 0.00107946
2.76982	 0.00110779
2.77315	 0.00127214
2.77648	 0.00079034
2.77981	 0.00111717
2.78315	 0.00146044
2.78648	 0.00117464
2.78981	 0.00106129
2.79315	 0.00122899
2.79648	 0.000972626
2.79981	 0.000993449
2.80315	 0.000966949
2.80648	 0.000846909
2.80981	 0.00127859
2.81315	 0.00115712
2.81648	 0.000956838
2.81981	 0.000959972
2.82315	 0.000890668
2.82648	 0.000935364
2.82981	 0.00118624
2.83314	 0.00093539
2.83648	 0.00113031
2.83981	 0.000689633
2.84314	 0.000926653
2.84648	 0.000986932
2.84981	 0.000957257
2.85314	 0.000694943
2.85648	 0.000968516
2.85981	 0.000966398
2.86314	 0.00104342
2.86648	 0.000841731
2.86981	 0.00107431
2.87314	 0.00119104
2.87647	 0.00134729
2.87981	 0.000865101
2.88314	 0.0012563
2.88647	 0.000730831
2.88981	 0.00105222
2.89314	 0.0012476
2.89647	 0.000963644
2.89981	 0.00094234
2.90314	 0.00157243
2.90647	 0.000985018
2.90981	 0.000858876
2.91314	 0.000932612
2.91647	 0.000864356
2.91981	 0.000973572
2.92314	 0.00085411
2.92647	 0.000902565
2.9298	 0.000837597
2.93314	 0.000896977
2.93647	 0.000855693
2.9398	 0.00102598
2.94314	 0.000962934
2.94647	 0.0010928
2.9498	 0.000993892
2.95314	 0.000590863
2.95647	 0.00105599
2.9598	 0.000942118
2.96314	 0.00100744
2.96647	 0.000744343
2.9698	 0.000888622
2.97314	 0.000769989
2.97647	 0.00102977
2.9798	 0.00109596
2.98313	 0.000906147
2.98647	 0.000904425
2.9898	 0.000962951
2.99313	 0.00107303
2.99647	 0.000857477
2.9998	 0.000880346
3.00313	 0.000596582
3.00647	 0.00102416
3.0098	 0.000622522
3.01313	 0.00092925
3.01647	 0.000970016
3.0198	 0.00112769
3.02313	 0.000593891
3.02646	 0.000820675
3.0298	 0.00105061
3.03313	 0.0015172
3.03646	 0.00105292
3.0398	 0.000997427
3.04313	 0.000740451
3.04646	 0.000818099
3.0498	 0.00100818
3.05313	 0.00105673
3.05646	 0.000843768
3.0598	 0.000663385
3.06313	 0.00102226
3.06646	 0.000831464
3.0698	 0.000748164
3.07313	 0.000685221
3.07646	 0.000690103
3.07979	 0.000999561
3.08313	 0.000753285
3.08646	 0.000909623
3.08979	 0.000880377
3.09313	 0.00135345
3.09646	 0.0010621
3.09979	 0.000899617
3.10313	 0.00117134
3.10646	 0.000665038
3.10979	 0.00102364
3.11313	 0.000978348
3.11646	 0.000815631
3.11979	 0.00081995
3.12313	 0.00100519
3.12646	 0.00105282
3.12979	 0.000874505
3.13312	 0.00081668
3.13646	 0.000851475
3.13979	 0.000968497
3.14312	 0.000969197
3.14646	 0.000986843
3.14979	 0.000852941
3.15312	 0.00115111
3.15646	 0.00101398
3.15979	 0.00133007
3.16312	 0.000752288
3.16646	 0.000893346
3.16979	 0.000823428
3.17312	 0.00120766
3.17645	 0.00130426
3.17979	 0.00103775
3.18312	 0.000836574
3.18645	 0.00105882
3.18979	 0.000981979
3.19312	 0.00118001
3.19645	 0.00102018
3.19979	 0.000918562
3.20312	 0.000948312
3.20645	 0.000949735
3.20979	 0.000998497
3.21312	 0.00123823
3.21645	 0.00104414
3.21979	 0.00121381
3.22312	 0.000915271
3.22645	 0.00107945
3.22978	 0.000998842
3.23312	 0.000983038
3.23645	 0.00117805
3.23978	 0.000991679
3.24312	 0.000989206
3.24645	 0.000714216
3.24978	 0.00105809
3.25312	 0.00139912
3.25645	 0.00115886
3.25978	 0.00134954
3.26312	 0.00145762
3.26645	 0.000884941
3.26978	 0.000908421
3.27312	 0.000995421
3.27645	 0.00105352
3.27978	 0.00101202
3.28311	 0.00151895
3.28645	 0.000829153
3.28978	 0.00105955
3.29311	 0.00105816
3.29645	 0.00143625
3.29978	 0.000816394
3.30311	 0.00115786
3.30645	 0.00108621
3.30978	 0.00118633
3.31311	 0.00132171
3.31645	 0.00149841
3.31978	 0.00151471
3.32311	 0.00124684
3.32644	 0.00166444
3.32978	 0.00106287
3.33311	 0.00107258
3.33644	 0.00117352
3.33978	 0.00134277
3.34311	 0.00112961
3.34644	 0.001088
3.34978	 0.000856151
3.35311	 0.00153486
3.35644	 0.00107928
3.35978	 0.00127212
3.36311	 0.00171832
3.36644	 0.0012615
3.36978	 0.00124324
3.37311	 0.00174354
3.37644	 0.00174122
3.37977	 0.00113312
3.38311	 0.00164215
3.38644	 0.00136685
3.38977	 0.00125393
3.39311	 0.00148662
3.39644	 0.00156501
3.39977	 0.00164934
3.40311	 0.00146354
3.40644	 0.00173516
3.40977	 0.0014605
3.41311	 0.00168201
3.41644	 0.00196976
3.41977	 0.00162208
3.42311	 0.00141813
3.42644	 0.00121603
3.42977	 0.00152617
3.4331	 0.00195811
3.43644	 0.00178445
3.43977	 0.00157106
3.4431	 0.0015067
3.44644	 0.00224776
3.44977	 0.00189313
3.4531	 0.00147334
3.45644	 0.00127377
3.45977	 0.00197225
3.4631	 0.00230116
3.46644	 0.00180747
3.46977	 0.00178203
3.4731	 0.00221264
3.47643	 0.00167682
3.47977	 0.00132395
3.4831	 0.00188683
3.48643	 0.00260557
3.48977	 0.00202314
3.4931	 0.00192865
3.49643	 0.00246625
3.49977	 0.00177559
3.5031	 0.00303348
3.50643	 0.00263123
3.50977	 0.00252037
3.5131	 0.00259093
3.51643	 0.0021331
3.51977	 0.00207892
3.5231	 0.00271073
3.52643	 0.00226834
3.52976	 0.00251383
3.5331	 0.00202072
3.53643	 0.0025224
3.53976	 0.00343959
3.5431	 0.00399807
3.54643	 0.00275568
3.54976	 0.00260773
3.5531	 0.00310768
3.55643	 0.00355851
3.55976	 0.00345725
3.5631	 0.00305709
3.56643	 0.00249456
3.56976	 0.00380738
3.5731	 0.00359668
3.57643	 0.00249531
3.57976	 0.00348038
3.58309	 0.00362289
3.58643	 0.00454834
3.58976	 0.00398074
3.59309	 0.00349597
3.59643	 0.0058625
3.59976	 0.0033826
3.60309	 0.00393291
3.60643	 0.00294099
3.60976	 0.00259444
3.61309	 0.00441454
3.61643	 0.00334305
3.61976	 0.00375394
3.62309	 0.00409213
3.62642	 0.0025795
3.62976	 0.00316389
3.63309	 0.00350032
3.63642	 0.0037525
3.63976	 0.00282841
3.64309	 0.00378739
3.64642	 0.00430904
3.64976	 0.00325291
3.65309	 0.00343827
3.65642	 0.00352454
3.65976	 0.00273896
3.66309	 0.00335805
3.66642	 0.00369872
3.66976	 0.00227312
3.67309	 0.00299125
3.67642	 0.00251645
3.67975	 0.00252254
3.68309	 0.00243269
3.68642	 0.00317065
3.68975	 0.00358601
3.69309	 0.00242363
3.69642	 0.00187763
3.69975	 0.00251488
3.70309	 0.00284562
3.70642	 0.00301516
3.70975	 0.00141853
3.71309	 0.00259037
3.71642	 0.00311697
3.71975	 0.00272742
3.72309	 0.0027461
3.72642	 0.00247542
3.72975	 0.0024022
3.73308	 0.00142719
3.73642	 0.00242304
3.73975	 0.00261742
3.74308	 0.00263571
3.74642	 0.0021519
3.74975	 0.00311057
3.75308	 0.00173007
3.75642	 0.00180621
3.75975	 0.00194391
3.76308	 0.00254016
3.76642	 0.00208945
3.76975	 0.00185638
3.77308	 0.0015344
3.77641	 0.00226244
3.77975	 0.00193959
3.78308	 0.00202521
3.78641	 0.00146702
3.78975	 0.0011982
3.79308	 0.0014348
3.79641	 0.00142181
3.79975	 0.00184209
3.80308	 0.00151004
3.80641	 0.0013147
3.80975	 0.0017643
3.81308	 0.00195531
3.81641	 0.00137948
3.81975	 0.00135783
3.82308	 0.00169366
3.82641	 0.00141593
3.82974	 0.00156055
3.83308	 0.00161377
3.83641	 0.00171129
3.83974	 0.00159458
3.84308	 0.00146461
3.84641	 0.00145813
3.84974	 0.00121404
3.85308	 0.00125764
3.85641	 0.00103664
3.85974	 0.00148302
3.86308	 0.00126541
3.86641	 0.00110909
3.86974	 0.00113703
3.87308	 0.00123599
3.87641	 0.00138495
3.87974	 0.00140157
3.88307	 0.00123469
3.88641	 0.00100685
3.88974	 0.00114969
3.89307	 0.00101279
3.89641	 0.00150682
3.89974	 0.000823395
3.90307	 0.00101216
3.90641	 0.00100899
3.90974	 0.00119612
3.91307	 0.00129943
3.91641	 0.000946198
3.91974	 0.00102914
3.92307	 0.00140593
3.9264	 0.00128824
3.92974	 0.00118523
3.93307	 0.00171682
3.9364	 0.000952937
3.93974	 0.00115427
3.94307	 0.00118193
3.9464	 0.00114883
3.94974	 0.00136518
3.95307	 0.00103581
3.9564	 0.00116661
3.95974	 0.000952295
3.96307	 0.00136884
3.9664	 0.000810364
3.96974	 0.00118734
3.97307	 0.000931151
3.9764	 0.00130639
3.97973	 0.00103267
3.98307	 0.00103566
3.9864	 0.000948009
3.98973	 0.000948025
3.99307	 0.000734651
3.9964	 0.00090401
3.99973	 0.00119365
4.00307	 0.00108908
4.0064	 0.00125902
4.00973	 0.00095808
4.01307	 0.000848842
4.0164	 0.000969284
4.01973	 0.00109324
4.02307	 0.000875404
4.0264	 0.00107151
4.02973	 0.000739421
4.03306	 0.00095231
4.0364	 0.000675334
4.03973	 0.000780339
4.04306	 0.00106776
4.0464	 0.00089414
4.04973	 0.000826926
4.05306	 0.0010329
4.0564	 0.000518257
4.05973	 0.0010128
4.06306	 0.000669964
4.0664	 0.000828638
4.06973	 0.000982867
4.07306	 0.00107862
4.07639	 0.000958218
4.07973	 0.000887069
4.08306	 0.00132693
4.08639	 0.000702534
4.08973	 0.000708864
4.09306	 0.000888153
4.09639	 0.000719561
4.09973	 0.000748203
4.10306	 0.000774683
4.10639	 0.000701351
4.10973	 0.00096743
4.11306	 0.000878025
4.11639	 0.000829385
4.11973	 0.00100607
4.12306	 0.00104521
4.12639	 0.000738603
4.12972	 0.00112628
4.13306	 0.000907632
4.13639	 0.000909308
4.13972	 0.000777808
4.14306	 0.000808147
4.14639	 0.000749464
4.14972	 0.00100468
4.15306	 0.000788918
4.15639	 0.000855017
4.15972	 0.00111258
4.16306	 0.0010084
4.16639	 0.000880706
4.16972	 0.00089991
4.17306	 0.000758993
4.17639	 0.000683535
4.17972	 0.001051
4.18305	 0.000903713
4.18639	 0.000943186
4.18972	 0.000910698
4.19305	 0.000829974
4.19639	 0.00101004
4.19972	 0.000605162
4.20305	 0.000592644
4.20639	 0.000956598
4.20972	 0.000754194
4.21305	 0.000898922
4.21639	 0.000763832
4.21972	 0.000880841
4.22305	 0.00105258
4.22638	 0.000913333
4.22972	 0.000844406
4.23305	 0.000852276
4.23638	 0.000854694
4.23972	 0.000586765
4.24305	 0.000731048
4.24638	 0.000755849
4.24972	 0.000745478
4.25305	 0.000941769
4.25638	 0.000861291
4.25972	 0.000638064
4.26305	 0.00112276
4.26638	 0.000885321
4.26972	 0.000855175
4.27305	 0.000740904
4.27638	 0.000575703
4.27971	 0.0012466
4.28305	 0.00100155
4.28638	 0.000581514
4.28971	 0.00128067
4.29305	 0.000840708
4.29638	 0.001086
4.29971	 0.000897729
4.30305	 0.000806109
4.30638	 0.000883527
4.30971	 0.000632532
4.31305	 0.000537588
4.31638	 0.00076072
4.31971	 0.000884216
4.32305	 0.000842544
4.32638	 0.000749398
4.32971	 0.000978732
4.33304	 0.000778874
4.33638	 0.000745791
4.33971	 0.000914065
4.34304	 0.000906456
4.34638	 0.000859919
4.34971	 0.000706874
4.35304	 0.000885575
4.35638	 0.00107218
4.35971	 0.000916783
4.36304	 0.00107501
4.36638	 0.000805357
4.36971	 0.00106992
4.37304	 0.00114201
4.37637	 0.00105119
4.37971	 0.000780027
4.38304	 0.000874587
4.38637	 0.000939531
4.38971	 0.000909544
4.39304	 0.000706192
4.39637	 0.000991603
4.39971	 0.000981621
4.40304	 0.000927307
4.40637	 0.00085935
4.40971	 0.0009342
4.41304	 0.00119254
4.41637	 0.000723696
4.41971	 0.000886469
4.42304	 0.000895379
4.42637	 0.00104037
4.4297	 0.000926343
4.43304	 0.00102189
4.43637	 0.000796813
4.4397	 0.000996559
4.44304	 0.000790406
4.44637	 0.00111497
4.4497	 0.00113907
4.45304	 0.00105385
4.45637	 0.000984645
4.4597	 0.000962594
4.46304	 0.000691532
4.46637	 0.00105839
4.4697	 0.0011355
4.47304	 0.00104743
4.47637	 0.0015456
4.4797	 0.000992577
4.48303	 0.000968534
4.48637	 0.00122364
4.4897	 0.000893576
4.49303	 0.000899301
4.49637	 0.000704955
4.4997	 0.00100381
4.50303	 0.00109453
4.50637	 0.000951676
4.5097	 0.00106451
4.51303	 0.00107729
4.51637	 0.000930352
4.5197	 0.000857357
4.52303	 0.00105068
4.52636	 0.00104598
4.5297	 0.000841995
4.53303	 0.00115049
4.53636	 0.00122286
4.5397	 0.00120532
4.54303	 0.0014123
4.54636	 0.00142444
4.5497	 0.00149578
4.55303	 0.00137514
4.55636	 0.000937079
4.5597	 0.00118245
4.56303	 0.00128977
4.56636	 0.00160138
4.5697	 0.00137805
4.57303	 0.000977696
4.57636	 0.000745725
4.57969	 0.00151863
4.58303	 0.00108905
4.58636	 0.000894027
4.58969	 0.00116808
4.59303	 0.00131293
4.59636	 0.00131362
4.59969	 0.0013781
4.60303	 0.00116859
4.60636	 0.00136359
4.60969	 0.00188868
4.61303	 0.00161987
4.61636	 0.0014811
4.61969	 0.00159328
4.62303	 0.00184165
4.62636	 0.00165744
4.62969	 0.00108431
4.63302	 0.00189468
4.63636	 0.00113912
4.63969	 0.00126295
4.64302	 0.00175496
4.64636	 0.00142152
4.64969	 0.00145008
4.65302	 0.0011384
4.65636	 0.00168755
4.65969	 0.00122347
4.66302	 0.00124943
4.66636	 0.00122717
4.66969	 0.00141401
4.67302	 0.00188828
4.67635	 0.00200468
4.67969	 0.00127706
4.68302	 0.00172683
4.68635	 0.00180214
4.68969	 0.00156899
4.69302	 0.00151086
4.69635	 0.00133356
4.69969	 0.00164988
4.70302	 0.00184452
4.70635	 0.00168436
4.70969	 0.0026431
4.71302	 0.00175095
4.71635	 0.00219943
4.71969	 0.00210323
4.72302	 0.00179334
4.72635	 0.00234862
4.72968	 0.0020331
4.73302	 0.00239486
4.73635	 0.00187468
4.73968	 0.00248265
4.74302	 0.00248638
4.74635	 0.00234546
4.74968	 0.00190412
4.75302	 0.00227782
4.75635	 0.00233883
4.75968	 0.00208629
4.76302	 0.00217345
4.76635	 0.00193041
4.76968	 0.00231444
4.77302	 0.0026283
4.77635	 0.003555
4.77968	 0.00215057
4.78301	 0.00298215
4.78635	 0.00245504
4.78968	 0.00223472
4.79301	 0.00215614
4.79635	 0.00298137
4.79968	 0.00234186
4.80301	 0.00244251
4.80635	 0.00270098
4.80968	 0.0025795
4.81301	 0.00266289
4.81635	 0.0023809
4.81968	 0.00200889
4.82301	 0.00260467
4.82634	 0.00342631
4.82968	 0.00275705
4.83301	 0.00270352
4.83634	 0.00186766
4.83968	 0.00253945
4.84301	 0.00275551
4.84634	 0.00179911
4.84968	 0.00197737
4.85301	 0.00146647
4.85634	 0.00240848
4.85968	 0.00199556
4.86301	 0.00226152
4.86634	 0.00229921
4.86968	 0.00231774
4.87301	 0.0023092
4.87634	 0.00263196
4.87967	 0.00282066
4.88301	 0.00254086
4.88634	 0.00307431
4.88967	 0.00286358
4.89301	 0.0027634
4.89634	 0.0025233
4.89967	 0.00238833
4.90301	 0.00200152
4.90634	 0.00201717
4.90967	 0.00179232
4.91301	 0.00256927
4.91634	 0.00255212
4.91967	 0.00218205
4.92301	 0.00263652
4.92634	 0.00187681
4.92967	 0.00240212
4.933	 0.00246011
4.93634	 0.00232411
4.93967	 0.00273371
4.943	 0.0018518
4.94634	 0.00229349
4.94967	 0.00214001
4.953	 0.00176855
4.95634	 0.00171724
4.95967	 0.00135683
4.963	 0.00173719
4.96634	 0.00214288
4.96967	 0.0014942
4.973	 0.00245757
4.97633	 0.00134106
4.97967	 0.00148125
4.983	 0.00190216
4.98633	 0.00160137
4.98967	 0.00153449
4.993	 0.00133791
4.99633	 0.00161699
