# Frequency [GHz] 	Fouriercomponent
-4.99967	 0.491442
-4.99633	 0.620939
-4.993	 0.602657
-4.98967	 0.709523
-4.98633	 0.532448
-4.983	 0.533658
-4.97967	 0.51564
-4.97633	 0.550242
-4.973	 0.574998
-4.96967	 0.528561
-4.96634	 0.576591
-4.963	 0.598562
-4.95967	 0.742541
-4.95634	 0.626424
-4.953	 0.505176
-4.94967	 0.460319
-4.94634	 0.617312
-4.943	 0.653058
-4.93967	 0.70337
-4.93634	 0.554241
-4.933	 0.600274
-4.92967	 0.581984
-4.92634	 0.538578
-4.92301	 0.654667
-4.91967	 0.450236
-4.91634	 0.599968
-4.91301	 0.382815
-4.90967	 0.642088
-4.90634	 0.563384
-4.90301	 0.566869
-4.89967	 0.513429
-4.89634	 0.523063
-4.89301	 0.701197
-4.88967	 0.5592
-4.88634	 0.445354
-4.88301	 0.508149
-4.87967	 0.637202
-4.87634	 0.809981
-4.87301	 0.520923
-4.86968	 0.509841
-4.86634	 0.71475
-4.86301	 0.403125
-4.85968	 0.481764
-4.85634	 0.397745
-4.85301	 0.565662
-4.84968	 0.597459
-4.84634	 0.448176
-4.84301	 0.498055
-4.83968	 0.456586
-4.83634	 0.500707
-4.83301	 0.535045
-4.82968	 0.537361
-4.82634	 0.535162
-4.82301	 0.412801
-4.81968	 0.592469
-4.81635	 0.457476
-4.81301	 0.674582
-4.80968	 0.639385
-4.80635	 0.646889
-4.80301	 0.658631
-4.79968	 0.459576
-4.79635	 0.570672
-4.79301	 0.721697
-4.78968	 0.500189
-4.78635	 0.871305
-4.78301	 0.452339
-4.77968	 0.524453
-4.77635	 0.680798
-4.77302	 0.519755
-4.76968	 0.647853
-4.76635	 0.561364
-4.76302	 0.486976
-4.75968	 0.532227
-4.75635	 0.371543
-4.75302	 0.556644
-4.74968	 0.583425
-4.74635	 0.688893
-4.74302	 0.549842
-4.73968	 0.680778
-4.73635	 0.642013
-4.73302	 0.427817
-4.72968	 0.498198
-4.72635	 0.500005
-4.72302	 0.60585
-4.71969	 0.525358
-4.71635	 0.51125
-4.71302	 0.523985
-4.70969	 0.576127
-4.70635	 0.526023
-4.70302	 0.530144
-4.69969	 0.401322
-4.69635	 0.565249
-4.69302	 0.551083
-4.68969	 0.597995
-4.68635	 0.605444
-4.68302	 0.572192
-4.67969	 0.586137
-4.67635	 0.566749
-4.67302	 0.504121
-4.66969	 0.767415
-4.66636	 0.531238
-4.66302	 0.44941
-4.65969	 0.50682
-4.65636	 0.42334
-4.65302	 0.506584
-4.64969	 0.477789
-4.64636	 0.571966
-4.64302	 0.409239
-4.63969	 0.619334
-4.63636	 0.635433
-4.63302	 0.513932
-4.62969	 0.49526
-4.62636	 0.596273
-4.62303	 0.80314
-4.61969	 0.530749
-4.61636	 0.576015
-4.61303	 0.598577
-4.60969	 0.552016
-4.60636	 0.582421
-4.60303	 0.564216
-4.59969	 0.37608
-4.59636	 0.574984
-4.59303	 0.631857
-4.58969	 0.50944
-4.58636	 0.579138
-4.58303	 0.47056
-4.57969	 0.752392
-4.57636	 0.639362
-4.57303	 0.642602
-4.5697	 0.608428
-4.56636	 0.504975
-4.56303	 0.724465
-4.5597	 0.538909
-4.55636	 0.604176
-4.55303	 0.642648
-4.5497	 0.698744
-4.54636	 0.361812
-4.54303	 0.582762
-4.5397	 0.481156
-4.53636	 0.565197
-4.53303	 0.464583
-4.5297	 0.812695
-4.52636	 0.60562
-4.52303	 0.550271
-4.5197	 0.717615
-4.51637	 0.526798
-4.51303	 0.588302
-4.5097	 0.587337
-4.50637	 0.480549
-4.50303	 0.593139
-4.4997	 0.666049
-4.49637	 0.520426
-4.49303	 0.563767
-4.4897	 0.702612
-4.48637	 0.653288
-4.48303	 0.344478
-4.4797	 0.861638
-4.47637	 0.531174
-4.47304	 0.578168
-4.4697	 0.445779
-4.46637	 0.654579
-4.46304	 0.645472
-4.4597	 0.645256
-4.45637	 0.632588
-4.45304	 0.585535
-4.4497	 0.582786
-4.44637	 0.532558
-4.44304	 0.625727
-4.4397	 0.460053
-4.43637	 0.578515
-4.43304	 0.57784
-4.4297	 0.551969
-4.42637	 0.409583
-4.42304	 0.77017
-4.41971	 0.499335
-4.41637	 0.675732
-4.41304	 0.559188
-4.40971	 0.551714
-4.40637	 0.607957
-4.40304	 0.445221
-4.39971	 0.598922
-4.39637	 0.658571
-4.39304	 0.788232
-4.38971	 0.586142
-4.38637	 0.521996
-4.38304	 0.666048
-4.37971	 0.54095
-4.37637	 0.583183
-4.37304	 0.408278
-4.36971	 0.458002
-4.36638	 0.481002
-4.36304	 0.577038
-4.35971	 0.738586
-4.35638	 0.543172
-4.35304	 0.626518
-4.34971	 0.445336
-4.34638	 0.451324
-4.34304	 0.68677
-4.33971	 0.596345
-4.33638	 0.545291
-4.33304	 0.50264
-4.32971	 0.720037
-4.32638	 0.665198
-4.32305	 0.646334
-4.31971	 0.688388
-4.31638	 0.545628
-4.31305	 0.566329
-4.30971	 0.711706
-4.30638	 0.515317
-4.30305	 0.651695
-4.29971	 0.636175
-4.29638	 0.637008
-4.29305	 0.600374
-4.28971	 0.558242
-4.28638	 0.532613
-4.28305	 0.5689
-4.27971	 0.393306
-4.27638	 0.629697
-4.27305	 0.576671
-4.26972	 0.542626
-4.26638	 0.453301
-4.26305	 0.689698
-4.25972	 0.699483
-4.25638	 0.612285
-4.25305	 0.690622
-4.24972	 0.627861
-4.24638	 0.448536
-4.24305	 0.691521
-4.23972	 0.756218
-4.23638	 0.519994
-4.23305	 0.638624
-4.22972	 0.4516
-4.22638	 0.6019
-4.22305	 0.695034
-4.21972	 0.768748
-4.21639	 0.439242
-4.21305	 0.601315
-4.20972	 0.520612
-4.20639	 0.507204
-4.20305	 0.645074
-4.19972	 0.726406
-4.19639	 0.548003
-4.19305	 0.559366
-4.18972	 0.465387
-4.18639	 0.561013
-4.18305	 0.737044
-4.17972	 0.699805
-4.17639	 0.594171
-4.17306	 0.675506
-4.16972	 0.514193
-4.16639	 0.616192
-4.16306	 0.469572
-4.15972	 0.465597
-4.15639	 0.59761
-4.15306	 0.627083
-4.14972	 0.692463
-4.14639	 0.592743
-4.14306	 0.55612
-4.13972	 0.592671
-4.13639	 0.757345
-4.13306	 0.635041
-4.12972	 0.6777
-4.12639	 0.632324
-4.12306	 0.610243
-4.11973	 0.621729
-4.11639	 0.648828
-4.11306	 0.553174
-4.10973	 0.533923
-4.10639	 0.531417
-4.10306	 0.491077
-4.09973	 0.518204
-4.09639	 0.718342
-4.09306	 0.567596
-4.08973	 0.494179
-4.08639	 0.566015
-4.08306	 0.386678
-4.07973	 0.637385
-4.07639	 0.536251
-4.07306	 0.759273
-4.06973	 0.461841
-4.0664	 0.64993
-4.06306	 0.762993
-4.05973	 0.623302
-4.0564	 0.559678
-4.05306	 0.678804
-4.04973	 0.665387
-4.0464	 0.583005
-4.04306	 0.547131
-4.03973	 0.537785
-4.0364	 0.769716
-4.03306	 0.406539
-4.02973	 0.439038
-4.0264	 0.495026
-4.02307	 0.55837
-4.01973	 0.502293
-4.0164	 0.624222
-4.01307	 0.60681
-4.00973	 0.723143
-4.0064	 0.5345
-4.00307	 0.64528
-3.99973	 0.617905
-3.9964	 0.554488
-3.99307	 0.696125
-3.98973	 0.534788
-3.9864	 0.67089
-3.98307	 0.661878
-3.97973	 0.482668
-3.9764	 0.439856
-3.97307	 0.728388
-3.96974	 0.52259
-3.9664	 0.427107
-3.96307	 0.710336
-3.95974	 0.545534
-3.9564	 0.516397
-3.95307	 0.55661
-3.94974	 0.732062
-3.9464	 0.514482
-3.94307	 0.532294
-3.93974	 0.697031
-3.9364	 0.607791
-3.93307	 0.55201
-3.92974	 0.578291
-3.9264	 0.695814
-3.92307	 0.661696
-3.91974	 0.61678
-3.91641	 0.714778
-3.91307	 0.700493
-3.90974	 0.51945
-3.90641	 0.527987
-3.90307	 0.662686
-3.89974	 0.509748
-3.89641	 0.494183
-3.89307	 0.6831
-3.88974	 0.649706
-3.88641	 0.680652
-3.88307	 0.778236
-3.87974	 0.661944
-3.87641	 0.655865
-3.87308	 0.684244
-3.86974	 0.71218
-3.86641	 0.528968
-3.86308	 0.575759
-3.85974	 0.808364
-3.85641	 0.716867
-3.85308	 0.52908
-3.84974	 0.649175
-3.84641	 0.762194
-3.84308	 0.532714
-3.83974	 0.507848
-3.83641	 0.732157
-3.83308	 0.64182
-3.82974	 0.755655
-3.82641	 0.775018
-3.82308	 0.486656
-3.81975	 0.701586
-3.81641	 0.647415
-3.81308	 0.680511
-3.80975	 0.573957
-3.80641	 0.524309
-3.80308	 0.494191
-3.79975	 0.462561
-3.79641	 0.5142
-3.79308	 0.919846
-3.78975	 0.683514
-3.78641	 0.586502
-3.78308	 0.59034
-3.77975	 0.684554
-3.77641	 0.936233
-3.77308	 0.620957
-3.76975	 0.533058
-3.76642	 0.653766
-3.76308	 0.547165
-3.75975	 0.897841
-3.75642	 0.753262
-3.75308	 0.580453
-3.74975	 0.58429
-3.74642	 0.610872
-3.74308	 0.749798
-3.73975	 0.707967
-3.73642	 0.735975
-3.73308	 0.671231
-3.72975	 0.74817
-3.72642	 0.708684
-3.72309	 0.740152
-3.71975	 0.537636
-3.71642	 0.632666
-3.71309	 0.524158
-3.70975	 0.623565
-3.70642	 0.71324
-3.70309	 0.643668
-3.69975	 0.598174
-3.69642	 0.684344
-3.69309	 0.564952
-3.68975	 0.486197
-3.68642	 0.439958
-3.68309	 0.672365
-3.67975	 0.607999
-3.67642	 0.639544
-3.67309	 0.641268
-3.66976	 0.464641
-3.66642	 0.716382
-3.66309	 0.558312
-3.65976	 0.655498
-3.65642	 0.597639
-3.65309	 0.70306
-3.64976	 0.675952
-3.64642	 0.672801
-3.64309	 0.457107
-3.63976	 0.566066
-3.63642	 0.743184
-3.63309	 0.672993
-3.62976	 0.637114
-3.62642	 0.682092
-3.62309	 0.609408
-3.61976	 0.572051
-3.61643	 0.730702
-3.61309	 0.799724
-3.60976	 0.580485
-3.60643	 0.627127
-3.60309	 0.691285
-3.59976	 0.825499
-3.59643	 0.605531
-3.59309	 0.535465
-3.58976	 0.743531
-3.58643	 0.581609
-3.58309	 0.675654
-3.57976	 0.542801
-3.57643	 0.746776
-3.5731	 0.674425
-3.56976	 0.570107
-3.56643	 0.742289
-3.5631	 0.666764
-3.55976	 0.65529
-3.55643	 0.597986
-3.5531	 0.656126
-3.54976	 0.550346
-3.54643	 0.605935
-3.5431	 0.513845
-3.53976	 0.705726
-3.53643	 0.898698
-3.5331	 0.675903
-3.52976	 0.717712
-3.52643	 0.371307
-3.5231	 0.571599
-3.51977	 0.766258
-3.51643	 0.779259
-3.5131	 0.582286
-3.50977	 0.855041
-3.50643	 0.603552
-3.5031	 0.878972
-3.49977	 0.647894
-3.49643	 0.617183
-3.4931	 0.564257
-3.48977	 0.587274
-3.48643	 0.846763
-3.4831	 0.634769
-3.47977	 0.557054
-3.47643	 0.637471
-3.4731	 0.623576
-3.46977	 0.766516
-3.46644	 0.533912
-3.4631	 0.621155
-3.45977	 0.61208
-3.45644	 0.511354
-3.4531	 0.834244
-3.44977	 0.765008
-3.44644	 0.718246
-3.4431	 0.704258
-3.43977	 0.64481
-3.43644	 0.653405
-3.4331	 0.757239
-3.42977	 0.80055
-3.42644	 0.698413
-3.42311	 0.542464
-3.41977	 0.537363
-3.41644	 0.644992
-3.41311	 0.683986
-3.40977	 0.797083
-3.40644	 0.700069
-3.40311	 0.571657
-3.39977	 0.577175
-3.39644	 0.697435
-3.39311	 0.58066
-3.38977	 0.597932
-3.38644	 0.709796
-3.38311	 0.782257
-3.37977	 0.816036
-3.37644	 0.645381
-3.37311	 0.73854
-3.36978	 0.500999
-3.36644	 0.608244
-3.36311	 0.657432
-3.35978	 0.72549
-3.35644	 0.551368
-3.35311	 0.783732
-3.34978	 0.639719
-3.34644	 0.544512
-3.34311	 0.524971
-3.33978	 0.768724
-3.33644	 0.815161
-3.33311	 0.849566
-3.32978	 0.463786
-3.32644	 0.59383
-3.32311	 0.723177
-3.31978	 0.685284
-3.31645	 0.656099
-3.31311	 0.84322
-3.30978	 0.837305
-3.30645	 0.495204
-3.30311	 0.815522
-3.29978	 0.740028
-3.29645	 0.579223
-3.29311	 0.763715
-3.28978	 0.712562
-3.28645	 0.69298
-3.28311	 0.60589
-3.27978	 0.677651
-3.27645	 0.791509
-3.27312	 0.577571
-3.26978	 0.767084
-3.26645	 0.496216
-3.26312	 0.849551
-3.25978	 0.572533
-3.25645	 0.847232
-3.25312	 0.808123
-3.24978	 0.926552
-3.24645	 0.727472
-3.24312	 0.834077
-3.23978	 0.59064
-3.23645	 0.752783
-3.23312	 0.581962
-3.22978	 0.892842
-3.22645	 0.696706
-3.22312	 0.756238
-3.21979	 0.623301
-3.21645	 0.810073
-3.21312	 0.778805
-3.20979	 0.579689
-3.20645	 0.669952
-3.20312	 0.798018
-3.19979	 0.486277
-3.19645	 0.788353
-3.19312	 0.637666
-3.18979	 0.522973
-3.18645	 0.565342
-3.18312	 0.72634
-3.17979	 0.628671
-3.17645	 0.872403
-3.17312	 0.829705
-3.16979	 0.813285
-3.16646	 0.665801
-3.16312	 0.753915
-3.15979	 0.660956
-3.15646	 0.814756
-3.15312	 0.639241
-3.14979	 0.754908
-3.14646	 0.741026
-3.14312	 0.662524
-3.13979	 0.780297
-3.13646	 0.355895
-3.13312	 0.720022
-3.12979	 0.719462
-3.12646	 0.695206
-3.12313	 0.558161
-3.11979	 0.594763
-3.11646	 0.674857
-3.11313	 0.859588
-3.10979	 0.77184
-3.10646	 0.651124
-3.10313	 0.617869
-3.09979	 0.788172
-3.09646	 0.758352
-3.09313	 0.852776
-3.08979	 0.686801
-3.08646	 0.847051
-3.08313	 0.888342
-3.07979	 0.760926
-3.07646	 0.685916
-3.07313	 0.696176
-3.0698	 0.617555
-3.06646	 0.662833
-3.06313	 0.81535
-3.0598	 0.559541
-3.05646	 0.700844
-3.05313	 0.736688
-3.0498	 0.628023
-3.04646	 0.613498
-3.04313	 0.841352
-3.0398	 0.642999
-3.03646	 0.543816
-3.03313	 0.706204
-3.0298	 0.65544
-3.02646	 0.836322
-3.02313	 0.65446
-3.0198	 0.694754
-3.01647	 0.752522
-3.01313	 0.526642
-3.0098	 0.790453
-3.00647	 0.880605
-3.00313	 0.877037
-2.9998	 0.818155
-2.99647	 0.584764
-2.99313	 0.739632
-2.9898	 0.720673
-2.98647	 0.99353
-2.98313	 0.792651
-2.9798	 0.719783
-2.97647	 0.542553
-2.97314	 0.916749
-2.9698	 0.833052
-2.96647	 0.883571
-2.96314	 0.730153
-2.9598	 0.648292
-2.95647	 0.865892
-2.95314	 0.789027
-2.9498	 1.01059
-2.94647	 0.839369
-2.94314	 0.742156
-2.9398	 0.893616
-2.93647	 0.754568
-2.93314	 0.736123
-2.9298	 0.765281
-2.92647	 0.763973
-2.92314	 0.917775
-2.91981	 1.13949
-2.91647	 0.669309
-2.91314	 0.825534
-2.90981	 0.482618
-2.90647	 0.651279
-2.90314	 0.647046
-2.89981	 0.786879
-2.89647	 0.848945
-2.89314	 0.694163
-2.88981	 0.80659
-2.88647	 0.709553
-2.88314	 0.844717
-2.87981	 0.912117
-2.87647	 0.622501
-2.87314	 0.829664
-2.86981	 0.703664
-2.86648	 0.749684
-2.86314	 0.570842
-2.85981	 0.713986
-2.85648	 0.592744
-2.85314	 0.832592
-2.84981	 0.638393
-2.84648	 0.616152
-2.84314	 0.81469
-2.83981	 0.480456
-2.83648	 0.695276
-2.83314	 0.823205
-2.82981	 0.701484
-2.82648	 0.842316
-2.82315	 0.976723
-2.81981	 0.795073
-2.81648	 0.88311
-2.81315	 0.89919
-2.80981	 0.538941
-2.80648	 0.615592
-2.80315	 0.633946
-2.79981	 0.896098
-2.79648	 0.773807
-2.79315	 0.668054
-2.78981	 0.644886
-2.78648	 0.854178
-2.78315	 0.816598
-2.77981	 0.79926
-2.77648	 0.782824
-2.77315	 0.672828
-2.76982	 0.59272
-2.76648	 0.91987
-2.76315	 0.580985
-2.75982	 0.748687
-2.75648	 0.839186
-2.75315	 0.771437
-2.74982	 0.691777
-2.74648	 0.734999
-2.74315	 0.73798
-2.73982	 0.908296
-2.73648	 0.594758
-2.73315	 0.675952
-2.72982	 0.786363
-2.72648	 0.814506
-2.72315	 0.71802
-2.71982	 0.716177
-2.71649	 0.578275
-2.71315	 0.612015
-2.70982	 0.775166
-2.70649	 0.708721
-2.70315	 0.565391
-2.69982	 0.612156
-2.69649	 0.667126
-2.69315	 0.665194
-2.68982	 0.860038
-2.68649	 0.811293
-2.68315	 0.958551
-2.67982	 0.625081
-2.67649	 0.636252
-2.67316	 0.69938
-2.66982	 0.747253
-2.66649	 0.878597
-2.66316	 0.780957
-2.65982	 0.711959
-2.65649	 0.817334
-2.65316	 0.802536
-2.64982	 0.66363
-2.64649	 0.821206
-2.64316	 0.742478
-2.63982	 0.708187
-2.63649	 0.619689
-2.63316	 0.990722
-2.62982	 0.550251
-2.62649	 0.718218
-2.62316	 0.735901
-2.61983	 0.713286
-2.61649	 0.782648
-2.61316	 0.759235
-2.60983	 0.769819
-2.60649	 0.63849
-2.60316	 0.678675
-2.59983	 0.667471
-2.59649	 0.713254
-2.59316	 0.694805
-2.58983	 0.799383
-2.58649	 0.680475
-2.58316	 0.83601
-2.57983	 0.853872
-2.57649	 0.687622
-2.57316	 0.923256
-2.56983	 0.805443
-2.5665	 0.520409
-2.56316	 0.638638
-2.55983	 0.916467
-2.5565	 0.716601
-2.55316	 0.701075
-2.54983	 0.654954
-2.5465	 0.675927
-2.54316	 0.533708
-2.53983	 0.71966
-2.5365	 0.77744
-2.53316	 0.657749
-2.52983	 0.808113
-2.5265	 0.957313
-2.52317	 0.944987
-2.51983	 0.838685
-2.5165	 0.785679
-2.51317	 0.714603
-2.50983	 0.779504
-2.5065	 0.744107
-2.50317	 0.673037
-2.49983	 0.670709
-2.4965	 0.741857
-2.49317	 0.571781
-2.48983	 0.831164
-2.4865	 0.752195
-2.48317	 0.73224
-2.47983	 0.715469
-2.4765	 0.800942
-2.47317	 0.698758
-2.46984	 0.941529
-2.4665	 0.759334
-2.46317	 0.81508
-2.45984	 0.704435
-2.4565	 0.736206
-2.45317	 0.657176
-2.44984	 0.714356
-2.4465	 0.599548
-2.44317	 0.865638
-2.43984	 0.790895
-2.4365	 0.546639
-2.43317	 0.56517
-2.42984	 0.82465
-2.4265	 0.730296
-2.42317	 1.01558
-2.41984	 0.8548
-2.41651	 0.747853
-2.41317	 0.854369
-2.40984	 0.760679
-2.40651	 0.686099
-2.40317	 0.629819
-2.39984	 0.908341
-2.39651	 0.811342
-2.39317	 0.883312
-2.38984	 0.910748
-2.38651	 1.15477
-2.38317	 0.831213
-2.37984	 0.753661
-2.37651	 0.903317
-2.37318	 0.687664
-2.36984	 0.926778
-2.36651	 0.837479
-2.36318	 0.778412
-2.35984	 0.827085
-2.35651	 1.09089
-2.35318	 0.752048
-2.34984	 0.86299
-2.34651	 0.989816
-2.34318	 0.903869
-2.33984	 0.67201
-2.33651	 1.03025
-2.33318	 0.786277
-2.32984	 0.838277
-2.32651	 0.767161
-2.32318	 0.751984
-2.31985	 0.601605
-2.31651	 0.845248
-2.31318	 0.773214
-2.30985	 0.836924
-2.30651	 0.83456
-2.30318	 0.738532
-2.29985	 0.828312
-2.29651	 0.853872
-2.29318	 0.822789
-2.28985	 0.963542
-2.28651	 0.790059
-2.28318	 0.845897
-2.27985	 0.761686
-2.27651	 0.95048
-2.27318	 0.698439
-2.26985	 0.795732
-2.26652	 0.798591
-2.26318	 0.675778
-2.25985	 0.912278
-2.25652	 0.724174
-2.25318	 0.964246
-2.24985	 0.729396
-2.24652	 0.932844
-2.24318	 0.840965
-2.23985	 0.796593
-2.23652	 0.749533
-2.23318	 0.637094
-2.22985	 0.90876
-2.22652	 0.725027
-2.22319	 0.855926
-2.21985	 0.667642
-2.21652	 0.756499
-2.21319	 0.583072
-2.20985	 0.623875
-2.20652	 0.709291
-2.20319	 0.739627
-2.19985	 0.763903
-2.19652	 0.819061
-2.19319	 0.896891
-2.18985	 0.847807
-2.18652	 0.796697
-2.18319	 0.598144
-2.17985	 0.855448
-2.17652	 1.15324
-2.17319	 0.70996
-2.16986	 0.920089
-2.16652	 0.685269
-2.16319	 0.877828
-2.15986	 0.690587
-2.15652	 0.798615
-2.15319	 0.758308
-2.14986	 1.01314
-2.14652	 0.882371
-2.14319	 0.762809
-2.13986	 0.670581
-2.13652	 0.697311
-2.13319	 0.60326
-2.12986	 0.558413
-2.12652	 0.991928
-2.12319	 0.979509
-2.11986	 0.609561
-2.11653	 0.888449
-2.11319	 0.816906
-2.10986	 0.865609
-2.10653	 0.821611
-2.10319	 0.916865
-2.09986	 0.970108
-2.09653	 0.621683
-2.09319	 0.766009
-2.08986	 1.05985
-2.08653	 0.841896
-2.08319	 0.542544
-2.07986	 0.835157
-2.07653	 0.863413
-2.0732	 0.66675
-2.06986	 0.830008
-2.06653	 0.814515
-2.0632	 0.836063
-2.05986	 0.862972
-2.05653	 0.870856
-2.0532	 1.00136
-2.04986	 0.702818
-2.04653	 0.741157
-2.0432	 0.962729
-2.03986	 0.726671
-2.03653	 0.905403
-2.0332	 0.959881
-2.02986	 0.856829
-2.02653	 0.678337
-2.0232	 0.584635
-2.01987	 1.13545
-2.01653	 0.886305
-2.0132	 0.948753
-2.00987	 0.662919
-2.00653	 0.872988
-2.0032	 0.650101
-1.99987	 0.79547
-1.99653	 0.711929
-1.9932	 0.64017
-1.98987	 0.795612
-1.98653	 0.874878
-1.9832	 1.02917
-1.97987	 1.11377
-1.97653	 0.752382
-1.9732	 0.713777
-1.96987	 0.746917
-1.96654	 0.805377
-1.9632	 0.812727
-1.95987	 0.958248
-1.95654	 1.05233
-1.9532	 1.01207
-1.94987	 1.15101
-1.94654	 0.910392
-1.9432	 0.971884
-1.93987	 0.712304
-1.93654	 0.921831
-1.9332	 0.752195
-1.92987	 0.849379
-1.92654	 0.618077
-1.92321	 0.84958
-1.91987	 0.581161
-1.91654	 0.80108
-1.91321	 0.962993
-1.90987	 1.01593
-1.90654	 0.801494
-1.90321	 0.969935
-1.89987	 0.796262
-1.89654	 0.789308
-1.89321	 0.675207
-1.88987	 0.873238
-1.88654	 0.862129
-1.88321	 0.573555
-1.87987	 0.787584
-1.87654	 0.654695
-1.87321	 0.99744
-1.86988	 0.661812
-1.86654	 0.934008
-1.86321	 0.642532
-1.85988	 0.917129
-1.85654	 0.97345
-1.85321	 0.661001
-1.84988	 0.809895
-1.84654	 0.734918
-1.84321	 0.62068
-1.83988	 0.663756
-1.83654	 1.04658
-1.83321	 0.886003
-1.82988	 0.777142
-1.82654	 1.01364
-1.82321	 0.670334
-1.81988	 0.893389
-1.81655	 0.674085
-1.81321	 0.630894
-1.80988	 0.688607
-1.80655	 0.989549
-1.80321	 0.983068
-1.79988	 0.566263
-1.79655	 0.622569
-1.79321	 0.701577
-1.78988	 0.897578
-1.78655	 0.676688
-1.78321	 0.683671
-1.77988	 0.753854
-1.77655	 1.0431
-1.77322	 1.03479
-1.76988	 0.768371
-1.76655	 0.767434
-1.76322	 0.879851
-1.75988	 0.950288
-1.75655	 0.672109
-1.75322	 1.07489
-1.74988	 0.871524
-1.74655	 0.870644
-1.74322	 0.722158
-1.73988	 0.884228
-1.73655	 0.753624
-1.73322	 0.934107
-1.72988	 0.75143
-1.72655	 0.739291
-1.72322	 0.861437
-1.71989	 0.744692
-1.71655	 0.758083
-1.71322	 0.671005
-1.70989	 0.902774
-1.70655	 1.15938
-1.70322	 0.777288
-1.69989	 0.885844
-1.69655	 0.568591
-1.69322	 0.680426
-1.68989	 1.22851
-1.68655	 0.986315
-1.68322	 0.781212
-1.67989	 1.05541
-1.67655	 0.673539
-1.67322	 0.69844
-1.66989	 0.997389
-1.66656	 0.796417
-1.66322	 0.693731
-1.65989	 0.817861
-1.65656	 0.895239
-1.65322	 0.815728
-1.64989	 1.01591
-1.64656	 0.530827
-1.64322	 1.2848
-1.63989	 1.00237
-1.63656	 1.03638
-1.63322	 0.882794
-1.62989	 0.924418
-1.62656	 1.04169
-1.62323	 0.611061
-1.61989	 1.01313
-1.61656	 0.623236
-1.61323	 0.890083
-1.60989	 0.733243
-1.60656	 0.846295
-1.60323	 0.61977
-1.59989	 0.687953
-1.59656	 0.912863
-1.59323	 0.906483
-1.58989	 0.969612
-1.58656	 0.881117
-1.58323	 0.889464
-1.57989	 0.887875
-1.57656	 1.28955
-1.57323	 0.821762
-1.5699	 0.86072
-1.56656	 0.800356
-1.56323	 0.884108
-1.5599	 0.932088
-1.55656	 0.99544
-1.55323	 0.825724
-1.5499	 0.839126
-1.54656	 0.733275
-1.54323	 0.884268
-1.5399	 0.67582
-1.53656	 0.94545
-1.53323	 0.872293
-1.5299	 0.587085
-1.52656	 0.856743
-1.52323	 1.12287
-1.5199	 0.988574
-1.51657	 0.814848
-1.51323	 0.788725
-1.5099	 0.812287
-1.50657	 1.07973
-1.50323	 0.807946
-1.4999	 0.701363
-1.49657	 1.02498
-1.49323	 0.986153
-1.4899	 0.908012
-1.48657	 1.02335
-1.48323	 0.828431
-1.4799	 0.972826
-1.47657	 0.93465
-1.47324	 0.757299
-1.4699	 0.768697
-1.46657	 0.980128
-1.46324	 0.776854
-1.4599	 0.868651
-1.45657	 0.639079
-1.45324	 0.77928
-1.4499	 0.695193
-1.44657	 0.984772
-1.44324	 0.754768
-1.4399	 0.869541
-1.43657	 0.825824
-1.43324	 0.803252
-1.4299	 0.623945
-1.42657	 0.747195
-1.42324	 0.802877
-1.41991	 0.953638
-1.41657	 0.966878
-1.41324	 0.79898
-1.40991	 0.898075
-1.40657	 0.788135
-1.40324	 0.67951
-1.39991	 0.77617
-1.39657	 0.894728
-1.39324	 0.875712
-1.38991	 0.993004
-1.38657	 0.728755
-1.38324	 0.803942
-1.37991	 0.853502
-1.37657	 0.911053
-1.37324	 0.753797
-1.36991	 1.02438
-1.36658	 1.23555
-1.36324	 0.908742
-1.35991	 0.915347
-1.35658	 0.715253
-1.35324	 0.804591
-1.34991	 0.752396
-1.34658	 0.518862
-1.34324	 0.901505
-1.33991	 0.925088
-1.33658	 0.979325
-1.33324	 0.64743
-1.32991	 0.788471
-1.32658	 0.849224
-1.32325	 0.963888
-1.31991	 0.756671
-1.31658	 1.148
-1.31325	 0.803732
-1.30991	 0.791597
-1.30658	 0.861974
-1.30325	 0.990383
-1.29991	 1.01743
-1.29658	 0.759116
-1.29325	 0.858228
-1.28991	 0.897221
-1.28658	 1.21689
-1.28325	 0.971417
-1.27991	 0.910424
-1.27658	 0.725237
-1.27325	 0.850167
-1.26992	 1.14183
-1.26658	 0.850317
-1.26325	 0.72074
-1.25992	 0.822411
-1.25658	 0.949414
-1.25325	 0.71959
-1.24992	 0.677561
-1.24658	 0.735187
-1.24325	 0.861065
-1.23992	 0.769508
-1.23658	 1.08481
-1.23325	 0.793462
-1.22992	 0.838079
-1.22658	 0.953933
-1.22325	 0.97209
-1.21992	 1.1005
-1.21659	 1.01445
-1.21325	 0.962556
-1.20992	 1.01847
-1.20659	 0.932724
-1.20325	 0.797492
-1.19992	 0.706246
-1.19659	 1.00322
-1.19325	 0.965291
-1.18992	 0.852244
-1.18659	 0.786068
-1.18325	 0.904141
-1.17992	 0.829923
-1.17659	 0.804488
-1.17326	 0.884332
-1.16992	 0.659995
-1.16659	 1.13474
-1.16326	 1.08431
-1.15992	 1.10357
-1.15659	 0.707997
-1.15326	 0.777904
-1.14992	 0.754203
-1.14659	 0.954109
-1.14326	 1.27462
-1.13992	 0.912668
-1.13659	 1.05765
-1.13326	 0.744097
-1.12992	 0.8919
-1.12659	 0.689512
-1.12326	 0.688899
-1.11993	 0.716242
-1.11659	 0.660192
-1.11326	 0.873985
-1.10993	 0.902863
-1.10659	 0.831894
-1.10326	 0.81175
-1.09993	 1.04863
-1.09659	 0.894198
-1.09326	 0.835337
-1.08993	 0.841111
-1.08659	 1.09569
-1.08326	 0.855576
-1.07993	 0.637001
-1.07659	 0.655279
-1.07326	 0.654457
-1.06993	 0.888602
-1.0666	 0.909111
-1.06326	 0.967438
-1.05993	 0.929865
-1.0566	 0.791723
-1.05326	 0.996639
-1.04993	 0.931621
-1.0466	 1.11541
-1.04326	 1.19513
-1.03993	 0.752219
-1.0366	 1.06915
-1.03326	 1.11337
-1.02993	 0.97677
-1.0266	 0.969675
-1.02327	 0.816869
-1.01993	 0.845607
-1.0166	 0.978039
-1.01327	 0.82495
-1.00993	 0.727731
-1.0066	 0.953199
-1.00327	 1.00378
-0.999933	 0.821629
-0.9966	 1.00609
-0.993267	 0.970794
-0.989934	 0.787438
-0.986601	 0.72917
-0.983268	 0.795749
-0.979935	 1.06594
-0.976602	 0.922333
-0.973268	 1.05019
-0.969935	 0.996031
-0.966602	 0.851043
-0.963269	 1.03532
-0.959936	 0.671083
-0.956603	 0.854246
-0.95327	 0.909818
-0.949937	 0.848406
-0.946604	 1.06094
-0.94327	 1.08704
-0.939937	 1.08766
-0.936604	 1.20125
-0.933271	 0.898357
-0.929938	 1.29841
-0.926605	 0.82497
-0.923272	 1.04035
-0.919939	 0.797182
-0.916606	 0.89443
-0.913272	 0.726232
-0.909939	 0.621071
-0.906606	 1.19831
-0.903273	 0.99161
-0.89994	 0.800002
-0.896607	 0.880431
-0.893274	 0.733145
-0.889941	 0.76303
-0.886608	 0.854543
-0.883274	 0.722907
-0.879941	 0.980604
-0.876608	 1.04563
-0.873275	 0.91071
-0.869942	 0.872278
-0.866609	 0.956799
-0.863276	 0.75566
-0.859943	 0.934623
-0.85661	 1.37591
-0.853276	 0.924124
-0.849943	 0.94795
-0.84661	 1.11019
-0.843277	 0.674675
-0.839944	 0.976728
-0.836611	 0.719752
-0.833278	 0.653028
-0.829945	 1.51702
-0.826612	 0.639769
-0.823278	 0.857878
-0.819945	 1.05983
-0.816612	 1.20018
-0.813279	 0.942867
-0.809946	 0.823404
-0.806613	 0.985489
-0.80328	 0.895025
-0.799947	 1.00589
-0.796614	 0.8755
-0.79328	 0.719424
-0.789947	 0.848755
-0.786614	 0.87807
-0.783281	 1.28104
-0.779948	 1.08677
-0.776615	 0.827599
-0.773282	 0.712325
-0.769949	 0.617312
-0.766616	 0.994855
-0.763282	 1.11551
-0.759949	 0.683545
-0.756616	 0.904024
-0.753283	 0.898653
-0.74995	 0.869743
-0.746617	 0.946141
-0.743284	 0.765407
-0.739951	 0.803947
-0.736618	 0.713028
-0.733284	 1.00456
-0.729951	 1.25432
-0.726618	 1.15329
-0.723285	 1.0133
-0.719952	 0.81427
-0.716619	 1.30605
-0.713286	 0.768472
-0.709953	 1.16561
-0.70662	 1.17537
-0.703286	 0.765261
-0.699953	 0.839943
-0.69662	 0.759478
-0.693287	 0.860521
-0.689954	 0.681568
-0.686621	 1.11103
-0.683288	 0.916333
-0.679955	 1.03914
-0.676622	 0.876229
-0.673288	 0.924515
-0.669955	 0.695212
-0.666622	 0.804524
-0.663289	 0.791501
-0.659956	 1.01846
-0.656623	 0.757914
-0.65329	 0.787216
-0.649957	 0.6057
-0.646624	 1.03305
-0.64329	 0.767995
-0.639957	 0.849176
-0.636624	 1.09543
-0.633291	 1.09551
-0.629958	 0.648285
-0.626625	 0.809272
-0.623292	 1.18704
-0.619959	 0.975366
-0.616626	 0.830099
-0.613292	 0.934052
-0.609959	 0.968379
-0.606626	 1.06985
-0.603293	 1.0247
-0.59996	 1.14506
-0.596627	 0.870322
-0.593294	 0.723149
-0.589961	 0.976079
-0.586628	 0.774732
-0.583294	 0.917044
-0.579961	 0.980652
-0.576628	 1.28234
-0.573295	 0.938692
-0.569962	 0.756879
-0.566629	 1.03645
-0.563296	 0.974053
-0.559963	 1.05746
-0.55663	 0.906545
-0.553296	 0.90991
-0.549963	 1.0854
-0.54663	 0.838107
-0.543297	 1.25541
-0.539964	 0.568974
-0.536631	 0.950644
-0.533298	 0.916986
-0.529965	 0.979178
-0.526632	 1.0699
-0.523298	 0.745618
-0.519965	 1.01833
-0.516632	 0.882907
-0.513299	 0.881782
-0.509966	 0.928667
-0.506633	 0.92444
-0.5033	 1.15711
-0.499967	 0.533733
-0.496634	 1.09206
-0.4933	 1.00092
-0.489967	 0.821056
-0.486634	 0.834901
-0.483301	 0.904305
-0.479968	 0.97783
-0.476635	 0.656571
-0.473302	 0.942638
-0.469969	 0.812133
-0.466636	 0.706444
-0.463302	 0.813638
-0.459969	 1.18234
-0.456636	 0.951533
-0.453303	 0.953306
-0.44997	 0.962726
-0.446637	 0.935517
-0.443304	 0.652157
-0.439971	 0.938535
-0.436638	 0.968396
-0.433304	 0.702622
-0.429971	 0.895823
-0.426638	 1.04478
-0.423305	 0.901925
-0.419972	 1.00036
-0.416639	 0.910337
-0.413306	 1.22789
-0.409973	 0.607779
-0.40664	 0.933557
-0.403306	 0.839088
-0.399973	 1.10694
-0.39664	 0.812779
-0.393307	 0.773531
-0.389974	 1.08973
-0.386641	 0.789779
-0.383308	 1.00576
-0.379975	 1.00462
-0.376642	 0.920938
-0.373308	 0.646965
-0.369975	 0.783665
-0.366642	 0.748064
-0.363309	 0.783414
-0.359976	 0.815514
-0.356643	 0.828724
-0.35331	 1.02868
-0.349977	 0.872926
-0.346644	 0.829144
-0.34331	 1.00949
-0.339977	 1.15578
-0.336644	 0.745237
-0.333311	 0.998173
-0.329978	 0.860317
-0.326645	 0.97264
-0.323312	 0.720381
-0.319979	 0.835208
-0.316646	 1.03121
-0.313312	 0.997865
-0.309979	 0.858253
-0.306646	 1.1561
-0.303313	 0.82069
-0.29998	 0.859381
-0.296647	 0.851998
-0.293314	 0.810273
-0.289981	 0.808404
-0.286648	 0.970767
-0.283314	 0.789377
-0.279981	 0.95965
-0.276648	 0.693873
-0.273315	 1.03368
-0.269982	 0.805996
-0.266649	 1.0191
-0.263316	 0.97843
-0.259983	 1.01667
-0.25665	 1.25511
-0.253316	 0.86015
-0.249983	 0.891711
-0.24665	 1.05937
-0.243317	 1.02107
-0.239984	 1.03156
-0.236651	 1.09712
-0.233318	 0.988943
-0.229985	 0.799344
-0.226652	 0.863308
-0.223318	 1.0131
-0.219985	 0.498806
-0.216652	 0.746822
-0.213319	 0.986036
-0.209986	 1.10619
-0.206653	 0.858002
-0.20332	 0.759106
-0.199987	 0.795337
-0.196654	 1.10036
-0.19332	 1.12822
-0.189987	 1.19108
-0.186654	 0.877133
-0.183321	 0.582659
-0.179988	 0.702329
-0.176655	 0.875918
-0.173322	 1.06233
-0.169989	 1.00657
-0.166656	 0.905634
-0.163322	 1.16854
-0.159989	 0.982934
-0.156656	 1.14698
-0.153323	 1.08765
-0.14999	 0.796604
-0.146657	 0.929484
-0.143324	 0.722917
-0.139991	 0.977641
-0.136658	 0.801867
-0.133324	 1.06388
-0.129991	 0.756378
-0.126658	 0.850316
-0.123325	 0.662442
-0.119992	 0.903417
-0.116659	 1.03783
-0.113326	 0.814104
-0.109993	 1.27776
-0.10666	 1.11417
-0.103326	 0.980805
-0.0999933	 0.816286
-0.0966602	 0.902593
-0.0933271	 0.859915
-0.089994	 0.960866
-0.0866609	 1.16237
-0.0833278	 1.05292
-0.0799947	 1.18674
-0.0766616	 1.19038
-0.0733284	 0.981828
-0.0699953	 0.857761
-0.0666622	 1.00711
-0.0633291	 1.04473
-0.059996	 0.846308
-0.0566629	 1.03183
-0.0533298	 0.737348
-0.0499967	 1.13764
-0.0466636	 1.18901
-0.0433304	 0.669678
-0.0399973	 1.14014
-0.0366642	 0.812869
-0.0333311	 0.927761
-0.029998	 0.995571
-0.0266649	 0.676079
-0.0233318	 0.978148
-0.0199987	 0.781617
-0.0166656	 0.914663
-0.0133324	 1.02075
-0.00999933	 0.937268
-0.00666622	 1.08102
-0.00333311	 0.0128094
0	 1
0.00333311	 0.836109
0.00666622	 1.2386
0.00999933	 0.806572
0.0133324	 1.12945
0.0166656	 0.764278
0.0199987	 0.87763
0.0233318	 0.984854
0.0266649	 1.51611
0.029998	 0.940041
0.0333311	 0.905944
0.0366642	 1.08813
0.0399973	 1.31202
0.0433304	 0.833832
0.0466636	 0.826588
0.0499967	 1.66813
0.0533298	 0.921076
0.0566629	 0.777576
0.059996	 0.967195
0.0633291	 1.01793
0.0666622	 1.03701
0.0699953	 1.20486
0.0733284	 1.03407
0.0766616	 0.829492
0.0799947	 0.78656
0.0833278	 1.17252
0.0866609	 1.03557
0.089994	 0.764568
0.0933271	 0.990794
0.0966602	 0.804685
0.0999933	 0.925438
0.103326	 0.99457
0.10666	 0.753862
0.109993	 0.821007
0.113326	 0.58158
0.116659	 1.01873
0.119992	 0.915865
0.123325	 1.02111
0.126658	 0.873885
0.129991	 0.745184
0.133324	 0.826508
0.136658	 0.909493
0.139991	 0.746704
0.143324	 1.17775
0.146657	 1.00507
0.14999	 0.907229
0.153323	 0.831025
0.156656	 1.03048
0.159989	 0.960865
0.163322	 0.839531
0.166656	 0.793146
0.169989	 0.931443
0.173322	 0.910872
0.176655	 1.32918
0.179988	 0.958461
0.183321	 1.02515
0.186654	 0.839762
0.189987	 0.661636
0.19332	 0.728755
0.196654	 0.982993
0.199987	 0.73475
0.20332	 0.825951
0.206653	 1.08903
0.209986	 0.928211
0.213319	 1.03071
0.216652	 0.747125
0.219985	 1.16752
0.223318	 0.768919
0.226652	 0.671929
0.229985	 0.853573
0.233318	 0.974467
0.236651	 1.16959
0.239984	 1.29163
0.243317	 1.11064
0.24665	 0.943104
0.249983	 0.696361
0.253316	 1.02517
0.25665	 0.776302
0.259983	 1.11763
0.263316	 1.13956
0.266649	 0.676476
0.269982	 1.1225
0.273315	 0.84112
0.276648	 0.843309
0.279981	 0.837204
0.283314	 0.908381
0.286648	 0.926855
0.289981	 1.04072
0.293314	 0.866279
0.296647	 0.835389
0.29998	 0.751752
0.303313	 0.943834
0.306646	 0.796526
0.309979	 0.837217
0.313312	 0.855414
0.316646	 1.21756
0.319979	 0.871033
0.323312	 0.834714
0.326645	 0.770458
0.329978	 1.13441
0.333311	 0.857249
0.336644	 0.756835
0.339977	 0.803632
0.34331	 1.04455
0.346644	 0.867037
0.349977	 0.635525
0.35331	 0.817011
0.356643	 0.989344
0.359976	 0.910016
0.363309	 0.942486
0.366642	 0.819162
0.369975	 0.785193
0.373308	 0.804892
0.376642	 1.08456
0.379975	 1.02116
0.383308	 0.891816
0.386641	 1.1115
0.389974	 1.0394
0.393307	 1.26516
0.39664	 0.818812
0.399973	 0.670927
0.403306	 0.932454
0.40664	 0.767039
0.409973	 1.32616
0.413306	 0.879774
0.416639	 0.762066
0.419972	 1.08719
0.423305	 1.02985
0.426638	 0.875555
0.429971	 1.0125
0.433304	 0.690469
0.436638	 1.13476
0.439971	 0.88391
0.443304	 0.938268
0.446637	 0.741016
0.44997	 0.617129
0.453303	 0.892398
0.456636	 1.06102
0.459969	 0.91636
0.463302	 0.620391
0.466636	 0.909818
0.469969	 0.757977
0.473302	 1.03001
0.476635	 0.911092
0.479968	 0.874167
0.483301	 1.10792
0.486634	 0.915939
0.489967	 0.74116
0.4933	 0.984531
0.496634	 1.09678
0.499967	 0.939235
0.5033	 1.00062
0.506633	 1.04481
0.509966	 0.880601
0.513299	 0.870178
0.516632	 0.916667
0.519965	 1.0757
0.523298	 0.906206
0.526632	 0.894748
0.529965	 0.897933
0.533298	 0.871487
0.536631	 1.07472
0.539964	 0.7425
0.543297	 1.03114
0.54663	 0.73257
0.549963	 0.858187
0.553296	 0.851123
0.55663	 0.841837
0.559963	 0.734016
0.563296	 1.11552
0.566629	 1.2078
0.569962	 1.03972
0.573295	 0.898741
0.576628	 0.744374
0.579961	 0.664339
0.583294	 0.938824
0.586628	 1.09034
0.589961	 1.18226
0.593294	 0.715114
0.596627	 1.17346
0.59996	 0.9926
0.603293	 0.854655
0.606626	 0.933477
0.609959	 0.912196
0.613292	 0.975187
0.616626	 0.70111
0.619959	 0.652718
0.623292	 0.834245
0.626625	 1.0221
0.629958	 1.13152
0.633291	 0.868373
0.636624	 1.24592
0.639957	 0.927418
0.64329	 0.967593
0.646624	 0.680498
0.649957	 0.64197
0.65329	 1.0202
0.656623	 1.08162
0.659956	 0.89266
0.663289	 0.827303
0.666622	 0.837833
0.669955	 1.1689
0.673288	 0.869855
0.676622	 0.688919
0.679955	 0.976337
0.683288	 0.937451
0.686621	 0.922561
0.689954	 0.953733
0.693287	 0.992904
0.69662	 0.670526
0.699953	 0.676782
0.703286	 0.813475
0.70662	 1.23804
0.709953	 1.18425
0.713286	 0.532843
0.716619	 1.06125
0.719952	 1.41972
0.723285	 0.729546
0.726618	 0.873286
0.729951	 1.05819
0.733284	 1.04883
0.736618	 1.09565
0.739951	 0.867749
0.743284	 1.00836
0.746617	 0.712893
0.74995	 1.01732
0.753283	 0.604405
0.756616	 1.14717
0.759949	 0.83988
0.763282	 0.644698
0.766616	 0.75419
0.769949	 1.20516
0.773282	 1.01436
0.776615	 0.845465
0.779948	 0.781425
0.783281	 1.13358
0.786614	 0.813538
0.789947	 0.944223
0.79328	 1.00994
0.796614	 0.907053
0.799947	 0.887723
0.80328	 0.780514
0.806613	 0.932609
0.809946	 1.06438
0.813279	 1.03494
0.816612	 1.03573
0.819945	 0.996001
0.823278	 1.10577
0.826612	 1.07384
0.829945	 1.0158
0.833278	 0.613105
0.836611	 0.734959
0.839944	 0.571302
0.843277	 0.731478
0.84661	 1.06623
0.849943	 1.10472
0.853276	 1.08511
0.85661	 1.04084
0.859943	 0.61618
0.863276	 1.08752
0.866609	 0.871302
0.869942	 0.75816
0.873275	 0.645522
0.876608	 1.15645
0.879941	 0.799643
0.883274	 0.868209
0.886608	 0.829631
0.889941	 0.868284
0.893274	 0.714013
0.896607	 0.864321
0.89994	 0.826665
0.903273	 1.00848
0.906606	 1.11884
0.909939	 1.22474
0.913272	 0.885491
0.916606	 0.970873
0.919939	 0.89213
0.923272	 0.631038
0.926605	 0.852122
0.929938	 0.908028
0.933271	 1.18746
0.936604	 0.860708
0.939937	 0.956044
0.94327	 0.853567
0.946604	 0.919676
0.949937	 1.04447
0.95327	 0.792297
0.956603	 1.14925
0.959936	 1.15298
0.963269	 0.997875
0.966602	 0.988656
0.969935	 1.16041
0.973268	 1.06429
0.976602	 0.990964
0.979935	 1.07136
0.983268	 0.617717
0.986601	 0.941133
0.989934	 0.761011
0.993267	 0.79582
0.9966	 0.943648
0.999933	 0.867241
1.00327	 0.811948
1.0066	 0.982563
1.00993	 1.17265
1.01327	 1.01584
1.0166	 0.815151
1.01993	 0.841534
1.02327	 0.968205
1.0266	 0.995542
1.02993	 0.862629
1.03326	 0.91978
1.0366	 0.584779
1.03993	 0.770556
1.04326	 0.983336
1.0466	 0.919941
1.04993	 0.718066
1.05326	 0.70074
1.0566	 0.962984
1.05993	 0.82843
1.06326	 0.997011
1.0666	 1.12267
1.06993	 1.12475
1.07326	 0.833854
1.07659	 0.975613
1.07993	 0.846436
1.08326	 0.868132
1.08659	 1.03956
1.08993	 0.765725
1.09326	 0.930231
1.09659	 0.83849
1.09993	 0.93882
1.10326	 0.530283
1.10659	 0.87692
1.10993	 1.0057
1.11326	 0.83626
1.11659	 0.948007
1.11993	 0.97681
1.12326	 0.827912
1.12659	 0.689413
1.12992	 0.877722
1.13326	 1.20676
1.13659	 0.91901
1.13992	 1.22205
1.14326	 0.821048
1.14659	 0.808222
1.14992	 0.892721
1.15326	 0.929341
1.15659	 0.850812
1.15992	 0.94591
1.16326	 1.10165
1.16659	 1.07907
1.16992	 0.886828
1.17326	 1.01821
1.17659	 1.099
1.17992	 0.828384
1.18325	 0.759581
1.18659	 0.732094
1.18992	 0.755418
1.19325	 0.883845
1.19659	 1.01671
1.19992	 0.9391
1.20325	 1.04757
1.20659	 0.585971
1.20992	 0.78674
1.21325	 0.808507
1.21659	 0.601837
1.21992	 0.711442
1.22325	 0.951477
1.22658	 1.08512
1.22992	 1.11815
1.23325	 0.733818
1.23658	 0.99686
1.23992	 0.955992
1.24325	 0.990351
1.24658	 1.14133
1.24992	 0.865753
1.25325	 0.747638
1.25658	 0.890387
1.25992	 0.67778
1.26325	 0.788316
1.26658	 1.14759
1.26992	 1.03501
1.27325	 0.917437
1.27658	 0.834613
1.27991	 0.923505
1.28325	 0.871839
1.28658	 0.769771
1.28991	 0.656881
1.29325	 0.818175
1.29658	 0.696484
1.29991	 1.00544
1.30325	 0.682051
1.30658	 0.903121
1.30991	 0.728095
1.31325	 0.926231
1.31658	 0.546811
1.31991	 1.00345
1.32325	 1.00236
1.32658	 0.831402
1.32991	 0.905457
1.33324	 0.89252
1.33658	 0.97683
1.33991	 0.908923
1.34324	 0.853864
1.34658	 0.475091
1.34991	 0.995398
1.35324	 0.911862
1.35658	 0.731315
1.35991	 0.600008
1.36324	 1.08717
1.36658	 0.784065
1.36991	 1.08318
1.37324	 0.884353
1.37657	 0.95731
1.37991	 0.668628
1.38324	 0.662011
1.38657	 0.793842
1.38991	 0.735972
1.39324	 0.586002
1.39657	 1.10465
1.39991	 0.907689
1.40324	 0.907096
1.40657	 1.05728
1.40991	 1.08122
1.41324	 0.662571
1.41657	 0.851388
1.41991	 0.929035
1.42324	 0.785666
1.42657	 0.909518
1.4299	 0.691141
1.43324	 0.950881
1.43657	 1.12399
1.4399	 0.911683
1.44324	 0.676271
1.44657	 1.27357
1.4499	 0.625735
1.45324	 0.857448
1.45657	 0.835954
1.4599	 0.727178
1.46324	 0.856856
1.46657	 0.912874
1.4699	 0.912989
1.47324	 0.988767
1.47657	 0.79844
1.4799	 0.64183
1.48323	 0.583629
1.48657	 0.850434
1.4899	 1.25132
1.49323	 0.872898
1.49657	 0.708602
1.4999	 0.666509
1.50323	 0.987207
1.50657	 0.763172
1.5099	 0.736588
1.51323	 0.689629
1.51657	 0.886206
1.5199	 0.9694
1.52323	 0.778079
1.52656	 0.851095
1.5299	 1.04438
1.53323	 0.817207
1.53656	 0.789957
1.5399	 0.597899
1.54323	 0.487423
1.54656	 0.86758
1.5499	 0.588507
1.55323	 0.692287
1.55656	 0.637377
1.5599	 1.14308
1.56323	 0.809249
1.56656	 0.665688
1.5699	 1.03428
1.57323	 0.697916
1.57656	 0.951224
1.57989	 0.986017
1.58323	 0.774457
1.58656	 0.815132
1.58989	 0.68818
1.59323	 0.810099
1.59656	 0.863915
1.59989	 1.0841
1.60323	 0.606638
1.60656	 0.992602
1.60989	 0.950472
1.61323	 0.977319
1.61656	 0.943858
1.61989	 1.06432
1.62323	 0.720772
1.62656	 0.65603
1.62989	 0.882876
1.63322	 0.787223
1.63656	 1.06174
1.63989	 0.522246
1.64322	 0.966169
1.64656	 0.773207
1.64989	 1.07449
1.65322	 0.449757
1.65656	 0.866866
1.65989	 0.665844
1.66322	 0.867405
1.66656	 0.651026
1.66989	 1.02575
1.67322	 0.637715
1.67655	 1.02039
1.67989	 0.96855
1.68322	 0.939792
1.68655	 0.869113
1.68989	 0.711024
1.69322	 0.947417
1.69655	 0.939591
1.69989	 0.610925
1.70322	 0.947186
1.70655	 0.908963
1.70989	 0.746661
1.71322	 0.862984
1.71655	 0.899023
1.71989	 0.774075
1.72322	 0.708655
1.72655	 0.732593
1.72988	 0.929884
1.73322	 1.01258
1.73655	 0.918385
1.73988	 1.02805
1.74322	 1.10401
1.74655	 0.777273
1.74988	 0.825926
1.75322	 0.616988
1.75655	 1.12113
1.75988	 0.755764
1.76322	 0.644024
1.76655	 0.763239
1.76988	 0.723857
1.77322	 0.752862
1.77655	 0.77801
1.77988	 0.750623
1.78321	 0.788584
1.78655	 0.739394
1.78988	 0.824905
1.79321	 0.768669
1.79655	 0.88287
1.79988	 0.92481
1.80321	 0.770821
1.80655	 0.811323
1.80988	 0.702924
1.81321	 0.814469
1.81655	 0.708591
1.81988	 0.667562
1.82321	 0.876542
1.82654	 0.79851
1.82988	 0.514117
1.83321	 0.912498
1.83654	 0.807852
1.83988	 0.723028
1.84321	 1.03109
1.84654	 0.888452
1.84988	 0.696145
1.85321	 0.82065
1.85654	 0.799273
1.85988	 0.715236
1.86321	 0.85534
1.86654	 1.07521
1.86988	 0.83777
1.87321	 0.806601
1.87654	 0.749866
1.87987	 0.442827
1.88321	 0.79833
1.88654	 0.719447
1.88987	 1.01048
1.89321	 0.829912
1.89654	 0.934754
1.89987	 1.01256
1.90321	 0.77131
1.90654	 0.942565
1.90987	 0.701208
1.91321	 0.897302
1.91654	 0.617747
1.91987	 0.684063
1.92321	 0.944324
1.92654	 0.708113
1.92987	 0.851264
1.9332	 0.73591
1.93654	 0.684772
1.93987	 0.846634
1.9432	 0.865885
1.94654	 0.862542
1.94987	 0.931567
1.9532	 1.07835
1.95654	 0.770318
1.95987	 0.85448
1.9632	 0.731354
1.96654	 0.828647
1.96987	 0.994548
1.9732	 0.823351
1.97653	 0.586962
1.97987	 0.74656
1.9832	 0.822722
1.98653	 0.774447
1.98987	 0.920803
1.9932	 1.04471
1.99653	 0.839654
1.99987	 0.811153
2.0032	 1.19434
2.00653	 0.962275
2.00987	 0.836461
2.0132	 0.895665
2.01653	 0.818533
2.01987	 0.792319
2.0232	 0.776648
2.02653	 1.06765
2.02986	 0.821141
2.0332	 0.756109
2.03653	 0.898704
2.03986	 0.752349
2.0432	 0.648813
2.04653	 0.827038
2.04986	 0.786321
2.0532	 0.735524
2.05653	 0.693259
2.05986	 0.942595
2.0632	 1.02447
2.06653	 0.770834
2.06986	 0.824462
2.0732	 0.878286
2.07653	 0.953255
2.07986	 1.16403
2.08319	 0.619451
2.08653	 0.851343
2.08986	 0.848222
2.09319	 0.894628
2.09653	 1.1937
2.09986	 0.770164
2.10319	 0.701169
2.10653	 0.925367
2.10986	 1.03309
2.11319	 0.562361
2.11653	 0.648342
2.11986	 0.853896
2.12319	 0.579952
2.12652	 0.865185
2.12986	 0.916502
2.13319	 1.09141
2.13652	 1.05843
2.13986	 0.830461
2.14319	 0.816707
2.14652	 0.781241
2.14986	 0.722716
2.15319	 1.06095
2.15652	 0.728849
2.15986	 0.667935
2.16319	 0.798416
2.16652	 0.902012
2.16986	 0.525339
2.17319	 0.886083
2.17652	 0.850537
2.17985	 0.94247
2.18319	 0.797592
2.18652	 0.628798
2.18985	 0.94358
2.19319	 0.478969
2.19652	 0.742813
2.19985	 0.727122
2.20319	 0.859099
2.20652	 0.89234
2.20985	 0.659304
2.21319	 0.812254
2.21652	 0.821177
2.21985	 0.848531
2.22319	 0.87054
2.22652	 0.743604
2.22985	 0.844805
2.23318	 0.881221
2.23652	 0.685084
2.23985	 0.741688
2.24318	 0.752193
2.24652	 0.895648
2.24985	 0.991043
2.25318	 0.997168
2.25652	 0.615773
2.25985	 1.04329
2.26318	 0.752241
2.26652	 0.752414
2.26985	 0.954454
2.27318	 0.750778
2.27651	 0.991475
2.27985	 0.705486
2.28318	 0.522603
2.28651	 0.679904
2.28985	 0.761172
2.29318	 0.556029
2.29651	 0.542445
2.29985	 0.831675
2.30318	 0.715562
2.30651	 0.785898
2.30985	 0.428318
2.31318	 0.701216
2.31651	 0.835096
2.31985	 0.692117
2.32318	 0.911642
2.32651	 0.921708
2.32984	 0.853685
2.33318	 0.861638
2.33651	 1.01229
2.33984	 0.781364
2.34318	 0.925671
2.34651	 0.617623
2.34984	 0.681368
2.35318	 0.717745
2.35651	 0.694159
2.35984	 0.676524
2.36318	 0.713437
2.36651	 0.802951
2.36984	 1.01738
2.37318	 0.880605
2.37651	 0.687811
2.37984	 0.704021
2.38317	 0.892366
2.38651	 0.700932
2.38984	 0.937966
2.39317	 0.764994
2.39651	 0.840926
2.39984	 0.653276
2.40317	 0.808582
2.40651	 0.750783
2.40984	 1.02681
2.41317	 0.798103
2.41651	 0.872835
2.41984	 0.892613
2.42317	 0.831322
2.4265	 0.692607
2.42984	 0.908698
2.43317	 0.741705
2.4365	 0.954648
2.43984	 0.948174
2.44317	 0.799717
2.4465	 0.981059
2.44984	 1.16094
2.45317	 0.683356
2.4565	 0.767708
2.45984	 0.871696
2.46317	 0.592004
2.4665	 0.716513
2.46984	 0.772353
2.47317	 0.637494
2.4765	 0.489929
2.47983	 0.760524
2.48317	 0.651425
2.4865	 0.506616
2.48983	 0.555277
2.49317	 1.02929
2.4965	 0.802754
2.49983	 0.747282
2.50317	 0.713551
2.5065	 0.660168
2.50983	 0.680038
2.51317	 0.709751
2.5165	 0.91624
2.51983	 0.63498
2.52317	 0.823531
2.5265	 0.821119
2.52983	 0.83412
2.53316	 0.813005
2.5365	 0.753523
2.53983	 0.783653
2.54316	 0.925956
2.5465	 0.794381
2.54983	 0.816729
2.55316	 0.596695
2.5565	 1.01782
2.55983	 0.743143
2.56316	 0.7491
2.5665	 1.02578
2.56983	 0.879304
2.57316	 0.853718
2.57649	 0.961735
2.57983	 0.83687
2.58316	 0.841951
2.58649	 0.696939
2.58983	 0.829998
2.59316	 0.850883
2.59649	 0.85562
2.59983	 0.807986
2.60316	 0.771862
2.60649	 0.816051
2.60983	 0.711496
2.61316	 0.947975
2.61649	 0.867322
2.61983	 0.812724
2.62316	 0.969811
2.62649	 0.644653
2.62982	 0.791907
2.63316	 0.717477
2.63649	 0.562105
2.63982	 0.706438
2.64316	 0.645644
2.64649	 0.683694
2.64982	 0.726174
2.65316	 0.658449
2.65649	 0.817658
2.65982	 0.727364
2.66316	 0.722488
2.66649	 0.693823
2.66982	 0.709825
2.67316	 0.704212
2.67649	 0.927768
2.67982	 0.826038
2.68315	 0.755058
2.68649	 0.785598
2.68982	 0.626429
2.69315	 0.6902
2.69649	 0.644635
2.69982	 0.699808
2.70315	 0.670686
2.70649	 0.830162
2.70982	 0.672909
2.71315	 0.924991
2.71649	 0.782381
2.71982	 0.60443
2.72315	 0.986673
2.72648	 0.77382
2.72982	 0.951945
2.73315	 0.8666
2.73648	 0.6748
2.73982	 0.651892
2.74315	 0.705825
2.74648	 0.948014
2.74982	 0.633782
2.75315	 0.876564
2.75648	 0.78579
2.75982	 0.72666
2.76315	 0.680516
2.76648	 0.841446
2.76982	 0.948388
2.77315	 0.629941
2.77648	 0.611759
2.77981	 0.68296
2.78315	 1.14151
2.78648	 0.666403
2.78981	 0.673489
2.79315	 0.555736
2.79648	 0.904206
2.79981	 0.870488
2.80315	 0.854719
2.80648	 0.672395
2.80981	 0.821642
2.81315	 0.671638
2.81648	 0.877997
2.81981	 0.676833
2.82315	 1.05275
2.82648	 0.652748
2.82981	 0.712131
2.83314	 0.660907
2.83648	 0.597869
2.83981	 0.836889
2.84314	 0.582435
2.84648	 0.756936
2.84981	 0.69647
2.85314	 0.753033
2.85648	 0.71295
2.85981	 0.929575
2.86314	 0.578801
2.86648	 0.858612
2.86981	 0.669764
2.87314	 0.751577
2.87647	 0.733304
2.87981	 0.773445
2.88314	 0.915699
2.88647	 0.770972
2.88981	 0.719256
2.89314	 0.786814
2.89647	 0.717846
2.89981	 0.698605
2.90314	 0.697813
2.90647	 0.548247
2.90981	 0.669778
2.91314	 0.732349
2.91647	 0.70357
2.91981	 0.740651
2.92314	 0.583441
2.92647	 0.629603
2.9298	 0.84764
2.93314	 0.568209
2.93647	 0.600861
2.9398	 0.81691
2.94314	 0.788628
2.94647	 0.893561
2.9498	 0.836004
2.95314	 0.992566
2.95647	 0.599648
2.9598	 0.664467
2.96314	 0.684851
2.96647	 0.740882
2.9698	 0.760452
2.97314	 0.646477
2.97647	 0.749509
2.9798	 0.476166
2.98313	 0.684526
2.98647	 0.979547
2.9898	 0.655801
2.99313	 0.563499
2.99647	 0.773573
2.9998	 0.846354
3.00313	 0.716863
3.00647	 0.666214
3.0098	 0.862811
3.01313	 0.694243
3.01647	 0.72683
3.0198	 0.647684
3.02313	 0.713126
3.02646	 0.743753
3.0298	 0.531152
3.03313	 0.747715
3.03646	 0.72877
3.0398	 0.777766
3.04313	 0.686116
3.04646	 0.735196
3.0498	 0.817271
3.05313	 0.765283
3.05646	 0.451856
3.0598	 0.940826
3.06313	 0.727693
3.06646	 0.922509
3.0698	 0.707662
3.07313	 0.768226
3.07646	 0.658939
3.07979	 0.76863
3.08313	 0.720686
3.08646	 0.680611
3.08979	 0.690476
3.09313	 0.804767
3.09646	 0.500566
3.09979	 0.676897
3.10313	 0.634465
3.10646	 0.614032
3.10979	 0.912212
3.11313	 0.569362
3.11646	 0.624009
3.11979	 0.680932
3.12313	 0.527129
3.12646	 0.695128
3.12979	 0.477055
3.13312	 0.709987
3.13646	 0.661784
3.13979	 0.658455
3.14312	 0.651808
3.14646	 0.524798
3.14979	 0.699907
3.15312	 0.767038
3.15646	 0.767442
3.15979	 0.762972
3.16312	 0.907035
3.16646	 0.739808
3.16979	 0.587072
3.17312	 0.683288
3.17645	 0.659794
3.17979	 0.790249
3.18312	 0.578646
3.18645	 0.797992
3.18979	 0.72262
3.19312	 0.488162
3.19645	 0.75779
3.19979	 0.854048
3.20312	 0.592892
3.20645	 0.754246
3.20979	 0.631407
3.21312	 0.766535
3.21645	 0.661091
3.21979	 0.547739
3.22312	 0.500775
3.22645	 0.962334
3.22978	 0.654047
3.23312	 0.668594
3.23645	 0.853261
3.23978	 0.694309
3.24312	 0.666428
3.24645	 0.584202
3.24978	 0.592606
3.25312	 0.714565
3.25645	 0.578587
3.25978	 0.787877
3.26312	 0.614616
3.26645	 0.600492
3.26978	 0.664747
3.27312	 0.628046
3.27645	 0.88591
3.27978	 0.617499
3.28311	 0.672231
3.28645	 0.589161
3.28978	 0.605781
3.29311	 0.68137
3.29645	 0.746314
3.29978	 0.669689
3.30311	 0.587063
3.30645	 0.756619
3.30978	 0.681175
3.31311	 0.742221
3.31645	 0.79405
3.31978	 0.538524
3.32311	 0.649208
3.32644	 0.650574
3.32978	 0.547991
3.33311	 0.61165
3.33644	 0.756361
3.33978	 0.8131
3.34311	 0.577597
3.34644	 0.665372
3.34978	 0.647299
3.35311	 0.724948
3.35644	 0.668854
3.35978	 0.621694
3.36311	 0.822476
3.36644	 0.656294
3.36978	 0.598197
3.37311	 0.723554
3.37644	 0.429461
3.37977	 0.602028
3.38311	 0.83658
3.38644	 0.554609
3.38977	 0.649607
3.39311	 0.538926
3.39644	 0.730335
3.39977	 0.80618
3.40311	 0.678414
3.40644	 0.648188
3.40977	 0.792114
3.41311	 0.554012
3.41644	 0.692369
3.41977	 0.705813
3.42311	 0.728667
3.42644	 0.60925
3.42977	 0.854873
3.4331	 0.590745
3.43644	 0.687122
3.43977	 0.550584
3.4431	 0.760107
3.44644	 0.696161
3.44977	 0.716331
3.4531	 0.566769
3.45644	 0.726915
3.45977	 0.596239
3.4631	 0.56353
3.46644	 0.509898
3.46977	 0.803693
3.4731	 0.441865
3.47643	 0.65068
3.47977	 0.706203
3.4831	 0.798172
3.48643	 0.604801
3.48977	 0.764876
3.4931	 0.604609
3.49643	 0.484707
3.49977	 0.815574
3.5031	 0.735875
3.50643	 0.687224
3.50977	 0.724812
3.5131	 0.786974
3.51643	 0.649554
3.51977	 0.518492
3.5231	 0.752043
3.52643	 0.651364
3.52976	 0.813216
3.5331	 0.906029
3.53643	 0.681922
3.53976	 0.834471
3.5431	 0.769806
3.54643	 0.692891
3.54976	 0.577115
3.5531	 0.423041
3.55643	 0.586591
3.55976	 0.526397
3.5631	 0.521287
3.56643	 0.599597
3.56976	 0.573257
3.5731	 0.626951
3.57643	 0.658281
3.57976	 0.629671
3.58309	 0.629683
3.58643	 0.63438
3.58976	 0.856898
3.59309	 0.554479
3.59643	 0.554782
3.59976	 0.786161
3.60309	 0.55369
3.60643	 0.672101
3.60976	 0.463131
3.61309	 0.742017
3.61643	 0.855758
3.61976	 0.403635
3.62309	 0.714157
3.62642	 0.625932
3.62976	 0.6023
3.63309	 0.529669
3.63642	 0.714845
3.63976	 0.788313
3.64309	 0.469133
3.64642	 0.632846
3.64976	 0.497294
3.65309	 0.645347
3.65642	 0.682997
3.65976	 0.789422
3.66309	 0.523116
3.66642	 0.562683
3.66976	 0.538868
3.67309	 0.752367
3.67642	 0.541454
3.67975	 0.597783
3.68309	 0.789702
3.68642	 0.688191
3.68975	 0.7747
3.69309	 0.613993
3.69642	 0.587899
3.69975	 0.72312
3.70309	 0.727807
3.70642	 0.556005
3.70975	 0.638079
3.71309	 0.617749
3.71642	 0.618533
3.71975	 0.541474
3.72309	 0.545284
3.72642	 0.617227
3.72975	 0.599453
3.73308	 0.77692
3.73642	 0.513428
3.73975	 0.61645
3.74308	 0.756641
3.74642	 0.598265
3.74975	 0.498308
3.75308	 0.695444
3.75642	 0.750648
3.75975	 0.392956
3.76308	 0.648393
3.76642	 0.566522
3.76975	 0.688621
3.77308	 0.603717
3.77641	 0.639623
3.77975	 0.53657
3.78308	 0.664457
3.78641	 0.537076
3.78975	 0.905662
3.79308	 0.658472
3.79641	 0.551552
3.79975	 0.683223
3.80308	 0.743725
3.80641	 0.6828
3.80975	 0.627225
3.81308	 0.470495
3.81641	 0.434402
3.81975	 0.593551
3.82308	 0.56443
3.82641	 0.579124
3.82974	 0.721551
3.83308	 0.759433
3.83641	 0.54185
3.83974	 0.53749
3.84308	 0.607143
3.84641	 0.55537
3.84974	 0.611001
3.85308	 0.811459
3.85641	 0.73113
3.85974	 0.738557
3.86308	 0.586684
3.86641	 0.737926
3.86974	 0.471195
3.87308	 0.706685
3.87641	 0.673679
3.87974	 0.572315
3.88307	 0.627355
3.88641	 0.636558
3.88974	 0.61011
3.89307	 0.413953
3.89641	 0.77645
3.89974	 0.58825
3.90307	 0.726729
3.90641	 0.580117
3.90974	 0.5326
3.91307	 0.597883
3.91641	 0.682319
3.91974	 0.718379
3.92307	 0.795427
3.9264	 0.618192
3.92974	 0.684771
3.93307	 0.569515
3.9364	 0.562897
3.93974	 0.940232
3.94307	 0.455212
3.9464	 0.753213
3.94974	 0.508022
3.95307	 0.781856
3.9564	 0.77205
3.95974	 0.578418
3.96307	 0.652376
3.9664	 0.591597
3.96974	 0.722391
3.97307	 0.619255
3.9764	 0.495024
3.97973	 0.809356
3.98307	 0.699321
3.9864	 0.567799
3.98973	 0.50904
3.99307	 0.681335
3.9964	 0.642457
3.99973	 0.649723
4.00307	 0.525868
4.0064	 0.552063
4.00973	 0.620516
4.01307	 0.613756
4.0164	 0.53753
4.01973	 0.73101
4.02307	 0.897388
4.0264	 0.486034
4.02973	 0.705943
4.03306	 0.502304
4.0364	 0.640512
4.03973	 0.720647
4.04306	 0.773949
4.0464	 0.844604
4.04973	 0.775429
4.05306	 0.680259
4.0564	 0.570089
4.05973	 0.74631
4.06306	 0.566418
4.0664	 0.488521
4.06973	 0.694302
4.07306	 0.505585
4.07639	 0.56768
4.07973	 0.447509
4.08306	 0.582301
4.08639	 0.413502
4.08973	 0.609508
4.09306	 0.611908
4.09639	 0.622253
4.09973	 0.705874
4.10306	 0.534585
4.10639	 0.546173
4.10973	 0.547061
4.11306	 0.771561
4.11639	 0.570858
4.11973	 0.658098
4.12306	 0.717808
4.12639	 0.629586
4.12972	 0.679436
4.13306	 0.420534
4.13639	 0.446163
4.13972	 0.443638
4.14306	 0.614978
4.14639	 0.685527
4.14972	 0.617525
4.15306	 0.71323
4.15639	 0.46662
4.15972	 0.633487
4.16306	 0.557273
4.16639	 0.515565
4.16972	 0.616835
4.17306	 0.706917
4.17639	 0.507736
4.17972	 0.594448
4.18305	 0.775362
4.18639	 0.376065
4.18972	 0.670547
4.19305	 0.537124
4.19639	 0.655793
4.19972	 0.570599
4.20305	 0.540929
4.20639	 0.656321
4.20972	 0.589044
4.21305	 0.519503
4.21639	 0.417122
4.21972	 0.686661
4.22305	 0.707087
4.22638	 0.665237
4.22972	 0.558247
4.23305	 0.525851
4.23638	 0.674083
4.23972	 0.344198
4.24305	 0.593713
4.24638	 0.755488
4.24972	 0.764103
4.25305	 0.546622
4.25638	 0.469331
4.25972	 0.477349
4.26305	 0.684441
4.26638	 0.724523
4.26972	 0.543199
4.27305	 0.682098
4.27638	 0.591393
4.27971	 0.791667
4.28305	 0.548102
4.28638	 0.653357
4.28971	 0.498419
4.29305	 0.678122
4.29638	 0.568325
4.29971	 0.643561
4.30305	 0.601508
4.30638	 0.455564
4.30971	 0.663738
4.31305	 0.607375
4.31638	 0.557834
4.31971	 0.785575
4.32305	 0.617945
4.32638	 0.66774
4.32971	 0.643899
4.33304	 0.667609
4.33638	 0.497435
4.33971	 0.663106
4.34304	 0.562527
4.34638	 0.498922
4.34971	 0.498118
4.35304	 0.692849
4.35638	 0.646639
4.35971	 0.549488
4.36304	 0.604489
4.36638	 0.509023
4.36971	 0.618497
4.37304	 0.471779
4.37637	 0.670188
4.37971	 0.559951
4.38304	 0.514365
4.38637	 0.667566
4.38971	 0.837834
4.39304	 0.454285
4.39637	 0.79103
4.39971	 0.640903
4.40304	 0.543619
4.40637	 0.590566
4.40971	 0.694941
4.41304	 0.722253
4.41637	 0.57175
4.41971	 0.513007
4.42304	 0.592023
4.42637	 0.593834
4.4297	 0.639215
4.43304	 0.667105
4.43637	 0.73632
4.4397	 0.447098
4.44304	 0.531918
4.44637	 0.648557
4.4497	 0.5655
4.45304	 0.518616
4.45637	 0.558557
4.4597	 0.576642
4.46304	 0.589283
4.46637	 0.607691
4.4697	 0.474699
4.47304	 0.592854
4.47637	 0.761519
4.4797	 0.581801
4.48303	 0.628543
4.48637	 0.439087
4.4897	 0.663744
4.49303	 0.505062
4.49637	 0.686659
4.4997	 0.575581
4.50303	 0.677624
4.50637	 0.634608
4.5097	 0.622541
4.51303	 0.564937
4.51637	 0.695171
4.5197	 0.454292
4.52303	 0.563169
4.52636	 0.668286
4.5297	 0.72185
4.53303	 0.557966
4.53636	 0.635053
4.5397	 0.788924
4.54303	 0.666021
4.54636	 0.499164
4.5497	 0.701892
4.55303	 0.491129
4.55636	 0.774211
4.5597	 0.664385
4.56303	 0.630588
4.56636	 0.694876
4.5697	 0.626535
4.57303	 0.457012
4.57636	 0.627227
4.57969	 0.52077
4.58303	 0.505931
4.58636	 0.421931
4.58969	 0.482706
4.59303	 0.537679
4.59636	 0.548448
4.59969	 0.602801
4.60303	 0.510071
4.60636	 0.450766
4.60969	 0.602387
4.61303	 0.650361
4.61636	 0.549934
4.61969	 0.527584
4.62303	 0.584621
4.62636	 0.609822
4.62969	 0.551736
4.63302	 0.588779
4.63636	 0.591546
4.63969	 0.631301
4.64302	 0.543336
4.64636	 0.684747
4.64969	 0.709868
4.65302	 0.51675
4.65636	 0.453236
4.65969	 0.568274
4.66302	 0.538922
4.66636	 0.524961
4.66969	 0.50676
4.67302	 0.73169
4.67635	 0.759869
4.67969	 0.34737
4.68302	 0.382413
4.68635	 0.491136
4.68969	 0.591223
4.69302	 0.546645
4.69635	 0.605651
4.69969	 0.636282
4.70302	 0.4293
4.70635	 0.470823
4.70969	 0.38382
4.71302	 0.730878
4.71635	 0.551565
4.71969	 0.593764
4.72302	 0.717091
4.72635	 0.601082
4.72968	 0.570437
4.73302	 0.456152
4.73635	 0.521187
4.73968	 0.602137
4.74302	 0.481419
4.74635	 0.688296
4.74968	 0.643992
4.75302	 0.621962
4.75635	 0.536312
4.75968	 0.641225
4.76302	 0.478351
4.76635	 0.706981
4.76968	 0.546515
4.77302	 0.587892
4.77635	 0.582273
4.77968	 0.543976
4.78301	 0.614713
4.78635	 0.489543
4.78968	 0.488935
4.79301	 0.583379
4.79635	 0.414903
4.79968	 0.492107
4.80301	 0.566991
4.80635	 0.493833
4.80968	 0.5671
4.81301	 0.608025
4.81635	 0.361775
4.81968	 0.790866
4.82301	 0.416108
4.82634	 0.595448
4.82968	 0.440542
4.83301	 0.477741
4.83634	 0.505022
4.83968	 0.691367
4.84301	 0.560697
4.84634	 0.530714
4.84968	 0.47901
4.85301	 0.480654
4.85634	 0.6565
4.85968	 0.406989
4.86301	 0.428925
4.86634	 0.591671
4.86968	 0.462593
4.87301	 0.5896
4.87634	 0.587051
4.87967	 0.569539
4.88301	 0.491222
4.88634	 0.51737
4.88967	 0.616363
4.89301	 0.439414
4.89634	 0.581331
4.89967	 0.481088
4.90301	 0.659827
4.90634	 0.594203
4.90967	 0.534392
4.91301	 0.476095
4.91634	 0.402479
4.91967	 0.701661
4.92301	 0.450806
4.92634	 0.51373
4.92967	 0.644986
4.933	 0.617459
4.93634	 0.641472
4.93967	 0.560864
4.943	 0.549102
4.94634	 0.535746
4.94967	 0.487368
4.953	 0.537073
4.95634	 0.468785
4.95967	 0.631378
4.963	 0.580806
4.96634	 0.551518
4.96967	 0.438829
4.973	 0.500123
4.97633	 0.522321
4.97967	 0.514123
4.983	 0.362224
4.98633	 0.575477
4.98967	 0.531874
4.993	 0.59545
4.99633	 0.527112
