# Frequency [GHz] 	Fouriercomponent
-4.99967	 0.00129294
-4.99633	 0.00159582
-4.993	 0.00163471
-4.98967	 0.00142413
-4.98633	 0.0016617
-4.983	 0.00134847
-4.97967	 0.00169023
-4.97633	 0.00202922
-4.973	 0.00167437
-4.96967	 0.00192858
-4.96634	 0.00184865
-4.963	 0.00189487
-4.95967	 0.00164687
-4.95634	 0.00204931
-4.953	 0.00143552
-4.94967	 0.00152454
-4.94634	 0.00189264
-4.943	 0.00197031
-4.93967	 0.00133922
-4.93634	 0.0020852
-4.933	 0.00253863
-4.92967	 0.00210954
-4.92634	 0.00181622
-4.92301	 0.00182226
-4.91967	 0.00200073
-4.91634	 0.0022798
-4.91301	 0.00209386
-4.90967	 0.00196098
-4.90634	 0.00172177
-4.90301	 0.00209709
-4.89967	 0.00171799
-4.89634	 0.00243247
-4.89301	 0.00167614
-4.88967	 0.00253981
-4.88634	 0.00216574
-4.88301	 0.00223135
-4.87967	 0.00272065
-4.87634	 0.00276466
-4.87301	 0.00270358
-4.86968	 0.00152433
-4.86634	 0.00268488
-4.86301	 0.00240591
-4.85968	 0.00215928
-4.85634	 0.00245242
-4.85301	 0.00167084
-4.84968	 0.00298831
-4.84634	 0.00261658
-4.84301	 0.00226104
-4.83968	 0.00198606
-4.83634	 0.00257421
-4.83301	 0.00239182
-4.82968	 0.00243716
-4.82634	 0.00268045
-4.82301	 0.00203108
-4.81968	 0.00186431
-4.81635	 0.00222141
-4.81301	 0.00209299
-4.80968	 0.0025389
-4.80635	 0.001847
-4.80301	 0.00190504
-4.79968	 0.00214746
-4.79635	 0.00241711
-4.79301	 0.00163125
-4.78968	 0.00152126
-4.78635	 0.00187831
-4.78301	 0.00232336
-4.77968	 0.00235422
-4.77635	 0.001976
-4.77302	 0.00155982
-4.76968	 0.00218439
-4.76635	 0.00157159
-4.76302	 0.00219277
-4.75968	 0.00246974
-4.75635	 0.00204219
-4.75302	 0.00241257
-4.74968	 0.00255493
-4.74635	 0.00198575
-4.74302	 0.00143451
-4.73968	 0.00166814
-4.73635	 0.0023846
-4.73302	 0.00148363
-4.72968	 0.00213144
-4.72635	 0.00202757
-4.72302	 0.00119083
-4.71969	 0.00140195
-4.71635	 0.0016948
-4.71302	 0.00180554
-4.70969	 0.00142393
-4.70635	 0.00168172
-4.70302	 0.00166892
-4.69969	 0.00155198
-4.69635	 0.00162748
-4.69302	 0.00214306
-4.68969	 0.00118792
-4.68635	 0.00141108
-4.68302	 0.00160098
-4.67969	 0.00129935
-4.67635	 0.00146243
-4.67302	 0.00166957
-4.66969	 0.00140956
-4.66636	 0.00154998
-4.66302	 0.00151889
-4.65969	 0.00139896
-4.65636	 0.00111404
-4.65302	 0.00157014
-4.64969	 0.00189407
-4.64636	 0.00113035
-4.64302	 0.00135841
-4.63969	 0.00141662
-4.63636	 0.00110932
-4.63302	 0.00110482
-4.62969	 0.00100137
-4.62636	 0.0011249
-4.62303	 0.00125687
-4.61969	 0.00124056
-4.61636	 0.00118636
-4.61303	 0.00115602
-4.60969	 0.00102759
-4.60636	 0.00134127
-4.60303	 0.00111946
-4.59969	 0.00118921
-4.59636	 0.00085097
-4.59303	 0.000904867
-4.58969	 0.00114966
-4.58636	 0.00125867
-4.58303	 0.000909078
-4.57969	 0.00137794
-4.57636	 0.00107468
-4.57303	 0.00126678
-4.5697	 0.00108483
-4.56636	 0.000798275
-4.56303	 0.00104005
-4.5597	 0.0010819
-4.55636	 0.00124322
-4.55303	 0.00100809
-4.5497	 0.00099822
-4.54636	 0.000689207
-4.54303	 0.00120283
-4.5397	 0.00116327
-4.53636	 0.000949864
-4.53303	 0.00100206
-4.5297	 0.000903263
-4.52636	 0.000794632
-4.52303	 0.000916669
-4.5197	 0.000944469
-4.51637	 0.00086702
-4.51303	 0.000870386
-4.5097	 0.00117285
-4.50637	 0.00096971
-4.50303	 0.000908325
-4.4997	 0.000987342
-4.49637	 0.00115687
-4.49303	 0.000979231
-4.4897	 0.00115816
-4.48637	 0.000822623
-4.48303	 0.000574157
-4.4797	 0.00117747
-4.47637	 0.000854327
-4.47304	 0.000655335
-4.4697	 0.000995101
-4.46637	 0.000837396
-4.46304	 0.00077226
-4.4597	 0.000735198
-4.45637	 0.000879922
-4.45304	 0.000870349
-4.4497	 0.00101148
-4.44637	 0.000771162
-4.44304	 0.000806022
-4.4397	 0.000949962
-4.43637	 0.00071171
-4.43304	 0.000832615
-4.4297	 0.000776347
-4.42637	 0.000839894
-4.42304	 0.000636772
-4.41971	 0.00110141
-4.41637	 0.000868222
-4.41304	 0.00109448
-4.40971	 0.000902882
-4.40637	 0.000896762
-4.40304	 0.000796956
-4.39971	 0.000714248
-4.39637	 0.000846725
-4.39304	 0.000859403
-4.38971	 0.000834704
-4.38637	 0.000737013
-4.38304	 0.000716772
-4.37971	 0.000676615
-4.37637	 0.000724136
-4.37304	 0.000795541
-4.36971	 0.000911266
-4.36638	 0.000968138
-4.36304	 0.000672816
-4.35971	 0.000984198
-4.35638	 0.000764149
-4.35304	 0.000609598
-4.34971	 0.000669352
-4.34638	 0.000807044
-4.34304	 0.00077159
-4.33971	 0.0006498
-4.33638	 0.000960299
-4.33304	 0.00102442
-4.32971	 0.000753017
-4.32638	 0.000849731
-4.32305	 0.000537921
-4.31971	 0.000959893
-4.31638	 0.000649964
-4.31305	 0.000773029
-4.30971	 0.000797827
-4.30638	 0.000756907
-4.30305	 0.000721528
-4.29971	 0.000667072
-4.29638	 0.000829456
-4.29305	 0.000724852
-4.28971	 0.000716653
-4.28638	 0.000763809
-4.28305	 0.000741431
-4.27971	 0.000681923
-4.27638	 0.000704102
-4.27305	 0.000836055
-4.26972	 0.000751566
-4.26638	 0.000846622
-4.26305	 0.000847768
-4.25972	 0.000824056
-4.25638	 0.00076128
-4.25305	 0.000809151
-4.24972	 0.000744941
-4.24638	 0.000670336
-4.24305	 0.000631427
-4.23972	 0.000774122
-4.23638	 0.000681204
-4.23305	 0.000646828
-4.22972	 0.000705603
-4.22638	 0.000740463
-4.22305	 0.000492919
-4.21972	 0.000772639
-4.21639	 0.00087183
-4.21305	 0.000629747
-4.20972	 0.00077005
-4.20639	 0.000620389
-4.20305	 0.000768403
-4.19972	 0.000774682
-4.19639	 0.000799368
-4.19305	 0.000850057
-4.18972	 0.000768867
-4.18639	 0.000878656
-4.18305	 0.00107385
-4.17972	 0.000768752
-4.17639	 0.00078934
-4.17306	 0.00102926
-4.16972	 0.000872837
-4.16639	 0.000650303
-4.16306	 0.000853212
-4.15972	 0.00079974
-4.15639	 0.000731322
-4.15306	 0.00089778
-4.14972	 0.000597173
-4.14639	 0.000932961
-4.14306	 0.000732436
-4.13972	 0.00062958
-4.13639	 0.000855937
-4.13306	 0.000787755
-4.12972	 0.000648879
-4.12639	 0.000893174
-4.12306	 0.000782606
-4.11973	 0.000927581
-4.11639	 0.00064121
-4.11306	 0.00082345
-4.10973	 0.000720667
-4.10639	 0.000849552
-4.10306	 0.000830121
-4.09973	 0.000861779
-4.09639	 0.000958783
-4.09306	 0.000836718
-4.08973	 0.000758347
-4.08639	 0.000561077
-4.08306	 0.000619161
-4.07973	 0.000870602
-4.07639	 0.00081092
-4.07306	 0.000958406
-4.06973	 0.000688319
-4.0664	 0.000807384
-4.06306	 0.0008082
-4.05973	 0.000989582
-4.0564	 0.00110424
-4.05306	 0.00105258
-4.04973	 0.000690606
-4.0464	 0.00105017
-4.04306	 0.000841363
-4.03973	 0.000937876
-4.0364	 0.000870222
-4.03306	 0.00086864
-4.02973	 0.000707957
-4.0264	 0.000822619
-4.02307	 0.000848455
-4.01973	 0.000741167
-4.0164	 0.000900699
-4.01307	 0.000931308
-4.00973	 0.00101971
-4.0064	 0.00114627
-4.00307	 0.00091745
-3.99973	 0.000876688
-3.9964	 0.000792207
-3.99307	 0.000831307
-3.98973	 0.000901083
-3.9864	 0.00100423
-3.98307	 0.00106514
-3.97973	 0.000825607
-3.9764	 0.00082653
-3.97307	 0.00125464
-3.96974	 0.00104714
-3.9664	 0.00110934
-3.96307	 0.000841384
-3.95974	 0.00127032
-3.9564	 0.000865068
-3.95307	 0.0011788
-3.94974	 0.000940608
-3.9464	 0.00103312
-3.94307	 0.000872452
-3.93974	 0.0011072
-3.9364	 0.00112644
-3.93307	 0.00108559
-3.92974	 0.00109359
-3.9264	 0.000994711
-3.92307	 0.00101926
-3.91974	 0.000832958
-3.91641	 0.000987367
-3.91307	 0.00127512
-3.90974	 0.00114669
-3.90641	 0.00129477
-3.90307	 0.00103003
-3.89974	 0.000819767
-3.89641	 0.000996576
-3.89307	 0.00139071
-3.88974	 0.000832218
-3.88641	 0.00103468
-3.88307	 0.0011624
-3.87974	 0.000934975
-3.87641	 0.00106892
-3.87308	 0.000959032
-3.86974	 0.000895653
-3.86641	 0.0012506
-3.86308	 0.00111853
-3.85974	 0.000994495
-3.85641	 0.00156213
-3.85308	 0.00130638
-3.84974	 0.00114791
-3.84641	 0.00180607
-3.84308	 0.00137551
-3.83974	 0.0016187
-3.83641	 0.000830613
-3.83308	 0.00121641
-3.82974	 0.00130438
-3.82641	 0.00143169
-3.82308	 0.00169201
-3.81975	 0.0016671
-3.81641	 0.0014642
-3.81308	 0.00174771
-3.80975	 0.001346
-3.80641	 0.00119418
-3.80308	 0.00165923
-3.79975	 0.00115032
-3.79641	 0.00171824
-3.79308	 0.00141074
-3.78975	 0.00149002
-3.78641	 0.00147336
-3.78308	 0.00133351
-3.77975	 0.00169745
-3.77641	 0.0016668
-3.77308	 0.00158357
-3.76975	 0.00202824
-3.76642	 0.00218561
-3.76308	 0.00193834
-3.75975	 0.00151806
-3.75642	 0.00142532
-3.75308	 0.00213283
-3.74975	 0.00213305
-3.74642	 0.00248131
-3.74308	 0.00220627
-3.73975	 0.00233144
-3.73642	 0.00235151
-3.73308	 0.0016999
-3.72975	 0.0023817
-3.72642	 0.00202169
-3.72309	 0.00242934
-3.71975	 0.0022018
-3.71642	 0.0023996
-3.71309	 0.00172434
-3.70975	 0.00280385
-3.70642	 0.00241613
-3.70309	 0.00251446
-3.69975	 0.00276498
-3.69642	 0.00255156
-3.69309	 0.00222981
-3.68975	 0.00254049
-3.68642	 0.00172404
-3.68309	 0.00245878
-3.67975	 0.00274269
-3.67642	 0.00202541
-3.67309	 0.00246585
-3.66976	 0.0022272
-3.66642	 0.00254224
-3.66309	 0.00182116
-3.65976	 0.00230873
-3.65642	 0.00350941
-3.65309	 0.00244529
-3.64976	 0.00292576
-3.64642	 0.00284749
-3.64309	 0.00276286
-3.63976	 0.00321946
-3.63642	 0.00236947
-3.63309	 0.00307742
-3.62976	 0.00327715
-3.62642	 0.00362419
-3.62309	 0.00232536
-3.61976	 0.00232473
-3.61643	 0.00427605
-3.61309	 0.00334592
-3.60976	 0.0038608
-3.60643	 0.00266319
-3.60309	 0.00346734
-3.59976	 0.0030058
-3.59643	 0.00362457
-3.59309	 0.00371569
-3.58976	 0.00334649
-3.58643	 0.00308607
-3.58309	 0.00374481
-3.57976	 0.00273414
-3.57643	 0.00333947
-3.5731	 0.00330283
-3.56976	 0.00304777
-3.56643	 0.00282727
-3.5631	 0.00328137
-3.55976	 0.00266118
-3.55643	 0.00250619
-3.5531	 0.0032621
-3.54976	 0.00232123
-3.54643	 0.00383919
-3.5431	 0.00301233
-3.53976	 0.00203322
-3.53643	 0.00226051
-3.5331	 0.00282153
-3.52976	 0.00183795
-3.52643	 0.00205422
-3.5231	 0.0018207
-3.51977	 0.00225599
-3.51643	 0.00207704
-3.5131	 0.00206625
-3.50977	 0.00159006
-3.50643	 0.00228184
-3.5031	 0.00220184
-3.49977	 0.00209207
-3.49643	 0.00208182
-3.4931	 0.0022112
-3.48977	 0.00216365
-3.48643	 0.00151768
-3.4831	 0.00168832
-3.47977	 0.00177309
-3.47643	 0.00223928
-3.4731	 0.0015805
-3.46977	 0.00173122
-3.46644	 0.00170062
-3.4631	 0.0019313
-3.45977	 0.00173999
-3.45644	 0.00148139
-3.4531	 0.00217432
-3.44977	 0.00161517
-3.44644	 0.00120414
-3.4431	 0.00160329
-3.43977	 0.00104755
-3.43644	 0.00149696
-3.4331	 0.00161956
-3.42977	 0.00133159
-3.42644	 0.00134415
-3.42311	 0.00139465
-3.41977	 0.00149426
-3.41644	 0.0014846
-3.41311	 0.001501
-3.40977	 0.00184929
-3.40644	 0.00136693
-3.40311	 0.00110998
-3.39977	 0.00141197
-3.39644	 0.000970691
-3.39311	 0.00149533
-3.38977	 0.00156203
-3.38644	 0.00110503
-3.38311	 0.0010745
-3.37977	 0.00126264
-3.37644	 0.0014731
-3.37311	 0.00121184
-3.36978	 0.00131282
-3.36644	 0.00126097
-3.36311	 0.00150502
-3.35978	 0.00122099
-3.35644	 0.00121504
-3.35311	 0.00108773
-3.34978	 0.000965971
-3.34644	 0.00137445
-3.34311	 0.00106401
-3.33978	 0.000923035
-3.33644	 0.00102631
-3.33311	 0.000833838
-3.32978	 0.000974528
-3.32644	 0.00110382
-3.32311	 0.000746085
-3.31978	 0.0010864
-3.31645	 0.000943456
-3.31311	 0.00103746
-3.30978	 0.0009914
-3.30645	 0.000905897
-3.30311	 0.000828857
-3.29978	 0.000997378
-3.29645	 0.000918959
-3.29311	 0.000995002
-3.28978	 0.000829005
-3.28645	 0.000977157
-3.28311	 0.000933533
-3.27978	 0.00109664
-3.27645	 0.00126098
-3.27312	 0.00079125
-3.26978	 0.00100515
-3.26645	 0.00114307
-3.26312	 0.000875024
-3.25978	 0.000776262
-3.25645	 0.00105794
-3.25312	 0.000978386
-3.24978	 0.000958341
-3.24645	 0.00105071
-3.24312	 0.000924198
-3.23978	 0.000756185
-3.23645	 0.000943916
-3.23312	 0.000797747
-3.22978	 0.00109923
-3.22645	 0.000998091
-3.22312	 0.000926958
-3.21979	 0.000763504
-3.21645	 0.00108674
-3.21312	 0.000958857
-3.20979	 0.000631965
-3.20645	 0.000988288
-3.20312	 0.000699307
-3.19979	 0.000697044
-3.19645	 0.000716382
-3.19312	 0.000908739
-3.18979	 0.000856225
-3.18645	 0.00067353
-3.18312	 0.000862747
-3.17979	 0.000812261
-3.17645	 0.000892391
-3.17312	 0.00084003
-3.16979	 0.00110496
-3.16646	 0.000713601
-3.16312	 0.000788635
-3.15979	 0.000785562
-3.15646	 0.000768489
-3.15312	 0.000724877
-3.14979	 0.000775083
-3.14646	 0.000717582
-3.14312	 0.000896025
-3.13979	 0.000956305
-3.13646	 0.000638022
-3.13312	 0.00090168
-3.12979	 0.000915208
-3.12646	 0.000882907
-3.12313	 0.000746796
-3.11979	 0.000792919
-3.11646	 0.000884493
-3.11313	 0.000855742
-3.10979	 0.000627939
-3.10646	 0.000564735
-3.10313	 0.000869704
-3.09979	 0.000741574
-3.09646	 0.000991103
-3.09313	 0.000643075
-3.08979	 0.00074231
-3.08646	 0.000758637
-3.08313	 0.000886025
-3.07979	 0.000890364
-3.07646	 0.000888925
-3.07313	 0.000721152
-3.0698	 0.000900084
-3.06646	 0.000834452
-3.06313	 0.000667965
-3.0598	 0.000884513
-3.05646	 0.000875507
-3.05313	 0.00081594
-3.0498	 0.00102538
-3.04646	 0.00103948
-3.04313	 0.00089357
-3.0398	 0.000635259
-3.03646	 0.000885296
-3.03313	 0.000782612
-3.0298	 0.00100636
-3.02646	 0.000760521
-3.02313	 0.00076022
-3.0198	 0.000670859
-3.01647	 0.000941585
-3.01313	 0.000841448
-3.0098	 0.000779652
-3.00647	 0.000765891
-3.00313	 0.000717418
-2.9998	 0.000746874
-2.99647	 0.000793682
-2.99313	 0.00072384
-2.9898	 0.000874814
-2.98647	 0.000841407
-2.98313	 0.000774314
-2.9798	 0.00069118
-2.97647	 0.000707586
-2.97314	 0.000959368
-2.9698	 0.000794983
-2.96647	 0.000934103
-2.96314	 0.000704087
-2.9598	 0.000863606
-2.95647	 0.00079484
-2.95314	 0.000783548
-2.9498	 0.000790727
-2.94647	 0.000366018
-2.94314	 0.000905374
-2.9398	 0.000952094
-2.93647	 0.000876058
-2.93314	 0.000960191
-2.9298	 0.000700624
-2.92647	 0.000843794
-2.92314	 0.000906792
-2.91981	 0.00100952
-2.91647	 0.000699571
-2.91314	 0.000753011
-2.90981	 0.000951213
-2.90647	 0.000710277
-2.90314	 0.000603533
-2.89981	 0.000700166
-2.89647	 0.000909991
-2.89314	 0.000921757
-2.88981	 0.000814081
-2.88647	 0.000882612
-2.88314	 0.000792159
-2.87981	 0.000826739
-2.87647	 0.000946532
-2.87314	 0.000742955
-2.86981	 0.000738329
-2.86648	 0.000924658
-2.86314	 0.00109092
-2.85981	 0.000801217
-2.85648	 0.000756303
-2.85314	 0.000870514
-2.84981	 0.00071655
-2.84648	 0.000844491
-2.84314	 0.00112266
-2.83981	 0.00103045
-2.83648	 0.00117413
-2.83314	 0.0010308
-2.82981	 0.000954726
-2.82648	 0.000811596
-2.82315	 0.000783932
-2.81981	 0.000893515
-2.81648	 0.000743187
-2.81315	 0.00089852
-2.80981	 0.000859878
-2.80648	 0.0012688
-2.80315	 0.00124614
-2.79981	 0.000978319
-2.79648	 0.000799332
-2.79315	 0.00120049
-2.78981	 0.000886139
-2.78648	 0.000942695
-2.78315	 0.000972625
-2.77981	 0.00100012
-2.77648	 0.000876359
-2.77315	 0.000997524
-2.76982	 0.000978377
-2.76648	 0.000811813
-2.76315	 0.00147012
-2.75982	 0.000911347
-2.75648	 0.00127715
-2.75315	 0.00118942
-2.74982	 0.00114826
-2.74648	 0.000740719
-2.74315	 0.0011419
-2.73982	 0.000941173
-2.73648	 0.00126287
-2.73315	 0.000916367
-2.72982	 0.000943506
-2.72648	 0.00126463
-2.72315	 0.00084123
-2.71982	 0.000862162
-2.71649	 0.00119696
-2.71315	 0.00117036
-2.70982	 0.00117222
-2.70649	 0.000947739
-2.70315	 0.00116316
-2.69982	 0.00127833
-2.69649	 0.00127269
-2.69315	 0.00099601
-2.68982	 0.00128176
-2.68649	 0.00101201
-2.68315	 0.0010773
-2.67982	 0.00133771
-2.67649	 0.000918455
-2.67316	 0.00122256
-2.66982	 0.00120678
-2.66649	 0.00134775
-2.66316	 0.00104855
-2.65982	 0.00146488
-2.65649	 0.00152767
-2.65316	 0.00118013
-2.64982	 0.00113501
-2.64649	 0.00143558
-2.64316	 0.00113501
-2.63982	 0.00147077
-2.63649	 0.00154204
-2.63316	 0.00156891
-2.62982	 0.00149322
-2.62649	 0.00140379
-2.62316	 0.00152003
-2.61983	 0.00113863
-2.61649	 0.00190153
-2.61316	 0.00132628
-2.60983	 0.0012598
-2.60649	 0.00152248
-2.60316	 0.00147209
-2.59983	 0.00123113
-2.59649	 0.00231286
-2.59316	 0.00163471
-2.58983	 0.00209484
-2.58649	 0.00162497
-2.58316	 0.00193796
-2.57983	 0.00238477
-2.57649	 0.001726
-2.57316	 0.00194496
-2.56983	 0.00140645
-2.5665	 0.00239827
-2.56316	 0.00209179
-2.55983	 0.00176692
-2.5565	 0.00211281
-2.55316	 0.00229187
-2.54983	 0.00231557
-2.5465	 0.00174744
-2.54316	 0.00214532
-2.53983	 0.00233265
-2.5365	 0.00229725
-2.53316	 0.00186294
-2.52983	 0.00134087
-2.5265	 0.00257564
-2.52317	 0.00279355
-2.51983	 0.00226812
-2.5165	 0.0026507
-2.51317	 0.00279242
-2.50983	 0.00205636
-2.5065	 0.00294915
-2.50317	 0.00237032
-2.49983	 0.00270687
-2.4965	 0.00287954
-2.49317	 0.00247959
-2.48983	 0.00335861
-2.4865	 0.00298931
-2.48317	 0.00357002
-2.47983	 0.00238381
-2.4765	 0.00244733
-2.47317	 0.00193194
-2.46984	 0.00245983
-2.4665	 0.00302072
-2.46317	 0.00311896
-2.45984	 0.00394617
-2.4565	 0.00285321
-2.45317	 0.00491639
-2.44984	 0.00334469
-2.4465	 0.00355179
-2.44317	 0.00435359
-2.43984	 0.00314609
-2.4365	 0.00393416
-2.43317	 0.00388167
-2.42984	 0.0038092
-2.4265	 0.00354884
-2.42317	 0.00285764
-2.41984	 0.00487751
-2.41651	 0.00321349
-2.41317	 0.00406302
-2.40984	 0.00307977
-2.40651	 0.00513046
-2.40317	 0.00473342
-2.39984	 0.00462501
-2.39651	 0.00486455
-2.39317	 0.00407111
-2.38984	 0.00536836
-2.38651	 0.00517502
-2.38317	 0.00348916
-2.37984	 0.00528039
-2.37651	 0.00609943
-2.37318	 0.00574018
-2.36984	 0.00673454
-2.36651	 0.00481397
-2.36318	 0.00518668
-2.35984	 0.00606604
-2.35651	 0.00518116
-2.35318	 0.0054184
-2.34984	 0.00541532
-2.34651	 0.00522696
-2.34318	 0.00366413
-2.33984	 0.00509666
-2.33651	 0.00337646
-2.33318	 0.00398582
-2.32984	 0.00376552
-2.32651	 0.00289207
-2.32318	 0.00301383
-2.31985	 0.00269793
-2.31651	 0.00303591
-2.31318	 0.00415881
-2.30985	 0.0025031
-2.30651	 0.00274855
-2.30318	 0.00286045
-2.29985	 0.0030872
-2.29651	 0.00278541
-2.29318	 0.00232345
-2.28985	 0.00258222
-2.28651	 0.00215935
-2.28318	 0.00193839
-2.27985	 0.00158011
-2.27651	 0.00190284
-2.27318	 0.00299226
-2.26985	 0.00191573
-2.26652	 0.00247292
-2.26318	 0.00194184
-2.25985	 0.00134533
-2.25652	 0.00296474
-2.25318	 0.00231931
-2.24985	 0.00202733
-2.24652	 0.00150366
-2.24318	 0.00164621
-2.23985	 0.00197637
-2.23652	 0.00144259
-2.23318	 0.00202872
-2.22985	 0.00126398
-2.22652	 0.0014009
-2.22319	 0.00177246
-2.21985	 0.00142015
-2.21652	 0.00129591
-2.21319	 0.00114508
-2.20985	 0.00127056
-2.20652	 0.00166598
-2.20319	 0.00165519
-2.19985	 0.00105705
-2.19652	 0.00159901
-2.19319	 0.00141946
-2.18985	 0.00161932
-2.18652	 0.00113089
-2.18319	 0.00093465
-2.17985	 0.00140474
-2.17652	 0.00178502
-2.17319	 0.00171285
-2.16986	 0.000806753
-2.16652	 0.00144839
-2.16319	 0.00117096
-2.15986	 0.00125623
-2.15652	 0.00155563
-2.15319	 0.00120364
-2.14986	 0.00130308
-2.14652	 0.000900743
-2.14319	 0.00121565
-2.13986	 0.00139834
-2.13652	 0.000941488
-2.13319	 0.00152168
-2.12986	 0.0010993
-2.12652	 0.00114174
-2.12319	 0.000940612
-2.11986	 0.00111836
-2.11653	 0.0011946
-2.11319	 0.0013473
-2.10986	 0.00125259
-2.10653	 0.00147819
-2.10319	 0.00106146
-2.09986	 0.000931195
-2.09653	 0.00125253
-2.09319	 0.00107554
-2.08986	 0.000970134
-2.08653	 0.00104325
-2.08319	 0.00108343
-2.07986	 0.00099781
-2.07653	 0.000907402
-2.0732	 0.000894961
-2.06986	 0.00112092
-2.06653	 0.0009458
-2.0632	 0.00103057
-2.05986	 0.000965985
-2.05653	 0.000919924
-2.0532	 0.000961385
-2.04986	 0.000834832
-2.04653	 0.00125097
-2.0432	 0.000958733
-2.03986	 0.000982712
-2.03653	 0.000974108
-2.0332	 0.00105042
-2.02986	 0.000918496
-2.02653	 0.00101801
-2.0232	 0.00106556
-2.01987	 0.00106715
-2.01653	 0.00103175
-2.0132	 0.000980937
-2.00987	 0.000724248
-2.00653	 0.00111549
-2.0032	 0.0010271
-1.99987	 0.0010378
-1.99653	 0.000610844
-1.9932	 0.0008472
-1.98987	 0.00078847
-1.98653	 0.000734704
-1.9832	 0.000906032
-1.97987	 0.000747548
-1.97653	 0.000919563
-1.9732	 0.00108362
-1.96987	 0.000976805
-1.96654	 0.000921468
-1.9632	 0.000921623
-1.95987	 0.000675813
-1.95654	 0.000826309
-1.9532	 0.000889931
-1.94987	 0.0007546
-1.94654	 0.000941225
-1.9432	 0.000980743
-1.93987	 0.000453981
-1.93654	 0.000823345
-1.9332	 0.000824314
-1.92987	 0.00104826
-1.92654	 0.00109335
-1.92321	 0.00106703
-1.91987	 0.00111618
-1.91654	 0.00075731
-1.91321	 0.00105039
-1.90987	 0.000831398
-1.90654	 0.000920306
-1.90321	 0.00065945
-1.89987	 0.000783675
-1.89654	 0.000801792
-1.89321	 0.00137663
-1.88987	 0.000662976
-1.88654	 0.000737544
-1.88321	 0.000836248
-1.87987	 0.000979331
-1.87654	 0.00112217
-1.87321	 0.000745917
-1.86988	 0.000805273
-1.86654	 0.00102596
-1.86321	 0.00072854
-1.85988	 0.00102603
-1.85654	 0.000843268
-1.85321	 0.000529417
-1.84988	 0.000830007
-1.84654	 0.0010239
-1.84321	 0.000963237
-1.83988	 0.000695411
-1.83654	 0.000810549
-1.83321	 0.000747296
-1.82988	 0.000985938
-1.82654	 0.000903183
-1.82321	 0.000922036
-1.81988	 0.000698521
-1.81655	 0.000699771
-1.81321	 0.000790194
-1.80988	 0.000860806
-1.80655	 0.000996806
-1.80321	 0.000986832
-1.79988	 0.000730643
-1.79655	 0.000922634
-1.79321	 0.000874444
-1.78988	 0.000690448
-1.78655	 0.000774171
-1.78321	 0.000771068
-1.77988	 0.000915515
-1.77655	 0.00104266
-1.77322	 0.000747094
-1.76988	 0.000738139
-1.76655	 0.000952686
-1.76322	 0.000778207
-1.75988	 0.000799347
-1.75655	 0.000630536
-1.75322	 0.000817252
-1.74988	 0.000775738
-1.74655	 0.00113314
-1.74322	 0.00057613
-1.73988	 0.00103493
-1.73655	 0.000789539
-1.73322	 0.000812021
-1.72988	 0.00078311
-1.72655	 0.000812868
-1.72322	 0.000836621
-1.71989	 0.000975534
-1.71655	 0.000724329
-1.71322	 0.000938108
-1.70989	 0.000759227
-1.70655	 0.0007779
-1.70322	 0.000827968
-1.69989	 0.00105436
-1.69655	 0.000804183
-1.69322	 0.000822258
-1.68989	 0.00102002
-1.68655	 0.000921273
-1.68322	 0.00106402
-1.67989	 0.000926462
-1.67655	 0.000969071
-1.67322	 0.000845262
-1.66989	 0.000654852
-1.66656	 0.000862386
-1.66322	 0.000681897
-1.65989	 0.000801044
-1.65656	 0.000811383
-1.65322	 0.000938232
-1.64989	 0.000671991
-1.64656	 0.000663916
-1.64322	 0.000925993
-1.63989	 0.000859318
-1.63656	 0.000844313
-1.63322	 0.000871856
-1.62989	 0.00105587
-1.62656	 0.00104354
-1.62323	 0.00102674
-1.61989	 0.000882088
-1.61656	 0.00129833
-1.61323	 0.00114452
-1.60989	 0.00109267
-1.60656	 0.00104831
-1.60323	 0.00101488
-1.59989	 0.000669499
-1.59656	 0.000988518
-1.59323	 0.00102234
-1.58989	 0.00083361
-1.58656	 0.00116745
-1.58323	 0.00094478
-1.57989	 0.00107857
-1.57656	 0.00118776
-1.57323	 0.000825236
-1.5699	 0.000886296
-1.56656	 0.00113679
-1.56323	 0.000808403
-1.5599	 0.0012064
-1.55656	 0.000946905
-1.55323	 0.00107707
-1.5499	 0.000885969
-1.54656	 0.000795811
-1.54323	 0.00092053
-1.5399	 0.00104479
-1.53656	 0.000823445
-1.53323	 0.00110029
-1.5299	 0.00110813
-1.52656	 0.00111698
-1.52323	 0.000903527
-1.5199	 0.00116309
-1.51657	 0.00124968
-1.51323	 0.00114457
-1.5099	 0.00113611
-1.50657	 0.00180524
-1.50323	 0.00118145
-1.4999	 0.000947816
-1.49657	 0.000826712
-1.49323	 0.000811925
-1.4899	 0.00102958
-1.48657	 0.00118939
-1.48323	 0.00165794
-1.4799	 0.00124236
-1.47657	 0.000891636
-1.47324	 0.000907076
-1.4699	 0.000996806
-1.46657	 0.00118149
-1.46324	 0.000726157
-1.4599	 0.00130198
-1.45657	 0.000873112
-1.45324	 0.00106789
-1.4499	 0.00102418
-1.44657	 0.00118414
-1.44324	 0.00161476
-1.4399	 0.00119194
-1.43657	 0.00140335
-1.43324	 0.00135224
-1.4299	 0.00151292
-1.42657	 0.00153708
-1.42324	 0.00148408
-1.41991	 0.00153552
-1.41657	 0.00159029
-1.41324	 0.00182583
-1.40991	 0.0011932
-1.40657	 0.00137046
-1.40324	 0.00116309
-1.39991	 0.00160286
-1.39657	 0.00199382
-1.39324	 0.00192814
-1.38991	 0.00160315
-1.38657	 0.00174454
-1.38324	 0.00170198
-1.37991	 0.00161233
-1.37657	 0.00127938
-1.37324	 0.00176307
-1.36991	 0.000844958
-1.36658	 0.00195726
-1.36324	 0.00223274
-1.35991	 0.0016313
-1.35658	 0.00242453
-1.35324	 0.00215608
-1.34991	 0.00134529
-1.34658	 0.00197089
-1.34324	 0.00217567
-1.33991	 0.0021709
-1.33658	 0.00233828
-1.33324	 0.00210444
-1.32991	 0.00183221
-1.32658	 0.00200515
-1.32325	 0.00216717
-1.31991	 0.00257797
-1.31658	 0.00277185
-1.31325	 0.00221352
-1.30991	 0.00250147
-1.30658	 0.00244184
-1.30325	 0.00319887
-1.29991	 0.00393791
-1.29658	 0.00362299
-1.29325	 0.00293036
-1.28991	 0.00249006
-1.28658	 0.00397715
-1.28325	 0.00383151
-1.27991	 0.00432361
-1.27658	 0.00336953
-1.27325	 0.00310891
-1.26992	 0.00402878
-1.26658	 0.00348886
-1.26325	 0.00464362
-1.25992	 0.0041477
-1.25658	 0.00334437
-1.25325	 0.00485124
-1.24992	 0.00368675
-1.24658	 0.00381614
-1.24325	 0.0046904
-1.23992	 0.00531798
-1.23658	 0.00318633
-1.23325	 0.00405159
-1.22992	 0.00547157
-1.22658	 0.00557654
-1.22325	 0.00589161
-1.21992	 0.00777287
-1.21659	 0.00719408
-1.21325	 0.00607402
-1.20992	 0.00862678
-1.20659	 0.0080073
-1.20325	 0.00819757
-1.19992	 0.0126731
-1.19659	 0.0157633
-1.19325	 0.0167181
-1.18992	 0.0142044
-1.18659	 0.0180163
-1.18325	 0.0196663
-1.17992	 0.0205791
-1.17659	 0.0115803
-1.17326	 0.0131906
-1.16992	 0.0102163
-1.16659	 0.0120792
-1.16326	 0.0085213
-1.15992	 0.00773822
-1.15659	 0.00780277
-1.15326	 0.00675115
-1.14992	 0.00548945
-1.14659	 0.00598543
-1.14326	 0.00506
-1.13992	 0.00523464
-1.13659	 0.0041694
-1.13326	 0.0036444
-1.12992	 0.00585345
-1.12659	 0.00414469
-1.12326	 0.00445882
-1.11993	 0.00370882
-1.11659	 0.00419495
-1.11326	 0.00314835
-1.10993	 0.00280005
-1.10659	 0.00286295
-1.10326	 0.00283346
-1.09993	 0.0031985
-1.09659	 0.00251703
-1.09326	 0.002707
-1.08993	 0.0028953
-1.08659	 0.00169137
-1.08326	 0.00233499
-1.07993	 0.00224437
-1.07659	 0.00246844
-1.07326	 0.00238477
-1.06993	 0.00234247
-1.0666	 0.00199456
-1.06326	 0.00231414
-1.05993	 0.00292627
-1.0566	 0.00226416
-1.05326	 0.00155207
-1.04993	 0.00212486
-1.0466	 0.0018935
-1.04326	 0.00134231
-1.03993	 0.00190486
-1.0366	 0.00173107
-1.03326	 0.00171757
-1.02993	 0.00195148
-1.0266	 0.00173609
-1.02327	 0.00193507
-1.01993	 0.00189795
-1.0166	 0.00172582
-1.01327	 0.00164296
-1.00993	 0.00181341
-1.0066	 0.00109393
-1.00327	 0.00120981
-0.999933	 0.00136838
-0.9966	 0.0016843
-0.993267	 0.0017305
-0.989934	 0.00150138
-0.986601	 0.00157089
-0.983268	 0.0014477
-0.979935	 0.00119058
-0.976602	 0.00122333
-0.973268	 0.00173804
-0.969935	 0.000925352
-0.966602	 0.000822935
-0.963269	 0.00135846
-0.959936	 0.00118361
-0.956603	 0.00139631
-0.95327	 0.00124387
-0.949937	 0.00179776
-0.946604	 0.00206306
-0.94327	 0.00134604
-0.939937	 0.00139538
-0.936604	 0.00100494
-0.933271	 0.00133742
-0.929938	 0.00113963
-0.926605	 0.001181
-0.923272	 0.00139284
-0.919939	 0.00136589
-0.916606	 0.0010159
-0.913272	 0.00103258
-0.909939	 0.00115577
-0.906606	 0.00128734
-0.903273	 0.000830861
-0.89994	 0.00143131
-0.896607	 0.00107006
-0.893274	 0.00089169
-0.889941	 0.00146445
-0.886608	 0.00109406
-0.883274	 0.00133634
-0.879941	 0.000815053
-0.876608	 0.0011314
-0.873275	 0.00109661
-0.869942	 0.00108256
-0.866609	 0.00107884
-0.863276	 0.00113717
-0.859943	 0.00139006
-0.85661	 0.00116975
-0.853276	 0.000987846
-0.849943	 0.00114327
-0.84661	 0.00141874
-0.843277	 0.000996074
-0.839944	 0.00112127
-0.836611	 0.000679813
-0.833278	 0.0012218
-0.829945	 0.00093852
-0.826612	 0.00110309
-0.823278	 0.000969341
-0.819945	 0.00141408
-0.816612	 0.00100346
-0.813279	 0.00088883
-0.809946	 0.000864122
-0.806613	 0.000786499
-0.80328	 0.000885058
-0.799947	 0.000694888
-0.796614	 0.000755989
-0.79328	 0.000979785
-0.789947	 0.00114185
-0.786614	 0.000973603
-0.783281	 0.000852201
-0.779948	 0.000760101
-0.776615	 0.000866909
-0.773282	 0.00111646
-0.769949	 0.000592793
-0.766616	 0.000582351
-0.763282	 0.000929001
-0.759949	 0.000715315
-0.756616	 0.000890631
-0.753283	 0.0010544
-0.74995	 0.000510808
-0.746617	 0.0009157
-0.743284	 0.000741731
-0.739951	 0.00100782
-0.736618	 0.000896117
-0.733284	 0.000922157
-0.729951	 0.000850154
-0.726618	 0.000735903
-0.723285	 0.00101812
-0.719952	 0.000947918
-0.716619	 0.000871877
-0.713286	 0.00106731
-0.709953	 0.000811309
-0.70662	 0.000933218
-0.703286	 0.00092708
-0.699953	 0.00100401
-0.69662	 0.00116005
-0.693287	 0.000822332
-0.689954	 0.00103178
-0.686621	 0.000862807
-0.683288	 0.000855186
-0.679955	 0.000985517
-0.676622	 0.000989719
-0.673288	 0.000884536
-0.669955	 0.000960915
-0.666622	 0.0009884
-0.663289	 0.00111634
-0.659956	 0.000830476
-0.656623	 0.000669042
-0.65329	 0.000983906
-0.649957	 0.000819005
-0.646624	 0.000861755
-0.64329	 0.000902716
-0.639957	 0.000599469
-0.636624	 0.00108989
-0.633291	 0.000636311
-0.629958	 0.000683627
-0.626625	 0.000846661
-0.623292	 0.00112088
-0.619959	 0.000752833
-0.616626	 0.00101308
-0.613292	 0.000765675
-0.609959	 0.000885791
-0.606626	 0.000997797
-0.603293	 0.000967891
-0.59996	 0.000978054
-0.596627	 0.000709225
-0.593294	 0.00076519
-0.589961	 0.00108217
-0.586628	 0.0010542
-0.583294	 0.000936974
-0.579961	 0.000909355
-0.576628	 0.0011307
-0.573295	 0.00103676
-0.569962	 0.00104797
-0.566629	 0.00104866
-0.563296	 0.00089023
-0.559963	 0.000971487
-0.55663	 0.000777458
-0.553296	 0.00114773
-0.549963	 0.000799213
-0.54663	 0.000912054
-0.543297	 0.000767297
-0.539964	 0.001201
-0.536631	 0.00146082
-0.533298	 0.00105755
-0.529965	 0.000819038
-0.526632	 0.000803566
-0.523298	 0.000999027
-0.519965	 0.00115256
-0.516632	 0.00115726
-0.513299	 0.000975818
-0.509966	 0.00111153
-0.506633	 0.000698106
-0.5033	 0.000785441
-0.499967	 0.000943597
-0.496634	 0.000942197
-0.4933	 0.000870011
-0.489967	 0.00105867
-0.486634	 0.00124311
-0.483301	 0.000914366
-0.479968	 0.00104086
-0.476635	 0.000765139
-0.473302	 0.00144551
-0.469969	 0.00120833
-0.466636	 0.0010188
-0.463302	 0.00140168
-0.459969	 0.000860738
-0.456636	 0.000915393
-0.453303	 0.00101335
-0.44997	 0.00113166
-0.446637	 0.00090688
-0.443304	 0.000968304
-0.439971	 0.000858072
-0.436638	 0.000885471
-0.433304	 0.000892931
-0.429971	 0.0010183
-0.426638	 0.00110688
-0.423305	 0.00116149
-0.419972	 0.00110683
-0.416639	 0.00117405
-0.413306	 0.00104082
-0.409973	 0.00124148
-0.40664	 0.00103691
-0.403306	 0.00111609
-0.399973	 0.00110796
-0.39664	 0.00100829
-0.393307	 0.000824793
-0.389974	 0.00126091
-0.386641	 0.000782117
-0.383308	 0.00085859
-0.379975	 0.000993601
-0.376642	 0.00079615
-0.373308	 0.00111195
-0.369975	 0.00130527
-0.366642	 0.00136179
-0.363309	 0.00100284
-0.359976	 0.00140257
-0.356643	 0.0010934
-0.35331	 0.001385
-0.349977	 0.00136387
-0.346644	 0.00121383
-0.34331	 0.00116622
-0.339977	 0.00115688
-0.336644	 0.00117267
-0.333311	 0.0011734
-0.329978	 0.00134632
-0.326645	 0.00102578
-0.323312	 0.00116636
-0.319979	 0.00132891
-0.316646	 0.00128423
-0.313312	 0.00126451
-0.309979	 0.00140324
-0.306646	 0.00111938
-0.303313	 0.000854547
-0.29998	 0.00124842
-0.296647	 0.00148404
-0.293314	 0.00159649
-0.289981	 0.00155932
-0.286648	 0.00157339
-0.283314	 0.0011808
-0.279981	 0.00146313
-0.276648	 0.00131453
-0.273315	 0.00176821
-0.269982	 0.00148202
-0.266649	 0.00132001
-0.263316	 0.00170667
-0.259983	 0.0013173
-0.25665	 0.00182272
-0.253316	 0.0017641
-0.249983	 0.00120097
-0.24665	 0.000961683
-0.243317	 0.00163043
-0.239984	 0.00125769
-0.236651	 0.00167229
-0.233318	 0.00202695
-0.229985	 0.0017518
-0.226652	 0.00127225
-0.223318	 0.0015003
-0.219985	 0.0017224
-0.216652	 0.00152863
-0.213319	 0.0015848
-0.209986	 0.00190421
-0.206653	 0.00142257
-0.20332	 0.00140691
-0.199987	 0.00177051
-0.196654	 0.0021679
-0.19332	 0.001423
-0.189987	 0.00149783
-0.186654	 0.0018845
-0.183321	 0.00218179
-0.179988	 0.00209126
-0.176655	 0.00154978
-0.173322	 0.00247074
-0.169989	 0.00212228
-0.166656	 0.00219616
-0.163322	 0.00235314
-0.159989	 0.00174728
-0.156656	 0.00188164
-0.153323	 0.002503
-0.14999	 0.0026053
-0.146657	 0.00251022
-0.143324	 0.00191733
-0.139991	 0.00233388
-0.136658	 0.00228634
-0.133324	 0.00291377
-0.129991	 0.00250785
-0.126658	 0.00181864
-0.123325	 0.00259494
-0.119992	 0.00347615
-0.116659	 0.00324784
-0.113326	 0.00324858
-0.109993	 0.00338653
-0.10666	 0.00232693
-0.103326	 0.00411425
-0.0999933	 0.00286182
-0.0966602	 0.00380663
-0.0933271	 0.00438383
-0.089994	 0.00416291
-0.0866609	 0.0043484
-0.0833278	 0.00288804
-0.0799947	 0.00414839
-0.0766616	 0.00325099
-0.0733284	 0.00553351
-0.0699953	 0.00597276
-0.0666622	 0.00570863
-0.0633291	 0.00492146
-0.059996	 0.00568926
-0.0566629	 0.00575684
-0.0533298	 0.00616408
-0.0499967	 0.00566059
-0.0466636	 0.00595892
-0.0433304	 0.00875202
-0.0399973	 0.00756783
-0.0366642	 0.00834976
-0.0333311	 0.0101421
-0.029998	 0.0125954
-0.0266649	 0.0138682
-0.0233318	 0.0174043
-0.0199987	 0.0176352
-0.0166656	 0.0152979
-0.0133324	 0.0270252
-0.00999933	 0.044986
-0.00666622	 0.0599614
-0.00333311	 2.37959e-05
0	 1
0.00333311	 0.0637289
0.00666622	 0.0535759
0.00999933	 0.0282604
0.0133324	 0.0186672
0.0166656	 0.0170824
0.0199987	 0.0178938
0.0233318	 0.0134335
0.0266649	 0.0120402
0.029998	 0.00958677
0.0333311	 0.00870856
0.0366642	 0.00704318
0.0399973	 0.00799952
0.0433304	 0.00821873
0.0466636	 0.00561324
0.0499967	 0.0062563
0.0533298	 0.00553228
0.0566629	 0.00483535
0.059996	 0.00487036
0.0633291	 0.00574422
0.0666622	 0.00567093
0.0699953	 0.00521533
0.0733284	 0.00266715
0.0766616	 0.0045503
0.0799947	 0.00349125
0.0833278	 0.00392473
0.0866609	 0.00374514
0.089994	 0.00298139
0.0933271	 0.00367682
0.0966602	 0.00325405
0.0999933	 0.0035196
0.103326	 0.00358792
0.10666	 0.00366119
0.109993	 0.00341845
0.113326	 0.00299313
0.116659	 0.00294839
0.119992	 0.00299289
0.123325	 0.0024649
0.126658	 0.00264981
0.129991	 0.00295313
0.133324	 0.00202404
0.136658	 0.00223811
0.139991	 0.00163005
0.143324	 0.0028022
0.146657	 0.00232384
0.14999	 0.002248
0.153323	 0.0013305
0.156656	 0.0017194
0.159989	 0.00271896
0.163322	 0.00203208
0.166656	 0.00148811
0.169989	 0.00213042
0.173322	 0.00211153
0.176655	 0.00189956
0.179988	 0.00179618
0.183321	 0.00205829
0.186654	 0.00180592
0.189987	 0.00127945
0.19332	 0.00166025
0.196654	 0.0015355
0.199987	 0.00166638
0.20332	 0.00165626
0.206653	 0.00139052
0.209986	 0.00140258
0.213319	 0.00165075
0.216652	 0.00183258
0.219985	 0.00147091
0.223318	 0.00166156
0.226652	 0.00162481
0.229985	 0.00213241
0.233318	 0.00160366
0.236651	 0.00150344
0.239984	 0.00160752
0.243317	 0.00129359
0.24665	 0.00163822
0.249983	 0.00172934
0.253316	 0.00155448
0.25665	 0.00178445
0.259983	 0.00137683
0.263316	 0.00148731
0.266649	 0.00126761
0.269982	 0.0017301
0.273315	 0.00116988
0.276648	 0.00118597
0.279981	 0.00159558
0.283314	 0.00108744
0.286648	 0.00140603
0.289981	 0.00130872
0.293314	 0.00121774
0.296647	 0.00144392
0.29998	 0.00154508
0.303313	 0.00120072
0.306646	 0.00119593
0.309979	 0.00114339
0.313312	 0.00124609
0.316646	 0.000791023
0.319979	 0.00112884
0.323312	 0.00162322
0.326645	 0.00161713
0.329978	 0.00101725
0.333311	 0.00118629
0.336644	 0.000946086
0.339977	 0.00131918
0.34331	 0.0012805
0.346644	 0.000937129
0.349977	 0.00121879
0.35331	 0.000966386
0.356643	 0.000962919
0.359976	 0.000953924
0.363309	 0.00108843
0.366642	 0.00121073
0.369975	 0.00111093
0.373308	 0.000922093
0.376642	 0.00129459
0.379975	 0.00115764
0.383308	 0.000974185
0.386641	 0.00107643
0.389974	 0.000930755
0.393307	 0.000947116
0.39664	 0.000786256
0.399973	 0.000974724
0.403306	 0.00111214
0.40664	 0.00129843
0.409973	 0.000852259
0.413306	 0.0013226
0.416639	 0.00097337
0.419972	 0.000955743
0.423305	 0.000924416
0.426638	 0.00125945
0.429971	 0.000760712
0.433304	 0.000959807
0.436638	 0.00130741
0.439971	 0.000876868
0.443304	 0.000902855
0.446637	 0.0011094
0.44997	 0.00130291
0.453303	 0.0011892
0.456636	 0.000863138
0.459969	 0.000973417
0.463302	 0.000915725
0.466636	 0.000876511
0.469969	 0.00112398
0.473302	 0.000876939
0.476635	 0.00120604
0.479968	 0.000802431
0.483301	 0.00115003
0.486634	 0.000927063
0.489967	 0.000868864
0.4933	 0.00119243
0.496634	 0.00114251
0.499967	 0.00102707
0.5033	 0.000881912
0.506633	 0.0010541
0.509966	 0.000953024
0.513299	 0.00111127
0.516632	 0.000982889
0.519965	 0.000765008
0.523298	 0.000758105
0.526632	 0.00098117
0.529965	 0.000845975
0.533298	 0.00119607
0.536631	 0.00105846
0.539964	 0.000712111
0.543297	 0.000800127
0.54663	 0.000945867
0.549963	 0.00095845
0.553296	 0.00106877
0.55663	 0.00126348
0.559963	 0.00086618
0.563296	 0.000939101
0.566629	 0.000958444
0.569962	 0.00102437
0.573295	 0.000968673
0.576628	 0.000963068
0.579961	 0.000641164
0.583294	 0.000871744
0.586628	 0.000924963
0.589961	 0.000934728
0.593294	 0.00078032
0.596627	 0.00079519
0.59996	 0.000984512
0.603293	 0.000822248
0.606626	 0.000758289
0.609959	 0.000840379
0.613292	 0.000719086
0.616626	 0.00110922
0.619959	 0.000874964
0.623292	 0.00081822
0.626625	 0.000625161
0.629958	 0.000828779
0.633291	 0.000786081
0.636624	 0.000836864
0.639957	 0.00106164
0.64329	 0.000900934
0.646624	 0.000871342
0.649957	 0.000902152
0.65329	 0.0008662
0.656623	 0.000714386
0.659956	 0.00112907
0.663289	 0.000803782
0.666622	 0.000966594
0.669955	 0.000815987
0.673288	 0.000865439
0.676622	 0.00104275
0.679955	 0.000818373
0.683288	 0.00102768
0.686621	 0.000711896
0.689954	 0.000830904
0.693287	 0.000698861
0.69662	 0.0011402
0.699953	 0.000921497
0.703286	 0.000961667
0.70662	 0.00107141
0.709953	 0.000880873
0.713286	 0.00101787
0.716619	 0.000923782
0.719952	 0.000985687
0.723285	 0.000606282
0.726618	 0.000770195
0.729951	 0.00067873
0.733284	 0.000944278
0.736618	 0.000913288
0.739951	 0.000759819
0.743284	 0.00102264
0.746617	 0.000841479
0.74995	 0.000851883
0.753283	 0.00105917
0.756616	 0.00114786
0.759949	 0.000916017
0.763282	 0.000798925
0.766616	 0.00098766
0.769949	 0.000912971
0.773282	 0.00106333
0.776615	 0.000917912
0.779948	 0.0008108
0.783281	 0.00069605
0.786614	 0.000941279
0.789947	 0.00102656
0.79328	 0.00104263
0.796614	 0.000750485
0.799947	 0.000888256
0.80328	 0.000957286
0.806613	 0.000969738
0.809946	 0.00125619
0.813279	 0.00107033
0.816612	 0.00110112
0.819945	 0.00102964
0.823278	 0.000812312
0.826612	 0.00101496
0.829945	 0.0011335
0.833278	 0.00122105
0.836611	 0.00107981
0.839944	 0.00120235
0.843277	 0.00101393
0.84661	 0.00121254
0.849943	 0.000955719
0.853276	 0.00098335
0.85661	 0.000870141
0.859943	 0.000946853
0.863276	 0.000982555
0.866609	 0.00112136
0.869942	 0.000955934
0.873275	 0.00123823
0.876608	 0.00122527
0.879941	 0.00121956
0.883274	 0.000886829
0.886608	 0.00105235
0.889941	 0.00113231
0.893274	 0.000981171
0.896607	 0.00128565
0.89994	 0.00100758
0.903273	 0.0013963
0.906606	 0.001212
0.909939	 0.00122759
0.913272	 0.00121782
0.916606	 0.00111691
0.919939	 0.00137436
0.923272	 0.00100869
0.926605	 0.00138533
0.929938	 0.00119765
0.933271	 0.00115049
0.936604	 0.000990191
0.939937	 0.00129956
0.94327	 0.00142157
0.946604	 0.00146266
0.949937	 0.00151876
0.95327	 0.0011723
0.956603	 0.00137501
0.959936	 0.000994089
0.963269	 0.0014854
0.966602	 0.00124904
0.969935	 0.00183895
0.973268	 0.0014615
0.976602	 0.00136517
0.979935	 0.00142919
0.983268	 0.00167226
0.986601	 0.00177002
0.989934	 0.00137794
0.993267	 0.00144517
0.9966	 0.00137527
0.999933	 0.00185639
1.00327	 0.00133263
1.0066	 0.00202459
1.00993	 0.0012555
1.01327	 0.00192414
1.0166	 0.00224854
1.01993	 0.00157977
1.02327	 0.00139634
1.0266	 0.00147737
1.02993	 0.00206173
1.03326	 0.00185557
1.0366	 0.00125305
1.03993	 0.00197474
1.04326	 0.00164859
1.0466	 0.00232213
1.04993	 0.00153147
1.05326	 0.00212238
1.0566	 0.00227457
1.05993	 0.00232098
1.06326	 0.00240246
1.0666	 0.00216615
1.06993	 0.00190248
1.07326	 0.00166252
1.07659	 0.00242031
1.07993	 0.00219747
1.08326	 0.0016108
1.08659	 0.00264356
1.08993	 0.00240247
1.09326	 0.00290441
1.09659	 0.00212325
1.09993	 0.0025206
1.10326	 0.00280724
1.10659	 0.0028468
1.10993	 0.00319541
1.11326	 0.0042881
1.11659	 0.00355628
1.11993	 0.00460503
1.12326	 0.00368727
1.12659	 0.00515401
1.12992	 0.00329052
1.13326	 0.00473711
1.13659	 0.00571705
1.13992	 0.00492523
1.14326	 0.00536334
1.14659	 0.00366736
1.14992	 0.00636158
1.15326	 0.00656845
1.15659	 0.00815241
1.15992	 0.00726509
1.16326	 0.0105885
1.16659	 0.0115257
1.16992	 0.0104782
1.17326	 0.0107634
1.17659	 0.0224021
1.17992	 0.0156758
1.18325	 0.0204071
1.18659	 0.0166101
1.18992	 0.0176163
1.19325	 0.014319
1.19659	 0.0132947
1.19992	 0.00940464
1.20325	 0.00916078
1.20659	 0.00738415
1.20992	 0.00620114
1.21325	 0.00630235
1.21659	 0.00547455
1.21992	 0.00578782
1.22325	 0.00574138
1.22658	 0.0069061
1.22992	 0.00474555
1.23325	 0.00440094
1.23658	 0.00338298
1.23992	 0.00433303
1.24325	 0.00371841
1.24658	 0.00377988
1.24992	 0.00485823
1.25325	 0.0028935
1.25658	 0.00482409
1.25992	 0.0039277
1.26325	 0.00525127
1.26658	 0.00336718
1.26992	 0.00321568
1.27325	 0.00233403
1.27658	 0.00503954
1.27991	 0.00328987
1.28325	 0.00307334
1.28658	 0.00243986
1.28991	 0.00311731
1.29325	 0.00315543
1.29658	 0.00349744
1.29991	 0.00206227
1.30325	 0.00226121
1.30658	 0.00200905
1.30991	 0.00212237
1.31325	 0.00246186
1.31658	 0.00268757
1.31991	 0.00219666
1.32325	 0.00197236
1.32658	 0.00245133
1.32991	 0.00190782
1.33324	 0.00162717
1.33658	 0.00231803
1.33991	 0.00167579
1.34324	 0.00196194
1.34658	 0.00195048
1.34991	 0.00207648
1.35324	 0.00268207
1.35658	 0.00196873
1.35991	 0.00127553
1.36324	 0.00176839
1.36658	 0.00211979
1.36991	 0.00248793
1.37324	 0.00151128
1.37657	 0.00197223
1.37991	 0.00226052
1.38324	 0.00161379
1.38657	 0.00150248
1.38991	 0.00143125
1.39324	 0.00147409
1.39657	 0.00162757
1.39991	 0.00200554
1.40324	 0.00112859
1.40657	 0.00155882
1.40991	 0.00166289
1.41324	 0.00156331
1.41657	 0.00156034
1.41991	 0.00104053
1.42324	 0.00137433
1.42657	 0.00123361
1.4299	 0.00141932
1.43324	 0.0011518
1.43657	 0.00144169
1.4399	 0.00140543
1.44324	 0.00134511
1.44657	 0.00111878
1.4499	 0.0010998
1.45324	 0.000944703
1.45657	 0.00113861
1.4599	 0.0012318
1.46324	 0.000838049
1.46657	 0.00101034
1.4699	 0.00122758
1.47324	 0.00138539
1.47657	 0.00105421
1.4799	 0.0014124
1.48323	 0.000967786
1.48657	 0.00127069
1.4899	 0.0014936
1.49323	 0.000979322
1.49657	 0.00148505
1.4999	 0.0011889
1.50323	 0.00117538
1.50657	 0.00153582
1.5099	 0.000906326
1.51323	 0.001326
1.51657	 0.00118322
1.5199	 0.00103567
1.52323	 0.0011825
1.52656	 0.0011726
1.5299	 0.0011125
1.53323	 0.00100076
1.53656	 0.00130754
1.5399	 0.0011974
1.54323	 0.00100096
1.54656	 0.000951556
1.5499	 0.00132593
1.55323	 0.000988541
1.55656	 0.00107196
1.5599	 0.000994163
1.56323	 0.000915549
1.56656	 0.00128939
1.5699	 0.00125154
1.57323	 0.00091222
1.57656	 0.000859891
1.57989	 0.000857635
1.58323	 0.00106689
1.58656	 0.00123625
1.58989	 0.00129417
1.59323	 0.000792328
1.59656	 0.000805557
1.59989	 0.000947727
1.60323	 0.000791674
1.60656	 0.00104229
1.60989	 0.000902099
1.61323	 0.00115353
1.61656	 0.0010185
1.61989	 0.00145341
1.62323	 0.000950531
1.62656	 0.001088
1.62989	 0.000991595
1.63322	 0.00115222
1.63656	 0.00118335
1.63989	 0.000900965
1.64322	 0.000614786
1.64656	 0.00108024
1.64989	 0.000761862
1.65322	 0.00112634
1.65656	 0.000804878
1.65989	 0.000698137
1.66322	 0.000859892
1.66656	 0.000710808
1.66989	 0.00109843
1.67322	 0.000774538
1.67655	 0.000765733
1.67989	 0.000982158
1.68322	 0.000633628
1.68655	 0.000917836
1.68989	 0.00112895
1.69322	 0.00087134
1.69655	 0.00063151
1.69989	 0.000642644
1.70322	 0.00089558
1.70655	 0.000871405
1.70989	 0.000785612
1.71322	 0.000886687
1.71655	 0.000748742
1.71989	 0.000972876
1.72322	 0.000677873
1.72655	 0.000696387
1.72988	 0.000906101
1.73322	 0.000898377
1.73655	 0.000992635
1.73988	 0.000800635
1.74322	 0.00114551
1.74655	 0.000907164
1.74988	 0.000636212
1.75322	 0.000767972
1.75655	 0.000571268
1.75988	 0.000701753
1.76322	 0.000968484
1.76655	 0.000847706
1.76988	 0.000700096
1.77322	 0.000919545
1.77655	 0.000910829
1.77988	 0.000884239
1.78321	 0.000775342
1.78655	 0.000921838
1.78988	 0.00105398
1.79321	 0.000705775
1.79655	 0.000742256
1.79988	 0.000774589
1.80321	 0.00101353
1.80655	 0.000878495
1.80988	 0.000916567
1.81321	 0.00086621
1.81655	 0.000915783
1.81988	 0.000640379
1.82321	 0.000769049
1.82654	 0.000873186
1.82988	 0.00072232
1.83321	 0.000792589
1.83654	 0.000689505
1.83988	 0.00119627
1.84321	 0.000765224
1.84654	 0.000793356
1.84988	 0.000708467
1.85321	 0.000730053
1.85654	 0.000961229
1.85988	 0.000840951
1.86321	 0.000809258
1.86654	 0.000649146
1.86988	 0.000930428
1.87321	 0.00095989
1.87654	 0.000964335
1.87987	 0.000939024
1.88321	 0.00103052
1.88654	 0.00056098
1.88987	 0.000766916
1.89321	 0.000852641
1.89654	 0.000681037
1.89987	 0.000822721
1.90321	 0.000931612
1.90654	 0.000875928
1.90987	 0.00073918
1.91321	 0.000822134
1.91654	 0.000927451
1.91987	 0.000822197
1.92321	 0.00109024
1.92654	 0.00100599
1.92987	 0.000791675
1.9332	 0.00100129
1.93654	 0.000770759
1.93987	 0.000871747
1.9432	 0.000734706
1.94654	 0.000687293
1.94987	 0.000763804
1.9532	 0.000885023
1.95654	 0.00103713
1.95987	 0.000968157
1.9632	 0.00109164
1.96654	 0.000739665
1.96987	 0.00094667
1.9732	 0.00107858
1.97653	 0.00094709
1.97987	 0.000861481
1.9832	 0.00104412
1.98653	 0.000769581
1.98987	 0.000850797
1.9932	 0.000950092
1.99653	 0.000843027
1.99987	 0.00116072
2.0032	 0.000877226
2.00653	 0.00099621
2.00987	 0.000812938
2.0132	 0.00085147
2.01653	 0.000940304
2.01987	 0.000990076
2.0232	 0.000719923
2.02653	 0.00103757
2.02986	 0.000922563
2.0332	 0.00111076
2.03653	 0.00113209
2.03986	 0.000906722
2.0432	 0.00101097
2.04653	 0.00118192
2.04986	 0.000992927
2.0532	 0.00119847
2.05653	 0.000685729
2.05986	 0.00102927
2.0632	 0.000913324
2.06653	 0.00113061
2.06986	 0.00125827
2.0732	 0.00113542
2.07653	 0.00136283
2.07986	 0.0010352
2.08319	 0.00104172
2.08653	 0.00115162
2.08986	 0.00109257
2.09319	 0.00109443
2.09653	 0.000507916
2.09986	 0.00106053
2.10319	 0.00126806
2.10653	 0.00151908
2.10986	 0.00124778
2.11319	 0.000850914
2.11653	 0.00120618
2.11986	 0.000907438
2.12319	 0.00104374
2.12652	 0.00112927
2.12986	 0.00106404
2.13319	 0.000932969
2.13652	 0.00152738
2.13986	 0.00130493
2.14319	 0.000841294
2.14652	 0.00136899
2.14986	 0.00126989
2.15319	 0.00137533
2.15652	 0.00111863
2.15986	 0.00126308
2.16319	 0.00129985
2.16652	 0.00101912
2.16986	 0.00136028
2.17319	 0.00158091
2.17652	 0.00116554
2.17985	 0.00156294
2.18319	 0.00118701
2.18652	 0.00148257
2.18985	 0.00123656
2.19319	 0.00122281
2.19652	 0.00155536
2.19985	 0.00150684
2.20319	 0.00129018
2.20652	 0.00148587
2.20985	 0.00159367
2.21319	 0.00167486
2.21652	 0.00168444
2.21985	 0.00193216
2.22319	 0.00215753
2.22652	 0.00100629
2.22985	 0.00190077
2.23318	 0.00159847
2.23652	 0.00142844
2.23985	 0.00176926
2.24318	 0.00192059
2.24652	 0.00188347
2.24985	 0.00262745
2.25318	 0.00196569
2.25652	 0.00191928
2.25985	 0.00224501
2.26318	 0.00171212
2.26652	 0.00223584
2.26985	 0.00228922
2.27318	 0.00227834
2.27651	 0.00185884
2.27985	 0.00236936
2.28318	 0.0018814
2.28651	 0.00204344
2.28985	 0.00319155
2.29318	 0.00278641
2.29651	 0.0026335
2.29985	 0.00278973
2.30318	 0.00314318
2.30651	 0.00327984
2.30985	 0.00275737
2.31318	 0.00272056
2.31651	 0.00371876
2.31985	 0.00263432
2.32318	 0.0032083
2.32651	 0.00410913
2.32984	 0.00481241
2.33318	 0.00447235
2.33651	 0.00426985
2.33984	 0.00361119
2.34318	 0.00439142
2.34651	 0.00441645
2.34984	 0.00555623
2.35318	 0.00560863
2.35651	 0.00407221
2.35984	 0.00535501
2.36318	 0.00445738
2.36651	 0.0050033
2.36984	 0.0040329
2.37318	 0.0044207
2.37651	 0.00346977
2.37984	 0.00588337
2.38317	 0.00379958
2.38651	 0.00566623
2.38984	 0.00483771
2.39317	 0.00556498
2.39651	 0.00549449
2.39984	 0.00514809
2.40317	 0.0049614
2.40651	 0.00407657
2.40984	 0.00480542
2.41317	 0.00376077
2.41651	 0.00526491
2.41984	 0.00439009
2.42317	 0.00408661
2.4265	 0.0029603
2.42984	 0.00469714
2.43317	 0.0037649
2.4365	 0.0026609
2.43984	 0.00366798
2.44317	 0.00456692
2.4465	 0.00397645
2.44984	 0.00414739
2.45317	 0.00369172
2.4565	 0.00368623
2.45984	 0.00250804
2.46317	 0.00293931
2.4665	 0.00305369
2.46984	 0.00271493
2.47317	 0.00251915
2.4765	 0.00281757
2.47983	 0.00326324
2.48317	 0.00224132
2.4865	 0.00301371
2.48983	 0.00200073
2.49317	 0.00249391
2.4965	 0.00277171
2.49983	 0.00244522
2.50317	 0.00289514
2.5065	 0.00218491
2.50983	 0.00318528
2.51317	 0.00238921
2.5165	 0.00263168
2.51983	 0.00259679
2.52317	 0.00210119
2.5265	 0.00258928
2.52983	 0.00196788
2.53316	 0.0020982
2.5365	 0.00179236
2.53983	 0.00208795
2.54316	 0.00157129
2.5465	 0.00259501
2.54983	 0.00221784
2.55316	 0.00216206
2.5565	 0.00167733
2.55983	 0.00180024
2.56316	 0.00185076
2.5665	 0.00208792
2.56983	 0.00179492
2.57316	 0.00182871
2.57649	 0.00147048
2.57983	 0.00174692
2.58316	 0.00164239
2.58649	 0.00222005
2.58983	 0.00188642
2.59316	 0.00168607
2.59649	 0.00167104
2.59983	 0.00174403
2.60316	 0.00170955
2.60649	 0.00167249
2.60983	 0.00157693
2.61316	 0.00162168
2.61649	 0.00115592
2.61983	 0.00148748
2.62316	 0.00163761
2.62649	 0.00154754
2.62982	 0.00129607
2.63316	 0.000949687
2.63649	 0.00174148
2.63982	 0.00156315
2.64316	 0.00095067
2.64649	 0.00142182
2.64982	 0.00127229
2.65316	 0.00142053
2.65649	 0.00107883
2.65982	 0.00139761
2.66316	 0.00109842
2.66649	 0.00130813
2.66982	 0.00143127
2.67316	 0.00128156
2.67649	 0.00137604
2.67982	 0.00121772
2.68315	 0.0010914
2.68649	 0.00104104
2.68982	 0.00107584
2.69315	 0.00157569
2.69649	 0.000977086
2.69982	 0.00174547
2.70315	 0.00118637
2.70649	 0.00110753
2.70982	 0.00125397
2.71315	 0.00113309
2.71649	 0.00109348
2.71982	 0.000980234
2.72315	 0.00104787
2.72648	 0.00123019
2.72982	 0.001351
2.73315	 0.000979187
2.73648	 0.00115383
2.73982	 0.000799326
2.74315	 0.00108755
2.74648	 0.000901042
2.74982	 0.000666488
2.75315	 0.00104298
2.75648	 0.00110821
2.75982	 0.000885831
2.76315	 0.000929324
2.76648	 0.000888575
2.76982	 0.00103286
2.77315	 0.00126514
2.77648	 0.000783342
2.77981	 0.000995419
2.78315	 0.00125829
2.78648	 0.00102177
2.78981	 0.000978111
2.79315	 0.00117263
2.79648	 0.000879562
2.79981	 0.000885571
2.80315	 0.000860175
2.80648	 0.000730712
2.80981	 0.00104432
2.81315	 0.000994134
2.81648	 0.000883789
2.81981	 0.000822864
2.82315	 0.000860525
2.82648	 0.000813447
2.82981	 0.000992573
2.83314	 0.000867041
2.83648	 0.000969422
2.83981	 0.000589125
2.84314	 0.000843823
2.84648	 0.000804747
2.84981	 0.000819239
2.85314	 0.000671674
2.85648	 0.000841023
2.85981	 0.000827119
2.86314	 0.000884256
2.86648	 0.000839772
2.86981	 0.000984464
2.87314	 0.00109417
2.87647	 0.0011841
2.87981	 0.00074088
2.88314	 0.00115415
2.88647	 0.000704612
2.88981	 0.00086362
2.89314	 0.00108704
2.89647	 0.00087464
2.89981	 0.000865369
2.90314	 0.00139196
2.90647	 0.000858082
2.90981	 0.000730089
2.91314	 0.000914339
2.91647	 0.000754142
2.91981	 0.000946247
2.92314	 0.000788909
2.92647	 0.000886055
2.9298	 0.000788353
2.93314	 0.000881448
2.93647	 0.000724241
2.9398	 0.000862728
2.94314	 0.000848156
2.94647	 0.000956278
2.9498	 0.000931356
2.95314	 0.000615955
2.95647	 0.00093348
2.9598	 0.00088664
2.96314	 0.00095405
2.96647	 0.000638475
2.9698	 0.000862161
2.97314	 0.000729368
2.97647	 0.000891847
2.9798	 0.000956912
2.98313	 0.000865431
2.98647	 0.000809187
2.9898	 0.000807962
2.99313	 0.000933846
2.99647	 0.000801192
2.9998	 0.000760981
3.00313	 0.000642603
3.00647	 0.000890082
3.0098	 0.000568404
3.01313	 0.000820082
3.01647	 0.00085628
3.0198	 0.000908643
3.02313	 0.000514458
3.02646	 0.000703236
3.0298	 0.000878424
3.03313	 0.0013254
3.03646	 0.000898656
3.0398	 0.00080892
3.04313	 0.000732767
3.04646	 0.000749184
3.0498	 0.000952539
3.05313	 0.000870707
3.05646	 0.000831768
3.0598	 0.000614873
3.06313	 0.000846373
3.06646	 0.000719873
3.0698	 0.000652893
3.07313	 0.000651594
3.07646	 0.000635572
3.07979	 0.000854387
3.08313	 0.000695515
3.08646	 0.000738784
3.08979	 0.000725843
3.09313	 0.00131071
3.09646	 0.000884037
3.09979	 0.00077447
3.10313	 0.00103834
3.10646	 0.000656424
3.10979	 0.000972306
3.11313	 0.00081989
3.11646	 0.000719877
3.11979	 0.000793812
3.12313	 0.000898779
3.12646	 0.000908773
3.12979	 0.000731091
3.13312	 0.000776632
3.13646	 0.000759854
3.13979	 0.000902372
3.14312	 0.000897646
3.14646	 0.000843471
3.14979	 0.000689093
3.15312	 0.00100212
3.15646	 0.000957059
3.15979	 0.00107143
3.16312	 0.00083646
3.16646	 0.000738995
3.16979	 0.000762023
3.17312	 0.00108043
3.17645	 0.00113858
3.17979	 0.00101111
3.18312	 0.000724713
3.18645	 0.000876722
3.18979	 0.000899927
3.19312	 0.000985253
3.19645	 0.000860433
3.19979	 0.000807859
3.20312	 0.000839589
3.20645	 0.000884948
3.20979	 0.000869069
3.21312	 0.00105031
3.21645	 0.000897008
3.21979	 0.00119391
3.22312	 0.000782638
3.22645	 0.00089874
3.22978	 0.000865358
3.23312	 0.000823005
3.23645	 0.00104937
3.23978	 0.000951307
3.24312	 0.000840747
3.24645	 0.000602336
3.24978	 0.000913577
3.25312	 0.00121633
3.25645	 0.00102213
3.25978	 0.00114691
3.26312	 0.00126621
3.26645	 0.000819891
3.26978	 0.000772389
3.27312	 0.000824771
3.27645	 0.000963869
3.27978	 0.000893136
3.28311	 0.0012619
3.28645	 0.000748784
3.28978	 0.001033
3.29311	 0.000888422
3.29645	 0.00133656
3.29978	 0.000774811
3.30311	 0.000972981
3.30645	 0.000966229
3.30978	 0.00109983
3.31311	 0.00111339
3.31645	 0.0013039
3.31978	 0.00129129
3.32311	 0.00107716
3.32644	 0.00148751
3.32978	 0.000959977
3.33311	 0.000970963
3.33644	 0.0010516
3.33978	 0.0011914
3.34311	 0.00104923
3.34644	 0.000970096
3.34978	 0.000729088
3.35311	 0.00147166
3.35644	 0.000946826
3.35978	 0.00105062
3.36311	 0.00156453
3.36644	 0.00108878
3.36978	 0.00102066
3.37311	 0.00151892
3.37644	 0.00148916
3.37977	 0.00108958
3.38311	 0.00135814
3.38644	 0.00129754
3.38977	 0.0011432
3.39311	 0.00123261
3.39644	 0.00141995
3.39977	 0.00145154
3.40311	 0.00133227
3.40644	 0.00143492
3.40977	 0.0014181
3.41311	 0.00153821
3.41644	 0.00176046
3.41977	 0.00135388
3.42311	 0.00138107
3.42644	 0.00128535
3.42977	 0.00145755
3.4331	 0.00186406
3.43644	 0.00159802
3.43977	 0.00132337
3.4431	 0.00130796
3.44644	 0.00191533
3.44977	 0.00167797
3.4531	 0.00138406
3.45644	 0.00104627
3.45977	 0.00171122
3.4631	 0.00189946
3.46644	 0.00179874
3.46977	 0.00180834
3.4731	 0.00181981
3.47643	 0.00161505
3.47977	 0.00125148
3.4831	 0.00165129
3.48643	 0.00217122
3.48977	 0.00192307
3.4931	 0.00159754
3.49643	 0.00214462
3.49977	 0.0014865
3.5031	 0.00257156
3.50643	 0.00221149
3.50977	 0.00214238
3.5131	 0.00231508
3.51643	 0.00183364
3.51977	 0.00187525
3.5231	 0.00237265
3.52643	 0.002205
3.52976	 0.00233327
3.5331	 0.00186814
3.53643	 0.0025347
3.53976	 0.003092
3.5431	 0.0035096
3.54643	 0.0023629
3.54976	 0.00222797
3.5531	 0.00262743
3.55643	 0.00306314
3.55976	 0.00321686
3.5631	 0.00273109
3.56643	 0.00247214
3.56976	 0.00349482
3.5731	 0.00311813
3.57643	 0.00225747
3.57976	 0.00317135
3.58309	 0.00365856
3.58643	 0.00406421
3.58976	 0.00350876
3.59309	 0.0030603
3.59643	 0.00529383
3.59976	 0.00298642
3.60309	 0.00333612
3.60643	 0.00266791
3.60976	 0.00237142
3.61309	 0.00424718
3.61643	 0.00288378
3.61976	 0.00338175
3.62309	 0.00335594
3.62642	 0.0023889
3.62976	 0.00290466
3.63309	 0.00290943
3.63642	 0.00336204
3.63976	 0.00264794
3.64309	 0.00325425
3.64642	 0.00372196
3.64976	 0.00300624
3.65309	 0.00295952
3.65642	 0.00314753
3.65976	 0.0024214
3.66309	 0.00296176
3.66642	 0.00352636
3.66976	 0.00199044
3.67309	 0.00267882
3.67642	 0.00249838
3.67975	 0.00210211
3.68309	 0.00199154
3.68642	 0.00295348
3.68975	 0.00319222
3.69309	 0.00224504
3.69642	 0.001811
3.69975	 0.00219785
3.70309	 0.00245694
3.70642	 0.00262443
3.70975	 0.00152391
3.71309	 0.00212718
3.71642	 0.00267076
3.71975	 0.00264461
3.72309	 0.00230904
3.72642	 0.00229298
3.72975	 0.00202972
3.73308	 0.00118284
3.73642	 0.00203801
3.73975	 0.00233836
3.74308	 0.00254463
3.74642	 0.00212496
3.74975	 0.00275376
3.75308	 0.00149775
3.75642	 0.0015404
3.75975	 0.00188225
3.76308	 0.0024209
3.76642	 0.00173034
3.76975	 0.00174644
3.77308	 0.00147444
3.77641	 0.00202172
3.77975	 0.00161221
3.78308	 0.00182963
3.78641	 0.0013569
3.78975	 0.00102679
3.79308	 0.00140961
3.79641	 0.00149256
3.79975	 0.00179366
3.80308	 0.00138394
3.80641	 0.00121859
3.80975	 0.00168525
3.81308	 0.00194478
3.81641	 0.0011475
3.81975	 0.00128596
3.82308	 0.00161486
3.82641	 0.00127201
3.82974	 0.00144044
3.83308	 0.00161433
3.83641	 0.0017133
3.83974	 0.00141406
3.84308	 0.00138389
3.84641	 0.00120456
3.84974	 0.00109769
3.85308	 0.0011225
3.85641	 0.000959056
3.85974	 0.00130657
3.86308	 0.00113999
3.86641	 0.00106159
3.86974	 0.00109462
3.87308	 0.00102957
3.87641	 0.00124377
3.87974	 0.00127873
3.88307	 0.00103464
3.88641	 0.000862183
3.88974	 0.0010602
3.89307	 0.00103231
3.89641	 0.0012851
3.89974	 0.000764129
3.90307	 0.000965287
3.90641	 0.000880564
3.90974	 0.00113001
3.91307	 0.00124352
3.91641	 0.00084699
3.91974	 0.00103455
3.92307	 0.00129347
3.9264	 0.00110715
3.92974	 0.00102456
3.93307	 0.00145098
3.9364	 0.000840265
3.93974	 0.00110665
3.94307	 0.00103492
3.9464	 0.00106315
3.94974	 0.00117862
3.95307	 0.000916628
3.9564	 0.00107134
3.95974	 0.000837726
3.96307	 0.00130987
3.9664	 0.000761858
3.96974	 0.00095567
3.97307	 0.000788464
3.9764	 0.00112958
3.97973	 0.00089698
3.98307	 0.00102714
3.9864	 0.000908592
3.98973	 0.000884664
3.99307	 0.000701127
3.9964	 0.000829874
3.99973	 0.00102489
4.00307	 0.00100184
4.0064	 0.00112346
4.00973	 0.000867999
4.01307	 0.000793381
4.0164	 0.000875008
4.01973	 0.000961919
4.02307	 0.000741466
4.0264	 0.000954655
4.02973	 0.000720881
4.03306	 0.000784085
4.0364	 0.000615057
4.03973	 0.00075058
4.04306	 0.000952883
4.0464	 0.000870203
4.04973	 0.000694156
4.05306	 0.000879511
4.0564	 0.000463514
4.05973	 0.000929327
4.06306	 0.000615511
4.0664	 0.000753934
4.06973	 0.000847295
4.07306	 0.000940923
4.07639	 0.000865495
4.07973	 0.000779666
4.08306	 0.0011349
4.08639	 0.00063365
4.08973	 0.000693242
4.09306	 0.000811528
4.09639	 0.000645462
4.09973	 0.000664584
4.10306	 0.000691433
4.10639	 0.000727745
4.10973	 0.000997274
4.11306	 0.000775563
4.11639	 0.000745284
4.11973	 0.000860336
4.12306	 0.000902611
4.12639	 0.000686387
4.12972	 0.000935274
4.13306	 0.000851248
4.13639	 0.000877162
4.13972	 0.000698409
4.14306	 0.000798599
4.14639	 0.000739248
4.14972	 0.000868674
4.15306	 0.000730625
4.15639	 0.000721551
4.15972	 0.000968036
4.16306	 0.000883753
4.16639	 0.000767526
4.16972	 0.0008237
4.17306	 0.000693615
4.17639	 0.000578538
4.17972	 0.000895479
4.18305	 0.000793981
4.18639	 0.000795718
4.18972	 0.000772897
4.19305	 0.000817255
4.19639	 0.000846871
4.19972	 0.00067022
4.20305	 0.000565027
4.20639	 0.00086401
4.20972	 0.000630534
4.21305	 0.000815066
4.21639	 0.000679336
4.21972	 0.00079139
4.22305	 0.000889915
4.22638	 0.000807626
4.22972	 0.000770834
4.23305	 0.000844252
4.23638	 0.000733058
4.23972	 0.000477462
4.24305	 0.000685312
4.24638	 0.000676604
4.24972	 0.00064963
4.25305	 0.000780703
4.25638	 0.000785903
4.25972	 0.000593
4.26305	 0.00104655
4.26638	 0.000831856
4.26972	 0.000790958
4.27305	 0.000678134
4.27638	 0.000511549
4.27971	 0.00111681
4.28305	 0.00089419
4.28638	 0.000513564
4.28971	 0.00108703
4.29305	 0.000784369
4.29638	 0.000947492
4.29971	 0.000835581
4.30305	 0.000734145
4.30638	 0.000765449
4.30971	 0.000608669
4.31305	 0.000509398
4.31638	 0.000676513
4.31971	 0.00079526
4.32305	 0.000804304
4.32638	 0.000696798
4.32971	 0.000923775
4.33304	 0.000643888
4.33638	 0.0006605
4.33971	 0.000772434
4.34304	 0.00082523
4.34638	 0.000794509
4.34971	 0.000626715
4.35304	 0.000803477
4.35638	 0.00103834
4.35971	 0.000821562
4.36304	 0.000926513
4.36638	 0.000765368
4.36971	 0.000901769
4.37304	 0.000970213
4.37637	 0.000908786
4.37971	 0.000669826
4.38304	 0.000797224
4.38637	 0.000852484
4.38971	 0.000762527
4.39304	 0.000634357
4.39637	 0.000845654
4.39971	 0.000891954
4.40304	 0.000869172
4.40637	 0.000801448
4.40971	 0.00083834
4.41304	 0.00110686
4.41637	 0.000670183
4.41971	 0.000816579
4.42304	 0.000803222
4.42637	 0.000872331
4.4297	 0.000777259
4.43304	 0.000924258
4.43637	 0.000815483
4.4397	 0.000878515
4.44304	 0.000721043
4.44637	 0.000969363
4.4497	 0.00106537
4.45304	 0.00102404
4.45637	 0.00084095
4.4597	 0.000934018
4.46304	 0.000563263
4.46637	 0.000891123
4.4697	 0.00110314
4.47304	 0.000921032
4.47637	 0.00128974
4.4797	 0.000859691
4.48303	 0.000819201
4.48637	 0.00101757
4.4897	 0.000824194
4.49303	 0.000850785
4.49637	 0.00063023
4.4997	 0.000881045
4.50303	 0.000980822
4.50637	 0.000917778
4.5097	 0.000893251
4.51303	 0.00101343
4.51637	 0.000796713
4.5197	 0.000849676
4.52303	 0.000972737
4.52636	 0.000984708
4.5297	 0.000744727
4.53303	 0.00111217
4.53636	 0.0011314
4.5397	 0.00103567
4.54303	 0.00137307
4.54636	 0.0012757
4.5497	 0.00126176
4.55303	 0.00115573
4.55636	 0.000857307
4.5597	 0.000996522
4.56303	 0.00117058
4.56636	 0.00133168
4.5697	 0.00123762
4.57303	 0.000955616
4.57636	 0.000656425
4.57969	 0.00134326
4.58303	 0.000922794
4.58636	 0.000830267
4.58969	 0.00102855
4.59303	 0.00110175
4.59636	 0.00110605
4.59969	 0.00117616
4.60303	 0.00105959
4.60636	 0.00113779
4.60969	 0.00175787
4.61303	 0.00143841
4.61636	 0.00128665
4.61969	 0.00140109
4.62303	 0.00165142
4.62636	 0.0014212
4.62969	 0.000907583
4.63302	 0.00158713
4.63636	 0.000972221
4.63969	 0.00120238
4.64302	 0.00146655
4.64636	 0.00127075
4.64969	 0.00125953
4.65302	 0.0011688
4.65636	 0.00141096
4.65969	 0.00111676
4.66302	 0.00109092
4.66636	 0.001067
4.66969	 0.00127801
4.67302	 0.00155082
4.67635	 0.00166562
4.67969	 0.00128992
4.68302	 0.00159403
4.68635	 0.00163175
4.68969	 0.00132176
4.69302	 0.00127352
4.69635	 0.00124825
4.69969	 0.00136277
4.70302	 0.00170741
4.70635	 0.00148573
4.70969	 0.00247942
4.71302	 0.00171737
4.71635	 0.00196797
4.71969	 0.00184827
4.72302	 0.00171073
4.72635	 0.00201521
4.72968	 0.00195233
4.73302	 0.00217433
4.73635	 0.00168068
4.73968	 0.00211269
4.74302	 0.00222798
4.74635	 0.00190089
4.74968	 0.00182556
4.75302	 0.00197567
4.75635	 0.00211216
4.75968	 0.00187008
4.76302	 0.00227521
4.76635	 0.00159535
4.76968	 0.00210657
4.77302	 0.00219089
4.77635	 0.00301427
4.77968	 0.00208905
4.78301	 0.00274721
4.78635	 0.00206403
4.78968	 0.00208527
4.79301	 0.00195223
4.79635	 0.00266738
4.79968	 0.00226392
4.80301	 0.00264574
4.80635	 0.00248106
4.80968	 0.00222903
4.81301	 0.00236037
4.81635	 0.00218942
4.81968	 0.00178471
4.82301	 0.00223707
4.82634	 0.00315953
4.82968	 0.00259006
4.83301	 0.00247367
4.83634	 0.00160518
4.83968	 0.00260287
4.84301	 0.0027213
4.84634	 0.00165891
4.84968	 0.00184437
4.85301	 0.00136862
4.85634	 0.00223215
4.85968	 0.0018441
4.86301	 0.00205211
4.86634	 0.00235163
4.86968	 0.00238207
4.87301	 0.00219681
4.87634	 0.0022717
4.87967	 0.00231685
4.88301	 0.00240764
4.88634	 0.00265268
4.88967	 0.00266778
4.89301	 0.00252401
4.89634	 0.00233706
4.89967	 0.00197806
4.90301	 0.00184355
4.90634	 0.00181058
4.90967	 0.0018268
4.91301	 0.00235923
4.91634	 0.00233747
4.91967	 0.00220592
4.92301	 0.00256159
4.92634	 0.00159697
4.92967	 0.00216425
4.933	 0.002254
4.93634	 0.00222893
4.93967	 0.00242552
4.943	 0.00151211
4.94634	 0.0021385
4.94967	 0.00205055
4.953	 0.00157614
4.95634	 0.00159307
4.95967	 0.00135609
4.963	 0.00143874
4.96634	 0.00200368
4.96967	 0.00155186
4.973	 0.00206469
4.97633	 0.00120964
4.97967	 0.00134079
4.983	 0.00164602
4.98633	 0.00132332
4.98967	 0.00134877
4.993	 0.00124541
4.99633	 0.00154158
