#Time [1ns] 	 Re(Es) 	 Im(Es) 	 |Es|^2 	 rho 	 w
0	981.849953	2098.12382	-35470.0181	-19752.6545	0.552532185	3.05819737e+13
1e-11	1977.02006	807.453805	-33451.2367	-20049.4368	0.552247109	3.08215932e+13
2e-11	852.9432	483.367103	-32673.2156	-23021.3678	0.552462027	3.10388418e+13
3e-11	461.450323	420.004933	-33680.4454	-22629.2322	0.552610171	3.12360249e+13
4e-11	-474.98113	1675.80734	-33616.3413	-23139.3525	0.552489121	3.14147645e+13
5e-11	-2484.75767	2493.36603	-33592.0759	-22222.237	0.552507349	3.15765925e+13
6e-11	-961.524816	1530.81271	-34045.5767	-22908.6296	0.552494751	3.17233069e+13
7e-11	36.4073901	1860.01013	-34349.0999	-22026.8274	0.55255732	3.18562669e+13
8e-11	468.618807	2148.11566	-36206.7178	-21457.2469	0.552506643	3.19768723e+13
9e-11	1086.97765	1325.41456	-35835.1514	-21332.8084	0.552258031	3.20857428e+13
1e-10	1368.58885	688.551291	-34749.845	-21604.4651	0.552299079	3.218416e+13
1.1e-10	490.423616	1250.39006	-34887.6359	-21075.2214	0.552396661	3.22735244e+13
1.2e-10	702.221034	206.13198	-33419.0283	-21094.2012	0.552879156	3.23550449e+13
1.3e-10	489.60184	55.8882318	-32870.684	-19995.1894	0.553647221	3.24302193e+13
1.4e-10	1754.04509	-213.785997	-34263.4662	-21937.8324	0.554299722	3.25001489e+13
1.5e-10	-287.00966	-1196.55969	-32478.0092	-23036.5796	0.554503205	3.25642641e+13
1.6e-10	-2190.12289	-1467.6074	-30116.3269	-23238.9411	0.555056693	3.26230597e+13
1.7e-10	-2365.5638	-685.990344	-29906.2808	-22779.8868	0.555991066	3.26781012e+13
1.8e-10	-2222.95189	-1316.59092	-30150.1376	-22509.8227	0.557089784	3.27302806e+13
1.9e-10	-3127.59946	-2159.92047	-31083.7586	-20777.8429	0.557604915	3.27794036e+13
2e-10	-2138.49414	-1960.32186	-32477.5363	-22612.7754	0.558064359	3.28250777e+13
2.1e-10	-1740.65845	-1238.65445	-32145.5312	-25518.137	0.5574617	3.2866368e+13
2.2e-10	-2236.57564	-443.181907	-32644.4339	-24547.9303	0.556987953	3.29024798e+13
2.3e-10	-2294.7585	-990.419282	-31652.6082	-25981.2643	0.556477915	3.29341828e+13
2.4e-10	-1866.16131	-605.144754	-30946.6569	-26528.3093	0.556211811	3.29620014e+13
2.5e-10	-1930.24062	-652.426266	-32469.258	-27209.9824	0.555763526	3.2986534e+13
2.6e-10	-2603.8697	-1271.70632	-33406.706	-28258.6911	0.554712661	3.30071802e+13
2.7e-10	-1475.37489	-1181.50514	-31931.1947	-29032.6231	0.553831351	3.30235345e+13
2.8e-10	1142.94078	-376.320898	-30890.6505	-28517.1967	0.553377474	3.30368888e+13
2.9e-10	861.566005	828.905725	-29756.2977	-28373.4094	0.553391964	3.3048553e+13
3e-10	1475.81429	296.411742	-29188.7717	-29143.0335	0.553564946	3.30593421e+13
3.1e-10	1397.09079	858.664902	-28552.8176	-29247.6186	0.553837412	3.30695223e+13
3.2e-10	526.529197	1980.26337	-27650.4328	-30267.9419	0.554021877	3.30793305e+13
3.3e-10	-1290.07874	1827.04219	-27452.3328	-28841.618	0.554327339	3.30886925e+13
3.4e-10	-497.039695	1579.11149	-26335.0199	-30874.4812	0.554617846	3.30979149e+13
3.5e-10	-859.714453	2745.07095	-24831.3945	-31661.3421	0.554757021	3.31066873e+13
3.6e-10	-298.668747	2914.242	-24980.9894	-29922.1969	0.555392126	3.31153885e+13
3.7e-10	-430.178166	1614.17503	-26207.403	-30356.2031	0.556015368	3.31248612e+13
3.8e-10	363.42032	1921.78064	-26504.2685	-29173.9142	0.556280549	3.31343596e+13
3.9e-10	-148.608439	2104.26167	-26732.4313	-27658.4194	0.556781745	3.31437988e+13
4e-10	-1525.01586	2813.0834	-29196.2129	-26829.0207	0.557167136	3.31535078e+13
4.1e-10	-928.035808	-294.11612	-29001.1176	-25555.4607	0.557456912	3.31628957e+13
4.2e-10	233.123048	-2126.9967	-27330.3752	-26964.2328	0.557883308	3.31722586e+13
4.3e-10	-646.842714	-1274.83519	-27535.4276	-25816.1026	0.558624212	3.31819596e+13
4.4e-10	-1260.50004	-1320.93306	-27263.2286	-27404.2287	0.559190003	3.31923688e+13
4.5e-10	-1365.9249	-672.850919	-27759.2381	-25577.7797	0.559278055	3.32023915e+13
4.6e-10	50.7809264	-205.789787	-29902.833	-26088.5198	0.559452601	3.32120281e+13
4.7e-10	820.084715	617.710434	-31007.6448	-25476.0678	0.559163333	3.32204589e+13
4.8e-10	-1579.96903	1019.97039	-29845.6424	-26232.7515	0.558716625	3.32273305e+13
4.9e-10	-159.410892	622.341857	-31637.5898	-26194.3641	0.55832708	3.32327578e+13
5e-10	873.238578	2232.5247	-31433.4759	-25574.613	0.557442794	3.3236118e+13
5.1e-10	911.9257	2517.56481	-31106.1963	-25378.8704	0.557253672	3.32378893e+13
5.2e-10	469.84234	1137.17358	-30475.0423	-25954.7942	0.557322858	3.32394119e+13
5.3e-10	-6.7437819	2090.15954	-31987.0212	-24832.7301	0.557351184	3.32408678e+13
5.4e-10	368.479162	508.805751	-33815.8959	-25642.8059	0.556802337	3.32418154e+13
5.5e-10	1227.44267	24.7458084	-33664.9785	-25948.5921	0.55581031	3.32408336e+13
5.6e-10	1538.13881	-734.396587	-31728.9956	-23662.5114	0.55565502	3.32384084e+13
5.7e-10	680.904718	850.504501	-33019.3109	-24406.252	0.555820948	3.32365613e+13
5.8e-10	827.621077	-452.415943	-32544.9285	-23331.5124	0.555734575	3.32348003e+13
5.9e-10	1558.49685	-4.7247152	-32870.5461	-22944.5094	0.555996402	3.32333436e+13
6e-10	3116.87098	228.258599	-32897.0273	-21605.0775	0.556395612	3.32328055e+13
6.1e-10	3842.74837	-1398.89667	-31988.8172	-22841.637	0.556893131	3.32332744e+13
6.2e-10	4227.66411	-1094.21734	-33640.2892	-22546.0573	0.557042417	3.32346229e+13
6.3e-10	3669.55588	-1776.59793	-34472.197	-21890.6805	0.556900637	3.32357099e+13
6.4e-10	5161.33715	-548.625203	-35267.132	-20850.9393	0.556407092	3.32361302e+13
6.5e-10	3487.2196	452.862195	-35905.385	-21485.3462	0.555989965	3.32355111e+13
6.6e-10	3243.78414	-540.693798	-36211.3478	-21848.544	0.555468654	3.3233847e+13
6.7e-10	5201.37691	1073.49192	-38016.5883	-21262.5628	0.554871639	3.32311685e+13
6.8e-10	4299.02417	682.117118	-37518.9785	-22419.7107	0.553742373	3.32267879e+13
6.9e-10	3408.18077	-216.653022	-36908.3471	-21280.3103	0.553283415	3.32208672e+13
7e-10	2493.61333	450.879149	-35397.2394	-21638.6251	0.553396605	3.32150878e+13
7.1e-10	2665.94668	609.974194	-32876.2907	-20892.1539	0.553830778	3.32103834e+13
7.2e-10	2315.19448	1100.8807	-33300.9601	-20160.0972	0.55478692	3.32078079e+13
7.3e-10	2423.57334	30.1892083	-35757.1433	-20185.7649	0.555317408	3.3207281e+13
7.4e-10	2433.39216	2338.33201	-36595.8206	-18960.031	0.555272092	3.32072104e+13
7.5e-10	1161.35649	1133.64418	-34514.4524	-19280.2373	0.555485565	3.3207182e+13
7.6e-10	814.188654	865.433104	-35801.1445	-19693.2834	0.555752394	3.32079389e+13
7.7e-10	-244.786255	985.517134	-34667.476	-18510.0491	0.555960618	3.32089748e+13
7.8e-10	-2017.14557	948.029531	-35197.2644	-18374.7478	0.556476979	3.32107638e+13
7.9e-10	-3067.01698	-6.71200456	-37156.2975	-17409.2932	0.556305571	3.32129494e+13
8e-10	-4914.59291	-359.296579	-37793.5231	-18242.1387	0.555938752	3.32142477e+13
8.1e-10	-4898.55028	-957.235208	-39563.6631	-18439.406	0.555148813	3.32141905e+13
8.2e-10	-2054.30309	248.962047	-38612.7643	-20100.81	0.554345313	3.32122761e+13
8.3e-10	-1127.16064	-803.218506	-36136.4948	-20225.9751	0.553901019	3.32090216e+13
8.4e-10	-2711.30286	-404.900799	-34677.1491	-20433.5371	0.554215077	3.32059668e+13
8.5e-10	-1223.40135	476.833334	-34203.0933	-20697.2368	0.554651168	3.32040863e+13
8.6e-10	-1941.76905	-250.517863	-33393.7274	-19982.7096	0.555271711	3.32034446e+13
8.7e-10	-1994.35171	-454.360533	-34284.5971	-20571.8091	0.555660578	3.32041622e+13
8.8e-10	-2116.45963	-3575.83364	-34154.0599	-22324.7448	0.555857289	3.32055448e+13
8.9e-10	-2278.5158	-3901.45323	-31891.7406	-23384.1876	0.555905716	3.32069063e+13
9e-10	-3264.52436	-4155.61817	-30098.6855	-22469.7553	0.556434498	3.32086471e+13
9.1e-10	-3157.48735	-3218.50486	-30467.3285	-22347.8265	0.557325147	3.3211961e+13
9.2e-10	-3178.13575	-4602.71977	-30205.3436	-23595.7395	0.557856735	3.32165804e+13
9.3e-10	-2437.72218	-5756.75384	-31703.9849	-22263.8211	0.558218175	3.3221738e+13
9.4e-10	-2111.00243	-3484.68835	-31935.249	-22508.7015	0.558204869	3.32268413e+13
9.5e-10	-1860.42368	-2118.86422	-31751.8747	-23117.8229	0.55855447	3.32317644e+13
9.6e-10	-3223.9515	-3056.5873	-32759.9109	-24280.9737	0.558228846	3.32364311e+13
9.7e-10	-2080.52773	-2371.93209	-35461.5656	-24560.0644	0.557271797	3.32393069e+13
9.8e-10	-1137.78671	-628.359886	-33388.4143	-25016.0287	0.556409239	3.32396452e+13
9.9e-10	-1494.39722	-462.472126	-32529.3393	-24252.5081	0.556140494	3.32386727e+13
1e-09	-572.640735	479.741068	-32536.4335	-22678.7513	0.556336988	3.32376767e+13
1.01e-09	-1501.45813	-1676.27879	-34008.451	-22644.7441	0.556380354	3.32372394e+13
1.02e-09	-1336.93301	-311.170469	-33652.3099	-24118.3024	0.556165852	3.32365536e+13
1.03e-09	-798.328368	-1328.83825	-34716.0727	-25308.4406	0.555448439	3.3234992e+13
1.04e-09	-1647.50476	143.415044	-33561.6306	-24900.5641	0.554999719	3.32320622e+13
1.05e-09	-2293.18183	1355.62155	-33674.9585	-24261.4085	0.554839358	3.32287787e+13
1.06e-09	-1615.97263	1871.98538	-34086.0988	-24794.0268	0.554568529	3.32254434e+13
1.07e-09	-1260.8863	2901.53594	-33770.2434	-25451.6768	0.55439976	3.32218736e+13
1.08e-09	164.614585	4553.25412	-34405.8019	-27897.8401	0.553722785	3.3217838e+13
1.09e-09	-630.400126	5137.49743	-33706.0571	-28697.9254	0.552876775	3.32123942e+13
1.1e-09	97.1055263	4359.81954	-32966.0798	-30109.4797	0.551955939	3.32054983e+13
1.11e-09	-340.978676	2731.21432	-32590.4959	-29627.0018	0.551009742	3.31971709e+13
1.12e-09	-1218.03878	2106.90211	-30847.4196	-27405.4202	0.551083385	3.31884063e+13
1.13e-09	-1532.93843	1307.3132	-30036.7931	-27411.0318	0.551671361	3.31813382e+13
1.14e-09	-872.458089	-276.062548	-28638.7817	-28843.6217	0.552489804	3.31765471e+13
1.15e-09	-1221.29107	1279.02267	-28193.0695	-29173.2482	0.553112938	3.31737727e+13
1.16e-09	-1577.54583	-176.442071	-26197.2634	-30067.6986	0.553742352	3.31726002e+13
1.17e-09	-1108.72297	-412.476477	-26581.6305	-29346.8457	0.55441803	3.31729407e+13
1.18e-09	-1755.49248	276.005277	-25143.0175	-28221.3949	0.555227727	3.31748811e+13
1.19e-09	-519.317277	-255.444018	-24521.0388	-29925.6351	0.556114132	3.317866e+13
1.2e-09	-313.086786	-1775.34108	-27284.3906	-30436.206	0.55631115	3.31835059e+13
1.21e-09	1129.8785	-2944.81237	-28628.9295	-29492.5386	0.556033793	3.31877054e+13
1.22e-09	1591.66983	-4152.21206	-29095.2424	-30476.587	0.55569885	3.31907818e+13
1.23e-09	540.545951	-4415.47361	-30153.1216	-31360.6562	0.5548171	3.31923286e+13
1.24e-09	1934.92845	-4709.06787	-31196.7494	-30070.4082	0.553871086	3.31915754e+13
1.25e-09	1696.12099	-4763.43485	-29339.4254	-31265.4457	0.553322568	3.31891448e+13
1.26e-09	2457.24309	-2317.84562	-27902.3404	-31019.7811	0.553091433	3.31860781e+13
1.27e-09	1548.09106	-1104.04803	-30254.0957	-28996.6507	0.553295844	3.31833397e+13
1.28e-09	364.47923	-104.409112	-31249.7377	-27109.7993	0.553316923	3.31811303e+13
1.29e-09	1265.70497	-1401.20943	-31073.1085	-26738.6578	0.55350016	3.31793713e+13
1.3e-09	887.856597	-1561.22904	-30893.3002	-26174.0336	0.553951853	3.31782956e+13
1.31e-09	-237.53611	-1027.09638	-32163.6219	-27147.6086	0.554242284	3.31783514e+13
1.32e-09	451.716626	-991.524604	-32564.4878	-25871.2727	0.553993026	3.31783144e+13
1.33e-09	24.3604421	225.512821	-31066.163	-26255.6611	0.554173113	3.31782751e+13
1.34e-09	686.928874	-653.983138	-33199.737	-25337.808	0.554176002	3.31785295e+13
1.35e-09	1443.28156	183.139476	-34892.4761	-25465.4575	0.553793748	3.31783528e+13
1.36e-09	2055.3309	1312.28494	-34182.9475	-25731.3474	0.553326547	3.31770081e+13
1.37e-09	2000.43941	883.607045	-33133.4933	-25824.7387	0.553095551	3.31750758e+13
1.38e-09	1555.17267	84.6740898	-34843.2017	-26885.5633	0.552714293	3.31729409e+13
1.39e-09	1688.701	176.011287	-33221.8797	-27771.4257	0.552340423	3.31698509e+13
1.4e-09	861.407856	166.88017	-32909.8985	-26223.6314	0.552278979	3.31665323e+13
1.41e-09	536.751245	1060.22722	-32997.8722	-24136.9959	0.55240161	3.31636476e+13
1.42e-09	2813.39577	346.688401	-34233.7217	-23665.1471	0.552859195	3.31617358e+13
1.43e-09	2997.01814	-1109.11029	-35414.7684	-24005.1454	0.552806384	3.31605573e+13
1.44e-09	3484.60554	-1119.16304	-34945.1068	-24494.938	0.552456245	3.31589348e+13
1.45e-09	3591.8547	1140.13253	-35267.5074	-24632.2204	0.552369641	3.31569776e+13
1.46e-09	1303.02669	944.046582	-35173.6431	-24028.526	0.552121462	3.31548531e+13
1.47e-09	1563.73281	1436.46744	-35750.175	-22998.102	0.552200251	3.31526756e+13
1.48e-09	1436.50741	2285.98959	-34683.8985	-23043.5771	0.552328816	3.31508937e+13
1.49e-09	1979.33469	2151.72447	-34851.8759	-23151.6335	0.552541973	3.31497461e+13
1.5e-09	1429.1581	2229.72161	-36274.5334	-22964.437	0.552524696	3.31489905e+13
1.51e-09	1908.49201	3175.66449	-36326.346	-22266.3422	0.552391546	3.31480122e+13
1.52e-09	2474.7202	4288.07348	-36424.095	-21357.7913	0.552397894	3.31470085e+13
1.53e-09	1345.04386	3843.35259	-35290.8007	-21997.0432	0.552494761	3.31461862e+13
1.54e-09	1428.60785	3982.83777	-32387.2631	-19919.323	0.553422697	3.31463149e+13
1.55e-09	1941.00607	3578.39728	-33187.2345	-20970.2769	0.554659586	3.31492035e+13
1.56e-09	839.265268	2785.36145	-34195.463	-21344.3866	0.555158473	3.31537961e+13
1.57e-09	1701.67867	1274.12528	-35407.3978	-20071.7439	0.555514502	3.31588249e+13
1.58e-09	1025.93901	1021.04619	-37036.1909	-20040.5159	0.555489047	3.31638179e+13
1.59e-09	-432.979701	2340.46128	-37232.2508	-19657.6129	0.554741156	3.31675266e+13
1.6e-09	-729.08698	4064.34725	-36170.611	-19278.0542	0.554317773	3.3169462e+13
1.61e-09	43.1665778	2388.09924	-35677.516	-18632.7555	0.554583604	3.31709608e+13
1.62e-09	-1145.29671	2711.17107	-36213.2907	-20936.6964	0.554705037	3.31729825e+13
1.63e-09	-1052.92914	1073.05997	-35825.2417	-19526.9896	0.554742683	3.31747112e+13
1.64e-09	-516.233014	2664.7226	-35285.9272	-19715.1439	0.555099375	3.3176836e+13
1.65e-09	-762.137619	2112.65394	-37509.3819	-19032.2793	0.555112034	3.31792839e+13
1.66e-09	-634.392281	2039.07042	-36863.3112	-19800.9133	0.554675342	3.31809829e+13
1.67e-09	-332.786334	988.434219	-36772.4542	-18690.7988	0.554659169	3.3181896e+13
1.68e-09	719.935237	1138.54314	-35207.7583	-19201.6908	0.554878084	3.31829997e+13
1.69e-09	874.316607	-849.207697	-37220.0782	-19305.5008	0.554568692	3.31841047e+13
1.7e-09	880.698287	-1199.06739	-36589.9017	-20335.4734	0.554490941	3.31845206e+13
1.71e-09	1103.15165	-584.164942	-35105.8778	-21078.1317	0.554429227	3.31846612e+13
1.72e-09	1761.03351	-96.5194391	-33589.7156	-22121.6296	0.554616088	3.31849574e+13
1.73e-09	1659.1283	945.874147	-32840.549	-22273.3053	0.555081862	3.31858966e+13
1.74e-09	2675.75283	372.859871	-35523.0451	-21138.0614	0.555359011	3.31877844e+13
1.75e-09	2471.19901	2009.63162	-34264.9541	-21837.4	0.555502701	3.31897459e+13
1.76e-09	1168.68517	912.714596	-33886.6783	-23001.6442	0.555351433	3.3191666e+13
1.77e-09	1510.14398	363.654521	-35041.6428	-22132.5839	0.555106842	3.31929935e+13
1.78e-09	1998.09166	43.3323755	-35668.587	-24552.2569	0.554390851	3.31932285e+13
1.79e-09	416.126175	778.139945	-36039.3998	-24102.2871	0.553622894	3.31915908e+13
1.8e-09	1005.37766	10.0211885	-35030.168	-23763.4927	0.553120576	3.31886763e+13
1.81e-09	947.304349	-585.729172	-36085.9889	-24055.6314	0.552790804	3.31852246e+13
1.82e-09	601.25928	-2027.0346	-34429.3806	-23711.5981	0.552698879	3.31814042e+13
1.83e-09	106.964076	-808.7659	-33564.3972	-23778.0536	0.553062899	3.3178325e+13
1.84e-09	91.4993081	-1063.56353	-32905.7808	-24272.2361	0.553334892	3.31762454e+13
1.85e-09	3.01878834	-206.908671	-33362.1931	-25909.1691	0.553948483	3.31753874e+13
1.86e-09	-168.453956	-60.2162895	-35401.1091	-24819.214	0.553381614	3.31747834e+13
1.87e-09	966.997363	-134.125798	-36704.7947	-26617.1011	0.552527758	3.31727596e+13
1.88e-09	823.109884	-2191.88755	-34201.0792	-26130.7031	0.551793605	3.31688584e+13
1.89e-09	-379.903827	-706.658649	-32767.4769	-27375.4267	0.551904395	3.3164726e+13
1.9e-09	-1690.4875	-192.672154	-32819.8313	-25581.3439	0.552009062	3.31611839e+13
1.91e-09	-1309.40877	574.94405	-32612.3821	-25481.666	0.55241273	3.31585495e+13
1.92e-09	-1577.99892	637.8456	-33281.2566	-25519.245	0.552719028	3.31570001e+13
1.93e-09	-271.598619	1438.83211	-34200.5081	-24965.059	0.552797148	3.31559931e+13
1.94e-09	-1192.88093	283.747565	-34396.263	-24629.503	0.552705579	3.31550414e+13
1.95e-09	-797.378687	-592.80369	-32897.7838	-26062.007	0.55256803	3.31539528e+13
1.96e-09	-624.746373	-852.709597	-30924.9392	-26019.9595	0.553079403	3.31532224e+13
1.97e-09	-2246.76544	14.2304828	-30607.204	-28172.11	0.553696402	3.3153996e+13
1.98e-09	-1717.03287	-112.70951	-30156.7415	-28885.6869	0.553866769	3.31554133e+13
1.99e-09	-488.732299	-802.583904	-29144.1192	-29726.6368	0.554012245	3.31571438e+13
2e-09	438.187916	-56.4672919	-28066.9856	-30721.3607	0.554160301	3.31590539e+13
2.01e-09	848.542469	-901.187401	-27682.4381	-31067.9361	0.553916575	3.3160637e+13
2.02e-09	-82.8810694	201.910334	-28105.2643	-31181.7206	0.553507898	3.31614915e+13
2.03e-09	-1639.00358	-241.014049	-28936.5011	-30713.6327	0.55371042	3.3161945e+13
2.04e-09	-1954.88487	498.369699	-30817.5914	-31505.3039	0.55314959	3.31621602e+13
2.05e-09	-1661.56898	916.626444	-29448.8492	-32418.5029	0.552475512	3.31607778e+13
2.06e-09	-1685.52028	1264.57621	-29034.0461	-31716.0411	0.551821652	3.31580112e+13
2.07e-09	-510.294848	145.002504	-27512.8349	-30667.2421	0.552000522	3.31548777e+13
2.08e-09	12.282442	-390.904463	-28757.8696	-30152.7287	0.552479797	3.31529039e+13
2.09e-09	-1434.34391	-1648.61841	-31681.3456	-28138.5173	0.55255197	3.31517712e+13
2.1e-09	-716.536644	-2402.84344	-31445.9972	-26599.8455	0.552457871	3.31506349e+13
2.11e-09	-963.579882	-287.058739	-30996.7188	-26063.2855	0.553016717	3.315011e+13
2.12e-09	-98.027281	508.362906	-31044.1803	-27097.372	0.553353464	3.31508052e+13
2.13e-09	-555.382344	1286.62684	-29808.7414	-28224.8371	0.553676029	3.31520675e+13
2.14e-09	-797.700582	2404.50758	-28118.5717	-27914.4357	0.554170043	3.3153997e+13
2.15e-09	-505.845419	802.272585	-29039.0259	-28978.5254	0.5545307	3.31569449e+13
2.16e-09	-665.794601	-651.888294	-29938.3506	-26954.4715	0.55456188	3.31598767e+13
2.17e-09	-854.092626	-1275.8282	-31904.7676	-25719.758	0.554867315	3.3162976e+13
2.18e-09	-468.670761	-994.24067	-33010.3651	-24812.3061	0.55484908	3.3166108e+13
2.19e-09	-323.35047	32.1074406	-32992.6132	-25670.8826	0.554659392	3.3168713e+13
2.2e-09	-677.891314	3107.40103	-30572.9945	-26742.6371	0.554718687	3.31707705e+13
2.21e-09	-1044.83317	2191.95792	-30694.3638	-25803.2973	0.555136265	3.31732382e+13
2.22e-09	-2863.05749	192.803197	-30788.6877	-23407.7333	0.555758933	3.31765719e+13
2.23e-09	-4018.34959	1788.0738	-31760.9	-23827.3954	0.5564795	3.3181265e+13
2.24e-09	-3679.44118	1542.47253	-32266.3197	-24075.0794	0.556693079	3.31865067e+13
2.25e-09	-3299.1309	1364.64387	-34730.1023	-24721.4857	0.556165573	3.31911028e+13
2.26e-09	-1857.01501	-323.322198	-35136.8445	-24856.1248	0.555216188	3.31935033e+13
2.27e-09	100.620737	-159.94687	-34929.2255	-25882.8623	0.554453182	3.31937475e+13
2.28e-09	-834.796013	-58.9488877	-33324.3803	-25999.1916	0.553633352	3.31921269e+13
2.29e-09	-486.563335	178.440986	-33753.5691	-24051.3598	0.553731996	3.31898287e+13
2.3e-09	-996.545679	1160.32265	-33330.5477	-24436.7048	0.55373198	3.31878608e+13
2.31e-09	-872.699877	1214.84745	-34212.9883	-24113.3084	0.553736384	3.31861854e+13
2.32e-09	-2023.40546	311.604381	-34689.8039	-23456.4794	0.553650683	3.31844669e+13
2.33e-09	-1254.75955	-590.893308	-35604.3344	-22635.9144	0.553357144	3.31826774e+13
2.34e-09	-3442.72937	916.529492	-36196.875	-21036.7985	0.553401285	3.31805735e+13
2.35e-09	-2263.44269	313.399241	-35447.9043	-22791.475	0.553167719	3.31785806e+13
2.36e-09	-3166.35824	2295.71534	-34199.1971	-22024.9687	0.553500789	3.31767042e+13
2.37e-09	-3622.49231	2486.08587	-35731.7673	-20346.9514	0.553753113	3.31758162e+13
2.38e-09	-3709.18455	1905.73887	-35669.6729	-18714.4663	0.55419734	3.31756119e+13
2.39e-09	-2575.16242	541.058244	-36066.8149	-19733.9861	0.554581856	3.31765514e+13
2.4e-09	-1810.78965	48.9638517	-37611.9604	-21840.3804	0.554357382	3.31777434e+13
2.41e-09	-896.88791	-1035.78728	-38680.5368	-20494.0944	0.553442975	3.3177426e+13
2.42e-09	-1438.42766	-774.277597	-37614.3393	-20066.2758	0.552781462	3.31751871e+13
2.43e-09	1266.74313	54.6433251	-36251.3274	-19092.9416	0.552915206	3.31724946e+13
2.44e-09	2674.62506	2737.27913	-35770.4732	-19002.3458	0.553626125	3.31710616e+13
2.45e-09	1830.39011	389.024067	-36575.9159	-18861.5125	0.553902839	3.31710849e+13
2.46e-09	2820.75537	822.989008	-36522.5705	-19334.2949	0.554014323	3.31714013e+13
2.47e-09	1984.47091	-79.6218561	-36094.3975	-19755.3389	0.554202662	3.31719672e+13
2.48e-09	1461.3265	1056.62712	-36058.27	-19337.6156	0.554203573	3.31727631e+13
2.49e-09	2074.81597	-200.543842	-38324.0843	-19115.5192	0.55418606	3.31736859e+13
2.5e-09	2129.35176	-775.635087	-37369.2981	-19032.2985	0.553629044	3.31736347e+13
2.51e-09	1745.13173	450.964758	-37355.9405	-18667.825	0.553702989	3.3173025e+13
2.52e-09	811.431427	968.663478	-37766.204	-19917.0145	0.553550989	3.31725605e+13
2.53e-09	1042.95033	-729.14421	-37386.6902	-18268.4619	0.553378498	3.31715938e+13
2.54e-09	1547.73401	-1182.50813	-37504.1865	-17795.6097	0.553594274	3.31708434e+13
2.55e-09	3163.02779	-902.321076	-37108.699	-19125.476	0.553674821	3.3170497e+13
2.56e-09	3265.45374	419.413502	-37180.9258	-21114.4545	0.553598424	3.31703072e+13
2.57e-09	1500.81962	1431.08309	-37450.4086	-22694.3709	0.553133638	3.31695005e+13
2.58e-09	1857.92397	438.090812	-38184.2543	-22522.113	0.552296076	3.31673253e+13
2.59e-09	2112.88556	-722.420029	-37523.1887	-24966.0865	0.551498843	3.31634762e+13
2.6e-09	2697.78647	-1945.51619	-36040.3582	-25994.815	0.551085744	3.31585453e+13
2.61e-09	2255.15206	-1452.87168	-35967.3307	-25644.2677	0.550623018	3.31531335e+13
2.62e-09	3619.58526	-650.030581	-34967.4599	-24574.7833	0.550430697	3.31474197e+13
2.63e-09	3432.75721	-1585.88504	-33773.8486	-23562.4945	0.551068962	3.31427179e+13
2.64e-09	3166.46536	-914.861887	-34982.6042	-24501.9344	0.551537368	3.31398828e+13
2.65e-09	828.319968	-1619.45366	-33488.9564	-25984.9677	0.5518121	3.31380656e+13
2.66e-09	128.468144	259.452797	-32914.95	-25463.4718	0.552099095	3.31369646e+13
2.67e-09	165.65092	449.465455	-32765.4505	-25051.1052	0.552276805	3.31365561e+13
2.68e-09	237.995688	-1036.48491	-33052.0016	-27115.394	0.552501575	3.3136775e+13
2.69e-09	203.528703	-1521.27409	-34083.3918	-26630.4188	0.552264949	3.31368922e+13
2.7e-09	-207.01735	126.281641	-34122.6179	-27844.2291	0.551716207	3.31361394e+13
2.71e-09	1010.38963	-1017.77762	-34533.1759	-26562.3538	0.551325998	3.31343436e+13
2.72e-09	-398.226574	877.174612	-34378.9585	-25231.2883	0.55136107	3.31323362e+13
2.73e-09	-289.279688	2827.07354	-33640.0964	-24229.2785	0.551587669	3.31307137e+13
2.74e-09	-258.209116	2192.70894	-33313.3745	-24262.3977	0.551888924	3.31298602e+13
2.75e-09	-339.769657	2046.0779	-31823.2592	-24569.5087	0.552727688	3.31302907e+13
2.76e-09	306.728737	3414.06174	-32117.1536	-23595.602	0.553470552	3.31325119e+13
2.77e-09	-217.544719	437.747122	-31369.394	-24759.3291	0.554168236	3.31360766e+13
2.78e-09	-733.894262	862.401874	-30439.592	-26063.8662	0.554553149	3.31406125e+13
2.79e-09	-2836.21266	1249.14133	-28987.9638	-26481.0486	0.554885297	3.31454159e+13
2.8e-09	-4393.29069	2278.49282	-28631.1233	-26476.1879	0.555552588	3.31509526e+13
2.81e-09	-1713.62153	1866.41885	-29165.2555	-27413.5715	0.555849787	3.31570665e+13
2.82e-09	-453.315091	1023.11659	-28945.7527	-28640.8098	0.556074949	3.31632206e+13
2.83e-09	-1019.08518	1633.55205	-29268.4898	-28927.9031	0.556023984	3.31689851e+13
2.84e-09	-1622.92596	722.726872	-30066.8438	-28220.9664	0.555993737	3.31740578e+13
2.85e-09	-1216.21898	1040.4974	-30197.6956	-27930.9833	0.555667881	3.31783407e+13
2.86e-09	-396.756602	1312.09055	-31970.7494	-27832.0554	0.554994095	3.31811981e+13
2.87e-09	-553.682701	1185.39411	-31796.3219	-28175.4372	0.554497881	3.31824304e+13
2.88e-09	278.570207	476.505532	-33238.1937	-28386.996	0.553947494	3.31824072e+13
2.89e-09	1726.77523	-542.524866	-31387.1466	-28289.8065	0.553536773	3.3181071e+13
2.9e-09	2335.22556	-1871.68461	-31857.0872	-26497.7916	0.553407405	3.31793479e+13
2.91e-09	1770.19691	-1036.19106	-31005.14	-26588.1408	0.553898406	3.31781028e+13
2.92e-09	1673.97067	-2210.23145	-31021.1929	-27139.9989	0.55398006	3.31777393e+13
2.93e-09	1323.8995	-380.501609	-28465.5225	-26168.0113	0.554491251	3.31778785e+13
2.94e-09	1313.10384	-711.371402	-30309.9803	-27333.6207	0.554950855	3.31794079e+13
2.95e-09	965.735383	-1255.86883	-30073.3898	-27488.4476	0.555219638	3.31814562e+13
2.96e-09	-1575.95378	-901.659264	-29668.0311	-28356.0626	0.555256984	3.31837059e+13
2.97e-09	-562.681115	-2837.76034	-29583.7105	-27040.3588	0.555407802	3.31858299e+13
2.98e-09	-975.473117	-3605.45496	-30613.1148	-27760.6337	0.555210992	3.31879903e+13
2.99e-09	412.450698	-2972.72293	-30545.64	-27760.8784	0.554924763	3.31892672e+13
3e-09	693.015265	-3847.18149	-31504.571	-27178.2474	0.55463798	3.3189753e+13
3.01e-09	1052.92324	-1524.47657	-31082.3114	-25987.0263	0.554715582	3.31899428e+13
3.02e-09	-444.915165	-1648.66749	-31063.879	-25602.9321	0.555036561	3.31904965e+13
3.03e-09	99.6000132	-726.727977	-30768.8995	-25272.8165	0.555222054	3.31915848e+13
3.04e-09	-1673.90861	-295.256363	-30019.3892	-24864.5874	0.555604332	3.31931891e+13
3.05e-09	-2408.09545	124.804206	-31986.643	-25389.3513	0.555972277	3.31956767e+13
3.06e-09	-2304.1329	536.148782	-34147.6438	-24976.5301	0.555470802	3.31978148e+13
3.07e-09	-887.919613	603.552739	-35502.5817	-24892.5906	0.554740519	3.31982883e+13
3.08e-09	544.918921	2215.32898	-36541.5246	-25222.7698	0.553713042	3.31968766e+13
3.09e-09	1103.6772	2057.87294	-34286.8931	-23893.9348	0.553036087	3.31932447e+13
3.1e-09	2059.31868	3488.3333	-34414.6938	-23241.8279	0.553130197	3.31895583e+13
3.11e-09	3499.47378	2064.70805	-33032.4326	-23438.6025	0.553462761	3.31866475e+13
3.12e-09	4253.18094	703.220767	-31499.434	-23778.4054	0.554091965	3.31849623e+13
3.13e-09	2692.28422	1495.4733	-32979.0172	-24248.5722	0.554561969	3.31849364e+13
3.14e-09	2702.26667	371.30099	-34894.0061	-21847.8457	0.554538279	3.31853876e+13
3.15e-09	936.339448	601.896587	-34670.7184	-22029.4161	0.554712189	3.31859007e+13
3.16e-09	231.398235	-1263.41267	-34999.9112	-23100.645	0.554614574	3.31865008e+13
3.17e-09	310.771018	584.674899	-38033.8761	-23252.4631	0.553781779	3.3186121e+13
3.18e-09	469.002725	-273.637981	-38367.8378	-21762.737	0.552763378	3.31835816e+13
3.19e-09	1327.06314	2277.64606	-37722.9308	-21546.2232	0.551987232	3.31791859e+13
3.2e-09	2518.74615	853.645791	-38335.2475	-21186.24	0.551643248	3.31740307e+13
3.21e-09	1412.99916	1187.19044	-35620.7278	-19519.5854	0.551799477	3.31689096e+13
3.22e-09	1861.38638	264.594074	-37063.4257	-20470.2132	0.552209799	3.31652214e+13
3.23e-09	772.226692	1404.66354	-35768.2985	-18878.9014	0.552473576	3.3162324e+13
3.24e-09	184.406588	3467.44447	-36231.8623	-18211.0401	0.553128758	3.31608735e+13
3.25e-09	-398.140256	4616.85877	-34416.1991	-18480.9499	0.553770874	3.31608698e+13
3.26e-09	-393.164768	4493.76871	-34128.2042	-17628.2225	0.55457338	3.31625762e+13
3.27e-09	-563.960957	2983.59124	-35424.7043	-18456.1367	0.555456785	3.31660841e+13
3.28e-09	-1819.34026	2712.41895	-35727.4582	-19644.5436	0.555514729	3.31703591e+13
3.29e-09	-4399.61878	2414.379	-37237.351	-18886.1882	0.555287847	3.31740674e+13
3.3e-09	-1675.87092	2473.7026	-37390.5166	-19690.842	0.554873079	3.31767291e+13
3.31e-09	-410.502236	507.524174	-38432.5657	-19010.2821	0.554192003	3.31779276e+13
3.32e-09	-1469.73251	795.492975	-36212.6936	-20066.077	0.554027235	3.317786e+13
3.33e-09	-2385.93155	2556.12052	-36539.0508	-21539.68	0.553912008	3.31776654e+13
3.34e-09	-4217.03406	2703.59267	-36388.5357	-21050.0755	0.553646963	3.31770118e+13
3.35e-09	-4061.47513	3274.5554	-36815.5419	-21307.2274	0.553467406	3.31759656e+13
3.36e-09	-4965.6728	4693.35301	-37839.6888	-19933.6508	0.552943407	3.31742896e+13
3.37e-09	-2665.4346	2991.27294	-37297.7676	-21867.1406	0.552345831	3.3171458e+13
3.38e-09	-3447.56883	2940.89491	-37513.9007	-21624.8048	0.552014283	3.31678387e+13
3.39e-09	-2784.79071	2744.36151	-35951.5547	-20507.5841	0.551989402	3.31639967e+13
3.4e-09	-2782.60585	2198.31905	-36429.1188	-21910.7542	0.551975475	3.31607748e+13
3.41e-09	-1589.32653	938.094278	-37060.5434	-23559.5018	0.551730579	3.31575383e+13
3.42e-09	-650.406312	1139.88912	-35911.5389	-23054.067	0.551360018	3.31537394e+13
3.43e-09	-389.313677	-740.255257	-35999.2816	-22973.2483	0.551336748	3.31499785e+13
3.44e-09	-642.001595	-1704.44174	-34762.9023	-25089.2209	0.551400816	3.31465189e+13
3.45e-09	-316.763352	-1852.43541	-33973.6205	-24480.15	0.551543018	3.31435795e+13
3.46e-09	1121.47336	-2237.70098	-32894.8171	-23393.4257	0.552141287	3.31416476e+13
3.47e-09	1042.47341	-328.746026	-32515.2288	-22624.7892	0.552947731	3.31415316e+13
3.48e-09	2584.25349	-748.151993	-32057.5464	-22109.047	0.55408387	3.31435948e+13
3.49e-09	1176.70158	-879.192031	-33149.1291	-23376.1391	0.554789783	3.31476481e+13
3.5e-09	1165.48099	-1122.17209	-34959.675	-25340.0257	0.554291802	3.31517058e+13
3.51e-09	-631.052999	-21.1687538	-33413.0441	-23669.6544	0.553960669	3.31541353e+13
3.52e-09	-2150.81836	1803.78466	-32995.4771	-23869.762	0.554093165	3.31561487e+13
3.53e-09	-1430.50382	1917.45355	-31644.8054	-23235.2191	0.554557014	3.31586292e+13
3.54e-09	-144.164177	2455.24663	-32214.709	-23851.646	0.555230264	3.3162215e+13
3.55e-09	-1254.80365	774.844707	-30953.6308	-23307.0742	0.555713978	3.31665977e+13
3.56e-09	-437.664376	704.913388	-31871.403	-23535.2129	0.556112664	3.31717906e+13
3.57e-09	842.828539	844.438314	-31595.8358	-23181.009	0.556710639	3.31774332e+13
3.58e-09	2291.73996	2463.15385	-34114.9291	-23311.315	0.556765097	3.31834813e+13
3.59e-09	3440.63059	885.524064	-35050.9654	-24681.3512	0.5558845	3.31880585e+13
3.6e-09	2137.86317	-16.5584293	-32847.7538	-23323.4544	0.555383184	3.31903617e+13
3.61e-09	757.793096	1772.04246	-32568.1212	-23703.0126	0.555547928	3.31922861e+13
3.62e-09	945.399761	48.9467634	-32750.1519	-25323.5894	0.555617581	3.3194335e+13
3.63e-09	-358.213354	1557.32091	-31749.0784	-27751.3428	0.555509732	3.3196118e+13
3.64e-09	-547.84689	2951.91118	-32791.4882	-26930.1882	0.555028963	3.31970964e+13
3.65e-09	-2184.45199	2231.77523	-33322.9018	-26174.6679	0.554414476	3.31967729e+13
3.66e-09	-2870.0959	2969.99889	-32943.8196	-26788.2634	0.554165303	3.3195386e+13
3.67e-09	182.910671	4479.4277	-30683.3295	-26069.7649	0.554025643	3.31936335e+13
3.68e-09	439.638896	3130.27064	-29905.5359	-27665.9687	0.554313291	3.31923861e+13
3.69e-09	1275.79652	3348.86151	-30723.1486	-27522.8863	0.554322464	3.31915929e+13
3.7e-09	147.620609	664.32241	-30564.5138	-28699.5532	0.554203732	3.31907749e+13
3.71e-09	324.467735	2593.27847	-29752.0905	-27503.7134	0.554254799	3.31897087e+13
3.72e-09	-1386.46892	2923.693	-30531.9222	-27701.8657	0.554351339	3.31890787e+13
3.73e-09	616.60615	3908.98224	-29407.1957	-26861.4606	0.554451711	3.31886164e+13
3.74e-09	703.692103	2287.28424	-29501.1675	-27219.5134	0.554893377	3.31889033e+13
3.75e-09	1002.60152	2593.81215	-30161.3196	-28363.6563	0.554989296	3.31899304e+13
3.76e-09	2484.66582	1907.49143	-29300.7196	-27515.77	0.555053816	3.31907698e+13
3.77e-09	2359.35387	2375.74742	-29569.2848	-28677.2955	0.555357107	3.31920926e+13
3.78e-09	2203.05875	617.782942	-29674.5586	-27540.8063	0.555351823	3.3193476e+13
3.79e-09	2786.88221	-401.177055	-29946.7303	-26154.2845	0.555447772	3.31948949e+13
3.8e-09	1808.96016	-937.977208	-29495.5916	-26901.7933	0.55585551	3.31968284e+13
3.81e-09	540.673314	-90.3012268	-31124.4203	-26995.6215	0.55600379	3.31992182e+13
3.82e-09	326.150616	415.181243	-31142.7875	-26126.6544	0.555794779	3.32012343e+13
3.83e-09	2353.66805	-268.570952	-31480.7108	-27145.0875	0.55591915	3.32030327e+13
3.84e-09	229.930055	1290.79095	-30833.0879	-27460.6515	0.555462017	3.32042183e+13
3.85e-09	140.877958	672.088605	-31801.5238	-27222.0555	0.555239045	3.32046198e+13
3.86e-09	-518.970921	1310.83074	-30970.5696	-28086.6934	0.554750989	3.32041509e+13
3.87e-09	-1524.00367	887.811739	-31708.5102	-27066.0031	0.55469828	3.32030982e+13
3.88e-09	-461.019995	1810.87929	-33692.5754	-27512.0607	0.554027442	3.32015388e+13
3.89e-09	491.140076	2140.91615	-33487.7914	-27288.405	0.553310721	3.31984441e+13
3.9e-09	75.7762257	1114.69798	-32263.5906	-27180.0707	0.552899113	3.3194281e+13
3.91e-09	809.531954	1390.6956	-32361.7622	-25664.4946	0.552670859	3.31898595e+13
3.92e-09	1460.10127	1713.29167	-31444.7828	-24477.0132	0.553385037	3.31861943e+13
3.93e-09	743.5225	2484.00997	-31296.274	-25142.1682	0.554137787	3.31846837e+13
3.94e-09	1377.9289	2377.76437	-33055.5043	-26189.0009	0.554093581	3.31842161e+13
3.95e-09	40.9439603	1203.2885	-33015.6494	-26303.2485	0.553878822	3.31834028e+13
3.96e-09	-9.9428818	78.5122837	-34268.7443	-26389.7397	0.553502246	3.31820885e+13
3.97e-09	628.172466	1031.22683	-34927.5865	-26905.3996	0.552668537	3.3179651e+13
3.98e-09	-165.279007	94.1279469	-35295.114	-26722.96	0.551980513	3.3175589e+13
3.99e-09	-449.445231	-332.982086	-34873.3231	-26039.4973	0.551496035	3.31704909e+13
4e-09	-499.371371	-919.39182	-33815.3052	-25413.0515	0.551339399	3.31651441e+13
4.01e-09	-583.448039	-1829.4238	-33846.4284	-24700.0429	0.551634715	3.31605413e+13
4.02e-09	398.550884	-1827.15567	-35725.6127	-22195.0468	0.552106263	3.31572549e+13
4.03e-09	1211.89888	-2687.05685	-33568.4365	-21430.8133	0.552618565	3.31551348e+13
4.04e-09	-600.915681	-4780.44423	-33715.7129	-20387.7835	0.553479429	3.31548799e+13
4.05e-09	-1722.24232	-5552.3467	-33973.5155	-22672.3648	0.554193216	3.3156538e+13
4.06e-09	-2405.7955	-5453.47345	-33191.0808	-21294.0928	0.554525843	3.31589924e+13
4.07e-09	-1479.41052	-5781.21434	-34266.2386	-20872.0501	0.554997376	3.31622203e+13
4.08e-09	-1680.52391	-4401.97672	-34950.963	-19284.9913	0.555485619	3.31661564e+13
4.09e-09	-975.142796	-4554.77901	-35655.3	-19962.707	0.555496124	3.31704805e+13
4.1e-09	-3054.52034	-5243.75347	-33834.9338	-20104.6884	0.555744625	3.31744548e+13
4.11e-09	-3767.18908	-3814.08927	-37774.7354	-19841.5163	0.555807566	3.31787783e+13
4.12e-09	-2490.18199	-3453.54714	-37564.5555	-17813.3091	0.555237189	3.31817925e+13
4.13e-09	-4031.49794	-3055.6873	-37549.6863	-17697.5258	0.554891717	3.31837037e+13
4.14e-09	-5350.10837	-3384.83043	-37062.6392	-20572.6836	0.554468815	3.31844669e+13
4.15e-09	-4961.92013	-2989.33659	-37770.2352	-21912.2967	0.553816063	3.31841524e+13
4.16e-09	-2646.95516	-3245.71156	-37706.5739	-23094.1265	0.552912441	3.31820784e+13
4.17e-09	285.074718	-2247.4972	-37122.2652	-23405.2848	0.551998957	3.31780817e+13
4.18e-09	698.671792	-1115.56077	-36578.0608	-23529.9001	0.551584133	3.31728983e+13
4.19e-09	-1521.29223	-1144.85801	-35807.2638	-22990.2709	0.551527957	3.31676628e+13
4.2e-09	-1004.69028	-556.491493	-35245.6821	-21581.1077	0.551753241	3.3163108e+13
4.21e-09	-751.773488	-725.299305	-34733.3417	-22360.6626	0.55238036	3.31599578e+13
4.22e-09	-258.181718	-639.917462	-34495.899	-23524.4359	0.552564234	3.31580878e+13
4.23e-09	-910.456829	-564.435995	-35181.3465	-23756.0219	0.552650574	3.31566856e+13
4.24e-09	-716.572805	-1881.68059	-34546.1443	-22679.2867	0.552753988	3.31555364e+13
4.25e-09	-931.861209	814.882572	-34648.7925	-24495.7384	0.55276799	3.31547284e+13
4.26e-09	-1128.96378	1092.67049	-34866.5008	-23233.4103	0.552665585	3.31537858e+13
4.27e-09	742.191323	-170.917408	-34167.8316	-22088.3675	0.552823798	3.31529618e+13
4.28e-09	73.3888464	-1166.58825	-34233.0018	-21671.3478	0.553407498	3.31531624e+13
4.29e-09	-1034.65304	-216.610314	-34780.4644	-22941.4573	0.553595252	3.31542306e+13
4.3e-09	-2402.89512	410.928561	-35048.6114	-23605.6783	0.553473522	3.31552711e+13
4.31e-09	-1973.61897	-919.91844	-33372.3867	-22871.6098	0.553619017	3.3155983e+13
4.32e-09	-229.727606	-2490.38812	-32724.5819	-22460.5727	0.554286518	3.31576834e+13
4.33e-09	-1261.25481	-1924.32144	-32715.9583	-24874.2892	0.554831677	3.31606233e+13
4.34e-09	-1807.98009	-567.857955	-32333.9387	-25343.3791	0.554513521	3.31635448e+13
4.35e-09	-1947.06669	-672.232409	-32927.493	-26081.6876	0.554371178	3.31657331e+13
4.36e-09	-1121.53878	652.730656	-32707.2231	-26158.4149	0.553979813	3.31670942e+13
4.37e-09	-894.612097	-518.716978	-31423.1063	-26405.5408	0.554137161	3.31680066e+13
4.38e-09	-2653.06716	-1860.89728	-32396.7982	-23425.2652	0.554522466	3.31694213e+13
4.39e-09	-2879.69228	-2413.09427	-33711.764	-22633.5827	0.555036313	3.31717087e+13
4.4e-09	-2752.12946	-1794.60323	-33505.0231	-21953.322	0.55531741	3.31746164e+13
4.41e-09	-3209.48271	-205.606511	-34428.0616	-21566.4271	0.555523988	3.31779545e+13
4.42e-09	-1704.24372	-1632.34113	-34019.01	-21053.9998	0.555503485	3.31810611e+13
4.43e-09	-632.408325	-1634.26102	-34025.5585	-20755.9509	0.555927766	3.3184296e+13
4.44e-09	-868.590922	-2313.37578	-32375.4065	-22831.8407	0.556260995	3.31880921e+13
4.45e-09	-1233.89771	-1660.35392	-32368.04	-23954.5781	0.556491088	3.31922638e+13
4.46e-09	-809.154568	-1453.78566	-33803.9695	-23820.3182	0.556293185	3.31961773e+13
4.47e-09	977.722199	-414.992075	-34814.7575	-24470.3672	0.55574292	3.31988108e+13
4.48e-09	1520.74304	-624.510414	-34059.716	-23843.1453	0.555209855	3.3199971e+13
4.49e-09	569.973065	258.379894	-34323.0113	-24970.9823	0.554903191	3.32001395e+13
4.5e-09	1659.77029	-513.767287	-33173.6578	-26905.5027	0.554476993	3.31994336e+13
4.51e-09	2774.74175	-436.23179	-33009.6746	-26801.6237	0.554034796	3.31977537e+13
4.52e-09	2150.36356	-213.657643	-32763.8697	-28412.3765	0.553396336	3.31951675e+13
4.53e-09	2183.93559	-582.697913	-32186.6555	-28752.6024	0.55284742	3.31914423e+13
4.54e-09	3126.28102	-2019.28617	-32985.4576	-27407.9401	0.552537461	3.31871172e+13
4.55e-09	5907.03135	-1815.18786	-30428.0328	-26059.5518	0.552642534	3.31827764e+13
4.56e-09	4250.35353	216.386756	-28918.7761	-25602.0341	0.55359821	3.31800131e+13
4.57e-09	4530.34249	-14.3631786	-29209.9995	-27011.2422	0.554530012	3.31797374e+13
4.58e-09	4056.60498	318.43534	-27742.7505	-27104.4983	0.555365935	3.31813111e+13
4.59e-09	2979.80666	353.137316	-26561.8709	-29362.1949	0.555877587	3.31844284e+13
4.6e-09	1548.38014	-2438.47334	-27008.907	-28003.1336	0.556359019	3.31882186e+13
4.61e-09	3189.07058	-783.191472	-27412.0833	-27692.5678	0.557042564	3.31929585e+13
4.62e-09	2262.60585	-1338.82598	-28814.7567	-28111.2283	0.557294451	3.31984511e+13
4.63e-09	3489.6019	182.958961	-30333.5672	-28621.3919	0.557002433	3.32034502e+13
4.64e-09	2514.94012	-1348.33195	-30809.3938	-28208.3701	0.556365406	3.32068263e+13
4.65e-09	178.564204	-1082.47288	-30923.1106	-29297.8759	0.555837628	3.32086602e+13
4.66e-09	708.809868	-171.30823	-31634.3899	-28586.6715	0.555006448	3.32087912e+13
4.67e-09	-533.568483	543.720922	-31482.9918	-29592.6043	0.554276836	3.32073484e+13
4.68e-09	171.742636	-1369.78083	-32348.5586	-30109.6292	0.553310392	3.32040728e+13
4.69e-09	407.390525	-1653.31949	-32311.6307	-30123.0078	0.552546902	3.3199062e+13
4.7e-09	-835.297619	868.908681	-31688.1423	-29614.3072	0.551976183	3.31930172e+13
4.71e-09	-884.975717	1573.1005	-31459.8072	-27439.9355	0.551858298	3.31866403e+13
4.72e-09	-217.693819	636.200866	-32058.834	-24787.2332	0.552116701	3.31811196e+13
4.73e-09	-936.185117	1586.60817	-31918.1772	-23376.5284	0.553167401	3.31774827e+13
4.74e-09	-977.515364	1290.02622	-32001.4032	-23310.639	0.554183496	3.31765173e+13
4.75e-09	86.1612251	1285.77306	-31538.3085	-23773.4759	0.555088278	3.31778506e+13
4.76e-09	1354.29732	1627.15076	-31419.0126	-24544.8698	0.555678621	3.31807607e+13
4.77e-09	3157.64662	2480.78271	-32541.5079	-25032.6588	0.555969914	3.31844053e+13
4.78e-09	2079.53252	3081.89232	-33898.8345	-26189.9739	0.555163028	3.31873533e+13
4.79e-09	739.546242	2825.99796	-33052.9769	-26231.4694	0.554476058	3.31880807e+13
4.8e-09	564.394058	2170.93088	-34449.5099	-26077.3528	0.553972208	3.3187553e+13
4.81e-09	471.909662	1376.83772	-34552.3858	-26474.4594	0.553562327	3.31859117e+13
4.82e-09	-708.220113	3376.93591	-34200.1803	-25387.445	0.55316496	3.31834691e+13
4.83e-09	1494.06472	4706.33703	-34576.8658	-25020.5059	0.5527467	3.31804441e+13
4.84e-09	504.172111	3207.099	-35128.2674	-25535.047	0.552631406	3.31770649e+13
4.85e-09	63.0985835	3244.47686	-35216.1947	-24546.0953	0.55222494	3.31733716e+13
4.86e-09	-21.7361525	2713.41716	-33840.6379	-23128.4842	0.552566006	3.31698717e+13
4.87e-09	-1187.96692	486.478879	-33087.5419	-21831.1447	0.553309856	3.31679136e+13
4.88e-09	-348.025374	1639.229	-34613.8119	-22459.9095	0.553794651	3.31677743e+13
4.89e-09	93.791174	1153.52869	-35037.447	-22200.6936	0.553895553	3.3168138e+13
4.9e-09	-1241.83231	1863.2035	-34168.982	-20932.6636	0.554228482	3.31688468e+13
4.91e-09	-973.160615	1412.71975	-36300.3868	-21302.0263	0.554731209	3.31706446e+13
4.92e-09	-953.533522	1404.3134	-36963.7192	-21510.2356	0.554183984	3.31721819e+13
4.93e-09	-1436.71543	1098.07404	-38111.9973	-18709.5383	0.553783817	3.31724792e+13
4.94e-09	-104.966619	865.538016	-36647.0253	-16815.4943	0.553752544	3.31721498e+13
4.95e-09	-1032.29136	-914.727151	-36395.1275	-19798.8231	0.553945829	3.31722258e+13
4.96e-09	-800.960886	270.444107	-35067.8786	-21157.06	0.55421485	3.31726461e+13
4.97e-09	-1643.88238	1758.06466	-34930.9627	-22355.0519	0.554197925	3.31734438e+13
4.98e-09	-2713.9856	2482.7735	-36100.5985	-23636.3688	0.553910985	3.31739084e+13
4.99e-09	-1267.22408	1448.49509	-35775.8954	-22302.5566	0.553483821	3.31733949e+13
5e-09	761.253477	-911.164938	-33810.5856	-21961.9627	0.553835007	3.31726873e+13
5.01e-09	2578.07026	-585.569023	-35163.1234	-20243.9001	0.55417297	3.31730064e+13
5.02e-09	2965.93533	27.7935712	-34558.8842	-21762.538	0.55430789	3.31737418e+13
5.03e-09	2842.43626	-64.5678772	-33501.509	-21882.3918	0.554567963	3.31748636e+13
5.04e-09	3579.17799	511.500357	-34204.3381	-21961.7292	0.555054862	3.31767131e+13
5.05e-09	2021.16456	2109.16756	-34930.2049	-21405.5912	0.555181798	3.31790453e+13
5.06e-09	1717.74819	1370.69678	-36128.9977	-23351.8767	0.554917288	3.31812739e+13
5.07e-09	1997.43441	2175.45884	-35882.5105	-23210.5277	0.554175289	3.31820032e+13
5.08e-09	2499.60315	763.508012	-32481.8076	-22080.0028	0.55425205	3.31816546e+13
5.09e-09	2698.65249	742.21828	-32816.4418	-21834.138	0.554797837	3.31822572e+13
5.1e-09	1251.60239	933.349734	-33787.9351	-23082.4359	0.555086513	3.31838426e+13
5.11e-09	710.514226	1918.59454	-36412.4528	-21866.7128	0.554759563	3.3185287e+13
5.12e-09	2484.18684	2391.43801	-35355.7535	-21212.1418	0.554622172	3.31858662e+13
5.13e-09	2002.72702	2090.37547	-36270.3213	-21659.1443	0.554491001	3.31862595e+13
5.14e-09	1501.14864	2542.75012	-35846.4347	-22341.4746	0.5542393	3.31861429e+13
5.15e-09	2297.90147	2713.91876	-35227.8625	-22580.7129	0.553822778	3.31852215e+13
5.16e-09	2441.31888	2520.96865	-35237.7663	-22076.463	0.553812676	3.31839049e+13
5.17e-09	2281.91479	15.1057904	-33502.5081	-22182.6102	0.554054874	3.31829019e+13
5.18e-09	1868.97474	-870.821775	-33721.845	-21060.8199	0.554718882	3.31830247e+13
5.19e-09	1210.30774	-320.180977	-36669.9361	-21479.2536	0.55442158	3.31838613e+13
5.2e-09	752.689052	-1380.84177	-38140.1895	-22126.9731	0.553809972	3.31835182e+13
5.21e-09	-258.495955	-889.878449	-36835.3265	-22768.9985	0.553047233	3.31814864e+13
5.22e-09	-1082.04312	-562.871513	-35157.3455	-22466.4268	0.553014528	3.31786398e+13
5.23e-09	-522.791328	-400.287288	-34621.1906	-23296.6186	0.553075717	3.31762337e+13
5.24e-09	-34.6061538	1623.3554	-33088.7231	-24401.655	0.55317432	3.31742641e+13
5.25e-09	1067.73503	1506.7266	-31991.1776	-24475.1855	0.553609596	3.31729628e+13
5.26e-09	778.81418	516.543277	-30472.8559	-24222.6001	0.554446853	3.31730554e+13
5.27e-09	1514.3866	2083.13092	-29750.9288	-25372.8619	0.555349482	3.31752627e+13
5.28e-09	1208.77525	886.399616	-31716.3139	-24612.8825	0.555514987	3.31786332e+13
5.29e-09	1205.2506	366.386649	-31885.4288	-25258.264	0.555594703	3.31818839e+13
5.3e-09	1916.71722	-1470.468	-31900.3915	-25611.3541	0.555625015	3.31849597e+13
5.31e-09	2419.38803	-2973.55195	-32471.7359	-25995.8525	0.555414248	3.3187532e+13
5.32e-09	2981.53758	-3033.42094	-33846.2941	-26322.5857	0.55474102	3.31889944e+13
5.33e-09	984.440835	-4335.61995	-33773.1881	-26529.468	0.553996559	3.31886497e+13
5.34e-09	596.743794	-2958.47506	-34927.0023	-25299.3485	0.553563481	3.31869947e+13
5.35e-09	1083.6093	-1089.155	-35965.749	-24812.4929	0.553111819	3.31844897e+13
5.36e-09	273.138197	-1910.33045	-36804.6911	-25406.6531	0.552332673	3.31809669e+13
5.37e-09	-1231.06028	-168.701497	-34056.7	-26403.2843	0.552042413	3.31763629e+13
5.38e-09	-1516.99624	-552.603251	-32475.758	-25076.6393	0.55199356	3.31717824e+13
5.39e-09	-1329.05206	42.1852348	-31587.6121	-25552.026	0.552581928	3.31682706e+13
5.4e-09	-2614.70524	523.763134	-30660.8918	-25364.7627	0.55344745	3.31666438e+13
5.41e-09	-859.35717	843.322816	-28433.7444	-25461.3951	0.554468988	3.31672463e+13
5.42e-09	-1123.28398	888.761512	-28735.608	-27013.1806	0.555309295	3.31700208e+13
5.43e-09	-462.583806	1760.23756	-29232.5204	-28531.265	0.555641653	3.31738923e+13
5.44e-09	670.103774	1113.49585	-29573.9818	-29051.7161	0.555528529	3.31776717e+13
5.45e-09	213.385374	1494.26099	-30810.5735	-28830.5327	0.555193902	3.31805503e+13
5.46e-09	1136.96332	1793.17354	-30309.6852	-30130.4426	0.554554227	3.31821546e+13
5.47e-09	189.668676	250.825057	-29089.222	-30290.0862	0.553973867	3.31822041e+13
5.48e-09	320.494013	506.945223	-28601.258	-29720.8392	0.554102614	3.31816052e+13
5.49e-09	1065.60666	-1349.46705	-28985.939	-30563.7392	0.554108581	3.3181357e+13
5.5e-09	868.877154	-3090.23962	-29898.6765	-31320.5484	0.553894697	3.3180894e+13
5.51e-09	185.518175	-4367.57963	-31313.2617	-31246.3091	0.552900921	3.31791782e+13
5.52e-09	996.137775	-5559.78032	-31676.4581	-31913.5885	0.551874385	3.31754642e+13
5.53e-09	2416.50809	-1096.53308	-30167.1936	-28275.845	0.551545272	3.3170188e+13
5.54e-09	848.644133	-631.976854	-30157.8678	-27220.7192	0.552197872	3.31658457e+13
5.55e-09	1562.39878	1709.09407	-28275.9914	-26388.2291	0.553220063	3.31637042e+13
5.56e-09	3168.1106	1715.33034	-27975.011	-26134.1328	0.554333074	3.31642984e+13
5.57e-09	3285.64933	977.431677	-29464.2493	-25806.771	0.555303427	3.31671441e+13
5.58e-09	977.151851	507.685732	-30324.8584	-24216.1744	0.556061649	3.31716315e+13
5.59e-09	619.195712	878.231826	-32285.838	-26181.2446	0.556282579	3.31770016e+13
5.6e-09	-1976.50686	1874.53396	-33076.2513	-27334.5391	0.555574436	3.3181335e+13
5.61e-09	-1505.53923	3008.59319	-33283.5782	-26453.9615	0.554909578	3.31835999e+13
5.62e-09	-2822.86858	2891.46153	-33131.45	-25236.1207	0.554420423	3.31842416e+13
5.63e-09	-2264.36254	2590.35318	-33866.8697	-25551.2559	0.554073724	3.31841566e+13
5.64e-09	-1536.99607	1024.09945	-34223.0995	-24734.8139	0.55377644	3.31831371e+13
5.65e-09	-1528.20064	1392.98982	-34544.5731	-25474.9205	0.553332775	3.31815787e+13
5.66e-09	-1199.71405	769.078048	-34811.6476	-25175.9283	0.552884636	3.31790197e+13
5.67e-09	-1727.26886	528.371163	-34498.2761	-23423.0594	0.552787596	3.3176041e+13
5.68e-09	153.456897	433.441344	-34878.5615	-22687.8391	0.553088504	3.31736507e+13
5.69e-09	139.386481	1509.0722	-33712.6429	-21169.0086	0.553467105	3.31721063e+13
5.7e-09	446.866837	2919.49852	-34584.5261	-19980.8989	0.554152095	3.31720109e+13
5.71e-09	-1188.28074	3405.32825	-33711.6197	-20496.1793	0.554764529	3.31732708e+13
5.72e-09	718.518888	3191.67853	-34427.6371	-21581.279	0.554990592	3.31754937e+13
5.73e-09	242.022695	2113.69368	-35076.6319	-21360.5356	0.555084397	3.31778586e+13
5.74e-09	1084.98343	1508.39962	-36166.0643	-22541.8803	0.554570173	3.31797051e+13
5.75e-09	-459.92605	747.513444	-35508.6552	-21931.0875	0.554206645	3.31802276e+13
5.76e-09	956.322581	2484.52195	-36165.3072	-22822.7337	0.553822331	3.31799463e+13
5.77e-09	368.610265	1656.27592	-35318.0731	-20313.0814	0.553705333	3.3178971e+13
5.78e-09	39.1863965	1430.55272	-33439.1308	-19951.7931	0.554279603	3.31784302e+13
5.79e-09	-1163.6235	-764.371402	-33745.0444	-21150.4238	0.555059539	3.31797156e+13
5.8e-09	-2423.45162	-1137.56575	-32597.3739	-21426.5491	0.555775199	3.31823148e+13
5.81e-09	-436.576175	-2240.78161	-33553.7892	-20654.8873	0.556342738	3.3186261e+13
5.82e-09	-1215.7063	-146.73926	-35167.895	-21716.4103	0.556309596	3.3190634e+13
5.83e-09	84.9359499	-689.75188	-35700.6709	-21923.8092	0.555869814	3.31939738e+13
5.84e-09	438.642054	-680.54687	-34400.721	-20909.3934	0.555956121	3.31963628e+13
5.85e-09	2720.11408	1749.91065	-32707.0035	-20829.3195	0.556137199	3.31988916e+13
5.86e-09	2219.44326	1399.13905	-32364.3823	-21432.5414	0.556629375	3.32020076e+13
5.87e-09	2432.09024	20.4842033	-34313.5426	-23183.1781	0.556889162	3.32058713e+13
5.88e-09	3049.98794	-73.12955	-34925.9121	-22995.802	0.556287814	3.32088918e+13
5.89e-09	2200.32872	-655.562375	-36113.273	-23291.2412	0.555343634	3.32099655e+13
5.9e-09	1685.63614	-256.313372	-34521.4465	-22600.3072	0.554878321	3.32091412e+13
5.91e-09	1334.93847	262.885961	-34088.2476	-21095.3174	0.555040557	3.32079995e+13
5.92e-09	-1009.7599	-480.293094	-36430.3407	-21401.2151	0.555002345	3.3207359e+13
5.93e-09	-746.553692	-1234.60986	-36590.0854	-20511.3847	0.554766004	3.32063428e+13
5.94e-09	-1784.61147	-1655.85205	-36997.1665	-22098.6571	0.554507808	3.32050027e+13
5.95e-09	-1554.74621	-2305.74426	-37657.1281	-21320.1801	0.553765168	3.32025935e+13
5.96e-09	-630.806319	-2989.46025	-37279.976	-20453.15	0.553332405	3.31990393e+13
5.97e-09	420.761955	-3878.83862	-37216.0841	-20593.7631	0.553181786	3.31952326e+13
5.98e-09	1014.943	-3418.38501	-33752.4198	-19969.5655	0.553373415	3.31916298e+13
5.99e-09	1551.42433	-854.698759	-35906.7663	-20202.0642	0.553916145	3.31894622e+13
6e-09	16.1286908	-1518.15251	-35686.2973	-19436.4268	0.554140641	3.31881422e+13
6.01e-09	622.488156	-1944.42536	-37289.1717	-18486.0435	0.554305043	3.31875785e+13
6.02e-09	-185.221286	-3101.35095	-36395.3018	-19949.53	0.554266806	3.31871623e+13
6.03e-09	658.885631	-2326.04522	-36547.8802	-20575.6756	0.554211461	3.31866741e+13
6.04e-09	138.137292	-1276.72238	-37034.7463	-21468.9807	0.553973651	3.3185908e+13
6.05e-09	1854.85753	-3165.78263	-35702.9075	-22915.9587	0.553443073	3.3184265e+13
6.06e-09	1525.94054	-2672.74779	-36143.0531	-23688.2736	0.552775128	3.31816134e+13
6.07e-09	1058.61807	-1982.559	-34660.4023	-21596.0138	0.552780301	3.31781756e+13
6.08e-09	-630.236436	-2322.52745	-32800.8554	-21089.2119	0.553449092	3.31757965e+13
6.09e-09	-1529.846	-2151.07516	-34028.2771	-21597.6201	0.554090102	3.31753406e+13
6.1e-09	-3154.85399	-2076.86039	-35003.7007	-21345.3918	0.554359595	3.3175912e+13
6.11e-09	-3252.31995	-683.644682	-33696.8665	-22955.9441	0.554387187	3.31767223e+13
6.12e-09	-1387.43965	-930.840473	-33426.6463	-22929.23	0.554579161	3.31776788e+13
6.13e-09	-1234.34475	558.985196	-33555.2001	-22874.5875	0.554808381	3.31790894e+13
6.14e-09	-1339.84623	1346.12307	-35406.5174	-22476.6098	0.554869559	3.31807577e+13
6.15e-09	-823.011941	557.417043	-35661.7887	-22473.1195	0.554416973	3.31818611e+13
6.16e-09	-735.048718	422.386694	-36231.8143	-21753.503	0.554164196	3.31819966e+13
6.17e-09	-1382.32329	-322.495956	-36228.7649	-22216.7255	0.553868299	3.31814293e+13
6.18e-09	-803.06618	-2818.23421	-35853.0111	-21212.3105	0.553582085	3.31802484e+13
6.19e-09	-458.569272	-2809.29419	-34658.5818	-21702.6365	0.553924635	3.3179173e+13
6.2e-09	-1249.59851	-3121.55459	-32062.9504	-21414.5694	0.554626775	3.31792699e+13
6.21e-09	-2378.40384	-2838.16157	-31909.0037	-21456.0309	0.555707889	3.31814734e+13
6.22e-09	-1692.57924	-2184.75203	-33481.0569	-24110.3376	0.55603954	3.31853405e+13
6.23e-09	-2236.02821	-1534.4242	-34977.0007	-24585.7308	0.555399118	3.3188479e+13
6.24e-09	-3062.2665	146.664813	-34827.2671	-25719.1684	0.554592527	3.31895131e+13
6.25e-09	-2940.8569	895.154395	-33469.4226	-27337.4372	0.553722819	3.31886452e+13
6.26e-09	-3712.95452	1021.82348	-32264.0486	-27849.5872	0.553119014	3.31860784e+13
6.27e-09	-3440.86589	-498.370691	-32051.2003	-28081.0026	0.552876662	3.31828863e+13
6.28e-09	-3029.72389	-1594.77224	-31958.3443	-28830.0286	0.55253462	3.31793726e+13
6.29e-09	-2925.81541	-2782.73502	-31099.8776	-28636.4001	0.552457354	3.31756229e+13
6.3e-09	-1563.77658	-3093.62431	-32381.5482	-29368.3468	0.552183129	3.31719795e+13
6.31e-09	-9.70704875	-1278.41182	-32374.4524	-29091.8128	0.55166838	3.31677598e+13
6.32e-09	-688.986583	1325.92353	-31747.5612	-30347.4822	0.551235148	3.31629298e+13
6.33e-09	-812.455373	-364.737478	-31520.7655	-29432.4631	0.551051852	3.3157739e+13
6.34e-09	-24.7536155	-1151.11357	-31997.5554	-27572.3315	0.551224423	3.31529804e+13
6.35e-09	-36.3530305	-130.187858	-30351.2894	-26494.6705	0.551739941	3.31493538e+13
6.36e-09	-1284.50857	-742.240896	-28803.3436	-26112.9377	0.552971141	3.31480173e+13
6.37e-09	-1265.16582	-1790.05349	-29518.7241	-26803.2743	0.553992987	3.31494407e+13
6.38e-09	277.609942	-1043.35852	-27666.8421	-25579.1298	0.554716361	3.31525159e+13
6.39e-09	-509.034814	-698.046973	-27899.2757	-25298.4834	0.555942336	3.3157576e+13
6.4e-09	-793.555194	106.743846	-27583.8951	-27221.89	0.556732542	3.31645836e+13
6.41e-09	-302.72751	786.098117	-30076.7972	-26720.8501	0.557098148	3.31721605e+13
6.42e-09	681.127354	-411.892284	-30822.5005	-26265.4178	0.556990303	3.31793178e+13
6.43e-09	1601.3243	-177.539327	-33326.8695	-28087.229	0.556363017	3.31852219e+13
6.44e-09	3964.70061	393.415602	-33771.5533	-27603.0216	0.554997309	3.31881877e+13
6.45e-09	982.938572	304.842868	-33137.8614	-26689.5037	0.554001466	3.31881066e+13
6.46e-09	2090.55194	390.087009	-32915.3534	-25764.1749	0.553643462	3.31865225e+13
6.47e-09	2821.48483	1389.79436	-33310.5635	-24655.6749	0.553633711	3.31847715e+13
6.48e-09	1376.04854	2284.02664	-34414.7241	-23517.6965	0.553933171	3.31834292e+13
6.49e-09	-750.292997	553.660841	-33827.869	-22580.3388	0.5542923	3.3182786e+13
6.5e-09	315.961958	-534.709475	-33447.4343	-22030.4535	0.554492165	3.31830021e+13
6.51e-09	376.415952	66.5180796	-34379.8584	-21463.1696	0.554948672	3.31838914e+13
6.52e-09	124.257357	218.0103	-34031.1752	-20990.8912	0.555432677	3.31856979e+13
6.53e-09	72.337849	-285.944101	-35695.3968	-22413.9696	0.555396614	3.31880676e+13
6.54e-09	288.460276	-2268.71515	-34917.9089	-23770.62	0.55474009	3.31894263e+13
6.55e-09	95.6589946	-2951.8001	-34822.6522	-23004.2181	0.554381694	3.3189306e+13
6.56e-09	584.514945	-3663.38433	-34324.5059	-23680.3295	0.554054601	3.31886224e+13
6.57e-09	-622.263597	-3989.33359	-34689.5547	-22472.6884	0.553987542	3.31874658e+13
6.58e-09	-1202.2064	-3798.7865	-35563.6927	-21386.0041	0.554087272	3.31864976e+13
6.59e-09	-254.915391	-3469.08503	-35299.0218	-21289.8506	0.554376912	3.31858647e+13
6.6e-09	-2991.34444	-174.624558	-33579.5085	-21385.3101	0.554585893	3.31858463e+13
6.61e-09	-2214.18412	21.704649	-32167.3606	-22960.2544	0.555218194	3.31868521e+13
6.62e-09	-1444.89271	-1849.3701	-32921.8217	-19465.5012	0.555821419	3.31891823e+13
6.63e-09	-121.192093	-1418.14284	-34049.6251	-19564.7884	0.55670727	3.31929191e+13
6.64e-09	-1042.36364	721.579604	-32414.7457	-20696.4634	0.557226687	3.31978313e+13
6.65e-09	-586.687746	1791.00829	-32676.6375	-20607.5108	0.557802711	3.32035686e+13
6.66e-09	-1189.631	1431.42576	-32822.0903	-20055.762	0.558180839	3.32098763e+13
6.67e-09	-1051.27141	1773.00506	-33475.5568	-22229.224	0.558248086	3.32161294e+13
6.68e-09	-1618.86103	1594.56422	-33553.9002	-21362.1757	0.558026011	3.32215747e+13
6.69e-09	-1259.11775	1036.61209	-36490.6534	-20782.6985	0.557555572	3.32259296e+13
6.7e-09	-209.778601	2580.53531	-36379.1552	-21303.9743	0.556725956	3.3228297e+13
6.71e-09	-1554.16531	921.78189	-36289.5902	-22162.351	0.555839408	3.32285941e+13
6.72e-09	-2649.15647	1176.12394	-36106.066	-20469.7348	0.555376969	3.32271661e+13
6.73e-09	-1642.30895	1208.90328	-38556.1072	-18042.2469	0.554604538	3.3224692e+13
6.74e-09	-1596.10343	2255.40973	-39554.3336	-16818.938	0.553920428	3.32207941e+13
6.75e-09	-1589.50899	816.548563	-40349.7936	-17676.6159	0.553227131	3.32157539e+13
6.76e-09	-1463.49478	1189.16996	-40019.9709	-18762.0449	0.552344506	3.32094161e+13
6.77e-09	-2552.83436	2775.59542	-39385.1263	-19156.8266	0.551697932	3.32018722e+13
6.78e-09	-3897.59744	631.401573	-37161.1495	-18432.5984	0.551794301	3.3194267e+13
6.79e-09	-3478.36385	1343.71544	-36323.8988	-18512.51	0.552188081	3.31880256e+13
6.8e-09	-4485.45772	1171.37094	-35023.9175	-19056.1171	0.552750515	3.31834612e+13
6.81e-09	-3580.04214	1279.73392	-35666.4366	-18817.3156	0.553529645	3.3180739e+13
6.82e-09	-2926.36794	619.417269	-36563.9745	-20261.0098	0.55381662	3.317959e+13
6.83e-09	-4458.66344	-1534.86579	-35822.0242	-20493.8571	0.55405621	3.31789854e+13
6.84e-09	-2059.25206	-3613.87899	-35367.5336	-20977.324	0.554321971	3.31790318e+13
6.85e-09	-1903.25724	-4238.53998	-36017.7499	-21818.9425	0.554437971	3.31796121e+13
6.86e-09	-1712.65394	-4541.2696	-36910.9211	-23849.0693	0.553857677	3.31797575e+13
6.87e-09	-1476.5354	-4742.85271	-37287.4675	-25549.2092	0.552656374	3.31779124e+13
6.88e-09	467.048462	-3899.55691	-35367.0737	-24609.1301	0.551850741	3.31736876e+13
6.89e-09	1014.74494	-3546.01946	-33270.8275	-24186.4816	0.551988685	3.31690459e+13
6.9e-09	814.990729	-2336.45732	-33751.0484	-24788.7443	0.552383875	3.31656988e+13
6.91e-09	587.893163	-2816.90448	-31498.5342	-25530.5612	0.552785563	3.31633237e+13
6.92e-09	1589.39452	-3085.99841	-31766.3018	-25021.6466	0.553617281	3.31625964e+13
6.93e-09	2238.03571	-2478.97093	-33140.1251	-25085.6668	0.554044027	3.31634348e+13
6.94e-09	238.133671	-1600.36904	-34482.2023	-23769.7046	0.553770936	3.31643931e+13
6.95e-09	466.80203	-2349.20558	-35529.0441	-26224.6196	0.553220122	3.31645259e+13
6.96e-09	-886.042626	-2026.29601	-34545.5958	-24637.2955	0.552738863	3.3163148e+13
6.97e-09	-730.79185	-1351.10116	-33546.7295	-24449.4203	0.552739304	3.31615127e+13
6.98e-09	-2420.26469	-1729.99377	-33375.7709	-24647.8458	0.553129282	3.3160468e+13
6.99e-09	-2949.56948	-1145.67099	-33547.8208	-22822.9584	0.553272478	3.31601503e+13
7e-09	1360.86147	-1435.27297	-32112.6761	-23270.7073	0.553864	3.31605498e+13
7.01e-09	271.428065	-1172.69619	-31953.1267	-22058.4277	0.554794146	3.31626669e+13
7.02e-09	-1036.54939	-444.830974	-31998.4056	-23757.9898	0.555244469	3.31663025e+13
7.03e-09	-1509.9936	-2799.02968	-31865.1834	-23894.753	0.555724721	3.31704464e+13
7.04e-09	-842.286064	-387.586407	-33491.1946	-25661.7738	0.555471706	3.31746754e+13
7.05e-09	663.95231	-1805.89377	-35374.3766	-25759.3613	0.554674537	3.3177286e+13
7.06e-09	1669.56235	-995.876181	-34680.1708	-27198.9758	0.553739854	3.31776054e+13
7.07e-09	1180.02181	1717.2403	-36565.045	-26449.6742	0.552808045	3.31759481e+13
7.08e-09	-443.229782	1354.80927	-36429.6396	-25785.8554	0.551947973	3.31723827e+13
7.09e-09	-1250.91765	428.888492	-33044.9179	-25065.4085	0.551731766	3.31676164e+13
7.1e-09	1665.97582	670.91344	-33468.4162	-25669.6543	0.552154438	3.31637687e+13
7.11e-09	624.110525	-613.191039	-33148.8048	-25042.9055	0.552495802	3.31610796e+13
7.12e-09	-196.973903	-1213.06695	-31605.7	-24667.2651	0.553076547	3.31596369e+13
7.13e-09	-1812.04371	-1649.14789	-30836.205	-25452.1852	0.553757675	3.31597877e+13
7.14e-09	-3136.74863	-37.1116192	-30113.1324	-26718.6833	0.554291138	3.31613142e+13
7.15e-09	-1231.22949	1168.05098	-29558.6373	-26239.1449	0.554566657	3.31635388e+13
7.16e-09	-1911.56217	1250.95869	-30653.7868	-25751.2097	0.555092496	3.316658e+13
7.17e-09	-1437.40388	-225.748015	-31776.0438	-25719.6732	0.555325025	3.31702065e+13
7.18e-09	-1026.11155	2043.83253	-32226.4799	-28066.4194	0.554993604	3.31735183e+13
7.19e-09	-1349.48033	478.350665	-30519.8485	-27809.1503	0.554620572	3.31754314e+13
7.2e-09	-2539.43002	1406.33276	-29069.8458	-25954.6503	0.554990801	3.31770608e+13
7.21e-09	-2171.75743	2321.39278	-28892.7345	-27317.8182	0.555564644	3.31798254e+13
7.22e-09	-2982.92948	1125.04879	-28026.6115	-28023.9043	0.555765273	3.31830946e+13
7.23e-09	-2592.55999	85.8018399	-28919.2942	-26760.1707	0.556213248	3.31868176e+13
7.24e-09	-107.088491	2158.99306	-28129.0568	-27043.5783	0.55674643	3.31912292e+13
7.25e-09	1058.24308	1242.83462	-28612.2023	-27305.0467	0.556999663	3.31961731e+13
7.26e-09	-692.857149	3710.00141	-29353.5349	-25375.2321	0.557318331	3.32012009e+13
7.27e-09	119.83448	1701.43887	-32074.9956	-25981.8576	0.557189377	3.32062494e+13
7.28e-09	1359.19972	1086.93293	-32153.4968	-27559.8429	0.55632194	3.32096765e+13
7.29e-09	303.221076	1985.37228	-31654.72	-24245.8069	0.555893094	3.32109957e+13
7.3e-09	150.123565	1962.64496	-29151.196	-23767.5052	0.556637417	3.32125397e+13
7.31e-09	933.256931	2231.98739	-29704.3631	-24577.8133	0.557327057	3.32158296e+13
7.32e-09	1313.92398	-286.865663	-31027.562	-24200.638	0.557556142	3.32198064e+13
7.33e-09	610.890164	-1419.12855	-31069.8651	-25376.2864	0.557650211	3.3223742e+13
7.34e-09	-561.571364	-1479.36093	-31789.6374	-23844.1736	0.557701585	3.32273652e+13
7.35e-09	388.412373	-921.845592	-33095.3413	-25598.3697	0.557200329	3.32303679e+13
7.36e-09	2845.24297	-326.925451	-32736.0255	-24226.038	0.556838145	3.32317693e+13
7.37e-09	2316.03801	-1476.02202	-32859.9374	-23567.3508	0.556696143	3.32326557e+13
7.38e-09	1017.86855	-364.361626	-34548.8149	-21183.0981	0.556523466	3.32332011e+13
7.39e-09	835.493885	-1738.13597	-36067.0479	-22780.7822	0.555945131	3.32329378e+13
7.4e-09	-602.257877	-2160.50769	-35928.4411	-21744.1195	0.555179161	3.3231046e+13
7.41e-09	409.677283	-712.716417	-34290.0606	-23252.5722	0.554977035	3.32281881e+13
7.42e-09	701.758996	-989.496344	-36189.1611	-23465.4931	0.554505647	3.32250898e+13
7.43e-09	-510.674487	-110.151634	-35633.353	-20617.0886	0.554225745	3.32211895e+13
7.44e-09	-137.23022	930.858228	-34507.8482	-18479.16	0.554592371	3.32177092e+13
7.45e-09	-853.52398	924.586014	-34155.9292	-18159.04	0.555555586	3.3216008e+13
7.46e-09	-637.956357	-271.411147	-34883.0154	-17204.4459	0.55632133	3.32165488e+13
7.47e-09	-2197.31621	-1384.43522	-35735.3912	-17295.87	0.556563582	3.32183052e+13
7.48e-09	-4311.05903	-1354.05551	-34423.0846	-17329.8081	0.55707275	3.32204628e+13
7.49e-09	-3695.91707	-835.689648	-36296.6383	-18494.4966	0.557382494	3.32235779e+13
7.5e-09	-3458.98546	-187.671591	-37126.7111	-20371.3295	0.556646631	3.32259826e+13
7.51e-09	-515.319453	-584.946403	-36434.4282	-20528.5585	0.555905129	3.32263194e+13
7.52e-09	-632.829636	381.271165	-36587.493	-19922.3771	0.555304433	3.32251902e+13
7.53e-09	-662.61239	287.889739	-37275.0318	-19820.6317	0.554980351	3.32230733e+13
7.54e-09	583.018685	837.110035	-37598.7028	-18558.8579	0.554591457	3.32203809e+13
7.55e-09	1397.72249	160.415389	-37920.7474	-18596.9628	0.554161361	3.32171246e+13
7.56e-09	787.219291	125.349102	-37269.4765	-16876.5172	0.55406737	3.32134025e+13
7.57e-09	-1582.15683	654.599521	-38256.2004	-19243.543	0.553898642	3.32100929e+13
7.58e-09	-601.333993	-747.909706	-39519.1114	-17776.1284	0.553173092	3.32059757e+13
7.59e-09	-932.158099	12.271769	-37690.8502	-17230.144	0.552820781	3.32007341e+13
7.6e-09	-254.975449	14.6296042	-35789.4952	-17364.5539	0.553544554	3.31963884e+13
7.61e-09	-1298.43295	829.341598	-35745.3091	-19024.6004	0.554106183	3.31941216e+13
7.62e-09	-972.966091	1508.4812	-37345.6779	-18254.3843	0.554310322	3.31929578e+13
7.63e-09	-413.928549	2078.42407	-35790.913	-19121.7395	0.554500295	3.31922013e+13
7.64e-09	-1926.41537	186.053737	-35356.7435	-21998.8753	0.554543022	3.31917912e+13
7.65e-09	-574.650764	-1371.93411	-35199.6039	-21308.246	0.554316754	3.31912542e+13
7.66e-09	832.64766	-959.811075	-34196.1608	-23370.6945	0.554282028	3.31904968e+13
7.67e-09	-1008.08772	439.603335	-35801.0991	-24190.7586	0.55408951	3.31896793e+13
7.68e-09	-1063.83369	-423.537395	-35938.7944	-24409.4933	0.553474175	3.31879239e+13
7.69e-09	370.647344	1266.4842	-34465.0438	-22725.0028	0.553152838	3.3185159e+13
7.7e-09	-1093.05802	1169.09805	-33210.9169	-23930.3697	0.553439239	3.31826835e+13
7.71e-09	-432.927169	1854.17775	-32736.8369	-24853.3919	0.553687018	3.31809699e+13
7.72e-09	639.326202	971.057021	-32369.003	-22791.8409	0.554089036	3.31801813e+13
7.73e-09	663.804509	-453.475949	-33311.1471	-22337.9099	0.55467087	3.31806044e+13
7.74e-09	655.041108	-482.642079	-33272.1381	-21410.9177	0.555189684	3.31821488e+13
7.75e-09	1556.88342	-1843.49406	-33649.9009	-24348.68	0.555497667	3.3184711e+13
7.76e-09	619.945289	-2055.63134	-33334.5295	-25734.4688	0.55506677	3.31868405e+13
7.77e-09	304.837981	-874.354939	-34417.4724	-25909.9925	0.55465944	3.31878006e+13
7.78e-09	-1727.88827	-359.296235	-35365.9631	-24502.7846	0.554085898	3.31875755e+13
7.79e-09	-1062.06648	-1944.81708	-34787.7263	-23704.8583	0.553699521	3.31861369e+13
7.8e-09	-2006.16607	-2924.72688	-35045.4633	-24181.1036	0.553540075	3.31843462e+13
7.81e-09	-1175.17669	-2353.00681	-32626.4306	-24100.4602	0.553721459	3.3182578e+13
7.82e-09	-2659.17246	-1551.23986	-32633.7261	-21432.7725	0.55432656	3.3181808e+13
7.83e-09	-1120.47218	-511.878636	-32811.156	-20833.1911	0.555349394	3.31830026e+13
7.84e-09	139.385853	-80.1108129	-31719.4803	-22036.3559	0.556157052	3.31861551e+13
7.85e-09	358.231902	-286.328682	-34516.3758	-22713.174	0.55646818	3.31905023e+13
7.86e-09	1614.41798	-174.023763	-36324.8763	-23112.0329	0.555667695	3.31938647e+13
7.87e-09	560.70184	-341.415678	-36807.2097	-22069.3411	0.554805831	3.31949641e+13
7.88e-09	138.388597	296.568914	-36503.9905	-23226.5126	0.554220648	3.31943555e+13
7.89e-09	1821.30698	-1149.3986	-36021.1509	-25125.4184	0.553173756	3.31919955e+13
7.9e-09	1984.66628	-285.859061	-36461.0016	-25317.3955	0.552169866	3.31876507e+13
7.91e-09	1844.37695	-1717.80802	-36808.9589	-24582.9732	0.55144922	3.3181774e+13
7.92e-09	1867.07536	-1729.71754	-34134.5874	-23621.9799	0.551636009	3.3175591e+13
7.93e-09	1036.10781	1185.5374	-33567.4119	-21104.1612	0.552479441	3.3171076e+13
7.94e-09	-280.2008	1640.85062	-33118.4799	-21473.4337	0.553372972	3.31690405e+13
7.95e-09	-461.963338	-623.844006	-31669.8521	-22527.7946	0.554449822	3.31693836e+13
7.96e-09	1168.33312	-1643.1625	-30671.9053	-24171.9516	0.555315512	3.3171951e+13
7.97e-09	1454.74588	118.240494	-30821.6987	-25421.2202	0.555707789	3.31757451e+13
7.98e-09	953.91086	-563.56111	-31865.6683	-26372.7833	0.55565534	3.31795839e+13
7.99e-09	856.168524	-1624.25315	-31688.2054	-26360.3031	0.555404596	3.31826191e+13
8e-09	871.27852	-2157.91389	-31621.8442	-26138.5884	0.555238928	3.31849348e+13
8.01e-09	1361.40976	-2143.00223	-31727.6396	-27728.9182	0.555095878	3.31867786e+13
8.02e-09	-309.613505	-2515.33927	-31582.2926	-27449.5326	0.554669062	3.31876178e+13
8.03e-09	-145.590337	-3255.46748	-31570.5526	-27259.402	0.554352507	3.31875895e+13
8.04e-09	-1649.27983	-2005.29741	-31061.5975	-27290.2592	0.554315306	3.31871727e+13
8.05e-09	-2082.88334	162.426341	-31444.0886	-28153.0736	0.554259161	3.31868356e+13
8.06e-09	-2430.69474	-684.074553	-31575.8258	-29057.3933	0.553678668	3.31858203e+13
8.07e-09	-3828.57833	-775.912873	-31075.5495	-28870.9451	0.553619617	3.31840259e+13
8.08e-09	-3803.91982	363.00642	-30688.8728	-29403.3872	0.553288929	3.31820802e+13
8.09e-09	-1742.31122	1129.9647	-28166.9347	-29760.266	0.55335955	3.31798545e+13
8.1e-09	-814.907835	2525.09402	-28895.6855	-28350.5764	0.553491561	3.31782165e+13
8.11e-09	511.702597	3267.81862	-28775.2025	-26863.3391	0.554220085	3.31775211e+13
8.12e-09	965.550301	2059.69102	-28386.9092	-26399.1293	0.555139516	3.31787871e+13
8.13e-09	919.248425	3655.49008	-26947.307	-27860.8609	0.556009733	3.31820074e+13
8.14e-09	93.3081074	3241.37242	-27647.7461	-27198.9007	0.556828423	3.31868095e+13
8.15e-09	-870.353444	1894.88949	-27583.5757	-26300.0855	0.557420306	3.31926644e+13
8.16e-09	-64.2663802	2764.69259	-29149.2528	-26304.4046	0.558006269	3.31993288e+13
8.17e-09	-1012.20891	2770.00101	-30218.0174	-27125.8334	0.55789335	3.32060132e+13
8.18e-09	-1168.69086	2558.93943	-30913.8934	-27296.1293	0.557432549	3.32114432e+13
8.19e-09	-853.90541	1345.57585	-31934.5632	-26325.5402	0.556917211	3.32152551e+13
8.2e-09	-882.221553	2315.86323	-32169.6836	-27052.7017	0.556283919	3.32174451e+13
8.21e-09	-1038.48165	1606.80607	-31880.3998	-25578.0088	0.555677314	3.32178435e+13
8.22e-09	-530.9578	1194.40458	-31939.9987	-26015.7459	0.555671759	3.32176435e+13
8.23e-09	-1501.17146	646.01112	-31495.0772	-24594.5877	0.555664417	3.32172903e+13
8.24e-09	-58.7034592	1726.73661	-33757.5699	-24058.2187	0.555950752	3.32174696e+13
8.25e-09	-1079.34425	842.644254	-34631.9002	-24127.685	0.555605237	3.32176574e+13
8.26e-09	-2837.54597	-285.50783	-34451.357	-22901.9851	0.555061043	3.32166612e+13
8.27e-09	-4124.04997	-1133.06228	-34049.6165	-23926.8713	0.554915767	3.32149738e+13
8.28e-09	-2577.21391	133.132714	-33512.4858	-22368.5573	0.554851266	3.32131416e+13
8.29e-09	-1299.60003	-518.838251	-34249.5494	-20974.2532	0.55539426	3.32120396e+13
8.3e-09	-2532.15166	-971.286872	-35105.3903	-20102.2328	0.555805158	3.32122491e+13
8.31e-09	-1627.2072	-1330.7491	-36336.6664	-20641.1097	0.55559235	3.32127919e+13
8.32e-09	-641.26116	-1196.02224	-37219.2849	-21779.464	0.555008576	3.32124099e+13
8.33e-09	566.550006	51.1656716	-37359.8325	-21574.6806	0.554272333	3.32104694e+13
8.34e-09	1503.51867	-1240.61468	-36079.676	-21801.003	0.553871215	3.32073569e+13
8.35e-09	3005.46775	-801.119438	-36584.0999	-22066.358	0.553583206	3.32038276e+13
8.36e-09	2368.75379	-1947.20212	-36738.7847	-22081.5667	0.553183411	3.31998222e+13
8.37e-09	717.421528	-1263.33255	-37393.6564	-20169.2806	0.552892721	3.31953714e+13
8.38e-09	1627.54221	-986.134525	-36203.2182	-20712.462	0.553003041	3.31911094e+13
8.39e-09	999.486239	426.726812	-35994.8665	-21468.2761	0.553415591	3.31878429e+13
8.4e-09	996.355711	1081.12932	-34779.5025	-20316.7026	0.55387037	3.31857224e+13
8.41e-09	1007.84274	1211.99315	-34774.8042	-19840.2502	0.554305357	3.31849588e+13
8.42e-09	-870.182562	1483.97744	-35251.4794	-19542.9895	0.555132987	3.31856434e+13
8.43e-09	422.172247	520.681226	-35368.3084	-17599.5891	0.555521079	3.31875834e+13
8.44e-09	-348.466361	-1476.22711	-35134.3214	-16820.9399	0.556027569	3.31903076e+13
8.45e-09	-109.259342	-1689.50924	-35053.4779	-16607.6813	0.556660233	3.31941271e+13
8.46e-09	750.780032	-3618.07056	-34314.5267	-17667.5987	0.557349049	3.31990151e+13
8.47e-09	1357.73068	-3055.49599	-35141.3696	-20850.0036	0.557334126	3.32044557e+13
8.48e-09	1384.60031	-2648.73475	-35036.9087	-21243.5968	0.556965607	3.32087495e+13
8.49e-09	1807.42055	-2354.3116	-34977.8251	-20294.8736	0.556701281	3.32119522e+13
8.5e-09	992.380592	-1840.35361	-34790.848	-21488.4484	0.556618512	3.32145879e+13
8.51e-09	-523.622743	-3287.15513	-36608.1018	-22346.0907	0.556233932	3.32165538e+13
8.52e-09	-553.920285	-3009.72455	-37115.5301	-23330.5279	0.555037869	3.32165849e+13
8.53e-09	-2680.78669	-3011.82898	-35409.3777	-23107.6227	0.554062466	3.32139651e+13
8.54e-09	-2690.86449	-3762.74312	-32574.4815	-24429.6232	0.553922439	3.32102264e+13
8.55e-09	-3036.45444	-3968.80164	-32840.9231	-24931.4705	0.554322114	3.32072511e+13
8.56e-09	-2086.79413	-2485.71059	-35208.1102	-25047.056	0.554177704	3.32050138e+13
8.57e-09	-1511.60911	-1147.96086	-33813.8556	-26275.3952	0.553501675	3.32019615e+13
8.58e-09	-586.778413	-595.770634	-35073.0779	-25864.465	0.552944842	3.31979404e+13
8.59e-09	-1217.18297	-1421.22556	-35744.5903	-25594.5025	0.552350064	3.31929054e+13
8.6e-09	-1963.82346	-2484.50903	-35811.5993	-24026.3743	0.551919363	3.3187118e+13
8.61e-09	-2564.51301	-1499.54215	-35866.1447	-22966.3874	0.551620851	3.31810509e+13
8.62e-09	-2267.61979	-755.976396	-34997.9164	-23316.9501	0.551631668	3.31752775e+13
8.63e-09	-2374.38425	-644.292701	-34112.9885	-24456.2016	0.551883239	3.31703143e+13
8.64e-09	-2912.23383	792.157385	-32589.5196	-23491.1253	0.552426772	3.31665503e+13
8.65e-09	-1825.05531	-413.901872	-32374.6238	-24195.6023	0.553352292	3.31648641e+13
8.66e-09	-2098.40504	376.920537	-32248.6102	-24278.7549	0.554021207	3.31651428e+13
8.67e-09	-1868.51615	-1068.40613	-33818.7185	-21847.8762	0.5543782	3.31665719e+13
8.68e-09	-1006.71696	-476.890243	-33007.3317	-21452.74	0.554973413	3.31688602e+13
8.69e-09	-540.802272	1379.96517	-33730.573	-22106.0614	0.555460558	3.31722741e+13
8.7e-09	735.847828	732.22652	-32703.9466	-21271.8986	0.555958927	3.31762752e+13
8.71e-09	-876.899567	994.594901	-33108.904	-22576.2347	0.556352376	3.31810584e+13
8.72e-09	-850.973004	489.114547	-32764.3217	-21092.1548	0.556786578	3.31861553e+13
8.73e-09	-1920.96579	94.1479133	-34259.8257	-22950.4891	0.557004901	3.31918437e+13
8.74e-09	-922.253933	56.393324	-34344.5164	-22103.7482	0.55653815	3.31965172e+13
8.75e-09	-929.990343	895.84334	-34189.5956	-23120.8046	0.556242282	3.31999196e+13
8.76e-09	-1319.91012	507.929004	-33925.2877	-23615.5856	0.555984867	3.32023399e+13
8.77e-09	-1452.67252	-1077.00679	-31705.8862	-23456.0108	0.556100765	3.32042805e+13
8.78e-09	-1349.36076	-1920.8372	-31253.5762	-24844.9543	0.556357255	3.32065988e+13
8.79e-09	-2933.43761	-2136.98922	-33668.6953	-25131.9178	0.556146856	3.3208827e+13
8.8e-09	-2111.70832	-704.765683	-33810.409	-27682.1109	0.555122503	3.32096326e+13
8.81e-09	-738.802282	1143.00253	-34654.0323	-28447.6212	0.554004472	3.32079456e+13
8.82e-09	-856.807396	676.566588	-33257.9778	-25769.2854	0.553148402	3.3203869e+13
8.83e-09	-58.2283304	-391.332158	-33859.9937	-25847.8526	0.55293782	3.31991831e+13
8.84e-09	-221.413139	-2452.42868	-31615.7604	-24047.4947	0.553297794	3.31947821e+13
8.85e-09	-200.4409	-712.623857	-32437.8436	-24569.049	0.553899477	3.31921603e+13
8.86e-09	-1244.97939	-987.719433	-32465.5493	-26338.9538	0.554084389	3.31906967e+13
8.87e-09	-1163.50292	-634.755017	-32274.1399	-27843.8729	0.553780514	3.3189202e+13
8.88e-09	-1544.28364	1123.19339	-32961.2873	-25642.1983	0.553693868	3.31873123e+13
8.89e-09	-1832.165	1166.34693	-32095.7603	-26000.1047	0.553706172	3.31855202e+13
8.9e-09	-2505.25211	-282.517703	-29175.6826	-25262.2998	0.554184	3.31842191e+13
8.91e-09	-1724.85641	-704.664108	-28019.4465	-25382.4659	0.55530032	3.31850193e+13
8.92e-09	-2845.37106	-517.264122	-29331.2548	-24761.8898	0.556126091	3.31879281e+13
8.93e-09	-4316.68102	358.207615	-30194.9122	-26613.9193	0.556552445	3.31921417e+13
8.94e-09	-3487.62637	1063.3516	-29588.4201	-26480.9726	0.556671735	3.31964088e+13
8.95e-09	-2607.98839	1363.60532	-30854.7849	-26652.3464	0.556639276	3.32004411e+13
8.96e-09	-4068.36602	1035.18659	-30214.6454	-25062.6208	0.556793447	3.32040016e+13
8.97e-09	-3172.19281	297.166522	-29506.2458	-26263.4886	0.557002872	3.32078259e+13
8.98e-09	-2103.80227	2429.35695	-29591.5211	-25305.0865	0.557669625	3.32120788e+13
8.99e-09	-2254.96506	1970.26726	-32218.8482	-26955.8119	0.557473645	3.32168537e+13
9e-09	-2585.53232	756.893134	-31404.5624	-26987.0004	0.556844302	3.32199721e+13
9.01e-09	-3906.75687	-1016.30066	-32432.1526	-27929.1313	0.556224246	3.32216051e+13
9.02e-09	-4723.77004	-1305.99847	-30903.0028	-26097.2067	0.555622331	3.32215003e+13
9.03e-09	-2924.6085	-16.3993008	-32322.196	-25279.6312	0.555416141	3.3220677e+13
9.04e-09	-3279.89966	-308.787277	-32264.1645	-25327.7839	0.555244609	3.32194824e+13
9.05e-09	-3144.57852	-1712.96407	-32502.8548	-24640.6133	0.555098164	3.32180043e+13
9.06e-09	-1783.27891	156.566393	-32895.8021	-24561.9943	0.555068502	3.32165649e+13
9.07e-09	-1528.63824	-550.369991	-32624.6306	-24368.3235	0.555153308	3.32151746e+13
9.08e-09	-115.304285	-1444.22306	-33941.6977	-25083.3372	0.554869964	3.32138505e+13
9.09e-09	-2961.15353	-1479.07249	-33318.4874	-24718.2189	0.554679525	3.32119368e+13
9.1e-09	-2814.59473	-3176.6148	-34439.2157	-23897.1438	0.554211407	3.32096093e+13
9.11e-09	280.809654	-1900.20339	-34581.2409	-21673.1233	0.554177743	3.32067781e+13
9.12e-09	976.675051	-1907.55045	-36052.6992	-19966.1564	0.554423317	3.32045162e+13
9.13e-09	515.947773	-1346.09926	-37471.4465	-21599.4876	0.554196973	3.32027043e+13
9.14e-09	-1103.00556	405.158744	-37830.6003	-22905.8298	0.553376876	3.31998655e+13
9.15e-09	-2646.83461	2281.6162	-37168.4507	-23854.3261	0.552432595	3.31952362e+13
9.16e-09	-3329.23466	293.17598	-37780.5928	-24227.9278	0.551457848	3.31890258e+13
9.17e-09	-3473.14698	727.125512	-37559.7795	-22933.2108	0.55090797	3.31814891e+13
9.18e-09	-2144.68251	1646.96363	-34208.1597	-23717.3078	0.550855092	3.31738222e+13
9.19e-09	-3545.0665	1287.7608	-33006.2098	-22157.9356	0.551656335	3.31677708e+13
9.2e-09	-2890.13076	1760.32167	-32957.3947	-20992.3204	0.552855858	3.31645082e+13
9.21e-09	-1814.65561	2490.62444	-32383.8044	-18273.8435	0.554308799	3.3164408e+13
9.22e-09	-1775.83404	2629.94216	-33170.9626	-20215.7101	0.555604404	3.31676793e+13
9.23e-09	-1745.29223	1588.79414	-32390.3895	-19428.1616	0.556432995	3.31728108e+13
9.24e-09	-2397.16418	3205.71923	-34092.9351	-19923.7994	0.557213793	3.31795175e+13
9.25e-09	-2999.1127	3900.0733	-35697.8121	-20483.549	0.557114782	3.31863178e+13
9.26e-09	-2774.02846	3050.02035	-36155.8966	-18781.0559	0.556609008	3.31916791e+13
9.27e-09	-1372.94873	3583.37607	-34235.7186	-18555.3086	0.556642472	3.3195812e+13
9.28e-09	-460.770757	1593.73968	-35734.885	-19888.3807	0.556639295	3.3199942e+13
9.29e-09	-477.16777	1463.97095	-35805.5634	-20666.9926	0.556402973	3.32032789e+13
9.3e-09	1471.46625	276.300599	-34706.7078	-20489.1277	0.55628036	3.32058164e+13
9.31e-09	1418.66369	522.660688	-34077.0006	-21772.2915	0.55626678	3.32081182e+13
9.32e-09	620.756911	50.8528278	-34302.7973	-22928.4029	0.556181949	3.32100788e+13
9.33e-09	-830.391982	3438.99184	-35352.4213	-23245.3726	0.555651098	3.32113034e+13
9.34e-09	481.503377	1696.38778	-35406.0282	-22934.3228	0.554995904	3.3210956e+13
9.35e-09	-236.583268	2606.46154	-33949.3491	-22975.8113	0.554861257	3.3209564e+13
9.36e-09	40.4948532	1719.5953	-35312.585	-23471.7547	0.554535586	3.3208089e+13
9.37e-09	1980.19081	958.840869	-35132.7436	-21627.2029	0.554263405	3.32059289e+13
9.38e-09	637.593644	1058.48557	-36248.1078	-22541.6616	0.554059045	3.32035967e+13
9.39e-09	1191.19662	1496.72892	-36074.6734	-26033.1785	0.553304784	3.32004244e+13
9.4e-09	1357.14171	1632.78106	-37138.4286	-26613.4064	0.552089401	3.31953055e+13
9.41e-09	807.913053	464.117668	-36664.0791	-25511.5446	0.550964726	3.31878776e+13
9.42e-09	189.828071	574.991036	-34254.4263	-24269.5633	0.550959768	3.31798302e+13
9.43e-09	1131.84034	564.290134	-34547.7072	-24430.6823	0.551441123	3.31732449e+13
9.44e-09	2946.10708	-733.84085	-35190.3455	-23390.7968	0.551544701	3.31679576e+13
9.45e-09	2753.38534	-2145.46172	-33684.3949	-24872.4029	0.551708679	3.31634526e+13
9.46e-09	1367.66863	-892.999896	-33331.9754	-25815.5078	0.551968033	3.31597831e+13
9.47e-09	1980.43318	-1348.9217	-33835.4883	-23603.6409	0.552125459	3.31568941e+13
9.48e-09	1566.59059	-1419.35801	-34005.9271	-22406.9131	0.55271234	3.31550966e+13
9.49e-09	1355.23537	-1939.23507	-34463.5719	-21688.3004	0.553392221	3.31548869e+13
9.5e-09	1853.01305	-1039.27787	-33342.7771	-22479.0536	0.553735305	3.31558487e+13
9.51e-09	1341.5988	880.64541	-32841.9114	-23867.6741	0.554296069	3.31577257e+13
9.52e-09	-10.26117	1079.29974	-33020.8567	-23484.2514	0.554583426	3.31603826e+13
9.53e-09	434.227205	1181.37772	-32532.1541	-24919.1755	0.554716991	3.31633017e+13
9.54e-09	821.464652	499.58664	-32880.6269	-24373.5331	0.554851085	3.31661584e+13
9.55e-09	1431.37194	-2092.5763	-32770.8079	-25770.2893	0.554898147	3.31690225e+13
9.56e-09	1239.89695	180.958373	-33966.179	-26425.9633	0.554313525	3.31711414e+13
9.57e-09	472.102911	-60.9691409	-34991.9823	-25939.1613	0.553660278	3.31715591e+13
9.58e-09	549.499629	-563.217599	-35247.1405	-25878.977	0.552637337	3.31701853e+13
9.59e-09	-1095.4585	-403.88583	-35303.1272	-25910.6821	0.55215262	3.31671572e+13
9.6e-09	-561.119329	654.931432	-35795.7264	-26404.9101	0.551479504	3.31632116e+13
9.61e-09	-22.4327113	1456.81234	-34688.6385	-27680.3736	0.550901123	3.31581914e+13
9.62e-09	-653.416479	2197.26514	-35313.0973	-26445.9757	0.55055233	3.31525384e+13
9.63e-09	-425.047635	2498.48444	-34911.2729	-24675.5047	0.550530946	3.31469281e+13
9.64e-09	-1306.80556	1711.39542	-35286.5035	-24323.8516	0.550697044	3.3142141e+13
9.65e-09	-153.04274	694.636779	-34318.4859	-23399.0595	0.551037918	3.3138179e+13
9.66e-09	436.053924	96.0085675	-34986.1587	-22543.0963	0.551758533	3.31359037e+13
9.67e-09	1126.89457	111.869603	-34645.5707	-24369.8343	0.55213411	3.3135125e+13
9.68e-09	1091.38012	-795.050454	-33396.3737	-22425.4244	0.552429767	3.31349222e+13
9.69e-09	1065.02838	-31.0671349	-32092.2412	-23937.1853	0.553385826	3.31361505e+13
9.7e-09	-594.177953	9.06297779	-30153.6643	-25447.3338	0.554192263	3.31392794e+13
9.71e-09	-442.831119	-132.318954	-27885.3207	-23515.2348	0.555528569	3.31442319e+13
9.72e-09	-1427.59544	533.144604	-28570.1795	-24343.4554	0.556710183	3.3151903e+13
9.73e-09	-0.588678512	1146.16258	-29342.6206	-26075.3825	0.557252301	3.31608268e+13
9.74e-09	615.345341	357.50298	-30810.0817	-24562.8643	0.5576064	3.31698432e+13
9.75e-09	-612.372853	1085.53714	-32233.832	-26454.5691	0.557282578	3.31783192e+13
9.76e-09	-2350.57117	179.234327	-32066.1832	-25516.9718	0.556637947	3.31846366e+13
9.77e-09	-729.012222	-401.769109	-32976.6332	-25870.343	0.556192995	3.31893129e+13
9.78e-09	-49.6872565	95.3881361	-31348.5485	-27198.2325	0.555634704	3.31922679e+13
9.79e-09	-193.912026	614.507259	-32082.4586	-27800.9557	0.555251323	3.3194088e+13
9.8e-09	-985.795527	2399.39234	-31893.675	-26249.7277	0.554868255	3.31946677e+13
9.81e-09	-2173.04601	2734.95042	-31212.9181	-23818.9853	0.555210036	3.31950234e+13
9.82e-09	-843.798638	1833.58311	-30635.7834	-23646.4621	0.55580674	3.31965914e+13
9.83e-09	-618.818581	1586.90076	-29908.7594	-22461.1848	0.556751696	3.31996007e+13
9.84e-09	-47.6361781	1865.30897	-30778.1551	-23564.1811	0.557387059	3.32043065e+13
9.85e-09	-461.66204	1110.86846	-29773.7761	-23662.1615	0.557807716	3.32096178e+13
9.86e-09	-1819.05306	546.613496	-28602.9694	-24005.2767	0.558772529	3.32158124e+13
9.87e-09	-1323.8882	-557.968507	-29284.3633	-25910.9497	0.559324857	3.32234244e+13
9.88e-09	-1985.24942	422.186521	-31183.0097	-25517.7415	0.559020113	3.32306439e+13
9.89e-09	-991.979862	1856.8781	-32535.0376	-25406.2057	0.558383545	3.32360437e+13
9.9e-09	-863.413764	984.107942	-33003.0836	-25264.8224	0.557243405	3.32390494e+13
9.91e-09	-1054.48227	521.010865	-33584.7663	-26541.6274	0.556382577	3.32395998e+13
9.92e-09	-252.177662	819.265758	-34961.8356	-25051.2525	0.555440356	3.32379496e+13
9.93e-09	-171.14756	1559.95238	-36428.5997	-24140.5421	0.554324911	3.32342453e+13
9.94e-09	-754.277647	1063.34693	-38226.6315	-24900.7525	0.55311295	3.32283087e+13
9.95e-09	-1083.86353	-163.192428	-38024.0867	-25454.7659	0.551962468	3.32201649e+13
9.96e-09	-790.125347	1059.64902	-37486.3294	-24650.802	0.550859987	3.321033e+13
9.97e-09	-1476.84284	-1212.25773	-35952.6022	-24445.3556	0.550483027	3.31996144e+13
9.98e-09	-567.570634	-636.588166	-35749.6257	-24180.3787	0.550584704	3.31896351e+13
9.99e-09	-1922.6504	-972.878138	-33416.1835	-21057.6599	0.551468655	3.31813996e+13
1e-08	-871.503203	-1937.52472	-33491.863	-20992.3035	0.552727144	3.31765665e+13
