# Frequency [GHz] 	Fouriercomponent
-4.99967	 0.523601
-4.99633	 0.649917
-4.993	 0.612698
-4.98967	 0.668704
-4.98633	 0.530553
-4.983	 0.51421
-4.97967	 0.470977
-4.97633	 0.528318
-4.973	 0.557496
-4.96967	 0.538826
-4.96634	 0.616728
-4.963	 0.64719
-4.95967	 0.730042
-4.95634	 0.592307
-4.953	 0.554531
-4.94967	 0.454621
-4.94634	 0.588706
-4.943	 0.680596
-4.93967	 0.63087
-4.93634	 0.549971
-4.933	 0.588822
-4.92967	 0.565946
-4.92634	 0.548972
-4.92301	 0.628043
-4.91967	 0.482738
-4.91634	 0.61338
-4.91301	 0.426746
-4.90967	 0.629372
-4.90634	 0.611186
-4.90301	 0.586259
-4.89967	 0.540823
-4.89634	 0.500653
-4.89301	 0.705151
-4.88967	 0.522162
-4.88634	 0.472795
-4.88301	 0.467435
-4.87967	 0.613541
-4.87634	 0.749704
-4.87301	 0.532317
-4.86968	 0.459075
-4.86634	 0.71747
-4.86301	 0.378326
-4.85968	 0.455842
-4.85634	 0.398612
-4.85301	 0.539184
-4.84968	 0.590109
-4.84634	 0.48054
-4.84301	 0.473228
-4.83968	 0.441615
-4.83634	 0.456143
-4.83301	 0.484525
-4.82968	 0.494571
-4.82634	 0.498527
-4.82301	 0.388449
-4.81968	 0.664747
-4.81635	 0.409469
-4.81301	 0.685259
-4.80968	 0.625435
-4.80635	 0.611694
-4.80301	 0.604993
-4.79968	 0.457725
-4.79635	 0.548065
-4.79301	 0.772323
-4.78968	 0.464605
-4.78635	 0.783406
-4.78301	 0.464185
-4.77968	 0.488072
-4.77635	 0.642701
-4.77302	 0.505871
-4.76968	 0.631355
-4.76635	 0.582697
-4.76302	 0.503386
-4.75968	 0.558624
-4.75635	 0.413125
-4.75302	 0.589214
-4.74968	 0.557754
-4.74635	 0.725131
-4.74302	 0.56091
-4.73968	 0.668309
-4.73635	 0.578298
-4.73302	 0.407738
-4.72968	 0.493403
-4.72635	 0.513135
-4.72302	 0.557802
-4.71969	 0.5303
-4.71635	 0.529745
-4.71302	 0.532122
-4.70969	 0.613369
-4.70635	 0.499454
-4.70302	 0.48646
-4.69969	 0.438849
-4.69635	 0.543653
-4.69302	 0.587569
-4.68969	 0.607934
-4.68635	 0.551755
-4.68302	 0.546391
-4.67969	 0.537422
-4.67635	 0.58178
-4.67302	 0.494782
-4.66969	 0.691188
-4.66636	 0.496523
-4.66302	 0.424123
-4.65969	 0.48233
-4.65636	 0.39487
-4.65302	 0.48206
-4.64969	 0.468733
-4.64636	 0.53835
-4.64302	 0.418887
-4.63969	 0.590388
-4.63636	 0.594174
-4.63302	 0.564762
-4.62969	 0.45525
-4.62636	 0.614191
-4.62303	 0.736098
-4.61969	 0.51251
-4.61636	 0.56655
-4.61303	 0.538168
-4.60969	 0.501366
-4.60636	 0.56104
-4.60303	 0.534908
-4.59969	 0.401442
-4.59636	 0.581062
-4.59303	 0.60509
-4.58969	 0.509383
-4.58636	 0.549199
-4.58303	 0.50176
-4.57969	 0.730844
-4.57636	 0.623172
-4.57303	 0.596449
-4.5697	 0.589677
-4.56636	 0.485432
-4.56303	 0.663978
-4.5597	 0.551877
-4.55636	 0.651318
-4.55303	 0.595125
-4.5497	 0.678302
-4.54636	 0.370322
-4.54303	 0.574769
-4.5397	 0.460547
-4.53636	 0.517466
-4.53303	 0.430295
-4.5297	 0.83797
-4.52636	 0.545706
-4.52303	 0.533043
-4.5197	 0.71232
-4.51637	 0.510049
-4.51303	 0.597006
-4.5097	 0.56408
-4.50637	 0.498899
-4.50303	 0.55641
-4.4997	 0.634893
-4.49637	 0.466942
-4.49303	 0.498958
-4.4897	 0.688591
-4.48637	 0.634972
-4.48303	 0.338007
-4.4797	 0.81278
-4.47637	 0.483331
-4.47304	 0.5391
-4.4697	 0.443579
-4.46637	 0.617985
-4.46304	 0.66021
-4.4597	 0.618121
-4.45637	 0.597038
-4.45304	 0.560287
-4.4497	 0.621186
-4.44637	 0.559705
-4.44304	 0.599274
-4.4397	 0.492303
-4.43637	 0.567742
-4.43304	 0.519844
-4.4297	 0.528102
-4.42637	 0.390878
-4.42304	 0.704201
-4.41971	 0.492853
-4.41637	 0.637414
-4.41304	 0.562344
-4.40971	 0.524942
-4.40637	 0.557871
-4.40304	 0.423824
-4.39971	 0.649727
-4.39637	 0.641549
-4.39304	 0.743671
-4.38971	 0.574209
-4.38637	 0.496415
-4.38304	 0.62951
-4.37971	 0.578281
-4.37637	 0.562683
-4.37304	 0.438121
-4.36971	 0.502263
-4.36638	 0.486311
-4.36304	 0.582339
-4.35971	 0.685171
-4.35638	 0.536487
-4.35304	 0.627629
-4.34971	 0.446216
-4.34638	 0.425922
-4.34304	 0.678314
-4.33971	 0.596044
-4.33638	 0.53561
-4.33304	 0.484867
-4.32971	 0.666362
-4.32638	 0.611195
-4.32305	 0.636536
-4.31971	 0.632469
-4.31638	 0.504235
-4.31305	 0.609905
-4.30971	 0.682441
-4.30638	 0.50322
-4.30305	 0.678463
-4.29971	 0.602584
-4.29638	 0.591507
-4.29305	 0.596438
-4.28971	 0.510398
-4.28638	 0.494866
-4.28305	 0.573984
-4.27971	 0.427573
-4.27638	 0.625763
-4.27305	 0.550142
-4.26972	 0.569465
-4.26638	 0.481233
-4.26305	 0.673828
-4.25972	 0.640426
-4.25638	 0.607734
-4.25305	 0.725236
-4.24972	 0.566148
-4.24638	 0.438476
-4.24305	 0.685243
-4.23972	 0.718207
-4.23638	 0.508174
-4.23305	 0.652548
-4.22972	 0.45522
-4.22638	 0.543066
-4.22305	 0.673132
-4.21972	 0.752882
-4.21639	 0.451573
-4.21305	 0.567936
-4.20972	 0.529484
-4.20639	 0.495499
-4.20305	 0.628871
-4.19972	 0.666926
-4.19639	 0.516725
-4.19305	 0.596572
-4.18972	 0.458187
-4.18639	 0.583888
-4.18305	 0.711155
-4.17972	 0.649792
-4.17639	 0.549496
-4.17306	 0.675343
-4.16972	 0.523592
-4.16639	 0.56912
-4.16306	 0.479314
-4.15972	 0.462085
-4.15639	 0.61789
-4.15306	 0.588405
-4.14972	 0.659812
-4.14639	 0.602903
-4.14306	 0.522975
-4.13972	 0.538845
-4.13639	 0.704094
-4.13306	 0.588268
-4.12972	 0.637649
-4.12639	 0.681407
-4.12306	 0.594833
-4.11973	 0.578348
-4.11639	 0.676953
-4.11306	 0.516773
-4.10973	 0.500718
-4.10639	 0.558076
-4.10306	 0.510679
-4.09973	 0.492729
-4.09639	 0.694304
-4.09306	 0.536318
-4.08973	 0.449083
-4.08639	 0.541134
-4.08306	 0.40329
-4.07973	 0.600227
-4.07639	 0.526491
-4.07306	 0.692474
-4.06973	 0.430903
-4.0664	 0.639621
-4.06306	 0.697846
-4.05973	 0.660048
-4.0564	 0.590053
-4.05306	 0.617463
-4.04973	 0.668641
-4.0464	 0.565179
-4.04306	 0.573286
-4.03973	 0.526682
-4.0364	 0.772084
-4.03306	 0.422946
-4.02973	 0.452553
-4.0264	 0.52819
-4.02307	 0.538242
-4.01973	 0.457864
-4.0164	 0.650153
-4.01307	 0.569447
-4.00973	 0.681167
-4.0064	 0.537151
-4.00307	 0.705241
-3.99973	 0.627564
-3.9964	 0.560045
-3.99307	 0.702897
-3.98973	 0.520984
-3.9864	 0.664123
-3.98307	 0.622103
-3.97973	 0.497725
-3.9764	 0.517053
-3.97307	 0.690779
-3.96974	 0.521894
-3.9664	 0.387241
-3.96307	 0.655622
-3.95974	 0.526412
-3.9564	 0.50426
-3.95307	 0.521216
-3.94974	 0.649979
-3.9464	 0.485136
-3.94307	 0.515806
-3.93974	 0.719629
-3.9364	 0.555638
-3.93307	 0.507674
-3.92974	 0.588127
-3.9264	 0.72687
-3.92307	 0.657372
-3.91974	 0.620989
-3.91641	 0.75899
-3.91307	 0.672115
-3.90974	 0.498758
-3.90641	 0.603879
-3.90307	 0.723092
-3.89974	 0.494669
-3.89641	 0.48475
-3.89307	 0.634689
-3.88974	 0.595316
-3.88641	 0.660938
-3.88307	 0.766113
-3.87974	 0.649952
-3.87641	 0.654775
-3.87308	 0.619567
-3.86974	 0.762332
-3.86641	 0.563629
-3.86308	 0.582768
-3.85974	 0.733122
-3.85641	 0.66404
-3.85308	 0.563466
-3.84974	 0.615118
-3.84641	 0.740095
-3.84308	 0.475214
-3.83974	 0.543527
-3.83641	 0.749082
-3.83308	 0.609758
-3.82974	 0.68201
-3.82641	 0.759936
-3.82308	 0.532812
-3.81975	 0.637177
-3.81641	 0.622189
-3.81308	 0.667785
-3.80975	 0.553396
-3.80641	 0.505236
-3.80308	 0.457222
-3.79975	 0.415648
-3.79641	 0.535563
-3.79308	 0.893958
-3.78975	 0.722317
-3.78641	 0.576293
-3.78308	 0.563681
-3.77975	 0.686086
-3.77641	 0.896408
-3.77308	 0.604758
-3.76975	 0.578404
-3.76642	 0.59564
-3.76308	 0.556109
-3.75975	 0.798299
-3.75642	 0.687738
-3.75308	 0.559281
-3.74975	 0.591744
-3.74642	 0.568692
-3.74308	 0.732851
-3.73975	 0.652658
-3.73642	 0.754761
-3.73308	 0.612779
-3.72975	 0.701631
-3.72642	 0.667241
-3.72309	 0.801213
-3.71975	 0.535674
-3.71642	 0.636066
-3.71309	 0.544662
-3.70975	 0.572832
-3.70642	 0.700365
-3.70309	 0.717767
-3.69975	 0.62182
-3.69642	 0.717335
-3.69309	 0.557132
-3.68975	 0.539103
-3.68642	 0.412088
-3.68309	 0.668567
-3.67975	 0.565256
-3.67642	 0.640842
-3.67309	 0.600534
-3.66976	 0.454355
-3.66642	 0.690938
-3.66309	 0.556385
-3.65976	 0.619955
-3.65642	 0.596465
-3.65309	 0.661374
-3.64976	 0.655136
-3.64642	 0.679643
-3.64309	 0.430826
-3.63976	 0.56793
-3.63642	 0.681148
-3.63309	 0.693164
-3.62976	 0.641835
-3.62642	 0.673868
-3.62309	 0.607638
-3.61976	 0.521822
-3.61643	 0.646949
-3.61309	 0.726938
-3.60976	 0.629338
-3.60643	 0.682675
-3.60309	 0.681534
-3.59976	 0.761635
-3.59643	 0.563883
-3.59309	 0.532946
-3.58976	 0.712046
-3.58643	 0.534116
-3.58309	 0.647055
-3.57976	 0.527265
-3.57643	 0.729999
-3.5731	 0.688938
-3.56976	 0.641589
-3.56643	 0.780993
-3.5631	 0.60223
-3.55976	 0.632248
-3.55643	 0.656358
-3.5531	 0.644188
-3.54976	 0.565726
-3.54643	 0.611393
-3.5431	 0.504678
-3.53976	 0.645905
-3.53643	 0.864864
-3.5331	 0.628886
-3.52976	 0.682245
-3.52643	 0.392578
-3.5231	 0.580043
-3.51977	 0.685512
-3.51643	 0.712664
-3.5131	 0.5643
-3.50977	 0.832277
-3.50643	 0.597607
-3.5031	 0.914694
-3.49977	 0.587038
-3.49643	 0.580978
-3.4931	 0.573025
-3.48977	 0.614588
-3.48643	 0.804529
-3.4831	 0.648177
-3.47977	 0.54625
-3.47643	 0.628878
-3.4731	 0.633063
-3.46977	 0.736335
-3.46644	 0.57532
-3.4631	 0.590964
-3.45977	 0.590604
-3.45644	 0.532073
-3.4531	 0.797621
-3.44977	 0.786161
-3.44644	 0.71009
-3.4431	 0.68063
-3.43977	 0.657009
-3.43644	 0.714559
-3.4331	 0.704776
-3.42977	 0.783212
-3.42644	 0.659407
-3.42311	 0.51064
-3.41977	 0.529622
-3.41644	 0.632266
-3.41311	 0.66746
-3.40977	 0.734396
-3.40644	 0.646286
-3.40311	 0.566822
-3.39977	 0.59766
-3.39644	 0.734009
-3.39311	 0.653311
-3.38977	 0.566743
-3.38644	 0.673255
-3.38311	 0.727924
-3.37977	 0.808313
-3.37644	 0.633095
-3.37311	 0.691015
-3.36978	 0.549502
-3.36644	 0.552371
-3.36311	 0.637215
-3.35978	 0.739592
-3.35644	 0.525649
-3.35311	 0.732344
-3.34978	 0.649089
-3.34644	 0.501338
-3.34311	 0.522473
-3.33978	 0.714328
-3.33644	 0.862434
-3.33311	 0.825692
-3.32978	 0.444016
-3.32644	 0.569413
-3.32311	 0.645466
-3.31978	 0.679428
-3.31645	 0.589566
-3.31311	 0.86342
-3.30978	 0.743792
-3.30645	 0.499202
-3.30311	 0.7962
-3.29978	 0.755394
-3.29645	 0.605265
-3.29311	 0.722136
-3.28978	 0.677393
-3.28645	 0.649747
-3.28311	 0.577415
-3.27978	 0.704928
-3.27645	 0.765985
-3.27312	 0.659792
-3.26978	 0.733936
-3.26645	 0.484563
-3.26312	 0.791176
-3.25978	 0.554242
-3.25645	 0.808244
-3.25312	 0.81086
-3.24978	 0.84725
-3.24645	 0.667994
-3.24312	 0.854881
-3.23978	 0.557571
-3.23645	 0.741935
-3.23312	 0.540301
-3.22978	 0.828011
-3.22645	 0.683695
-3.22312	 0.716044
-3.21979	 0.613007
-3.21645	 0.747268
-3.21312	 0.769638
-3.20979	 0.585665
-3.20645	 0.662628
-3.20312	 0.794909
-3.19979	 0.525887
-3.19645	 0.744489
-3.19312	 0.686611
-3.18979	 0.489932
-3.18645	 0.658422
-3.18312	 0.734431
-3.17979	 0.69396
-3.17645	 0.898567
-3.17312	 0.817673
-3.16979	 0.731935
-3.16646	 0.680606
-3.16312	 0.695433
-3.15979	 0.641655
-3.15646	 0.767289
-3.15312	 0.595303
-3.14979	 0.766163
-3.14646	 0.742969
-3.14312	 0.68661
-3.13979	 0.701835
-3.13646	 0.388073
-3.13312	 0.680238
-3.12979	 0.676103
-3.12646	 0.627386
-3.12313	 0.575078
-3.11979	 0.58149
-3.11646	 0.677894
-3.11313	 0.835131
-3.10979	 0.768287
-3.10646	 0.639797
-3.10313	 0.663499
-3.09979	 0.849007
-3.09646	 0.704281
-3.09313	 0.869696
-3.08979	 0.707121
-3.08646	 0.801338
-3.08313	 0.889473
-3.07979	 0.680081
-3.07646	 0.639037
-3.07313	 0.680121
-3.0698	 0.559111
-3.06646	 0.659816
-3.06313	 0.84286
-3.0598	 0.533943
-3.05646	 0.640138
-3.05313	 0.70841
-3.0498	 0.698318
-3.04646	 0.598947
-3.04313	 0.813023
-3.0398	 0.653454
-3.03646	 0.516809
-3.03313	 0.661591
-3.0298	 0.624759
-3.02646	 0.794936
-3.02313	 0.668316
-3.0198	 0.706135
-3.01647	 0.829896
-3.01313	 0.531447
-3.0098	 0.757043
-3.00647	 0.827299
-3.00313	 0.808294
-2.9998	 0.780273
-2.99647	 0.580509
-2.99313	 0.725941
-2.9898	 0.742184
-2.98647	 0.926037
-2.98313	 0.785248
-2.9798	 0.698895
-2.97647	 0.516047
-2.97314	 0.873686
-2.9698	 0.780981
-2.96647	 0.799161
-2.96314	 0.697782
-2.9598	 0.643408
-2.95647	 0.812507
-2.95314	 0.797484
-2.9498	 0.950962
-2.94647	 0.762128
-2.94314	 0.719821
-2.9398	 0.865547
-2.93647	 0.723722
-2.93314	 0.688873
-2.9298	 0.728213
-2.92647	 0.720498
-2.92314	 0.834962
-2.91981	 1.06402
-2.91647	 0.659905
-2.91314	 0.830493
-2.90981	 0.493062
-2.90647	 0.598621
-2.90314	 0.584391
-2.89981	 0.730157
-2.89647	 0.84464
-2.89314	 0.660084
-2.88981	 0.766507
-2.88647	 0.712568
-2.88314	 0.796012
-2.87981	 0.838697
-2.87647	 0.559158
-2.87314	 0.842224
-2.86981	 0.647624
-2.86648	 0.71264
-2.86314	 0.538396
-2.85981	 0.693655
-2.85648	 0.636436
-2.85314	 0.791385
-2.84981	 0.611427
-2.84648	 0.633927
-2.84314	 0.787202
-2.83981	 0.595771
-2.83648	 0.702752
-2.83314	 0.779673
-2.82981	 0.773246
-2.82648	 0.773947
-2.82315	 0.93418
-2.81981	 0.705556
-2.81648	 0.836915
-2.81315	 0.85343
-2.80981	 0.584119
-2.80648	 0.613227
-2.80315	 0.611117
-2.79981	 0.865435
-2.79648	 0.734268
-2.79315	 0.67976
-2.78981	 0.597268
-2.78648	 0.91355
-2.78315	 0.797716
-2.77981	 0.83084
-2.77648	 0.789884
-2.77315	 0.685547
-2.76982	 0.547141
-2.76648	 0.855817
-2.76315	 0.569057
-2.75982	 0.771218
-2.75648	 0.786301
-2.75315	 0.742163
-2.74982	 0.681603
-2.74648	 0.690978
-2.74315	 0.790242
-2.73982	 0.890378
-2.73648	 0.57671
-2.73315	 0.628262
-2.72982	 0.707448
-2.72648	 0.742593
-2.72315	 0.697491
-2.71982	 0.697214
-2.71649	 0.580819
-2.71315	 0.554539
-2.70982	 0.741063
-2.70649	 0.69382
-2.70315	 0.536811
-2.69982	 0.648605
-2.69649	 0.598075
-2.69315	 0.619988
-2.68982	 0.8705
-2.68649	 0.7992
-2.68315	 0.914673
-2.67982	 0.624229
-2.67649	 0.572586
-2.67316	 0.757594
-2.66982	 0.779897
-2.66649	 0.845231
-2.66316	 0.71587
-2.65982	 0.740284
-2.65649	 0.758666
-2.65316	 0.788588
-2.64982	 0.61241
-2.64649	 0.805506
-2.64316	 0.746522
-2.63982	 0.772353
-2.63649	 0.620583
-2.63316	 0.939797
-2.62982	 0.529672
-2.62649	 0.688666
-2.62316	 0.708178
-2.61983	 0.756319
-2.61649	 0.722196
-2.61316	 0.732483
-2.60983	 0.757215
-2.60649	 0.58555
-2.60316	 0.634782
-2.59983	 0.658927
-2.59649	 0.769344
-2.59316	 0.666907
-2.58983	 0.710392
-2.58649	 0.691802
-2.58316	 0.773088
-2.57983	 0.833364
-2.57649	 0.621624
-2.57316	 0.976604
-2.56983	 0.776551
-2.5665	 0.490622
-2.56316	 0.635124
-2.55983	 0.922869
-2.5565	 0.664266
-2.55316	 0.820769
-2.54983	 0.608855
-2.5465	 0.67284
-2.54316	 0.511951
-2.53983	 0.690856
-2.5365	 0.715784
-2.53316	 0.684629
-2.52983	 0.740801
-2.5265	 0.939799
-2.52317	 0.91111
-2.51983	 0.80733
-2.5165	 0.811278
-2.51317	 0.657229
-2.50983	 0.719031
-2.5065	 0.762363
-2.50317	 0.764115
-2.49983	 0.644825
-2.4965	 0.702523
-2.49317	 0.593094
-2.48983	 0.827603
-2.4865	 0.700184
-2.48317	 0.730693
-2.47983	 0.721107
-2.4765	 0.821604
-2.47317	 0.677088
-2.46984	 0.854092
-2.4665	 0.735215
-2.46317	 0.791799
-2.45984	 0.707903
-2.4565	 0.72008
-2.45317	 0.658607
-2.44984	 0.712625
-2.4465	 0.640031
-2.44317	 0.847599
-2.43984	 0.817887
-2.4365	 0.607181
-2.43317	 0.53189
-2.42984	 0.785458
-2.4265	 0.748512
-2.42317	 0.930726
-2.41984	 0.764535
-2.41651	 0.728925
-2.41317	 0.766105
-2.40984	 0.737957
-2.40651	 0.674576
-2.40317	 0.624939
-2.39984	 0.865794
-2.39651	 0.785341
-2.39317	 0.808296
-2.38984	 0.870085
-2.38651	 1.08276
-2.38317	 0.782748
-2.37984	 0.766477
-2.37651	 0.848861
-2.37318	 0.77283
-2.36984	 0.981062
-2.36651	 0.795324
-2.36318	 0.708987
-2.35984	 0.818493
-2.35651	 0.988288
-2.35318	 0.774634
-2.34984	 0.805186
-2.34651	 0.928193
-2.34318	 0.872306
-2.33984	 0.600189
-2.33651	 1.00995
-2.33318	 0.773308
-2.32984	 0.791997
-2.32651	 0.76062
-2.32318	 0.750882
-2.31985	 0.673398
-2.31651	 0.860043
-2.31318	 0.712445
-2.30985	 0.894091
-2.30651	 0.875901
-2.30318	 0.744847
-2.29985	 0.775676
-2.29651	 0.840487
-2.29318	 0.792017
-2.28985	 0.942151
-2.28651	 0.762496
-2.28318	 0.829022
-2.27985	 0.757601
-2.27651	 0.883448
-2.27318	 0.672626
-2.26985	 0.750967
-2.26652	 0.818285
-2.26318	 0.647647
-2.25985	 0.84607
-2.25652	 0.769662
-2.25318	 0.958375
-2.24985	 0.744233
-2.24652	 0.876049
-2.24318	 0.812287
-2.23985	 0.762016
-2.23652	 0.727056
-2.23318	 0.682578
-2.22985	 0.864054
-2.22652	 0.750556
-2.22319	 0.825337
-2.21985	 0.655646
-2.21652	 0.740502
-2.21319	 0.554314
-2.20985	 0.581288
-2.20652	 0.73599
-2.20319	 0.677287
-2.19985	 0.755108
-2.19652	 0.843341
-2.19319	 0.858256
-2.18985	 0.832057
-2.18652	 0.816821
-2.18319	 0.601683
-2.17985	 0.823733
-2.17652	 1.10569
-2.17319	 0.689109
-2.16986	 0.860695
-2.16652	 0.79869
-2.16319	 0.86203
-2.15986	 0.678374
-2.15652	 0.79944
-2.15319	 0.821097
-2.14986	 0.934181
-2.14652	 0.808696
-2.14319	 0.716228
-2.13986	 0.635108
-2.13652	 0.681506
-2.13319	 0.664494
-2.12986	 0.572658
-2.12652	 0.942098
-2.12319	 0.989038
-2.11986	 0.609964
-2.11653	 0.866598
-2.11319	 0.747281
-2.10986	 0.814163
-2.10653	 0.846336
-2.10319	 0.866732
-2.09986	 0.905907
-2.09653	 0.583103
-2.09319	 0.772116
-2.08986	 0.96688
-2.08653	 0.833405
-2.08319	 0.546071
-2.07986	 0.788424
-2.07653	 0.900978
-2.0732	 0.682588
-2.06986	 0.768217
-2.06653	 0.786977
-2.0632	 0.883185
-2.05986	 0.885656
-2.05653	 0.945045
-2.0532	 1.00299
-2.04986	 0.685405
-2.04653	 0.715355
-2.0432	 0.902788
-2.03986	 0.677242
-2.03653	 0.930038
-2.0332	 0.878894
-2.02986	 0.79198
-2.02653	 0.655737
-2.0232	 0.651502
-2.01987	 1.08691
-2.01653	 0.826298
-2.0132	 0.86857
-2.00987	 0.667592
-2.00653	 0.884876
-2.0032	 0.60352
-1.99987	 0.70746
-1.99653	 0.688684
-1.9932	 0.629291
-1.98987	 0.747383
-1.98653	 0.897774
-1.9832	 0.995085
-1.97987	 1.02576
-1.97653	 0.77199
-1.9732	 0.678794
-1.96987	 0.739139
-1.96654	 0.793275
-1.9632	 0.858521
-1.95987	 1.00048
-1.95654	 0.980301
-1.9532	 0.971237
-1.94987	 1.07271
-1.94654	 0.935548
-1.9432	 0.932822
-1.93987	 0.845931
-1.93654	 0.91711
-1.9332	 0.738509
-1.92987	 0.865897
-1.92654	 0.60302
-1.92321	 0.794707
-1.91987	 0.576018
-1.91654	 0.761182
-1.91321	 1.02102
-1.90987	 0.975596
-1.90654	 0.79069
-1.90321	 1.00236
-1.89987	 0.729414
-1.89654	 0.802339
-1.89321	 0.624468
-1.88987	 0.85885
-1.88654	 0.801382
-1.88321	 0.535694
-1.87987	 0.727938
-1.87654	 0.625824
-1.87321	 1.00396
-1.86988	 0.621425
-1.86654	 0.937874
-1.86321	 0.673452
-1.85988	 0.943949
-1.85654	 0.881806
-1.85321	 0.635831
-1.84988	 0.760635
-1.84654	 0.788889
-1.84321	 0.613538
-1.83988	 0.637412
-1.83654	 1.11199
-1.83321	 0.884735
-1.82988	 0.748385
-1.82654	 0.998295
-1.82321	 0.655831
-1.81988	 0.942076
-1.81655	 0.754432
-1.81321	 0.618662
-1.80988	 0.665143
-1.80655	 0.928656
-1.80321	 0.888759
-1.79988	 0.604394
-1.79655	 0.613611
-1.79321	 0.756758
-1.78988	 0.911282
-1.78655	 0.631927
-1.78321	 0.704941
-1.77988	 0.732876
-1.77655	 1.04976
-1.77322	 0.966637
-1.76988	 0.764061
-1.76655	 0.749379
-1.76322	 0.857734
-1.75988	 0.878379
-1.75655	 0.710182
-1.75322	 1.07412
-1.74988	 0.824397
-1.74655	 0.903101
-1.74322	 0.75918
-1.73988	 0.860956
-1.73655	 0.671727
-1.73322	 0.903919
-1.72988	 0.752362
-1.72655	 0.731914
-1.72322	 0.810936
-1.71989	 0.716755
-1.71655	 0.72677
-1.71322	 0.725151
-1.70989	 0.817527
-1.70655	 1.18269
-1.70322	 0.779977
-1.69989	 0.875761
-1.69655	 0.591433
-1.69322	 0.697276
-1.68989	 1.11064
-1.68655	 0.919226
-1.68322	 0.787083
-1.67989	 0.998902
-1.67655	 0.803592
-1.67322	 0.698286
-1.66989	 0.924756
-1.66656	 0.769433
-1.66322	 0.71508
-1.65989	 0.815521
-1.65656	 0.929062
-1.65322	 0.763549
-1.64989	 1.14061
-1.64656	 0.508567
-1.64322	 1.25953
-1.63989	 0.971215
-1.63656	 0.944425
-1.63322	 0.885617
-1.62989	 0.892923
-1.62656	 0.95237
-1.62323	 0.628934
-1.61989	 0.995663
-1.61656	 0.638732
-1.61323	 0.830026
-1.60989	 0.753309
-1.60656	 0.886165
-1.60323	 0.546812
-1.59989	 0.699052
-1.59656	 0.845118
-1.59323	 0.853463
-1.58989	 0.950772
-1.58656	 0.834165
-1.58323	 0.875127
-1.57989	 0.922312
-1.57656	 1.26312
-1.57323	 0.746452
-1.5699	 0.81523
-1.56656	 0.803807
-1.56323	 0.874796
-1.5599	 0.97327
-1.55656	 1.0295
-1.55323	 0.865166
-1.5499	 0.839022
-1.54656	 0.708793
-1.54323	 0.862348
-1.5399	 0.660386
-1.53656	 0.879993
-1.53323	 0.8864
-1.5299	 0.610795
-1.52656	 0.812502
-1.52323	 1.01261
-1.5199	 1.00158
-1.51657	 0.872662
-1.51323	 0.762898
-1.5099	 0.809208
-1.50657	 1.00453
-1.50323	 0.756133
-1.4999	 0.758611
-1.49657	 0.999557
-1.49323	 0.987717
-1.4899	 0.82144
-1.48657	 0.996387
-1.48323	 0.795208
-1.4799	 0.982455
-1.47657	 0.888225
-1.47324	 0.701609
-1.4699	 0.707252
-1.46657	 0.932836
-1.46324	 0.75371
-1.4599	 0.957023
-1.45657	 0.597382
-1.45324	 0.73908
-1.4499	 0.66521
-1.44657	 1.01264
-1.44324	 0.727779
-1.4399	 0.886125
-1.43657	 0.850174
-1.43324	 0.913178
-1.4299	 0.661892
-1.42657	 0.70304
-1.42324	 0.884214
-1.41991	 0.870708
-1.41657	 0.975683
-1.41324	 0.779034
-1.40991	 0.816656
-1.40657	 0.914261
-1.40324	 0.733208
-1.39991	 0.716429
-1.39657	 0.88276
-1.39324	 0.828639
-1.38991	 1.03336
-1.38657	 0.679383
-1.38324	 0.741489
-1.37991	 0.80972
-1.37657	 0.852108
-1.37324	 0.770297
-1.36991	 0.956648
-1.36658	 1.20212
-1.36324	 0.867646
-1.35991	 0.899616
-1.35658	 0.7356
-1.35324	 0.785826
-1.34991	 0.790219
-1.34658	 0.549289
-1.34324	 0.846145
-1.33991	 0.894193
-1.33658	 0.907057
-1.33324	 0.696118
-1.32991	 0.830008
-1.32658	 0.820315
-1.32325	 0.978408
-1.31991	 0.751156
-1.31658	 1.05214
-1.31325	 0.750121
-1.30991	 0.756285
-1.30658	 0.826843
-1.30325	 0.973871
-1.29991	 1.04386
-1.29658	 0.707908
-1.29325	 0.841323
-1.28991	 0.796936
-1.28658	 1.1818
-1.28325	 1.05312
-1.27991	 0.945315
-1.27658	 0.732114
-1.27325	 0.91814
-1.26992	 1.15191
-1.26658	 0.812177
-1.26325	 0.804705
-1.25992	 0.744816
-1.25658	 0.890125
-1.25325	 0.706098
-1.24992	 0.665136
-1.24658	 0.734033
-1.24325	 0.849611
-1.23992	 0.766137
-1.23658	 1.00435
-1.23325	 0.791065
-1.22992	 0.760592
-1.22658	 0.906123
-1.22325	 0.967364
-1.21992	 1.03407
-1.21659	 0.988445
-1.21325	 0.910181
-1.20992	 1.00858
-1.20659	 0.866786
-1.20325	 0.782231
-1.19992	 0.78361
-1.19659	 0.909742
-1.19325	 0.870821
-1.18992	 0.788635
-1.18659	 0.765989
-1.18325	 0.911148
-1.17992	 0.81058
-1.17659	 0.8387
-1.17326	 0.838929
-1.16992	 0.675014
-1.16659	 1.14419
-1.16326	 1.02146
-1.15992	 1.0601
-1.15659	 0.695938
-1.15326	 0.73123
-1.14992	 0.740331
-1.14659	 0.879708
-1.14326	 1.16913
-1.13992	 0.864252
-1.13659	 0.991058
-1.13326	 0.699506
-1.12992	 0.938662
-1.12659	 0.712291
-1.12326	 0.719027
-1.11993	 0.705297
-1.11659	 0.6792
-1.11326	 0.848817
-1.10993	 0.952576
-1.10659	 0.775682
-1.10326	 0.74231
-1.09993	 0.975831
-1.09659	 0.845676
-1.09326	 0.898906
-1.08993	 0.785649
-1.08659	 1.00932
-1.08326	 0.852099
-1.07993	 0.672746
-1.07659	 0.613192
-1.07326	 0.62605
-1.06993	 0.88909
-1.0666	 1.00356
-1.06326	 0.927279
-1.05993	 0.88608
-1.0566	 0.866196
-1.05326	 0.965052
-1.04993	 0.921374
-1.0466	 1.02213
-1.04326	 1.09664
-1.03993	 0.705967
-1.0366	 1.03975
-1.03326	 1.05854
-1.02993	 1.00672
-1.0266	 0.923511
-1.02327	 0.826251
-1.01993	 0.780444
-1.0166	 0.978683
-1.01327	 0.946915
-1.00993	 0.731388
-1.0066	 0.902354
-1.00327	 0.907601
-0.999933	 0.78433
-0.9966	 1.01248
-0.993267	 0.868277
-0.989934	 0.832001
-0.986601	 0.771189
-0.983268	 0.736899
-0.979935	 1.01209
-0.976602	 0.878941
-0.973268	 1.02598
-0.969935	 1.04445
-0.966602	 0.958013
-0.963269	 0.956012
-0.959936	 0.751384
-0.956603	 0.849987
-0.95327	 0.895528
-0.949937	 0.764886
-0.946604	 0.967804
-0.94327	 1.06262
-0.939937	 0.967308
-0.936604	 1.1403
-0.933271	 0.883996
-0.929938	 1.21394
-0.926605	 0.842211
-0.923272	 0.946065
-0.919939	 0.733112
-0.916606	 0.864222
-0.913272	 0.801031
-0.909939	 0.650366
-0.906606	 1.25687
-0.903273	 0.923664
-0.89994	 0.853524
-0.896607	 0.890232
-0.893274	 0.681273
-0.889941	 0.708626
-0.886608	 0.923767
-0.883274	 0.69829
-0.879941	 0.895421
-0.876608	 0.934867
-0.873275	 0.859716
-0.869942	 0.93306
-0.866609	 0.887828
-0.863276	 0.685746
-0.859943	 0.866821
-0.85661	 1.27565
-0.853276	 0.873039
-0.849943	 0.952129
-0.84661	 1.05213
-0.843277	 0.634062
-0.839944	 0.95704
-0.836611	 0.761066
-0.833278	 0.735637
-0.829945	 1.41259
-0.826612	 0.636936
-0.823278	 0.847365
-0.819945	 1.01137
-0.816612	 1.17738
-0.813279	 0.948408
-0.809946	 0.900862
-0.806613	 0.895086
-0.80328	 0.89678
-0.799947	 1.01624
-0.796614	 0.854106
-0.79328	 0.735122
-0.789947	 0.7851
-0.786614	 0.86805
-0.783281	 1.22637
-0.779948	 1.01107
-0.776615	 0.858773
-0.773282	 0.684098
-0.769949	 0.60349
-0.766616	 0.952157
-0.763282	 1.10513
-0.759949	 0.681282
-0.756616	 0.906661
-0.753283	 0.86239
-0.74995	 0.860683
-0.746617	 0.914087
-0.743284	 0.81153
-0.739951	 0.781569
-0.736618	 0.679729
-0.733284	 0.940326
-0.729951	 1.14166
-0.726618	 1.1413
-0.723285	 0.978934
-0.719952	 0.84677
-0.716619	 1.23774
-0.713286	 0.747221
-0.709953	 1.05489
-0.70662	 1.14278
-0.703286	 0.774384
-0.699953	 0.86977
-0.69662	 0.785182
-0.693287	 0.846424
-0.689954	 0.672411
-0.686621	 1.01294
-0.683288	 0.885695
-0.679955	 1.01281
-0.676622	 0.959893
-0.673288	 0.922523
-0.669955	 0.636644
-0.666622	 0.751297
-0.663289	 0.716908
-0.659956	 0.986739
-0.656623	 0.692608
-0.65329	 0.801509
-0.649957	 0.571807
-0.646624	 1.00784
-0.64329	 0.789096
-0.639957	 0.800872
-0.636624	 1.04378
-0.633291	 0.985264
-0.629958	 0.630977
-0.626625	 0.794919
-0.623292	 1.09707
-0.619959	 0.948615
-0.616626	 0.764772
-0.613292	 0.866393
-0.609959	 0.926515
-0.606626	 1.01437
-0.603293	 0.917807
-0.59996	 1.08533
-0.596627	 0.805916
-0.593294	 0.749825
-0.589961	 0.934808
-0.586628	 0.770883
-0.583294	 0.852589
-0.579961	 0.901401
-0.576628	 1.24294
-0.573295	 0.980722
-0.569962	 0.754306
-0.566629	 0.975414
-0.563296	 0.9532
-0.559963	 0.99121
-0.55663	 0.887316
-0.553296	 0.93354
-0.549963	 1.00148
-0.54663	 0.903299
-0.543297	 1.1735
-0.539964	 0.558956
-0.536631	 0.988274
-0.533298	 0.869902
-0.529965	 0.934985
-0.526632	 0.981958
-0.523298	 0.685163
-0.519965	 0.957102
-0.516632	 0.800884
-0.513299	 0.913624
-0.509966	 0.886458
-0.506633	 0.84777
-0.5033	 1.11355
-0.499967	 0.549294
-0.496634	 1.09758
-0.4933	 0.909827
-0.489967	 0.783455
-0.486634	 0.799912
-0.483301	 0.928214
-0.479968	 0.913292
-0.476635	 0.631787
-0.473302	 0.930788
-0.469969	 0.88745
-0.466636	 0.787568
-0.463302	 0.791514
-0.459969	 1.13673
-0.456636	 1.01948
-0.453303	 0.930024
-0.44997	 0.988517
-0.446637	 0.892491
-0.443304	 0.691691
-0.439971	 0.986741
-0.436638	 0.987075
-0.433304	 0.708878
-0.429971	 0.87536
-0.426638	 0.965044
-0.423305	 0.823674
-0.419972	 0.972852
-0.416639	 0.929092
-0.413306	 1.13259
-0.409973	 0.635192
-0.40664	 0.850434
-0.403306	 0.793059
-0.399973	 1.00282
-0.39664	 0.786346
-0.393307	 0.777866
-0.389974	 1.02423
-0.386641	 0.787556
-0.383308	 0.926531
-0.379975	 0.976308
-0.376642	 0.908693
-0.373308	 0.595923
-0.369975	 0.753636
-0.366642	 0.709428
-0.363309	 0.762611
-0.359976	 0.776671
-0.356643	 0.797964
-0.35331	 0.977042
-0.349977	 0.798626
-0.346644	 0.800197
-0.34331	 1.05195
-0.339977	 1.06156
-0.336644	 0.665364
-0.333311	 0.915654
-0.329978	 0.766468
-0.326645	 0.9872
-0.323312	 0.752296
-0.319979	 0.802496
-0.316646	 0.986602
-0.313312	 0.972102
-0.309979	 0.85027
-0.306646	 1.13001
-0.303313	 0.795859
-0.29998	 0.850962
-0.296647	 0.78723
-0.293314	 0.842362
-0.289981	 0.818064
-0.286648	 1.00157
-0.283314	 0.760506
-0.279981	 0.956532
-0.276648	 0.722413
-0.273315	 0.920232
-0.269982	 0.824261
-0.266649	 0.988057
-0.263316	 0.87078
-0.259983	 1.02549
-0.25665	 1.19328
-0.253316	 0.885812
-0.249983	 0.989259
-0.24665	 1.09427
-0.243317	 1.06669
-0.239984	 1.10654
-0.236651	 1.08158
-0.233318	 0.98913
-0.229985	 0.867261
-0.226652	 0.788577
-0.223318	 1.00756
-0.219985	 0.552395
-0.216652	 0.804176
-0.213319	 0.95189
-0.209986	 1.16423
-0.206653	 0.898075
-0.20332	 0.709617
-0.199987	 0.88825
-0.196654	 1.01998
-0.19332	 1.07905
-0.189987	 1.1762
-0.186654	 0.901503
-0.183321	 0.589578
-0.179988	 0.705019
-0.176655	 0.908965
-0.173322	 1.11977
-0.169989	 0.914576
-0.166656	 0.988222
-0.163322	 1.07261
-0.159989	 0.898268
-0.156656	 1.07934
-0.153323	 1.0419
-0.14999	 0.782014
-0.146657	 0.974555
-0.143324	 0.765926
-0.139991	 0.916139
-0.136658	 0.882318
-0.133324	 0.955084
-0.129991	 0.834094
-0.126658	 0.900036
-0.123325	 0.667577
-0.119992	 0.91009
-0.116659	 0.960304
-0.113326	 0.771293
-0.109993	 1.16222
-0.10666	 1.04055
-0.103326	 0.904705
-0.0999933	 0.858529
-0.0966602	 0.859304
-0.0933271	 0.836806
-0.089994	 0.947739
-0.0866609	 1.10133
-0.0833278	 0.999031
-0.0799947	 1.19222
-0.0766616	 1.08869
-0.0733284	 0.912405
-0.0699953	 0.804374
-0.0666622	 1.07818
-0.0633291	 0.976319
-0.059996	 0.775128
-0.0566629	 1.01371
-0.0533298	 0.737349
-0.0499967	 1.13655
-0.0466636	 1.13149
-0.0433304	 0.673189
-0.0399973	 1.08134
-0.0366642	 0.735902
-0.0333311	 0.97003
-0.029998	 0.994064
-0.0266649	 0.728433
-0.0233318	 0.902791
-0.0199987	 0.84928
-0.0166656	 0.871646
-0.0133324	 0.913001
-0.00999933	 0.923771
-0.00666622	 1.02038
-0.00333311	 0.0112987
0	 1
0.00333311	 0.761232
0.00666622	 1.18159
0.00999933	 0.768842
0.0133324	 1.05787
0.0166656	 0.696868
0.0199987	 0.836588
0.0233318	 0.922413
0.0266649	 1.42815
0.029998	 0.90851
0.0333311	 0.891441
0.0366642	 1.02626
0.0399973	 1.28246
0.0433304	 0.837205
0.0466636	 0.87794
0.0499967	 1.64059
0.0533298	 0.866433
0.0566629	 0.78858
0.059996	 0.87939
0.0633291	 0.983565
0.0666622	 0.967044
0.0699953	 1.11729
0.0733284	 0.956275
0.0766616	 0.764132
0.0799947	 0.867651
0.0833278	 1.15473
0.0866609	 1.01765
0.089994	 0.768867
0.0933271	 0.938293
0.0966602	 0.839501
0.0999933	 0.877247
0.103326	 0.982159
0.10666	 0.838586
0.109993	 0.803358
0.113326	 0.688886
0.116659	 1.03379
0.119992	 0.863553
0.123325	 0.951327
0.126658	 0.836604
0.129991	 0.69275
0.133324	 0.799605
0.136658	 0.868859
0.139991	 0.701145
0.143324	 1.11966
0.146657	 0.913553
0.14999	 0.874951
0.153323	 0.767412
0.156656	 0.943147
0.159989	 0.946949
0.163322	 0.775041
0.166656	 0.77011
0.169989	 0.891678
0.173322	 1.02451
0.176655	 1.22796
0.179988	 0.898943
0.183321	 0.994706
0.186654	 0.804986
0.189987	 0.629534
0.19332	 0.803739
0.196654	 1.101
0.199987	 0.73424
0.20332	 0.755043
0.206653	 0.974758
0.209986	 0.843232
0.213319	 0.937688
0.216652	 0.692436
0.219985	 1.23108
0.223318	 0.792028
0.226652	 0.693661
0.229985	 0.878927
0.233318	 0.896483
0.236651	 1.12685
0.239984	 1.19156
0.243317	 1.08829
0.24665	 0.875913
0.249983	 0.73901
0.253316	 1.03144
0.25665	 0.74012
0.259983	 1.10318
0.263316	 1.03141
0.266649	 0.644768
0.269982	 1.01127
0.273315	 0.855332
0.276648	 0.792985
0.279981	 0.848722
0.283314	 0.896639
0.286648	 0.910543
0.289981	 0.997974
0.293314	 0.813638
0.296647	 0.803639
0.29998	 0.891461
0.303313	 0.932267
0.306646	 0.855883
0.309979	 0.920465
0.313312	 0.791592
0.316646	 1.12783
0.319979	 0.793629
0.323312	 0.792573
0.326645	 0.839955
0.329978	 1.0484
0.333311	 0.838708
0.336644	 0.82796
0.339977	 0.834624
0.34331	 1.01292
0.346644	 0.892173
0.349977	 0.648971
0.35331	 0.787515
0.356643	 0.93795
0.359976	 0.839317
0.363309	 0.866018
0.366642	 0.836672
0.369975	 0.769685
0.373308	 0.730505
0.376642	 1.04811
0.379975	 1.00194
0.383308	 0.916519
0.386641	 1.00167
0.389974	 0.940093
0.393307	 1.1884
0.39664	 0.755463
0.399973	 0.724505
0.403306	 0.862439
0.40664	 0.842364
0.409973	 1.26826
0.413306	 0.850015
0.416639	 0.826507
0.419972	 1.158
0.423305	 0.913479
0.426638	 0.87766
0.429971	 0.971143
0.433304	 0.624799
0.436638	 1.10896
0.439971	 0.80048
0.443304	 0.874415
0.446637	 0.784235
0.44997	 0.667378
0.453303	 0.9167
0.456636	 1.03237
0.459969	 0.891835
0.463302	 0.55076
0.466636	 0.946469
0.469969	 0.758801
0.473302	 0.980947
0.476635	 0.900018
0.479968	 0.821166
0.483301	 0.997048
0.486634	 0.896994
0.489967	 0.709417
0.4933	 0.902232
0.496634	 0.973995
0.499967	 0.911943
0.5033	 0.926752
0.506633	 0.997091
0.509966	 0.853565
0.513299	 0.827247
0.516632	 0.848123
0.519965	 0.981873
0.523298	 0.92691
0.526632	 0.842631
0.529965	 0.90765
0.533298	 0.864872
0.536631	 1.01985
0.539964	 0.78166
0.543297	 0.977564
0.54663	 0.699307
0.549963	 0.776961
0.553296	 0.935442
0.55663	 0.753654
0.559963	 0.711773
0.563296	 1.00712
0.566629	 1.12719
0.569962	 1.07926
0.573295	 0.849915
0.576628	 0.665754
0.579961	 0.676598
0.583294	 0.959898
0.586628	 1.10595
0.589961	 1.16245
0.593294	 0.668745
0.596627	 1.10007
0.59996	 0.928469
0.603293	 0.802123
0.606626	 0.953258
0.609959	 0.895499
0.613292	 0.999845
0.616626	 0.640358
0.619959	 0.632356
0.623292	 0.871539
0.626625	 1.07279
0.629958	 1.06969
0.633291	 0.827139
0.636624	 1.16828
0.639957	 0.993949
0.64329	 0.904043
0.646624	 0.66023
0.649957	 0.619508
0.65329	 1.04135
0.656623	 0.977497
0.659956	 0.821968
0.663289	 0.774116
0.666622	 0.807532
0.669955	 1.11986
0.673288	 0.890217
0.676622	 0.651532
0.679955	 0.888903
0.683288	 0.921735
0.686621	 1.01493
0.689954	 0.917431
0.693287	 0.97707
0.69662	 0.691978
0.699953	 0.754116
0.703286	 0.836457
0.70662	 1.12728
0.709953	 1.15387
0.713286	 0.520168
0.716619	 0.984686
0.719952	 1.31236
0.723285	 0.766114
0.726618	 0.836679
0.729951	 1.01901
0.733284	 0.992418
0.736618	 1.11842
0.739951	 0.855521
0.743284	 0.947483
0.746617	 0.642663
0.74995	 1.13503
0.753283	 0.605775
0.756616	 1.04544
0.759949	 0.860798
0.763282	 0.688
0.766616	 0.706471
0.769949	 1.13812
0.773282	 1.02642
0.776615	 0.869338
0.779948	 0.760128
0.783281	 1.111
0.786614	 0.800538
0.789947	 0.88957
0.79328	 0.919365
0.796614	 0.854561
0.799947	 0.845449
0.80328	 0.728257
0.806613	 0.836012
0.809946	 0.982549
0.813279	 1.01335
0.816612	 0.959742
0.819945	 0.932265
0.823278	 1.14255
0.826612	 1.13247
0.829945	 0.946808
0.833278	 0.589311
0.836611	 0.686554
0.839944	 0.527059
0.843277	 0.753228
0.84661	 1.02299
0.849943	 1.01328
0.853276	 0.978428
0.85661	 1.05818
0.859943	 0.649188
0.863276	 1.00214
0.866609	 0.800677
0.869942	 0.833735
0.873275	 0.654349
0.876608	 1.0502
0.879941	 0.750326
0.883274	 0.796236
0.886608	 0.760137
0.889941	 0.841656
0.893274	 0.748782
0.896607	 0.788757
0.89994	 0.824766
0.903273	 0.983556
0.906606	 1.14127
0.909939	 1.20872
0.913272	 0.852851
0.916606	 0.943063
0.919939	 0.794027
0.923272	 0.597235
0.926605	 0.855117
0.929938	 0.832463
0.933271	 1.14932
0.936604	 0.802829
0.939937	 1.02703
0.94327	 0.827805
0.946604	 0.918941
0.949937	 0.976935
0.95327	 0.77081
0.956603	 1.18005
0.959936	 1.07077
0.963269	 0.908723
0.966602	 0.980814
0.969935	 1.09143
0.973268	 1.0414
0.976602	 0.925159
0.979935	 1.06085
0.983268	 0.630084
0.986601	 0.931959
0.989934	 0.757857
0.993267	 0.729098
0.9966	 0.880599
0.999933	 0.841693
1.00327	 0.744507
1.0066	 0.95711
1.00993	 1.12463
1.01327	 1.04236
1.0166	 0.755648
1.01993	 0.882746
1.02327	 0.88778
1.0266	 0.932274
1.02993	 0.78452
1.03326	 0.897863
1.0366	 0.562458
1.03993	 0.815013
1.04326	 0.992564
1.0466	 0.899794
1.04993	 0.666131
1.05326	 0.741665
1.0566	 0.997595
1.05993	 0.884641
1.06326	 0.924101
1.0666	 1.12812
1.06993	 0.994976
1.07326	 0.815202
1.07659	 0.946783
1.07993	 0.81617
1.08326	 0.781836
1.08659	 1.00226
1.08993	 0.696724
1.09326	 0.866666
1.09659	 0.793795
1.09993	 0.97578
1.10326	 0.500181
1.10659	 0.875814
1.10993	 0.946837
1.11326	 0.750436
1.11659	 0.931428
1.11993	 1.01557
1.12326	 0.791349
1.12659	 0.73081
1.12992	 0.864655
1.13326	 1.20114
1.13659	 0.84891
1.13992	 1.11493
1.14326	 0.758167
1.14659	 0.795679
1.14992	 0.916418
1.15326	 0.91976
1.15659	 0.785065
1.15992	 0.927804
1.16326	 0.987526
1.16659	 1.03886
1.16992	 0.927338
1.17326	 0.919511
1.17659	 1.0528
1.17992	 0.748195
1.18325	 0.697457
1.18659	 0.694273
1.18992	 0.779911
1.19325	 0.858019
1.19659	 1.02324
1.19992	 0.935494
1.20325	 1.05139
1.20659	 0.555767
1.20992	 0.930598
1.21325	 0.757776
1.21659	 0.621974
1.21992	 0.785763
1.22325	 0.88403
1.22658	 1.02556
1.22992	 1.12137
1.23325	 0.737968
1.23658	 0.989061
1.23992	 0.886445
1.24325	 1.00098
1.24658	 1.09837
1.24992	 0.789157
1.25325	 0.683351
1.25658	 0.908584
1.25992	 0.646208
1.26325	 0.788408
1.26658	 1.05005
1.26992	 0.93639
1.27325	 0.938721
1.27658	 0.8575
1.27991	 0.837257
1.28325	 0.855852
1.28658	 0.808914
1.28991	 0.646143
1.29325	 0.79875
1.29658	 0.687668
1.29991	 0.949195
1.30325	 0.669243
1.30658	 0.894066
1.30991	 0.814088
1.31325	 0.848335
1.31658	 0.528753
1.31991	 0.978168
1.32325	 0.972109
1.32658	 0.805457
1.32991	 0.922416
1.33324	 0.897723
1.33658	 0.935621
1.33991	 0.821404
1.34324	 0.809601
1.34658	 0.480042
1.34991	 0.979219
1.35324	 0.879995
1.35658	 0.778073
1.35991	 0.584318
1.36324	 1.18432
1.36658	 0.715323
1.36991	 1.02392
1.37324	 0.80523
1.37657	 0.975828
1.37991	 0.608601
1.38324	 0.676527
1.38657	 0.783924
1.38991	 0.789059
1.39324	 0.655796
1.39657	 1.06675
1.39991	 0.919828
1.40324	 0.983449
1.40657	 0.95477
1.40991	 1.0529
1.41324	 0.703485
1.41657	 0.862385
1.41991	 0.948656
1.42324	 0.792588
1.42657	 0.932358
1.4299	 0.659189
1.43324	 0.885135
1.43657	 1.02817
1.4399	 0.819487
1.44324	 0.700944
1.44657	 1.18692
1.4499	 0.662746
1.45324	 0.778479
1.45657	 0.82261
1.4599	 0.705499
1.46324	 0.863977
1.46657	 0.885876
1.4699	 0.828053
1.47324	 0.95873
1.47657	 0.813203
1.4799	 0.635483
1.48323	 0.573322
1.48657	 0.813662
1.4899	 1.182
1.49323	 0.902512
1.49657	 0.729301
1.4999	 0.669255
1.50323	 0.984953
1.50657	 0.778963
1.5099	 0.700717
1.51323	 0.760739
1.51657	 0.874722
1.5199	 1.00786
1.52323	 0.825841
1.52656	 0.828487
1.5299	 1.08988
1.53323	 0.755785
1.53656	 0.750923
1.5399	 0.613382
1.54323	 0.57156
1.54656	 0.819604
1.5499	 0.563136
1.55323	 0.642968
1.55656	 0.634773
1.5599	 1.11395
1.56323	 0.805767
1.56656	 0.663762
1.5699	 1.00133
1.57323	 0.729697
1.57656	 0.958094
1.57989	 0.982825
1.58323	 0.811812
1.58656	 0.775914
1.58989	 0.745519
1.59323	 0.791227
1.59656	 0.895238
1.59989	 1.01291
1.60323	 0.564499
1.60656	 0.989377
1.60989	 0.94181
1.61323	 0.89712
1.61656	 0.862804
1.61989	 1.04168
1.62323	 0.658691
1.62656	 0.653865
1.62989	 0.848278
1.63322	 0.749918
1.63656	 0.941424
1.63989	 0.585133
1.64322	 0.974024
1.64656	 0.780814
1.64989	 1.01156
1.65322	 0.46395
1.65656	 0.83219
1.65989	 0.625672
1.66322	 0.878171
1.66656	 0.699671
1.66989	 0.968321
1.67322	 0.603188
1.67655	 0.993867
1.67989	 0.887554
1.68322	 0.900682
1.68655	 0.875157
1.68989	 0.768445
1.69322	 0.849373
1.69655	 0.86874
1.69989	 0.585012
1.70322	 0.959569
1.70655	 0.83956
1.70989	 0.705205
1.71322	 0.847426
1.71655	 0.847529
1.71989	 0.699749
1.72322	 0.690274
1.72655	 0.702534
1.72988	 0.954695
1.73322	 0.9054
1.73655	 0.880093
1.73988	 0.963637
1.74322	 1.0778
1.74655	 0.767429
1.74988	 0.75725
1.75322	 0.670083
1.75655	 1.07361
1.75988	 0.730927
1.76322	 0.659326
1.76655	 0.795224
1.76988	 0.754491
1.77322	 0.78436
1.77655	 0.762555
1.77988	 0.764671
1.78321	 0.732542
1.78655	 0.721615
1.78988	 0.770752
1.79321	 0.75472
1.79655	 0.867227
1.79988	 0.938498
1.80321	 0.714591
1.80655	 0.779717
1.80988	 0.653171
1.81321	 0.786997
1.81655	 0.741864
1.81988	 0.675775
1.82321	 0.8699
1.82654	 0.73525
1.82988	 0.514716
1.83321	 0.857721
1.83654	 0.754209
1.83988	 0.708545
1.84321	 0.98457
1.84654	 0.822137
1.84988	 0.69687
1.85321	 0.742175
1.85654	 0.745583
1.85988	 0.796419
1.86321	 0.773361
1.86654	 0.973015
1.86988	 0.829797
1.87321	 0.744866
1.87654	 0.697753
1.87987	 0.438576
1.88321	 0.742455
1.88654	 0.676776
1.88987	 0.937599
1.89321	 0.832723
1.89654	 0.88223
1.89987	 0.950619
1.90321	 0.701305
1.90654	 0.855901
1.90987	 0.649538
1.91321	 0.808513
1.91654	 0.650283
1.91987	 0.645004
1.92321	 0.851478
1.92654	 0.818061
1.92987	 0.813399
1.9332	 0.723446
1.93654	 0.748265
1.93987	 0.861103
1.9432	 0.820535
1.94654	 0.797767
1.94987	 0.898598
1.9532	 1.09151
1.95654	 0.779856
1.95987	 0.87007
1.9632	 0.762001
1.96654	 0.798119
1.96987	 0.970938
1.9732	 0.780151
1.97653	 0.573707
1.97987	 0.700013
1.9832	 0.779783
1.98653	 0.747958
1.98987	 0.91642
1.9932	 0.960755
1.99653	 0.813152
1.99987	 0.749178
2.0032	 1.18419
2.00653	 1.03691
2.00987	 0.850813
2.0132	 0.873693
2.01653	 0.764946
2.01987	 0.738909
2.0232	 0.709829
2.02653	 0.985482
2.02986	 0.853825
2.0332	 0.700748
2.03653	 1.00236
2.03986	 0.782107
2.0432	 0.698038
2.04653	 0.831118
2.04986	 0.793389
2.0532	 0.703469
2.05653	 0.701559
2.05986	 0.891921
2.0632	 0.926745
2.06653	 0.834317
2.06986	 0.776697
2.0732	 0.802147
2.07653	 0.873718
2.07986	 1.09459
2.08319	 0.594984
2.08653	 0.860291
2.08986	 0.784876
2.09319	 0.899931
2.09653	 1.15603
2.09986	 0.781107
2.10319	 0.639818
2.10653	 0.881064
2.10986	 0.947887
2.11319	 0.595
2.11653	 0.609042
2.11986	 0.857339
2.12319	 0.632595
2.12652	 0.850629
2.12986	 0.857648
2.13319	 1.02241
2.13652	 1.08259
2.13986	 0.843033
2.14319	 0.735672
2.14652	 0.79047
2.14986	 0.756059
2.15319	 0.978802
2.15652	 0.761445
2.15986	 0.724432
2.16319	 0.784916
2.16652	 0.955361
2.16986	 0.526515
2.17319	 0.893279
2.17652	 0.843154
2.17985	 0.950076
2.18319	 0.824866
2.18652	 0.619242
2.18985	 0.988424
2.19319	 0.627425
2.19652	 0.727972
2.19985	 0.699592
2.20319	 0.805655
2.20652	 0.91518
2.20985	 0.691226
2.21319	 0.811422
2.21652	 0.740957
2.21985	 0.811247
2.22319	 0.78282
2.22652	 0.779977
2.22985	 0.844017
2.23318	 0.818166
2.23652	 0.743872
2.23985	 0.733755
2.24318	 0.819801
2.24652	 0.89701
2.24985	 0.892166
2.25318	 0.92958
2.25652	 0.615635
2.25985	 0.959865
2.26318	 0.670354
2.26652	 0.68489
2.26985	 0.865111
2.27318	 0.741381
2.27651	 0.978008
2.27985	 0.684321
2.28318	 0.493289
2.28651	 0.738838
2.28985	 0.772713
2.29318	 0.494496
2.29651	 0.554192
2.29985	 0.815037
2.30318	 0.6689
2.30651	 0.828544
2.30985	 0.405498
2.31318	 0.645622
2.31651	 0.826676
2.31985	 0.724107
2.32318	 0.845454
2.32651	 0.912101
2.32984	 0.799457
2.33318	 0.769607
2.33651	 0.934936
2.33984	 0.755875
2.34318	 1.00771
2.34651	 0.676617
2.34984	 0.660145
2.35318	 0.717968
2.35651	 0.712295
2.35984	 0.675504
2.36318	 0.689468
2.36651	 0.822374
2.36984	 0.969375
2.37318	 0.850451
2.37651	 0.670481
2.37984	 0.696893
2.38317	 0.888516
2.38651	 0.65987
2.38984	 0.933214
2.39317	 0.718021
2.39651	 0.797218
2.39984	 0.702921
2.40317	 0.844714
2.40651	 0.768626
2.40984	 0.937819
2.41317	 0.714035
2.41651	 0.846727
2.41984	 0.804072
2.42317	 0.858958
2.4265	 0.646307
2.42984	 0.86616
2.43317	 0.725794
2.4365	 0.92695
2.43984	 0.902764
2.44317	 0.739686
2.4465	 1.02664
2.44984	 1.06585
2.45317	 0.661961
2.4565	 0.703256
2.45984	 0.80162
2.46317	 0.579082
2.4665	 0.65749
2.46984	 0.775442
2.47317	 0.643518
2.4765	 0.516757
2.47983	 0.788876
2.48317	 0.669876
2.4865	 0.499905
2.48983	 0.577246
2.49317	 1.02571
2.4965	 0.777652
2.49983	 0.701198
2.50317	 0.681722
2.5065	 0.703038
2.50983	 0.658024
2.51317	 0.70954
2.5165	 0.821543
2.51983	 0.655512
2.52317	 0.846039
2.5265	 0.804388
2.52983	 0.829854
2.53316	 0.791973
2.5365	 0.755802
2.53983	 0.761919
2.54316	 0.870854
2.5465	 0.745288
2.54983	 0.825124
2.55316	 0.630302
2.5565	 0.942585
2.55983	 0.690497
2.56316	 0.733831
2.5665	 0.975869
2.56983	 0.79245
2.57316	 0.836936
2.57649	 0.953186
2.57983	 0.794993
2.58316	 0.790146
2.58649	 0.704496
2.58983	 0.797519
2.59316	 0.801546
2.59649	 0.843712
2.59983	 0.760231
2.60316	 0.777293
2.60649	 0.786819
2.60983	 0.789306
2.61316	 0.849032
2.61649	 0.83882
2.61983	 0.836803
2.62316	 0.958046
2.62649	 0.697868
2.62982	 0.830051
2.63316	 0.704526
2.63649	 0.541817
2.63982	 0.726078
2.64316	 0.626301
2.64649	 0.651224
2.64982	 0.724481
2.65316	 0.664502
2.65649	 0.746085
2.65982	 0.73491
2.66316	 0.773929
2.66649	 0.698958
2.66982	 0.722625
2.67316	 0.659769
2.67649	 0.912634
2.67982	 0.815145
2.68315	 0.766731
2.68649	 0.717696
2.68982	 0.587096
2.69315	 0.728225
2.69649	 0.64561
2.69982	 0.717609
2.70315	 0.65518
2.70649	 0.745288
2.70982	 0.704762
2.71315	 0.882273
2.71649	 0.727241
2.71982	 0.634377
2.72315	 0.975389
2.72648	 0.723171
2.72982	 0.905524
2.73315	 0.914444
2.73648	 0.661153
2.73982	 0.653057
2.74315	 0.71007
2.74648	 0.892426
2.74982	 0.604787
2.75315	 0.798929
2.75648	 0.806549
2.75982	 0.689987
2.76315	 0.628636
2.76648	 0.760708
2.76982	 0.85823
2.77315	 0.710294
2.77648	 0.604261
2.77981	 0.634186
2.78315	 1.00778
2.78648	 0.639733
2.78981	 0.670527
2.79315	 0.611644
2.79648	 0.838526
2.79981	 0.857318
2.80315	 0.812325
2.80648	 0.755949
2.80981	 0.841627
2.81315	 0.714183
2.81648	 0.910281
2.81981	 0.665768
2.82315	 1.01895
2.82648	 0.65027
2.82981	 0.721141
2.83314	 0.651557
2.83648	 0.643267
2.83981	 0.902815
2.84314	 0.548285
2.84648	 0.700273
2.84981	 0.656852
2.85314	 0.708352
2.85648	 0.703766
2.85981	 0.895582
2.86314	 0.545264
2.86648	 0.769411
2.86981	 0.648554
2.87314	 0.679814
2.87647	 0.713423
2.87981	 0.724555
2.88314	 0.874479
2.88647	 0.731949
2.88981	 0.727104
2.89314	 0.830585
2.89647	 0.639759
2.89981	 0.654036
2.90314	 0.699896
2.90647	 0.524127
2.90981	 0.717708
2.91314	 0.713113
2.91647	 0.705218
2.91981	 0.71023
2.92314	 0.58542
2.92647	 0.612783
2.9298	 0.837266
2.93314	 0.583191
2.93647	 0.605087
2.9398	 0.798724
2.94314	 0.734467
2.94647	 0.835199
2.9498	 0.860952
2.95314	 0.984825
2.95647	 0.560213
2.9598	 0.652032
2.96314	 0.679636
2.96647	 0.747621
2.9698	 0.709073
2.97314	 0.664926
2.97647	 0.713991
2.9798	 0.489732
2.98313	 0.653604
2.98647	 0.914018
2.9898	 0.642636
2.99313	 0.595979
2.99647	 0.743118
2.9998	 0.798031
3.00313	 0.73974
3.00647	 0.638315
3.0098	 0.800585
3.01313	 0.65468
3.01647	 0.6627
3.0198	 0.639529
3.02313	 0.68061
3.02646	 0.668721
3.0298	 0.520682
3.03313	 0.698839
3.03646	 0.715169
3.0398	 0.706975
3.04313	 0.641791
3.04646	 0.692205
3.0498	 0.794684
3.05313	 0.728447
3.05646	 0.523489
3.0598	 0.917506
3.06313	 0.734902
3.06646	 0.900854
3.0698	 0.677124
3.07313	 0.721956
3.07646	 0.682095
3.07979	 0.735976
3.08313	 0.663287
3.08646	 0.679768
3.08979	 0.633745
3.09313	 0.718959
3.09646	 0.453616
3.09979	 0.645669
3.10313	 0.647353
3.10646	 0.633261
3.10979	 0.857942
3.11313	 0.564527
3.11646	 0.564875
3.11979	 0.68315
3.12313	 0.524659
3.12646	 0.655755
3.12979	 0.491545
3.13312	 0.640849
3.13646	 0.6505
3.13979	 0.626673
3.14312	 0.663084
3.14646	 0.499903
3.14979	 0.70134
3.15312	 0.728699
3.15646	 0.758878
3.15979	 0.737585
3.16312	 0.880682
3.16646	 0.779051
3.16979	 0.609623
3.17312	 0.670996
3.17645	 0.621107
3.17979	 0.74193
3.18312	 0.572393
3.18645	 0.779401
3.18979	 0.744702
3.19312	 0.491743
3.19645	 0.714203
3.19979	 0.816013
3.20312	 0.612813
3.20645	 0.750987
3.20979	 0.610872
3.21312	 0.814239
3.21645	 0.612042
3.21979	 0.591233
3.22312	 0.497047
3.22645	 0.888728
3.22978	 0.633264
3.23312	 0.68491
3.23645	 0.839925
3.23978	 0.671475
3.24312	 0.649611
3.24645	 0.55244
3.24978	 0.559679
3.25312	 0.676351
3.25645	 0.582264
3.25978	 0.734631
3.26312	 0.595475
3.26645	 0.563159
3.26978	 0.696672
3.27312	 0.64819
3.27645	 0.93114
3.27978	 0.579139
3.28311	 0.637681
3.28645	 0.54091
3.28978	 0.59175
3.29311	 0.625492
3.29645	 0.722429
3.29978	 0.652189
3.30311	 0.595787
3.30645	 0.693192
3.30978	 0.655199
3.31311	 0.684718
3.31645	 0.758177
3.31978	 0.545188
3.32311	 0.612765
3.32644	 0.577588
3.32978	 0.562119
3.33311	 0.577766
3.33644	 0.753488
3.33978	 0.835179
3.34311	 0.639737
3.34644	 0.74909
3.34978	 0.684522
3.35311	 0.692184
3.35644	 0.629261
3.35978	 0.593202
3.36311	 0.781484
3.36644	 0.673556
3.36978	 0.655094
3.37311	 0.659993
3.37644	 0.449736
3.37977	 0.62728
3.38311	 0.798323
3.38644	 0.655628
3.38977	 0.634117
3.39311	 0.538223
3.39644	 0.789893
3.39977	 0.724368
3.40311	 0.646007
3.40644	 0.622665
3.40977	 0.731226
3.41311	 0.512034
3.41644	 0.710271
3.41977	 0.716428
3.42311	 0.695457
3.42644	 0.56498
3.42977	 0.80903
3.4331	 0.649261
3.43644	 0.682626
3.43977	 0.504294
3.4431	 0.763339
3.44644	 0.662746
3.44977	 0.734983
3.4531	 0.566864
3.45644	 0.766681
3.45977	 0.579554
3.4631	 0.531632
3.46644	 0.510883
3.46977	 0.800494
3.4731	 0.455675
3.47643	 0.709941
3.47977	 0.64405
3.4831	 0.775341
3.48643	 0.554602
3.48977	 0.702509
3.4931	 0.575283
3.49643	 0.507472
3.49977	 0.753845
3.5031	 0.681251
3.50643	 0.672357
3.50977	 0.740345
3.5131	 0.754245
3.51643	 0.636294
3.51977	 0.525164
3.5231	 0.785004
3.52643	 0.617104
3.52976	 0.819313
3.5331	 0.83399
3.53643	 0.612729
3.53976	 0.770968
3.5431	 0.770128
3.54643	 0.656917
3.54976	 0.575493
3.5531	 0.437329
3.55643	 0.524486
3.55976	 0.565144
3.5631	 0.507726
3.56643	 0.574685
3.56976	 0.598743
3.5731	 0.57748
3.57643	 0.683207
3.57976	 0.603399
3.58309	 0.650233
3.58643	 0.655139
3.58976	 0.806593
3.59309	 0.498497
3.59643	 0.548984
3.59976	 0.723363
3.60309	 0.537983
3.60643	 0.645884
3.60976	 0.52549
3.61309	 0.746081
3.61643	 0.839704
3.61976	 0.410118
3.62309	 0.677651
3.62642	 0.613624
3.62976	 0.576656
3.63309	 0.508984
3.63642	 0.67652
3.63976	 0.724653
3.64309	 0.463703
3.64642	 0.676935
3.64976	 0.477205
3.65309	 0.600915
3.65642	 0.754462
3.65976	 0.765255
3.66309	 0.513052
3.66642	 0.532466
3.66976	 0.53413
3.67309	 0.688153
3.67642	 0.563984
3.67975	 0.572801
3.68309	 0.80014
3.68642	 0.681646
3.68975	 0.705441
3.69309	 0.561452
3.69642	 0.55322
3.69975	 0.724196
3.70309	 0.709177
3.70642	 0.538997
3.70975	 0.629706
3.71309	 0.577144
3.71642	 0.634167
3.71975	 0.525114
3.72309	 0.495835
3.72642	 0.62101
3.72975	 0.600805
3.73308	 0.816599
3.73642	 0.524861
3.73975	 0.553061
3.74308	 0.72518
3.74642	 0.623163
3.74975	 0.515899
3.75308	 0.628464
3.75642	 0.685046
3.75975	 0.402946
3.76308	 0.669302
3.76642	 0.607441
3.76975	 0.682388
3.77308	 0.567165
3.77641	 0.604422
3.77975	 0.525971
3.78308	 0.631104
3.78641	 0.501823
3.78975	 0.866979
3.79308	 0.664284
3.79641	 0.535383
3.79975	 0.626203
3.80308	 0.714632
3.80641	 0.624619
3.80975	 0.639901
3.81308	 0.471607
3.81641	 0.399861
3.81975	 0.607088
3.82308	 0.588985
3.82641	 0.524736
3.82974	 0.735754
3.83308	 0.737961
3.83641	 0.507747
3.83974	 0.583027
3.84308	 0.599978
3.84641	 0.565285
3.84974	 0.609415
3.85308	 0.738716
3.85641	 0.707345
3.85974	 0.756861
3.86308	 0.555417
3.86641	 0.711711
3.86974	 0.488917
3.87308	 0.685184
3.87641	 0.623991
3.87974	 0.54462
3.88307	 0.681116
3.88641	 0.586424
3.88974	 0.620477
3.89307	 0.450909
3.89641	 0.761235
3.89974	 0.583529
3.90307	 0.735598
3.90641	 0.5659
3.90974	 0.482555
3.91307	 0.583494
3.91641	 0.684887
3.91974	 0.704149
3.92307	 0.755953
3.9264	 0.630137
3.92974	 0.653303
3.93307	 0.510926
3.9364	 0.554285
3.93974	 0.859542
3.94307	 0.436546
3.9464	 0.765772
3.94974	 0.475919
3.95307	 0.746342
3.9564	 0.703382
3.95974	 0.601735
3.96307	 0.601514
3.9664	 0.567348
3.96974	 0.671815
3.97307	 0.577899
3.9764	 0.509647
3.97973	 0.771849
3.98307	 0.748547
3.9864	 0.640311
3.98973	 0.498972
3.99307	 0.660224
3.9964	 0.58706
3.99973	 0.598541
4.00307	 0.482451
4.0064	 0.528121
4.00973	 0.603535
4.01307	 0.582248
4.0164	 0.597822
4.01973	 0.720956
4.02307	 0.828486
4.0264	 0.499433
4.02973	 0.735196
4.03306	 0.520791
4.0364	 0.675649
4.03973	 0.715675
4.04306	 0.79436
4.0464	 0.804579
4.04973	 0.706645
4.05306	 0.654319
4.0564	 0.590991
4.05973	 0.72765
4.06306	 0.54259
4.0664	 0.52164
4.06973	 0.705157
4.07306	 0.479821
4.07639	 0.592795
4.07973	 0.452567
4.08306	 0.547435
4.08639	 0.418706
4.08973	 0.615661
4.09306	 0.597888
4.09639	 0.616404
4.09973	 0.720376
4.10306	 0.522296
4.10639	 0.601378
4.10973	 0.532939
4.11306	 0.715263
4.11639	 0.570095
4.11973	 0.616398
4.12306	 0.703191
4.12639	 0.561291
4.12972	 0.652784
4.13306	 0.440575
4.13639	 0.46727
4.13972	 0.433089
4.14306	 0.655534
4.14639	 0.670845
4.14972	 0.587277
4.15306	 0.706708
4.15639	 0.476226
4.15972	 0.594055
4.16306	 0.633612
4.16639	 0.465327
4.16972	 0.588499
4.17306	 0.709686
4.17639	 0.494026
4.17972	 0.630424
4.18305	 0.738784
4.18639	 0.407438
4.18972	 0.685662
4.19305	 0.579997
4.19639	 0.590144
4.19972	 0.57588
4.20305	 0.488679
4.20639	 0.670424
4.20972	 0.548778
4.21305	 0.503882
4.21639	 0.496927
4.21972	 0.680143
4.22305	 0.7226
4.22638	 0.667567
4.22972	 0.562095
4.23305	 0.552062
4.23638	 0.663494
4.23972	 0.351305
4.24305	 0.547167
4.24638	 0.717098
4.24972	 0.722456
4.25305	 0.553699
4.25638	 0.42065
4.25972	 0.49046
4.26305	 0.716145
4.26638	 0.737174
4.26972	 0.528544
4.27305	 0.626703
4.27638	 0.639347
4.27971	 0.80354
4.28305	 0.539968
4.28638	 0.635187
4.28971	 0.459426
4.29305	 0.640495
4.29638	 0.553301
4.29971	 0.648353
4.30305	 0.569425
4.30638	 0.498376
4.30971	 0.669039
4.31305	 0.637217
4.31638	 0.546606
4.31971	 0.788966
4.32305	 0.629524
4.32638	 0.6841
4.32971	 0.602405
4.33304	 0.644748
4.33638	 0.463312
4.33971	 0.649605
4.34304	 0.555406
4.34638	 0.530076
4.34971	 0.485318
4.35304	 0.631243
4.35638	 0.667856
4.35971	 0.548038
4.36304	 0.61472
4.36638	 0.531232
4.36971	 0.563946
4.37304	 0.479713
4.37637	 0.654536
4.37971	 0.521694
4.38304	 0.505647
4.38637	 0.608711
4.38971	 0.796451
4.39304	 0.410674
4.39637	 0.774509
4.39971	 0.621377
4.40304	 0.50754
4.40637	 0.56761
4.40971	 0.636195
4.41304	 0.782897
4.41637	 0.586628
4.41971	 0.488035
4.42304	 0.570611
4.42637	 0.583803
4.4297	 0.633107
4.43304	 0.663954
4.43637	 0.684478
4.4397	 0.436131
4.44304	 0.496463
4.44637	 0.618857
4.4497	 0.592218
4.45304	 0.52514
4.45637	 0.537423
4.4597	 0.532031
4.46304	 0.627353
4.46637	 0.625382
4.4697	 0.471844
4.47304	 0.622218
4.47637	 0.740748
4.4797	 0.531529
4.48303	 0.57015
4.48637	 0.452079
4.4897	 0.643145
4.49303	 0.504119
4.49637	 0.719807
4.4997	 0.568196
4.50303	 0.637598
4.50637	 0.614141
4.5097	 0.621412
4.51303	 0.543547
4.51637	 0.670978
4.5197	 0.442323
4.52303	 0.562646
4.52636	 0.625345
4.5297	 0.726638
4.53303	 0.543295
4.53636	 0.608452
4.5397	 0.719287
4.54303	 0.63733
4.54636	 0.444546
4.5497	 0.661077
4.55303	 0.496968
4.55636	 0.711693
4.5597	 0.627963
4.56303	 0.588556
4.56636	 0.641339
4.5697	 0.587778
4.57303	 0.420018
4.57636	 0.616977
4.57969	 0.480612
4.58303	 0.49929
4.58636	 0.424456
4.58969	 0.4416
4.59303	 0.479334
4.59636	 0.540053
4.59969	 0.554866
4.60303	 0.50655
4.60636	 0.412401
4.60969	 0.573156
4.61303	 0.708604
4.61636	 0.54475
4.61969	 0.516716
4.62303	 0.59701
4.62636	 0.610284
4.62969	 0.532718
4.63302	 0.575536
4.63636	 0.551553
4.63969	 0.638851
4.64302	 0.509329
4.64636	 0.672319
4.64969	 0.69697
4.65302	 0.518883
4.65636	 0.443814
4.65969	 0.543743
4.66302	 0.512226
4.66636	 0.501116
4.66969	 0.491646
4.67302	 0.747232
4.67635	 0.783757
4.67969	 0.386046
4.68302	 0.397986
4.68635	 0.496655
4.68969	 0.56522
4.69302	 0.590343
4.69635	 0.610647
4.69969	 0.657422
4.70302	 0.473387
4.70635	 0.434005
4.70969	 0.420284
4.71302	 0.702347
4.71635	 0.505634
4.71969	 0.541309
4.72302	 0.659364
4.72635	 0.550582
4.72968	 0.554209
4.73302	 0.483042
4.73635	 0.536276
4.73968	 0.557431
4.74302	 0.447487
4.74635	 0.643729
4.74968	 0.589312
4.75302	 0.598097
4.75635	 0.512133
4.75968	 0.675726
4.76302	 0.512873
4.76635	 0.650753
4.76968	 0.547933
4.77302	 0.578186
4.77635	 0.594857
4.77968	 0.486454
4.78301	 0.598087
4.78635	 0.552588
4.78968	 0.485284
4.79301	 0.563999
4.79635	 0.41686
4.79968	 0.530716
4.80301	 0.546706
4.80635	 0.470555
4.80968	 0.536592
4.81301	 0.602517
4.81635	 0.360753
4.81968	 0.739249
4.82301	 0.422173
4.82634	 0.540455
4.82968	 0.440957
4.83301	 0.491203
4.83634	 0.47944
4.83968	 0.678518
4.84301	 0.541915
4.84634	 0.503033
4.84968	 0.452398
4.85301	 0.511477
4.85634	 0.599157
4.85968	 0.409938
4.86301	 0.395498
4.86634	 0.567002
4.86968	 0.44992
4.87301	 0.609033
4.87634	 0.544623
4.87967	 0.595861
4.88301	 0.512713
4.88634	 0.550003
4.88967	 0.605211
4.89301	 0.47326
4.89634	 0.537923
4.89967	 0.480214
4.90301	 0.615746
4.90634	 0.534848
4.90967	 0.489464
4.91301	 0.439684
4.91634	 0.382382
4.91967	 0.636878
4.92301	 0.523337
4.92634	 0.472045
4.92967	 0.651066
4.933	 0.637763
4.93634	 0.60578
4.93967	 0.596966
4.943	 0.531889
4.94634	 0.544044
4.94967	 0.55778
4.953	 0.603545
4.95634	 0.474552
4.95967	 0.615156
4.963	 0.531214
4.96634	 0.592396
4.96967	 0.44047
4.973	 0.512881
4.97633	 0.534079
4.97967	 0.492382
4.983	 0.393153
4.98633	 0.609816
4.98967	 0.508807
4.993	 0.566373
4.99633	 0.52729
