# Frequency [GHz] 	Fouriercomponent
-4.99967	 0.00136157
-4.99633	 0.00138249
-4.993	 0.00164992
-4.98967	 0.00137448
-4.98633	 0.00153518
-4.983	 0.00122601
-4.97967	 0.00145836
-4.97633	 0.00175309
-4.973	 0.00156321
-4.96967	 0.0017434
-4.96634	 0.00171329
-4.963	 0.00161916
-4.95967	 0.0014791
-4.95634	 0.00187477
-4.953	 0.00146319
-4.94967	 0.00134727
-4.94634	 0.00177951
-4.943	 0.00178388
-4.93967	 0.00132413
-4.93634	 0.0018077
-4.933	 0.00242507
-4.92967	 0.0019386
-4.92634	 0.00175063
-4.92301	 0.0016125
-4.91967	 0.00189631
-4.91634	 0.00224676
-4.91301	 0.00193615
-4.90967	 0.00186546
-4.90634	 0.00150359
-4.90301	 0.00187434
-4.89967	 0.00163963
-4.89634	 0.00222567
-4.89301	 0.00145263
-4.88967	 0.00224623
-4.88634	 0.00203286
-4.88301	 0.00203243
-4.87967	 0.00238307
-4.87634	 0.00244267
-4.87301	 0.00253896
-4.86968	 0.00143685
-4.86634	 0.00256655
-4.86301	 0.00220504
-4.85968	 0.00196607
-4.85634	 0.00224743
-4.85301	 0.00160092
-4.84968	 0.00259566
-4.84634	 0.00230568
-4.84301	 0.00201719
-4.83968	 0.00183016
-4.83634	 0.00242687
-4.83301	 0.00213418
-4.82968	 0.00220928
-4.82634	 0.00249341
-4.82301	 0.00205012
-4.81968	 0.00185995
-4.81635	 0.00230278
-4.81301	 0.0018572
-4.80968	 0.00217834
-4.80635	 0.00177026
-4.80301	 0.00171572
-4.79968	 0.00188449
-4.79635	 0.00212047
-4.79301	 0.00168041
-4.78968	 0.00131137
-4.78635	 0.00164262
-4.78301	 0.00199297
-4.77968	 0.00199727
-4.77635	 0.00169992
-4.77302	 0.00138328
-4.76968	 0.00191627
-4.76635	 0.00145376
-4.76302	 0.00200314
-4.75968	 0.00214626
-4.75635	 0.00184429
-4.75302	 0.00219921
-4.74968	 0.00225428
-4.74635	 0.00177581
-4.74302	 0.00131821
-4.73968	 0.00157238
-4.73635	 0.002129
-4.73302	 0.00129104
-4.72968	 0.00194504
-4.72635	 0.0017488
-4.72302	 0.00109868
-4.71969	 0.00125523
-4.71635	 0.00159958
-4.71302	 0.0015569
-4.70969	 0.00127486
-4.70635	 0.00149299
-4.70302	 0.0013976
-4.69969	 0.0013405
-4.69635	 0.00136898
-4.69302	 0.00198594
-4.68969	 0.001049
-4.68635	 0.00120819
-4.68302	 0.00140909
-4.67969	 0.00123489
-4.67635	 0.00126354
-4.67302	 0.00141476
-4.66969	 0.00120895
-4.66636	 0.00135435
-4.66302	 0.00133815
-4.65969	 0.00119985
-4.65636	 0.00102678
-4.65302	 0.00144036
-4.64969	 0.0016754
-4.64636	 0.00105032
-4.64302	 0.00121895
-4.63969	 0.00125352
-4.63636	 0.000999618
-4.63302	 0.000925178
-4.62969	 0.00092809
-4.62636	 0.0009722
-4.62303	 0.00109174
-4.61969	 0.00109795
-4.61636	 0.00104302
-4.61303	 0.00100951
-4.60969	 0.00088854
-4.60636	 0.00121145
-4.60303	 0.00115217
-4.59969	 0.000999828
-4.59636	 0.000805394
-4.59303	 0.000819304
-4.58969	 0.00109545
-4.58636	 0.00117454
-4.58303	 0.000836016
-4.57969	 0.00127884
-4.57636	 0.00103153
-4.57303	 0.00106791
-4.5697	 0.0010138
-4.56636	 0.000690718
-4.56303	 0.000900109
-4.5597	 0.000977204
-4.55636	 0.00108306
-4.55303	 0.000945315
-4.5497	 0.000848394
-4.54636	 0.000685226
-4.54303	 0.00101081
-4.5397	 0.00103604
-4.53636	 0.00089551
-4.53303	 0.00092453
-4.5297	 0.000813631
-4.52636	 0.000834514
-4.52303	 0.000825831
-4.5197	 0.000815417
-4.51637	 0.000720861
-4.51303	 0.000800702
-4.5097	 0.00101243
-4.50637	 0.000893161
-4.50303	 0.000847556
-4.4997	 0.000877789
-4.49637	 0.000987042
-4.49303	 0.000834266
-4.4897	 0.000995336
-4.48637	 0.000728859
-4.48303	 0.000519733
-4.4797	 0.00117383
-4.47637	 0.00076437
-4.47304	 0.000613185
-4.4697	 0.000855751
-4.46637	 0.000772355
-4.46304	 0.00070539
-4.4597	 0.000681881
-4.45637	 0.00082448
-4.45304	 0.000822567
-4.4497	 0.000923208
-4.44637	 0.00065014
-4.44304	 0.000704199
-4.4397	 0.000823016
-4.43637	 0.000615052
-4.43304	 0.000753153
-4.4297	 0.000703101
-4.42637	 0.000745441
-4.42304	 0.000577053
-4.41971	 0.000977236
-4.41637	 0.00084891
-4.41304	 0.000954345
-4.40971	 0.000817118
-4.40637	 0.000755038
-4.40304	 0.000735209
-4.39971	 0.000710474
-4.39637	 0.000827803
-4.39304	 0.000806957
-4.38971	 0.000705175
-4.38637	 0.000658361
-4.38304	 0.0007114
-4.37971	 0.000605046
-4.37637	 0.000666542
-4.37304	 0.000692898
-4.36971	 0.000923105
-4.36638	 0.000860975
-4.36304	 0.000589248
-4.35971	 0.000865897
-4.35638	 0.00070266
-4.35304	 0.00060828
-4.34971	 0.000600694
-4.34638	 0.000768193
-4.34304	 0.000745184
-4.33971	 0.000579511
-4.33638	 0.000813714
-4.33304	 0.000905362
-4.32971	 0.000668825
-4.32638	 0.000762832
-4.32305	 0.000487679
-4.31971	 0.000867033
-4.31638	 0.000649738
-4.31305	 0.000711021
-4.30971	 0.000714885
-4.30638	 0.00068894
-4.30305	 0.000635089
-4.29971	 0.000606434
-4.29638	 0.000741834
-4.29305	 0.000639727
-4.28971	 0.000648385
-4.28638	 0.000662244
-4.28305	 0.000685223
-4.27971	 0.000581704
-4.27638	 0.000635267
-4.27305	 0.000768194
-4.26972	 0.000712895
-4.26638	 0.000753099
-4.26305	 0.000736331
-4.25972	 0.00077141
-4.25638	 0.000759034
-4.25305	 0.000740749
-4.24972	 0.000716851
-4.24638	 0.000704292
-4.24305	 0.000634733
-4.23972	 0.000678127
-4.23638	 0.000621958
-4.23305	 0.000628869
-4.22972	 0.000674787
-4.22638	 0.000666491
-4.22305	 0.000467663
-4.21972	 0.000680407
-4.21639	 0.000799953
-4.21305	 0.000595664
-4.20972	 0.00075558
-4.20639	 0.000554712
-4.20305	 0.000750561
-4.19972	 0.00070168
-4.19639	 0.000697183
-4.19305	 0.000734053
-4.18972	 0.000780417
-4.18639	 0.000816664
-4.18305	 0.00095835
-4.17972	 0.000651167
-4.17639	 0.000757513
-4.17306	 0.000947102
-4.16972	 0.000798232
-4.16639	 0.000552688
-4.16306	 0.000742642
-4.15972	 0.000707796
-4.15639	 0.000611728
-4.15306	 0.000809603
-4.14972	 0.000537736
-4.14639	 0.000903485
-4.14306	 0.00062381
-4.13972	 0.000563551
-4.13639	 0.000737627
-4.13306	 0.000719177
-4.12972	 0.000587318
-4.12639	 0.000841406
-4.12306	 0.000695963
-4.11973	 0.000835031
-4.11639	 0.000601761
-4.11306	 0.000713624
-4.10973	 0.000645978
-4.10639	 0.000764642
-4.10306	 0.000759143
-4.09973	 0.000772418
-4.09639	 0.000807883
-4.09306	 0.000731186
-4.08973	 0.000676425
-4.08639	 0.000505914
-4.08306	 0.000585931
-4.07973	 0.000732586
-4.07639	 0.000717727
-4.07306	 0.000830347
-4.06973	 0.000622199
-4.0664	 0.000728667
-4.06306	 0.000727753
-4.05973	 0.000909696
-4.0564	 0.00102289
-4.05306	 0.000976811
-4.04973	 0.000625487
-4.0464	 0.000892868
-4.04306	 0.000743007
-4.03973	 0.00079379
-4.0364	 0.000770424
-4.03306	 0.000861829
-4.02973	 0.000696019
-4.0264	 0.000783657
-4.02307	 0.00071212
-4.01973	 0.00065983
-4.0164	 0.000788617
-4.01307	 0.000834069
-4.00973	 0.000996782
-4.0064	 0.00107575
-4.00307	 0.000828596
-3.99973	 0.000873083
-3.9964	 0.000740639
-3.99307	 0.000767456
-3.98973	 0.000780614
-3.9864	 0.000913053
-3.98307	 0.000906021
-3.97973	 0.000758127
-3.9764	 0.000711202
-3.97307	 0.00113948
-3.96974	 0.000944651
-3.9664	 0.00103008
-3.96307	 0.000782286
-3.95974	 0.00116737
-3.9564	 0.000777114
-3.95307	 0.000996062
-3.94974	 0.000875122
-3.9464	 0.000922255
-3.94307	 0.000862441
-3.93974	 0.00104744
-3.9364	 0.0010307
-3.93307	 0.000980768
-3.92974	 0.000940749
-3.9264	 0.000875725
-3.92307	 0.00089901
-3.91974	 0.000734472
-3.91641	 0.000951032
-3.91307	 0.00113338
-3.90974	 0.000976111
-3.90641	 0.00110603
-3.90307	 0.000933111
-3.89974	 0.000769402
-3.89641	 0.000870178
-3.89307	 0.00129841
-3.88974	 0.000814957
-3.88641	 0.000946581
-3.88307	 0.00111233
-3.87974	 0.000899022
-3.87641	 0.00103803
-3.87308	 0.000871311
-3.86974	 0.000863222
-3.86641	 0.00115758
-3.86308	 0.000944265
-3.85974	 0.000891776
-3.85641	 0.00154446
-3.85308	 0.00111928
-3.84974	 0.00098837
-3.84641	 0.00174512
-3.84308	 0.00131695
-3.83974	 0.00160004
-3.83641	 0.000736986
-3.83308	 0.00121657
-3.82974	 0.00117882
-3.82641	 0.00134671
-3.82308	 0.00159068
-3.81975	 0.00150007
-3.81641	 0.00130682
-3.81308	 0.00154835
-3.80975	 0.00130426
-3.80641	 0.00106721
-3.80308	 0.00157332
-3.79975	 0.00106074
-3.79641	 0.00172892
-3.79308	 0.00144122
-3.78975	 0.00132148
-3.78641	 0.00141636
-3.78308	 0.00124549
-3.77975	 0.00157238
-3.77641	 0.00148361
-3.77308	 0.00151194
-3.76975	 0.00176757
-3.76642	 0.00197365
-3.76308	 0.00195396
-3.75975	 0.00130638
-3.75642	 0.00136242
-3.75308	 0.00195043
-3.74975	 0.00184177
-3.74642	 0.00219756
-3.74308	 0.00192784
-3.73975	 0.00207421
-3.73642	 0.00198455
-3.73308	 0.0016931
-3.72975	 0.00210473
-3.72642	 0.0018712
-3.72309	 0.00218934
-3.71975	 0.00185965
-3.71642	 0.00201684
-3.71309	 0.00173873
-3.70975	 0.00243782
-3.70642	 0.00219618
-3.70309	 0.00225554
-3.69975	 0.00241072
-3.69642	 0.00235462
-3.69309	 0.00199371
-3.68975	 0.00223871
-3.68642	 0.00160289
-3.68309	 0.00217716
-3.67975	 0.00245029
-3.67642	 0.00194216
-3.67309	 0.00207518
-3.66976	 0.00193121
-3.66642	 0.00243675
-3.66309	 0.00170134
-3.65976	 0.00211497
-3.65642	 0.003331
-3.65309	 0.0020419
-3.64976	 0.00264274
-3.64642	 0.00241775
-3.64309	 0.00241526
-3.63976	 0.00312737
-3.63642	 0.00210752
-3.63309	 0.00269625
-3.62976	 0.0029699
-3.62642	 0.00334312
-3.62309	 0.00221648
-3.61976	 0.00219878
-3.61643	 0.00399677
-3.61309	 0.00305594
-3.60976	 0.00325879
-3.60643	 0.00235657
-3.60309	 0.00312112
-3.59976	 0.00281459
-3.59643	 0.00320626
-3.59309	 0.00318151
-3.58976	 0.00297151
-3.58643	 0.00286957
-3.58309	 0.00358451
-3.57976	 0.00244007
-3.57643	 0.00321838
-3.5731	 0.00300179
-3.56976	 0.00270582
-3.56643	 0.00276614
-3.5631	 0.00332941
-3.55976	 0.0022779
-3.55643	 0.00222394
-3.5531	 0.00317036
-3.54976	 0.00227362
-3.54643	 0.00353486
-3.5431	 0.00266763
-3.53976	 0.0017671
-3.53643	 0.0021502
-3.5331	 0.00246228
-3.52976	 0.00185899
-3.52643	 0.00181619
-3.5231	 0.00180613
-3.51977	 0.0019973
-3.51643	 0.0018773
-3.5131	 0.00184428
-3.50977	 0.00148156
-3.50643	 0.00218331
-3.5031	 0.00187434
-3.49977	 0.00187362
-3.49643	 0.00192408
-3.4931	 0.00202036
-3.48977	 0.00193045
-3.48643	 0.00135018
-3.4831	 0.00159598
-3.47977	 0.00157137
-3.47643	 0.00186962
-3.4731	 0.00145162
-3.46977	 0.00164312
-3.46644	 0.00155074
-3.4631	 0.00171309
-3.45977	 0.00149613
-3.45644	 0.00126312
-3.4531	 0.00186964
-3.44977	 0.00148591
-3.44644	 0.0010793
-3.4431	 0.0014893
-3.43977	 0.00113417
-3.43644	 0.00132197
-3.4331	 0.00147609
-3.42977	 0.00125193
-3.42644	 0.00125725
-3.42311	 0.00121554
-3.41977	 0.00135315
-3.41644	 0.00134483
-3.41311	 0.00133118
-3.40977	 0.00153577
-3.40644	 0.00124936
-3.40311	 0.00103164
-3.39977	 0.00145061
-3.39644	 0.000868421
-3.39311	 0.00133501
-3.38977	 0.00135656
-3.38644	 0.00115475
-3.38311	 0.000958784
-3.37977	 0.00107467
-3.37644	 0.00129453
-3.37311	 0.00103857
-3.36978	 0.00111016
-3.36644	 0.00107111
-3.36311	 0.00129037
-3.35978	 0.00106767
-3.35644	 0.00110785
-3.35311	 0.00106627
-3.34978	 0.00087697
-3.34644	 0.00121782
-3.34311	 0.000915412
-3.33978	 0.000825306
-3.33644	 0.000987999
-3.33311	 0.000757722
-3.32978	 0.000963322
-3.32644	 0.00107422
-3.32311	 0.00069709
-3.31978	 0.0010057
-3.31645	 0.000859889
-3.31311	 0.000889963
-3.30978	 0.000885207
-3.30645	 0.000889466
-3.30311	 0.00076676
-3.29978	 0.000870132
-3.29645	 0.00087817
-3.29311	 0.000915318
-3.28978	 0.000716133
-3.28645	 0.000918338
-3.28311	 0.0009292
-3.27978	 0.000917943
-3.27645	 0.0010679
-3.27312	 0.000705865
-3.26978	 0.000937038
-3.26645	 0.000974372
-3.26312	 0.000804679
-3.25978	 0.000725969
-3.25645	 0.00102833
-3.25312	 0.000871165
-3.24978	 0.00103089
-3.24645	 0.000940797
-3.24312	 0.000816676
-3.23978	 0.000651954
-3.23645	 0.00084721
-3.23312	 0.000794815
-3.22978	 0.00103409
-3.22645	 0.000900714
-3.22312	 0.000793825
-3.21979	 0.000683508
-3.21645	 0.000961631
-3.21312	 0.00090087
-3.20979	 0.000602099
-3.20645	 0.000930375
-3.20312	 0.000598694
-3.19979	 0.00062268
-3.19645	 0.00069882
-3.19312	 0.000785308
-3.18979	 0.000745024
-3.18645	 0.000678499
-3.18312	 0.000730812
-3.17979	 0.00079266
-3.17645	 0.000777619
-3.17312	 0.000747759
-3.16979	 0.00101076
-3.16646	 0.000620981
-3.16312	 0.000759094
-3.15979	 0.000713664
-3.15646	 0.00066824
-3.15312	 0.000621504
-3.14979	 0.000739241
-3.14646	 0.000640255
-3.14312	 0.000792093
-3.13979	 0.000831137
-3.13646	 0.000589707
-3.13312	 0.000820636
-3.12979	 0.000807174
-3.12646	 0.00077507
-3.12313	 0.000767721
-3.11979	 0.000696975
-3.11646	 0.000773627
-3.11313	 0.000742956
-3.10979	 0.000545563
-3.10646	 0.000494914
-3.10313	 0.000818875
-3.09979	 0.000640408
-3.09646	 0.000904068
-3.09313	 0.000565092
-3.08979	 0.000646702
-3.08646	 0.00071183
-3.08313	 0.00080143
-3.07979	 0.000826862
-3.07646	 0.000781715
-3.07313	 0.000622157
-3.0698	 0.000792861
-3.06646	 0.000731612
-3.06313	 0.000682613
-3.0598	 0.000821254
-3.05646	 0.000786391
-3.05313	 0.000693744
-3.0498	 0.000900796
-3.04646	 0.000922638
-3.04313	 0.000854837
-3.0398	 0.000592066
-3.03646	 0.000806781
-3.03313	 0.000778066
-3.0298	 0.000920676
-3.02646	 0.000746531
-3.02313	 0.000755489
-3.0198	 0.00059581
-3.01647	 0.000918053
-3.01313	 0.000738113
-3.0098	 0.000693853
-3.00647	 0.000722772
-3.00313	 0.000650286
-2.9998	 0.000652477
-2.99647	 0.000675314
-2.99313	 0.000627608
-2.9898	 0.000743903
-2.98647	 0.000802221
-2.98313	 0.00071006
-2.9798	 0.000610526
-2.97647	 0.000630014
-2.97314	 0.000847147
-2.9698	 0.000686864
-2.96647	 0.000838423
-2.96314	 0.00064982
-2.9598	 0.000792912
-2.95647	 0.000831137
-2.95314	 0.000726133
-2.9498	 0.000688128
-2.94647	 0.000365452
-2.94314	 0.000767341
-2.9398	 0.000895456
-2.93647	 0.0008303
-2.93314	 0.000890837
-2.9298	 0.000651068
-2.92647	 0.000787452
-2.92314	 0.000775158
-2.91981	 0.000932906
-2.91647	 0.000666619
-2.91314	 0.000684953
-2.90981	 0.000818566
-2.90647	 0.000621941
-2.90314	 0.000547385
-2.89981	 0.000620894
-2.89647	 0.00083831
-2.89314	 0.000805002
-2.88981	 0.000687616
-2.88647	 0.000741924
-2.88314	 0.000689395
-2.87981	 0.000832171
-2.87647	 0.000816777
-2.87314	 0.000652828
-2.86981	 0.00064602
-2.86648	 0.000824385
-2.86314	 0.000961067
-2.85981	 0.000722096
-2.85648	 0.000747184
-2.85314	 0.00086137
-2.84981	 0.000672296
-2.84648	 0.000743428
-2.84314	 0.000997395
-2.83981	 0.000941108
-2.83648	 0.00100012
-2.83314	 0.000924077
-2.82981	 0.000839035
-2.82648	 0.000736744
-2.82315	 0.000770597
-2.81981	 0.000779616
-2.81648	 0.000725139
-2.81315	 0.000824084
-2.80981	 0.000750764
-2.80648	 0.00116779
-2.80315	 0.00124169
-2.79981	 0.000862831
-2.79648	 0.000709661
-2.79315	 0.0010109
-2.78981	 0.000810865
-2.78648	 0.00085002
-2.78315	 0.000924642
-2.77981	 0.00090393
-2.77648	 0.000815615
-2.77315	 0.000886234
-2.76982	 0.000913634
-2.76648	 0.000731462
-2.76315	 0.00132784
-2.75982	 0.000837117
-2.75648	 0.00118376
-2.75315	 0.0009986
-2.74982	 0.000960844
-2.74648	 0.000749979
-2.74315	 0.0010167
-2.73982	 0.000848003
-2.73648	 0.0010884
-2.73315	 0.000856436
-2.72982	 0.000831784
-2.72648	 0.00113063
-2.72315	 0.000855955
-2.71982	 0.000834698
-2.71649	 0.0010127
-2.71315	 0.00108905
-2.70982	 0.000991919
-2.70649	 0.000897718
-2.70315	 0.00104686
-2.69982	 0.00108811
-2.69649	 0.00113401
-2.69315	 0.000883012
-2.68982	 0.00117799
-2.68649	 0.000921143
-2.68315	 0.000963238
-2.67982	 0.00115084
-2.67649	 0.000809073
-2.67316	 0.00108402
-2.66982	 0.00108219
-2.66649	 0.00126823
-2.66316	 0.000912409
-2.65982	 0.00136845
-2.65649	 0.00136887
-2.65316	 0.0011838
-2.64982	 0.00103636
-2.64649	 0.00125856
-2.64316	 0.00110482
-2.63982	 0.00141946
-2.63649	 0.00138533
-2.63316	 0.00138308
-2.62982	 0.00129749
-2.62649	 0.00127619
-2.62316	 0.00136106
-2.61983	 0.00104036
-2.61649	 0.00172619
-2.61316	 0.00112783
-2.60983	 0.00107095
-2.60649	 0.0014314
-2.60316	 0.0012549
-2.59983	 0.00111182
-2.59649	 0.00222661
-2.59316	 0.00143759
-2.58983	 0.0019433
-2.58649	 0.00146799
-2.58316	 0.00177388
-2.57983	 0.00219385
-2.57649	 0.00155641
-2.57316	 0.00173105
-2.56983	 0.00125581
-2.5665	 0.00221788
-2.56316	 0.00195766
-2.55983	 0.0015317
-2.5565	 0.00178462
-2.55316	 0.00194941
-2.54983	 0.002108
-2.5465	 0.00156729
-2.54316	 0.00183792
-2.53983	 0.00205867
-2.5365	 0.00204221
-2.53316	 0.00172372
-2.52983	 0.00124093
-2.5265	 0.00233171
-2.52317	 0.00246626
-2.51983	 0.00202239
-2.5165	 0.00263432
-2.51317	 0.00255626
-2.50983	 0.00174809
-2.5065	 0.00261495
-2.50317	 0.00201706
-2.49983	 0.00243003
-2.4965	 0.00268213
-2.49317	 0.00232253
-2.48983	 0.00293107
-2.4865	 0.00259378
-2.48317	 0.00299714
-2.47983	 0.00211945
-2.4765	 0.00233741
-2.47317	 0.00184812
-2.46984	 0.00243116
-2.4665	 0.00275724
-2.46317	 0.00278293
-2.45984	 0.00348578
-2.4565	 0.00262333
-2.45317	 0.00411702
-2.44984	 0.00280851
-2.4465	 0.00347007
-2.44317	 0.00371806
-2.43984	 0.00280883
-2.4365	 0.00347974
-2.43317	 0.0034202
-2.42984	 0.00355212
-2.4265	 0.00339484
-2.42317	 0.00281358
-2.41984	 0.00422656
-2.41651	 0.00319713
-2.41317	 0.00378475
-2.40984	 0.00264275
-2.40651	 0.00446104
-2.40317	 0.00462824
-2.39984	 0.00415302
-2.39651	 0.00463928
-2.39317	 0.00355926
-2.38984	 0.00511072
-2.38651	 0.0045473
-2.38317	 0.00308653
-2.37984	 0.00491768
-2.37651	 0.00513086
-2.37318	 0.00507625
-2.36984	 0.00600708
-2.36651	 0.00459133
-2.36318	 0.0045809
-2.35984	 0.00555177
-2.35651	 0.00474856
-2.35318	 0.00467493
-2.34984	 0.00511874
-2.34651	 0.00470564
-2.34318	 0.0033235
-2.33984	 0.00483029
-2.33651	 0.00325536
-2.33318	 0.00371439
-2.32984	 0.00339318
-2.32651	 0.00295119
-2.32318	 0.00277231
-2.31985	 0.0025928
-2.31651	 0.0029224
-2.31318	 0.00364126
-2.30985	 0.00233073
-2.30651	 0.00251781
-2.30318	 0.00263034
-2.29985	 0.00266534
-2.29651	 0.00260657
-2.29318	 0.00208732
-2.28985	 0.00229942
-2.28651	 0.00188611
-2.28318	 0.00193187
-2.27985	 0.00180164
-2.27651	 0.00180838
-2.27318	 0.00266242
-2.26985	 0.00171093
-2.26652	 0.00227066
-2.26318	 0.00179402
-2.25985	 0.00119421
-2.25652	 0.00264345
-2.25318	 0.00206251
-2.24985	 0.00185566
-2.24652	 0.00130993
-2.24318	 0.0014089
-2.23985	 0.00179959
-2.23652	 0.00135813
-2.23318	 0.00174295
-2.22985	 0.00137643
-2.22652	 0.00128573
-2.22319	 0.00158923
-2.21985	 0.00127106
-2.21652	 0.00115393
-2.21319	 0.00102005
-2.20985	 0.00118722
-2.20652	 0.00142991
-2.20319	 0.001485
-2.19985	 0.000981397
-2.19652	 0.00144291
-2.19319	 0.00120493
-2.18985	 0.0014666
-2.18652	 0.000985968
-2.18319	 0.00101136
-2.17985	 0.00129565
-2.17652	 0.00152404
-2.17319	 0.00142829
-2.16986	 0.000869523
-2.16652	 0.00127386
-2.16319	 0.00106363
-2.15986	 0.00111559
-2.15652	 0.00145669
-2.15319	 0.00117209
-2.14986	 0.0012427
-2.14652	 0.000829355
-2.14319	 0.00121326
-2.13986	 0.00128876
-2.13652	 0.000815384
-2.13319	 0.00131845
-2.12986	 0.000943742
-2.12652	 0.000996702
-2.12319	 0.000812709
-2.11986	 0.00097675
-2.11653	 0.00117302
-2.11319	 0.00120096
-2.10986	 0.00112907
-2.10653	 0.00130721
-2.10319	 0.000899657
-2.09986	 0.000835971
-2.09653	 0.00111663
-2.09319	 0.0010055
-2.08986	 0.000851205
-2.08653	 0.000870623
-2.08319	 0.000993252
-2.07986	 0.000857858
-2.07653	 0.000923115
-2.0732	 0.000848023
-2.06986	 0.000986624
-2.06653	 0.000843463
-2.0632	 0.000896972
-2.05986	 0.000856148
-2.05653	 0.000811158
-2.0532	 0.00081866
-2.04986	 0.000758041
-2.04653	 0.00119427
-2.0432	 0.00089478
-2.03986	 0.000845234
-2.03653	 0.000836782
-2.0332	 0.000918506
-2.02986	 0.000897392
-2.02653	 0.000927521
-2.0232	 0.000934365
-2.01987	 0.000957189
-2.01653	 0.000912207
-2.0132	 0.000898294
-2.00987	 0.000684089
-2.00653	 0.00101214
-2.0032	 0.000939103
-1.99987	 0.000884094
-1.99653	 0.000607207
-1.9932	 0.000793761
-1.98987	 0.000737354
-1.98653	 0.000635083
-1.9832	 0.000841624
-1.97987	 0.000670931
-1.97653	 0.000800883
-1.9732	 0.000958816
-1.96987	 0.000873408
-1.96654	 0.000865973
-1.9632	 0.000803838
-1.95987	 0.000558775
-1.95654	 0.000752733
-1.9532	 0.000775835
-1.94987	 0.000726012
-1.94654	 0.000807195
-1.9432	 0.000873793
-1.93987	 0.00043509
-1.93654	 0.000766638
-1.9332	 0.000762437
-1.92987	 0.000928637
-1.92654	 0.000992611
-1.92321	 0.000962672
-1.91987	 0.00103367
-1.91654	 0.000714491
-1.91321	 0.000938058
-1.90987	 0.000767245
-1.90654	 0.00081161
-1.90321	 0.000647014
-1.89987	 0.000713362
-1.89654	 0.000687201
-1.89321	 0.00116132
-1.88987	 0.000590171
-1.88654	 0.000614074
-1.88321	 0.000823999
-1.87987	 0.000841643
-1.87654	 0.000943043
-1.87321	 0.000634989
-1.86988	 0.00076583
-1.86654	 0.000892216
-1.86321	 0.000736942
-1.85988	 0.000914463
-1.85654	 0.000712149
-1.85321	 0.000497595
-1.84988	 0.000783333
-1.84654	 0.000874691
-1.84321	 0.000841028
-1.83988	 0.00058085
-1.83654	 0.000741055
-1.83321	 0.000682072
-1.82988	 0.000844649
-1.82654	 0.000833531
-1.82321	 0.000867505
-1.81988	 0.000581966
-1.81655	 0.000659191
-1.81321	 0.000724072
-1.80988	 0.000736178
-1.80655	 0.000851921
-1.80321	 0.000966005
-1.79988	 0.000608859
-1.79655	 0.000849823
-1.79321	 0.000796281
-1.78988	 0.000676156
-1.78655	 0.000759429
-1.78321	 0.000767242
-1.77988	 0.000813101
-1.77655	 0.000987743
-1.77322	 0.000691483
-1.76988	 0.00063665
-1.76655	 0.000819336
-1.76322	 0.000718727
-1.75988	 0.000710025
-1.75655	 0.000593091
-1.75322	 0.000747766
-1.74988	 0.000729907
-1.74655	 0.000970408
-1.74322	 0.000562485
-1.73988	 0.000992249
-1.73655	 0.000736241
-1.73322	 0.000718777
-1.72988	 0.000767654
-1.72655	 0.000848676
-1.72322	 0.000754902
-1.71989	 0.000980422
-1.71655	 0.00077035
-1.71322	 0.000882677
-1.70989	 0.000718951
-1.70655	 0.000755672
-1.70322	 0.000789617
-1.69989	 0.000898407
-1.69655	 0.00076134
-1.69322	 0.000772604
-1.68989	 0.000948361
-1.68655	 0.000845928
-1.68322	 0.001021
-1.67989	 0.000854332
-1.67655	 0.000868961
-1.67322	 0.000770997
-1.66989	 0.000671037
-1.66656	 0.000726235
-1.66322	 0.000689735
-1.65989	 0.000753365
-1.65656	 0.000718032
-1.65322	 0.000797567
-1.64989	 0.000647817
-1.64656	 0.000587258
-1.64322	 0.000859499
-1.63989	 0.000777172
-1.63656	 0.000814363
-1.63322	 0.000800337
-1.62989	 0.000958262
-1.62656	 0.00103526
-1.62323	 0.000880329
-1.61989	 0.000855275
-1.61656	 0.00115954
-1.61323	 0.000973696
-1.60989	 0.000955377
-1.60656	 0.000954198
-1.60323	 0.000891917
-1.59989	 0.000623473
-1.59656	 0.000833956
-1.59323	 0.000908925
-1.58989	 0.000790904
-1.58656	 0.000990301
-1.58323	 0.000851302
-1.57989	 0.000937158
-1.57656	 0.00108322
-1.57323	 0.000763447
-1.5699	 0.000760148
-1.56656	 0.000987084
-1.56323	 0.000758961
-1.5599	 0.00103585
-1.55656	 0.000809939
-1.55323	 0.00101114
-1.5499	 0.000832568
-1.54656	 0.00073536
-1.54323	 0.000853027
-1.5399	 0.00088361
-1.53656	 0.000713369
-1.53323	 0.0010364
-1.5299	 0.000991617
-1.52656	 0.00100957
-1.52323	 0.000893756
-1.5199	 0.00103948
-1.51657	 0.0010739
-1.51323	 0.00103287
-1.5099	 0.000992701
-1.50657	 0.00162771
-1.50323	 0.00104693
-1.4999	 0.000867146
-1.49657	 0.000834255
-1.49323	 0.000857599
-1.4899	 0.00101219
-1.48657	 0.00113288
-1.48323	 0.00140146
-1.4799	 0.00110838
-1.47657	 0.000742337
-1.47324	 0.000881847
-1.4699	 0.000934912
-1.46657	 0.00101988
-1.46324	 0.00067731
-1.4599	 0.00115739
-1.45657	 0.000752077
-1.45324	 0.000916247
-1.4499	 0.000926598
-1.44657	 0.00102825
-1.44324	 0.00145884
-1.4399	 0.00117185
-1.43657	 0.00122758
-1.43324	 0.00115694
-1.4299	 0.0013726
-1.42657	 0.00134324
-1.42324	 0.00136337
-1.41991	 0.00147268
-1.41657	 0.00140813
-1.41324	 0.00159685
-1.40991	 0.00107943
-1.40657	 0.00132566
-1.40324	 0.00106181
-1.39991	 0.00151333
-1.39657	 0.00180905
-1.39324	 0.00177875
-1.38991	 0.00138301
-1.38657	 0.00152454
-1.38324	 0.00154631
-1.37991	 0.00158793
-1.37657	 0.00128074
-1.37324	 0.00161203
-1.36991	 0.00075483
-1.36658	 0.00170113
-1.36324	 0.00199825
-1.35991	 0.00150772
-1.35658	 0.00201188
-1.35324	 0.00185354
-1.34991	 0.00120132
-1.34658	 0.00166493
-1.34324	 0.00197832
-1.33991	 0.0021353
-1.33658	 0.00202078
-1.33324	 0.001786
-1.32991	 0.00162874
-1.32658	 0.00177817
-1.32325	 0.00206522
-1.31991	 0.00238406
-1.31658	 0.00251095
-1.31325	 0.00196954
-1.30991	 0.00239882
-1.30658	 0.00223169
-1.30325	 0.0028777
-1.29991	 0.00365118
-1.29658	 0.0031798
-1.29325	 0.00250307
-1.28991	 0.00228079
-1.28658	 0.00344123
-1.28325	 0.00325565
-1.27991	 0.00381074
-1.27658	 0.00304118
-1.27325	 0.00277709
-1.26992	 0.00363009
-1.26658	 0.00325378
-1.26325	 0.00410775
-1.25992	 0.00392901
-1.25658	 0.00323782
-1.25325	 0.00457824
-1.24992	 0.00337625
-1.24658	 0.0035653
-1.24325	 0.00415149
-1.23992	 0.00470989
-1.23658	 0.0028974
-1.23325	 0.00382571
-1.22992	 0.0049738
-1.22658	 0.00494332
-1.22325	 0.00546356
-1.21992	 0.00672381
-1.21659	 0.00636831
-1.21325	 0.00539971
-1.20992	 0.00794282
-1.20659	 0.00752509
-1.20325	 0.00732744
-1.19992	 0.0120267
-1.19659	 0.0148301
-1.19325	 0.0143805
-1.18992	 0.0131968
-1.18659	 0.0167635
-1.18325	 0.0181263
-1.17992	 0.0202932
-1.17659	 0.0105841
-1.17326	 0.0125418
-1.16992	 0.00886129
-1.16659	 0.0113094
-1.16326	 0.00846874
-1.15992	 0.00772109
-1.15659	 0.0069223
-1.15326	 0.006082
-1.14992	 0.00502112
-1.14659	 0.0054631
-1.14326	 0.00489843
-1.13992	 0.00497113
-1.13659	 0.00409318
-1.13326	 0.00394694
-1.12992	 0.00512729
-1.12659	 0.0038749
-1.12326	 0.00427825
-1.11993	 0.00314273
-1.11659	 0.00383501
-1.11326	 0.00296528
-1.10993	 0.00270234
-1.10659	 0.00264707
-1.10326	 0.00279946
-1.09993	 0.00289176
-1.09659	 0.0022487
-1.09326	 0.00228759
-1.08993	 0.00267231
-1.08659	 0.00149041
-1.08326	 0.00235071
-1.07993	 0.00213665
-1.07659	 0.00229465
-1.07326	 0.00206038
-1.06993	 0.00205731
-1.0666	 0.00188818
-1.06326	 0.00205167
-1.05993	 0.00260271
-1.0566	 0.0019497
-1.05326	 0.00155734
-1.04993	 0.00192818
-1.0466	 0.00167366
-1.04326	 0.00133999
-1.03993	 0.00160355
-1.0366	 0.00155154
-1.03326	 0.00164153
-1.02993	 0.0016803
-1.0266	 0.00159409
-1.02327	 0.00174545
-1.01993	 0.00165941
-1.0166	 0.00156222
-1.01327	 0.00143271
-1.00993	 0.00153617
-1.0066	 0.00104659
-1.00327	 0.00106871
-0.999933	 0.00115132
-0.9966	 0.00144207
-0.993267	 0.00158118
-0.989934	 0.00149805
-0.986601	 0.0014188
-0.983268	 0.00123357
-0.979935	 0.00110923
-0.976602	 0.00128143
-0.973268	 0.00153134
-0.969935	 0.0010167
-0.966602	 0.00070411
-0.963269	 0.00119425
-0.959936	 0.00106074
-0.956603	 0.00126918
-0.95327	 0.00123649
-0.949937	 0.0014974
-0.946604	 0.00177033
-0.94327	 0.00112112
-0.939937	 0.00123591
-0.936604	 0.000836958
-0.933271	 0.00123325
-0.929938	 0.000997679
-0.926605	 0.00118153
-0.923272	 0.00119746
-0.919939	 0.00129229
-0.916606	 0.000914117
-0.913272	 0.000866992
-0.909939	 0.00108768
-0.906606	 0.00116031
-0.903273	 0.000843873
-0.89994	 0.00125534
-0.896607	 0.000940219
-0.893274	 0.000825706
-0.889941	 0.00125456
-0.886608	 0.000933849
-0.883274	 0.00119567
-0.879941	 0.000711853
-0.876608	 0.00100485
-0.873275	 0.00101732
-0.869942	 0.000965549
-0.866609	 0.00100986
-0.863276	 0.0010941
-0.859943	 0.00121219
-0.85661	 0.00111546
-0.853276	 0.000871312
-0.849943	 0.000999898
-0.84661	 0.00133468
-0.843277	 0.000952158
-0.839944	 0.00102487
-0.836611	 0.000679489
-0.833278	 0.00107588
-0.829945	 0.000864042
-0.826612	 0.00103196
-0.823278	 0.000934114
-0.819945	 0.00123847
-0.816612	 0.000904379
-0.813279	 0.000829299
-0.809946	 0.000763639
-0.806613	 0.000679819
-0.80328	 0.000791003
-0.799947	 0.000640204
-0.796614	 0.000746707
-0.79328	 0.000835554
-0.789947	 0.0010367
-0.786614	 0.000961911
-0.783281	 0.000734464
-0.779948	 0.000670055
-0.776615	 0.000804862
-0.773282	 0.000963544
-0.769949	 0.000545031
-0.766616	 0.000588257
-0.763282	 0.000822408
-0.759949	 0.00070006
-0.756616	 0.000846602
-0.753283	 0.00103101
-0.74995	 0.000604617
-0.746617	 0.000830239
-0.743284	 0.000620516
-0.739951	 0.000878207
-0.736618	 0.000823668
-0.733284	 0.000862426
-0.729951	 0.000737852
-0.726618	 0.000737269
-0.723285	 0.000954563
-0.719952	 0.00081514
-0.716619	 0.000835715
-0.713286	 0.000954635
-0.709953	 0.000765001
-0.70662	 0.000857063
-0.703286	 0.000811299
-0.699953	 0.000974625
-0.69662	 0.00102988
-0.693287	 0.000799602
-0.689954	 0.000929311
-0.686621	 0.000789254
-0.683288	 0.000805884
-0.679955	 0.000921941
-0.676622	 0.000865481
-0.673288	 0.000824413
-0.669955	 0.000817113
-0.666622	 0.000857049
-0.663289	 0.000989073
-0.659956	 0.000762927
-0.656623	 0.000594904
-0.65329	 0.000914119
-0.649957	 0.000779027
-0.646624	 0.000724211
-0.64329	 0.000831591
-0.639957	 0.000554139
-0.636624	 0.000931316
-0.633291	 0.000593827
-0.629958	 0.000663661
-0.626625	 0.000754978
-0.623292	 0.0010301
-0.619959	 0.000707322
-0.616626	 0.000886432
-0.613292	 0.00065107
-0.609959	 0.00074744
-0.606626	 0.000894596
-0.603293	 0.000876968
-0.59996	 0.000832414
-0.596627	 0.00072751
-0.593294	 0.000711077
-0.589961	 0.000934581
-0.586628	 0.000906088
-0.583294	 0.000855025
-0.579961	 0.000876793
-0.576628	 0.000979643
-0.573295	 0.000903572
-0.569962	 0.000913563
-0.566629	 0.000940899
-0.563296	 0.00082037
-0.559963	 0.000840716
-0.55663	 0.000705849
-0.553296	 0.0010607
-0.549963	 0.000716432
-0.54663	 0.000834203
-0.543297	 0.000723234
-0.539964	 0.0010365
-0.536631	 0.0012942
-0.533298	 0.000922817
-0.529965	 0.000759876
-0.526632	 0.000750295
-0.523298	 0.000918137
-0.519965	 0.000997778
-0.516632	 0.00106528
-0.513299	 0.000907837
-0.509966	 0.000988783
-0.506633	 0.000636439
-0.5033	 0.000761294
-0.499967	 0.000846556
-0.496634	 0.00086817
-0.4933	 0.000732093
-0.489967	 0.000949129
-0.486634	 0.0011329
-0.483301	 0.000812468
-0.479968	 0.000927878
-0.476635	 0.000698037
-0.473302	 0.00124585
-0.469969	 0.00106022
-0.466636	 0.000914915
-0.463302	 0.00123105
-0.459969	 0.000742519
-0.456636	 0.000858907
-0.453303	 0.000908254
-0.44997	 0.00103892
-0.446637	 0.000798099
-0.443304	 0.000818201
-0.439971	 0.000793971
-0.436638	 0.000790784
-0.433304	 0.000811969
-0.429971	 0.000935215
-0.426638	 0.000979548
-0.423305	 0.0010121
-0.419972	 0.000996839
-0.416639	 0.00109717
-0.413306	 0.000879568
-0.409973	 0.0011402
-0.40664	 0.000903598
-0.403306	 0.000992625
-0.399973	 0.000933343
-0.39664	 0.000885981
-0.393307	 0.000727802
-0.389974	 0.00115272
-0.386641	 0.000713423
-0.383308	 0.000799179
-0.379975	 0.000889585
-0.376642	 0.000758606
-0.373308	 0.00105364
-0.369975	 0.00109553
-0.366642	 0.00128351
-0.363309	 0.000933506
-0.359976	 0.00139208
-0.356643	 0.00100725
-0.35331	 0.00118868
-0.349977	 0.00120676
-0.346644	 0.0010922
-0.34331	 0.00113464
-0.339977	 0.00104684
-0.336644	 0.00102532
-0.333311	 0.00102216
-0.329978	 0.00116441
-0.326645	 0.000945978
-0.323312	 0.00105753
-0.319979	 0.0011814
-0.316646	 0.00109299
-0.313312	 0.00113359
-0.309979	 0.00117913
-0.306646	 0.000996754
-0.303313	 0.000783642
-0.29998	 0.00116005
-0.296647	 0.00128508
-0.293314	 0.00134451
-0.289981	 0.00147833
-0.286648	 0.0013833
-0.283314	 0.0010168
-0.279981	 0.00135914
-0.276648	 0.00115925
-0.273315	 0.0016764
-0.269982	 0.00137436
-0.266649	 0.00117413
-0.263316	 0.00149891
-0.259983	 0.00116778
-0.25665	 0.00160585
-0.253316	 0.00148311
-0.249983	 0.00113956
-0.24665	 0.000808425
-0.243317	 0.0014265
-0.239984	 0.00116085
-0.236651	 0.00146471
-0.233318	 0.00173856
-0.229985	 0.00154211
-0.226652	 0.00113558
-0.223318	 0.00137483
-0.219985	 0.00157165
-0.216652	 0.00133282
-0.213319	 0.00146147
-0.209986	 0.00165122
-0.206653	 0.00129496
-0.20332	 0.00129144
-0.199987	 0.00157794
-0.196654	 0.00196176
-0.19332	 0.00120264
-0.189987	 0.00128414
-0.186654	 0.0016149
-0.183321	 0.00197911
-0.179988	 0.00184594
-0.176655	 0.00153939
-0.173322	 0.00212777
-0.169989	 0.00179595
-0.166656	 0.00186701
-0.163322	 0.00215814
-0.159989	 0.00168279
-0.156656	 0.00160157
-0.153323	 0.00212313
-0.14999	 0.00239871
-0.146657	 0.00227601
-0.143324	 0.00178119
-0.139991	 0.00205806
-0.136658	 0.00212289
-0.133324	 0.0025253
-0.129991	 0.00221133
-0.126658	 0.00171793
-0.123325	 0.0025109
-0.119992	 0.00298172
-0.116659	 0.00281622
-0.113326	 0.00283272
-0.109993	 0.00295036
-0.10666	 0.00210135
-0.103326	 0.00361484
-0.0999933	 0.00264611
-0.0966602	 0.00332299
-0.0933271	 0.00388445
-0.089994	 0.00347601
-0.0866609	 0.00375332
-0.0833278	 0.00247887
-0.0799947	 0.00369088
-0.0766616	 0.00279072
-0.0733284	 0.00470318
-0.0699953	 0.00519622
-0.0666622	 0.00489476
-0.0633291	 0.00426776
-0.059996	 0.00517222
-0.0566629	 0.00517127
-0.0533298	 0.00650528
-0.0499967	 0.00506966
-0.0466636	 0.00552195
-0.0433304	 0.00825693
-0.0399973	 0.0070116
-0.0366642	 0.0070202
-0.0333311	 0.00885829
-0.029998	 0.0113142
-0.0266649	 0.0135032
-0.0233318	 0.0155154
-0.0199987	 0.0160415
-0.0166656	 0.0143232
-0.0133324	 0.0238018
-0.00999933	 0.0398399
-0.00666622	 0.0546627
-0.00333311	 1.96354e-05
0	 1
0.00333311	 0.0576929
0.00666622	 0.0468785
0.00999933	 0.0247377
0.0133324	 0.0168832
0.0166656	 0.0158103
0.0199987	 0.0159175
0.0233318	 0.0131841
0.0266649	 0.0108507
0.029998	 0.00843562
0.0333311	 0.00733085
0.0366642	 0.00645197
0.0399973	 0.00765149
0.0433304	 0.00734054
0.0466636	 0.00498135
0.0499967	 0.00666517
0.0533298	 0.00492724
0.0566629	 0.00441598
0.059996	 0.00434372
0.0633291	 0.00486827
0.0666622	 0.00516283
0.0699953	 0.00448636
0.0733284	 0.00226158
0.0766616	 0.00400849
0.0799947	 0.00291346
0.0833278	 0.00360413
0.0866609	 0.00326932
0.089994	 0.00272885
0.0933271	 0.00335947
0.0966602	 0.0029673
0.0999933	 0.00309858
0.103326	 0.00321486
0.10666	 0.00334466
0.109993	 0.00299578
0.113326	 0.0026789
0.116659	 0.00262874
0.119992	 0.00289341
0.123325	 0.00222832
0.126658	 0.00225857
0.129991	 0.00263387
0.133324	 0.00201106
0.136658	 0.00197165
0.139991	 0.00153775
0.143324	 0.00245163
0.146657	 0.00207882
0.14999	 0.00201998
0.153323	 0.00120846
0.156656	 0.00167863
0.159989	 0.00239889
0.163322	 0.00175798
0.166656	 0.00134449
0.169989	 0.00194169
0.173322	 0.00194064
0.176655	 0.00179015
0.179988	 0.00163625
0.183321	 0.00185419
0.186654	 0.00159741
0.189987	 0.00110445
0.19332	 0.00150569
0.196654	 0.00140281
0.199987	 0.00152192
0.20332	 0.00146942
0.206653	 0.00123657
0.209986	 0.00124988
0.213319	 0.00144177
0.216652	 0.00161899
0.219985	 0.00129302
0.223318	 0.00144098
0.226652	 0.00146868
0.229985	 0.00188206
0.233318	 0.00133621
0.236651	 0.00143695
0.239984	 0.00142178
0.243317	 0.0010808
0.24665	 0.00140501
0.249983	 0.00151488
0.253316	 0.00134354
0.25665	 0.00154974
0.259983	 0.00119328
0.263316	 0.00135786
0.266649	 0.00123804
0.269982	 0.00153642
0.273315	 0.00100172
0.276648	 0.00109992
0.279981	 0.00142021
0.283314	 0.000988704
0.286648	 0.00124012
0.289981	 0.00111831
0.293314	 0.00104395
0.296647	 0.00126954
0.29998	 0.00130782
0.303313	 0.00104152
0.306646	 0.00109262
0.309979	 0.000983932
0.313312	 0.00112483
0.316646	 0.00081532
0.319979	 0.00098178
0.323312	 0.00143874
0.326645	 0.00136515
0.329978	 0.000914099
0.333311	 0.00112947
0.336644	 0.000853963
0.339977	 0.00120159
0.34331	 0.00111136
0.346644	 0.000946126
0.349977	 0.00105718
0.35331	 0.000886247
0.356643	 0.00101248
0.359976	 0.000882828
0.363309	 0.00108491
0.366642	 0.00104248
0.369975	 0.000990393
0.373308	 0.000875936
0.376642	 0.00117944
0.379975	 0.00104089
0.383308	 0.000873893
0.386641	 0.000927068
0.389974	 0.000819405
0.393307	 0.000897955
0.39664	 0.000745849
0.399973	 0.000903679
0.403306	 0.00101056
0.40664	 0.00116181
0.409973	 0.000821374
0.413306	 0.00118975
0.416639	 0.000929924
0.419972	 0.000815714
0.423305	 0.000863558
0.426638	 0.00106532
0.429971	 0.00071257
0.433304	 0.0008645
0.436638	 0.00117903
0.439971	 0.000755362
0.443304	 0.000821727
0.446637	 0.00104061
0.44997	 0.00121752
0.453303	 0.00101376
0.456636	 0.000805144
0.459969	 0.000810651
0.463302	 0.000941316
0.466636	 0.000778043
0.469969	 0.00103721
0.473302	 0.000794022
0.476635	 0.00107906
0.479968	 0.000812106
0.483301	 0.0010349
0.486634	 0.000883659
0.489967	 0.000722998
0.4933	 0.00106921
0.496634	 0.00100266
0.499967	 0.000914181
0.5033	 0.00078825
0.506633	 0.00091969
0.509966	 0.000906928
0.513299	 0.000975255
0.516632	 0.000870784
0.519965	 0.000721977
0.523298	 0.000644322
0.526632	 0.000880287
0.529965	 0.000751034
0.533298	 0.00105839
0.536631	 0.000913902
0.539964	 0.00063615
0.543297	 0.000725489
0.54663	 0.000812341
0.549963	 0.000849069
0.553296	 0.00101454
0.55663	 0.00108794
0.559963	 0.000749592
0.563296	 0.000807855
0.566629	 0.000849354
0.569962	 0.000936687
0.573295	 0.000913843
0.576628	 0.000840124
0.579961	 0.000557199
0.583294	 0.000764656
0.586628	 0.000842592
0.589961	 0.000810611
0.593294	 0.000716577
0.596627	 0.000699473
0.59996	 0.000920622
0.603293	 0.000727565
0.606626	 0.000653448
0.609959	 0.000764311
0.613292	 0.000677945
0.616626	 0.00101502
0.619959	 0.000803276
0.623292	 0.000749122
0.626625	 0.000584464
0.629958	 0.000773629
0.633291	 0.000737886
0.636624	 0.000755949
0.639957	 0.000953801
0.64329	 0.000823954
0.646624	 0.000738025
0.649957	 0.000795361
0.65329	 0.000804221
0.656623	 0.000605193
0.659956	 0.000992987
0.663289	 0.000697051
0.666622	 0.000840302
0.669955	 0.000752128
0.673288	 0.000870852
0.676622	 0.000966698
0.679955	 0.000825019
0.683288	 0.000951691
0.686621	 0.000756722
0.689954	 0.00072543
0.693287	 0.000641768
0.69662	 0.00104171
0.699953	 0.000818618
0.703286	 0.00084007
0.70662	 0.000908956
0.709953	 0.000761981
0.713286	 0.000909881
0.716619	 0.00083515
0.719952	 0.000842132
0.723285	 0.000594278
0.726618	 0.000681028
0.729951	 0.000655323
0.733284	 0.000791245
0.736618	 0.000758708
0.739951	 0.000698788
0.743284	 0.000891889
0.746617	 0.00085875
0.74995	 0.000781983
0.753283	 0.00100131
0.756616	 0.00108393
0.759949	 0.000800113
0.763282	 0.00073355
0.766616	 0.000888367
0.769949	 0.000825984
0.773282	 0.000930122
0.776615	 0.000826141
0.779948	 0.000780921
0.783281	 0.000689697
0.786614	 0.000840747
0.789947	 0.000904975
0.79328	 0.000935577
0.796614	 0.000662505
0.799947	 0.000790151
0.80328	 0.000931399
0.806613	 0.000823067
0.809946	 0.00118977
0.813279	 0.000923114
0.816612	 0.000992627
0.819945	 0.000896866
0.823278	 0.000779718
0.826612	 0.000849019
0.829945	 0.0010358
0.833278	 0.00112453
0.836611	 0.00093528
0.839944	 0.00116436
0.843277	 0.000980969
0.84661	 0.00104598
0.849943	 0.000838033
0.853276	 0.000883709
0.85661	 0.000866326
0.859943	 0.000875121
0.863276	 0.000860917
0.866609	 0.000969055
0.869942	 0.000878076
0.873275	 0.00113127
0.876608	 0.00107774
0.879941	 0.0010513
0.883274	 0.000834211
0.886608	 0.000988895
0.889941	 0.00101205
0.893274	 0.000917709
0.896607	 0.00110734
0.89994	 0.0009895
0.903273	 0.00125099
0.906606	 0.00117193
0.909939	 0.00105364
0.913272	 0.00112439
0.916606	 0.000980295
0.919939	 0.00118187
0.923272	 0.00108209
0.926605	 0.00120375
0.929938	 0.00104975
0.933271	 0.00107025
0.936604	 0.000935135
0.939937	 0.00110584
0.94327	 0.00137224
0.946604	 0.00128515
0.949937	 0.00145459
0.95327	 0.00106694
0.956603	 0.00120527
0.959936	 0.00091314
0.963269	 0.00132978
0.966602	 0.00123609
0.969935	 0.00169488
0.973268	 0.00130988
0.976602	 0.00126311
0.979935	 0.00124209
0.983268	 0.00154368
0.986601	 0.00171185
0.989934	 0.00117564
0.993267	 0.00134321
0.9966	 0.00129506
0.999933	 0.0015553
1.00327	 0.00118008
1.0066	 0.001751
1.00993	 0.00115715
1.01327	 0.00162852
1.0166	 0.00192821
1.01993	 0.00151758
1.02327	 0.00136266
1.0266	 0.00138687
1.02993	 0.00182853
1.03326	 0.00163783
1.0366	 0.00119319
1.03993	 0.00191828
1.04326	 0.00167673
1.0466	 0.00213017
1.04993	 0.00146245
1.05326	 0.00180528
1.0566	 0.00191718
1.05993	 0.00203441
1.06326	 0.00214189
1.0666	 0.00192585
1.06993	 0.00172543
1.07326	 0.00171623
1.07659	 0.00223701
1.07993	 0.00208171
1.08326	 0.00149982
1.08659	 0.00248086
1.08993	 0.00206042
1.09326	 0.00254884
1.09659	 0.00197656
1.09993	 0.00259496
1.10326	 0.00241078
1.10659	 0.00269385
1.10993	 0.00284424
1.11326	 0.00382672
1.11659	 0.00306193
1.11993	 0.00428168
1.12326	 0.0036149
1.12659	 0.00444568
1.12992	 0.00345379
1.13326	 0.00462738
1.13659	 0.00531281
1.13992	 0.00480487
1.14326	 0.00518324
1.14659	 0.00335256
1.14992	 0.0057403
1.15326	 0.00579992
1.15659	 0.00793486
1.15992	 0.00714766
1.16326	 0.0102316
1.16659	 0.0102353
1.16992	 0.0102033
1.17326	 0.00990468
1.17659	 0.0217983
1.17992	 0.0149551
1.18325	 0.0187653
1.18659	 0.015275
1.18992	 0.0150656
1.19325	 0.0137075
1.19659	 0.0125295
1.19992	 0.00827252
1.20325	 0.00854339
1.20659	 0.006906
1.20992	 0.0054573
1.21325	 0.00545212
1.21659	 0.00490184
1.21992	 0.00536517
1.22325	 0.00484886
1.22658	 0.00624081
1.22992	 0.00436207
1.23325	 0.003853
1.23658	 0.00325457
1.23992	 0.00393886
1.24325	 0.00333794
1.24658	 0.00326725
1.24992	 0.00441089
1.25325	 0.00286413
1.25658	 0.00447311
1.25992	 0.00337621
1.26325	 0.00450334
1.26658	 0.00305242
1.26992	 0.00300764
1.27325	 0.00207209
1.27658	 0.00458584
1.27991	 0.00279817
1.28325	 0.00267627
1.28658	 0.00241582
1.28991	 0.00274219
1.29325	 0.00271687
1.29658	 0.00315792
1.29991	 0.0018489
1.30325	 0.00201066
1.30658	 0.00187973
1.30991	 0.00191457
1.31325	 0.00227293
1.31658	 0.00255884
1.31991	 0.00209595
1.32325	 0.00165788
1.32658	 0.00214048
1.32991	 0.00158252
1.33324	 0.00147649
1.33658	 0.00205938
1.33991	 0.00149581
1.34324	 0.00175397
1.34658	 0.00171482
1.34991	 0.00182601
1.35324	 0.00244058
1.35658	 0.00176592
1.35991	 0.0010833
1.36324	 0.00147178
1.36658	 0.00187505
1.36991	 0.00221466
1.37324	 0.00139418
1.37657	 0.00181521
1.37991	 0.00191982
1.38324	 0.00152397
1.38657	 0.00135075
1.38991	 0.00134853
1.39324	 0.00127114
1.39657	 0.00135731
1.39991	 0.00170631
1.40324	 0.000994719
1.40657	 0.00139214
1.40991	 0.00156356
1.41324	 0.00135745
1.41657	 0.00150203
1.41991	 0.000898164
1.42324	 0.00118573
1.42657	 0.00104592
1.4299	 0.0014361
1.43324	 0.00111722
1.43657	 0.00123241
1.4399	 0.00136096
1.44324	 0.001256
1.44657	 0.00107099
1.4499	 0.000967846
1.45324	 0.00084254
1.45657	 0.00109147
1.4599	 0.00109729
1.46324	 0.000761881
1.46657	 0.00089546
1.4699	 0.00113542
1.47324	 0.0012814
1.47657	 0.00103304
1.4799	 0.00126102
1.48323	 0.00086533
1.48657	 0.00115117
1.4899	 0.00126201
1.49323	 0.0009193
1.49657	 0.00144988
1.4999	 0.00110025
1.50323	 0.000987992
1.50657	 0.00132219
1.5099	 0.000776165
1.51323	 0.00120546
1.51657	 0.00103044
1.5199	 0.000953793
1.52323	 0.00106778
1.52656	 0.00102791
1.5299	 0.00101074
1.53323	 0.000978483
1.53656	 0.0011009
1.5399	 0.0011485
1.54323	 0.000916612
1.54656	 0.00084575
1.5499	 0.00122548
1.55323	 0.0010111
1.55656	 0.000949538
1.5599	 0.00087866
1.56323	 0.000906517
1.56656	 0.00113397
1.5699	 0.0010637
1.57323	 0.000823246
1.57656	 0.000793759
1.57989	 0.000800991
1.58323	 0.000941162
1.58656	 0.0011276
1.58989	 0.00108347
1.59323	 0.000667878
1.59656	 0.000724085
1.59989	 0.000811892
1.60323	 0.000724441
1.60656	 0.000968649
1.60989	 0.000840808
1.61323	 0.00105024
1.61656	 0.00096573
1.61989	 0.00125608
1.62323	 0.000821102
1.62656	 0.00101288
1.62989	 0.000854515
1.63322	 0.00104475
1.63656	 0.00104705
1.63989	 0.000801288
1.64322	 0.000569644
1.64656	 0.000961986
1.64989	 0.000704669
1.65322	 0.00100419
1.65656	 0.00069439
1.65989	 0.000656136
1.66322	 0.000733149
1.66656	 0.000651084
1.66989	 0.000979803
1.67322	 0.000664672
1.67655	 0.000649325
1.67989	 0.000836604
1.68322	 0.000571555
1.68655	 0.000774758
1.68989	 0.00100934
1.69322	 0.000727055
1.69655	 0.00059239
1.69989	 0.00059665
1.70322	 0.000842117
1.70655	 0.000753697
1.70989	 0.000686184
1.71322	 0.000789035
1.71655	 0.000753066
1.71989	 0.000835645
1.72322	 0.00060078
1.72655	 0.000601412
1.72988	 0.000855301
1.73322	 0.000765576
1.73655	 0.000932267
1.73988	 0.000701921
1.74322	 0.00101732
1.74655	 0.000777707
1.74988	 0.000560201
1.75322	 0.000728554
1.75655	 0.000567492
1.75988	 0.000671227
1.76322	 0.000908461
1.76655	 0.000720783
1.76988	 0.000617583
1.77322	 0.000836225
1.77655	 0.000777939
1.77988	 0.000764692
1.78321	 0.000669146
1.78655	 0.000819782
1.78988	 0.000935369
1.79321	 0.000696565
1.79655	 0.000669418
1.79988	 0.000723205
1.80321	 0.000908293
1.80655	 0.000767591
1.80988	 0.000858075
1.81321	 0.000902352
1.81655	 0.000859736
1.81988	 0.000565077
1.82321	 0.000718233
1.82654	 0.000782756
1.82988	 0.000681714
1.83321	 0.000707215
1.83654	 0.000646958
1.83988	 0.00101708
1.84321	 0.000686075
1.84654	 0.000706567
1.84988	 0.000626471
1.85321	 0.000710979
1.85654	 0.000811791
1.85988	 0.000723434
1.86321	 0.000744602
1.86654	 0.000591314
1.86988	 0.000853947
1.87321	 0.000819357
1.87654	 0.000851161
1.87987	 0.000801055
1.88321	 0.000860818
1.88654	 0.000579328
1.88987	 0.00068244
1.89321	 0.000766014
1.89654	 0.000609431
1.89987	 0.000747871
1.90321	 0.000837093
1.90654	 0.000737992
1.90987	 0.000662384
1.91321	 0.000694932
1.91654	 0.000836064
1.91987	 0.000696948
1.92321	 0.000957965
1.92654	 0.000898555
1.92987	 0.000737224
1.9332	 0.000957611
1.93654	 0.000676229
1.93987	 0.000899775
1.9432	 0.000653126
1.94654	 0.0006072
1.94987	 0.000688012
1.9532	 0.000877285
1.95654	 0.000928004
1.95987	 0.000855011
1.9632	 0.000954818
1.96654	 0.000679093
1.96987	 0.000871669
1.9732	 0.00101375
1.97653	 0.000906048
1.97987	 0.000735099
1.9832	 0.000937809
1.98653	 0.000731027
1.98987	 0.000763464
1.9932	 0.000820367
1.99653	 0.000742112
1.99987	 0.000995795
2.0032	 0.000730853
2.00653	 0.000914837
2.00987	 0.000741708
2.0132	 0.000765546
2.01653	 0.000812413
2.01987	 0.000853523
2.0232	 0.000620818
2.02653	 0.000912123
2.02986	 0.000787005
2.0332	 0.000953654
2.03653	 0.00104963
2.03986	 0.000816498
2.0432	 0.000935919
2.04653	 0.00103972
2.04986	 0.000871144
2.0532	 0.00101756
2.05653	 0.00060676
2.05986	 0.000917883
2.0632	 0.000865926
2.06653	 0.00103636
2.06986	 0.00106095
2.0732	 0.00111537
2.07653	 0.00114716
2.07986	 0.000884625
2.08319	 0.000918037
2.08653	 0.00107709
2.08986	 0.001012
2.09319	 0.000980907
2.09653	 0.000428458
2.09986	 0.000971893
2.10319	 0.00110763
2.10653	 0.0013668
2.10986	 0.00112053
2.11319	 0.000910986
2.11653	 0.00114414
2.11986	 0.000810805
2.12319	 0.000930127
2.12652	 0.000983946
2.12986	 0.000891618
2.13319	 0.000802246
2.13652	 0.00139315
2.13986	 0.00123878
2.14319	 0.000842859
2.14652	 0.00122562
2.14986	 0.00125753
2.15319	 0.00130644
2.15652	 0.000990488
2.15986	 0.00110464
2.16319	 0.00120717
2.16652	 0.000881705
2.16986	 0.00121712
2.17319	 0.00135216
2.17652	 0.00110362
2.17985	 0.00142788
2.18319	 0.00111002
2.18652	 0.00138942
2.18985	 0.00106332
2.19319	 0.00110179
2.19652	 0.00134202
2.19985	 0.00136419
2.20319	 0.00111275
2.20652	 0.00136061
2.20985	 0.00148421
2.21319	 0.00147609
2.21652	 0.00152454
2.21985	 0.00174004
2.22319	 0.00186693
2.22652	 0.0010585
2.22985	 0.00176018
2.23318	 0.00151715
2.23652	 0.00138016
2.23985	 0.00153331
2.24318	 0.00170694
2.24652	 0.00158155
2.24985	 0.00239668
2.25318	 0.00182126
2.25652	 0.00182793
2.25985	 0.00197603
2.26318	 0.00155833
2.26652	 0.00207258
2.26985	 0.00200036
2.27318	 0.00208159
2.27651	 0.00194635
2.27985	 0.00212433
2.28318	 0.00175994
2.28651	 0.00188108
2.28985	 0.00282869
2.29318	 0.00255438
2.29651	 0.00229469
2.29985	 0.00255176
2.30318	 0.00278014
2.30651	 0.00286268
2.30985	 0.00255205
2.31318	 0.00267866
2.31651	 0.00331457
2.31985	 0.00245306
2.32318	 0.00340064
2.32651	 0.00367434
2.32984	 0.00452602
2.33318	 0.00402675
2.33651	 0.00413731
2.33984	 0.00317701
2.34318	 0.00410393
2.34651	 0.00426761
2.34984	 0.00471415
2.35318	 0.00508175
2.35651	 0.00388798
2.35984	 0.00474871
2.36318	 0.00422168
2.36651	 0.00469607
2.36984	 0.00353283
2.37318	 0.00378147
2.37651	 0.00322271
2.37984	 0.00495056
2.38317	 0.00331306
2.38651	 0.00537048
2.38984	 0.00431244
2.39317	 0.0050218
2.39651	 0.00484734
2.39984	 0.00498499
2.40317	 0.00445413
2.40651	 0.00358998
2.40984	 0.00434535
2.41317	 0.00364258
2.41651	 0.00448354
2.41984	 0.00421739
2.42317	 0.00370394
2.4265	 0.0027965
2.42984	 0.00420668
2.43317	 0.00348406
2.4365	 0.00230145
2.43984	 0.00324268
2.44317	 0.0040838
2.4465	 0.00332502
2.44984	 0.00365582
2.45317	 0.00323697
2.4565	 0.00342702
2.45984	 0.00229953
2.46317	 0.00261245
2.4665	 0.00266124
2.46984	 0.00233497
2.47317	 0.00251557
2.4765	 0.00249184
2.47983	 0.00280402
2.48317	 0.00202308
2.4865	 0.0026446
2.48983	 0.00186419
2.49317	 0.00233644
2.4965	 0.00261269
2.49983	 0.00209049
2.50317	 0.00249978
2.5065	 0.00199349
2.50983	 0.00300921
2.51317	 0.00219647
2.5165	 0.00257899
2.51983	 0.00221979
2.52317	 0.00190945
2.5265	 0.00223285
2.52983	 0.00172867
2.53316	 0.00175953
2.5365	 0.00173683
2.53983	 0.00178958
2.54316	 0.00153598
2.5465	 0.00229298
2.54983	 0.00208992
2.55316	 0.0018998
2.5565	 0.00146766
2.55983	 0.00149583
2.56316	 0.00185157
2.5665	 0.00181805
2.56983	 0.00154267
2.57316	 0.00160533
2.57649	 0.0013
2.57983	 0.00167011
2.58316	 0.00152041
2.58649	 0.00195233
2.58983	 0.00167741
2.59316	 0.00151421
2.59649	 0.00145411
2.59983	 0.00157059
2.60316	 0.00150743
2.60649	 0.00152605
2.60983	 0.00135537
2.61316	 0.00165781
2.61649	 0.00100654
2.61983	 0.00125068
2.62316	 0.00140762
2.62649	 0.00136736
2.62982	 0.00109906
2.63316	 0.000840215
2.63649	 0.00156798
2.63982	 0.00132629
2.64316	 0.000966041
2.64649	 0.00135162
2.64982	 0.00114472
2.65316	 0.00130357
2.65649	 0.000976653
2.65982	 0.00125796
2.66316	 0.000974536
2.66649	 0.00124784
2.66982	 0.00133268
2.67316	 0.00109599
2.67649	 0.00114635
2.67982	 0.00105624
2.68315	 0.000966034
2.68649	 0.000923509
2.68982	 0.00102942
2.69315	 0.0013579
2.69649	 0.000994683
2.69982	 0.0015129
2.70315	 0.00106325
2.70649	 0.00104197
2.70982	 0.00113291
2.71315	 0.00096119
2.71649	 0.00102608
2.71982	 0.00083807
2.72315	 0.00094185
2.72648	 0.00112282
2.72982	 0.00120083
2.73315	 0.000917541
2.73648	 0.00104942
2.73982	 0.000702963
2.74315	 0.000951889
2.74648	 0.000818158
2.74982	 0.000647917
2.75315	 0.000994374
2.75648	 0.00100825
2.75982	 0.000871694
2.76315	 0.000940616
2.76648	 0.000911246
2.76982	 0.000945689
2.77315	 0.00122846
2.77648	 0.000673018
2.77981	 0.000872165
2.78315	 0.00110278
2.78648	 0.000921043
2.78981	 0.000850828
2.79315	 0.00106343
2.79648	 0.000831186
2.79981	 0.000812763
2.80315	 0.000796666
2.80648	 0.00067484
2.80981	 0.000947936
2.81315	 0.000909429
2.81648	 0.000834369
2.81981	 0.000756497
2.82315	 0.000804182
2.82648	 0.000738038
2.82981	 0.000871525
2.83314	 0.00073217
2.83648	 0.000816708
2.83981	 0.000552916
2.84314	 0.000835263
2.84648	 0.000713774
2.84981	 0.00070826
2.85314	 0.000637811
2.85648	 0.000790312
2.85981	 0.00077538
2.86314	 0.00073706
2.86648	 0.00075095
2.86981	 0.00089122
2.87314	 0.000948756
2.87647	 0.00109611
2.87981	 0.000662027
2.88314	 0.00107671
2.88647	 0.000598611
2.88981	 0.00078134
2.89314	 0.000923176
2.89647	 0.000830645
2.89981	 0.000753999
2.90314	 0.00125211
2.90647	 0.000792297
2.90981	 0.000704729
2.91314	 0.000825325
2.91647	 0.000651604
2.91981	 0.000795518
2.92314	 0.000731511
2.92647	 0.00078926
2.9298	 0.000774457
2.93314	 0.000772533
2.93647	 0.000675364
2.9398	 0.000773971
2.94314	 0.00081045
2.94647	 0.000815615
2.9498	 0.000817857
2.95314	 0.000590851
2.95647	 0.000854659
2.9598	 0.000813719
2.96314	 0.00090843
2.96647	 0.000652195
2.9698	 0.000824013
2.97314	 0.000649473
2.97647	 0.000780729
2.9798	 0.000850546
2.98313	 0.000743869
2.98647	 0.000679333
2.9898	 0.000720065
2.99313	 0.000929136
2.99647	 0.000720554
2.9998	 0.000640911
3.00313	 0.000564006
3.00647	 0.000780254
3.0098	 0.000547574
3.01313	 0.000744009
3.01647	 0.000761481
3.0198	 0.000881656
3.02313	 0.000524901
3.02646	 0.000684664
3.0298	 0.000791863
3.03313	 0.0011642
3.03646	 0.000804405
3.0398	 0.000701681
3.04313	 0.000620777
3.04646	 0.000652468
3.0498	 0.000855023
3.05313	 0.000837505
3.05646	 0.000752658
3.0598	 0.000528941
3.06313	 0.000722009
3.06646	 0.000631962
3.0698	 0.000604124
3.07313	 0.000656695
3.07646	 0.000560162
3.07979	 0.000783448
3.08313	 0.000645949
3.08646	 0.0006603
3.08979	 0.000634108
3.09313	 0.00116654
3.09646	 0.000823786
3.09979	 0.000684035
3.10313	 0.00102448
3.10646	 0.000591037
3.10979	 0.00095396
3.11313	 0.00082013
3.11646	 0.000700278
3.11979	 0.000740569
3.12313	 0.000832193
3.12646	 0.000899957
3.12979	 0.000716898
3.13312	 0.000715618
3.13646	 0.00066735
3.13979	 0.000814428
3.14312	 0.000794834
3.14646	 0.000760207
3.14979	 0.000657199
3.15312	 0.0009175
3.15646	 0.000849825
3.15979	 0.000958883
3.16312	 0.000723915
3.16646	 0.000690242
3.16979	 0.000758574
3.17312	 0.000976038
3.17645	 0.0010505
3.17979	 0.000847899
3.18312	 0.000624526
3.18645	 0.000740112
3.18979	 0.000799966
3.19312	 0.000874818
3.19645	 0.000806905
3.19979	 0.000783608
3.20312	 0.000806761
3.20645	 0.000773921
3.20979	 0.000866087
3.21312	 0.000905328
3.21645	 0.000811089
3.21979	 0.00113762
3.22312	 0.000703482
3.22645	 0.00079386
3.22978	 0.000806857
3.23312	 0.000792558
3.23645	 0.000899647
3.23978	 0.000896011
3.24312	 0.000747572
3.24645	 0.000633069
3.24978	 0.000895193
3.25312	 0.00106065
3.25645	 0.000907074
3.25978	 0.00100724
3.26312	 0.00110427
3.26645	 0.000809332
3.26978	 0.000688523
3.27312	 0.000796658
3.27645	 0.000813626
3.27978	 0.000847236
3.28311	 0.00106068
3.28645	 0.000682159
3.28978	 0.00091612
3.29311	 0.000772041
3.29645	 0.00117119
3.29978	 0.000791086
3.30311	 0.000851929
3.30645	 0.000895924
3.30978	 0.000974346
3.31311	 0.000981391
3.31645	 0.00110244
3.31978	 0.00113845
3.32311	 0.000959522
3.32644	 0.00143772
3.32978	 0.000835362
3.33311	 0.000853547
3.33644	 0.000942296
3.33978	 0.00106973
3.34311	 0.000951875
3.34644	 0.000855057
3.34978	 0.000796609
3.35311	 0.00125764
3.35644	 0.000838985
3.35978	 0.000892703
3.36311	 0.00132456
3.36644	 0.00109557
3.36978	 0.000906059
3.37311	 0.00129028
3.37644	 0.00130062
3.37977	 0.001017
3.38311	 0.0013442
3.38644	 0.00111297
3.38977	 0.00103878
3.39311	 0.00124879
3.39644	 0.00136538
3.39977	 0.00133449
3.40311	 0.00121084
3.40644	 0.0013381
3.40977	 0.0012602
3.41311	 0.00148334
3.41644	 0.00162552
3.41977	 0.00117463
3.42311	 0.00119788
3.42644	 0.00110088
3.42977	 0.00146148
3.4331	 0.00166692
3.43644	 0.00149644
3.43977	 0.00117422
3.4431	 0.00130762
3.44644	 0.001692
3.44977	 0.00146571
3.4531	 0.00128315
3.45644	 0.00100839
3.45977	 0.00151876
3.4631	 0.00170429
3.46644	 0.0016388
3.46977	 0.00155668
3.4731	 0.00158127
3.47643	 0.00160976
3.47977	 0.00124356
3.4831	 0.00149119
3.48643	 0.00195992
3.48977	 0.00174763
3.4931	 0.00160584
3.49643	 0.00201364
3.49977	 0.00148886
3.5031	 0.00231581
3.50643	 0.00189984
3.50977	 0.00188502
3.5131	 0.00202882
3.51643	 0.00153964
3.51977	 0.00186445
3.5231	 0.00213835
3.52643	 0.00210866
3.52976	 0.00204271
3.5331	 0.00169978
3.53643	 0.00222125
3.53976	 0.00284534
3.5431	 0.00314754
3.54643	 0.00240904
3.54976	 0.00205412
3.5531	 0.00228029
3.55643	 0.00276533
3.55976	 0.00315597
3.5631	 0.00285284
3.56643	 0.00252245
3.56976	 0.00329222
3.5731	 0.00300697
3.57643	 0.00200584
3.57976	 0.00300509
3.58309	 0.00318042
3.58643	 0.00371121
3.58976	 0.00296554
3.59309	 0.00281863
3.59643	 0.00478709
3.59976	 0.00268095
3.60309	 0.00304269
3.60643	 0.0024627
3.60976	 0.00236768
3.61309	 0.00385598
3.61643	 0.00312576
3.61976	 0.00293029
3.62309	 0.00309657
3.62642	 0.00230042
3.62976	 0.0024587
3.63309	 0.00244424
3.63642	 0.00348342
3.63976	 0.00246434
3.64309	 0.00278939
3.64642	 0.0032788
3.64976	 0.00273096
3.65309	 0.00290352
3.65642	 0.00263048
3.65976	 0.00225479
3.66309	 0.00271082
3.66642	 0.00337222
3.66976	 0.00189555
3.67309	 0.00230691
3.67642	 0.00234857
3.67975	 0.00208179
3.68309	 0.00190709
3.68642	 0.00256535
3.68975	 0.00303088
3.69309	 0.00194693
3.69642	 0.00173662
3.69975	 0.00201952
3.70309	 0.0022087
3.70642	 0.00220745
3.70975	 0.0013848
3.71309	 0.00198776
3.71642	 0.00256303
3.71975	 0.00233969
3.72309	 0.00199403
3.72642	 0.0021904
3.72975	 0.00184096
3.73308	 0.00122498
3.73642	 0.00182159
3.73975	 0.00230663
3.74308	 0.00218281
3.74642	 0.00194779
3.74975	 0.00239506
3.75308	 0.00132668
3.75642	 0.00158674
3.75975	 0.00169234
3.76308	 0.00216066
3.76642	 0.00161344
3.76975	 0.00156896
3.77308	 0.00135285
3.77641	 0.00194107
3.77975	 0.00151565
3.78308	 0.00178589
3.78641	 0.00135387
3.78975	 0.000957864
3.79308	 0.00147989
3.79641	 0.00144782
3.79975	 0.00171226
3.80308	 0.00135572
3.80641	 0.00112742
3.80975	 0.00160973
3.81308	 0.00186358
3.81641	 0.00122072
3.81975	 0.00111956
3.82308	 0.00153983
3.82641	 0.00123127
3.82974	 0.00132326
3.83308	 0.00141938
3.83641	 0.00154679
3.83974	 0.00137735
3.84308	 0.00127839
3.84641	 0.00112324
3.84974	 0.000931118
3.85308	 0.00102416
3.85641	 0.000928041
3.85974	 0.00115873
3.86308	 0.00113435
3.86641	 0.00109398
3.86974	 0.00106985
3.87308	 0.000939984
3.87641	 0.00108251
3.87974	 0.00110096
3.88307	 0.000988654
3.88641	 0.000801935
3.88974	 0.000972667
3.89307	 0.000985362
3.89641	 0.0011666
3.89974	 0.000678446
3.90307	 0.000919899
3.90641	 0.000907697
3.90974	 0.00104989
3.91307	 0.00112856
3.91641	 0.000739046
3.91974	 0.00101778
3.92307	 0.00116023
3.9264	 0.000971012
3.92974	 0.000920771
3.93307	 0.00133059
3.9364	 0.000852049
3.93974	 0.0010019
3.94307	 0.000937771
3.9464	 0.000983013
3.94974	 0.00111203
3.95307	 0.000921884
3.9564	 0.000922881
3.95974	 0.000701098
3.96307	 0.00118083
3.9664	 0.000746469
3.96974	 0.000899133
3.97307	 0.000827097
3.9764	 0.0010451
3.97973	 0.000802952
3.98307	 0.0010307
3.9864	 0.000854815
3.98973	 0.000807463
3.99307	 0.000645099
3.9964	 0.000769024
3.99973	 0.000951599
4.00307	 0.00092532
4.0064	 0.00104517
4.00973	 0.00086422
4.01307	 0.000783563
4.0164	 0.000775728
4.01973	 0.0008106
4.02307	 0.000703869
4.0264	 0.000880266
4.02973	 0.00061467
4.03306	 0.000694189
4.0364	 0.000549666
4.03973	 0.000717938
4.04306	 0.000858865
4.0464	 0.000787341
4.04973	 0.00066372
4.05306	 0.000806429
4.0564	 0.000445029
4.05973	 0.000832
4.06306	 0.000546464
4.0664	 0.000697226
4.06973	 0.000763498
4.07306	 0.000863567
4.07639	 0.00076623
4.07973	 0.000716757
4.08306	 0.00105068
4.08639	 0.000654807
4.08973	 0.000687763
4.09306	 0.000694898
4.09639	 0.00059742
4.09973	 0.000610045
4.10306	 0.000652126
4.10639	 0.000705283
4.10973	 0.000901159
4.11306	 0.000739013
4.11639	 0.000648123
4.11973	 0.000795321
4.12306	 0.000796047
4.12639	 0.000632621
4.12972	 0.000837501
4.13306	 0.00085333
4.13639	 0.000770865
4.13972	 0.000674884
4.14306	 0.000753077
4.14639	 0.000637058
4.14972	 0.000761847
4.15306	 0.000729777
4.15639	 0.000665858
4.15972	 0.000908526
4.16306	 0.000858835
4.16639	 0.000688621
4.16972	 0.00069653
4.17306	 0.000644701
4.17639	 0.000508639
4.17972	 0.000796025
4.18305	 0.000711258
4.18639	 0.000671385
4.18972	 0.000762049
4.19305	 0.00080229
4.19639	 0.00082275
4.19972	 0.000608616
4.20305	 0.000537169
4.20639	 0.000731646
4.20972	 0.000573556
4.21305	 0.000726626
4.21639	 0.000679669
4.21972	 0.000702591
4.22305	 0.000845996
4.22638	 0.000811968
4.22972	 0.00071667
4.23305	 0.00074962
4.23638	 0.000650562
4.23972	 0.000478895
4.24305	 0.000618145
4.24638	 0.000609314
4.24972	 0.000593483
4.25305	 0.000681618
4.25638	 0.000720903
4.25972	 0.000628484
4.26305	 0.000910023
4.26638	 0.000746635
4.26972	 0.000752036
4.27305	 0.000711402
4.27638	 0.000522308
4.27971	 0.000982539
4.28305	 0.000771829
4.28638	 0.000460931
4.28971	 0.000932556
4.29305	 0.000675856
4.29638	 0.000820706
4.29971	 0.000785148
4.30305	 0.000638213
4.30638	 0.000744527
4.30971	 0.00059845
4.31305	 0.000478254
4.31638	 0.000619573
4.31971	 0.000780501
4.32305	 0.000723994
4.32638	 0.000631186
4.32971	 0.00085065
4.33304	 0.000585696
4.33638	 0.000651242
4.33971	 0.00072843
4.34304	 0.000737544
4.34638	 0.000705165
4.34971	 0.000573394
4.35304	 0.00069978
4.35638	 0.00100049
4.35971	 0.000726331
4.36304	 0.000830335
4.36638	 0.000653118
4.36971	 0.000835723
4.37304	 0.000866949
4.37637	 0.00087232
4.37971	 0.000676417
4.38304	 0.000675744
4.38637	 0.00071743
4.38971	 0.00073279
4.39304	 0.000622966
4.39637	 0.000805277
4.39971	 0.000823829
4.40304	 0.000734144
4.40637	 0.000723663
4.40971	 0.000833022
4.41304	 0.000964436
4.41637	 0.000633846
4.41971	 0.00078874
4.42304	 0.000714158
4.42637	 0.000806535
4.4297	 0.000726407
4.43304	 0.000822038
4.43637	 0.000680713
4.4397	 0.000836193
4.44304	 0.000646085
4.44637	 0.000872151
4.4497	 0.000917643
4.45304	 0.00094514
4.45637	 0.000749029
4.4597	 0.000879142
4.46304	 0.000561857
4.46637	 0.00079053
4.4697	 0.00101268
4.47304	 0.00085309
4.47637	 0.00113898
4.4797	 0.000889151
4.48303	 0.000753622
4.48637	 0.000984932
4.4897	 0.000715042
4.49303	 0.000782487
4.49637	 0.000607385
4.4997	 0.000741473
4.50303	 0.000857339
4.50637	 0.000869611
4.5097	 0.000780162
4.51303	 0.000980382
4.51637	 0.000759655
4.5197	 0.000752259
4.52303	 0.00083895
4.52636	 0.000907149
4.5297	 0.000749086
4.53303	 0.00107198
4.53636	 0.00102305
4.5397	 0.000875634
4.54303	 0.00117403
4.54636	 0.00119315
4.5497	 0.00113561
4.55303	 0.000982406
4.55636	 0.000742973
4.5597	 0.000858974
4.56303	 0.00102016
4.56636	 0.0011304
4.5697	 0.00107893
4.57303	 0.000988195
4.57636	 0.000688335
4.57969	 0.00122614
4.58303	 0.000849642
4.58636	 0.000729075
4.58969	 0.000947285
4.59303	 0.000922532
4.59636	 0.00097209
4.59969	 0.00105378
4.60303	 0.000960476
4.60636	 0.00102522
4.60969	 0.00153378
4.61303	 0.00131607
4.61636	 0.00111942
4.61969	 0.00125869
4.62303	 0.00146466
4.62636	 0.00123401
4.62969	 0.000863736
4.63302	 0.00143191
4.63636	 0.000886181
4.63969	 0.00110156
4.64302	 0.00124034
4.64636	 0.00107145
4.64969	 0.00113204
4.65302	 0.0010555
4.65636	 0.00122022
4.65969	 0.00116687
4.66302	 0.00103182
4.66636	 0.00102449
4.66969	 0.0012065
4.67302	 0.00143679
4.67635	 0.00158826
4.67969	 0.00111428
4.68302	 0.00140236
4.68635	 0.00140831
4.68969	 0.00120087
4.69302	 0.00111813
4.69635	 0.00113884
4.69969	 0.00121383
4.70302	 0.00153117
4.70635	 0.00139254
4.70969	 0.00226721
4.71302	 0.00143942
4.71635	 0.00170598
4.71969	 0.00159632
4.72302	 0.00159496
4.72635	 0.0017591
4.72968	 0.00161607
4.73302	 0.00198777
4.73635	 0.00160638
4.73968	 0.00189805
4.74302	 0.00191985
4.74635	 0.00164197
4.74968	 0.00181033
4.75302	 0.00173944
4.75635	 0.00184435
4.75968	 0.00174565
4.76302	 0.00198163
4.76635	 0.00152201
4.76968	 0.00189508
4.77302	 0.00190408
4.77635	 0.00275485
4.77968	 0.00200363
4.78301	 0.00235263
4.78635	 0.00191288
4.78968	 0.00176177
4.79301	 0.00192113
4.79635	 0.00248931
4.79968	 0.00208318
4.80301	 0.00244478
4.80635	 0.00235427
4.80968	 0.00224877
4.81301	 0.00215653
4.81635	 0.00192823
4.81968	 0.0017661
4.82301	 0.00195363
4.82634	 0.00296975
4.82968	 0.00228961
4.83301	 0.00218462
4.83634	 0.00145897
4.83968	 0.00228992
4.84301	 0.00273675
4.84634	 0.00143426
4.84968	 0.00166106
4.85301	 0.00128565
4.85634	 0.00196732
4.85968	 0.00167228
4.86301	 0.00186565
4.86634	 0.00227668
4.86968	 0.00205252
4.87301	 0.00190055
4.87634	 0.00224161
4.87967	 0.00223289
4.88301	 0.0021497
4.88634	 0.00238422
4.88967	 0.0023226
4.89301	 0.00227461
4.89634	 0.00210271
4.89967	 0.00179707
4.90301	 0.00163459
4.90634	 0.00175177
4.90967	 0.0015133
4.91301	 0.00228439
4.91634	 0.00219856
4.91967	 0.00199515
4.92301	 0.00244489
4.92634	 0.00150288
4.92967	 0.00204953
4.933	 0.0021568
4.93634	 0.00193737
4.93967	 0.00221533
4.943	 0.00152466
4.94634	 0.00177858
4.94967	 0.00174175
4.953	 0.00133683
4.95634	 0.00147334
4.95967	 0.00139458
4.963	 0.00144208
4.96634	 0.00178424
4.96967	 0.0014723
4.973	 0.0017623
4.97633	 0.00115097
4.97967	 0.00126809
4.983	 0.00151541
4.98633	 0.00122458
4.98967	 0.00141044
4.993	 0.00105408
4.99633	 0.00129038
