# Frequency [GHz] 	Fouriercomponent
-4.99967	 0.559114
-4.99633	 0.65742
-4.993	 0.603874
-4.98967	 0.676391
-4.98633	 0.506032
-4.983	 0.536245
-4.97967	 0.481532
-4.97633	 0.506976
-4.973	 0.62058
-4.96967	 0.568236
-4.96634	 0.608587
-4.963	 0.622127
-4.95967	 0.761607
-4.95634	 0.67359
-4.953	 0.550424
-4.94967	 0.480824
-4.94634	 0.609835
-4.943	 0.665797
-4.93967	 0.667431
-4.93634	 0.555203
-4.933	 0.593367
-4.92967	 0.55826
-4.92634	 0.575327
-4.92301	 0.645268
-4.91967	 0.475311
-4.91634	 0.596275
-4.91301	 0.472934
-4.90967	 0.676177
-4.90634	 0.629661
-4.90301	 0.657249
-4.89967	 0.575279
-4.89634	 0.522746
-4.89301	 0.710307
-4.88967	 0.559815
-4.88634	 0.487987
-4.88301	 0.478331
-4.87967	 0.609911
-4.87634	 0.757062
-4.87301	 0.570718
-4.86968	 0.452697
-4.86634	 0.736926
-4.86301	 0.378253
-4.85968	 0.48678
-4.85634	 0.440256
-4.85301	 0.528849
-4.84968	 0.581595
-4.84634	 0.487902
-4.84301	 0.539289
-4.83968	 0.47614
-4.83634	 0.488023
-4.83301	 0.481058
-4.82968	 0.503752
-4.82634	 0.506364
-4.82301	 0.439858
-4.81968	 0.654371
-4.81635	 0.43622
-4.81301	 0.732822
-4.80968	 0.673567
-4.80635	 0.648526
-4.80301	 0.673433
-4.79968	 0.461107
-4.79635	 0.642896
-4.79301	 0.803703
-4.78968	 0.54682
-4.78635	 0.783778
-4.78301	 0.55865
-4.77968	 0.470705
-4.77635	 0.663368
-4.77302	 0.579619
-4.76968	 0.624171
-4.76635	 0.57732
-4.76302	 0.519203
-4.75968	 0.552979
-4.75635	 0.401227
-4.75302	 0.621773
-4.74968	 0.579012
-4.74635	 0.773199
-4.74302	 0.549965
-4.73968	 0.790953
-4.73635	 0.602974
-4.73302	 0.420816
-4.72968	 0.492925
-4.72635	 0.515928
-4.72302	 0.557015
-4.71969	 0.571542
-4.71635	 0.519824
-4.71302	 0.613238
-4.70969	 0.594759
-4.70635	 0.542649
-4.70302	 0.505619
-4.69969	 0.507114
-4.69635	 0.571237
-4.69302	 0.628227
-4.68969	 0.594699
-4.68635	 0.607559
-4.68302	 0.554208
-4.67969	 0.537274
-4.67635	 0.60792
-4.67302	 0.529948
-4.66969	 0.669255
-4.66636	 0.494715
-4.66302	 0.485301
-4.65969	 0.478499
-4.65636	 0.454862
-4.65302	 0.508133
-4.64969	 0.500315
-4.64636	 0.564818
-4.64302	 0.497218
-4.63969	 0.616615
-4.63636	 0.651018
-4.63302	 0.576442
-4.62969	 0.457953
-4.62636	 0.604672
-4.62303	 0.750206
-4.61969	 0.561693
-4.61636	 0.582403
-4.61303	 0.572992
-4.60969	 0.576209
-4.60636	 0.566123
-4.60303	 0.547847
-4.59969	 0.416991
-4.59636	 0.662361
-4.59303	 0.627191
-4.58969	 0.531246
-4.58636	 0.567222
-4.58303	 0.49569
-4.57969	 0.786299
-4.57636	 0.60765
-4.57303	 0.621513
-4.5697	 0.636824
-4.56636	 0.519962
-4.56303	 0.690286
-4.5597	 0.58877
-4.55636	 0.693408
-4.55303	 0.606615
-4.5497	 0.691682
-4.54636	 0.397991
-4.54303	 0.580566
-4.5397	 0.497772
-4.53636	 0.502313
-4.53303	 0.438501
-4.5297	 0.817632
-4.52636	 0.582211
-4.52303	 0.581581
-4.5197	 0.754024
-4.51637	 0.543007
-4.51303	 0.596873
-4.5097	 0.592144
-4.50637	 0.53495
-4.50303	 0.562775
-4.4997	 0.641711
-4.49637	 0.520915
-4.49303	 0.558792
-4.4897	 0.693195
-4.48637	 0.689255
-4.48303	 0.362986
-4.4797	 0.899448
-4.47637	 0.531957
-4.47304	 0.627064
-4.4697	 0.437595
-4.46637	 0.620912
-4.46304	 0.691185
-4.4597	 0.614557
-4.45637	 0.634516
-4.45304	 0.595996
-4.4497	 0.680307
-4.44637	 0.581062
-4.44304	 0.626946
-4.4397	 0.531795
-4.43637	 0.620166
-4.43304	 0.55607
-4.4297	 0.56674
-4.42637	 0.416711
-4.42304	 0.720311
-4.41971	 0.511353
-4.41637	 0.657151
-4.41304	 0.567024
-4.40971	 0.591101
-4.40637	 0.559742
-4.40304	 0.456792
-4.39971	 0.711773
-4.39637	 0.637251
-4.39304	 0.762456
-4.38971	 0.58691
-4.38637	 0.505852
-4.38304	 0.668394
-4.37971	 0.568503
-4.37637	 0.572633
-4.37304	 0.523358
-4.36971	 0.534235
-4.36638	 0.486749
-4.36304	 0.660055
-4.35971	 0.724656
-4.35638	 0.542929
-4.35304	 0.616787
-4.34971	 0.501409
-4.34638	 0.483459
-4.34304	 0.660115
-4.33971	 0.633062
-4.33638	 0.565642
-4.33304	 0.481904
-4.32971	 0.658788
-4.32638	 0.624877
-4.32305	 0.664661
-4.31971	 0.630302
-4.31638	 0.547396
-4.31305	 0.581375
-4.30971	 0.705755
-4.30638	 0.487596
-4.30305	 0.689618
-4.29971	 0.643433
-4.29638	 0.62339
-4.29305	 0.648451
-4.28971	 0.536128
-4.28638	 0.520569
-4.28305	 0.61979
-4.27971	 0.473252
-4.27638	 0.657746
-4.27305	 0.560355
-4.26972	 0.599997
-4.26638	 0.500589
-4.26305	 0.688581
-4.25972	 0.664795
-4.25638	 0.637129
-4.25305	 0.70961
-4.24972	 0.576071
-4.24638	 0.466185
-4.24305	 0.716644
-4.23972	 0.78769
-4.23638	 0.567046
-4.23305	 0.655804
-4.22972	 0.482165
-4.22638	 0.602598
-4.22305	 0.768836
-4.21972	 0.748808
-4.21639	 0.513256
-4.21305	 0.547586
-4.20972	 0.557222
-4.20639	 0.546693
-4.20305	 0.665709
-4.19972	 0.641851
-4.19639	 0.576616
-4.19305	 0.610842
-4.18972	 0.46462
-4.18639	 0.567791
-4.18305	 0.739773
-4.17972	 0.714109
-4.17639	 0.55706
-4.17306	 0.660883
-4.16972	 0.535537
-4.16639	 0.578973
-4.16306	 0.493357
-4.15972	 0.45167
-4.15639	 0.614982
-4.15306	 0.594167
-4.14972	 0.683941
-4.14639	 0.587672
-4.14306	 0.550467
-4.13972	 0.566394
-4.13639	 0.742261
-4.13306	 0.639794
-4.12972	 0.660138
-4.12639	 0.757199
-4.12306	 0.701532
-4.11973	 0.589719
-4.11639	 0.669418
-4.11306	 0.511669
-4.10973	 0.510588
-4.10639	 0.557506
-4.10306	 0.567254
-4.09973	 0.548324
-4.09639	 0.702119
-4.09306	 0.564119
-4.08973	 0.453787
-4.08639	 0.54907
-4.08306	 0.438616
-4.07973	 0.596515
-4.07639	 0.508121
-4.07306	 0.702704
-4.06973	 0.519031
-4.0664	 0.66722
-4.06306	 0.717492
-4.05973	 0.679153
-4.0564	 0.575355
-4.05306	 0.732839
-4.04973	 0.687298
-4.0464	 0.58698
-4.04306	 0.598822
-4.03973	 0.560912
-4.0364	 0.759424
-4.03306	 0.485149
-4.02973	 0.482223
-4.0264	 0.532397
-4.02307	 0.560834
-4.01973	 0.456835
-4.0164	 0.658182
-4.01307	 0.569419
-4.00973	 0.713258
-4.0064	 0.556707
-4.00307	 0.789526
-3.99973	 0.610696
-3.9964	 0.598521
-3.99307	 0.763912
-3.98973	 0.547407
-3.9864	 0.691809
-3.98307	 0.66391
-3.97973	 0.4958
-3.9764	 0.511999
-3.97307	 0.691414
-3.96974	 0.526372
-3.9664	 0.426376
-3.96307	 0.687217
-3.95974	 0.528448
-3.9564	 0.580428
-3.95307	 0.531867
-3.94974	 0.684941
-3.9464	 0.574791
-3.94307	 0.548704
-3.93974	 0.713477
-3.9364	 0.550084
-3.93307	 0.586874
-3.92974	 0.587967
-3.9264	 0.74979
-3.92307	 0.685093
-3.91974	 0.622524
-3.91641	 0.875547
-3.91307	 0.723687
-3.90974	 0.520575
-3.90641	 0.672039
-3.90307	 0.74683
-3.89974	 0.553392
-3.89641	 0.512643
-3.89307	 0.617575
-3.88974	 0.620437
-3.88641	 0.666191
-3.88307	 0.78035
-3.87974	 0.657467
-3.87641	 0.703722
-3.87308	 0.636564
-3.86974	 0.788307
-3.86641	 0.61566
-3.86308	 0.597246
-3.85974	 0.743915
-3.85641	 0.703253
-3.85308	 0.583554
-3.84974	 0.613702
-3.84641	 0.759547
-3.84308	 0.570931
-3.83974	 0.573627
-3.83641	 0.777362
-3.83308	 0.65345
-3.82974	 0.691884
-3.82641	 0.803892
-3.82308	 0.577356
-3.81975	 0.67622
-3.81641	 0.632648
-3.81308	 0.67227
-3.80975	 0.587273
-3.80641	 0.513975
-3.80308	 0.480976
-3.79975	 0.465466
-3.79641	 0.514191
-3.79308	 0.882118
-3.78975	 0.77718
-3.78641	 0.592923
-3.78308	 0.615084
-3.77975	 0.710659
-3.77641	 0.912019
-3.77308	 0.632859
-3.76975	 0.627613
-3.76642	 0.641663
-3.76308	 0.630256
-3.75975	 0.85774
-3.75642	 0.660001
-3.75308	 0.546535
-3.74975	 0.651765
-3.74642	 0.604028
-3.74308	 0.742611
-3.73975	 0.677245
-3.73642	 0.763435
-3.73308	 0.610124
-3.72975	 0.7227
-3.72642	 0.692371
-3.72309	 0.78456
-3.71975	 0.567208
-3.71642	 0.674063
-3.71309	 0.592908
-3.70975	 0.669361
-3.70642	 0.705988
-3.70309	 0.748021
-3.69975	 0.608622
-3.69642	 0.711555
-3.69309	 0.56485
-3.68975	 0.566175
-3.68642	 0.446465
-3.68309	 0.70705
-3.67975	 0.595284
-3.67642	 0.628102
-3.67309	 0.626024
-3.66976	 0.507857
-3.66642	 0.669008
-3.66309	 0.592184
-3.65976	 0.639161
-3.65642	 0.665132
-3.65309	 0.71176
-3.64976	 0.653492
-3.64642	 0.768654
-3.64309	 0.447048
-3.63976	 0.606711
-3.63642	 0.68436
-3.63309	 0.683482
-3.62976	 0.653031
-3.62642	 0.663627
-3.62309	 0.605561
-3.61976	 0.59535
-3.61643	 0.72582
-3.61309	 0.725496
-3.60976	 0.657381
-3.60643	 0.690909
-3.60309	 0.670114
-3.59976	 0.793822
-3.59643	 0.579949
-3.59309	 0.557891
-3.58976	 0.767032
-3.58643	 0.561045
-3.58309	 0.644319
-3.57976	 0.550395
-3.57643	 0.721969
-3.5731	 0.758274
-3.56976	 0.676664
-3.56643	 0.754167
-3.5631	 0.590024
-3.55976	 0.642437
-3.55643	 0.717305
-3.5531	 0.680679
-3.54976	 0.578098
-3.54643	 0.604628
-3.5431	 0.527513
-3.53976	 0.64951
-3.53643	 0.916005
-3.5331	 0.715206
-3.52976	 0.688658
-3.52643	 0.390521
-3.5231	 0.597632
-3.51977	 0.718586
-3.51643	 0.705426
-3.5131	 0.605932
-3.50977	 0.910095
-3.50643	 0.621079
-3.5031	 0.912088
-3.49977	 0.630312
-3.49643	 0.670543
-3.4931	 0.595037
-3.48977	 0.653475
-3.48643	 0.902538
-3.4831	 0.688338
-3.47977	 0.593952
-3.47643	 0.618676
-3.4731	 0.641154
-3.46977	 0.713857
-3.46644	 0.58136
-3.4631	 0.644031
-3.45977	 0.66083
-3.45644	 0.571468
-3.4531	 0.827942
-3.44977	 0.79971
-3.44644	 0.756768
-3.4431	 0.724073
-3.43977	 0.666165
-3.43644	 0.797799
-3.4331	 0.696431
-3.42977	 0.794244
-3.42644	 0.728286
-3.42311	 0.54774
-3.41977	 0.547002
-3.41644	 0.640787
-3.41311	 0.688335
-3.40977	 0.758293
-3.40644	 0.68119
-3.40311	 0.564399
-3.39977	 0.58557
-3.39644	 0.733303
-3.39311	 0.702987
-3.38977	 0.617022
-3.38644	 0.701975
-3.38311	 0.758689
-3.37977	 0.800511
-3.37644	 0.646778
-3.37311	 0.718862
-3.36978	 0.550837
-3.36644	 0.635626
-3.36311	 0.719836
-3.35978	 0.760004
-3.35644	 0.56476
-3.35311	 0.772512
-3.34978	 0.656362
-3.34644	 0.498641
-3.34311	 0.548673
-3.33978	 0.767441
-3.33644	 0.919569
-3.33311	 0.852002
-3.32978	 0.459975
-3.32644	 0.606659
-3.32311	 0.642564
-3.31978	 0.73158
-3.31645	 0.587435
-3.31311	 0.886608
-3.30978	 0.742776
-3.30645	 0.514143
-3.30311	 0.811703
-3.29978	 0.77371
-3.29645	 0.609592
-3.29311	 0.744532
-3.28978	 0.808773
-3.28645	 0.661533
-3.28311	 0.616552
-3.27978	 0.787816
-3.27645	 0.787125
-3.27312	 0.716858
-3.26978	 0.757775
-3.26645	 0.469108
-3.26312	 0.772431
-3.25978	 0.582226
-3.25645	 0.852375
-3.25312	 0.870302
-3.24978	 0.901611
-3.24645	 0.714338
-3.24312	 0.850182
-3.23978	 0.631276
-3.23645	 0.746442
-3.23312	 0.549446
-3.22978	 0.843541
-3.22645	 0.781566
-3.22312	 0.738608
-3.21979	 0.663557
-3.21645	 0.822306
-3.21312	 0.766388
-3.20979	 0.628629
-3.20645	 0.687767
-3.20312	 0.809423
-3.19979	 0.51798
-3.19645	 0.723647
-3.19312	 0.693706
-3.18979	 0.486959
-3.18645	 0.697033
-3.18312	 0.753152
-3.17979	 0.685311
-3.17645	 0.916735
-3.17312	 0.851102
-3.16979	 0.801268
-3.16646	 0.730526
-3.16312	 0.712026
-3.15979	 0.634391
-3.15646	 0.839327
-3.15312	 0.63386
-3.14979	 0.797964
-3.14646	 0.750633
-3.14312	 0.74658
-3.13979	 0.776494
-3.13646	 0.379217
-3.13312	 0.72335
-3.12979	 0.715731
-3.12646	 0.704434
-3.12313	 0.633535
-3.11979	 0.584643
-3.11646	 0.656499
-3.11313	 0.87786
-3.10979	 0.86942
-3.10646	 0.679177
-3.10313	 0.667121
-3.09979	 0.876557
-3.09646	 0.736506
-3.09313	 0.930685
-3.08979	 0.73883
-3.08646	 0.776843
-3.08313	 0.884055
-3.07979	 0.714538
-3.07646	 0.719706
-3.07313	 0.666292
-3.0698	 0.55275
-3.06646	 0.734118
-3.06313	 0.861996
-3.0598	 0.607512
-3.05646	 0.653237
-3.05313	 0.74322
-3.0498	 0.755681
-3.04646	 0.68101
-3.04313	 0.837366
-3.0398	 0.660244
-3.03646	 0.544936
-3.03313	 0.714457
-3.0298	 0.637362
-3.02646	 0.781636
-3.02313	 0.793577
-3.0198	 0.767981
-3.01647	 0.884122
-3.01313	 0.553973
-3.0098	 0.766165
-3.00647	 0.885059
-3.00313	 0.800657
-2.9998	 0.784924
-2.99647	 0.639068
-2.99313	 0.709122
-2.9898	 0.744453
-2.98647	 0.932039
-2.98313	 0.794763
-2.9798	 0.733314
-2.97647	 0.657021
-2.97314	 0.866747
-2.9698	 0.778774
-2.96647	 0.76756
-2.96314	 0.731445
-2.9598	 0.627016
-2.95647	 0.850666
-2.95314	 0.850544
-2.9498	 0.926024
-2.94647	 0.733083
-2.94314	 0.767991
-2.9398	 0.878142
-2.93647	 0.763798
-2.93314	 0.822732
-2.9298	 0.732355
-2.92647	 0.7369
-2.92314	 0.856715
-2.91981	 1.04223
-2.91647	 0.687354
-2.91314	 0.852093
-2.90981	 0.536686
-2.90647	 0.703623
-2.90314	 0.621088
-2.89981	 0.803356
-2.89647	 0.843573
-2.89314	 0.670773
-2.88981	 0.807938
-2.88647	 0.734851
-2.88314	 0.798836
-2.87981	 0.86773
-2.87647	 0.540456
-2.87314	 0.848796
-2.86981	 0.63675
-2.86648	 0.71506
-2.86314	 0.648405
-2.85981	 0.693566
-2.85648	 0.659734
-2.85314	 0.801203
-2.84981	 0.624019
-2.84648	 0.643822
-2.84314	 0.824559
-2.83981	 0.597848
-2.83648	 0.684085
-2.83314	 0.796268
-2.82981	 0.846786
-2.82648	 0.898714
-2.82315	 0.951028
-2.81981	 0.764738
-2.81648	 0.878821
-2.81315	 0.868906
-2.80981	 0.664466
-2.80648	 0.646833
-2.80315	 0.677492
-2.79981	 0.877628
-2.79648	 0.764873
-2.79315	 0.68794
-2.78981	 0.63954
-2.78648	 0.953891
-2.78315	 0.804791
-2.77981	 0.873979
-2.77648	 0.852538
-2.77315	 0.748115
-2.76982	 0.637567
-2.76648	 0.838893
-2.76315	 0.672998
-2.75982	 0.867689
-2.75648	 0.812686
-2.75315	 0.778264
-2.74982	 0.704409
-2.74648	 0.757721
-2.74315	 0.804833
-2.73982	 0.880055
-2.73648	 0.612954
-2.73315	 0.642096
-2.72982	 0.741703
-2.72648	 0.781001
-2.72315	 0.758515
-2.71982	 0.696366
-2.71649	 0.677348
-2.71315	 0.568283
-2.70982	 0.788621
-2.70649	 0.702037
-2.70315	 0.613159
-2.69982	 0.639896
-2.69649	 0.596097
-2.69315	 0.762513
-2.68982	 0.902849
-2.68649	 0.80121
-2.68315	 0.923428
-2.67982	 0.705546
-2.67649	 0.573503
-2.67316	 0.850749
-2.66982	 0.819078
-2.66649	 0.883418
-2.66316	 0.777916
-2.65982	 0.716506
-2.65649	 0.808159
-2.65316	 0.841187
-2.64982	 0.67098
-2.64649	 0.833965
-2.64316	 0.740497
-2.63982	 0.822621
-2.63649	 0.690658
-2.63316	 0.950873
-2.62982	 0.548857
-2.62649	 0.693436
-2.62316	 0.789417
-2.61983	 0.749893
-2.61649	 0.778947
-2.61316	 0.783932
-2.60983	 0.741369
-2.60649	 0.606889
-2.60316	 0.644278
-2.59983	 0.660808
-2.59649	 0.815034
-2.59316	 0.74294
-2.58983	 0.711143
-2.58649	 0.72403
-2.58316	 0.87536
-2.57983	 0.823502
-2.57649	 0.677547
-2.57316	 0.947039
-2.56983	 0.792611
-2.5665	 0.54349
-2.56316	 0.711585
-2.55983	 0.901621
-2.5565	 0.726473
-2.55316	 0.873077
-2.54983	 0.621783
-2.5465	 0.698027
-2.54316	 0.578603
-2.53983	 0.742722
-2.5365	 0.70934
-2.53316	 0.691872
-2.52983	 0.802263
-2.5265	 0.956517
-2.52317	 0.941013
-2.51983	 0.815728
-2.5165	 0.852083
-2.51317	 0.715529
-2.50983	 0.763819
-2.5065	 0.805213
-2.50317	 0.753467
-2.49983	 0.670526
-2.4965	 0.787246
-2.49317	 0.648188
-2.48983	 0.881115
-2.4865	 0.742525
-2.48317	 0.733563
-2.47983	 0.790128
-2.4765	 0.831583
-2.47317	 0.696371
-2.46984	 0.928877
-2.4665	 0.798022
-2.46317	 0.815656
-2.45984	 0.736575
-2.4565	 0.702949
-2.45317	 0.65697
-2.44984	 0.731842
-2.4465	 0.711363
-2.44317	 0.895732
-2.43984	 0.834712
-2.4365	 0.609848
-2.43317	 0.591953
-2.42984	 0.770356
-2.4265	 0.736538
-2.42317	 0.911593
-2.41984	 0.762715
-2.41651	 0.774797
-2.41317	 0.848053
-2.40984	 0.829122
-2.40651	 0.730682
-2.40317	 0.648029
-2.39984	 0.864364
-2.39651	 0.882112
-2.39317	 0.87277
-2.38984	 0.838496
-2.38651	 1.05087
-2.38317	 0.795982
-2.37984	 0.794427
-2.37651	 0.891688
-2.37318	 0.801403
-2.36984	 0.987109
-2.36651	 0.849321
-2.36318	 0.727629
-2.35984	 0.853895
-2.35651	 0.967312
-2.35318	 0.823599
-2.34984	 0.82875
-2.34651	 0.97023
-2.34318	 0.867255
-2.33984	 0.649954
-2.33651	 0.966148
-2.33318	 0.75657
-2.32984	 0.893272
-2.32651	 0.818369
-2.32318	 0.763121
-2.31985	 0.700307
-2.31651	 0.846284
-2.31318	 0.685713
-2.30985	 0.911765
-2.30651	 0.852744
-2.30318	 0.726757
-2.29985	 0.801357
-2.29651	 0.898704
-2.29318	 0.857109
-2.28985	 0.958801
-2.28651	 0.807
-2.28318	 0.80175
-2.27985	 0.796748
-2.27651	 0.977352
-2.27318	 0.776127
-2.26985	 0.776577
-2.26652	 0.933407
-2.26318	 0.67229
-2.25985	 0.861023
-2.25652	 0.756962
-2.25318	 0.947174
-2.24985	 0.741814
-2.24652	 0.883899
-2.24318	 0.930104
-2.23985	 0.771164
-2.23652	 0.791861
-2.23318	 0.727884
-2.22985	 0.858477
-2.22652	 0.783814
-2.22319	 0.862983
-2.21985	 0.65166
-2.21652	 0.796728
-2.21319	 0.57223
-2.20985	 0.668151
-2.20652	 0.78306
-2.20319	 0.72328
-2.19985	 0.821642
-2.19652	 0.844575
-2.19319	 0.872831
-2.18985	 0.953436
-2.18652	 0.837295
-2.18319	 0.696464
-2.17985	 0.820035
-2.17652	 1.11306
-2.17319	 0.747413
-2.16986	 0.87915
-2.16652	 0.857857
-2.16319	 0.904414
-2.15986	 0.687197
-2.15652	 0.89744
-2.15319	 0.958303
-2.14986	 1.00204
-2.14652	 0.807985
-2.14319	 0.716733
-2.13986	 0.64099
-2.13652	 0.71603
-2.13319	 0.680098
-2.12986	 0.643333
-2.12652	 0.96427
-2.12319	 1.02176
-2.11986	 0.657883
-2.11653	 0.913815
-2.11319	 0.816006
-2.10986	 0.863795
-2.10653	 0.884035
-2.10319	 0.854632
-2.09986	 0.907961
-2.09653	 0.577713
-2.09319	 0.753033
-2.08986	 0.932695
-2.08653	 0.839041
-2.08319	 0.541849
-2.07986	 0.795645
-2.07653	 0.889488
-2.0732	 0.753325
-2.06986	 0.790619
-2.06653	 0.795582
-2.0632	 0.916115
-2.05986	 0.849022
-2.05653	 0.956481
-2.0532	 1.0907
-2.04986	 0.843239
-2.04653	 0.711232
-2.0432	 0.944907
-2.03986	 0.684593
-2.03653	 0.945132
-2.0332	 0.959115
-2.02986	 0.770211
-2.02653	 0.661433
-2.0232	 0.652136
-2.01987	 1.11648
-2.01653	 0.892039
-2.0132	 0.899919
-2.00987	 0.832347
-2.00653	 0.96382
-2.0032	 0.584274
-1.99987	 0.755338
-1.99653	 0.723357
-1.9932	 0.617701
-1.98987	 0.777042
-1.98653	 0.914831
-1.9832	 0.978185
-1.97987	 1.02556
-1.97653	 0.775143
-1.9732	 0.7203
-1.96987	 0.759698
-1.96654	 0.804152
-1.9632	 0.827756
-1.95987	 1.06689
-1.95654	 1.01478
-1.9532	 0.980805
-1.94987	 1.08015
-1.94654	 0.935568
-1.9432	 0.971508
-1.93987	 0.905447
-1.93654	 0.907565
-1.9332	 0.764823
-1.92987	 0.852577
-1.92654	 0.683969
-1.92321	 0.857796
-1.91987	 0.615836
-1.91654	 0.754063
-1.91321	 1.0402
-1.90987	 0.963413
-1.90654	 0.847484
-1.90321	 1.02194
-1.89987	 0.795489
-1.89654	 0.786039
-1.89321	 0.635284
-1.88987	 0.94716
-1.88654	 0.912496
-1.88321	 0.617631
-1.87987	 0.720058
-1.87654	 0.654331
-1.87321	 0.981399
-1.86988	 0.614909
-1.86654	 0.995965
-1.86321	 0.759606
-1.85988	 0.996571
-1.85654	 0.882795
-1.85321	 0.65601
-1.84988	 0.833133
-1.84654	 0.837046
-1.84321	 0.700552
-1.83988	 0.641893
-1.83654	 1.08937
-1.83321	 1.01141
-1.82988	 0.809182
-1.82654	 1.06952
-1.82321	 0.703542
-1.81988	 0.965996
-1.81655	 0.769079
-1.81321	 0.670979
-1.80988	 0.69725
-1.80655	 0.9383
-1.80321	 0.886213
-1.79988	 0.703797
-1.79655	 0.778092
-1.79321	 0.817383
-1.78988	 0.938796
-1.78655	 0.659098
-1.78321	 0.726176
-1.77988	 0.770469
-1.77655	 1.03609
-1.77322	 0.999506
-1.76988	 0.756336
-1.76655	 0.785389
-1.76322	 0.908865
-1.75988	 0.865414
-1.75655	 0.753342
-1.75322	 1.10044
-1.74988	 0.803141
-1.74655	 0.949116
-1.74322	 0.85743
-1.73988	 0.921057
-1.73655	 0.73088
-1.73322	 0.863895
-1.72988	 0.801667
-1.72655	 0.803885
-1.72322	 0.903485
-1.71989	 0.712725
-1.71655	 0.731297
-1.71322	 0.768878
-1.70989	 0.918406
-1.70655	 1.18078
-1.70322	 0.811983
-1.69989	 0.884528
-1.69655	 0.670321
-1.69322	 0.716813
-1.68989	 1.10297
-1.68655	 0.933679
-1.68322	 0.80889
-1.67989	 0.969328
-1.67655	 0.826466
-1.67322	 0.736301
-1.66989	 0.99167
-1.66656	 0.761249
-1.66322	 0.736605
-1.65989	 0.878655
-1.65656	 0.942883
-1.65322	 0.771964
-1.64989	 1.12173
-1.64656	 0.539407
-1.64322	 1.21178
-1.63989	 0.980215
-1.63656	 0.926568
-1.63322	 0.934459
-1.62989	 0.892996
-1.62656	 0.978128
-1.62323	 0.624974
-1.61989	 0.977192
-1.61656	 0.67898
-1.61323	 0.857402
-1.60989	 0.75608
-1.60656	 0.954327
-1.60323	 0.626887
-1.59989	 0.668497
-1.59656	 0.911029
-1.59323	 0.881277
-1.58989	 0.966841
-1.58656	 0.935937
-1.58323	 0.891458
-1.57989	 0.998407
-1.57656	 1.35173
-1.57323	 0.745707
-1.5699	 0.880459
-1.56656	 0.878831
-1.56323	 0.89329
-1.5599	 0.956208
-1.55656	 1.07064
-1.55323	 0.849942
-1.5499	 0.833168
-1.54656	 0.718024
-1.54323	 0.842258
-1.5399	 0.729543
-1.53656	 0.99385
-1.53323	 0.874646
-1.5299	 0.598229
-1.52656	 0.913884
-1.52323	 1.01283
-1.5199	 0.986391
-1.51657	 0.887419
-1.51323	 0.873851
-1.5099	 0.784519
-1.50657	 1.02768
-1.50323	 0.788092
-1.4999	 0.810633
-1.49657	 0.963133
-1.49323	 0.953966
-1.4899	 0.810535
-1.48657	 1.00968
-1.48323	 0.854229
-1.4799	 1.04671
-1.47657	 0.878394
-1.47324	 0.694597
-1.4699	 0.707859
-1.46657	 1.00615
-1.46324	 0.829691
-1.4599	 1.01164
-1.45657	 0.67339
-1.45324	 0.774597
-1.4499	 0.744441
-1.44657	 1.06454
-1.44324	 0.814179
-1.4399	 0.867286
-1.43657	 0.908284
-1.43324	 0.960326
-1.4299	 0.700142
-1.42657	 0.771802
-1.42324	 0.976629
-1.41991	 0.929948
-1.41657	 1.05076
-1.41324	 0.816676
-1.40991	 0.837916
-1.40657	 0.906789
-1.40324	 0.81617
-1.39991	 0.737452
-1.39657	 0.895232
-1.39324	 0.899035
-1.38991	 1.04133
-1.38657	 0.688283
-1.38324	 0.770352
-1.37991	 0.854175
-1.37657	 0.965008
-1.37324	 0.81255
-1.36991	 1.02942
-1.36658	 1.18458
-1.36324	 0.915998
-1.35991	 0.972668
-1.35658	 0.792569
-1.35324	 0.824558
-1.34991	 0.803966
-1.34658	 0.554841
-1.34324	 0.904828
-1.33991	 0.927089
-1.33658	 0.97272
-1.33324	 0.834328
-1.32991	 0.868655
-1.32658	 0.826244
-1.32325	 1.02924
-1.31991	 0.786376
-1.31658	 1.10838
-1.31325	 0.819115
-1.30991	 0.839015
-1.30658	 0.853065
-1.30325	 0.994293
-1.29991	 1.11516
-1.29658	 0.92077
-1.29325	 0.996331
-1.28991	 0.82322
-1.28658	 1.20501
-1.28325	 1.11622
-1.27991	 0.977847
-1.27658	 0.806499
-1.27325	 0.897048
-1.26992	 1.18365
-1.26658	 0.833141
-1.26325	 0.939784
-1.25992	 0.81282
-1.25658	 0.946237
-1.25325	 0.710181
-1.24992	 0.716761
-1.24658	 0.745012
-1.24325	 0.909026
-1.23992	 0.785296
-1.23658	 1.0943
-1.23325	 0.831893
-1.22992	 0.774447
-1.22658	 0.938597
-1.22325	 1.06541
-1.21992	 1.11609
-1.21659	 1.0055
-1.21325	 1.00983
-1.20992	 0.985774
-1.20659	 0.881874
-1.20325	 0.882464
-1.19992	 0.833809
-1.19659	 1.00276
-1.19325	 0.951984
-1.18992	 0.819496
-1.18659	 0.749496
-1.18325	 0.898675
-1.17992	 0.823191
-1.17659	 0.828299
-1.17326	 0.871245
-1.16992	 0.733599
-1.16659	 1.1706
-1.16326	 1.0192
-1.15992	 1.03452
-1.15659	 0.842169
-1.15326	 0.713661
-1.14992	 0.807268
-1.14659	 0.886013
-1.14326	 1.21813
-1.13992	 0.903546
-1.13659	 1.05371
-1.13326	 0.717704
-1.12992	 1.04278
-1.12659	 0.741166
-1.12326	 0.719967
-1.11993	 0.736633
-1.11659	 0.756007
-1.11326	 0.896435
-1.10993	 1.07467
-1.10659	 0.845899
-1.10326	 0.808049
-1.09993	 0.991466
-1.09659	 0.883032
-1.09326	 0.859347
-1.08993	 0.801712
-1.08659	 1.04673
-1.08326	 0.884552
-1.07993	 0.759766
-1.07659	 0.638384
-1.07326	 0.67131
-1.06993	 0.943042
-1.0666	 1.00937
-1.06326	 0.903366
-1.05993	 0.950079
-1.0566	 0.994272
-1.05326	 1.09627
-1.04993	 0.974505
-1.0466	 1.0536
-1.04326	 1.20447
-1.03993	 0.725833
-1.0366	 1.04878
-1.03326	 1.11003
-1.02993	 1.11672
-1.0266	 0.916886
-1.02327	 0.853713
-1.01993	 0.879875
-1.0166	 1.01208
-1.01327	 1.03483
-1.00993	 0.724686
-1.0066	 1.01484
-1.00327	 0.92391
-0.999933	 0.830146
-0.9966	 0.996803
-0.993267	 0.992573
-0.989934	 0.894372
-0.986601	 0.841421
-0.983268	 0.745864
-0.979935	 0.988516
-0.976602	 0.883665
-0.973268	 1.0139
-0.969935	 1.1003
-0.966602	 0.971061
-0.963269	 1.04231
-0.959936	 0.733946
-0.956603	 0.840111
-0.95327	 0.983666
-0.949937	 0.781178
-0.946604	 1.04673
-0.94327	 1.12596
-0.939937	 0.964839
-0.936604	 1.15665
-0.933271	 0.882259
-0.929938	 1.29024
-0.926605	 1.0239
-0.923272	 0.940192
-0.919939	 0.78539
-0.916606	 0.859815
-0.913272	 0.811219
-0.909939	 0.729955
-0.906606	 1.23636
-0.903273	 0.959822
-0.89994	 0.915793
-0.896607	 0.90144
-0.893274	 0.732241
-0.889941	 0.766671
-0.886608	 0.933999
-0.883274	 0.689081
-0.879941	 0.866063
-0.876608	 0.97607
-0.873275	 0.874679
-0.869942	 0.971828
-0.866609	 0.880322
-0.863276	 0.749129
-0.859943	 0.914138
-0.85661	 1.30608
-0.853276	 0.858278
-0.849943	 1.02595
-0.84661	 1.059
-0.843277	 0.710315
-0.839944	 0.978898
-0.836611	 0.843714
-0.833278	 0.818276
-0.829945	 1.45222
-0.826612	 0.627705
-0.823278	 0.868686
-0.819945	 1.00845
-0.816612	 1.18859
-0.813279	 0.948883
-0.809946	 0.904597
-0.806613	 0.990788
-0.80328	 0.951794
-0.799947	 1.13067
-0.796614	 0.97799
-0.79328	 0.841815
-0.789947	 0.781147
-0.786614	 0.994287
-0.783281	 1.22913
-0.779948	 1.02249
-0.776615	 0.871431
-0.773282	 0.801169
-0.769949	 0.683055
-0.766616	 0.984034
-0.763282	 1.17512
-0.759949	 0.744493
-0.756616	 1.00089
-0.753283	 0.920971
-0.74995	 0.897307
-0.746617	 0.936057
-0.743284	 0.888473
-0.739951	 0.790695
-0.736618	 0.734739
-0.733284	 1.0491
-0.729951	 1.21847
-0.726618	 1.22813
-0.723285	 0.995184
-0.719952	 0.858058
-0.716619	 1.24715
-0.713286	 0.724028
-0.709953	 1.05951
-0.70662	 1.16495
-0.703286	 0.761977
-0.699953	 0.91723
-0.69662	 0.787662
-0.693287	 0.985289
-0.689954	 0.793718
-0.686621	 1.04333
-0.683288	 0.941885
-0.679955	 1.00769
-0.676622	 0.972873
-0.673288	 0.915956
-0.669955	 0.731288
-0.666622	 0.864855
-0.663289	 0.712464
-0.659956	 1.02186
-0.656623	 0.716242
-0.65329	 0.907411
-0.649957	 0.601487
-0.646624	 1.00205
-0.64329	 0.839778
-0.639957	 0.827515
-0.636624	 1.14091
-0.633291	 1.02962
-0.629958	 0.645847
-0.626625	 0.853638
-0.623292	 1.19825
-0.619959	 0.970443
-0.616626	 0.805488
-0.613292	 0.980564
-0.609959	 0.99996
-0.606626	 1.07962
-0.603293	 0.938326
-0.59996	 1.13117
-0.596627	 0.824654
-0.593294	 0.76917
-0.589961	 0.953945
-0.586628	 0.850626
-0.583294	 0.863607
-0.579961	 0.951667
-0.576628	 1.2111
-0.573295	 0.942223
-0.569962	 0.823997
-0.566629	 1.04215
-0.563296	 0.988126
-0.559963	 1.02427
-0.55663	 0.956342
-0.553296	 0.993739
-0.549963	 1.0873
-0.54663	 0.918165
-0.543297	 1.16758
-0.539964	 0.643682
-0.536631	 1.08346
-0.533298	 0.907203
-0.529965	 1.0256
-0.526632	 1.07851
-0.523298	 0.696111
-0.519965	 0.946457
-0.516632	 0.799913
-0.513299	 1.00255
-0.509966	 0.914673
-0.506633	 0.964282
-0.5033	 1.14767
-0.499967	 0.557306
-0.496634	 1.07854
-0.4933	 0.897919
-0.489967	 0.856453
-0.486634	 0.830811
-0.483301	 0.945756
-0.479968	 0.925641
-0.476635	 0.69811
-0.473302	 0.990284
-0.469969	 0.972702
-0.466636	 0.838264
-0.463302	 0.957367
-0.459969	 1.13204
-0.456636	 0.983736
-0.453303	 1.0055
-0.44997	 1.1001
-0.446637	 0.880894
-0.443304	 0.685717
-0.439971	 0.995379
-0.436638	 1.01191
-0.433304	 0.736574
-0.429971	 0.842221
-0.426638	 0.972019
-0.423305	 0.887683
-0.419972	 1.09172
-0.416639	 0.982844
-0.413306	 1.16013
-0.409973	 0.65792
-0.40664	 0.941047
-0.403306	 0.87109
-0.399973	 1.04605
-0.39664	 0.849594
-0.393307	 0.81428
-0.389974	 1.09167
-0.386641	 0.763517
-0.383308	 1.03115
-0.379975	 0.948804
-0.376642	 0.980376
-0.373308	 0.606149
-0.369975	 0.791262
-0.366642	 0.697133
-0.363309	 0.854986
-0.359976	 0.877527
-0.356643	 0.788952
-0.35331	 1.01638
-0.349977	 0.795743
-0.346644	 0.800513
-0.34331	 1.0797
-0.339977	 1.09429
-0.336644	 0.704649
-0.333311	 0.925363
-0.329978	 0.862688
-0.326645	 0.9925
-0.323312	 0.797156
-0.319979	 0.774973
-0.316646	 1.01981
-0.313312	 0.969657
-0.309979	 0.886693
-0.306646	 1.11895
-0.303313	 0.890984
-0.29998	 0.866994
-0.296647	 0.857941
-0.293314	 0.849231
-0.289981	 0.951954
-0.286648	 1.04226
-0.283314	 0.75785
-0.279981	 0.930342
-0.276648	 0.780852
-0.273315	 1.08439
-0.269982	 0.915132
-0.266649	 1.01422
-0.263316	 0.848972
-0.259983	 0.989471
-0.25665	 1.17707
-0.253316	 0.878765
-0.249983	 1.07397
-0.24665	 1.1314
-0.243317	 1.10198
-0.239984	 1.07159
-0.236651	 1.09146
-0.233318	 0.993411
-0.229985	 0.943284
-0.226652	 0.929235
-0.223318	 1.01458
-0.219985	 0.555437
-0.216652	 0.851342
-0.213319	 0.909809
-0.209986	 1.23291
-0.206653	 0.941445
-0.20332	 0.701975
-0.199987	 0.938666
-0.196654	 1.04581
-0.19332	 1.17641
-0.189987	 1.20239
-0.186654	 0.991897
-0.183321	 0.638289
-0.179988	 0.71072
-0.176655	 1.00702
-0.173322	 1.16912
-0.169989	 0.902305
-0.166656	 1.03498
-0.163322	 1.09925
-0.159989	 0.997475
-0.156656	 1.10898
-0.153323	 1.01414
-0.14999	 0.782591
-0.146657	 0.975202
-0.143324	 0.758461
-0.139991	 0.895915
-0.136658	 0.91742
-0.133324	 0.976789
-0.129991	 0.881013
-0.126658	 0.89947
-0.123325	 0.671298
-0.119992	 0.944605
-0.116659	 1.0085
-0.113326	 0.766668
-0.109993	 1.13218
-0.10666	 1.06913
-0.103326	 0.905223
-0.0999933	 0.8591
-0.0966602	 0.832043
-0.0933271	 0.853575
-0.089994	 1.00231
-0.0866609	 1.10348
-0.0833278	 1.00775
-0.0799947	 1.23733
-0.0766616	 1.15656
-0.0733284	 0.923643
-0.0699953	 0.839124
-0.0666622	 1.18577
-0.0633291	 1.04788
-0.059996	 0.757097
-0.0566629	 1.02835
-0.0533298	 0.792618
-0.0499967	 1.17907
-0.0466636	 1.2181
-0.0433304	 0.721083
-0.0399973	 1.10868
-0.0366642	 0.771225
-0.0333311	 0.941612
-0.029998	 1.00083
-0.0266649	 0.806541
-0.0233318	 0.938203
-0.0199987	 0.833573
-0.0166656	 0.877388
-0.0133324	 0.938056
-0.00999933	 0.996242
-0.00666622	 1.14063
-0.00333311	 0.0107456
0	 1
0.00333311	 0.775356
0.00666622	 1.1547
0.00999933	 0.848864
0.0133324	 1.12195
0.0166656	 0.733989
0.0199987	 0.858289
0.0233318	 0.92926
0.0266649	 1.47095
0.029998	 1.04142
0.0333311	 0.920276
0.0366642	 1.04382
0.0399973	 1.30428
0.0433304	 1.05303
0.0466636	 0.896752
0.0499967	 1.61596
0.0533298	 0.901713
0.0566629	 0.8441
0.059996	 0.957445
0.0633291	 0.985842
0.0666622	 1.08088
0.0699953	 1.26987
0.0733284	 1.02296
0.0766616	 0.747376
0.0799947	 0.948119
0.0833278	 1.20457
0.0866609	 1.12977
0.089994	 0.795544
0.0933271	 0.990974
0.0966602	 0.914795
0.0999933	 0.864339
0.103326	 0.947304
0.10666	 0.937008
0.109993	 0.853966
0.113326	 0.690965
0.116659	 1.07305
0.119992	 0.913598
0.123325	 0.965899
0.126658	 0.855685
0.129991	 0.715271
0.133324	 0.810152
0.136658	 0.903861
0.139991	 0.725627
0.143324	 1.18029
0.146657	 0.948021
0.14999	 1.01521
0.153323	 0.835314
0.156656	 0.962593
0.159989	 0.969024
0.163322	 0.773536
0.166656	 0.775701
0.169989	 0.935364
0.173322	 1.06314
0.176655	 1.28824
0.179988	 0.92907
0.183321	 1.0078
0.186654	 0.827495
0.189987	 0.686314
0.19332	 0.823083
0.196654	 1.14519
0.199987	 0.810021
0.20332	 0.810061
0.206653	 0.980998
0.209986	 0.957654
0.213319	 1.00746
0.216652	 0.672366
0.219985	 1.24033
0.223318	 0.898538
0.226652	 0.749539
0.229985	 0.933316
0.233318	 0.972021
0.236651	 1.16712
0.239984	 1.28075
0.243317	 1.0763
0.24665	 0.886355
0.249983	 0.756253
0.253316	 0.997245
0.25665	 0.804926
0.259983	 1.10177
0.263316	 1.03779
0.266649	 0.654602
0.269982	 1.03096
0.273315	 0.934786
0.276648	 0.842222
0.279981	 0.888716
0.283314	 0.950023
0.286648	 0.914898
0.289981	 0.978866
0.293314	 0.869437
0.296647	 0.787906
0.29998	 0.903029
0.303313	 0.896914
0.306646	 0.930228
0.309979	 0.991909
0.313312	 0.78759
0.316646	 1.17122
0.319979	 0.874542
0.323312	 0.889529
0.326645	 0.819484
0.329978	 1.07667
0.333311	 0.910381
0.336644	 0.892893
0.339977	 0.80944
0.34331	 1.00922
0.346644	 0.915377
0.349977	 0.683103
0.35331	 0.836912
0.356643	 0.999023
0.359976	 0.929646
0.363309	 0.919791
0.366642	 0.917295
0.369975	 0.795037
0.373308	 0.82474
0.376642	 1.11301
0.379975	 1.07691
0.383308	 0.937602
0.386641	 1.00831
0.389974	 0.902018
0.393307	 1.20572
0.39664	 0.834552
0.399973	 0.813699
0.403306	 0.951436
0.40664	 0.949457
0.409973	 1.26499
0.413306	 0.904546
0.416639	 0.832552
0.419972	 1.23993
0.423305	 0.951851
0.426638	 1.01196
0.429971	 1.0416
0.433304	 0.721487
0.436638	 1.13593
0.439971	 0.88178
0.443304	 0.878872
0.446637	 0.82753
0.44997	 0.69616
0.453303	 0.909245
0.456636	 1.04071
0.459969	 0.891835
0.463302	 0.596305
0.466636	 0.994517
0.469969	 0.778347
0.473302	 0.963058
0.476635	 0.880562
0.479968	 0.804523
0.483301	 1.13843
0.486634	 0.964066
0.489967	 0.86561
0.4933	 0.908075
0.496634	 1.03407
0.499967	 0.963866
0.5033	 0.995261
0.506633	 0.994072
0.509966	 0.861768
0.513299	 0.813507
0.516632	 0.835642
0.519965	 1.07812
0.523298	 0.889987
0.526632	 0.814201
0.529965	 0.982847
0.533298	 0.828246
0.536631	 1.01978
0.539964	 0.821535
0.543297	 0.99776
0.54663	 0.760129
0.549963	 0.803852
0.553296	 1.00888
0.55663	 0.746154
0.559963	 0.707851
0.563296	 1.09974
0.566629	 1.12282
0.569962	 1.1438
0.573295	 0.919497
0.576628	 0.69516
0.579961	 0.726351
0.583294	 0.947696
0.586628	 1.1469
0.589961	 1.16133
0.593294	 0.731646
0.596627	 1.15289
0.59996	 0.932263
0.603293	 0.943012
0.606626	 0.943509
0.609959	 0.969855
0.613292	 0.96839
0.616626	 0.738843
0.619959	 0.700462
0.623292	 0.905364
0.626625	 1.07162
0.629958	 1.14404
0.633291	 0.965337
0.636624	 1.21252
0.639957	 1.04008
0.64329	 0.907016
0.646624	 0.731858
0.649957	 0.693651
0.65329	 1.05496
0.656623	 1.00874
0.659956	 0.855633
0.663289	 0.821877
0.666622	 0.799644
0.669955	 1.19847
0.673288	 0.889916
0.676622	 0.709491
0.679955	 0.882192
0.683288	 0.956959
0.686621	 1.05381
0.689954	 0.923152
0.693287	 1.02238
0.69662	 0.713056
0.699953	 0.820813
0.703286	 0.93646
0.70662	 1.16651
0.709953	 1.24594
0.713286	 0.580317
0.716619	 0.996074
0.719952	 1.39202
0.723285	 0.825147
0.726618	 0.819588
0.729951	 1.03132
0.733284	 1.04671
0.736618	 1.21431
0.739951	 0.943023
0.743284	 0.988264
0.746617	 0.719143
0.74995	 1.12737
0.753283	 0.597556
0.756616	 1.12817
0.759949	 0.854476
0.763282	 0.715822
0.766616	 0.752576
0.769949	 1.16385
0.773282	 1.05555
0.776615	 1.02572
0.779948	 0.88137
0.783281	 1.10085
0.786614	 0.805041
0.789947	 0.871365
0.79328	 0.936089
0.796614	 0.9542
0.799947	 0.919248
0.80328	 0.797148
0.806613	 0.838521
0.809946	 1.00469
0.813279	 0.976116
0.816612	 0.978762
0.819945	 0.99871
0.823278	 1.20072
0.826612	 1.23955
0.829945	 0.990305
0.833278	 0.68594
0.836611	 0.716911
0.839944	 0.628618
0.843277	 0.79395
0.84661	 1.02126
0.849943	 1.00407
0.853276	 0.995424
0.85661	 1.06527
0.859943	 0.707178
0.863276	 1.02827
0.866609	 0.876239
0.869942	 0.869122
0.873275	 0.659788
0.876608	 1.04328
0.879941	 0.769883
0.883274	 0.837706
0.886608	 0.791184
0.889941	 0.876322
0.893274	 0.775832
0.896607	 0.895405
0.89994	 0.827885
0.903273	 1.03055
0.906606	 1.15603
0.909939	 1.24365
0.913272	 0.890504
0.916606	 1.04163
0.919939	 0.822613
0.923272	 0.610404
0.926605	 0.816667
0.929938	 0.843525
0.933271	 1.27138
0.936604	 0.91609
0.939937	 1.08755
0.94327	 0.857429
0.946604	 0.978941
0.949937	 1.04169
0.95327	 0.801451
0.956603	 1.1879
0.959936	 1.03195
0.963269	 0.919091
0.966602	 1.06698
0.969935	 1.10745
0.973268	 1.12558
0.976602	 0.992403
0.979935	 1.13417
0.983268	 0.630658
0.986601	 0.945801
0.989934	 0.783487
0.993267	 0.832348
0.9966	 0.959359
0.999933	 0.854496
1.00327	 0.811386
1.0066	 1.0423
1.00993	 1.13388
1.01327	 1.06977
1.0166	 0.754609
1.01993	 0.989364
1.02327	 0.935911
1.0266	 1.02606
1.02993	 0.801727
1.03326	 0.932658
1.0366	 0.629764
1.03993	 0.836474
1.04326	 1.00643
1.0466	 0.895519
1.04993	 0.728187
1.05326	 0.767693
1.0566	 1.0239
1.05993	 0.956915
1.06326	 0.905762
1.0666	 1.16802
1.06993	 0.988883
1.07326	 0.821355
1.07659	 0.953625
1.07993	 0.866919
1.08326	 0.80258
1.08659	 1.06478
1.08993	 0.686168
1.09326	 0.864367
1.09659	 0.851812
1.09993	 1.05446
1.10326	 0.563122
1.10659	 0.884972
1.10993	 0.968535
1.11326	 0.77659
1.11659	 0.976029
1.11993	 1.01766
1.12326	 0.853324
1.12659	 0.769813
1.12992	 0.856424
1.13326	 1.18407
1.13659	 0.89138
1.13992	 1.11161
1.14326	 0.82424
1.14659	 0.806994
1.14992	 0.913807
1.15326	 0.936668
1.15659	 0.901075
1.15992	 0.992164
1.16326	 0.987168
1.16659	 1.01887
1.16992	 0.955632
1.17326	 0.984418
1.17659	 1.04824
1.17992	 0.757294
1.18325	 0.751639
1.18659	 0.793834
1.18992	 0.909466
1.19325	 0.874139
1.19659	 1.01796
1.19992	 0.943318
1.20325	 1.10389
1.20659	 0.564752
1.20992	 0.974244
1.21325	 0.751968
1.21659	 0.605624
1.21992	 0.821689
1.22325	 0.915284
1.22658	 1.00518
1.22992	 1.12013
1.23325	 0.75915
1.23658	 1.02015
1.23992	 0.89146
1.24325	 1.05276
1.24658	 1.08479
1.24992	 0.85394
1.25325	 0.728182
1.25658	 0.954273
1.25992	 0.691243
1.26325	 0.799507
1.26658	 1.11773
1.26992	 0.940684
1.27325	 0.919633
1.27658	 0.888027
1.27991	 0.893487
1.28325	 0.938003
1.28658	 0.920336
1.28991	 0.641248
1.29325	 0.900287
1.29658	 0.711031
1.29991	 1.04293
1.30325	 0.677672
1.30658	 0.890055
1.30991	 0.891293
1.31325	 0.918513
1.31658	 0.635537
1.31991	 0.994434
1.32325	 0.949383
1.32658	 0.83781
1.32991	 0.897368
1.33324	 0.951154
1.33658	 0.985649
1.33991	 0.83724
1.34324	 0.883856
1.34658	 0.559134
1.34991	 0.946747
1.35324	 0.951891
1.35658	 0.782919
1.35991	 0.597215
1.36324	 1.22445
1.36658	 0.812402
1.36991	 1.04431
1.37324	 0.895261
1.37657	 1.08955
1.37991	 0.637936
1.38324	 0.665594
1.38657	 0.801591
1.38991	 0.828081
1.39324	 0.64336
1.39657	 1.09633
1.39991	 0.974829
1.40324	 0.992595
1.40657	 1.05515
1.40991	 1.05606
1.41324	 0.755932
1.41657	 0.915639
1.41991	 0.924909
1.42324	 0.820213
1.42657	 0.955436
1.4299	 0.768066
1.43324	 0.865219
1.43657	 1.0244
1.4399	 0.817137
1.44324	 0.828126
1.44657	 1.16875
1.4499	 0.747688
1.45324	 0.78078
1.45657	 0.807842
1.4599	 0.764915
1.46324	 0.859204
1.46657	 0.959007
1.4699	 0.836853
1.47324	 0.948919
1.47657	 0.858984
1.4799	 0.688604
1.48323	 0.71487
1.48657	 0.900853
1.4899	 1.30274
1.49323	 0.915481
1.49657	 0.743198
1.4999	 0.6524
1.50323	 1.1311
1.50657	 0.783848
1.5099	 0.710842
1.51323	 0.778973
1.51657	 0.963812
1.5199	 1.02383
1.52323	 0.868472
1.52656	 0.81744
1.5299	 1.123
1.53323	 0.751441
1.53656	 0.756733
1.5399	 0.619023
1.54323	 0.590191
1.54656	 0.851775
1.5499	 0.657
1.55323	 0.719124
1.55656	 0.712626
1.5599	 1.15179
1.56323	 0.834502
1.56656	 0.73756
1.5699	 0.995219
1.57323	 0.789571
1.57656	 1.07771
1.57989	 1.00005
1.58323	 0.790942
1.58656	 0.748281
1.58989	 0.804094
1.59323	 0.856536
1.59656	 0.922286
1.59989	 1.00046
1.60323	 0.638762
1.60656	 0.990553
1.60989	 1.0147
1.61323	 0.896882
1.61656	 0.895875
1.61989	 1.02153
1.62323	 0.642431
1.62656	 0.648825
1.62989	 0.843431
1.63322	 0.860716
1.63656	 0.995958
1.63989	 0.613133
1.64322	 0.950746
1.64656	 0.794251
1.64989	 1.14393
1.65322	 0.487184
1.65656	 0.847752
1.65989	 0.648579
1.66322	 0.862895
1.66656	 0.733208
1.66989	 0.965596
1.67322	 0.619687
1.67655	 0.991493
1.67989	 0.949588
1.68322	 0.962788
1.68655	 0.868525
1.68989	 0.797898
1.69322	 0.921203
1.69655	 0.943612
1.69989	 0.596702
1.70322	 0.976926
1.70655	 0.917395
1.70989	 0.83948
1.71322	 0.848912
1.71655	 0.840576
1.71989	 0.812582
1.72322	 0.711943
1.72655	 0.746259
1.72988	 1.00241
1.73322	 0.993746
1.73655	 0.939853
1.73988	 1.0627
1.74322	 1.05464
1.74655	 0.821035
1.74988	 0.78398
1.75322	 0.646213
1.75655	 1.09331
1.75988	 0.807988
1.76322	 0.673266
1.76655	 0.848115
1.76988	 0.81485
1.77322	 0.792737
1.77655	 0.783389
1.77988	 0.748637
1.78321	 0.744735
1.78655	 0.696212
1.78988	 0.820935
1.79321	 0.751201
1.79655	 0.873236
1.79988	 0.942288
1.80321	 0.689023
1.80655	 0.865385
1.80988	 0.705225
1.81321	 0.829431
1.81655	 0.723275
1.81988	 0.687883
1.82321	 0.858861
1.82654	 0.761541
1.82988	 0.511596
1.83321	 0.85921
1.83654	 0.771098
1.83988	 0.699201
1.84321	 1.03018
1.84654	 0.820046
1.84988	 0.7172
1.85321	 0.739853
1.85654	 0.760986
1.85988	 0.790551
1.86321	 0.822946
1.86654	 1.00944
1.86988	 0.856379
1.87321	 0.767759
1.87654	 0.778071
1.87987	 0.484761
1.88321	 0.815169
1.88654	 0.766399
1.88987	 0.953456
1.89321	 0.835068
1.89654	 0.949896
1.89987	 1.00548
1.90321	 0.750728
1.90654	 0.888546
1.90987	 0.686846
1.91321	 0.861743
1.91654	 0.667783
1.91987	 0.756854
1.92321	 0.865268
1.92654	 0.845179
1.92987	 0.891291
1.9332	 0.762433
1.93654	 0.775822
1.93987	 0.8606
1.9432	 0.833199
1.94654	 0.893295
1.94987	 0.914735
1.9532	 1.07589
1.95654	 0.795281
1.95987	 0.836567
1.9632	 0.787131
1.96654	 0.822496
1.96987	 0.966607
1.9732	 0.7884
1.97653	 0.600698
1.97987	 0.683258
1.9832	 0.761194
1.98653	 0.775891
1.98987	 0.942666
1.9932	 0.96562
1.99653	 0.881859
1.99987	 0.759859
2.0032	 1.23323
2.00653	 1.03812
2.00987	 0.86668
2.0132	 0.996482
2.01653	 0.834858
2.01987	 0.716257
2.0232	 0.815073
2.02653	 0.9578
2.02986	 0.924886
2.0332	 0.771415
2.03653	 1.04727
2.03986	 0.837507
2.0432	 0.689268
2.04653	 0.935412
2.04986	 0.854464
2.0532	 0.748589
2.05653	 0.720878
2.05986	 0.898001
2.0632	 1.01777
2.06653	 0.83667
2.06986	 0.868668
2.0732	 0.854411
2.07653	 0.847698
2.07986	 1.11388
2.08319	 0.612117
2.08653	 0.866512
2.08986	 0.855661
2.09319	 0.909365
2.09653	 1.13289
2.09986	 0.853182
2.10319	 0.656812
2.10653	 0.873293
2.10986	 1.01186
2.11319	 0.612674
2.11653	 0.656796
2.11986	 0.901352
2.12319	 0.684052
2.12652	 0.822708
2.12986	 0.885591
2.13319	 1.01971
2.13652	 1.06888
2.13986	 0.866374
2.14319	 0.73302
2.14652	 0.772329
2.14986	 0.773024
2.15319	 0.997298
2.15652	 0.804909
2.15986	 0.725179
2.16319	 0.80794
2.16652	 1.01687
2.16986	 0.569133
2.17319	 0.969323
2.17652	 0.87234
2.17985	 0.963432
2.18319	 0.84804
2.18652	 0.702631
2.18985	 1.04358
2.19319	 0.644361
2.19652	 0.780753
2.19985	 0.775863
2.20319	 0.897638
2.20652	 0.878747
2.20985	 0.712383
2.21319	 0.860965
2.21652	 0.761914
2.21985	 0.833872
2.22319	 0.889281
2.22652	 0.789281
2.22985	 0.848353
2.23318	 0.81338
2.23652	 0.828426
2.23985	 0.711067
2.24318	 0.875915
2.24652	 0.976228
2.24985	 0.889615
2.25318	 0.922732
2.25652	 0.642482
2.25985	 0.985217
2.26318	 0.768564
2.26652	 0.720341
2.26985	 0.888438
2.27318	 0.77121
2.27651	 0.962064
2.27985	 0.718446
2.28318	 0.537461
2.28651	 0.734228
2.28985	 0.810248
2.29318	 0.570221
2.29651	 0.59733
2.29985	 0.882727
2.30318	 0.713921
2.30651	 0.83869
2.30985	 0.410637
2.31318	 0.69798
2.31651	 0.814115
2.31985	 0.764814
2.32318	 0.849299
2.32651	 0.890098
2.32984	 0.817104
2.33318	 0.782195
2.33651	 0.97931
2.33984	 0.760897
2.34318	 0.977018
2.34651	 0.776417
2.34984	 0.759351
2.35318	 0.716016
2.35651	 0.692436
2.35984	 0.730744
2.36318	 0.727256
2.36651	 0.803037
2.36984	 0.938741
2.37318	 0.864111
2.37651	 0.678886
2.37984	 0.781937
2.38317	 0.911549
2.38651	 0.636158
2.38984	 0.976439
2.39317	 0.75208
2.39651	 0.863459
2.39984	 0.684427
2.40317	 0.910987
2.40651	 0.751941
2.40984	 0.938495
2.41317	 0.763971
2.41651	 0.912815
2.41984	 0.809291
2.42317	 0.912462
2.4265	 0.747222
2.42984	 0.934165
2.43317	 0.727773
2.4365	 0.980034
2.43984	 0.996821
2.44317	 0.88369
2.4465	 1.05481
2.44984	 1.07138
2.45317	 0.648877
2.4565	 0.717757
2.45984	 0.80206
2.46317	 0.611389
2.4665	 0.722325
2.46984	 0.758415
2.47317	 0.658434
2.4765	 0.510969
2.47983	 0.796548
2.48317	 0.659361
2.4865	 0.531084
2.48983	 0.612509
2.49317	 1.07641
2.4965	 0.798556
2.49983	 0.767865
2.50317	 0.779693
2.5065	 0.748909
2.50983	 0.763964
2.51317	 0.722413
2.5165	 0.861843
2.51983	 0.693815
2.52317	 0.841823
2.5265	 0.860654
2.52983	 0.891859
2.53316	 0.819887
2.5365	 0.799825
2.53983	 0.748519
2.54316	 0.872228
2.5465	 0.769869
2.54983	 0.931467
2.55316	 0.706251
2.5565	 0.998478
2.55983	 0.73593
2.56316	 0.799119
2.5665	 1.00323
2.56983	 0.843999
2.57316	 0.833888
2.57649	 1.05869
2.57983	 0.768437
2.58316	 0.784966
2.58649	 0.785485
2.58983	 0.838754
2.59316	 0.882354
2.59649	 0.886037
2.59983	 0.760537
2.60316	 0.78827
2.60649	 0.818716
2.60983	 0.871996
2.61316	 0.870625
2.61649	 0.857923
2.61983	 0.837458
2.62316	 0.93341
2.62649	 0.715856
2.62982	 0.890983
2.63316	 0.736078
2.63649	 0.58094
2.63982	 0.755365
2.64316	 0.654378
2.64649	 0.718135
2.64982	 0.714924
2.65316	 0.706389
2.65649	 0.746855
2.65982	 0.788022
2.66316	 0.868653
2.66649	 0.684356
2.66982	 0.792038
2.67316	 0.734348
2.67649	 0.927067
2.67982	 0.863191
2.68315	 0.779981
2.68649	 0.69664
2.68982	 0.65985
2.69315	 0.813823
2.69649	 0.712718
2.69982	 0.701364
2.70315	 0.649252
2.70649	 0.754794
2.70982	 0.7691
2.71315	 0.895465
2.71649	 0.754066
2.71982	 0.683452
2.72315	 1.01017
2.72648	 0.773397
2.72982	 0.913166
2.73315	 0.882504
2.73648	 0.660997
2.73982	 0.710477
2.74315	 0.770929
2.74648	 0.921039
2.74982	 0.593761
2.75315	 0.835622
2.75648	 0.82616
2.75982	 0.686864
2.76315	 0.680818
2.76648	 0.731139
2.76982	 0.8193
2.77315	 0.701168
2.77648	 0.666765
2.77981	 0.746476
2.78315	 0.990218
2.78648	 0.638688
2.78981	 0.721086
2.79315	 0.634384
2.79648	 0.888509
2.79981	 0.851131
2.80315	 0.793705
2.80648	 0.781202
2.80981	 0.862798
2.81315	 0.711629
2.81648	 0.931497
2.81981	 0.67461
2.82315	 1.06021
2.82648	 0.690569
2.82981	 0.718365
2.83314	 0.658147
2.83648	 0.666658
2.83981	 0.939105
2.84314	 0.537569
2.84648	 0.793227
2.84981	 0.730412
2.85314	 0.743817
2.85648	 0.749247
2.85981	 0.887558
2.86314	 0.558759
2.86648	 0.80353
2.86981	 0.64917
2.87314	 0.713719
2.87647	 0.71957
2.87981	 0.764735
2.88314	 0.885988
2.88647	 0.801199
2.88981	 0.772429
2.89314	 0.801141
2.89647	 0.669658
2.89981	 0.648047
2.90314	 0.735295
2.90647	 0.512746
2.90981	 0.704252
2.91314	 0.703969
2.91647	 0.744381
2.91981	 0.715383
2.92314	 0.601486
2.92647	 0.640278
2.9298	 0.846239
2.93314	 0.695122
2.93647	 0.603404
2.9398	 0.800025
2.94314	 0.764244
2.94647	 0.845768
2.9498	 0.875981
2.95314	 0.948133
2.95647	 0.582119
2.9598	 0.680632
2.96314	 0.727868
2.96647	 0.754019
2.9698	 0.688263
2.97314	 0.757292
2.97647	 0.718008
2.9798	 0.56839
2.98313	 0.660211
2.98647	 0.924482
2.9898	 0.66036
2.99313	 0.634046
2.99647	 0.74155
2.9998	 0.83014
3.00313	 0.791759
3.00647	 0.668527
3.0098	 0.884199
3.01313	 0.747453
3.01647	 0.702405
3.0198	 0.622035
3.02313	 0.700114
3.02646	 0.665343
3.0298	 0.551618
3.03313	 0.763977
3.03646	 0.726518
3.0398	 0.775141
3.04313	 0.68786
3.04646	 0.759977
3.0498	 0.784403
3.05313	 0.748261
3.05646	 0.561846
3.0598	 0.966885
3.06313	 0.758364
3.06646	 0.896304
3.0698	 0.738125
3.07313	 0.873923
3.07646	 0.703167
3.07979	 0.83804
3.08313	 0.708363
3.08646	 0.686627
3.08979	 0.644811
3.09313	 0.738605
3.09646	 0.538121
3.09979	 0.72886
3.10313	 0.687722
3.10646	 0.710127
3.10979	 0.87096
3.11313	 0.588427
3.11646	 0.598946
3.11979	 0.710633
3.12313	 0.527586
3.12646	 0.629825
3.12979	 0.489909
3.13312	 0.675531
3.13646	 0.702914
3.13979	 0.686308
3.14312	 0.672512
3.14646	 0.536179
3.14979	 0.77415
3.15312	 0.734651
3.15646	 0.744799
3.15979	 0.773229
3.16312	 0.855475
3.16646	 0.831942
3.16979	 0.637924
3.17312	 0.66089
3.17645	 0.621628
3.17979	 0.745408
3.18312	 0.59547
3.18645	 0.751028
3.18979	 0.739305
3.19312	 0.477351
3.19645	 0.745536
3.19979	 0.854462
3.20312	 0.607817
3.20645	 0.735741
3.20979	 0.634088
3.21312	 0.867319
3.21645	 0.602648
3.21979	 0.59128
3.22312	 0.495023
3.22645	 0.874813
3.22978	 0.746409
3.23312	 0.73259
3.23645	 0.812626
3.23978	 0.722223
3.24312	 0.65298
3.24645	 0.554296
3.24978	 0.63184
3.25312	 0.709024
3.25645	 0.583627
3.25978	 0.73807
3.26312	 0.639721
3.26645	 0.561029
3.26978	 0.695783
3.27312	 0.656748
3.27645	 0.95308
3.27978	 0.571422
3.28311	 0.69937
3.28645	 0.589716
3.28978	 0.609324
3.29311	 0.656853
3.29645	 0.745889
3.29978	 0.656851
3.30311	 0.615522
3.30645	 0.718396
3.30978	 0.634778
3.31311	 0.721442
3.31645	 0.834466
3.31978	 0.546881
3.32311	 0.660892
3.32644	 0.655621
3.32978	 0.629137
3.33311	 0.62641
3.33644	 0.807314
3.33978	 0.86131
3.34311	 0.633009
3.34644	 0.812173
3.34978	 0.739238
3.35311	 0.67324
3.35644	 0.671588
3.35978	 0.647563
3.36311	 0.866459
3.36644	 0.706211
3.36978	 0.63924
3.37311	 0.658043
3.37644	 0.485523
3.37977	 0.652738
3.38311	 0.831397
3.38644	 0.729515
3.38977	 0.681253
3.39311	 0.548504
3.39644	 0.866645
3.39977	 0.813287
3.40311	 0.689318
3.40644	 0.655539
3.40977	 0.765708
3.41311	 0.521476
3.41644	 0.77165
3.41977	 0.70404
3.42311	 0.697519
3.42644	 0.603587
3.42977	 0.82423
3.4331	 0.670598
3.43644	 0.807544
3.43977	 0.511355
3.4431	 0.760358
3.44644	 0.685298
3.44977	 0.705332
3.4531	 0.65339
3.45644	 0.776227
3.45977	 0.58004
3.4631	 0.595719
3.46644	 0.560431
3.46977	 0.812469
3.4731	 0.464719
3.47643	 0.717789
3.47977	 0.670137
3.4831	 0.768137
3.48643	 0.562149
3.48977	 0.70184
3.4931	 0.580348
3.49643	 0.573648
3.49977	 0.839216
3.5031	 0.728509
3.50643	 0.677549
3.50977	 0.725152
3.5131	 0.756919
3.51643	 0.671141
3.51977	 0.54324
3.5231	 0.867305
3.52643	 0.679759
3.52976	 0.820893
3.5331	 0.882605
3.53643	 0.619724
3.53976	 0.818622
3.5431	 0.757044
3.54643	 0.628985
3.54976	 0.599931
3.5531	 0.490637
3.55643	 0.527586
3.55976	 0.558838
3.5631	 0.510204
3.56643	 0.596858
3.56976	 0.640034
3.5731	 0.649964
3.57643	 0.704289
3.57976	 0.62757
3.58309	 0.686754
3.58643	 0.633681
3.58976	 0.827906
3.59309	 0.525609
3.59643	 0.570093
3.59976	 0.737944
3.60309	 0.550176
3.60643	 0.685434
3.60976	 0.552682
3.61309	 0.763275
3.61643	 0.860038
3.61976	 0.398355
3.62309	 0.73619
3.62642	 0.676133
3.62976	 0.581542
3.63309	 0.550431
3.63642	 0.702625
3.63976	 0.69733
3.64309	 0.460663
3.64642	 0.696546
3.64976	 0.493004
3.65309	 0.60323
3.65642	 0.746802
3.65976	 0.75998
3.66309	 0.556389
3.66642	 0.553391
3.66976	 0.602497
3.67309	 0.718794
3.67642	 0.630313
3.67975	 0.590019
3.68309	 0.860319
3.68642	 0.719353
3.68975	 0.722684
3.69309	 0.617851
3.69642	 0.5668
3.69975	 0.715765
3.70309	 0.777139
3.70642	 0.586857
3.70975	 0.643511
3.71309	 0.637755
3.71642	 0.627413
3.71975	 0.589166
3.72309	 0.521185
3.72642	 0.683339
3.72975	 0.657081
3.73308	 0.885339
3.73642	 0.561196
3.73975	 0.661414
3.74308	 0.752759
3.74642	 0.66637
3.74975	 0.567115
3.75308	 0.617401
3.75642	 0.730197
3.75975	 0.398339
3.76308	 0.699153
3.76642	 0.617554
3.76975	 0.655213
3.77308	 0.610765
3.77641	 0.648819
3.77975	 0.551311
3.78308	 0.645896
3.78641	 0.567428
3.78975	 0.881205
3.79308	 0.664574
3.79641	 0.537134
3.79975	 0.604723
3.80308	 0.72698
3.80641	 0.714695
3.80975	 0.689767
3.81308	 0.48245
3.81641	 0.410426
3.81975	 0.608961
3.82308	 0.593361
3.82641	 0.512239
3.82974	 0.763784
3.83308	 0.730253
3.83641	 0.533153
3.83974	 0.597556
3.84308	 0.644522
3.84641	 0.589394
3.84974	 0.622201
3.85308	 0.797424
3.85641	 0.744621
3.85974	 0.818212
3.86308	 0.579497
3.86641	 0.701991
3.86974	 0.516869
3.87308	 0.665905
3.87641	 0.655211
3.87974	 0.545435
3.88307	 0.713963
3.88641	 0.601886
3.88974	 0.6053
3.89307	 0.47587
3.89641	 0.784291
3.89974	 0.60465
3.90307	 0.751965
3.90641	 0.628811
3.90974	 0.507422
3.91307	 0.615935
3.91641	 0.751022
3.91974	 0.739172
3.92307	 0.773208
3.9264	 0.68961
3.92974	 0.724806
3.93307	 0.55917
3.9364	 0.644084
3.93974	 0.851374
3.94307	 0.467559
3.9464	 0.802149
3.94974	 0.506358
3.95307	 0.731918
3.9564	 0.71907
3.95974	 0.678193
3.96307	 0.649975
3.9664	 0.659078
3.96974	 0.675912
3.97307	 0.613795
3.9764	 0.508954
3.97973	 0.737288
3.98307	 0.796422
3.9864	 0.666996
3.98973	 0.513612
3.99307	 0.726759
3.9964	 0.60269
3.99973	 0.582277
4.00307	 0.535013
4.0064	 0.595294
4.00973	 0.637668
4.01307	 0.614626
4.0164	 0.603397
4.01973	 0.744625
4.02307	 0.878084
4.0264	 0.529324
4.02973	 0.785083
4.03306	 0.554546
4.0364	 0.677126
4.03973	 0.728969
4.04306	 0.832331
4.0464	 0.855893
4.04973	 0.801622
4.05306	 0.656286
4.0564	 0.63776
4.05973	 0.745843
4.06306	 0.561734
4.0664	 0.530226
4.06973	 0.739906
4.07306	 0.514827
4.07639	 0.591167
4.07973	 0.433644
4.08306	 0.545341
4.08639	 0.448049
4.08973	 0.613304
4.09306	 0.617615
4.09639	 0.66264
4.09973	 0.791764
4.10306	 0.55345
4.10639	 0.60232
4.10973	 0.546762
4.11306	 0.742226
4.11639	 0.603242
4.11973	 0.656444
4.12306	 0.754911
4.12639	 0.591871
4.12972	 0.706818
4.13306	 0.485336
4.13639	 0.509399
4.13972	 0.459277
4.14306	 0.65513
4.14639	 0.696495
4.14972	 0.573273
4.15306	 0.751598
4.15639	 0.514636
4.15972	 0.577414
4.16306	 0.668127
4.16639	 0.534471
4.16972	 0.610987
4.17306	 0.730366
4.17639	 0.481077
4.17972	 0.668403
4.18305	 0.758043
4.18639	 0.395531
4.18972	 0.677359
4.19305	 0.622309
4.19639	 0.598238
4.19972	 0.56235
4.20305	 0.497514
4.20639	 0.724127
4.20972	 0.564722
4.21305	 0.530228
4.21639	 0.518687
4.21972	 0.686258
4.22305	 0.707002
4.22638	 0.667012
4.22972	 0.581258
4.23305	 0.637942
4.23638	 0.674074
4.23972	 0.368752
4.24305	 0.604821
4.24638	 0.712063
4.24972	 0.763304
4.25305	 0.553511
4.25638	 0.445127
4.25972	 0.517228
4.26305	 0.742598
4.26638	 0.763081
4.26972	 0.530193
4.27305	 0.636088
4.27638	 0.719153
4.27971	 0.802519
4.28305	 0.532425
4.28638	 0.690569
4.28971	 0.560585
4.29305	 0.621755
4.29638	 0.569654
4.29971	 0.659447
4.30305	 0.59876
4.30638	 0.505524
4.30971	 0.706563
4.31305	 0.624527
4.31638	 0.59719
4.31971	 0.795627
4.32305	 0.62087
4.32638	 0.666277
4.32971	 0.594147
4.33304	 0.693898
4.33638	 0.480535
4.33971	 0.625393
4.34304	 0.603587
4.34638	 0.593201
4.34971	 0.517785
4.35304	 0.667629
4.35638	 0.701404
4.35971	 0.611679
4.36304	 0.663276
4.36638	 0.587622
4.36971	 0.55686
4.37304	 0.514631
4.37637	 0.68466
4.37971	 0.551262
4.38304	 0.528554
4.38637	 0.608384
4.38971	 0.829548
4.39304	 0.477232
4.39637	 0.741162
4.39971	 0.619612
4.40304	 0.514222
4.40637	 0.618939
4.40971	 0.659477
4.41304	 0.835186
4.41637	 0.656841
4.41971	 0.503652
4.42304	 0.593179
4.42637	 0.622118
4.4297	 0.651911
4.43304	 0.715777
4.43637	 0.698794
4.4397	 0.454399
4.44304	 0.491067
4.44637	 0.650639
4.4497	 0.587923
4.45304	 0.6222
4.45637	 0.549232
4.4597	 0.513276
4.46304	 0.620105
4.46637	 0.646476
4.4697	 0.467887
4.47304	 0.637776
4.47637	 0.749298
4.4797	 0.574652
4.48303	 0.582768
4.48637	 0.494461
4.4897	 0.640409
4.49303	 0.543647
4.49637	 0.762911
4.4997	 0.567773
4.50303	 0.687645
4.50637	 0.614632
4.5097	 0.634871
4.51303	 0.54659
4.51637	 0.737091
4.5197	 0.481987
4.52303	 0.577138
4.52636	 0.626989
4.5297	 0.715228
4.53303	 0.562831
4.53636	 0.620064
4.5397	 0.745166
4.54303	 0.655717
4.54636	 0.436857
4.5497	 0.695174
4.55303	 0.523959
4.55636	 0.737482
4.5597	 0.668728
4.56303	 0.581802
4.56636	 0.725392
4.5697	 0.603713
4.57303	 0.463903
4.57636	 0.648866
4.57969	 0.53377
4.58303	 0.547787
4.58636	 0.509132
4.58969	 0.462496
4.59303	 0.471735
4.59636	 0.551836
4.59969	 0.581991
4.60303	 0.500456
4.60636	 0.412116
4.60969	 0.611203
4.61303	 0.70609
4.61636	 0.585885
4.61969	 0.536845
4.62303	 0.581128
4.62636	 0.589542
4.62969	 0.552807
4.63302	 0.587731
4.63636	 0.580697
4.63969	 0.728444
4.64302	 0.555779
4.64636	 0.725015
4.64969	 0.720308
4.65302	 0.54564
4.65636	 0.464702
4.65969	 0.620847
4.66302	 0.505622
4.66636	 0.510151
4.66969	 0.504946
4.67302	 0.750941
4.67635	 0.814231
4.67969	 0.452041
4.68302	 0.428438
4.68635	 0.503382
4.68969	 0.573752
4.69302	 0.640051
4.69635	 0.609844
4.69969	 0.689302
4.70302	 0.515713
4.70635	 0.449248
4.70969	 0.431325
4.71302	 0.72521
4.71635	 0.498444
4.71969	 0.554793
4.72302	 0.69486
4.72635	 0.565429
4.72968	 0.618431
4.73302	 0.488977
4.73635	 0.566423
4.73968	 0.593231
4.74302	 0.495103
4.74635	 0.649803
4.74968	 0.578805
4.75302	 0.659262
4.75635	 0.53782
4.75968	 0.672046
4.76302	 0.539373
4.76635	 0.718231
4.76968	 0.578699
4.77302	 0.569802
4.77635	 0.629101
4.77968	 0.493599
4.78301	 0.571873
4.78635	 0.556237
4.78968	 0.505185
4.79301	 0.625106
4.79635	 0.47849
4.79968	 0.533823
4.80301	 0.586642
4.80635	 0.505166
4.80968	 0.560804
4.81301	 0.608691
4.81635	 0.352109
4.81968	 0.73832
4.82301	 0.451099
4.82634	 0.538226
4.82968	 0.448881
4.83301	 0.471722
4.83634	 0.489917
4.83968	 0.675647
4.84301	 0.565316
4.84634	 0.541545
4.84968	 0.521327
4.85301	 0.544135
4.85634	 0.636504
4.85968	 0.420302
4.86301	 0.462436
4.86634	 0.609786
4.86968	 0.464059
4.87301	 0.619484
4.87634	 0.588253
4.87967	 0.620799
4.88301	 0.523973
4.88634	 0.533513
4.88967	 0.637966
4.89301	 0.538771
4.89634	 0.619161
4.89967	 0.53226
4.90301	 0.633509
4.90634	 0.548348
4.90967	 0.512126
4.91301	 0.512524
4.91634	 0.379989
4.91967	 0.637003
4.92301	 0.516267
4.92634	 0.479113
4.92967	 0.659749
4.933	 0.692845
4.93634	 0.608474
4.93967	 0.600471
4.943	 0.534704
4.94634	 0.552747
4.94967	 0.65034
4.953	 0.639778
4.95634	 0.480474
4.95967	 0.623679
4.963	 0.565059
4.96634	 0.605063
4.96967	 0.47661
4.973	 0.557745
4.97633	 0.587233
4.97967	 0.508931
4.983	 0.393885
4.98633	 0.633528
4.98967	 0.520452
4.993	 0.589716
4.99633	 0.572245
