#Time [1ns] 	 Re(Es) 	 Im(Es) 	 |Es|^2 	 rho 	 w
0	554.737257	-734.810855	-22902.4157	-34078.0128	0.555460257	3.32307733e+13
1e-11	-336.703734	61.8017382	-22397.7751	-35975.7587	0.554931442	3.34722194e+13
2e-11	-1862.41247	-1144.6653	-22646.809	-35750.611	0.554551505	3.36899626e+13
3e-11	-2196.83384	-1362.66084	-19799.5989	-35901.6088	0.554504952	3.38867529e+13
4e-11	-2494.09743	1341.07017	-20982.6938	-35693.0449	0.554706105	3.40653307e+13
5e-11	-793.59082	-202.910666	-21181.773	-35304.1006	0.555066603	3.42277575e+13
6e-11	-1239.41402	-862.241895	-22426.512	-35379.8378	0.555121539	3.43755624e+13
7e-11	-1522.15955	1040.34492	-22428.2445	-36421.5649	0.555129472	3.45095891e+13
8e-11	-1032.89882	1277.74331	-21543.8651	-36065.8212	0.555032987	3.46309344e+13
9e-11	-1218.77473	552.880312	-19503.9986	-36165.8522	0.555741562	3.47414724e+13
1e-10	23.9239112	1316.38298	-19172.1105	-37187.5488	0.556058005	3.48431236e+13
1.1e-10	-2270.94236	2130.31392	-18905.9251	-35825.8488	0.556254812	3.49356449e+13
1.2e-10	-936.437452	1985.85777	-18115.6219	-37466.5827	0.556929291	3.50206568e+13
1.3e-10	-111.209714	2337.5748	-17555.5037	-38635.9844	0.557132323	3.50987676e+13
1.4e-10	2195.94115	637.909487	-18206.2322	-39059.8598	0.556957327	3.51696046e+13
1.5e-10	2403.86699	-522.627007	-19100.0695	-38509.9366	0.556455138	3.52329833e+13
1.6e-10	3018.6891	3149.76194	-21320.6808	-36359.0782	0.556536343	3.52898037e+13
1.7e-10	2606.88267	1015.75765	-20736.4879	-36193.8425	0.556687722	3.53416835e+13
1.8e-10	2667.01208	1926.04972	-20358.7724	-37099.8681	0.556806384	3.53890542e+13
1.9e-10	1911.79617	2588.21594	-20205.3968	-36872.9393	0.557079467	3.54323999e+13
2e-10	1612.26358	1553.82597	-19830.3473	-37414.8094	0.557043251	3.54720724e+13
2.1e-10	1641.68355	1875.21858	-19127.462	-38905.4451	0.556899141	3.55078637e+13
2.2e-10	2166.38471	2725.20326	-16728.508	-40030.4678	0.556544082	3.55396995e+13
2.3e-10	150.627606	2775.6338	-17749.5678	-40470.1633	0.555890723	3.55674653e+13
2.4e-10	484.002169	1444.77287	-17308.1558	-41380.5212	0.555278135	3.55910702e+13
2.5e-10	340.540704	283.486467	-16690.9436	-39887.8532	0.55513049	3.56111834e+13
2.6e-10	1254.79052	644.851903	-15056.3409	-39958.4689	0.555294232	3.56296833e+13
2.7e-10	1126.85865	254.326732	-16082.1725	-40211.0118	0.555376512	3.5646821e+13
2.8e-10	875.1143	-583.579687	-17547.4956	-39312.2477	0.555325069	3.56623424e+13
2.9e-10	567.136219	-897.015195	-17078.9536	-39378.8487	0.555666777	3.56766992e+13
3e-10	-823.575122	-2441.23777	-19234.3422	-39994.391	0.555666423	3.56902744e+13
3.1e-10	-106.49553	-1843.27921	-18907.1475	-38579.5241	0.555667542	3.57023079e+13
3.2e-10	272.026498	-2118.05339	-15740.2011	-37108.4039	0.55615711	3.57137048e+13
3.3e-10	-1959.06672	-612.650384	-14621.1326	-36294.7232	0.557358157	3.57261851e+13
3.4e-10	-1651.22234	575.110524	-15514.0999	-37591.7788	0.558146326	3.5740161e+13
3.5e-10	571.909584	1037.48033	-14741.072	-36240.0162	0.559001931	3.57543798e+13
3.6e-10	354.965953	1404.59689	-15362.8323	-37013.9872	0.55958432	3.57693163e+13
3.7e-10	-1615.7862	1331.45995	-16282.7938	-39082.7801	0.559728201	3.57838786e+13
3.8e-10	-960.047048	2338.48574	-16876.9304	-39057.7273	0.559416448	3.57967075e+13
3.9e-10	-938.612432	1620.21779	-19053.4171	-39023.933	0.55859281	3.58070483e+13
4e-10	-759.727286	1319.94346	-21741.7185	-39811.4375	0.557462903	3.58142826e+13
4.1e-10	-83.2342364	1451.37156	-21772.3795	-40029.98	0.556487244	3.58180394e+13
4.2e-10	-553.825695	1836.11192	-22136.887	-39509.2669	0.555841797	3.58193666e+13
4.3e-10	287.10537	2139.93185	-22237.8122	-39245.3182	0.555177209	3.581909e+13
4.4e-10	1336.42567	2546.86911	-22515.3646	-38866.093	0.554798488	3.58175675e+13
4.5e-10	212.558888	994.471931	-21944.613	-39221.4926	0.554404728	3.58152739e+13
4.6e-10	1036.93345	1456.19736	-22358.9459	-39040.1059	0.554020617	3.58123509e+13
4.7e-10	-149.498563	594.196314	-22377.1348	-39683.9206	0.553813832	3.58089814e+13
4.8e-10	-166.101088	381.394156	-21477.8324	-39394.0048	0.553493736	3.58051761e+13
4.9e-10	-433.527266	848.361929	-20629.3825	-40180.6954	0.553343335	3.58012891e+13
5e-10	-1813.21877	908.436975	-19600.2248	-40617.4621	0.553337536	3.57973896e+13
5.1e-10	-2721.22933	1195.38826	-21119.894	-38993.8306	0.553243973	3.57938678e+13
5.2e-10	-2456.65826	570.404863	-20101.2637	-38070.1741	0.553821294	3.57910932e+13
5.3e-10	-279.27943	733.541702	-19477.7944	-35988.2952	0.554847167	3.57904142e+13
5.4e-10	334.309757	-588.763962	-19437.2394	-37699.4457	0.555883024	3.57925164e+13
5.5e-10	625.832626	278.560675	-19692.6156	-36878.3104	0.556272575	3.57959994e+13
5.6e-10	-499.372429	-955.878887	-20571.818	-36349.9785	0.556887034	3.58004441e+13
5.7e-10	1083.43368	-3030.66628	-20231.5679	-35699.9785	0.557335878	3.58056601e+13
5.8e-10	436.978194	-1348.38456	-19005.9183	-36145.0524	0.558046098	3.58117973e+13
5.9e-10	-900.418357	-1027.72564	-18804.6977	-36995.0266	0.558607426	3.58190294e+13
6e-10	-1274.44997	-1274.15682	-18062.9573	-36500.6784	0.559004271	3.58266229e+13
6.1e-10	-233.889527	-841.849628	-18043.3152	-36601.5713	0.559316751	3.58344687e+13
6.2e-10	799.05505	-1250.99232	-17575.7695	-37866.4975	0.559508779	3.58422268e+13
6.3e-10	810.451684	-1871.01189	-19723.9206	-38062.3733	0.558804043	3.58487963e+13
6.4e-10	-553.75216	-1822.27565	-20974.172	-38688.7379	0.558090622	3.58530348e+13
6.5e-10	-1141.42819	-1333.6089	-21817.1302	-38655.7921	0.557405203	3.58550238e+13
6.6e-10	-645.198439	-1649.95047	-23314.3169	-39364.9171	0.556325722	3.58549285e+13
6.7e-10	-1403.67533	-2798.00874	-22331.4252	-38608.9069	0.555365102	3.58520866e+13
6.8e-10	-1522.05486	-3566.60088	-21322.3288	-38251.4399	0.555061831	3.58480506e+13
6.9e-10	-2798.39005	-1911.87153	-20991.976	-37527.1327	0.555394456	3.58442942e+13
7e-10	-3846.06895	-1540.08736	-19380.9553	-37068.3822	0.555651178	3.58415421e+13
7.1e-10	-3052.90156	-1537.63692	-20957.7338	-38167.2391	0.556080809	3.58401081e+13
7.2e-10	-2596.77257	-397.162961	-23258.4978	-36546.968	0.556025514	3.58391658e+13
7.3e-10	-2371.63084	-177.428975	-22153.2174	-35930.4658	0.555933448	3.58380938e+13
7.4e-10	-2714.73614	-1980.87074	-23758.3161	-36779.227	0.556153336	3.58374334e+13
7.5e-10	-2858.80528	-1191.28828	-24200.8545	-38432.6673	0.555617934	3.58365734e+13
7.6e-10	-374.670934	-1062.43607	-24283.0874	-35356.951	0.555207905	3.58343514e+13
7.7e-10	-1054.05943	-1087.28738	-22538.452	-35260.8351	0.555846184	3.58325608e+13
7.8e-10	-396.151084	-1135.1116	-21664.3134	-32881.2162	0.557015475	3.5832924e+13
7.9e-10	836.552744	-680.315335	-23245.2893	-31103.5415	0.55843335	3.58365736e+13
8e-10	678.970059	-176.79693	-24007.2743	-31547.0497	0.559575979	3.58432006e+13
8.1e-10	-1089.03333	-1597.86478	-24711.6972	-33198.5998	0.559894566	3.58510837e+13
8.2e-10	-1939.54737	-265.162231	-25754.542	-33917.9594	0.559486215	3.5858084e+13
8.3e-10	-80.4942557	995.890641	-24906.2352	-34289.22	0.558943437	3.58631437e+13
8.4e-10	1454.7877	1986.12815	-24760.0357	-36290.9057	0.558614421	3.58668152e+13
8.5e-10	1582.79994	1919.33259	-24792.3566	-36372.7323	0.557692821	3.58685665e+13
8.6e-10	1252.50826	3403.45148	-24164.0918	-38900.063	0.556675147	3.58679352e+13
8.7e-10	1622.6723	2342.36173	-24330.545	-36879.7617	0.555910891	3.58648937e+13
8.8e-10	1970.84575	1983.28518	-23123.76	-36378.1609	0.555925697	3.58613051e+13
8.9e-10	1127.67772	747.070268	-21936.7077	-36692.3471	0.556202872	3.5858377e+13
9e-10	958.311817	-248.77693	-21293.0221	-37395.0541	0.556278976	3.58562486e+13
9.1e-10	572.251561	956.784779	-20751.0983	-39012.6722	0.555999866	3.58541365e+13
9.2e-10	-107.923215	24.9236242	-21265.5465	-35013.1744	0.55643505	3.5851994e+13
9.3e-10	1032.84657	-1605.27264	-22456.6323	-34359.3124	0.557313386	3.58520319e+13
9.4e-10	170.465674	441.203178	-20442.6849	-34292.9754	0.557874995	3.58536559e+13
9.5e-10	731.955139	-665.443733	-20626.2996	-35586.2011	0.5585796	3.58568041e+13
9.6e-10	167.178787	83.0408862	-20698.2528	-35346.3858	0.558918052	3.58607951e+13
9.7e-10	618.69858	-1471.02876	-22402.1025	-38030.8179	0.558605496	3.58647789e+13
9.8e-10	-825.642762	-1890.64897	-22760.8834	-37979.8989	0.557397348	3.58664168e+13
9.9e-10	83.023609	-1378.05462	-20629.843	-38480.4503	0.556936608	3.58656857e+13
1e-09	-765.107053	-292.427105	-18482.9449	-38723.132	0.557053897	3.58645153e+13
1.01e-09	-2064.16233	1333.10765	-19335.1242	-38652.1217	0.556907159	3.58635576e+13
1.02e-09	-1603.9286	1432.2389	-19993.5321	-40119.6279	0.556524586	3.58621459e+13
1.03e-09	-364.149427	2289.05435	-19873.2279	-41729.021	0.555600206	3.5859372e+13
1.04e-09	-759.075359	1351.91099	-18453.5549	-41405.3372	0.554601762	3.58544491e+13
1.05e-09	508.444882	2213.3501	-18633.5947	-41679.91	0.553957958	3.58480109e+13
1.06e-09	125.130258	2096.2295	-17760.4606	-40383.6758	0.553712429	3.58409501e+13
1.07e-09	-2173.23194	173.613915	-19008.4046	-38833.4006	0.553962872	3.58346106e+13
1.08e-09	-1371.65112	-303.454821	-19538.6341	-39794.1338	0.554197477	3.58295475e+13
1.09e-09	-901.571141	-703.157577	-20171.912	-39322.2129	0.554347478	3.58252817e+13
1.1e-09	-409.793577	105.150772	-19153.3213	-39732.3325	0.554382959	3.58217317e+13
1.11e-09	-32.8299898	-1257.47844	-18155.3483	-38057.6615	0.554492481	3.58185454e+13
1.12e-09	-329.14625	-373.300346	-20343.6999	-36887.5684	0.555306458	3.58168244e+13
1.13e-09	992.484181	-941.698536	-17491.9509	-39930.3882	0.555590247	3.58168183e+13
1.14e-09	2526.56596	-2197.72052	-14024.4429	-40873.8278	0.555730681	3.58170759e+13
1.15e-09	1977.78759	-1006.55601	-13402.7732	-38786.4971	0.55609879	3.58178508e+13
1.16e-09	1618.42115	-1078.69441	-13124.9135	-37245.6957	0.557214263	3.58202928e+13
1.17e-09	1582.72144	208.155281	-14227.8457	-37246.1584	0.558566713	3.58255439e+13
1.18e-09	1275.05236	1143.98388	-14326.6209	-37773.9835	0.559370891	3.58329805e+13
1.19e-09	-1.253621	955.909142	-15061.6101	-38985.1113	0.559451174	3.58409633e+13
1.2e-09	1113.19266	1016.60128	-14825.0821	-38194.461	0.559295905	3.58478452e+13
1.21e-09	-167.118369	2282.87307	-16037.9766	-39372.7888	0.559238383	3.58541302e+13
1.22e-09	-317.510294	3475.27582	-18336.4636	-40437.2466	0.558824599	3.5859269e+13
1.23e-09	-328.564797	3080.89422	-17459.9799	-41018.1992	0.557776579	3.58620053e+13
1.24e-09	-832.285758	4343.65596	-18212.5253	-41813.7896	0.556641532	3.58619143e+13
1.25e-09	325.122761	2639.58263	-19591.9761	-39877.0167	0.555727732	3.58592024e+13
1.26e-09	-1521.2339	2077.39867	-21149.76	-40580.9547	0.554877228	3.58548968e+13
1.27e-09	-1518.05236	428.074335	-21067.0012	-42615.6492	0.553892575	3.58488057e+13
1.28e-09	-731.633603	-659.840248	-21304.5341	-40374.2511	0.553035229	3.58407177e+13
1.29e-09	-1091.46185	-1415.93724	-20335.1055	-40334.3142	0.552865636	3.58322902e+13
1.3e-09	-77.4256366	-1787.69516	-20721.2337	-39436.4237	0.553171464	3.58247937e+13
1.31e-09	744.437856	-1930.99436	-22764.801	-38676.0538	0.553454715	3.58187111e+13
1.32e-09	939.362583	-198.201196	-21963.8727	-38236.203	0.553386159	3.58134709e+13
1.33e-09	1942.90384	-709.598179	-22321.1457	-39491.2462	0.553224291	3.58086224e+13
1.34e-09	2773.22826	-984.212798	-21635.4253	-38395.5059	0.553035155	3.58035846e+13
1.35e-09	3748.26915	-443.439054	-24133.671	-37837.6341	0.552784019	3.57987199e+13
1.36e-09	1951.10502	-853.328905	-21147.1442	-36666.3825	0.553058057	3.57939195e+13
1.37e-09	326.489352	410.19154	-19854.8761	-36036.5798	0.554230447	3.5791385e+13
1.38e-09	1021.19976	-1422.15272	-18726.2149	-36260.6683	0.555347367	3.57919482e+13
1.39e-09	624.084457	-1801.05285	-17326.0191	-36670.0349	0.556596185	3.57952917e+13
1.4e-09	2540.35572	-2476.66088	-18881.5954	-36488.7486	0.557550997	3.58009974e+13
1.41e-09	3169.95852	-1815.07876	-20227.6644	-37964.8029	0.557640645	3.58076099e+13
1.42e-09	2171.60193	-982.263879	-19556.3946	-39968.9306	0.557167208	3.58131184e+13
1.43e-09	2046.11433	264.347574	-20889.5049	-40457.3436	0.556373295	3.58166131e+13
1.44e-09	943.596876	194.060771	-21145.251	-40696.8859	0.555286265	3.58175441e+13
1.45e-09	2503.87298	-1615.24105	-21974.8248	-40174.7746	0.554300305	3.58159023e+13
1.46e-09	1299.4764	-1339.58253	-20900.6786	-39964.1137	0.5537271	3.58123194e+13
1.47e-09	1466.1797	-275.802545	-23139.4076	-40619.5421	0.553159403	3.58078897e+13
1.48e-09	2095.86213	-1124.21947	-22068.3452	-39079.6424	0.552650657	3.58023546e+13
1.49e-09	1338.33341	-237.471671	-22015.0091	-37626.3044	0.553072934	3.57971138e+13
1.5e-09	1174.89237	976.967767	-21939.4507	-38345.4398	0.553359128	3.57934677e+13
1.51e-09	1786.39074	2673.17873	-21607.9867	-38566.0744	0.553474046	3.57906114e+13
1.52e-09	1313.12904	3390.91449	-20905.5541	-37042.196	0.553762022	3.57883985e+13
1.53e-09	876.191359	2310.60816	-22363.6955	-37615.5117	0.554214368	3.57874861e+13
1.54e-09	125.822594	1094.60522	-22169.2282	-37138.1436	0.554517758	3.57874322e+13
1.55e-09	570.927925	857.797787	-22778.912	-38617.9609	0.554667476	3.57880821e+13
1.56e-09	-1181.94446	-439.798391	-22645.5937	-38845.3671	0.554252787	3.57882727e+13
1.57e-09	-680.870008	-2087.62379	-22965.6322	-39105.8489	0.553854958	3.57874314e+13
1.58e-09	466.146283	-2669.41324	-23230.8469	-37533.7096	0.553806441	3.57860249e+13
1.59e-09	-1434.54136	-1661.55865	-23809.8258	-37623.5788	0.553791226	3.57848475e+13
1.6e-09	-3404.90203	-1631.23452	-24259.4535	-38447.4907	0.553773644	3.57836812e+13
1.61e-09	-2775.10912	-1334.04117	-24905.0113	-37174.9336	0.553391408	3.57821209e+13
1.62e-09	-2220.507	-1229.86626	-26014.9785	-33944.6516	0.553706267	3.57804286e+13
1.63e-09	-672.32891	-1745.32162	-25133.4886	-33511.5646	0.554398839	3.5780203e+13
1.64e-09	-1130.17357	-980.386416	-23791.6629	-34750.8992	0.555326486	3.57820768e+13
1.65e-09	-452.974204	231.860575	-24942.1583	-35235.9088	0.55555827	3.57852079e+13
1.66e-09	95.0539702	722.597437	-24119.5295	-35989.9624	0.55576108	3.57884585e+13
1.67e-09	-433.33045	-622.999269	-24675.2554	-36397.4602	0.555716746	3.57916434e+13
1.68e-09	-2485.73566	-995.463593	-22586.5281	-36922.3797	0.555599586	3.5794299e+13
1.69e-09	-688.044574	1598.53782	-23329.1661	-37910.1256	0.555551888	3.57965847e+13
1.7e-09	-1195.43545	1645.91419	-21159.9461	-38661.6032	0.555211292	3.579808e+13
1.71e-09	-1986.93727	2958.6967	-20955.3489	-38333.1425	0.554990622	3.57987702e+13
1.72e-09	-3337.70151	1976.78838	-22200.1858	-38465.3022	0.554928467	3.57991602e+13
1.73e-09	-4320.18756	1019.27178	-22805.0932	-36908.0713	0.554829569	3.5799219e+13
1.74e-09	-5906.73743	-198.482894	-24572.2118	-36310.5111	0.554687105	3.57991113e+13
1.75e-09	-5719.96071	-761.522788	-25510.3435	-36194.9859	0.5546785	3.57987687e+13
1.76e-09	-5355.37407	-505.681704	-27149.7511	-35463.376	0.554545922	3.57982708e+13
1.77e-09	-5468.79964	1492.34948	-26641.4081	-37607.3487	0.55396072	3.57971797e+13
1.78e-09	-4263.82921	-1530.0079	-25591.7262	-37615.6329	0.553376393	3.57945136e+13
1.79e-09	-4645.72954	-1583.53824	-24258.0663	-38624.5974	0.553009404	3.57909664e+13
1.8e-09	-3866.83851	-788.437966	-20780.1186	-37526.1124	0.553382514	3.5787506e+13
1.81e-09	-3043.14151	-213.067147	-20486.6982	-39141.1532	0.553819695	3.57856913e+13
1.82e-09	-3512.81037	885.811877	-20209.5631	-39296.7836	0.553924088	3.57846294e+13
1.83e-09	-1877.72503	1665.24728	-20473.3953	-38562.7664	0.553867039	3.57837297e+13
1.84e-09	-1122.80053	1995.93316	-19087.725	-40477.3257	0.553998825	3.57831423e+13
1.85e-09	954.534855	2335.18376	-19646.7695	-41548.6426	0.553944386	3.57826576e+13
1.86e-09	869.255359	1893.86506	-19758.4245	-42856.1465	0.552844546	3.57809281e+13
1.87e-09	1667.18123	2071.0492	-19325.7337	-41889.2445	0.552266599	3.57772346e+13
1.88e-09	-57.1663998	2277.16341	-18039.2858	-40403.3334	0.55205455	3.57727375e+13
1.89e-09	-802.62722	2937.1	-19134.7869	-41747.3917	0.552220205	3.57688876e+13
1.9e-09	-1149.92894	2424.84398	-19224.4863	-38893.8993	0.55247007	3.57654569e+13
1.91e-09	586.579639	1405.03943	-19141.8786	-39048.3524	0.553190703	3.57637707e+13
1.92e-09	968.059212	788.078124	-21407.7436	-37151.5112	0.55381746	3.57637397e+13
1.93e-09	1016.27433	-1539.22497	-23358.701	-37346.9419	0.554181427	3.57651787e+13
1.94e-09	1725.37247	-794.49798	-21641.6413	-37517.7705	0.554432475	3.5767029e+13
1.95e-09	2452.5266	-1463.4022	-19676.8656	-38449.8985	0.554469318	3.57691448e+13
1.96e-09	705.478814	-358.721175	-17599.9082	-37270.0441	0.555104794	3.57715513e+13
1.97e-09	761.703611	-794.858236	-16624.0285	-36657.232	0.556204398	3.57759794e+13
1.98e-09	1618.8843	254.006394	-15439.4204	-35483.5377	0.557587549	3.57829037e+13
1.99e-09	-476.339718	-773.649182	-15348.446	-36340.9774	0.558729264	3.57925112e+13
2e-09	-756.821699	-2302.57762	-15569.4143	-38791.4244	0.559156508	3.58031689e+13
2.01e-09	-1303.92404	-1890.1605	-15300.3792	-39339.9554	0.559100638	3.58131063e+13
2.02e-09	624.088275	-2146.92577	-15946.6409	-41329.0383	0.558409896	3.58214409e+13
2.03e-09	1190.58625	-3252.02525	-15199.8589	-39205.7781	0.557988282	3.58272517e+13
2.04e-09	245.652454	-1458.97447	-16103.0795	-41188.2605	0.55747582	3.58318533e+13
2.05e-09	84.0400907	-777.821289	-16173.62	-40456.3221	0.556828668	3.58343626e+13
2.06e-09	-808.032164	-1167.30376	-16557.9233	-41050.2898	0.556400683	3.58353653e+13
2.07e-09	-783.406862	-855.733675	-17164.4657	-41846.5421	0.555738803	3.58350861e+13
2.08e-09	447.499586	-1067.11928	-17182.1665	-41523.5627	0.555071685	3.58330751e+13
2.09e-09	-222.774984	-1630.6414	-16453.5795	-42045.1715	0.554622125	3.58299188e+13
2.1e-09	1372.47625	-1161.3319	-18471.0838	-42382.4169	0.553758903	3.58256018e+13
2.11e-09	2366.15891	-1651.62552	-20005.2509	-40241.6141	0.553260408	3.58198521e+13
2.12e-09	2809.04707	-2377.12417	-20919.4221	-39820.0359	0.553340467	3.58142614e+13
2.13e-09	2538.01928	-1845.98621	-20706.2233	-38041.0103	0.553601285	3.58094178e+13
2.14e-09	1738.85531	-2033.59311	-19330.9738	-37428.9748	0.554202435	3.58060672e+13
2.15e-09	370.891296	-1256.93112	-19323.8249	-40169.1651	0.554614531	3.58046093e+13
2.16e-09	278.438155	752.187209	-20770.1324	-38804.3674	0.554567031	3.58034241e+13
2.17e-09	146.086028	641.173568	-21125.9288	-40084.1659	0.554464174	3.58023722e+13
2.18e-09	513.512738	-116.832225	-20719.3649	-38608.3862	0.554186446	3.58007654e+13
2.19e-09	242.586669	-957.584824	-19961.8633	-37436.0996	0.55455758	3.5799296e+13
2.2e-09	15.3170382	-2567.48082	-21610.2136	-35687.0695	0.555266374	3.57993768e+13
2.21e-09	-7.70698207	-2350.04378	-19936.8104	-38214.0939	0.555648606	3.5800912e+13
2.22e-09	-1183.07111	-2748.57187	-19929.3644	-38474.6918	0.555722119	3.58027782e+13
2.23e-09	-627.199998	-2174.02844	-22738.7192	-40317.8318	0.555273449	3.5804246e+13
2.24e-09	-238.153018	-2108.74829	-21818.9857	-39542.0037	0.554390089	3.58037077e+13
2.25e-09	-1670.53321	-227.773676	-21378.2812	-38731.8501	0.553924366	3.58016215e+13
2.26e-09	-1133.47439	-1031.55781	-20622.5406	-40362.4042	0.554051517	3.57994147e+13
2.27e-09	-2343.17199	-3326.83653	-22354.1884	-39424.4599	0.553858386	3.57971869e+13
2.28e-09	-3957.5005	-3377.13209	-22679.7429	-40377.9026	0.553162037	3.57943433e+13
2.29e-09	-2951.23359	-5076.6384	-22021.3072	-39027.1093	0.552601981	3.57900455e+13
2.3e-09	-2824.36275	-4198.77934	-22207.0821	-38628.0522	0.552638413	3.57854929e+13
2.31e-09	-1370.02754	-2856.14277	-21936.9036	-37592.3101	0.553049206	3.57818498e+13
2.32e-09	-1258.68361	-2877.2893	-19223.6892	-35210.9654	0.554083087	3.5780055e+13
2.33e-09	-318.702044	-3136.42315	-20109.2923	-36369.0987	0.555430712	3.57817318e+13
2.34e-09	92.0766826	-1989.78534	-21233.2603	-37691.3544	0.555791208	3.57854316e+13
2.35e-09	425.087456	-2687.75393	-21498.3982	-37965.2326	0.555611988	3.57887992e+13
2.36e-09	-473.239614	-2753.79387	-20780.1437	-36477.9789	0.555538582	3.57914252e+13
2.37e-09	986.120693	-1119.186	-22444.2252	-36701.5366	0.555827669	3.57942504e+13
2.38e-09	1200.45273	-413.481605	-21474.4908	-37413.309	0.556027172	3.57973174e+13
2.39e-09	-429.884692	-1103.70614	-22496.2077	-37992.2392	0.555947262	3.58002993e+13
2.4e-09	-1185.15038	-1864.02809	-22486.3342	-40261.3924	0.555166455	3.58021878e+13
2.41e-09	-1141.59098	-3270.04812	-23354.3608	-39368.3748	0.55443419	3.58017688e+13
2.42e-09	-1911.26761	-2335.7679	-24469.8441	-38530.3192	0.553780753	3.5799795e+13
2.43e-09	-2576.68273	-2618.03196	-24119.2789	-37756.9049	0.553593887	3.57969337e+13
2.44e-09	-1063.6196	-2463.02855	-23527.5984	-35995.1223	0.553973675	3.57944526e+13
2.45e-09	437.481859	-1358.82283	-22714.4862	-37882.4406	0.55424275	3.5793267e+13
2.46e-09	-663.233181	-671.935687	-20655.0407	-37517.2724	0.55430679	3.57923749e+13
2.47e-09	93.0371343	-86.3802375	-20094.1176	-37683.3221	0.554750239	3.5792226e+13
2.48e-09	1658.96767	-399.433268	-19672.1915	-38208.8256	0.555342444	3.57933863e+13
2.49e-09	139.907868	-1079.19179	-20041.9786	-39054.2417	0.555459562	3.57953919e+13
2.5e-09	-943.094917	-624.319346	-21542.1147	-39051.535	0.55500063	3.57967851e+13
2.51e-09	-584.257308	933.371023	-22818.2488	-37880.0742	0.554863904	3.57971858e+13
2.52e-09	710.870496	1768.12827	-20778.1956	-37281.0596	0.555049772	3.57975013e+13
2.53e-09	1590.15728	1240.77242	-21038.8265	-38295.5641	0.555133191	3.57984081e+13
2.54e-09	2809.66712	820.679357	-20647.8962	-38449.0847	0.555071955	3.57991597e+13
2.55e-09	2838.76799	945.535534	-21126.111	-39821.1614	0.554741582	3.57995449e+13
2.56e-09	1237.785	2455.27936	-21776.4823	-39304.421	0.553852296	3.57982973e+13
2.57e-09	1277.65919	1372.68574	-22540.2123	-40737.6016	0.553402763	3.57955963e+13
2.58e-09	672.214643	1394.18003	-22891.9586	-38470.7188	0.553080265	3.57920118e+13
2.59e-09	-451.613795	771.054095	-22946.6937	-37997.775	0.553355388	3.57887621e+13
2.6e-09	457.63747	1971.45105	-21900.8421	-38432.782	0.553612928	3.57864602e+13
2.61e-09	610.113367	2088.53706	-20407.8433	-38159.8437	0.553907839	3.5784933e+13
2.62e-09	-1.11258247	522.741894	-20907.5004	-35536.3252	0.554539085	3.57846276e+13
2.63e-09	1498.17753	-146.09029	-21073.2124	-35884.2173	0.555408546	3.5786375e+13
2.64e-09	791.854319	-482.193574	-19352.77	-36910.0076	0.556097936	3.57897267e+13
2.65e-09	695.173454	-1533.89339	-19835.0563	-37066.5198	0.55665271	3.57943508e+13
2.66e-09	-79.8315358	-2176.97684	-18457.467	-39028.4173	0.557029192	3.57996974e+13
2.67e-09	-1106.74787	-1185.34079	-20830.6548	-38811.2376	0.556698076	3.58047099e+13
2.68e-09	-1860.42465	-328.299635	-21946.3818	-40996.5069	0.555618297	3.58077439e+13
2.69e-09	-1575.16414	-2695.87152	-19021.0563	-41652.5686	0.554614256	3.58076441e+13
2.7e-09	-3031.66702	-4628.80768	-19186.6838	-42853.2561	0.553654734	3.58053658e+13
2.71e-09	-2043.42959	-3761.28922	-17556.6682	-42006.8394	0.553093617	3.58011245e+13
2.72e-09	-1962.43711	-2610.17065	-17552.9653	-39380.3264	0.553217409	3.57967748e+13
2.73e-09	-1890.68639	-3718.21366	-19447.3878	-39069.1059	0.553613529	3.57936192e+13
2.74e-09	-1802.4228	-1591.37804	-19932.0418	-38708.9253	0.55408094	3.57916867e+13
2.75e-09	-985.513886	-731.683001	-19813.6279	-39054.6695	0.554325432	3.57909071e+13
2.76e-09	-2329.07346	-3183.68311	-19473.2208	-37514.1992	0.5546105	3.57906767e+13
2.77e-09	-1698.3388	-3868.53653	-18468.8319	-37145.8478	0.555344495	3.57917128e+13
2.78e-09	-1043.4762	-3349.15904	-17724.3984	-37189.7576	0.556304146	3.57946595e+13
2.79e-09	-948.243962	-1613.49191	-18733.7448	-37948.9492	0.556812743	3.57993406e+13
2.8e-09	-717.636656	-1842.3807	-17556.2928	-37775.0973	0.55711104	3.5804332e+13
2.81e-09	-2023.52419	-3017.17489	-18257.1599	-40214.3906	0.557160296	3.58095913e+13
2.82e-09	-1433.99765	-1989.80786	-19131.3712	-40047.163	0.55649643	3.58134677e+13
2.83e-09	-1372.00071	-1122.57796	-19502.7346	-40613.7905	0.555730072	3.58152934e+13
2.84e-09	-248.900687	-1152.52088	-18300.1948	-40565.9813	0.554965076	3.581509e+13
2.85e-09	270.029591	-522.487205	-18890.1912	-40208.8759	0.554572988	3.58134907e+13
2.86e-09	-106.591314	-1069.66855	-18837.9703	-38603.4431	0.554502638	3.58112705e+13
2.87e-09	-1111.03198	-644.358459	-17168.2911	-39230.9124	0.554824679	3.58096809e+13
2.88e-09	-1274.36179	499.97109	-17634.298	-39891.4166	0.555004468	3.580891e+13
2.89e-09	563.783529	507.822621	-16955.1568	-42426.8092	0.55465107	3.58081807e+13
2.9e-09	501.754539	-310.724722	-15442.1873	-42797.0287	0.553997211	3.58061253e+13
2.91e-09	1137.09838	-2911.25915	-16113.5489	-41143.788	0.553760598	3.58030991e+13
2.92e-09	-163.787073	-783.90507	-16466.0479	-40640.2422	0.553915558	3.58003063e+13
2.93e-09	-693.322966	-759.120561	-17029.7067	-40609.3729	0.554166535	3.57982022e+13
2.94e-09	-1856.9665	-24.4941998	-19189.2092	-42079.4512	0.553584029	3.57962464e+13
2.95e-09	-1439.77341	-480.924882	-18724.3282	-41933.7557	0.553070848	3.57929474e+13
2.96e-09	-989.678211	-303.389108	-18705.3784	-40955.7929	0.552640635	3.57887306e+13
2.97e-09	-1615.87944	-193.000433	-18102.0644	-40280.7642	0.552808071	3.57846319e+13
2.98e-09	-2805.44074	-596.392424	-19519.4056	-39556.6683	0.552964202	3.57813358e+13
2.99e-09	-1974.42428	952.197874	-20825.3468	-39696.0632	0.553138699	3.5778782e+13
3e-09	-610.697506	2393.07862	-20504.9433	-40634.1375	0.553175594	3.57766875e+13
3.01e-09	674.223942	2280.85399	-20041.9487	-39189.1439	0.55320645	3.57747325e+13
3.02e-09	477.088795	1914.43508	-19147.9262	-37447.9932	0.553904125	3.57736551e+13
3.03e-09	608.264665	2220.15832	-18617.1112	-39663.9495	0.554374225	3.57745127e+13
3.04e-09	-2182.54207	1274.72592	-22897.5258	-39717.9871	0.554248342	3.57757787e+13
3.05e-09	-3133.41657	1424.26385	-22941.633	-40756.8764	0.553720337	3.57760151e+13
3.06e-09	-3281.78209	64.9384709	-22254.3314	-40542.3107	0.552913111	3.57744912e+13
3.07e-09	-6110.93374	437.702456	-21226.7951	-40168.6228	0.552631338	3.57717907e+13
3.08e-09	-3038.79785	482.31504	-20347.3894	-38942.2751	0.552753961	3.57690295e+13
3.09e-09	-3530.13409	407.383584	-22127.6347	-39340.3412	0.552892083	3.5767112e+13
3.1e-09	-3942.33916	-2523.61311	-22903.3173	-39492.8196	0.552801132	3.57653955e+13
3.11e-09	-3244.34814	-3326.32456	-24260.3614	-39754.9307	0.552424915	3.57632735e+13
3.12e-09	-2991.49546	-1807.51946	-24203.4109	-39128.6241	0.552162878	3.57604442e+13
3.13e-09	-1894.34502	-951.580562	-23937.4914	-37915.6401	0.552329799	3.57577263e+13
3.14e-09	-1572.49126	205.341315	-23358.3271	-37793.9267	0.552538665	3.57558467e+13
3.15e-09	-1113.0084	1819.31305	-21429.202	-38161.881	0.553000991	3.57548886e+13
3.16e-09	-539.620235	3487.67282	-20342.4454	-37468.2196	0.553519051	3.5755137e+13
3.17e-09	-966.04203	2696.04214	-20234.1021	-36062.4213	0.554542262	3.57571256e+13
3.18e-09	77.1955739	2630.35459	-20023.0119	-36272.8325	0.555511119	3.57614828e+13
3.19e-09	1626.61148	2651.24707	-19788.7778	-36808.7059	0.556107036	3.57674107e+13
3.2e-09	1856.80633	2233.30848	-22244.5043	-35190.7384	0.556737889	3.57741046e+13
3.21e-09	1512.38908	-542.097227	-22791.9336	-35624.5591	0.557019435	3.57814072e+13
3.22e-09	1152.88325	164.277553	-22695.6008	-37748.7343	0.556809394	3.57882162e+13
3.23e-09	267.105832	54.4054739	-22008.694	-39895.1247	0.556197353	3.57933165e+13
3.24e-09	1093.39289	-892.899225	-21673.8233	-39804.6793	0.555302994	3.57960219e+13
3.25e-09	-199.475668	345.609536	-23013.2248	-40424.5644	0.554413108	3.57965442e+13
3.26e-09	73.9081701	1604.05462	-23581.5243	-41706.5728	0.553259333	3.57945938e+13
3.27e-09	806.741719	1948.46168	-24662.0107	-40949.8498	0.55185053	3.5789681e+13
3.28e-09	1651.27007	1005.72372	-25380.1183	-38206.8626	0.551489516	3.57828179e+13
3.29e-09	-338.745937	575.636392	-25041.3012	-38012.7912	0.551364937	3.57761312e+13
3.3e-09	127.146854	1648.7085	-23933.2448	-38043.8889	0.55163257	3.57702249e+13
3.31e-09	741.842667	1979.92822	-24184.8967	-38342.704	0.551775818	3.576549e+13
3.32e-09	-598.391918	1649.98409	-23782.599	-36676.0633	0.552078181	3.57614858e+13
3.33e-09	223.625851	1942.56108	-24204.6537	-36398.7569	0.552634552	3.57591643e+13
3.34e-09	1071.57365	2107.10373	-24435.9157	-36070.3328	0.553129006	3.57581634e+13
3.35e-09	1024.58866	2169.85157	-23947.9132	-37348.9664	0.553607549	3.57584773e+13
3.36e-09	589.922081	835.624779	-22588.1119	-36800.3773	0.553842431	3.57595658e+13
3.37e-09	754.790223	-167.65932	-24242.2458	-37099.009	0.554266353	3.57614718e+13
3.38e-09	1069.6855	-693.757492	-25814.825	-37137.8426	0.553969978	3.57633838e+13
3.39e-09	430.92543	-902.106148	-26181.7823	-36798.4559	0.553522512	3.57642019e+13
3.4e-09	477.720309	330.651022	-26853.0415	-34913.0116	0.553398644	3.57641803e+13
3.41e-09	1794.86018	-1015.78441	-26505.4111	-35676.691	0.553482735	3.57640732e+13
3.42e-09	2532.23113	-1160.61227	-26018.6945	-35457.9115	0.553665913	3.57642716e+13
3.43e-09	1530.31551	-1293.01554	-23962.4749	-34622.7844	0.554049433	3.57650177e+13
3.44e-09	1162.95385	-1515.38389	-22317.5056	-34389.7159	0.555000793	3.57673334e+13
3.45e-09	4.36860058	-2474.57963	-20186.7253	-33128.4202	0.556657206	3.57723894e+13
3.46e-09	-2821.10346	-2040.29235	-18631.8527	-34360.7567	0.55830375	3.57812574e+13
3.47e-09	-1825.61044	-584.977488	-17642.6455	-34990.8114	0.559417674	3.57925087e+13
3.48e-09	-1842.62604	453.860966	-18624.3689	-36097.5205	0.559933593	3.58048483e+13
3.49e-09	-1112.92741	2716.44052	-19972.327	-38416.9688	0.559539173	3.58164691e+13
3.5e-09	-267.251318	3337.81892	-20371.7763	-41314.3042	0.557891124	3.58245686e+13
3.51e-09	-1143.11015	2651.24892	-18723.2326	-42123.8378	0.556161748	3.58274802e+13
3.52e-09	-414.417579	1078.2929	-19376.7042	-43626.4559	0.554851391	3.5826576e+13
3.53e-09	-1686.73626	878.337391	-20008.4882	-43523.4563	0.553420334	3.58224214e+13
3.54e-09	-1548.68327	1105.50799	-20688.596	-43925.6985	0.552038675	3.58152373e+13
3.55e-09	-2352.4407	254.914381	-20415.2109	-43502.7894	0.551059229	3.58058402e+13
3.56e-09	-204.478101	-78.3437127	-19387.9289	-41980.4116	0.550523668	3.5795419e+13
3.57e-09	-474.267641	-60.887369	-18924.9905	-39059.4492	0.551077681	3.57858322e+13
3.58e-09	-992.558648	-336.995199	-19754.1518	-40074.9402	0.551731928	3.57789551e+13
3.59e-09	54.0751556	-2389.73764	-18308.445	-40721.9334	0.552101242	3.57737759e+13
3.6e-09	-417.107293	-1862.55441	-18930.9473	-39445.4232	0.552512258	3.57700878e+13
3.61e-09	-1257.87015	-2841.99477	-18408.4394	-39551.8211	0.552801982	3.57675053e+13
3.62e-09	-2487.80405	-3209.79972	-17088.5809	-40013.6135	0.553296558	3.57661845e+13
3.63e-09	-2361.44868	-1602.03353	-19322.6336	-40771.2617	0.553242196	3.57656712e+13
3.64e-09	-827.98656	-1621.04873	-17929.605	-42485.002	0.552919973	3.57646966e+13
3.65e-09	625.417837	-1637.19201	-17786.6514	-42750.729	0.552246316	3.5762641e+13
3.66e-09	1245.82062	-1673.50898	-19216.1338	-42044.8218	0.551774579	3.5759372e+13
3.67e-09	676.813579	-1043.45881	-19284.4371	-41623.7998	0.551598893	3.57555159e+13
3.68e-09	133.18013	-1586.57168	-19335.7624	-40521.5098	0.551715036	3.57519026e+13
3.69e-09	-234.026474	-590.407209	-17103.3169	-39284.4428	0.552288548	3.57493211e+13
3.7e-09	-307.837176	812.381088	-15362.3517	-38285.1492	0.55345387	3.57490777e+13
3.71e-09	1443.64432	822.375451	-14754.4468	-37964.5695	0.554539934	3.57516027e+13
3.72e-09	1892.74421	821.26905	-13347.7198	-37030.0921	0.555840738	3.57567624e+13
3.73e-09	1786.28278	225.119885	-12882.5421	-38325.3318	0.557116942	3.57647225e+13
3.74e-09	678.410932	475.961013	-12560.5646	-39866.3871	0.557500682	3.57739279e+13
3.75e-09	480.362611	-386.483334	-12794.28	-40423.8359	0.557697552	3.578293e+13
3.76e-09	954.244132	187.963296	-14895.9653	-40732.315	0.557453265	3.57911349e+13
3.77e-09	518.903983	-622.200162	-16826.2127	-40371.6514	0.557319157	3.5798105e+13
3.78e-09	160.902258	-17.3765465	-18752.0595	-39819.4264	0.556907599	3.5803774e+13
3.79e-09	-271.192861	-1221.828	-19723.2413	-40007.9514	0.556338993	3.58077329e+13
3.8e-09	835.278107	-1839.50985	-19613.2693	-41041.24	0.555483529	3.58095838e+13
3.81e-09	1168.4637	-530.276863	-18570.9197	-42165.6893	0.554306292	3.58088608e+13
3.82e-09	1174.7558	-547.045292	-20047.7965	-39957.0972	0.553979777	3.58061184e+13
3.83e-09	1391.19817	-948.686099	-19851.9145	-41018.5598	0.553791229	3.58032211e+13
3.84e-09	3203.85141	820.609232	-19677.5087	-40848.1702	0.55330222	3.5799807e+13
3.85e-09	2065.52405	271.485894	-18540.5663	-41923.47	0.55302879	3.57958028e+13
3.86e-09	696.368373	578.49991	-18025.6331	-40830.1083	0.553021032	3.57916219e+13
3.87e-09	729.209325	-1396.91795	-18295.3893	-42195.4891	0.552850297	3.5787903e+13
3.88e-09	148.674679	-1072.20751	-17977.9098	-41868.7779	0.552584514	3.57838016e+13
3.89e-09	1713.93399	563.80814	-19267.4054	-40784.5663	0.552550894	3.57797577e+13
3.9e-09	2088.43116	475.334317	-19859.3237	-39823.5697	0.552630337	3.57761949e+13
3.91e-09	2077.09096	-1210.2196	-21315.3528	-39182.7206	0.552888504	3.57733844e+13
3.92e-09	2963.80334	-237.156134	-19634.3691	-38019.8309	0.553187156	3.57713909e+13
3.93e-09	1650.13393	-1358.71196	-18211.9612	-37844.5518	0.554473033	3.57714486e+13
3.94e-09	2406.29792	-796.574806	-18885.2176	-37870.8986	0.555254699	3.57740877e+13
3.95e-09	3248.80998	-1671.74548	-20102.7967	-39096.1823	0.555196111	3.57776524e+13
3.96e-09	4530.90167	-740.625209	-20538.4215	-38766.6611	0.555032838	3.57803244e+13
3.97e-09	1903.66709	-939.296745	-20016.919	-38331.1794	0.555048653	3.57824664e+13
3.98e-09	1567.4066	-1305.13923	-19182.5167	-37309.2419	0.555351404	3.5784852e+13
3.99e-09	1706.17907	-1790.97809	-19695.101	-37351.775	0.556000775	3.57882148e+13
4e-09	3311.84205	-1660.21383	-20074.0332	-37800.7859	0.556362878	3.57925142e+13
4.01e-09	4430.70328	-2451.06611	-20124.4729	-40056.686	0.556197746	3.57967109e+13
4.02e-09	3471.79522	-1517.13959	-20270.8799	-38077.1832	0.555981583	3.57997773e+13
4.03e-09	2374.2511	-496.976966	-20044.9106	-38869.2813	0.556139629	3.58026442e+13
4.04e-09	952.678096	1101.92761	-20221.0048	-39927.3283	0.555784055	3.58051509e+13
4.05e-09	35.6889258	-209.812338	-19898.1779	-39426.7208	0.555107564	3.58060728e+13
4.06e-09	-808.887106	892.179776	-19396.3823	-39858.1759	0.554746207	3.58056682e+13
4.07e-09	-1567.0892	1205.82682	-19803.6269	-41050.5089	0.554344056	3.580443e+13
4.08e-09	-1595.11854	2800.82852	-22932.0478	-39555.097	0.553973706	3.58023191e+13
4.09e-09	-2719.7195	3630.71103	-23037.6672	-40259.8952	0.553124325	3.57990833e+13
4.1e-09	-1935.04176	3565.15478	-21150.163	-39633.5365	0.552614372	3.5794286e+13
4.11e-09	-727.35181	1892.01227	-19259.4984	-39898.326	0.552804717	3.57895607e+13
4.12e-09	238.020648	1818.89351	-19440.3352	-39765.0998	0.553030764	3.57858404e+13
4.13e-09	1348.1128	1914.96291	-20282.2725	-40327.057	0.552929354	3.5782836e+13
4.14e-09	242.448855	473.882596	-19982.4403	-40070.6925	0.552838938	3.57796362e+13
4.15e-09	1140.74684	890.317916	-21003.6486	-40377.0828	0.553146428	3.57771118e+13
4.16e-09	513.27835	-100.102338	-21385.7137	-40008.868	0.552738879	3.57746976e+13
4.17e-09	809.640597	53.779822	-21686.45	-38212.9277	0.553057746	3.57722222e+13
4.18e-09	324.30658	452.578745	-22413.734	-39169.6509	0.553166606	3.57707364e+13
4.19e-09	25.8927949	2275.93596	-23545.6526	-38074.8083	0.553042936	3.57691951e+13
4.2e-09	26.3897295	1962.9338	-22277.7749	-37251.5595	0.553435815	3.57680114e+13
4.21e-09	488.519304	1706.79455	-24043.2158	-37041.763	0.553798455	3.57680897e+13
4.22e-09	-640.373101	2234.93136	-25311.7156	-34976.223	0.554069396	3.57687472e+13
4.23e-09	589.960793	851.442186	-25988.676	-35923.3167	0.554398091	3.5770281e+13
4.24e-09	1834.62346	1264.25162	-26416.0412	-35226.5186	0.554285352	3.57717795e+13
4.25e-09	2241.25394	293.25023	-24948.6468	-35438.1749	0.554445817	3.57731119e+13
4.26e-09	2898.33827	1370.47386	-22356.0004	-35699.3382	0.555086254	3.57751815e+13
4.27e-09	1783.85581	864.317382	-22047.7931	-36199.9526	0.555467199	3.57785122e+13
4.28e-09	1770.97675	2090.89941	-21090.3475	-34558.2576	0.556310456	3.57828218e+13
4.29e-09	2478.19684	2211.82705	-21531.2811	-34148.3267	0.557514873	3.57892068e+13
4.3e-09	1285.42709	2410.53573	-21417.5299	-36555.3807	0.557776753	3.57970819e+13
4.31e-09	421.422284	1229.779	-22210.4291	-36529.9587	0.55773576	3.58043118e+13
4.32e-09	1832.94743	1534.91379	-21590.2801	-39094.3297	0.557140002	3.58102244e+13
4.33e-09	1448.89665	-554.862866	-20732.3228	-40670.9902	0.55601575	3.58135277e+13
4.34e-09	2677.43883	-2131.90562	-20485.361	-42146.1366	0.554853785	3.58138565e+13
4.35e-09	3461.22484	-586.107331	-21720.8654	-40346.9358	0.553741772	3.58113027e+13
4.36e-09	3466.55707	-2.20895902	-20752.3	-40218.3718	0.553182536	3.58069085e+13
4.37e-09	1732.40647	-1306.05826	-21106.7013	-39222.0816	0.553298028	3.58022589e+13
4.38e-09	-586.21862	-353.841676	-20966.3548	-39851.3407	0.553179529	3.57981935e+13
4.39e-09	-319.23887	-452.758166	-18974.0727	-40646.7331	0.553098583	3.57942787e+13
4.4e-09	-699.104338	-384.81972	-18542.468	-39436.5252	0.55344943	3.57908345e+13
4.41e-09	666.760744	336.399664	-17399.748	-40444.1289	0.553606361	3.578852e+13
4.42e-09	395.011125	721.368153	-17338.3932	-38423.656	0.554171062	3.57870563e+13
4.43e-09	799.450356	642.524081	-16971.2822	-39272.1713	0.555076625	3.57877334e+13
4.44e-09	-44.0567732	1364.1346	-17085.1661	-38882.546	0.555543506	3.57899066e+13
4.45e-09	494.160695	1100.11519	-16161.6748	-41430.0443	0.555510358	3.57925255e+13
4.46e-09	1574.11918	-565.939748	-16174.899	-43372.2934	0.554887412	3.57942488e+13
4.47e-09	2439.00081	461.806091	-15016.2784	-45586.3017	0.553618948	3.57935626e+13
4.48e-09	1803.76824	1212.4483	-17254.6643	-44694.0791	0.55209096	3.57893832e+13
4.49e-09	1852.40876	2700.83389	-17654.5319	-42062.9017	0.551565037	3.57829184e+13
4.5e-09	1335.22118	2121.94873	-17882.5235	-40470.7666	0.551852942	3.57767974e+13
4.51e-09	-403.788388	975.795497	-17322.3497	-38153.863	0.552929036	3.57727205e+13
4.52e-09	-755.452966	-769.355969	-15654.228	-39591.4439	0.553940065	3.57718987e+13
4.53e-09	929.213108	-39.5113917	-14076.9954	-38669.5005	0.555055878	3.57734572e+13
4.54e-09	1610.82481	-1909.88755	-13004.2282	-38800.2948	0.556172997	3.57776292e+13
4.55e-09	1428.53196	-1393.88469	-12869.1613	-37965.7291	0.55726894	3.57839911e+13
4.56e-09	2131.25735	-3126.73621	-13326.3901	-38486.8727	0.558187071	3.57923207e+13
4.57e-09	2348.09876	-4258.03658	-13670.1293	-38860.2069	0.558436227	3.58013504e+13
4.58e-09	1441.48047	-2464.24455	-15430.9821	-38544.8473	0.55889316	3.58102655e+13
4.59e-09	203.982672	-1437.81061	-16172.9318	-38438.8802	0.55907957	3.58191635e+13
4.6e-09	1492.06461	-989.529696	-17611.3376	-40602.7223	0.558757856	3.58272568e+13
4.61e-09	1191.89248	-1053.45474	-18061.1758	-39338.5279	0.55803589	3.58331424e+13
4.62e-09	-237.728402	-1471.13259	-18652.84	-40164.3145	0.557079057	3.58367069e+13
4.63e-09	473.408304	-881.599863	-18482.3067	-40162.2738	0.556521808	3.58378897e+13
4.64e-09	-262.559971	-1379.96633	-20247.6891	-40004.8609	0.556028507	3.58378082e+13
4.65e-09	920.543055	-245.445743	-18174.4903	-39562.4926	0.555598913	3.58364331e+13
4.66e-09	1982.64667	858.831884	-18934.124	-39362.1741	0.555636729	3.58348154e+13
4.67e-09	2448.7488	2770.06482	-16101.7863	-39730.6136	0.555682665	3.58334818e+13
4.68e-09	699.827851	2087.77875	-17438.7522	-39895.3805	0.55595721	3.58325919e+13
4.69e-09	250.246857	821.678256	-17159.4678	-38760.5341	0.556046363	3.58321108e+13
4.7e-09	728.853408	1403.82944	-16439.0307	-39319.392	0.556356357	3.58323258e+13
4.71e-09	1081.11563	1508.25483	-18683.8566	-39099.8673	0.556418956	3.58329857e+13
4.72e-09	1394.63347	458.961315	-20276.1115	-38505.5556	0.556361406	3.58335889e+13
4.73e-09	747.663136	-873.435463	-19416.2984	-39510.9952	0.555989856	3.58337223e+13
4.74e-09	-444.449264	-767.809055	-18547.8132	-38312.4944	0.556001202	3.58331826e+13
4.75e-09	782.883736	-1127.32969	-18329.5422	-39436.8211	0.556042461	3.58329221e+13
4.76e-09	1034.19072	-748.752733	-18924.3696	-40187.6577	0.555904144	3.58326115e+13
4.77e-09	-206.021064	-1319.10881	-19329.9995	-39636.8585	0.55544472	3.5831567e+13
4.78e-09	1097.16274	-2084.71419	-18982.8774	-38427.0409	0.555462885	3.58298709e+13
4.79e-09	229.462543	-2851.00088	-20485.6559	-37400.6207	0.555684229	3.58288277e+13
4.8e-09	26.0992191	-1288.54766	-18933.8136	-36119.0275	0.556400285	3.58287163e+13
4.81e-09	-467.052613	-1184.03723	-19260.8111	-36832.176	0.557383229	3.5830884e+13
4.82e-09	-1382.18867	-60.534509	-18762.1813	-38889.4501	0.557715778	3.58345502e+13
4.83e-09	949.635641	-704.713121	-18911.5609	-37493.0942	0.557582371	3.58378319e+13
4.84e-09	1228.47925	-824.822629	-19295.8624	-38023.4099	0.55730687	3.58406286e+13
4.85e-09	2006.44082	12.7398369	-19824.2114	-37990.0015	0.557384099	3.58428834e+13
4.86e-09	816.964588	1341.52184	-19769.5036	-37582.2174	0.557286414	3.58447477e+13
4.87e-09	815.0621	1886.70161	-20105.0048	-38765.8429	0.557296003	3.58465007e+13
4.88e-09	1359.50147	3640.30241	-18588.5297	-40043.7599	0.556860487	3.58474559e+13
4.89e-09	207.76499	2647.28057	-19824.1884	-38755.275	0.556599839	3.58474492e+13
4.9e-09	207.195049	3825.52241	-18271.1897	-39354.3727	0.55658571	3.58472329e+13
4.91e-09	-491.194285	3112.36069	-18719.2333	-38893.1613	0.556520422	3.58468062e+13
4.92e-09	-703.096703	3257.61327	-19408.6915	-39815.0395	0.555869606	3.58459287e+13
4.93e-09	1217.12289	1997.19298	-19284.0311	-39383.2558	0.555629875	3.58436837e+13
4.94e-09	1405.2578	1760.48807	-21088.3818	-40320.2663	0.555008417	3.58407839e+13
4.95e-09	853.736822	2022.86636	-21951.3581	-41642.578	0.554205962	3.58363933e+13
4.96e-09	1065.40139	972.316324	-21407.9759	-40534.1901	0.553281669	3.58301811e+13
4.97e-09	722.824548	-479.966481	-22472.9821	-39818.1222	0.552697396	3.58229132e+13
4.98e-09	265.23452	-1945.6644	-21197.1333	-37709.3853	0.553234943	3.58159257e+13
4.99e-09	-199.97376	-1291.89618	-21457.7042	-38086.9045	0.553871764	3.58112851e+13
5e-09	73.0135946	-733.437503	-21790.878	-37104.1872	0.554236602	3.58081759e+13
5.01e-09	-652.122839	-1673.568	-20655.4749	-37964.1391	0.554873403	3.58066435e+13
5.02e-09	866.544066	-1693.18263	-20922.4911	-36728.963	0.555094261	3.58061995e+13
5.03e-09	-429.916065	-946.882261	-21358.5542	-37607.1501	0.555635246	3.58068025e+13
5.04e-09	-426.858395	472.401371	-19609.4836	-37540.5607	0.555741855	3.580806e+13
5.05e-09	135.23266	1160.65157	-22865.6065	-38405.5872	0.555467293	3.58093897e+13
5.06e-09	-1805.13185	888.670284	-24934.9306	-37059.0695	0.554870111	3.58093299e+13
5.07e-09	-779.573409	2012.26597	-23802.8198	-37920.4213	0.55435626	3.58078951e+13
5.08e-09	-998.294497	1680.75611	-24385.426	-36992.1661	0.554208621	3.58057624e+13
5.09e-09	-1155.90891	16.3092091	-24642.2796	-36972.9495	0.554267235	3.58036485e+13
5.1e-09	-1623.02565	2211.13416	-24126.3874	-36319.0688	0.554277716	3.58018713e+13
5.11e-09	-918.469346	2578.70069	-25148.7771	-35127.0631	0.554687941	3.58006817e+13
5.12e-09	-1404.13032	1404.26564	-24366.8436	-35045.3284	0.555057877	3.58005355e+13
5.13e-09	-1065.74145	-305.451724	-24183.313	-34224.6285	0.555640583	3.58015909e+13
5.14e-09	-1394.19653	698.376326	-25480.5823	-37958.3203	0.555427855	3.58033757e+13
5.15e-09	17.4126476	2012.38007	-24829.3731	-39258.2181	0.554383513	3.5803307e+13
5.16e-09	364.087494	1567.09247	-22683.2733	-36939.2171	0.553883773	3.5801047e+13
5.17e-09	1115.02661	1417.16346	-22047.5228	-35837.3419	0.554783633	3.57994347e+13
5.18e-09	245.199284	1230.50513	-23334.3867	-34908.6853	0.555454766	3.58000628e+13
5.19e-09	159.752549	1108.45081	-23914.7411	-36762.4182	0.555783987	3.58019572e+13
5.2e-09	-192.946223	612.296149	-24546.5915	-38022.0353	0.555302286	3.58034944e+13
5.21e-09	-613.387088	2270.65346	-25099.8774	-38519.0041	0.554346907	3.58032081e+13
5.22e-09	-775.922488	2922.52474	-24044.8192	-38236.0729	0.553721141	3.58008816e+13
5.23e-09	79.4715758	2480.40133	-22503.2179	-38549.2255	0.553653106	3.57979432e+13
5.24e-09	1628.97853	3661.91753	-22235.9589	-37464.0753	0.553836858	3.5795355e+13
5.25e-09	295.458696	1983.40744	-20152.5457	-36362.9595	0.554437155	3.5793741e+13
5.26e-09	999.301699	1474.92631	-20726.5592	-37657.4948	0.555093504	3.57942018e+13
5.27e-09	240.183245	1717.0568	-21573.3154	-38888.8414	0.555248491	3.57955986e+13
5.28e-09	-167.727321	2216.92539	-19405.4364	-41898.8415	0.55481611	3.57966342e+13
5.29e-09	-129.25094	1422.48896	-20054.907	-42844.9849	0.553640838	3.57954991e+13
5.3e-09	162.809053	-84.602226	-18107.7461	-40703.0445	0.553116416	3.57921684e+13
5.31e-09	-1538.45379	-336.982243	-19261.4175	-39843.9168	0.553417913	3.57890883e+13
5.32e-09	-107.361784	-1386.19868	-17889.9318	-39704.4909	0.553808043	3.57870027e+13
5.33e-09	-1612.26771	-641.703966	-13691.4957	-41305.8286	0.554019022	3.57859012e+13
5.34e-09	484.075002	1682.41121	-13999.0631	-41285.7802	0.554400299	3.57856263e+13
5.35e-09	-649.339579	660.888585	-14423.5395	-40615.0095	0.554820202	3.57863549e+13
5.36e-09	-1790.01952	-2192.84566	-13953.7354	-42671.9281	0.554778188	3.57877065e+13
5.37e-09	-1641.72498	-1275.79409	-12343.3808	-40923.3042	0.554953209	3.57886409e+13
5.38e-09	-1203.91518	-1440.9074	-13318.4342	-40591.7662	0.555422111	3.57904258e+13
5.39e-09	341.934607	-2857.35421	-14491.8692	-39445.978	0.555936843	3.57931401e+13
5.4e-09	-775.853375	-1752.04452	-14419.7752	-38655.2147	0.556715839	3.57971321e+13
5.41e-09	-111.532396	-1471.74707	-15019.873	-39537.3344	0.557185716	3.58023853e+13
5.42e-09	-524.312073	-1264.40162	-14146.3366	-40557.6687	0.557277185	3.5807962e+13
5.43e-09	-837.890196	-3227.34249	-15064.3087	-39341.2276	0.557342503	3.58129925e+13
5.44e-09	-2457.90241	-2980.84268	-16262.5959	-38193.2981	0.557667254	3.58180312e+13
5.45e-09	-2239.09417	-2847.09691	-16599.7241	-40111.4913	0.557580162	3.58231789e+13
5.46e-09	-831.659763	-2269.69989	-17253.7324	-40929.8077	0.557068564	3.58270115e+13
5.47e-09	-1477.72838	-2464.56226	-17411.3312	-41445.7972	0.556303517	3.58288878e+13
5.48e-09	-2660.96651	-2078.64823	-17171.9126	-40737.4978	0.555689294	3.5828734e+13
5.49e-09	-3781.2101	-1122.32368	-17625.2161	-39195.6133	0.555452117	3.58275746e+13
5.5e-09	-4112.70801	-1743.72418	-17110.8195	-36247.3946	0.556134779	3.58269643e+13
5.51e-09	-3198.62535	-1692.76858	-16451.2174	-37859.7072	0.557091076	3.58287077e+13
5.52e-09	-1177.24844	-274.785992	-17683.7704	-38775.8769	0.557284444	3.58317299e+13
5.53e-09	-1687.95118	1262.25559	-19200.6769	-38962.5624	0.557088612	3.5834414e+13
5.54e-09	-817.851471	-217.500436	-19447.2607	-37547.3402	0.55690904	3.58362211e+13
5.55e-09	-1463.32238	-31.887425	-18098.9523	-38540.3653	0.556996475	3.58378531e+13
5.56e-09	-787.149675	-709.27169	-19565.6776	-38733.9166	0.556777391	3.58392933e+13
5.57e-09	-274.51028	-1247.70633	-19943.5697	-38520.6178	0.556425148	3.58399551e+13
5.58e-09	-552.334422	-626.217736	-18823.737	-39667.8181	0.556206466	3.58396922e+13
5.59e-09	-1410.92474	-1882.90405	-20871.1674	-39724.3579	0.555713615	3.58387094e+13
5.6e-09	-1142.48184	-1441.76154	-21047.5336	-39772.3772	0.555399869	3.58367316e+13
5.61e-09	554.894991	-406.069472	-21070.1094	-40075.6136	0.554910956	3.58339879e+13
5.62e-09	561.445585	712.837522	-20101.5754	-37309.2116	0.55479848	3.58305396e+13
5.63e-09	212.167564	994.937084	-20924.0207	-38792.263	0.554966429	3.58278907e+13
5.64e-09	-351.178672	-839.362774	-21652.832	-38449.1255	0.554897545	3.58253315e+13
5.65e-09	-121.006551	1325.56385	-22414.4144	-38981.2627	0.554718614	3.58229271e+13
5.66e-09	-1114.15107	-2.29138124	-22574.6576	-39078.3207	0.554425997	3.58200777e+13
5.67e-09	550.786813	-446.394636	-20379.9549	-38670.8039	0.554326344	3.58168976e+13
5.68e-09	324.758488	-253.788632	-20189.784	-38538.1544	0.554632653	3.5814376e+13
5.69e-09	-720.412327	-102.408845	-18679.0606	-38849.8608	0.554719087	3.58125433e+13
5.7e-09	-766.01189	311.807382	-19289.9286	-39689.5584	0.554884363	3.58113312e+13
5.71e-09	140.980204	507.534011	-18947.4922	-39697.5028	0.554684897	3.58100896e+13
5.72e-09	2906.88396	2381.27267	-17695.6433	-39842.3597	0.55468916	3.58086917e+13
5.73e-09	1962.2367	3997.46659	-15494.3806	-39874.1017	0.555018044	3.58076772e+13
5.74e-09	426.840916	631.005155	-15135.7326	-40052.6184	0.555486222	3.5807809e+13
5.75e-09	-568.38296	-133.438532	-16581.482	-43178.4011	0.555162943	3.58085151e+13
5.76e-09	1859.80341	946.99511	-18125.7679	-42824.5693	0.554137555	3.58072942e+13
5.77e-09	2459.27225	1350.50704	-17548.3531	-41570.2877	0.553607446	3.58041083e+13
5.78e-09	2469.09258	362.377952	-17202.2329	-39487.4459	0.553872706	3.58008306e+13
5.79e-09	-577.50159	1753.96473	-17365.8648	-39171.0801	0.554447559	3.57990082e+13
5.8e-09	-1369.07696	255.72616	-20295.5595	-38904.9505	0.554643388	3.5798386e+13
5.81e-09	-1387.92342	634.096299	-19403.0818	-40759.3991	0.554649387	3.57980554e+13
5.82e-09	-1329.16417	-1918.77372	-19130.5154	-38856.6938	0.554821773	3.57975966e+13
5.83e-09	-1347.57892	-1300.35303	-19101.2695	-39097.9729	0.555013765	3.57979595e+13
5.84e-09	-492.870253	-939.292924	-18106.3103	-37969.9374	0.555390972	3.57987373e+13
5.85e-09	-231.400467	500.883796	-19090.0677	-38688.5802	0.555637393	3.580053e+13
5.86e-09	139.099526	-1002.53326	-20704.7654	-38860.376	0.555414307	3.58022091e+13
5.87e-09	1163.8417	-1516.41977	-20553.0753	-38400.743	0.555298296	3.58031451e+13
5.88e-09	486.7346	-1980.07952	-20672.34	-38003.5799	0.55552842	3.58040938e+13
5.89e-09	-314.468522	-596.949188	-20423.772	-38078.622	0.555319871	3.58050796e+13
5.9e-09	531.249963	-70.567039	-21477.3545	-37842.3337	0.555413361	3.58058914e+13
5.91e-09	-226.007142	-1246.12722	-21711.1659	-38437.8561	0.555025185	3.58063056e+13
5.92e-09	-436.292722	-241.395617	-22786.5207	-36934.1052	0.554940859	3.58058866e+13
5.93e-09	1592.42701	1162.73101	-23360.6277	-35009.2928	0.555408632	3.58059509e+13
5.94e-09	1003.47567	1674.61967	-23151.385	-35994.75	0.555818681	3.58072925e+13
5.95e-09	-613.846643	2377.89596	-22488.0914	-37071.5815	0.555773119	3.58088603e+13
5.96e-09	-228.094301	1017.07284	-23988.6474	-37659.468	0.555596512	3.58101115e+13
5.97e-09	-1170.55929	-651.910091	-25524.2447	-36689.7396	0.554985133	3.58102231e+13
5.98e-09	112.823996	-368.322596	-25617.8788	-39121.6632	0.554105765	3.5808722e+13
5.99e-09	311.686551	1395.54974	-25986.6846	-36618.7619	0.553457567	3.58052468e+13
6e-09	-718.025488	913.50815	-26027.8116	-35510.5979	0.553430124	3.58012665e+13
6.01e-09	6.84283331	200.377399	-25025.4846	-37428.6482	0.553640143	3.57980105e+13
6.02e-09	-511.299614	258.249099	-25406.8984	-35735.7177	0.553489908	3.57950002e+13
6.03e-09	-576.335976	1317.49186	-24508.5241	-35220.5119	0.553839792	3.57924499e+13
6.04e-09	227.513678	1045.8514	-24015.0493	-36442.3234	0.554421157	3.57913288e+13
6.05e-09	429.884811	1121.97492	-23132.6729	-35276.2238	0.554766873	3.57913401e+13
6.06e-09	1134.11437	1084.04619	-21741.9614	-36073.4712	0.555351482	3.57925617e+13
6.07e-09	992.886123	-411.404214	-23404.6707	-36568.0983	0.555712297	3.57949812e+13
6.08e-09	1497.45469	-41.6437911	-22115.04	-37844.581	0.555564539	3.5797361e+13
6.09e-09	773.931605	720.176886	-21474.1356	-40408.0094	0.555292025	3.57991485e+13
6.1e-09	1301.54851	525.536751	-21283.0945	-41847.8759	0.554120978	3.57989993e+13
6.11e-09	1235.65712	-1029.27577	-21592.1089	-41140.7486	0.55297382	3.57958658e+13
6.12e-09	-193.625103	116.277048	-21514.9204	-39933.6633	0.552680797	3.57912753e+13
6.13e-09	631.848309	103.005499	-19930.2524	-37469.8625	0.553131846	3.5787092e+13
6.14e-09	2267.99679	-906.852937	-19029.2104	-36321.8628	0.554181222	3.578523e+13
6.15e-09	1975.68289	-1916.09319	-17629.2124	-37936.9915	0.555253758	3.57862521e+13
6.16e-09	406.825291	-1327.69537	-17381.0616	-37726.5038	0.555959011	3.57892077e+13
6.17e-09	176.362133	-1096.96155	-15159.2562	-38660.8581	0.55681101	3.57937877e+13
6.18e-09	825.544293	-1480.67258	-16073.3421	-39864.5887	0.557039992	3.57994501e+13
6.19e-09	503.339451	-1746.81201	-15376.8341	-40492.54	0.557013155	3.5804708e+13
6.2e-09	857.040494	-3179.00933	-14919.0782	-41679.4527	0.556640048	3.58090232e+13
6.21e-09	653.373795	-3377.66899	-15250.6879	-42467.2989	0.555890182	3.58116049e+13
6.22e-09	-920.820009	-3497.90734	-15731.0223	-42988.1851	0.55505391	3.58120297e+13
6.23e-09	-1589.50907	-3312.24004	-15883.2833	-43067.6101	0.554426246	3.58105882e+13
6.24e-09	-726.778562	-2048.55715	-14436.6879	-43313.9061	0.553841437	3.58078366e+13
6.25e-09	682.035082	79.7269043	-14185.8708	-43827.9299	0.55343505	3.58042214e+13
6.26e-09	-395.899329	-276.915679	-12571.131	-43343.69	0.553080339	3.57998523e+13
6.27e-09	-1638.94173	-3426.43652	-12694.24	-42996.7932	0.553072002	3.57955338e+13
6.28e-09	-2416.24038	-3121.84805	-15595.5555	-41992.4953	0.553238286	3.57917674e+13
6.29e-09	-1565.42447	-2270.21275	-16078.1947	-38617.959	0.553706368	3.57890004e+13
6.3e-09	-138.364989	-1344.31076	-16870.3929	-37881.4758	0.554579462	3.57881949e+13
6.31e-09	26.1799143	-2584.75035	-17122.5846	-37059.6241	0.555606347	3.57897599e+13
6.32e-09	-410.687627	-3290.54771	-18583.0548	-35815.2221	0.55686918	3.57938624e+13
6.33e-09	-1568.16829	-3345.17575	-18064.7394	-35591.7911	0.557971673	3.58004203e+13
6.34e-09	314.60589	-4026.57278	-17881.1671	-38417.447	0.558149599	3.58082456e+13
6.35e-09	517.696466	-5219.23173	-18917.133	-39425.6337	0.557707981	3.58150092e+13
6.36e-09	62.9821029	-3488.96276	-16598.0925	-39781.8409	0.557511382	3.58201067e+13
6.37e-09	1057.39777	-3181.85109	-19372.0288	-41316.7733	0.55679123	3.5824003e+13
6.38e-09	361.633127	-3391.21332	-18652.6689	-40822.642	0.555684305	3.5825038e+13
6.39e-09	1559.33239	-5035.41213	-18723.5114	-40293.5356	0.554916568	3.58237802e+13
6.4e-09	1057.51847	-4183.22123	-17237.1616	-41263.554	0.554680529	3.58213648e+13
6.41e-09	2046.67718	-2974.06492	-17717.2697	-40925.4984	0.554446389	3.58186029e+13
6.42e-09	1534.4503	-712.578227	-18441.7102	-39537.668	0.554338535	3.58156736e+13
6.43e-09	3800.29905	-1815.69683	-20560.9414	-38591.7629	0.554695229	3.58133128e+13
6.44e-09	2543.45329	-765.520354	-21958.9261	-39303.0813	0.554805432	3.58117964e+13
6.45e-09	2529.02923	54.811635	-21939.6802	-38712.139	0.554476069	3.58100593e+13
6.46e-09	636.446376	-1960.79044	-22140.7774	-38249.8973	0.554646588	3.58082789e+13
6.47e-09	1550.68519	-1600.05964	-21922.6892	-38683.7594	0.554365832	3.58066641e+13
6.48e-09	3130.42402	-2069.86176	-20991.2148	-39077.9693	0.554426917	3.5804775e+13
6.49e-09	2468.36087	-1160.55836	-22138.7301	-40124.7482	0.554264409	3.5803167e+13
6.5e-09	3247.99131	-2125.32254	-21191.9163	-39462.7798	0.553745622	3.58007958e+13
6.51e-09	3387.57249	-831.197935	-20039.4231	-39223.7571	0.553695441	3.57978655e+13
6.52e-09	1854.04576	512.91161	-19837.0091	-39990.3772	0.553600355	3.57952392e+13
6.53e-09	1893.61145	719.533919	-20521.3479	-40687.4659	0.553410398	3.57925092e+13
6.54e-09	251.899799	138.626374	-19394.369	-39101.17	0.553167174	3.57892707e+13
6.55e-09	1820.31831	-1456.50999	-18709.6245	-40332.4382	0.553344861	3.5786464e+13
6.56e-09	1977.21389	-2386.45841	-17257.6582	-40936.3036	0.553572227	3.57842699e+13
6.57e-09	2223.06174	-1689.05922	-19229.8155	-41160.9388	0.553345928	3.57824438e+13
6.58e-09	2238.31721	-2152.6228	-18575.702	-40514.4674	0.553093276	3.57801017e+13
6.59e-09	2693.60019	-835.471071	-19666.167	-39402.6911	0.553283595	3.57778486e+13
6.6e-09	3753.88239	-1510.02513	-19396.5421	-40392.703	0.553447599	3.57763931e+13
6.61e-09	3086.98593	-831.403006	-20142.0254	-39857.5985	0.553318819	3.57750206e+13
6.62e-09	2678.45163	-195.260839	-18391.7202	-38725.3462	0.553448312	3.57736264e+13
6.63e-09	1973.49759	-1375.06236	-19172.361	-38951.7599	0.55403055	3.57733525e+13
6.64e-09	293.16875	159.683233	-19900.5506	-39368.8471	0.554404748	3.57743123e+13
6.65e-09	-2209.22846	1155.35786	-21647.2522	-39562.0024	0.554408312	3.57756181e+13
6.66e-09	-1323.16134	1172.92184	-22173.0014	-38794.4788	0.554266767	3.57765761e+13
6.67e-09	-3334.20074	1332.29021	-21303.4273	-40345.7898	0.553802275	3.57768486e+13
6.68e-09	-1591.99001	1216.02971	-20013.9912	-37737.4257	0.554002613	3.5776417e+13
6.69e-09	-390.574772	260.177083	-19340.5372	-38620.6462	0.554220906	3.57769358e+13
6.7e-09	168.954688	394.732165	-17565.7509	-39022.1521	0.554822816	3.57782144e+13
6.71e-09	-140.430095	-78.2192482	-18451.166	-39447.3759	0.555128925	3.57805872e+13
6.72e-09	1098.6706	-642.436842	-18479.5812	-37752.8874	0.555332989	3.57831662e+13
6.73e-09	2220.79375	186.325958	-19159.2528	-37537.3673	0.555877549	3.57864748e+13
6.74e-09	2393.07608	1082.02054	-19211.2469	-38728.9008	0.556117793	3.5790526e+13
6.75e-09	2130.89698	439.959098	-20104.6504	-40563.3004	0.555866575	3.57942974e+13
6.76e-09	831.417966	464.402818	-20946.7415	-40158.8322	0.55494816	3.57961031e+13
6.77e-09	-1394.70501	2956.73414	-19925.2301	-38774.505	0.554785821	3.57963717e+13
6.78e-09	-1627.16008	2127.45611	-20201.2927	-40207.6367	0.554743465	3.57965424e+13
6.79e-09	-1081.1454	2961.23505	-21835.7941	-41065.1039	0.554086897	3.57959123e+13
6.8e-09	-334.971981	3001.99193	-22177.1617	-38258.6602	0.553681849	3.57936801e+13
6.81e-09	-687.406946	3077.69074	-23882.8484	-35206.8581	0.554013024	3.57917281e+13
6.82e-09	-742.345875	487.358194	-23325.4542	-35805.6339	0.554689714	3.57912643e+13
6.83e-09	1027.38134	-1087.32873	-23411.8499	-35497.6807	0.55499421	3.57920041e+13
6.84e-09	62.7734458	-1216.48802	-23107.9554	-34903.9521	0.555490341	3.57935415e+13
6.85e-09	1212.18066	-1972.78648	-24596.2108	-36190.2769	0.555798625	3.5796136e+13
6.86e-09	2544.51254	-2463.24353	-24557.5361	-36510.2226	0.555665994	3.57986053e+13
6.87e-09	1925.5425	-980.160919	-23821.8574	-35483.6946	0.555572403	3.5800397e+13
6.88e-09	2061.36071	-2492.47388	-23460.3293	-35468.6281	0.55579619	3.58022726e+13
6.89e-09	1599.75599	-1660.0533	-25623.3695	-36497.7551	0.555602234	3.58042517e+13
6.9e-09	-596.513391	-220.020637	-25166.6733	-37670.675	0.554958867	3.58049132e+13
6.91e-09	-595.430078	-1308.52941	-23135.9813	-36948.9895	0.554733567	3.58043001e+13
6.92e-09	-874.851142	-762.586643	-21817.5173	-38863.2676	0.55464307	3.58035307e+13
6.93e-09	-1130.11214	395.19632	-20922.7102	-38503.4934	0.554503653	3.58025092e+13
6.94e-09	-514.92698	350.613681	-18606.3912	-39430.4926	0.554589644	3.58014104e+13
6.95e-09	26.852564	667.113565	-18783.3685	-39660.9811	0.554797783	3.58008664e+13
6.96e-09	-651.834504	187.305486	-19404.2022	-38514.1055	0.555264474	3.58010857e+13
6.97e-09	-630.201667	1081.23704	-19415.9503	-38337.6544	0.555642269	3.58023763e+13
6.98e-09	-424.669655	591.900878	-16054.7191	-39829.0048	0.5558529	3.58043689e+13
6.99e-09	-982.021619	1312.89863	-15431.9437	-38780.9183	0.55621581	3.58067063e+13
7e-09	174.695219	2790.56191	-14793.8909	-39485.2504	0.55677055	3.58099289e+13
7.01e-09	882.908958	2004.94924	-13730.9055	-39019.8166	0.557116033	3.58139175e+13
7.02e-09	1587.55811	-398.825213	-13356.4211	-41456.0452	0.557356139	3.58185475e+13
7.03e-09	1270.80459	355.290525	-13200.0998	-41097.4086	0.55707143	3.58224174e+13
7.04e-09	2977.55177	106.593038	-14005.0414	-40924.6734	0.556885979	3.58254578e+13
7.05e-09	1796.23542	1222.18359	-14654.7392	-42457.4199	0.556348277	3.58274254e+13
7.06e-09	1968.83108	1559.94635	-13479.7007	-42408.1539	0.555438804	3.58273514e+13
7.07e-09	1981.47092	869.397236	-12676.3456	-42124.7563	0.55521437	3.58258765e+13
7.08e-09	-133.02394	-1409.91125	-12584.027	-39687.0872	0.55541608	3.58243615e+13
7.09e-09	-2647.36737	-1310.15628	-12111.2569	-38835.4385	0.556237562	3.58242138e+13
7.1e-09	-1605.27055	-1625.63013	-13486.4404	-38276.5579	0.557263617	3.58264073e+13
7.11e-09	-1415.70439	509.688082	-14727.4974	-39375.5145	0.55782709	3.58304743e+13
7.12e-09	235.602277	-8.17751907	-17437.5157	-37991.8631	0.557912603	3.583487e+13
7.13e-09	1094.10985	831.691497	-18040.0897	-37083.4944	0.558290832	3.58392503e+13
7.14e-09	848.271131	-1238.44209	-18119.2314	-38283.8676	0.558445159	3.58440139e+13
7.15e-09	-126.83992	-1200.25202	-16977.8412	-39459.8673	0.558319409	3.58484396e+13
7.16e-09	-1465.27214	-459.414355	-18009.7635	-40356.1145	0.557635238	3.58515009e+13
7.17e-09	-454.593037	-2094.31246	-17283.1254	-39770.5519	0.557102752	3.5852761e+13
7.18e-09	-413.376063	-498.574169	-18206.9238	-40768.1946	0.556468839	3.58526046e+13
7.19e-09	-16.2783329	-2221.45803	-17839.4008	-42411.3208	0.555690946	3.58507734e+13
7.2e-09	392.451577	-171.771983	-16910.5914	-42647.9616	0.554505096	3.58466686e+13
7.21e-09	2019.97775	-1235.15408	-16346.873	-41192.9841	0.553970902	3.58407066e+13
7.22e-09	-237.200447	-1455.54981	-16740.8097	-40303.1176	0.553822261	3.58346133e+13
7.23e-09	-744.278135	-810.022571	-15591.3488	-40834.4302	0.554056318	3.58291655e+13
7.24e-09	-480.086485	-2350.60311	-14969.0815	-41983.2377	0.55426172	3.5824842e+13
7.25e-09	-244.916226	-2560.20817	-16303.261	-41984.5583	0.553964084	3.58207926e+13
7.26e-09	-458.382863	-3086.92856	-18374.8718	-41057.4208	0.553778402	3.58164971e+13
7.27e-09	-855.806134	-2471.23193	-18578.6122	-39904.9777	0.553767333	3.58122974e+13
7.28e-09	-721.957833	-1801.67765	-17667.2784	-39650.6234	0.554177684	3.58087772e+13
7.29e-09	-240.991539	-666.653264	-18355.1016	-41678.6142	0.554303358	3.58065217e+13
7.3e-09	54.8020068	-1899.48123	-18442.1854	-42206.6523	0.553579749	3.58037137e+13
7.31e-09	501.312058	-1401.05441	-17864.1436	-42069.3757	0.5532824	3.57998289e+13
7.32e-09	552.591095	-310.645371	-18604.8496	-40637.8492	0.553120389	3.57957128e+13
7.33e-09	656.633836	318.653492	-19530.0518	-38664.5813	0.553500092	3.57922049e+13
7.34e-09	377.716282	-58.103185	-18411.1909	-37868.62	0.554243039	3.57904108e+13
7.35e-09	539.400341	-1101.1492	-16884.9535	-38047.8991	0.555119947	3.57907942e+13
7.36e-09	-344.722932	-229.915912	-18129.51	-40495.428	0.555285646	3.57927348e+13
7.37e-09	-959.761318	-1539.88562	-17160.1662	-41476.3079	0.554825696	3.57939582e+13
7.38e-09	-834.911212	-2160.21432	-18925.2915	-41870.1592	0.5541367	3.57937309e+13
7.39e-09	55.5430361	-1444.26739	-19317.2659	-41292.4308	0.553436285	3.57917386e+13
7.4e-09	202.352998	-975.04631	-19592.4757	-41606.2975	0.552760489	3.57883552e+13
7.41e-09	140.664087	-757.08715	-19125.96	-40314.296	0.552571527	3.57841681e+13
7.42e-09	657.047872	-400.723635	-21722.9937	-40646.8405	0.552295019	3.57799357e+13
7.43e-09	404.433216	-1896.30242	-20805.6761	-41183.4051	0.551913299	3.57751673e+13
7.44e-09	-41.2655062	-151.029972	-20606.8998	-38933.1919	0.5521706	3.57705141e+13
7.45e-09	-1893.51601	-547.670432	-21383.6995	-37893.0706	0.552668457	3.57673651e+13
7.46e-09	-1884.75305	-1704.43162	-22851.9856	-36140.994	0.553334293	3.57658483e+13
7.47e-09	-3933.1011	-117.544883	-22919.8586	-35675.2693	0.554089701	3.57661819e+13
7.48e-09	-2630.50069	-560.432839	-22052.6471	-36540.9991	0.554776315	3.57682948e+13
7.49e-09	-2575.43731	-1104.60361	-22209.7743	-38009.7403	0.555092495	3.57714833e+13
7.5e-09	-1295.85284	1045.93697	-20503.7569	-37350.3461	0.555256478	3.57748125e+13
7.51e-09	-1123.33354	1994.88323	-17896.8731	-37743.756	0.555905302	3.57787121e+13
7.52e-09	-1327.77123	897.43085	-17657.282	-39474.2594	0.556331248	3.57836612e+13
7.53e-09	1563.5835	681.356376	-17949.2356	-40011.6611	0.556060963	3.57884926e+13
7.54e-09	821.325837	1300.23337	-18573.8324	-41122.8684	0.555799754	3.5792239e+13
7.55e-09	1153.24817	-595.935707	-19012.9334	-39551.9022	0.555359576	3.57945993e+13
7.56e-09	-371.244507	1843.74519	-20305.1598	-40524.0149	0.55511206	3.57960979e+13
7.57e-09	369.295652	1097.04572	-20219.5679	-39266.0256	0.554674701	3.57964204e+13
7.58e-09	1535.79949	-532.134746	-18649.8133	-38463.0055	0.554729805	3.57962045e+13
7.59e-09	2624.85141	-1363.86876	-21176.3004	-36938.2521	0.555280498	3.57967863e+13
7.6e-09	3679.64874	-823.164189	-21715.97	-39457.0041	0.555131073	3.57982602e+13
7.61e-09	4510.94631	-706.081326	-21290.4493	-39622.5343	0.554495309	3.57983024e+13
7.62e-09	3486.95583	574.225483	-21441.2737	-37937.7161	0.554305749	3.57971842e+13
7.63e-09	2409.40834	1733.04603	-23107.2276	-37810.7899	0.55454131	3.57964045e+13
7.64e-09	900.72372	1274.54736	-22639.943	-36724.5091	0.55435598	3.57956224e+13
7.65e-09	-326.602638	1546.43127	-23244.4133	-35746.9314	0.555186035	3.57956782e+13
7.66e-09	-341.856456	941.788902	-25647.4331	-34375.9815	0.555546352	3.57972834e+13
7.67e-09	-167.403491	992.705444	-25412.896	-33823.3525	0.555904823	3.57995209e+13
7.68e-09	129.98564	839.516989	-27192.9565	-33654.4568	0.555965117	3.58022015e+13
7.69e-09	-815.025524	2076.77095	-26937.6451	-34741.4984	0.555952243	3.58046559e+13
7.7e-09	1731.05076	1595.47877	-27094.1568	-35278.9588	0.555642616	3.58065518e+13
7.71e-09	2675.57265	2971.33021	-26005.8421	-36207.8734	0.555106551	3.58072364e+13
7.72e-09	2472.92117	3603.9443	-25026.8782	-36628.9402	0.554741039	3.58066529e+13
7.73e-09	2268.81808	2726.85078	-24068.4045	-37414.1743	0.554323552	3.58052941e+13
7.74e-09	542.418046	2725.74127	-22859.2931	-37353.7037	0.554139425	3.58032591e+13
7.75e-09	-1186.17403	1546.55597	-21802.4169	-37913.7054	0.554120591	3.58012544e+13
7.76e-09	-935.036904	1842.77974	-20470.1326	-38167.6901	0.5543736	3.57996158e+13
7.77e-09	-1142.46017	2174.62047	-20289.2039	-36966.9205	0.554894317	3.57988787e+13
7.78e-09	-609.808607	1778.44878	-18239.0222	-37866.7426	0.555609989	3.57998641e+13
7.79e-09	-918.5977	1987.91748	-17347.1661	-39434.6233	0.556373205	3.58026369e+13
7.8e-09	-455.78563	272.686543	-17338.7924	-40146.9937	0.556217394	3.58058687e+13
7.81e-09	-34.1911631	-1184.15127	-16702.8912	-40321.7146	0.555873825	3.58082092e+13
7.82e-09	628.683668	869.860597	-17063.415	-40578.7424	0.555475479	3.5809436e+13
7.83e-09	19.0319497	1898.62668	-16865.6326	-40368.2193	0.555420186	3.58099207e+13
7.84e-09	-693.951921	2254.75987	-16140.6596	-40435.7118	0.555515629	3.58104796e+13
7.85e-09	-1415.68982	2130.09749	-16679.7661	-40508.8513	0.555300922	3.58108667e+13
7.86e-09	-324.611109	1733.34743	-16275.9593	-40863.3215	0.555350785	3.58108887e+13
7.87e-09	-36.5236688	2551.44773	-16317.8435	-39768.8708	0.55532719	3.58109304e+13
7.88e-09	1187.32942	2677.81743	-16937.9622	-40599.1609	0.555265394	3.58110481e+13
7.89e-09	856.580088	923.154382	-16391.6347	-40197.2505	0.555450422	3.58110905e+13
7.9e-09	721.88948	1158.99003	-15733.2314	-39368.3212	0.555644194	3.5811624e+13
7.91e-09	2511.88303	1514.2074	-16098.3178	-37885.89	0.556278049	3.58130072e+13
7.92e-09	1850.92686	1233.09805	-16883.768	-38150.1216	0.556838977	3.58158463e+13
7.93e-09	-802.670977	434.234902	-16472.393	-37864.0434	0.557425472	3.58197152e+13
7.94e-09	-1523.62639	927.532009	-17294.8053	-38228.0415	0.557632026	3.58243424e+13
7.95e-09	-960.432266	-1734.12646	-15853.2375	-37872.9793	0.558039543	3.58291009e+13
7.96e-09	-419.616885	-2435.44097	-16398.9168	-39157.5405	0.558186862	3.58342714e+13
7.97e-09	-1340.78976	-620.308888	-16496.7399	-41256.0774	0.557653555	3.58386172e+13
7.98e-09	-1244.70877	238.869711	-15876.506	-41518.6928	0.556732516	3.58407117e+13
7.99e-09	-759.480692	35.3418422	-19389.1429	-43543.5565	0.555318761	3.58401078e+13
8e-09	-2341.88786	641.668757	-19415.4818	-43941.1393	0.553778313	3.5835673e+13
8.01e-09	-3000.1089	-626.235726	-18539.2497	-43180.0415	0.552522161	3.58281531e+13
8.02e-09	-410.364896	627.194646	-18238.6955	-41904.4586	0.552091876	3.58192099e+13
8.03e-09	-1023.14698	1594.57491	-16078.4247	-40897.9074	0.55238993	3.58109153e+13
8.04e-09	-504.06921	956.86751	-16160.0049	-41046.3544	0.552736319	3.58043812e+13
8.05e-09	-1079.88999	379.337203	-16475.3722	-42495.2453	0.55305797	3.57993442e+13
8.06e-09	-839.286872	407.487622	-16427.4937	-43006.2645	0.552675465	3.5794694e+13
8.07e-09	-1229.83264	1033.5459	-17704.7134	-40210.3777	0.552598247	3.57897186e+13
8.08e-09	-3739.26254	696.310828	-18036.9937	-40467.6727	0.553252789	3.57860323e+13
8.09e-09	-1780.04943	938.132687	-16220.5785	-38886.645	0.553706911	3.57838469e+13
8.1e-09	-1016.87104	18.1304129	-15802.5364	-38117.0672	0.554800248	3.57836869e+13
8.11e-09	-431.222562	1235.4874	-18084.4929	-38385.2204	0.555814466	3.57862332e+13
8.12e-09	224.176012	330.840947	-17828.7607	-40801.4719	0.555728223	3.5790012e+13
8.13e-09	-849.049614	895.043116	-17318.9162	-39461.5156	0.555433743	3.57925718e+13
8.14e-09	-631.073175	2011.70857	-18701.304	-38215.9241	0.555743134	3.57950478e+13
8.15e-09	246.301427	2546.09676	-18567.4325	-38150.8307	0.556003214	3.57979508e+13
8.16e-09	-248.11997	2968.47325	-18765.6391	-39010.3314	0.556231698	3.58011653e+13
8.17e-09	593.161855	2604.00017	-18382.085	-39410.4814	0.556021859	3.58041142e+13
8.18e-09	-99.0522634	2556.99051	-18572.3426	-40283.4392	0.555583586	3.5806066e+13
8.19e-09	-129.91055	2164.15964	-19305.1757	-40367.2801	0.555100513	3.58066547e+13
8.2e-09	646.522823	-85.961471	-19550.141	-42286.9039	0.554250862	3.58057482e+13
8.21e-09	2224.43034	-267.142363	-20282.5879	-40705.8455	0.553478629	3.58027406e+13
8.22e-09	1844.7489	-192.254464	-19590.5765	-41279.414	0.55319254	3.57987712e+13
8.23e-09	2162.5934	90.7707423	-20486.1677	-41527.7302	0.552797733	3.57944544e+13
8.24e-09	2855.03906	659.158863	-19651.4438	-40559.3253	0.552435503	3.578953e+13
8.25e-09	3482.77675	-159.053814	-20732.7375	-41618.1924	0.552135565	3.57843806e+13
8.26e-09	3840.61822	-660.751325	-19407.3162	-39043.7455	0.5521788	3.57791322e+13
8.27e-09	4279.94026	298.735956	-21699.4921	-37741.7705	0.552865427	3.57754845e+13
8.28e-09	4893.26362	-75.0560197	-22078.2232	-36828.4756	0.5534043	3.57735472e+13
8.29e-09	3207.70238	-6.51135855	-20029.6772	-37910.4834	0.553849873	3.577304e+13
8.3e-09	2989.18088	929.786735	-21284.3968	-38084.1068	0.554350661	3.57737301e+13
8.31e-09	3145.76592	-171.880444	-21170.9035	-38129.5627	0.554474923	3.57751009e+13
8.32e-09	4103.82032	-504.318991	-20781.7511	-39212.2844	0.554378048	3.57765024e+13
8.33e-09	4219.69378	-933.322688	-21052.5713	-38625.622	0.554328272	3.57773626e+13
8.34e-09	3225.14695	-255.840591	-19235.3882	-38771.5368	0.554248613	3.57780842e+13
8.35e-09	2442.89347	241.249161	-20042.2416	-39691.6621	0.554256041	3.57788312e+13
8.36e-09	1595.45608	-270.66903	-20118.8158	-40126.4069	0.554139179	3.5779231e+13
8.37e-09	120.040494	-1004.76253	-19561.2545	-38201.3865	0.55416515	3.57792682e+13
8.38e-09	-1360.99163	-3004.86183	-18038.043	-38640.4137	0.554805265	3.57802252e+13
8.39e-09	-146.394513	-2914.40701	-19518.49	-38096.8038	0.555259721	3.57825183e+13
8.4e-09	-680.643263	-3584.51583	-19971.791	-39330.6797	0.555029563	3.57850243e+13
8.41e-09	-1927.81493	-2112.93298	-19726.9656	-39393.4264	0.554771983	3.57865221e+13
8.42e-09	-1975.20223	-632.999326	-18839.4607	-39363.9914	0.554946507	3.57877001e+13
8.43e-09	-2092.38191	-1652.2026	-18427.3089	-37342.5175	0.555060815	3.57890875e+13
8.44e-09	-1033.67149	-363.286889	-20597.8568	-39185.4504	0.555185739	3.57909976e+13
8.45e-09	-880.542936	-1058.45792	-23166.6824	-40963.203	0.554517414	3.57921201e+13
8.46e-09	-407.681855	-2038.9966	-21495.655	-40097.7205	0.553678552	3.57908848e+13
8.47e-09	1682.2073	623.205888	-22177.9251	-39574.7807	0.55324633	3.57883951e+13
8.48e-09	1539.23377	104.110137	-22516.8555	-38108.3619	0.553173715	3.57853598e+13
8.49e-09	2735.60181	259.516556	-23316.4901	-37548.0174	0.55338183	3.57828924e+13
8.5e-09	962.43418	-723.936943	-24024.7017	-37380.5684	0.553636903	3.578117e+13
8.51e-09	983.534666	-372.752489	-24261.0335	-37199.9646	0.553420974	3.57797471e+13
8.52e-09	3278.2013	-610.162115	-24834.8101	-36142.0443	0.553667691	3.57784258e+13
8.53e-09	1480.948	33.0291959	-24835.1188	-38006.8825	0.553686609	3.57776393e+13
8.54e-09	782.273706	-467.065301	-22716.1513	-37493.7565	0.553603608	3.57767978e+13
8.55e-09	341.826429	-1231.5156	-20762.2914	-37586.6997	0.553930528	3.57763096e+13
8.56e-09	-1695.61218	-1158.62473	-21920.9978	-38704.1002	0.553950976	3.5776428e+13
8.57e-09	-1030.19533	-1339.44727	-21680.015	-36494.2629	0.554244895	3.57765257e+13
8.58e-09	-1272.97292	-1341.97695	-20327.5227	-37048.373	0.554969266	3.5778045e+13
8.59e-09	-2257.52692	-618.223044	-20858.665	-38422.6751	0.55528057	3.57807935e+13
8.6e-09	-2289.776	1542.77806	-21312.5734	-41090.9403	0.554728108	3.57831589e+13
8.61e-09	-3456.34131	-794.915349	-20993.3872	-41528.4233	0.553635329	3.57832183e+13
8.62e-09	-2798.96305	1792.26101	-20397.6869	-40824.7827	0.552877979	3.57808506e+13
8.63e-09	-2043.05524	2986.9994	-19425.984	-39350.9255	0.552674535	3.57775116e+13
8.64e-09	-3199.54995	3228.66152	-17937.741	-39829.6429	0.553312833	3.57750787e+13
8.65e-09	-643.756539	3126.35469	-17834.4287	-40895.1195	0.553482531	3.57739729e+13
8.66e-09	-975.124504	2221.69408	-16788.9229	-40253.5106	0.553722379	3.57732427e+13
8.67e-09	-2182.87072	2946.36176	-17993.8443	-39401.8552	0.553889857	3.57731926e+13
8.68e-09	-1749.10266	3261.87476	-15834.5174	-40440.2817	0.554026279	3.57735414e+13
8.69e-09	-130.626784	2729.23937	-15213.2139	-40231.4771	0.554431711	3.5774464e+13
8.7e-09	-891.939849	996.085095	-17016.8399	-41868.2569	0.55433395	3.57758343e+13
8.71e-09	-2099.16357	3642.05669	-16773.7853	-41054.9608	0.554116595	3.57765134e+13
8.72e-09	-920.56318	3213.49742	-17777.3714	-40497.2193	0.554085537	3.57768486e+13
8.73e-09	-2341.85894	1467.48321	-14850.6335	-40763.1903	0.554282286	3.57772917e+13
8.74e-09	-2038.07709	1698.09204	-14696.9089	-42284.6575	0.554203717	3.57780081e+13
8.75e-09	-1154.70017	1134.98614	-15873.7065	-42282.7548	0.554025365	3.57782178e+13
8.76e-09	-604.043762	735.508134	-14645.0661	-42076.0464	0.553922867	3.57780051e+13
8.77e-09	-995.051804	1301.30295	-13138.0741	-41240.5098	0.554127776	3.57779727e+13
8.78e-09	-1569.76395	2106.97949	-12914.3059	-42090.232	0.554313389	3.57784708e+13
8.79e-09	-2409.46374	399.483375	-13383.442	-42981.3278	0.554218619	3.57790964e+13
8.8e-09	-2333.49862	608.176353	-14778.6304	-42209.2546	0.553957368	3.57791072e+13
8.81e-09	-460.310573	-104.392877	-16545.6737	-43653.7292	0.553435216	3.5778478e+13
8.82e-09	-536.312813	-439.708196	-17009.3215	-41454.0709	0.552973872	3.57763918e+13
8.83e-09	266.015429	-944.833111	-15206.975	-42325.4644	0.552940666	3.57740753e+13
8.84e-09	-857.647278	1067.66943	-15083.8556	-43207.7198	0.552706474	3.57717297e+13
8.85e-09	-1406.49929	308.042365	-16215.0582	-41628.866	0.55253882	3.57688985e+13
8.86e-09	-1745.75311	1893.05864	-15851.1009	-42070.8744	0.552849151	3.57666086e+13
8.87e-09	-3570.05971	187.969748	-18955.0052	-39926.7186	0.552941533	3.57649488e+13
8.88e-09	-3101.96611	-480.654863	-19071.999	-39800.3236	0.55325457	3.57639831e+13
8.89e-09	-1718.57587	-2006.4297	-18689.6862	-37554.0777	0.553680633	3.57637815e+13
8.9e-09	-1434.62876	-2954.05573	-17956.0956	-37793.2672	0.554826629	3.57655982e+13
8.91e-09	-28.1415301	-1634.05971	-17812.7219	-39488.9537	0.555263279	3.57693285e+13
8.92e-09	719.993737	-1504.02567	-16935.5257	-38955.2011	0.555588907	3.57734838e+13
8.93e-09	-1288.77879	-1335.13944	-18039.4387	-40746.7487	0.555485195	3.57778068e+13
8.94e-09	-421.02606	-841.374192	-19144.4107	-42329.1465	0.554683027	3.57805802e+13
8.95e-09	-518.376643	212.813865	-20527.8732	-42395.2211	0.553508315	3.57806602e+13
8.96e-09	233.768311	-731.908731	-20821.7263	-42040.2326	0.552480663	3.57780815e+13
8.97e-09	588.756126	-332.034375	-19941.4299	-41869.3823	0.552039387	3.57738517e+13
8.98e-09	840.278118	-1518.8473	-20182.8149	-41206.6051	0.551769494	3.57691605e+13
8.99e-09	10.6831513	-309.476943	-20185.7648	-40800.0767	0.551625346	3.57643639e+13
9e-09	462.113719	-1437.38108	-22712.0745	-40978.5467	0.551393978	3.57598009e+13
9.01e-09	1621.07288	-1292.69626	-20937.1499	-39646.1453	0.551269554	3.5754952e+13
9.02e-09	1377.54163	-1280.03921	-19861.048	-40133.8548	0.551592976	3.57509522e+13
9.03e-09	2172.74289	-99.0465464	-20134.3784	-40568.555	0.551866858	3.57479767e+13
9.04e-09	843.231744	-54.2127284	-21231.2048	-40145.6342	0.551830591	3.5745602e+13
9.05e-09	540.55354	690.832147	-21742.2937	-40488.1706	0.551860844	3.5743485e+13
9.06e-09	481.493407	374.281381	-21528.5298	-38640.6712	0.552053473	3.57416367e+13
9.07e-09	-99.6207724	-710.810881	-19836.7985	-38190.0008	0.552717106	3.57410142e+13
9.08e-09	-382.090974	50.9043251	-18917.7588	-36397.947	0.553750236	3.57424154e+13
9.09e-09	-1224.13985	-313.651013	-18925.2946	-37834.0619	0.554796288	3.57464291e+13
9.1e-09	-1866.78279	1727.38858	-20465.7196	-37833.5368	0.555341357	3.57519347e+13
9.11e-09	-3358.89415	1797.39706	-20671.3862	-38260.9335	0.555474645	3.57578369e+13
9.12e-09	-2112.69559	1249.34135	-18612.7398	-39145.8328	0.555488174	3.57632019e+13
9.13e-09	-4488.05883	639.122033	-18908.5159	-41196.8314	0.555262327	3.57681022e+13
9.14e-09	-4234.24132	1145.08328	-18359.9501	-40820.8295	0.554598518	3.57713036e+13
9.15e-09	-3204.85112	2943.52434	-18142.9283	-40660.5444	0.554421161	3.57731523e+13
9.16e-09	-3179.62166	3124.98379	-19767.4911	-40085.6854	0.554199431	3.57743237e+13
9.17e-09	-2222.23394	2903.49356	-20712.4724	-40296.9727	0.553743016	3.5774736e+13
9.18e-09	-2257.34168	1807.56138	-21114.2376	-39659.7752	0.553446866	3.57740435e+13
9.19e-09	-2945.2987	392.454438	-20856.3898	-38698.5804	0.553506554	3.57730047e+13
9.2e-09	-1900.63606	-199.000812	-19944.2216	-39240.7589	0.553680137	3.57724812e+13
9.21e-09	-544.055581	1138.65544	-20714.1159	-38731.5799	0.553821317	3.57724683e+13
9.22e-09	683.452883	1569.10221	-20436.7326	-40903.3446	0.553624062	3.57724331e+13
9.23e-09	878.989157	2740.87865	-18659.5044	-37469.1347	0.55387533	3.57719876e+13
9.24e-09	-1149.81327	2295.6472	-19829.6407	-39382.5596	0.554476601	3.57730755e+13
9.25e-09	-330.910953	1583.56924	-20475.0021	-39109.7645	0.554506776	3.57746909e+13
9.26e-09	-827.169679	694.495961	-21456.4179	-38299.4876	0.554651556	3.5776323e+13
9.27e-09	-398.254525	-479.783112	-23113.1054	-37100.4583	0.554760011	3.57780763e+13
9.28e-09	2806.6797	-1137.67171	-23542.4941	-37384.4216	0.554543649	3.57797185e+13
9.29e-09	2816.93917	-197.944957	-23474.345	-37350.18	0.554711756	3.57809883e+13
9.3e-09	3437.3272	-1879.92281	-24579.7943	-37912.0081	0.55448564	3.57822016e+13
9.31e-09	3465.76176	-2555.06091	-25219.4759	-38375.7654	0.553930913	3.57824922e+13
9.32e-09	3232.22408	-2343.31302	-25940.4235	-36886.0545	0.553414998	3.57812251e+13
9.33e-09	1689.15969	-1776.62912	-25631.2917	-36873.2414	0.5532391	3.57793264e+13
9.34e-09	1957.18959	735.654606	-23411.2744	-36737.3939	0.553493487	3.57775147e+13
9.35e-09	1896.89032	-75.1974419	-24430.6508	-35875.9426	0.553944303	3.57767859e+13
9.36e-09	783.977824	1279.28292	-25001.1887	-35890.0285	0.554475817	3.57773115e+13
9.37e-09	-314.092788	713.137088	-23710.867	-35902.8816	0.554742393	3.57786998e+13
9.38e-09	-791.821728	883.412517	-22964.7088	-34938.386	0.555216085	3.57808042e+13
9.39e-09	-2709.65495	310.766412	-23774.691	-35240.9035	0.555604358	3.57839871e+13
9.4e-09	-2951.1883	424.561675	-23514.1397	-36283.8238	0.555960541	3.57877101e+13
9.41e-09	-2400.60232	-1357.89311	-23645.912	-37451.2442	0.55573616	3.57913149e+13
9.42e-09	-3751.71818	-1706.87351	-22623.8391	-36392.9148	0.555742274	3.57940389e+13
9.43e-09	-4407.33149	-3270.43047	-22860.6198	-36969.6133	0.55571383	3.57967935e+13
9.44e-09	-3490.21283	139.154642	-22388.9015	-36722.6829	0.556021332	3.57993903e+13
9.45e-09	-1665.69609	-568.424561	-21080.9609	-37381.3764	0.556312155	3.58025003e+13
9.46e-09	-1189.17155	-269.694508	-20769.4341	-37283.8417	0.556393435	3.58058278e+13
9.47e-09	261.470187	1330.95383	-22634.9483	-38471.409	0.556161972	3.58088733e+13
9.48e-09	269.887996	1207.16563	-22451.6194	-40184.8586	0.555414843	3.58104116e+13
9.49e-09	-204.465415	-1702.11914	-21458.3327	-38727.1972	0.554658523	3.5809817e+13
9.5e-09	-512.724155	343.748933	-20763.4212	-40240.4079	0.554262167	3.58080766e+13
9.51e-09	617.367327	173.065426	-20410.1323	-40141.6931	0.553775819	3.58053467e+13
9.52e-09	678.070687	974.120665	-19255.9311	-40284.1838	0.553544105	3.5801894e+13
9.53e-09	947.728552	1272.42739	-19916.063	-39450.2128	0.553665989	3.57985575e+13
9.54e-09	1388.16867	1701.60395	-17556.7623	-39366.327	0.553930728	3.57960487e+13
9.55e-09	1849.13331	603.376311	-17652.5295	-40073.5257	0.55449588	3.57948274e+13
9.56e-09	55.4623534	589.893751	-17128.5106	-39489.7136	0.55464667	3.5794522e+13
9.57e-09	-326.924038	-916.847078	-16927.3348	-40131.0809	0.554916747	3.57948497e+13
9.58e-09	-1178.07877	-2515.65226	-17870.4969	-41047.3724	0.554604028	3.57951931e+13
9.59e-09	574.127638	-1110.67788	-16070.8554	-42026.6971	0.554035178	3.5794388e+13
9.6e-09	542.868635	-1905.78313	-16559.1076	-43850.6078	0.553257477	3.57922182e+13
9.61e-09	1121.71407	-3717.46546	-16095.7327	-43555.443	0.552393765	3.57880725e+13
9.62e-09	1085.96924	-3171.87307	-15101.64	-45802.5676	0.55148408	3.57823552e+13
9.63e-09	404.945367	-2502.08195	-15962.2856	-43934.6586	0.550973375	3.57751609e+13
9.64e-09	1178.08133	-2469.0379	-17684.6965	-42998.8879	0.550696014	3.57677904e+13
9.65e-09	1412.19437	-3156.15762	-15304.836	-42725.6532	0.550810535	3.57608211e+13
9.66e-09	3012.1351	-3137.81744	-15669.1726	-41840.2621	0.551121046	3.57550291e+13
9.67e-09	1327.11345	-2539.10294	-15933.0208	-41998.6051	0.551596544	3.57507565e+13
9.68e-09	-163.374301	-2835.89833	-18409.3252	-40881.3413	0.551779215	3.57477354e+13
9.69e-09	2274.33638	-3444.67556	-18015.6766	-38777.8922	0.552443165	3.57457612e+13
9.7e-09	2227.30219	-2014.80917	-16437.8189	-37295.2559	0.553630551	3.5746133e+13
9.71e-09	1265.44112	-3081.35164	-16144.3224	-36604.2129	0.555189868	3.57499459e+13
9.72e-09	448.548013	-3329.34719	-16048.4217	-38500.9072	0.556177612	3.57567699e+13
9.73e-09	1574.29899	-2231.49665	-16706.7988	-38645.4755	0.556709906	3.57645896e+13
9.74e-09	1747.88129	-2753.12643	-16971.3173	-38779.6963	0.556614299	3.57723393e+13
9.75e-09	300.435899	-2687.06713	-18416.9201	-40232.7977	0.556706117	3.57793711e+13
9.76e-09	1404.35732	-2440.92975	-19802.7877	-40225.1345	0.556059004	3.57850309e+13
9.77e-09	2660.88624	-206.19567	-20393.0419	-42190.5661	0.554775765	3.57880065e+13
9.78e-09	2716.83053	-690.03773	-21836.6476	-41889.0856	0.553494532	3.57875303e+13
9.79e-09	1943.41982	-595.426636	-21716.664	-40805.473	0.55251154	3.57842322e+13
9.8e-09	2952.41971	-3540.15708	-20808.7622	-40428.526	0.552225606	3.5779637e+13
9.81e-09	3926.64053	-2908.57988	-21107.3319	-42157.1128	0.552007177	3.57751222e+13
9.82e-09	3989.53776	-1780.66622	-19916.282	-41153.5213	0.551534973	3.57699553e+13
9.83e-09	2112.57081	-2163.84205	-19107.6115	-38839.5896	0.551903865	3.57649681e+13
9.84e-09	360.955688	-1460.62741	-19487.4849	-38156.3762	0.552895394	3.57622797e+13
9.85e-09	1627.655	-2349.5983	-19962.7572	-37377.485	0.55395921	3.57622861e+13
9.86e-09	2163.01819	-4385.0056	-19154.5037	-38285.1992	0.554593622	3.57643538e+13
9.87e-09	2359.44974	-4235.72699	-19305.0737	-37504.2133	0.554974433	3.57674225e+13
9.88e-09	2684.75627	-2996.95045	-20306.2737	-38036.7749	0.555320475	3.57712274e+13
9.89e-09	2322.40018	-4322.7448	-19676.3332	-39637.5237	0.555153085	3.57749711e+13
9.9e-09	2769.71017	-3295.82307	-19747.646	-38030.444	0.555261635	3.57779388e+13
9.91e-09	1841.93179	-1799.34492	-19896.015	-39161.6849	0.555388274	3.57811674e+13
9.92e-09	1706.6254	-2291.89417	-17918.4674	-38855.29	0.555499804	3.57842057e+13
9.93e-09	1944.55158	-3193.15976	-17103.2089	-39956.6311	0.555778397	3.57875914e+13
9.94e-09	631.435856	-2795.47746	-16661.606	-40153.3459	0.55564307	3.57908241e+13
9.95e-09	2178.97399	-2902.43209	-18071.2481	-40667.3121	0.555377458	3.57933007e+13
9.96e-09	1551.45015	-2370.32663	-19354.8111	-39963.5912	0.555020149	3.57947644e+13
9.97e-09	530.751389	-2722.72604	-19447.1664	-39765.1422	0.554512193	3.57950943e+13
9.98e-09	-126.043782	-94.6204642	-19849.7135	-39764.3695	0.554358294	3.57945668e+13
9.99e-09	-63.1997912	595.140308	-20969.558	-37328.2808	0.554397623	3.57938219e+13
1e-08	-99.2049246	1053.07681	-19615.3567	-37966.9269	0.555118485	3.57940505e+13
