# Frequency [GHz] 	Fouriercomponent
-4.99967	 0.00123535
-4.99633	 0.0012517
-4.993	 0.00153528
-4.98967	 0.00118528
-4.98633	 0.00139815
-4.983	 0.00115492
-4.97967	 0.00148856
-4.97633	 0.00155278
-4.973	 0.00134263
-4.96967	 0.00153875
-4.96634	 0.00156113
-4.963	 0.0014379
-4.95967	 0.00125777
-4.95634	 0.00163022
-4.953	 0.00132923
-4.94967	 0.00149817
-4.94634	 0.00155607
-4.943	 0.0015329
-4.93967	 0.0012235
-4.93634	 0.0018522
-4.933	 0.00208703
-4.92967	 0.0017756
-4.92634	 0.00168461
-4.92301	 0.00140509
-4.91967	 0.001887
-4.91634	 0.00202502
-4.91301	 0.00177963
-4.90967	 0.00169122
-4.90634	 0.00135831
-4.90301	 0.00197141
-4.89967	 0.00143869
-4.89634	 0.00218375
-4.89301	 0.00139574
-4.88967	 0.00206737
-4.88634	 0.00181449
-4.88301	 0.00186723
-4.87967	 0.00212632
-4.87634	 0.00228101
-4.87301	 0.00217876
-4.86968	 0.0012584
-4.86634	 0.0023754
-4.86301	 0.00199814
-4.85968	 0.00198122
-4.85634	 0.00198196
-4.85301	 0.00149232
-4.84968	 0.0023534
-4.84634	 0.00222717
-4.84301	 0.00178941
-4.83968	 0.00164087
-4.83634	 0.00221367
-4.83301	 0.0018949
-4.82968	 0.00199408
-4.82634	 0.00224924
-4.82301	 0.00185399
-4.81968	 0.00182527
-4.81635	 0.00214158
-4.81301	 0.00187956
-4.80968	 0.00213389
-4.80635	 0.00185258
-4.80301	 0.00163226
-4.79968	 0.00186478
-4.79635	 0.00194055
-4.79301	 0.00144685
-4.78968	 0.00123154
-4.78635	 0.0015471
-4.78301	 0.00175001
-4.77968	 0.00177494
-4.77635	 0.00161869
-4.77302	 0.00119319
-4.76968	 0.00186076
-4.76635	 0.00130019
-4.76302	 0.00175776
-4.75968	 0.00210326
-4.75635	 0.00162986
-4.75302	 0.00196922
-4.74968	 0.00205343
-4.74635	 0.00165749
-4.74302	 0.00118924
-4.73968	 0.00144516
-4.73635	 0.00186349
-4.73302	 0.00130556
-4.72968	 0.00172636
-4.72635	 0.00157539
-4.72302	 0.000974315
-4.71969	 0.00115761
-4.71635	 0.0014586
-4.71302	 0.00159739
-4.70969	 0.00124096
-4.70635	 0.0013177
-4.70302	 0.00128349
-4.69969	 0.00130885
-4.69635	 0.00121973
-4.69302	 0.00174709
-4.68969	 0.00095429
-4.68635	 0.0010696
-4.68302	 0.00129208
-4.67969	 0.00112418
-4.67635	 0.00118161
-4.67302	 0.00127632
-4.66969	 0.00108905
-4.66636	 0.00123857
-4.66302	 0.00131221
-4.65969	 0.00110134
-4.65636	 0.000913824
-4.65302	 0.0013343
-4.64969	 0.00158937
-4.64636	 0.000986766
-4.64302	 0.00110993
-4.63969	 0.0011031
-4.63636	 0.000899556
-4.63302	 0.00082079
-4.62969	 0.000843865
-4.62636	 0.000899333
-4.62303	 0.00105619
-4.61969	 0.000958137
-4.61636	 0.000901928
-4.61303	 0.000938837
-4.60969	 0.000806684
-4.60636	 0.00114635
-4.60303	 0.00103785
-4.59969	 0.000897489
-4.59636	 0.000704061
-4.59303	 0.000720693
-4.58969	 0.00107956
-4.58636	 0.00114151
-4.58303	 0.000751432
-4.57969	 0.00114835
-4.57636	 0.000972845
-4.57303	 0.000967356
-4.5697	 0.000944354
-4.56636	 0.000677742
-4.56303	 0.00089578
-4.5597	 0.000862897
-4.55636	 0.000932157
-4.55303	 0.000838046
-4.5497	 0.000872565
-4.54636	 0.00069154
-4.54303	 0.00093063
-4.5397	 0.000952019
-4.53636	 0.000809987
-4.53303	 0.000810349
-4.5297	 0.000744475
-4.52636	 0.000764316
-4.52303	 0.00076234
-4.5197	 0.000763632
-4.51637	 0.000761878
-4.51303	 0.000704141
-4.5097	 0.00094614
-4.50637	 0.000868317
-4.50303	 0.000801807
-4.4997	 0.000793895
-4.49637	 0.000898551
-4.49303	 0.000753524
-4.4897	 0.000857065
-4.48637	 0.000647853
-4.48303	 0.000511949
-4.4797	 0.001069
-4.47637	 0.000699944
-4.47304	 0.000563282
-4.4697	 0.000774861
-4.46637	 0.000673707
-4.46304	 0.000659184
-4.4597	 0.000659286
-4.45637	 0.000748045
-4.45304	 0.000819701
-4.4497	 0.000872504
-4.44637	 0.000634378
-4.44304	 0.000628703
-4.4397	 0.000775584
-4.43637	 0.0006336
-4.43304	 0.000669957
-4.4297	 0.000672144
-4.42637	 0.000683894
-4.42304	 0.00051178
-4.41971	 0.000887052
-4.41637	 0.000739018
-4.41304	 0.000882956
-4.40971	 0.000746684
-4.40637	 0.000694296
-4.40304	 0.000695
-4.39971	 0.000674737
-4.39637	 0.000719801
-4.39304	 0.000698867
-4.38971	 0.000645892
-4.38637	 0.000600339
-4.38304	 0.000703514
-4.37971	 0.00057823
-4.37637	 0.00061245
-4.37304	 0.000597588
-4.36971	 0.000901869
-4.36638	 0.000785889
-4.36304	 0.000521875
-4.35971	 0.000847522
-4.35638	 0.000646515
-4.35304	 0.000557729
-4.34971	 0.000647874
-4.34638	 0.000709527
-4.34304	 0.000653917
-4.33971	 0.000585663
-4.33638	 0.000720891
-4.33304	 0.000844341
-4.32971	 0.000641181
-4.32638	 0.000729852
-4.32305	 0.000494286
-4.31971	 0.000765145
-4.31638	 0.00057083
-4.31305	 0.000652517
-4.30971	 0.00073443
-4.30638	 0.000657888
-4.30305	 0.000591779
-4.29971	 0.000544936
-4.29638	 0.000667194
-4.29305	 0.000581871
-4.28971	 0.000597307
-4.28638	 0.000651667
-4.28305	 0.000656635
-4.27971	 0.000565682
-4.27638	 0.000575385
-4.27305	 0.000704928
-4.26972	 0.000706072
-4.26638	 0.000700038
-4.26305	 0.000701126
-4.25972	 0.000693224
-4.25638	 0.000653059
-4.25305	 0.000680454
-4.24972	 0.000690509
-4.24638	 0.000724127
-4.24305	 0.000584824
-4.23972	 0.000595266
-4.23638	 0.000590894
-4.23305	 0.000568472
-4.22972	 0.00060911
-4.22638	 0.000622535
-4.22305	 0.000473817
-4.21972	 0.00062024
-4.21639	 0.000760468
-4.21305	 0.000533849
-4.20972	 0.00073442
-4.20639	 0.000538954
-4.20305	 0.000673218
-4.19972	 0.000619813
-4.19639	 0.000638029
-4.19305	 0.000648574
-4.18972	 0.000700962
-4.18639	 0.000706479
-4.18305	 0.000830909
-4.17972	 0.000605005
-4.17639	 0.000698441
-4.17306	 0.000820913
-4.16972	 0.000717304
-4.16639	 0.000492091
-4.16306	 0.000697955
-4.15972	 0.000668496
-4.15639	 0.000530826
-4.15306	 0.000747824
-4.14972	 0.000518576
-4.14639	 0.000832211
-4.14306	 0.000553686
-4.13972	 0.000502282
-4.13639	 0.000658846
-4.13306	 0.00066536
-4.12972	 0.000519293
-4.12639	 0.000799583
-4.12306	 0.000689541
-4.11973	 0.000756101
-4.11639	 0.000576784
-4.11306	 0.000679752
-4.10973	 0.000577384
-4.10639	 0.000712439
-4.10306	 0.000719411
-4.09973	 0.000753476
-4.09639	 0.000752802
-4.09306	 0.000670407
-4.08973	 0.000619302
-4.08639	 0.000455175
-4.08306	 0.000566187
-4.07973	 0.000692595
-4.07639	 0.000610712
-4.07306	 0.000741372
-4.06973	 0.000546955
-4.0664	 0.000643836
-4.06306	 0.000678753
-4.05973	 0.000810798
-4.0564	 0.000987901
-4.05306	 0.00088275
-4.04973	 0.000536878
-4.0464	 0.000806342
-4.04306	 0.000720628
-4.03973	 0.000693071
-4.0364	 0.000726798
-4.03306	 0.000796614
-4.02973	 0.000679388
-4.0264	 0.000761764
-4.02307	 0.000662226
-4.01973	 0.000649369
-4.0164	 0.000737083
-4.01307	 0.000775683
-4.00973	 0.000899636
-4.0064	 0.00105284
-4.00307	 0.000816268
-3.99973	 0.000806639
-3.9964	 0.00069048
-3.99307	 0.000679256
-3.98973	 0.000757518
-3.9864	 0.000847032
-3.98307	 0.000851734
-3.97973	 0.000777423
-3.9764	 0.000655521
-3.97307	 0.00103746
-3.96974	 0.000834261
-3.9664	 0.000955384
-3.96307	 0.000688692
-3.95974	 0.00103295
-3.9564	 0.000715271
-3.95307	 0.000860792
-3.94974	 0.000813383
-3.9464	 0.000844347
-3.94307	 0.000810651
-3.93974	 0.000965394
-3.9364	 0.000897591
-3.93307	 0.000935515
-3.92974	 0.000817025
-3.9264	 0.000855311
-3.92307	 0.000841078
-3.91974	 0.000676311
-3.91641	 0.000864698
-3.91307	 0.00097567
-3.90974	 0.000891553
-3.90641	 0.000983781
-3.90307	 0.000876789
-3.89974	 0.0008295
-3.89641	 0.000778388
-3.89307	 0.0011318
-3.88974	 0.000723383
-3.88641	 0.000847135
-3.88307	 0.000991862
-3.87974	 0.000806778
-3.87641	 0.000906181
-3.87308	 0.000817758
-3.86974	 0.000912102
-3.86641	 0.00105388
-3.86308	 0.00087668
-3.85974	 0.000867085
-3.85641	 0.00141498
-3.85308	 0.00105768
-3.84974	 0.00096541
-3.84641	 0.00159327
-3.84308	 0.00123192
-3.83974	 0.00151073
-3.83641	 0.00068192
-3.83308	 0.00116475
-3.82974	 0.0010207
-3.82641	 0.00132626
-3.82308	 0.00140254
-3.81975	 0.00133838
-3.81641	 0.00118123
-3.81308	 0.00144961
-3.80975	 0.00122668
-3.80641	 0.000977377
-3.80308	 0.00134985
-3.79975	 0.00097033
-3.79641	 0.0015309
-3.79308	 0.00134863
-3.78975	 0.00137154
-3.78641	 0.00122776
-3.78308	 0.00121179
-3.77975	 0.00148314
-3.77641	 0.00145037
-3.77308	 0.001469
-3.76975	 0.00152291
-3.76642	 0.00180932
-3.76308	 0.00179612
-3.75975	 0.00120603
-3.75642	 0.00140165
-3.75308	 0.00173688
-3.74975	 0.00186538
-3.74642	 0.00207964
-3.74308	 0.00179181
-3.73975	 0.00191199
-3.73642	 0.00176703
-3.73308	 0.00153872
-3.72975	 0.00197238
-3.72642	 0.00171554
-3.72309	 0.00191039
-3.71975	 0.00171477
-3.71642	 0.00183243
-3.71309	 0.0017234
-3.70975	 0.00215417
-3.70642	 0.0019491
-3.70309	 0.00211729
-3.69975	 0.00210115
-3.69642	 0.00202832
-3.69309	 0.00203065
-3.68975	 0.00202585
-3.68642	 0.00147219
-3.68309	 0.00195677
-3.67975	 0.00233821
-3.67642	 0.00179448
-3.67309	 0.00198159
-3.66976	 0.00185414
-3.66642	 0.00230735
-3.66309	 0.0017099
-3.65976	 0.00199658
-3.65642	 0.00295923
-3.65309	 0.0020465
-3.64976	 0.0022758
-3.64642	 0.00209861
-3.64309	 0.00212289
-3.63976	 0.00277559
-3.63642	 0.00183601
-3.63309	 0.00240292
-3.62976	 0.00282371
-3.62642	 0.00296344
-3.62309	 0.00206572
-3.61976	 0.00197322
-3.61643	 0.0037275
-3.61309	 0.00268607
-3.60976	 0.00283596
-3.60643	 0.00224313
-3.60309	 0.00272418
-3.59976	 0.00245966
-3.59643	 0.00300251
-3.59309	 0.00303501
-3.58976	 0.00260692
-3.58643	 0.00268292
-3.58309	 0.00334799
-3.57976	 0.00221682
-3.57643	 0.00296165
-3.5731	 0.00262853
-3.56976	 0.0025965
-3.56643	 0.00264228
-3.5631	 0.00319788
-3.55976	 0.00208538
-3.55643	 0.00208054
-3.5531	 0.00297113
-3.54976	 0.00234383
-3.54643	 0.00310589
-3.5431	 0.00241654
-3.53976	 0.00162362
-3.53643	 0.00217476
-3.5331	 0.00236246
-3.52976	 0.00184925
-3.52643	 0.00171906
-3.5231	 0.00170789
-3.51977	 0.00180893
-3.51643	 0.00167797
-3.5131	 0.00169288
-3.50977	 0.00147472
-3.50643	 0.00190554
-3.5031	 0.00171403
-3.49977	 0.00171095
-3.49643	 0.00165745
-3.4931	 0.00190907
-3.48977	 0.00174529
-3.48643	 0.001226
-3.4831	 0.00148467
-3.47977	 0.00147876
-3.47643	 0.00166167
-3.4731	 0.0013427
-3.46977	 0.00143901
-3.46644	 0.00137967
-3.4631	 0.00163087
-3.45977	 0.0013329
-3.45644	 0.00124626
-3.4531	 0.00169034
-3.44977	 0.00145233
-3.44644	 0.00109241
-3.4431	 0.00146975
-3.43977	 0.00103205
-3.43644	 0.00127053
-3.4331	 0.0013294
-3.42977	 0.00119002
-3.42644	 0.00108295
-3.42311	 0.00119371
-3.41977	 0.00134676
-3.41644	 0.00131729
-3.41311	 0.00121519
-3.40977	 0.00135913
-3.40644	 0.00111899
-3.40311	 0.00106921
-3.39977	 0.00131
-3.39644	 0.000884452
-3.39311	 0.00126658
-3.38977	 0.00121374
-3.38644	 0.00103456
-3.38311	 0.000902132
-3.37977	 0.00107539
-3.37644	 0.00118764
-3.37311	 0.00107196
-3.36978	 0.00100178
-3.36644	 0.00103962
-3.36311	 0.00113804
-3.35978	 0.000958833
-3.35644	 0.000953114
-3.35311	 0.000969417
-3.34978	 0.000809381
-3.34644	 0.00117465
-3.34311	 0.000876891
-3.33978	 0.000834772
-3.33644	 0.000927367
-3.33311	 0.000678974
-3.32978	 0.000893554
-3.32644	 0.00093028
-3.32311	 0.000642135
-3.31978	 0.000983591
-3.31645	 0.000808922
-3.31311	 0.00082443
-3.30978	 0.000905753
-3.30645	 0.000852689
-3.30311	 0.000695738
-3.29978	 0.000855797
-3.29645	 0.000768654
-3.29311	 0.000813846
-3.28978	 0.000651418
-3.28645	 0.000870923
-3.28311	 0.000865878
-3.27978	 0.000878136
-3.27645	 0.000997235
-3.27312	 0.000669567
-3.26978	 0.000925259
-3.26645	 0.000925072
-3.26312	 0.000817683
-3.25978	 0.000699754
-3.25645	 0.00100423
-3.25312	 0.000824134
-3.24978	 0.00092424
-3.24645	 0.000831882
-3.24312	 0.000779365
-3.23978	 0.000657074
-3.23645	 0.000770669
-3.23312	 0.000733925
-3.22978	 0.000941665
-3.22645	 0.000841728
-3.22312	 0.00079806
-3.21979	 0.00059796
-3.21645	 0.000868413
-3.21312	 0.000782176
-3.20979	 0.000587673
-3.20645	 0.000846634
-3.20312	 0.000562082
-3.19979	 0.000637506
-3.19645	 0.000728854
-3.19312	 0.000737179
-3.18979	 0.000737848
-3.18645	 0.000627183
-3.18312	 0.000665176
-3.17979	 0.000691357
-3.17645	 0.000716216
-3.17312	 0.000667397
-3.16979	 0.000933435
-3.16646	 0.000605218
-3.16312	 0.00066297
-3.15979	 0.000700948
-3.15646	 0.000613374
-3.15312	 0.000603314
-3.14979	 0.000688248
-3.14646	 0.000562797
-3.14312	 0.000738683
-3.13979	 0.000791464
-3.13646	 0.00054177
-3.13312	 0.000755121
-3.12979	 0.000777727
-3.12646	 0.000711787
-3.12313	 0.000723652
-3.11979	 0.000643418
-3.11646	 0.000667642
-3.11313	 0.000662948
-3.10979	 0.000548256
-3.10646	 0.000538167
-3.10313	 0.000770053
-3.09979	 0.000603298
-3.09646	 0.000850845
-3.09313	 0.000493997
-3.08979	 0.000584569
-3.08646	 0.000624968
-3.08313	 0.000705888
-3.07979	 0.000769878
-3.07646	 0.000705126
-3.07313	 0.000629848
-3.0698	 0.000715716
-3.06646	 0.000663101
-3.06313	 0.000590146
-3.0598	 0.000766139
-3.05646	 0.000736232
-3.05313	 0.000612525
-3.0498	 0.000788015
-3.04646	 0.000808621
-3.04313	 0.000756997
-3.0398	 0.000538101
-3.03646	 0.000775004
-3.03313	 0.000679441
-3.0298	 0.000837439
-3.02646	 0.000671371
-3.02313	 0.000732325
-3.0198	 0.000529472
-3.01647	 0.000852264
-3.01313	 0.000693433
-3.0098	 0.00059503
-3.00647	 0.000651805
-3.00313	 0.000592377
-2.9998	 0.000581697
-2.99647	 0.000648734
-2.99313	 0.00056968
-2.9898	 0.000653614
-2.98647	 0.000777739
-2.98313	 0.000657838
-2.9798	 0.000620654
-2.97647	 0.000538251
-2.97314	 0.000728936
-2.9698	 0.000645655
-2.96647	 0.000741724
-2.96314	 0.000587999
-2.9598	 0.000707203
-2.95647	 0.000792973
-2.95314	 0.000637915
-2.9498	 0.000594587
-2.94647	 0.000363679
-2.94314	 0.000741708
-2.9398	 0.000818766
-2.93647	 0.000776138
-2.93314	 0.000854908
-2.9298	 0.000670775
-2.92647	 0.000728052
-2.92314	 0.0007071
-2.91981	 0.000818808
-2.91647	 0.000567307
-2.91314	 0.000660759
-2.90981	 0.000797093
-2.90647	 0.000589041
-2.90314	 0.000538548
-2.89981	 0.00055771
-2.89647	 0.000753141
-2.89314	 0.00070866
-2.88981	 0.000663849
-2.88647	 0.00065929
-2.88314	 0.000626699
-2.87981	 0.00071473
-2.87647	 0.000735092
-2.87314	 0.000571431
-2.86981	 0.000591314
-2.86648	 0.000756953
-2.86314	 0.000915043
-2.85981	 0.000691154
-2.85648	 0.00066764
-2.85314	 0.000773918
-2.84981	 0.000581408
-2.84648	 0.000716341
-2.84314	 0.000898432
-2.83981	 0.000863413
-2.83648	 0.000923893
-2.83314	 0.000865167
-2.82981	 0.000743695
-2.82648	 0.000674721
-2.82315	 0.000692489
-2.81981	 0.000756027
-2.81648	 0.000665426
-2.81315	 0.000832323
-2.80981	 0.000720045
-2.80648	 0.00105657
-2.80315	 0.00109405
-2.79981	 0.000808213
-2.79648	 0.000641608
-2.79315	 0.000870211
-2.78981	 0.000716771
-2.78648	 0.000795095
-2.78315	 0.000870634
-2.77981	 0.000801313
-2.77648	 0.00084865
-2.77315	 0.000791929
-2.76982	 0.000858737
-2.76648	 0.000720674
-2.76315	 0.00121757
-2.75982	 0.000735806
-2.75648	 0.00103122
-2.75315	 0.000896013
-2.74982	 0.000910686
-2.74648	 0.000674248
-2.74315	 0.000930916
-2.73982	 0.000783078
-2.73648	 0.00101531
-2.73315	 0.000803712
-2.72982	 0.000727606
-2.72648	 0.00104714
-2.72315	 0.000777505
-2.71982	 0.000786797
-2.71649	 0.000887075
-2.71315	 0.000949201
-2.70982	 0.000899433
-2.70649	 0.000820942
-2.70315	 0.000903011
-2.69982	 0.00106477
-2.69649	 0.00107166
-2.69315	 0.000759467
-2.68982	 0.00115278
-2.68649	 0.000895875
-2.68315	 0.000923473
-2.67982	 0.000985379
-2.67649	 0.000769618
-2.67316	 0.00107176
-2.66982	 0.00102471
-2.66649	 0.00125236
-2.66316	 0.000817976
-2.65982	 0.00132921
-2.65649	 0.00119164
-2.65316	 0.001155
-2.64982	 0.000915189
-2.64649	 0.00115529
-2.64316	 0.00104464
-2.63982	 0.00132769
-2.63649	 0.00120186
-2.63316	 0.0012911
-2.62982	 0.00114967
-2.62649	 0.00117878
-2.62316	 0.00131459
-2.61983	 0.000946534
-2.61649	 0.00162694
-2.61316	 0.00108753
-2.60983	 0.000944893
-2.60649	 0.00123835
-2.60316	 0.00122502
-2.59983	 0.000999283
-2.59649	 0.00201687
-2.59316	 0.00140908
-2.58983	 0.00171635
-2.58649	 0.00131884
-2.58316	 0.00159682
-2.57983	 0.00199444
-2.57649	 0.00140788
-2.57316	 0.00161534
-2.56983	 0.00117309
-2.5665	 0.00196038
-2.56316	 0.00167761
-2.55983	 0.00137254
-2.5565	 0.00165222
-2.55316	 0.00181278
-2.54983	 0.00193433
-2.5465	 0.00143987
-2.54316	 0.00168425
-2.53983	 0.00183738
-2.5365	 0.0018458
-2.53316	 0.00176533
-2.52983	 0.00117711
-2.5265	 0.00207284
-2.52317	 0.00230028
-2.51983	 0.00187527
-2.5165	 0.00248607
-2.51317	 0.00235138
-2.50983	 0.00174787
-2.5065	 0.00245532
-2.50317	 0.00178331
-2.49983	 0.0021633
-2.4965	 0.00237504
-2.49317	 0.00234482
-2.48983	 0.00264898
-2.4865	 0.00226738
-2.48317	 0.00268774
-2.47983	 0.00215287
-2.4765	 0.00219023
-2.47317	 0.00161271
-2.46984	 0.00232229
-2.4665	 0.00262758
-2.46317	 0.00245909
-2.45984	 0.00327801
-2.4565	 0.00238294
-2.45317	 0.00357162
-2.44984	 0.00239209
-2.4465	 0.0030242
-2.44317	 0.00328277
-2.43984	 0.00253331
-2.4365	 0.00317121
-2.43317	 0.00314616
-2.42984	 0.00350776
-2.4265	 0.00325185
-2.42317	 0.00253554
-2.41984	 0.00372833
-2.41651	 0.00289278
-2.41317	 0.00347933
-2.40984	 0.00283477
-2.40651	 0.00432953
-2.40317	 0.00470761
-2.39984	 0.00431444
-2.39651	 0.00444897
-2.39317	 0.00355716
-2.38984	 0.00445995
-2.38651	 0.00428306
-2.38317	 0.00298696
-2.37984	 0.00435203
-2.37651	 0.00447473
-2.37318	 0.00468866
-2.36984	 0.00564539
-2.36651	 0.00406792
-2.36318	 0.00417896
-2.35984	 0.00530552
-2.35651	 0.00428398
-2.35318	 0.00414863
-2.34984	 0.0046453
-2.34651	 0.00475963
-2.34318	 0.00304828
-2.33984	 0.00466065
-2.33651	 0.00314981
-2.33318	 0.00339521
-2.32984	 0.00298446
-2.32651	 0.00268036
-2.32318	 0.00268115
-2.31985	 0.00239255
-2.31651	 0.00271618
-2.31318	 0.00352298
-2.30985	 0.0022834
-2.30651	 0.00233659
-2.30318	 0.00254138
-2.29985	 0.00240489
-2.29651	 0.0024231
-2.29318	 0.00188644
-2.28985	 0.00213374
-2.28651	 0.00192203
-2.28318	 0.00180495
-2.27985	 0.00184736
-2.27651	 0.00173348
-2.27318	 0.00234563
-2.26985	 0.00160894
-2.26652	 0.00229218
-2.26318	 0.00176418
-2.25985	 0.00123965
-2.25652	 0.00252396
-2.25318	 0.00181941
-2.24985	 0.00169057
-2.24652	 0.00121478
-2.24318	 0.00124554
-2.23985	 0.00165181
-2.23652	 0.00122716
-2.23318	 0.001505
-2.22985	 0.0011987
-2.22652	 0.00124156
-2.22319	 0.00149626
-2.21985	 0.00128702
-2.21652	 0.00118019
-2.21319	 0.00100055
-2.20985	 0.00125013
-2.20652	 0.00147129
-2.20319	 0.00144787
-2.19985	 0.000912504
-2.19652	 0.00140719
-2.19319	 0.00116641
-2.18985	 0.00127093
-2.18652	 0.000923679
-2.18319	 0.000893835
-2.17985	 0.00117394
-2.17652	 0.00134767
-2.17319	 0.00126943
-2.16986	 0.000867882
-2.16652	 0.00113408
-2.16319	 0.00100564
-2.15986	 0.00110814
-2.15652	 0.00129994
-2.15319	 0.0011014
-2.14986	 0.00119184
-2.14652	 0.000739689
-2.14319	 0.00113214
-2.13986	 0.00119203
-2.13652	 0.000796453
-2.13319	 0.00128336
-2.12986	 0.000889494
-2.12652	 0.000851519
-2.12319	 0.000834789
-2.11986	 0.000966631
-2.11653	 0.00104079
-2.11319	 0.00108096
-2.10986	 0.00098624
-2.10653	 0.00122561
-2.10319	 0.000844558
-2.09986	 0.000772307
-2.09653	 0.00103083
-2.09319	 0.000941706
-2.08986	 0.000773385
-2.08653	 0.000845561
-2.08319	 0.000877448
-2.07986	 0.000775005
-2.07653	 0.000825369
-2.0732	 0.000777492
-2.06986	 0.000954137
-2.06653	 0.000824093
-2.0632	 0.00085878
-2.05986	 0.000744588
-2.05653	 0.000871528
-2.0532	 0.000792964
-2.04986	 0.000689771
-2.04653	 0.00109639
-2.0432	 0.000795405
-2.03986	 0.000768188
-2.03653	 0.000865057
-2.0332	 0.000873151
-2.02986	 0.000789154
-2.02653	 0.000818896
-2.0232	 0.000807226
-2.01987	 0.000905974
-2.01653	 0.000853046
-2.0132	 0.000896484
-2.00987	 0.000665804
-2.00653	 0.000899815
-2.0032	 0.000897244
-1.99987	 0.000801267
-1.99653	 0.000575295
-1.9932	 0.000717754
-1.98987	 0.000664349
-1.98653	 0.000569642
-1.9832	 0.000770215
-1.97987	 0.000659373
-1.97653	 0.000732795
-1.9732	 0.000888289
-1.96987	 0.000773724
-1.96654	 0.000809427
-1.9632	 0.000742341
-1.95987	 0.000572261
-1.95654	 0.00068489
-1.9532	 0.000765987
-1.94987	 0.000638493
-1.94654	 0.000812849
-1.9432	 0.000806567
-1.93987	 0.000433711
-1.93654	 0.000660647
-1.9332	 0.000700052
-1.92987	 0.000886901
-1.92654	 0.000946108
-1.92321	 0.000900299
-1.91987	 0.00100046
-1.91654	 0.000640411
-1.91321	 0.000893209
-1.90987	 0.000678496
-1.90654	 0.000770286
-1.90321	 0.000649288
-1.89987	 0.00067448
-1.89654	 0.000661358
-1.89321	 0.00108165
-1.88987	 0.000551664
-1.88654	 0.000574175
-1.88321	 0.000721254
-1.87987	 0.000784644
-1.87654	 0.000836437
-1.87321	 0.000589828
-1.86988	 0.000759623
-1.86654	 0.00087433
-1.86321	 0.000765101
-1.85988	 0.00085995
-1.85654	 0.000667195
-1.85321	 0.000471201
-1.84988	 0.000695808
-1.84654	 0.000789217
-1.84321	 0.000747156
-1.83988	 0.00052888
-1.83654	 0.000691169
-1.83321	 0.00058799
-1.82988	 0.000728107
-1.82654	 0.00082876
-1.82321	 0.000766602
-1.81988	 0.000540103
-1.81655	 0.000568052
-1.81321	 0.000666793
-1.80988	 0.00068104
-1.80655	 0.0007469
-1.80321	 0.000917276
-1.79988	 0.000525621
-1.79655	 0.000805576
-1.79321	 0.000735485
-1.78988	 0.000601821
-1.78655	 0.000680669
-1.78321	 0.000678788
-1.77988	 0.000779653
-1.77655	 0.000893109
-1.77322	 0.000623582
-1.76988	 0.00062783
-1.76655	 0.00079361
-1.76322	 0.00067779
-1.75988	 0.0006059
-1.75655	 0.000563285
-1.75322	 0.00065328
-1.74988	 0.000690144
-1.74655	 0.000830117
-1.74322	 0.000592929
-1.73988	 0.000885011
-1.73655	 0.00064072
-1.73322	 0.000636308
-1.72988	 0.000736579
-1.72655	 0.000808182
-1.72322	 0.000676143
-1.71989	 0.000897669
-1.71655	 0.000667582
-1.71322	 0.000790586
-1.70989	 0.000661125
-1.70655	 0.000661842
-1.70322	 0.000744171
-1.69989	 0.000855652
-1.69655	 0.000684836
-1.69322	 0.000693002
-1.68989	 0.000858932
-1.68655	 0.000741326
-1.68322	 0.000906194
-1.67989	 0.000768987
-1.67655	 0.000846954
-1.67322	 0.000730709
-1.66989	 0.000703331
-1.66656	 0.000770596
-1.66322	 0.000660697
-1.65989	 0.000732527
-1.65656	 0.00067858
-1.65322	 0.000708233
-1.64989	 0.00058675
-1.64656	 0.000581131
-1.64322	 0.000795575
-1.63989	 0.000676073
-1.63656	 0.000703209
-1.63322	 0.000763945
-1.62989	 0.000868481
-1.62656	 0.000949133
-1.62323	 0.000875772
-1.61989	 0.000785208
-1.61656	 0.00103655
-1.61323	 0.000887822
-1.60989	 0.000897859
-1.60656	 0.000940902
-1.60323	 0.000848874
-1.59989	 0.000570447
-1.59656	 0.000829106
-1.59323	 0.000878342
-1.58989	 0.000742408
-1.58656	 0.00088329
-1.58323	 0.000770324
-1.57989	 0.000901827
-1.57656	 0.00103063
-1.57323	 0.000683007
-1.5699	 0.000753051
-1.56656	 0.000870241
-1.56323	 0.000788527
-1.5599	 0.000899697
-1.55656	 0.000750558
-1.55323	 0.000923272
-1.5499	 0.000910451
-1.54656	 0.000649537
-1.54323	 0.000748902
-1.5399	 0.000825352
-1.53656	 0.000635928
-1.53323	 0.000972727
-1.5299	 0.000960302
-1.52656	 0.000930343
-1.52323	 0.000915372
-1.5199	 0.000982548
-1.51657	 0.000982143
-1.51323	 0.000896925
-1.5099	 0.00086591
-1.50657	 0.00144756
-1.50323	 0.000970958
-1.4999	 0.000789786
-1.49657	 0.000814129
-1.49323	 0.000789985
-1.4899	 0.00095056
-1.48657	 0.00110534
-1.48323	 0.00124737
-1.4799	 0.00116379
-1.47657	 0.000765945
-1.47324	 0.000862609
-1.4699	 0.000917141
-1.46657	 0.000985629
-1.46324	 0.000689094
-1.4599	 0.00111965
-1.45657	 0.000690269
-1.45324	 0.000890539
-1.4499	 0.000911869
-1.44657	 0.00094232
-1.44324	 0.00142911
-1.4399	 0.00109182
-1.43657	 0.0011592
-1.43324	 0.00108352
-1.4299	 0.00122273
-1.42657	 0.00124284
-1.42324	 0.00125632
-1.41991	 0.00132054
-1.41657	 0.0012276
-1.41324	 0.00142001
-1.40991	 0.000984644
-1.40657	 0.00122533
-1.40324	 0.000908696
-1.39991	 0.00134517
-1.39657	 0.00168568
-1.39324	 0.00158423
-1.38991	 0.00120527
-1.38657	 0.00150946
-1.38324	 0.00143411
-1.37991	 0.00135212
-1.37657	 0.00118444
-1.37324	 0.00157337
-1.36991	 0.000744648
-1.36658	 0.00152883
-1.36324	 0.00190997
-1.35991	 0.00136782
-1.35658	 0.0017209
-1.35324	 0.00159537
-1.34991	 0.00119468
-1.34658	 0.00149305
-1.34324	 0.00178936
-1.33991	 0.00189908
-1.33658	 0.0019285
-1.33324	 0.00152808
-1.32991	 0.00154448
-1.32658	 0.00169193
-1.32325	 0.00181072
-1.31991	 0.00222107
-1.31658	 0.00227988
-1.31325	 0.00189536
-1.30991	 0.00217425
-1.30658	 0.00200059
-1.30325	 0.00264114
-1.29991	 0.00326767
-1.29658	 0.00286168
-1.29325	 0.00216956
-1.28991	 0.00211395
-1.28658	 0.00300637
-1.28325	 0.00297335
-1.27991	 0.00345446
-1.27658	 0.0027146
-1.27325	 0.00262519
-1.26992	 0.0032329
-1.26658	 0.0030693
-1.26325	 0.00350219
-1.25992	 0.00358574
-1.25658	 0.00282156
-1.25325	 0.00393957
-1.24992	 0.00296936
-1.24658	 0.00346028
-1.24325	 0.00372812
-1.23992	 0.00413754
-1.23658	 0.0031531
-1.23325	 0.00371753
-1.22992	 0.0049595
-1.22658	 0.00460008
-1.22325	 0.0047651
-1.21992	 0.00626426
-1.21659	 0.00590345
-1.21325	 0.00456767
-1.20992	 0.00716582
-1.20659	 0.00746415
-1.20325	 0.00696872
-1.19992	 0.0115135
-1.19659	 0.013479
-1.19325	 0.0127726
-1.18992	 0.0136861
-1.18659	 0.0159469
-1.18325	 0.0182709
-1.17992	 0.0181947
-1.17659	 0.0111573
-1.17326	 0.0118259
-1.16992	 0.00878997
-1.16659	 0.0109247
-1.16326	 0.00815762
-1.15992	 0.00786693
-1.15659	 0.00620373
-1.15326	 0.00604457
-1.14992	 0.00468403
-1.14659	 0.00483833
-1.14326	 0.00495308
-1.13992	 0.00472796
-1.13659	 0.00399309
-1.13326	 0.00357459
-1.12992	 0.00472749
-1.12659	 0.00368891
-1.12326	 0.00421425
-1.11993	 0.00288135
-1.11659	 0.00338847
-1.11326	 0.00279114
-1.10993	 0.00287815
-1.10659	 0.00272399
-1.10326	 0.00248743
-1.09993	 0.00265786
-1.09659	 0.00210642
-1.09326	 0.00210005
-1.08993	 0.00249187
-1.08659	 0.00159567
-1.08326	 0.00229336
-1.07993	 0.00207634
-1.07659	 0.00213008
-1.07326	 0.00176626
-1.06993	 0.0019192
-1.0666	 0.00171967
-1.06326	 0.00190247
-1.05993	 0.00244514
-1.0566	 0.00186878
-1.05326	 0.00132292
-1.04993	 0.0019029
-1.0466	 0.00150361
-1.04326	 0.00128495
-1.03993	 0.00154572
-1.0366	 0.00149607
-1.03326	 0.00147414
-1.02993	 0.0015472
-1.0266	 0.00143548
-1.02327	 0.00174757
-1.01993	 0.00165553
-1.0166	 0.0014863
-1.01327	 0.0013206
-1.00993	 0.00138114
-1.0066	 0.000889557
-1.00327	 0.000964869
-0.999933	 0.00112332
-0.9966	 0.0013004
-0.993267	 0.00156346
-0.989934	 0.00133312
-0.986601	 0.00139386
-0.983268	 0.00120687
-0.979935	 0.00101026
-0.976602	 0.00132337
-0.973268	 0.00135481
-0.969935	 0.000906659
-0.966602	 0.000679837
-0.963269	 0.00111457
-0.959936	 0.000947225
-0.956603	 0.00118707
-0.95327	 0.00126345
-0.949937	 0.0013529
-0.946604	 0.00160081
-0.94327	 0.00105232
-0.939937	 0.00112124
-0.936604	 0.000747874
-0.933271	 0.00122548
-0.929938	 0.00090816
-0.926605	 0.00108987
-0.923272	 0.00118194
-0.919939	 0.0011782
-0.916606	 0.000912749
-0.913272	 0.000810639
-0.909939	 0.00106266
-0.906606	 0.00108363
-0.903273	 0.000750545
-0.89994	 0.00112646
-0.896607	 0.000857823
-0.893274	 0.000898857
-0.889941	 0.0011679
-0.886608	 0.000850228
-0.883274	 0.0010953
-0.879941	 0.000728972
-0.876608	 0.000978224
-0.873275	 0.00101536
-0.869942	 0.000874627
-0.866609	 0.000965068
-0.863276	 0.00101735
-0.859943	 0.00113387
-0.85661	 0.00106445
-0.853276	 0.000820532
-0.849943	 0.000968756
-0.84661	 0.00116363
-0.843277	 0.000845071
-0.839944	 0.000944595
-0.836611	 0.000626081
-0.833278	 0.000986165
-0.829945	 0.000790529
-0.826612	 0.000970616
-0.823278	 0.000977611
-0.819945	 0.0011205
-0.816612	 0.000788476
-0.813279	 0.000725875
-0.809946	 0.000730175
-0.806613	 0.000683319
-0.80328	 0.000783825
-0.799947	 0.000552274
-0.796614	 0.000684558
-0.79328	 0.000739066
-0.789947	 0.00101317
-0.786614	 0.000869731
-0.783281	 0.000752722
-0.779948	 0.0006384
-0.776615	 0.000869224
-0.773282	 0.000864876
-0.769949	 0.000541315
-0.766616	 0.000566659
-0.763282	 0.000757684
-0.759949	 0.000718039
-0.756616	 0.000790958
-0.753283	 0.000941136
-0.74995	 0.000583543
-0.746617	 0.000769318
-0.743284	 0.000635572
-0.739951	 0.000775273
-0.736618	 0.000750731
-0.733284	 0.000786768
-0.729951	 0.000761067
-0.726618	 0.000744565
-0.723285	 0.000839675
-0.719952	 0.000785773
-0.716619	 0.000845985
-0.713286	 0.000908352
-0.709953	 0.000724187
-0.70662	 0.000822834
-0.703286	 0.000753807
-0.699953	 0.000852584
-0.69662	 0.000913055
-0.693287	 0.000783257
-0.689954	 0.000847677
-0.686621	 0.00075152
-0.683288	 0.000836803
-0.679955	 0.000943236
-0.676622	 0.000842481
-0.673288	 0.000795098
-0.669955	 0.000711093
-0.666622	 0.000790971
-0.663289	 0.000927748
-0.659956	 0.000655676
-0.656623	 0.000592415
-0.65329	 0.000874574
-0.649957	 0.000761673
-0.646624	 0.000758863
-0.64329	 0.000741007
-0.639957	 0.000552732
-0.636624	 0.000905683
-0.633291	 0.000563067
-0.629958	 0.000647589
-0.626625	 0.0006415
-0.623292	 0.000913315
-0.619959	 0.000712044
-0.616626	 0.000865228
-0.613292	 0.000668349
-0.609959	 0.000739255
-0.606626	 0.000827071
-0.603293	 0.000801636
-0.59996	 0.000736568
-0.596627	 0.000650891
-0.593294	 0.000685143
-0.589961	 0.000989515
-0.586628	 0.000833482
-0.583294	 0.000790963
-0.579961	 0.000890012
-0.576628	 0.000925502
-0.573295	 0.000842549
-0.569962	 0.000839779
-0.566629	 0.000837921
-0.563296	 0.000763129
-0.559963	 0.000793742
-0.55663	 0.000682338
-0.553296	 0.0010495
-0.549963	 0.000723807
-0.54663	 0.000796649
-0.543297	 0.000649856
-0.539964	 0.000996441
-0.536631	 0.00117543
-0.533298	 0.000822529
-0.529965	 0.00081393
-0.526632	 0.000702185
-0.523298	 0.000895479
-0.519965	 0.000923656
-0.516632	 0.00104721
-0.513299	 0.000915112
-0.509966	 0.000934158
-0.506633	 0.000672113
-0.5033	 0.000687538
-0.499967	 0.000849222
-0.496634	 0.000877948
-0.4933	 0.000722181
-0.489967	 0.000914183
-0.486634	 0.00103057
-0.483301	 0.00079023
-0.479968	 0.000875599
-0.476635	 0.000676541
-0.473302	 0.00117196
-0.469969	 0.000996404
-0.466636	 0.000839921
-0.463302	 0.00108691
-0.459969	 0.000783315
-0.456636	 0.000820973
-0.453303	 0.000954586
-0.44997	 0.00101193
-0.446637	 0.000711447
-0.443304	 0.000887115
-0.439971	 0.000795005
-0.436638	 0.000774654
-0.433304	 0.000834118
-0.429971	 0.000897157
-0.426638	 0.000911426
-0.423305	 0.0009589
-0.419972	 0.00101223
-0.416639	 0.00106693
-0.413306	 0.000843901
-0.409973	 0.00106775
-0.40664	 0.000851611
-0.403306	 0.000925077
-0.399973	 0.000939012
-0.39664	 0.000894177
-0.393307	 0.000734736
-0.389974	 0.00117833
-0.386641	 0.000716645
-0.383308	 0.000733409
-0.379975	 0.000942511
-0.376642	 0.000715078
-0.373308	 0.000956835
-0.369975	 0.00108447
-0.366642	 0.00119389
-0.363309	 0.000858949
-0.359976	 0.0013503
-0.356643	 0.000956408
-0.35331	 0.00124089
-0.349977	 0.00119881
-0.346644	 0.00107422
-0.34331	 0.0011333
-0.339977	 0.00109098
-0.336644	 0.000971078
-0.333311	 0.00101238
-0.329978	 0.00106302
-0.326645	 0.000949773
-0.323312	 0.00103747
-0.319979	 0.00114538
-0.316646	 0.00107627
-0.313312	 0.0012464
-0.309979	 0.00113795
-0.306646	 0.0009253
-0.303313	 0.000800961
-0.29998	 0.00113932
-0.296647	 0.0012594
-0.293314	 0.00125507
-0.289981	 0.0014454
-0.286648	 0.00131082
-0.283314	 0.00111223
-0.279981	 0.00127216
-0.276648	 0.00114694
-0.273315	 0.0016498
-0.269982	 0.00129931
-0.266649	 0.00120246
-0.263316	 0.00148335
-0.259983	 0.0011286
-0.25665	 0.00151476
-0.253316	 0.00144858
-0.249983	 0.00117085
-0.24665	 0.000828264
-0.243317	 0.0014315
-0.239984	 0.00118708
-0.236651	 0.00149797
-0.233318	 0.00164651
-0.229985	 0.00166099
-0.226652	 0.00106093
-0.223318	 0.00144027
-0.219985	 0.00153748
-0.216652	 0.00145278
-0.213319	 0.00135828
-0.209986	 0.00163421
-0.206653	 0.00126343
-0.20332	 0.00126042
-0.199987	 0.00145023
-0.196654	 0.00186011
-0.19332	 0.00135425
-0.189987	 0.00120208
-0.186654	 0.00159009
-0.183321	 0.00191606
-0.179988	 0.00188049
-0.176655	 0.00145963
-0.173322	 0.00208112
-0.169989	 0.00183596
-0.166656	 0.00188221
-0.163322	 0.00218947
-0.159989	 0.00168257
-0.156656	 0.00174799
-0.153323	 0.00197406
-0.14999	 0.00229265
-0.146657	 0.00243363
-0.143324	 0.00174806
-0.139991	 0.00216049
-0.136658	 0.00215484
-0.133324	 0.00250851
-0.129991	 0.00232963
-0.126658	 0.00184854
-0.123325	 0.00254045
-0.119992	 0.00301373
-0.116659	 0.00252046
-0.113326	 0.00264922
-0.109993	 0.00289356
-0.10666	 0.00191142
-0.103326	 0.00367555
-0.0999933	 0.00282269
-0.0966602	 0.00324751
-0.0933271	 0.00375548
-0.089994	 0.00338341
-0.0866609	 0.00366586
-0.0833278	 0.00240018
-0.0799947	 0.00357082
-0.0766616	 0.00305138
-0.0733284	 0.00477184
-0.0699953	 0.00481073
-0.0666622	 0.0045821
-0.0633291	 0.004251
-0.059996	 0.00492654
-0.0566629	 0.00472155
-0.0533298	 0.00642956
-0.0499967	 0.00539043
-0.0466636	 0.00561933
-0.0433304	 0.00815564
-0.0399973	 0.00709659
-0.0366642	 0.00707468
-0.0333311	 0.00894127
-0.029998	 0.0108081
-0.0266649	 0.0125332
-0.0233318	 0.0162964
-0.0199987	 0.0164432
-0.0166656	 0.0158506
-0.0133324	 0.0245573
-0.00999933	 0.0389353
-0.00666622	 0.0607243
-0.00333311	 1.65917e-05
0	 1
0.00333311	 0.0617012
0.00666622	 0.0444334
0.00999933	 0.0248561
0.0133324	 0.0180749
0.0166656	 0.0159463
0.0199987	 0.0166087
0.0233318	 0.0123593
0.0266649	 0.0103314
0.029998	 0.00864954
0.0333311	 0.00720805
0.0366642	 0.00651452
0.0399973	 0.00759213
0.0433304	 0.0071265
0.0466636	 0.00510091
0.0499967	 0.00663968
0.0533298	 0.00459187
0.0566629	 0.00441217
0.059996	 0.00431748
0.0633291	 0.00474428
0.0666622	 0.00465764
0.0699953	 0.00438418
0.0733284	 0.00272574
0.0766616	 0.00387537
0.0799947	 0.00273727
0.0833278	 0.00348225
0.0866609	 0.00327709
0.089994	 0.00274623
0.0933271	 0.00336694
0.0966602	 0.00304984
0.0999933	 0.00333955
0.103326	 0.0027886
0.10666	 0.00320659
0.109993	 0.00285698
0.113326	 0.00234644
0.116659	 0.00265716
0.119992	 0.00278788
0.123325	 0.00207208
0.126658	 0.00239795
0.129991	 0.00269678
0.133324	 0.00188478
0.136658	 0.00206985
0.139991	 0.00165931
0.143324	 0.0025035
0.146657	 0.00209129
0.14999	 0.0019303
0.153323	 0.00131741
0.156656	 0.00166433
0.159989	 0.00235263
0.163322	 0.00186723
0.166656	 0.00146653
0.169989	 0.00190258
0.173322	 0.00186683
0.176655	 0.00175117
0.179988	 0.00152765
0.183321	 0.00179917
0.186654	 0.00151828
0.189987	 0.00127738
0.19332	 0.00158119
0.196654	 0.00133208
0.199987	 0.0014453
0.20332	 0.00136072
0.206653	 0.00137647
0.209986	 0.0012437
0.213319	 0.00152161
0.216652	 0.00156232
0.219985	 0.00138452
0.223318	 0.00133603
0.226652	 0.00149002
0.229985	 0.00170785
0.233318	 0.00133572
0.236651	 0.0014562
0.239984	 0.0014938
0.243317	 0.00103038
0.24665	 0.00138369
0.249983	 0.00148565
0.253316	 0.00138304
0.25665	 0.00145521
0.259983	 0.0011537
0.263316	 0.00134216
0.266649	 0.00125034
0.269982	 0.00150595
0.273315	 0.000998988
0.276648	 0.00104893
0.279981	 0.00141484
0.283314	 0.00100272
0.286648	 0.00123393
0.289981	 0.00104488
0.293314	 0.00102455
0.296647	 0.00123278
0.29998	 0.00121094
0.303313	 0.000947551
0.306646	 0.00114861
0.309979	 0.000963998
0.313312	 0.00105529
0.316646	 0.00076194
0.319979	 0.000909973
0.323312	 0.00137972
0.326645	 0.00127505
0.329978	 0.000915135
0.333311	 0.00107314
0.336644	 0.000882116
0.339977	 0.00120316
0.34331	 0.00102243
0.346644	 0.000890823
0.349977	 0.00109882
0.35331	 0.000843471
0.356643	 0.00100126
0.359976	 0.00086563
0.363309	 0.00102307
0.366642	 0.00101312
0.369975	 0.000962963
0.373308	 0.000855513
0.376642	 0.00119572
0.379975	 0.00105554
0.383308	 0.000899082
0.386641	 0.000872979
0.389974	 0.000722762
0.393307	 0.000981288
0.39664	 0.00076491
0.399973	 0.000807254
0.403306	 0.00098814
0.40664	 0.001182
0.409973	 0.000792196
0.413306	 0.00122849
0.416639	 0.000920211
0.419972	 0.000817853
0.423305	 0.000786367
0.426638	 0.000978695
0.429971	 0.000736523
0.433304	 0.000836228
0.436638	 0.00110585
0.439971	 0.000771525
0.443304	 0.000798161
0.446637	 0.000946917
0.44997	 0.00115916
0.453303	 0.000935376
0.456636	 0.000744466
0.459969	 0.000810326
0.463302	 0.000912814
0.466636	 0.000760591
0.469969	 0.000968958
0.473302	 0.000685711
0.476635	 0.001019
0.479968	 0.000752567
0.483301	 0.000968461
0.486634	 0.000822669
0.489967	 0.000687811
0.4933	 0.000980604
0.496634	 0.00100198
0.499967	 0.000794412
0.5033	 0.000768392
0.506633	 0.000881683
0.509966	 0.000877841
0.513299	 0.000943688
0.516632	 0.000744325
0.519965	 0.000741676
0.523298	 0.000608039
0.526632	 0.000847202
0.529965	 0.000696123
0.533298	 0.000976912
0.536631	 0.0009167
0.539964	 0.0005854
0.543297	 0.000679136
0.54663	 0.000761698
0.549963	 0.00086495
0.553296	 0.00098508
0.55663	 0.00102583
0.559963	 0.000698353
0.563296	 0.000717768
0.566629	 0.00077012
0.569962	 0.000889829
0.573295	 0.000808575
0.576628	 0.000856623
0.579961	 0.000600286
0.583294	 0.000771693
0.586628	 0.000841594
0.589961	 0.00077495
0.593294	 0.000691759
0.596627	 0.000691774
0.59996	 0.000856423
0.603293	 0.000675657
0.606626	 0.00065899
0.609959	 0.000695478
0.613292	 0.000713871
0.616626	 0.0009099
0.619959	 0.000773705
0.623292	 0.000661462
0.626625	 0.000536412
0.629958	 0.000718815
0.633291	 0.000760917
0.636624	 0.000744325
0.639957	 0.00085018
0.64329	 0.00083807
0.646624	 0.00074522
0.649957	 0.000747319
0.65329	 0.00079412
0.656623	 0.000600193
0.659956	 0.000931142
0.663289	 0.000664682
0.666622	 0.000743704
0.669955	 0.000713311
0.673288	 0.00080407
0.676622	 0.000996901
0.679955	 0.000776158
0.683288	 0.000901472
0.686621	 0.000725058
0.689954	 0.000699827
0.693287	 0.00057088
0.69662	 0.000943337
0.699953	 0.000788909
0.703286	 0.000845821
0.70662	 0.000812473
0.709953	 0.000717439
0.713286	 0.000916022
0.716619	 0.000778842
0.719952	 0.000831575
0.723285	 0.000601168
0.726618	 0.000694712
0.729951	 0.00062862
0.733284	 0.000732159
0.736618	 0.000702728
0.739951	 0.000736601
0.743284	 0.000878791
0.746617	 0.00088228
0.74995	 0.000723046
0.753283	 0.000889054
0.756616	 0.000989069
0.759949	 0.000695864
0.763282	 0.000690474
0.766616	 0.000797563
0.769949	 0.000774423
0.773282	 0.00093211
0.776615	 0.000794548
0.779948	 0.000718922
0.783281	 0.000654953
0.786614	 0.000798986
0.789947	 0.000848731
0.79328	 0.000887997
0.796614	 0.000621931
0.799947	 0.000733288
0.80328	 0.000864181
0.806613	 0.000721839
0.809946	 0.00103895
0.813279	 0.00085627
0.816612	 0.000908837
0.819945	 0.000871852
0.823278	 0.000731714
0.826612	 0.000739211
0.829945	 0.000961088
0.833278	 0.00100906
0.836611	 0.00090202
0.839944	 0.0010845
0.843277	 0.0008913
0.84661	 0.000924188
0.849943	 0.000771189
0.853276	 0.000812476
0.85661	 0.000908709
0.859943	 0.00081471
0.863276	 0.000861871
0.866609	 0.000894549
0.869942	 0.000833541
0.873275	 0.000999634
0.876608	 0.000956614
0.879941	 0.00103564
0.883274	 0.000782481
0.886608	 0.000934622
0.889941	 0.000948591
0.893274	 0.000821735
0.896607	 0.00096071
0.89994	 0.000935497
0.903273	 0.00107675
0.906606	 0.00111355
0.909939	 0.00091175
0.913272	 0.00113716
0.916606	 0.000869091
0.919939	 0.00108786
0.923272	 0.000977154
0.926605	 0.00104146
0.929938	 0.000997613
0.933271	 0.000921723
0.936604	 0.000832053
0.939937	 0.00103421
0.94327	 0.00118511
0.946604	 0.00113011
0.949937	 0.00141849
0.95327	 0.000982663
0.956603	 0.00105976
0.959936	 0.000967157
0.963269	 0.00116935
0.966602	 0.00120448
0.969935	 0.00152372
0.973268	 0.00127287
0.976602	 0.00119363
0.979935	 0.00127975
0.983268	 0.00154864
0.986601	 0.00158113
0.989934	 0.00113831
0.993267	 0.00118671
0.9966	 0.00121103
0.999933	 0.0014703
1.00327	 0.00103277
1.0066	 0.00166973
1.00993	 0.00114339
1.01327	 0.00147185
1.0166	 0.00186508
1.01993	 0.00143309
1.02327	 0.00130157
1.0266	 0.00130157
1.02993	 0.00164034
1.03326	 0.00158365
1.0366	 0.00121166
1.03993	 0.00174872
1.04326	 0.0015569
1.0466	 0.00199953
1.04993	 0.00135086
1.05326	 0.00180578
1.0566	 0.00195328
1.05993	 0.00178989
1.06326	 0.00199134
1.0666	 0.00185551
1.06993	 0.00158918
1.07326	 0.00148747
1.07659	 0.00211707
1.07993	 0.00200535
1.08326	 0.00157027
1.08659	 0.00220143
1.08993	 0.00182579
1.09326	 0.00248396
1.09659	 0.00175414
1.09993	 0.00231415
1.10326	 0.00243174
1.10659	 0.00270408
1.10993	 0.00260076
1.11326	 0.00336754
1.11659	 0.00277986
1.11993	 0.00410448
1.12326	 0.00349809
1.12659	 0.00404557
1.12992	 0.00303841
1.13326	 0.00424939
1.13659	 0.00503768
1.13992	 0.00491951
1.14326	 0.00453808
1.14659	 0.00334032
1.14992	 0.0055495
1.15326	 0.00507864
1.15659	 0.00828902
1.15992	 0.00672687
1.16326	 0.0102281
1.16659	 0.0097377
1.16992	 0.00989181
1.17326	 0.0105808
1.17659	 0.0204161
1.17992	 0.0153352
1.18325	 0.0175017
1.18659	 0.0154774
1.18992	 0.0129913
1.19325	 0.0126153
1.19659	 0.0114155
1.19992	 0.00792028
1.20325	 0.00820369
1.20659	 0.00624702
1.20992	 0.00482178
1.21325	 0.00507039
1.21659	 0.00463384
1.21992	 0.00486377
1.22325	 0.00442349
1.22658	 0.00609202
1.22992	 0.0039591
1.23325	 0.00414768
1.23658	 0.00317461
1.23992	 0.0035238
1.24325	 0.00312888
1.24658	 0.00311106
1.24992	 0.00377908
1.25325	 0.00249696
1.25658	 0.00396174
1.25992	 0.00301501
1.26325	 0.00419967
1.26658	 0.00273178
1.26992	 0.00265329
1.27325	 0.00193929
1.27658	 0.00395347
1.27991	 0.00263578
1.28325	 0.00230069
1.28658	 0.00220957
1.28991	 0.00248684
1.29325	 0.00245743
1.29658	 0.00282575
1.29991	 0.00184032
1.30325	 0.00173297
1.30658	 0.00173548
1.30991	 0.00191141
1.31325	 0.00214336
1.31658	 0.00235457
1.31991	 0.00189557
1.32325	 0.00158726
1.32658	 0.00196029
1.32991	 0.00149265
1.33324	 0.00139991
1.33658	 0.00190799
1.33991	 0.00133264
1.34324	 0.00153045
1.34658	 0.00146918
1.34991	 0.0015844
1.35324	 0.00209465
1.35658	 0.00166507
1.35991	 0.00111783
1.36324	 0.00132029
1.36658	 0.00167723
1.36991	 0.00192132
1.37324	 0.00136208
1.37657	 0.00161767
1.37991	 0.00188476
1.38324	 0.00133504
1.38657	 0.00119903
1.38991	 0.00118998
1.39324	 0.00118009
1.39657	 0.00119889
1.39991	 0.0015634
1.40324	 0.000973462
1.40657	 0.00122356
1.40991	 0.00136792
1.41324	 0.00127077
1.41657	 0.0013621
1.41991	 0.000893471
1.42324	 0.00105642
1.42657	 0.0011072
1.4299	 0.00133612
1.43324	 0.000967599
1.43657	 0.00120743
1.4399	 0.00131044
1.44324	 0.00109457
1.44657	 0.00106755
1.4499	 0.000864384
1.45324	 0.00085157
1.45657	 0.00107833
1.4599	 0.000999493
1.46324	 0.000711022
1.46657	 0.000865957
1.4699	 0.00103463
1.47324	 0.00118118
1.47657	 0.000948178
1.4799	 0.00124837
1.48323	 0.000788975
1.48657	 0.00110932
1.4899	 0.00112338
1.49323	 0.000866437
1.49657	 0.00131614
1.4999	 0.00102336
1.50323	 0.000971856
1.50657	 0.00113002
1.5099	 0.000759048
1.51323	 0.00111827
1.51657	 0.000969366
1.5199	 0.000855998
1.52323	 0.000973728
1.52656	 0.000928987
1.5299	 0.000874453
1.53323	 0.000845651
1.53656	 0.00105778
1.5399	 0.00104467
1.54323	 0.00090375
1.54656	 0.000773829
1.5499	 0.00113405
1.55323	 0.000917733
1.55656	 0.00085802
1.5599	 0.00075922
1.56323	 0.000789998
1.56656	 0.00106397
1.5699	 0.000916393
1.57323	 0.000731122
1.57656	 0.000738307
1.57989	 0.000803296
1.58323	 0.000816542
1.58656	 0.000994383
1.58989	 0.000980395
1.59323	 0.000608403
1.59656	 0.000698844
1.59989	 0.000715746
1.60323	 0.000686454
1.60656	 0.000856414
1.60989	 0.00083872
1.61323	 0.000952246
1.61656	 0.000883081
1.61989	 0.001161
1.62323	 0.00074485
1.62656	 0.000921795
1.62989	 0.000740743
1.63322	 0.000898702
1.63656	 0.000935587
1.63989	 0.000687122
1.64322	 0.000610451
1.64656	 0.000831705
1.64989	 0.000654593
1.65322	 0.000890933
1.65656	 0.000629428
1.65989	 0.000652356
1.66322	 0.000667838
1.66656	 0.000627803
1.66989	 0.000905683
1.67322	 0.000667201
1.67655	 0.00060341
1.67989	 0.000748856
1.68322	 0.000566557
1.68655	 0.000714943
1.68989	 0.000900546
1.69322	 0.000650165
1.69655	 0.000613454
1.69989	 0.00055238
1.70322	 0.000735785
1.70655	 0.000691557
1.70989	 0.000600218
1.71322	 0.000733562
1.71655	 0.00070566
1.71989	 0.000709685
1.72322	 0.000561762
1.72655	 0.000637645
1.72988	 0.000822119
1.73322	 0.000684841
1.73655	 0.000801157
1.73988	 0.000637728
1.74322	 0.000920307
1.74655	 0.000680048
1.74988	 0.000549302
1.75322	 0.000710011
1.75655	 0.000499372
1.75988	 0.00058544
1.76322	 0.000864396
1.76655	 0.000662376
1.76988	 0.00053267
1.77322	 0.000747517
1.77655	 0.000737718
1.77988	 0.000686951
1.78321	 0.000610957
1.78655	 0.000735647
1.78988	 0.000839082
1.79321	 0.000621526
1.79655	 0.000579781
1.79988	 0.000666064
1.80321	 0.00083492
1.80655	 0.000696378
1.80988	 0.000789728
1.81321	 0.000803281
1.81655	 0.000736619
1.81988	 0.000494559
1.82321	 0.000641405
1.82654	 0.00072152
1.82988	 0.00062374
1.83321	 0.000671443
1.83654	 0.000568981
1.83988	 0.000908787
1.84321	 0.000630116
1.84654	 0.000635488
1.84988	 0.000544766
1.85321	 0.00065961
1.85654	 0.000739882
1.85988	 0.000755835
1.86321	 0.000763959
1.86654	 0.000565793
1.86988	 0.00074778
1.87321	 0.00075671
1.87654	 0.000721353
1.87987	 0.000741613
1.88321	 0.000796341
1.88654	 0.000552223
1.88987	 0.000609108
1.89321	 0.000706272
1.89654	 0.000619959
1.89987	 0.00071654
1.90321	 0.000805612
1.90654	 0.000722161
1.90987	 0.000580381
1.91321	 0.000642972
1.91654	 0.0007486
1.91987	 0.000621179
1.92321	 0.000977836
1.92654	 0.000794655
1.92987	 0.000663484
1.9332	 0.000890091
1.93654	 0.000635967
1.93987	 0.000778125
1.9432	 0.000611507
1.94654	 0.00061438
1.94987	 0.000626892
1.9532	 0.000766179
1.95654	 0.000869856
1.95987	 0.00078393
1.9632	 0.000900262
1.96654	 0.00066396
1.96987	 0.000783368
1.9732	 0.000903631
1.97653	 0.000815073
1.97987	 0.000738187
1.9832	 0.000857757
1.98653	 0.000723494
1.98987	 0.000662411
1.9932	 0.000775563
1.99653	 0.000646492
1.99987	 0.000924607
2.0032	 0.000646494
2.00653	 0.000805633
2.00987	 0.000759914
2.0132	 0.000708954
2.01653	 0.000774321
2.01987	 0.000729145
2.0232	 0.000561296
2.02653	 0.000835984
2.02986	 0.000753256
2.0332	 0.000931442
2.03653	 0.000949354
2.03986	 0.000742076
2.0432	 0.000822648
2.04653	 0.000962827
2.04986	 0.000781844
2.0532	 0.000892644
2.05653	 0.0005458
2.05986	 0.000823195
2.0632	 0.000876658
2.06653	 0.000927992
2.06986	 0.000948889
2.0732	 0.00105733
2.07653	 0.00103368
2.07986	 0.000819936
2.08319	 0.000792213
2.08653	 0.000993303
2.08986	 0.00094813
2.09319	 0.000851461
2.09653	 0.00047113
2.09986	 0.000887479
2.10319	 0.000991851
2.10653	 0.0012737
2.10986	 0.00102411
2.11319	 0.000898275
2.11653	 0.00105094
2.11986	 0.000815115
2.12319	 0.000894469
2.12652	 0.000895219
2.12986	 0.000942292
2.13319	 0.00074408
2.13652	 0.0012454
2.13986	 0.00120318
2.14319	 0.000733183
2.14652	 0.00117646
2.14986	 0.0010941
2.15319	 0.00132589
2.15652	 0.000917454
2.15986	 0.00104992
2.16319	 0.00109214
2.16652	 0.000933069
2.16986	 0.00108235
2.17319	 0.00129738
2.17652	 0.00102503
2.17985	 0.00133311
2.18319	 0.00102928
2.18652	 0.00137728
2.18985	 0.000993712
2.19319	 0.000995286
2.19652	 0.00120543
2.19985	 0.00133268
2.20319	 0.00109092
2.20652	 0.00134398
2.20985	 0.00149683
2.21319	 0.00134521
2.21652	 0.00139737
2.21985	 0.001606
2.22319	 0.00158461
2.22652	 0.000944752
2.22985	 0.00157999
2.23318	 0.00143839
2.23652	 0.00132379
2.23985	 0.00137756
2.24318	 0.00171083
2.24652	 0.00143465
2.24985	 0.00206516
2.25318	 0.00181068
2.25652	 0.0016321
2.25985	 0.0019178
2.26318	 0.0015732
2.26652	 0.00190489
2.26985	 0.0018128
2.27318	 0.00194929
2.27651	 0.00189118
2.27985	 0.00200554
2.28318	 0.0017952
2.28651	 0.00189993
2.28985	 0.00255034
2.29318	 0.00232027
2.29651	 0.00198427
2.29985	 0.00245201
2.30318	 0.00267931
2.30651	 0.00269732
2.30985	 0.00266935
2.31318	 0.00253973
2.31651	 0.00302322
2.31985	 0.00244076
2.32318	 0.00310693
2.32651	 0.00340579
2.32984	 0.00409653
2.33318	 0.0036978
2.33651	 0.00411047
2.33984	 0.0029982
2.34318	 0.00418928
2.34651	 0.00391248
2.34984	 0.00428649
2.35318	 0.00475391
2.35651	 0.00367155
2.35984	 0.00434417
2.36318	 0.00384677
2.36651	 0.00430163
2.36984	 0.00332071
2.37318	 0.00340245
2.37651	 0.00303651
2.37984	 0.00437402
2.38317	 0.00329956
2.38651	 0.00481856
2.38984	 0.00405888
2.39317	 0.00483017
2.39651	 0.00504349
2.39984	 0.00469958
2.40317	 0.003999
2.40651	 0.00350854
2.40984	 0.00391419
2.41317	 0.00328619
2.41651	 0.0038789
2.41984	 0.00377277
2.42317	 0.00343063
2.4265	 0.00270108
2.42984	 0.00377791
2.43317	 0.00315481
2.4365	 0.00214476
2.43984	 0.00286857
2.44317	 0.00346881
2.4465	 0.00283766
2.44984	 0.00325997
2.45317	 0.00305044
2.4565	 0.00306345
2.45984	 0.00216425
2.46317	 0.00230472
2.4665	 0.00239342
2.46984	 0.00217762
2.47317	 0.00222522
2.4765	 0.0024476
2.47983	 0.00259551
2.48317	 0.00188439
2.4865	 0.002543
2.48983	 0.00187769
2.49317	 0.00213248
2.4965	 0.00245382
2.49983	 0.00194575
2.50317	 0.00213725
2.5065	 0.00200359
2.50983	 0.0026617
2.51317	 0.00198446
2.5165	 0.00229489
2.51983	 0.00195075
2.52317	 0.00167856
2.5265	 0.00200762
2.52983	 0.00165264
2.53316	 0.00160918
2.5365	 0.00149937
2.53983	 0.00164519
2.54316	 0.00135836
2.5465	 0.00201744
2.54983	 0.00190354
2.55316	 0.00185582
2.5565	 0.00134433
2.55983	 0.00137497
2.56316	 0.00171262
2.5665	 0.0017073
2.56983	 0.0014505
2.57316	 0.00143602
2.57649	 0.00131543
2.57983	 0.00143438
2.58316	 0.00130745
2.58649	 0.0017969
2.58983	 0.0016294
2.59316	 0.00151619
2.59649	 0.00134413
2.59983	 0.00141294
2.60316	 0.001468
2.60649	 0.00140777
2.60983	 0.00124011
2.61316	 0.00146468
2.61649	 0.000937245
2.61983	 0.00113664
2.62316	 0.00127131
2.62649	 0.00130835
2.62982	 0.00105387
2.63316	 0.000843662
2.63649	 0.00146845
2.63982	 0.00119118
2.64316	 0.000894524
2.64649	 0.00123177
2.64982	 0.00100643
2.65316	 0.00116443
2.65649	 0.000943294
2.65982	 0.00112181
2.66316	 0.000926729
2.66649	 0.00118119
2.66982	 0.00122121
2.67316	 0.000968767
2.67649	 0.00101724
2.67982	 0.00094264
2.68315	 0.000874517
2.68649	 0.000796
2.68982	 0.000944638
2.69315	 0.00124908
2.69649	 0.000896771
2.69982	 0.00128692
2.70315	 0.00093996
2.70649	 0.000943424
2.70982	 0.00104117
2.71315	 0.000853675
2.71649	 0.000965059
2.71982	 0.000847961
2.72315	 0.000898914
2.72648	 0.00104764
2.72982	 0.00110826
2.73315	 0.000918415
2.73648	 0.000972401
2.73982	 0.000634574
2.74315	 0.00085029
2.74648	 0.000767916
2.74982	 0.000619707
2.75315	 0.000887143
2.75648	 0.000890424
2.75982	 0.000843075
2.76315	 0.000886545
2.76648	 0.000942573
2.76982	 0.000960909
2.77315	 0.00112461
2.77648	 0.000682565
2.77981	 0.00081777
2.78315	 0.00105235
2.78648	 0.000791712
2.78981	 0.000794107
2.79315	 0.000943418
2.79648	 0.000736205
2.79981	 0.000740051
2.80315	 0.000758988
2.80648	 0.000616418
2.80981	 0.000832586
2.81315	 0.00081243
2.81648	 0.000766292
2.81981	 0.000704047
2.82315	 0.000769485
2.82648	 0.000689882
2.82981	 0.000803324
2.83314	 0.000645469
2.83648	 0.000724667
2.83981	 0.000508271
2.84314	 0.000737086
2.84648	 0.000657907
2.84981	 0.000624107
2.85314	 0.000666775
2.85648	 0.000686566
2.85981	 0.000713337
2.86314	 0.00067497
2.86648	 0.000744403
2.86981	 0.000771938
2.87314	 0.000855704
2.87647	 0.000986934
2.87981	 0.000593383
2.88314	 0.00101777
2.88647	 0.000612496
2.88981	 0.000716967
2.89314	 0.000906563
2.89647	 0.000727984
2.89981	 0.000739733
2.90314	 0.00115136
2.90647	 0.000681584
2.90981	 0.000660532
2.91314	 0.000727008
2.91647	 0.000630905
2.91981	 0.000729701
2.92314	 0.000624315
2.92647	 0.000742858
2.9298	 0.000755527
2.93314	 0.000672266
2.93647	 0.000601503
2.9398	 0.000673473
2.94314	 0.00071164
2.94647	 0.000784309
2.9498	 0.000781381
2.95314	 0.000529546
2.95647	 0.000740641
2.9598	 0.000729912
2.96314	 0.000815503
2.96647	 0.000599981
2.9698	 0.000713984
2.97314	 0.00058785
2.97647	 0.00077479
2.9798	 0.000850876
2.98313	 0.000637643
2.98647	 0.000602859
2.9898	 0.00065603
2.99313	 0.000877434
2.99647	 0.000681559
2.9998	 0.000567579
3.00313	 0.000572555
3.00647	 0.000716581
3.0098	 0.000600624
3.01313	 0.000724572
3.01647	 0.000658983
3.0198	 0.000816546
3.02313	 0.000474751
3.02646	 0.000630605
3.0298	 0.000749421
3.03313	 0.00115079
3.03646	 0.000777365
3.0398	 0.000727383
3.04313	 0.000554303
3.04646	 0.000612484
3.0498	 0.000765639
3.05313	 0.000780515
3.05646	 0.000702067
3.0598	 0.000524388
3.06313	 0.000675806
3.06646	 0.000575591
3.0698	 0.000587536
3.07313	 0.000608981
3.07646	 0.000512391
3.07979	 0.000709964
3.08313	 0.000637803
3.08646	 0.000671307
3.08979	 0.000620026
3.09313	 0.00108473
3.09646	 0.00074539
3.09979	 0.000651844
3.10313	 0.00102887
3.10646	 0.000530789
3.10979	 0.000851038
3.11313	 0.000727744
3.11646	 0.000609723
3.11979	 0.000696045
3.12313	 0.000739536
3.12646	 0.000893255
3.12979	 0.000626772
3.13312	 0.000648314
3.13646	 0.000610991
3.13979	 0.00075003
3.14312	 0.000687267
3.14646	 0.000683959
3.14979	 0.000597058
3.15312	 0.00086979
3.15646	 0.000752013
3.15979	 0.000845662
3.16312	 0.000623396
3.16646	 0.00077687
3.16979	 0.000661902
3.17312	 0.000867741
3.17645	 0.000936432
3.17979	 0.000786429
3.18312	 0.000597513
3.18645	 0.000664251
3.18979	 0.000738848
3.19312	 0.000771747
3.19645	 0.00073847
3.19979	 0.000721212
3.20312	 0.000794028
3.20645	 0.000684602
3.20979	 0.000744451
3.21312	 0.000791703
3.21645	 0.000709275
3.21979	 0.0010776
3.22312	 0.000610789
3.22645	 0.000685187
3.22978	 0.000720843
3.23312	 0.000720708
3.23645	 0.000784306
3.23978	 0.000798914
3.24312	 0.000725717
3.24645	 0.000553931
3.24978	 0.000829763
3.25312	 0.000907987
3.25645	 0.000819867
3.25978	 0.000887693
3.26312	 0.000996483
3.26645	 0.000793164
3.26978	 0.000635391
3.27312	 0.00071302
3.27645	 0.000787244
3.27978	 0.000730157
3.28311	 0.000947209
3.28645	 0.000664326
3.28978	 0.000819622
3.29311	 0.000728528
3.29645	 0.00110735
3.29978	 0.000772281
3.30311	 0.000828935
3.30645	 0.000905163
3.30978	 0.000861268
3.31311	 0.000901301
3.31645	 0.000969176
3.31978	 0.00103625
3.32311	 0.000885915
3.32644	 0.00126903
3.32978	 0.000782168
3.33311	 0.000787203
3.33644	 0.000967386
3.33978	 0.000980093
3.34311	 0.000968061
3.34644	 0.000771237
3.34978	 0.000739837
3.35311	 0.00110067
3.35644	 0.000783107
3.35978	 0.000852354
3.36311	 0.00118053
3.36644	 0.000978022
3.36978	 0.00097573
3.37311	 0.00116601
3.37644	 0.00123184
3.37977	 0.000974103
3.38311	 0.0012714
3.38644	 0.000998551
3.38977	 0.0010564
3.39311	 0.00116573
3.39644	 0.00127269
3.39977	 0.00133525
3.40311	 0.00107095
3.40644	 0.00120407
3.40977	 0.00111039
3.41311	 0.0014546
3.41644	 0.00153727
3.41977	 0.00107985
3.42311	 0.00112044
3.42644	 0.00106613
3.42977	 0.00126173
3.4331	 0.00151381
3.43644	 0.00140461
3.43977	 0.00116798
3.4431	 0.0012378
3.44644	 0.00173295
3.44977	 0.00132864
3.4531	 0.00119434
3.45644	 0.00100515
3.45977	 0.00143352
3.4631	 0.00147018
3.46644	 0.00142702
3.46977	 0.0013906
3.4731	 0.00145496
3.47643	 0.00153376
3.47977	 0.00115973
3.4831	 0.00132457
3.48643	 0.00173678
3.48977	 0.00156336
3.4931	 0.00141696
3.49643	 0.00180918
3.49977	 0.00138312
3.5031	 0.00204102
3.50643	 0.00186905
3.50977	 0.00173678
3.5131	 0.00182134
3.51643	 0.00137788
3.51977	 0.00165513
3.5231	 0.0019131
3.52643	 0.00183261
3.52976	 0.00197902
3.5331	 0.00176683
3.53643	 0.00210426
3.53976	 0.00265894
3.5431	 0.0028143
3.54643	 0.00221844
3.54976	 0.0019776
3.5531	 0.00203022
3.55643	 0.00267345
3.55976	 0.00300523
3.5631	 0.00266549
3.56643	 0.00231727
3.56976	 0.00288121
3.5731	 0.0027405
3.57643	 0.00197167
3.57976	 0.00283912
3.58309	 0.00283684
3.58643	 0.00321362
3.58976	 0.00268734
3.59309	 0.00257327
3.59643	 0.00420019
3.59976	 0.00251701
3.60309	 0.0028819
3.60643	 0.00232755
3.60976	 0.00208845
3.61309	 0.00360184
3.61643	 0.00278891
3.61976	 0.002768
3.62309	 0.00279894
3.62642	 0.00216841
3.62976	 0.00225538
3.63309	 0.00236947
3.63642	 0.00309074
3.63976	 0.00230494
3.64309	 0.00249001
3.64642	 0.00290605
3.64976	 0.00259424
3.65309	 0.00270657
3.65642	 0.00245564
3.65976	 0.00203316
3.66309	 0.00232497
3.66642	 0.00299364
3.66976	 0.00170745
3.67309	 0.00205708
3.67642	 0.00222429
3.67975	 0.00196604
3.68309	 0.00178883
3.68642	 0.00223049
3.68975	 0.00278336
3.69309	 0.00181857
3.69642	 0.00163744
3.69975	 0.00184001
3.70309	 0.00193851
3.70642	 0.00206222
3.70975	 0.00118844
3.71309	 0.00187559
3.71642	 0.00231778
3.71975	 0.00201778
3.72309	 0.00178444
3.72642	 0.0019978
3.72975	 0.00162017
3.73308	 0.00110879
3.73642	 0.0018477
3.73975	 0.00216076
3.74308	 0.00192265
3.74642	 0.00179437
3.74975	 0.00211662
3.75308	 0.00123527
3.75642	 0.00155109
3.75975	 0.00158484
3.76308	 0.00212059
3.76642	 0.00150046
3.76975	 0.00151337
3.77308	 0.00125952
3.77641	 0.00169252
3.77975	 0.00147032
3.78308	 0.00158665
3.78641	 0.00125461
3.78975	 0.000901028
3.79308	 0.00132124
3.79641	 0.00133483
3.79975	 0.00160617
3.80308	 0.00125992
3.80641	 0.00107846
3.80975	 0.00164674
3.81308	 0.00167289
3.81641	 0.00115818
3.81975	 0.00101929
3.82308	 0.00156961
3.82641	 0.00106823
3.82974	 0.00123382
3.83308	 0.00137912
3.83641	 0.00144279
3.83974	 0.00131922
3.84308	 0.00116597
3.84641	 0.00101192
3.84974	 0.000877771
3.85308	 0.00104331
3.85641	 0.000816014
3.85974	 0.0010069
3.86308	 0.00105105
3.86641	 0.00103999
3.86974	 0.00109917
3.87308	 0.000923332
3.87641	 0.000961309
3.87974	 0.00102199
3.88307	 0.000928551
3.88641	 0.000886344
3.88974	 0.000959417
3.89307	 0.000920649
3.89641	 0.0011528
3.89974	 0.000755307
3.90307	 0.000838447
3.90641	 0.00084939
3.90974	 0.00096453
3.91307	 0.00104366
3.91641	 0.000715807
3.91974	 0.0010011
3.92307	 0.00106035
3.9264	 0.000864405
3.92974	 0.000855195
3.93307	 0.00117549
3.9364	 0.000842341
3.93974	 0.000878921
3.94307	 0.000835266
3.9464	 0.000872552
3.94974	 0.0010365
3.95307	 0.00083149
3.9564	 0.000887665
3.95974	 0.000627399
3.96307	 0.00103648
3.9664	 0.000749687
3.96974	 0.000806323
3.97307	 0.00072073
3.9764	 0.00104215
3.97973	 0.000748704
3.98307	 0.000912763
3.9864	 0.000771056
3.98973	 0.000722016
3.99307	 0.000558377
3.9964	 0.000764351
3.99973	 0.000827732
4.00307	 0.000838635
4.0064	 0.000952291
4.00973	 0.000802323
4.01307	 0.000668914
4.0164	 0.000722304
4.01973	 0.000749157
4.02307	 0.000659049
4.0264	 0.000845861
4.02973	 0.000565568
4.03306	 0.000635336
4.0364	 0.000515985
4.03973	 0.000662603
4.04306	 0.00075216
4.0464	 0.000738509
4.04973	 0.000623543
4.05306	 0.000690953
4.0564	 0.000472636
4.05973	 0.00074265
4.06306	 0.000515886
4.0664	 0.000614264
4.06973	 0.000648821
4.07306	 0.000828762
4.07639	 0.000779333
4.07973	 0.000692661
4.08306	 0.000959826
4.08639	 0.000614068
4.08973	 0.000650412
4.09306	 0.000663977
4.09639	 0.000529799
4.09973	 0.000596652
4.10306	 0.000631236
4.10639	 0.000631203
4.10973	 0.00077785
4.11306	 0.000710786
4.11639	 0.000581166
4.11973	 0.00074198
4.12306	 0.000755926
4.12639	 0.000559532
4.12972	 0.000766823
4.13306	 0.000809181
4.13639	 0.000718583
4.13972	 0.000603928
4.14306	 0.000716638
4.14639	 0.000596041
4.14972	 0.000659888
4.15306	 0.000654412
4.15639	 0.000617961
4.15972	 0.000792842
4.16306	 0.000773185
4.16639	 0.000639545
4.16972	 0.000612242
4.17306	 0.000597867
4.17639	 0.000468521
4.17972	 0.00073358
4.18305	 0.000665203
4.18639	 0.000608988
4.18972	 0.000681339
4.19305	 0.000704505
4.19639	 0.00073117
4.19972	 0.0005444
4.20305	 0.000584757
4.20639	 0.000697838
4.20972	 0.00053712
4.21305	 0.000635642
4.21639	 0.000601612
4.21972	 0.000635505
4.22305	 0.000830258
4.22638	 0.000761029
4.22972	 0.000665202
4.23305	 0.000670832
4.23638	 0.000567024
4.23972	 0.000484711
4.24305	 0.00057802
4.24638	 0.000626422
4.24972	 0.000516653
4.25305	 0.000658988
4.25638	 0.000665895
4.25972	 0.000591277
4.26305	 0.000812621
4.26638	 0.000664604
4.26972	 0.000640595
4.27305	 0.000664531
4.27638	 0.00052046
4.27971	 0.000865193
4.28305	 0.000689178
4.28638	 0.00041736
4.28971	 0.000856975
4.29305	 0.000644448
4.29638	 0.000732088
4.29971	 0.000694354
4.30305	 0.000546706
4.30638	 0.000655791
4.30971	 0.00054707
4.31305	 0.000481942
4.31638	 0.000597753
4.31971	 0.000701212
4.32305	 0.00062174
4.32638	 0.000596716
4.32971	 0.000771161
4.33304	 0.000563355
4.33638	 0.000579784
4.33971	 0.000743535
4.34304	 0.000717929
4.34638	 0.000611353
4.34971	 0.000562151
4.35304	 0.000619349
4.35638	 0.00086535
4.35971	 0.000682619
4.36304	 0.000760831
4.36638	 0.000578849
4.36971	 0.000749528
4.37304	 0.000760339
4.37637	 0.000812239
4.37971	 0.000657272
4.38304	 0.000625533
4.38637	 0.000639529
4.38971	 0.000638193
4.39304	 0.00066235
4.39637	 0.000752658
4.39971	 0.000774107
4.40304	 0.000707361
4.40637	 0.000627135
4.40971	 0.000733413
4.41304	 0.000844539
4.41637	 0.000572193
4.41971	 0.00073878
4.42304	 0.000630986
4.42637	 0.000689081
4.4297	 0.000735607
4.43304	 0.000781542
4.43637	 0.000596679
4.4397	 0.000821994
4.44304	 0.000625677
4.44637	 0.000803213
4.4497	 0.00084498
4.45304	 0.000816688
4.45637	 0.000707079
4.4597	 0.000880053
4.46304	 0.000559632
4.46637	 0.000728501
4.4697	 0.000952023
4.47304	 0.000780743
4.47637	 0.00101694
4.4797	 0.000861471
4.48303	 0.00069408
4.48637	 0.00091337
4.4897	 0.000655279
4.49303	 0.000733704
4.49637	 0.000622864
4.4997	 0.000657793
4.50303	 0.00075812
4.50637	 0.000837171
4.5097	 0.000762893
4.51303	 0.000857573
4.51637	 0.000746897
4.5197	 0.000662163
4.52303	 0.000742048
4.52636	 0.000891045
4.5297	 0.000692973
4.53303	 0.00094437
4.53636	 0.000946993
4.5397	 0.000808306
4.54303	 0.00106012
4.54636	 0.00107441
4.5497	 0.00100946
4.55303	 0.000868184
4.55636	 0.000756082
4.5597	 0.000804257
4.56303	 0.000921962
4.56636	 0.000979134
4.5697	 0.000934944
4.57303	 0.000945831
4.57636	 0.000651556
4.57969	 0.00106195
4.58303	 0.00079307
4.58636	 0.000645439
4.58969	 0.000886341
4.59303	 0.000821623
4.59636	 0.0009425
4.59969	 0.000992399
4.60303	 0.000837064
4.60636	 0.00100571
4.60969	 0.00146809
4.61303	 0.00118298
4.61636	 0.00101054
4.61969	 0.00113717
4.62303	 0.00137027
4.62636	 0.00108318
4.62969	 0.000785513
4.63302	 0.00129252
4.63636	 0.000865828
4.63969	 0.00108564
4.64302	 0.00110929
4.64636	 0.000956416
4.64969	 0.00104167
4.65302	 0.000997544
4.65636	 0.00112988
4.65969	 0.00105028
4.66302	 0.00105352
4.66636	 0.000936945
4.66969	 0.0011066
4.67302	 0.00125449
4.67635	 0.00137692
4.67969	 0.00104729
4.68302	 0.00135617
4.68635	 0.00127574
4.68969	 0.00107004
4.69302	 0.00104181
4.69635	 0.00106052
4.69969	 0.00110088
4.70302	 0.00148828
4.70635	 0.00124923
4.70969	 0.00205439
4.71302	 0.00139378
4.71635	 0.00161871
4.71969	 0.00146385
4.72302	 0.0013534
4.72635	 0.0015698
4.72968	 0.00145471
4.73302	 0.00186504
4.73635	 0.00144024
4.73968	 0.00167945
4.74302	 0.00171489
4.74635	 0.00154797
4.74968	 0.00161575
4.75302	 0.00174796
4.75635	 0.00173878
4.75968	 0.00156975
4.76302	 0.00187278
4.76635	 0.00142662
4.76968	 0.00166703
4.77302	 0.00167206
4.77635	 0.00238676
4.77968	 0.00174057
4.78301	 0.00209425
4.78635	 0.00178321
4.78968	 0.00159119
4.79301	 0.00180118
4.79635	 0.00225856
4.79968	 0.00188212
4.80301	 0.0024163
4.80635	 0.00205121
4.80968	 0.00224458
4.81301	 0.00187525
4.81635	 0.0018656
4.81968	 0.00166506
4.82301	 0.00174218
4.82634	 0.00270244
4.82968	 0.0020944
4.83301	 0.00204561
4.83634	 0.00133252
4.83968	 0.00208226
4.84301	 0.0023289
4.84634	 0.00138378
4.84968	 0.00174923
4.85301	 0.00117918
4.85634	 0.0017855
4.85968	 0.00164152
4.86301	 0.00172432
4.86634	 0.00227133
4.86968	 0.00198244
4.87301	 0.00182549
4.87634	 0.00202426
4.87967	 0.00201087
4.88301	 0.00209758
4.88634	 0.00209715
4.88967	 0.0020949
4.89301	 0.00211269
4.89634	 0.00190439
4.89967	 0.00153891
4.90301	 0.00167087
4.90634	 0.00157367
4.90967	 0.00134037
4.91301	 0.00197732
4.91634	 0.00204705
4.91967	 0.0018328
4.92301	 0.00225506
4.92634	 0.00130516
4.92967	 0.00179558
4.933	 0.00191704
4.93634	 0.00189618
4.93967	 0.00206853
4.943	 0.00136305
4.94634	 0.00165707
4.94967	 0.00156635
4.953	 0.00126205
4.95634	 0.00136548
4.95967	 0.00124226
4.963	 0.00141037
4.96634	 0.00156859
4.96967	 0.00141253
4.973	 0.00152877
4.97633	 0.00120939
4.97967	 0.00119687
4.983	 0.00142103
4.98633	 0.0011905
4.98967	 0.00136495
4.993	 0.000992261
4.99633	 0.00121495
