# Frequency [GHz] 	Fouriercomponent
-4.99967	 0.592108
-4.99633	 0.680309
-4.993	 0.614547
-4.98967	 0.724472
-4.98633	 0.511211
-4.983	 0.57055
-4.97967	 0.568226
-4.97633	 0.544746
-4.973	 0.633096
-4.96967	 0.614428
-4.96634	 0.621923
-4.963	 0.636107
-4.95967	 0.763875
-4.95634	 0.680218
-4.953	 0.584789
-4.94967	 0.530654
-4.94634	 0.646773
-4.943	 0.683521
-4.93967	 0.710905
-4.93634	 0.562976
-4.933	 0.623655
-4.92967	 0.572287
-4.92634	 0.620682
-4.92301	 0.648644
-4.91967	 0.471085
-4.91634	 0.585967
-4.91301	 0.516016
-4.90967	 0.661182
-4.90634	 0.644489
-4.90301	 0.643058
-4.89967	 0.57398
-4.89634	 0.600956
-4.89301	 0.690528
-4.88967	 0.609628
-4.88634	 0.493153
-4.88301	 0.492666
-4.87967	 0.671584
-4.87634	 0.816192
-4.87301	 0.583893
-4.86968	 0.526484
-4.86634	 0.723836
-4.86301	 0.431801
-4.85968	 0.565629
-4.85634	 0.440676
-4.85301	 0.558016
-4.84968	 0.618563
-4.84634	 0.550519
-4.84301	 0.589322
-4.83968	 0.470847
-4.83634	 0.57248
-4.83301	 0.486988
-4.82968	 0.513018
-4.82634	 0.529642
-4.82301	 0.47968
-4.81968	 0.653454
-4.81635	 0.490582
-4.81301	 0.771048
-4.80968	 0.68479
-4.80635	 0.675812
-4.80301	 0.6582
-4.79968	 0.490281
-4.79635	 0.667161
-4.79301	 0.828832
-4.78968	 0.562924
-4.78635	 0.761157
-4.78301	 0.560495
-4.77968	 0.479016
-4.77635	 0.68061
-4.77302	 0.576289
-4.76968	 0.613239
-4.76635	 0.578705
-4.76302	 0.540162
-4.75968	 0.576723
-4.75635	 0.390051
-4.75302	 0.68588
-4.74968	 0.586894
-4.74635	 0.772613
-4.74302	 0.547956
-4.73968	 0.827297
-4.73635	 0.642317
-4.73302	 0.409107
-4.72968	 0.523901
-4.72635	 0.508183
-4.72302	 0.612721
-4.71969	 0.561898
-4.71635	 0.527649
-4.71302	 0.629884
-4.70969	 0.621661
-4.70635	 0.568128
-4.70302	 0.490885
-4.69969	 0.514789
-4.69635	 0.568496
-4.69302	 0.63209
-4.68969	 0.61439
-4.68635	 0.595264
-4.68302	 0.576707
-4.67969	 0.52635
-4.67635	 0.611777
-4.67302	 0.537984
-4.66969	 0.707787
-4.66636	 0.491179
-4.66302	 0.516091
-4.65969	 0.506336
-4.65636	 0.445031
-4.65302	 0.491607
-4.64969	 0.514299
-4.64636	 0.603713
-4.64302	 0.544304
-4.63969	 0.668857
-4.63636	 0.652518
-4.63302	 0.592254
-4.62969	 0.497707
-4.62636	 0.621339
-4.62303	 0.752783
-4.61969	 0.569489
-4.61636	 0.602219
-4.61303	 0.578011
-4.60969	 0.576089
-4.60636	 0.611359
-4.60303	 0.565328
-4.59969	 0.426599
-4.59636	 0.679381
-4.59303	 0.648542
-4.58969	 0.55535
-4.58636	 0.566945
-4.58303	 0.52771
-4.57969	 0.790044
-4.57636	 0.686799
-4.57303	 0.677376
-4.5697	 0.675055
-4.56636	 0.533209
-4.56303	 0.73041
-4.5597	 0.609196
-4.55636	 0.697368
-4.55303	 0.64038
-4.5497	 0.694666
-4.54636	 0.401311
-4.54303	 0.579787
-4.5397	 0.53082
-4.53636	 0.54051
-4.53303	 0.450149
-4.5297	 0.815778
-4.52636	 0.615275
-4.52303	 0.568657
-4.5197	 0.748417
-4.51637	 0.534877
-4.51303	 0.582532
-4.5097	 0.580146
-4.50637	 0.535941
-4.50303	 0.540428
-4.4997	 0.680888
-4.49637	 0.564153
-4.49303	 0.550066
-4.4897	 0.706062
-4.48637	 0.684586
-4.48303	 0.389608
-4.4797	 0.926837
-4.47637	 0.567075
-4.47304	 0.619111
-4.4697	 0.449479
-4.46637	 0.686039
-4.46304	 0.705
-4.4597	 0.714328
-4.45637	 0.655344
-4.45304	 0.579899
-4.4497	 0.693132
-4.44637	 0.620141
-4.44304	 0.640832
-4.4397	 0.553314
-4.43637	 0.613634
-4.43304	 0.559465
-4.4297	 0.577973
-4.42637	 0.514383
-4.42304	 0.714415
-4.41971	 0.538663
-4.41637	 0.666226
-4.41304	 0.573307
-4.40971	 0.600423
-4.40637	 0.589758
-4.40304	 0.488999
-4.39971	 0.710641
-4.39637	 0.683204
-4.39304	 0.788962
-4.38971	 0.628644
-4.38637	 0.529362
-4.38304	 0.653612
-4.37971	 0.620056
-4.37637	 0.610906
-4.37304	 0.575208
-4.36971	 0.530203
-4.36638	 0.506965
-4.36304	 0.685342
-4.35971	 0.737466
-4.35638	 0.559342
-4.35304	 0.660703
-4.34971	 0.510693
-4.34638	 0.46104
-4.34304	 0.636935
-4.33971	 0.725649
-4.33638	 0.551503
-4.33304	 0.500199
-4.32971	 0.705656
-4.32638	 0.643401
-4.32305	 0.675096
-4.31971	 0.691615
-4.31638	 0.555117
-4.31305	 0.639931
-4.30971	 0.71267
-4.30638	 0.480821
-4.30305	 0.72311
-4.29971	 0.658331
-4.29638	 0.654074
-4.29305	 0.700674
-4.28971	 0.534634
-4.28638	 0.541366
-4.28305	 0.661905
-4.27971	 0.487678
-4.27638	 0.658301
-4.27305	 0.577894
-4.26972	 0.626329
-4.26638	 0.54307
-4.26305	 0.70183
-4.25972	 0.65045
-4.25638	 0.619184
-4.25305	 0.747156
-4.24972	 0.577345
-4.24638	 0.468983
-4.24305	 0.764981
-4.23972	 0.821754
-4.23638	 0.554516
-4.23305	 0.700262
-4.22972	 0.549999
-4.22638	 0.592641
-4.22305	 0.777555
-4.21972	 0.728862
-4.21639	 0.527828
-4.21305	 0.584723
-4.20972	 0.548236
-4.20639	 0.574039
-4.20305	 0.675891
-4.19972	 0.623566
-4.19639	 0.605557
-4.19305	 0.588261
-4.18972	 0.487496
-4.18639	 0.624782
-4.18305	 0.754601
-4.17972	 0.724138
-4.17639	 0.558735
-4.17306	 0.693219
-4.16972	 0.555196
-4.16639	 0.556303
-4.16306	 0.502505
-4.15972	 0.514873
-4.15639	 0.615251
-4.15306	 0.621929
-4.14972	 0.694558
-4.14639	 0.619754
-4.14306	 0.550167
-4.13972	 0.600765
-4.13639	 0.735081
-4.13306	 0.648744
-4.12972	 0.701899
-4.12639	 0.759718
-4.12306	 0.676832
-4.11973	 0.610258
-4.11639	 0.658525
-4.11306	 0.519378
-4.10973	 0.514834
-4.10639	 0.583821
-4.10306	 0.562107
-4.09973	 0.545993
-4.09639	 0.708445
-4.09306	 0.585106
-4.08973	 0.469494
-4.08639	 0.581148
-4.08306	 0.454401
-4.07973	 0.586171
-4.07639	 0.507852
-4.07306	 0.683473
-4.06973	 0.612642
-4.0664	 0.699299
-4.06306	 0.769002
-4.05973	 0.671598
-4.0564	 0.565989
-4.05306	 0.79205
-4.04973	 0.657046
-4.0464	 0.624749
-4.04306	 0.591182
-4.03973	 0.575478
-4.0364	 0.787333
-4.03306	 0.486351
-4.02973	 0.499651
-4.0264	 0.548518
-4.02307	 0.592628
-4.01973	 0.561075
-4.0164	 0.666757
-4.01307	 0.605443
-4.00973	 0.785879
-4.0064	 0.61063
-4.00307	 0.812546
-3.99973	 0.627691
-3.9964	 0.597563
-3.99307	 0.772249
-3.98973	 0.565472
-3.9864	 0.685523
-3.98307	 0.691654
-3.97973	 0.521135
-3.9764	 0.495477
-3.97307	 0.720871
-3.96974	 0.628023
-3.9664	 0.430446
-3.96307	 0.754284
-3.95974	 0.5584
-3.9564	 0.609199
-3.95307	 0.555416
-3.94974	 0.760717
-3.9464	 0.567911
-3.94307	 0.571312
-3.93974	 0.717782
-3.9364	 0.557591
-3.93307	 0.620942
-3.92974	 0.60461
-3.9264	 0.782712
-3.92307	 0.714732
-3.91974	 0.618064
-3.91641	 0.926989
-3.91307	 0.720597
-3.90974	 0.536601
-3.90641	 0.683298
-3.90307	 0.777849
-3.89974	 0.575245
-3.89641	 0.560833
-3.89307	 0.673429
-3.88974	 0.666793
-3.88641	 0.684741
-3.88307	 0.778592
-3.87974	 0.691718
-3.87641	 0.747906
-3.87308	 0.613026
-3.86974	 0.792091
-3.86641	 0.682339
-3.86308	 0.599183
-3.85974	 0.735019
-3.85641	 0.752983
-3.85308	 0.565789
-3.84974	 0.626828
-3.84641	 0.746038
-3.84308	 0.614066
-3.83974	 0.561885
-3.83641	 0.799103
-3.83308	 0.647063
-3.82974	 0.702078
-3.82641	 0.783809
-3.82308	 0.593113
-3.81975	 0.72653
-3.81641	 0.655012
-3.81308	 0.727328
-3.80975	 0.617736
-3.80641	 0.517544
-3.80308	 0.485722
-3.79975	 0.509357
-3.79641	 0.57797
-3.79308	 0.901284
-3.78975	 0.810607
-3.78641	 0.605468
-3.78308	 0.707305
-3.77975	 0.718247
-3.77641	 0.986375
-3.77308	 0.642024
-3.76975	 0.674583
-3.76642	 0.714157
-3.76308	 0.635019
-3.75975	 0.84975
-3.75642	 0.668441
-3.75308	 0.5746
-3.74975	 0.652762
-3.74642	 0.581002
-3.74308	 0.708186
-3.73975	 0.712565
-3.73642	 0.796108
-3.73308	 0.613898
-3.72975	 0.696231
-3.72642	 0.753478
-3.72309	 0.82118
-3.71975	 0.613088
-3.71642	 0.711384
-3.71309	 0.589775
-3.70975	 0.663888
-3.70642	 0.739217
-3.70309	 0.738791
-3.69975	 0.618464
-3.69642	 0.725186
-3.69309	 0.578953
-3.68975	 0.615686
-3.68642	 0.49347
-3.68309	 0.760229
-3.67975	 0.612546
-3.67642	 0.606188
-3.67309	 0.624696
-3.66976	 0.529769
-3.66642	 0.707412
-3.66309	 0.686172
-3.65976	 0.638084
-3.65642	 0.689589
-3.65309	 0.710678
-3.64976	 0.695751
-3.64642	 0.793061
-3.64309	 0.500819
-3.63976	 0.682446
-3.63642	 0.710188
-3.63309	 0.669488
-3.62976	 0.70504
-3.62642	 0.678996
-3.62309	 0.660186
-3.61976	 0.648066
-3.61643	 0.715109
-3.61309	 0.743653
-3.60976	 0.679227
-3.60643	 0.699976
-3.60309	 0.699115
-3.59976	 0.793013
-3.59643	 0.597931
-3.59309	 0.549199
-3.58976	 0.76252
-3.58643	 0.604688
-3.58309	 0.650559
-3.57976	 0.582153
-3.57643	 0.714904
-3.5731	 0.776601
-3.56976	 0.660698
-3.56643	 0.806568
-3.5631	 0.636506
-3.55976	 0.68749
-3.55643	 0.741762
-3.5531	 0.689806
-3.54976	 0.605371
-3.54643	 0.64626
-3.5431	 0.52705
-3.53976	 0.729084
-3.53643	 0.918308
-3.5331	 0.738311
-3.52976	 0.684877
-3.52643	 0.434698
-3.5231	 0.607742
-3.51977	 0.704146
-3.51643	 0.732894
-3.5131	 0.644199
-3.50977	 0.933799
-3.50643	 0.664065
-3.5031	 0.901615
-3.49977	 0.636447
-3.49643	 0.71725
-3.4931	 0.611751
-3.48977	 0.636336
-3.48643	 0.909439
-3.4831	 0.737282
-3.47977	 0.618132
-3.47643	 0.685404
-3.4731	 0.673995
-3.46977	 0.746296
-3.46644	 0.608187
-3.4631	 0.685212
-3.45977	 0.718504
-3.45644	 0.622158
-3.4531	 0.852603
-3.44977	 0.799509
-3.44644	 0.727859
-3.4431	 0.754735
-3.43977	 0.665835
-3.43644	 0.775942
-3.4331	 0.685633
-3.42977	 0.786582
-3.42644	 0.715034
-3.42311	 0.558786
-3.41977	 0.570088
-3.41644	 0.646739
-3.41311	 0.669812
-3.40977	 0.764986
-3.40644	 0.72753
-3.40311	 0.577968
-3.39977	 0.607272
-3.39644	 0.761619
-3.39311	 0.721629
-3.38977	 0.619408
-3.38644	 0.690073
-3.38311	 0.74261
-3.37977	 0.834742
-3.37644	 0.664505
-3.37311	 0.702314
-3.36978	 0.541574
-3.36644	 0.660651
-3.36311	 0.77204
-3.35978	 0.794441
-3.35644	 0.560302
-3.35311	 0.738437
-3.34978	 0.683735
-3.34644	 0.489788
-3.34311	 0.551107
-3.33978	 0.796313
-3.33644	 0.928408
-3.33311	 0.884157
-3.32978	 0.45933
-3.32644	 0.655653
-3.32311	 0.699151
-3.31978	 0.72933
-3.31645	 0.586802
-3.31311	 0.910509
-3.30978	 0.76814
-3.30645	 0.518273
-3.30311	 0.805306
-3.29978	 0.778349
-3.29645	 0.599988
-3.29311	 0.751809
-3.28978	 0.82559
-3.28645	 0.723904
-3.28311	 0.646629
-3.27978	 0.819259
-3.27645	 0.777978
-3.27312	 0.793057
-3.26978	 0.751445
-3.26645	 0.558727
-3.26312	 0.78643
-3.25978	 0.62528
-3.25645	 0.851746
-3.25312	 0.920445
-3.24978	 0.922571
-3.24645	 0.751835
-3.24312	 0.884963
-3.23978	 0.721706
-3.23645	 0.74236
-3.23312	 0.547446
-3.22978	 0.870351
-3.22645	 0.785567
-3.22312	 0.749586
-3.21979	 0.747978
-3.21645	 0.823457
-3.21312	 0.783318
-3.20979	 0.642069
-3.20645	 0.766436
-3.20312	 0.838765
-3.19979	 0.516943
-3.19645	 0.771613
-3.19312	 0.72635
-3.18979	 0.537337
-3.18645	 0.760489
-3.18312	 0.743916
-3.17979	 0.722612
-3.17645	 0.969346
-3.17312	 0.815029
-3.16979	 0.801583
-3.16646	 0.767399
-3.16312	 0.775343
-3.15979	 0.664602
-3.15646	 0.870017
-3.15312	 0.698773
-3.14979	 0.884826
-3.14646	 0.837298
-3.14312	 0.741324
-3.13979	 0.822121
-3.13646	 0.376451
-3.13312	 0.725162
-3.12979	 0.72171
-3.12646	 0.701439
-3.12313	 0.615933
-3.11979	 0.582654
-3.11646	 0.713095
-3.11313	 0.908139
-3.10979	 0.892425
-3.10646	 0.78675
-3.10313	 0.66891
-3.09979	 0.938945
-3.09646	 0.792152
-3.09313	 0.947366
-3.08979	 0.781264
-3.08646	 0.788608
-3.08313	 0.861029
-3.07979	 0.693425
-3.07646	 0.734746
-3.07313	 0.694899
-3.0698	 0.565071
-3.06646	 0.785479
-3.06313	 0.910076
-3.0598	 0.601765
-3.05646	 0.634999
-3.05313	 0.722793
-3.0498	 0.783783
-3.04646	 0.69292
-3.04313	 0.836705
-3.0398	 0.665641
-3.03646	 0.636333
-3.03313	 0.735181
-3.0298	 0.657501
-3.02646	 0.759124
-3.02313	 0.815183
-3.0198	 0.820644
-3.01647	 0.930772
-3.01313	 0.666987
-3.0098	 0.784497
-3.00647	 0.922468
-3.00313	 0.770356
-2.9998	 0.788827
-2.99647	 0.6851
-2.99313	 0.708602
-2.9898	 0.801509
-2.98647	 0.940876
-2.98313	 0.823249
-2.9798	 0.731821
-2.97647	 0.694897
-2.97314	 0.931381
-2.9698	 0.806767
-2.96647	 0.831118
-2.96314	 0.738626
-2.9598	 0.634365
-2.95647	 0.924709
-2.95314	 0.871734
-2.9498	 0.935717
-2.94647	 0.782055
-2.94314	 0.796388
-2.9398	 0.959371
-2.93647	 0.77706
-2.93314	 0.799576
-2.9298	 0.752645
-2.92647	 0.774627
-2.92314	 0.824373
-2.91981	 1.0044
-2.91647	 0.769584
-2.91314	 0.874783
-2.90981	 0.565008
-2.90647	 0.681253
-2.90314	 0.66218
-2.89981	 0.930922
-2.89647	 0.867724
-2.89314	 0.686354
-2.88981	 0.821266
-2.88647	 0.812434
-2.88314	 0.832145
-2.87981	 0.884557
-2.87647	 0.594846
-2.87314	 0.82049
-2.86981	 0.624059
-2.86648	 0.717809
-2.86314	 0.672981
-2.85981	 0.792325
-2.85648	 0.671291
-2.85314	 0.797275
-2.84981	 0.639155
-2.84648	 0.640356
-2.84314	 0.828001
-2.83981	 0.584493
-2.83648	 0.685245
-2.83314	 0.788627
-2.82981	 0.835561
-2.82648	 0.907638
-2.82315	 0.910784
-2.81981	 0.804336
-2.81648	 0.876986
-2.81315	 0.858138
-2.80981	 0.683004
-2.80648	 0.656082
-2.80315	 0.778843
-2.79981	 0.905682
-2.79648	 0.795875
-2.79315	 0.731344
-2.78981	 0.661279
-2.78648	 0.916869
-2.78315	 0.79296
-2.77981	 0.897577
-2.77648	 0.85536
-2.77315	 0.778815
-2.76982	 0.677351
-2.76648	 0.90426
-2.76315	 0.704425
-2.75982	 0.879724
-2.75648	 0.850769
-2.75315	 0.744656
-2.74982	 0.736833
-2.74648	 0.795387
-2.74315	 0.78795
-2.73982	 0.918733
-2.73648	 0.607322
-2.73315	 0.647953
-2.72982	 0.768957
-2.72648	 0.775903
-2.72315	 0.799425
-2.71982	 0.757709
-2.71649	 0.707854
-2.71315	 0.612491
-2.70982	 0.875779
-2.70649	 0.794837
-2.70315	 0.66929
-2.69982	 0.681946
-2.69649	 0.584425
-2.69315	 0.769963
-2.68982	 0.907
-2.68649	 0.823009
-2.68315	 0.944203
-2.67982	 0.718632
-2.67649	 0.648727
-2.67316	 0.867945
-2.66982	 0.814553
-2.66649	 0.887776
-2.66316	 0.829834
-2.65982	 0.837543
-2.65649	 0.834586
-2.65316	 0.885554
-2.64982	 0.651523
-2.64649	 0.884502
-2.64316	 0.766867
-2.63982	 0.81784
-2.63649	 0.686603
-2.63316	 1.02026
-2.62982	 0.613583
-2.62649	 0.765839
-2.62316	 0.849406
-2.61983	 0.832325
-2.61649	 0.777984
-2.61316	 0.748998
-2.60983	 0.77484
-2.60649	 0.600163
-2.60316	 0.701068
-2.59983	 0.662343
-2.59649	 0.847378
-2.59316	 0.733498
-2.58983	 0.747519
-2.58649	 0.735266
-2.58316	 0.905617
-2.57983	 0.796935
-2.57649	 0.703702
-2.57316	 0.942312
-2.56983	 0.823312
-2.5665	 0.6343
-2.56316	 0.733053
-2.55983	 0.940101
-2.5565	 0.740122
-2.55316	 0.915768
-2.54983	 0.65127
-2.5465	 0.736552
-2.54316	 0.575932
-2.53983	 0.810416
-2.5365	 0.72855
-2.53316	 0.731608
-2.52983	 0.83161
-2.5265	 1.00439
-2.52317	 0.988437
-2.51983	 0.812768
-2.5165	 0.855293
-2.51317	 0.78238
-2.50983	 0.841401
-2.5065	 0.81552
-2.50317	 0.801831
-2.49983	 0.666808
-2.4965	 0.796667
-2.49317	 0.719798
-2.48983	 0.882276
-2.4865	 0.743203
-2.48317	 0.727837
-2.47983	 0.829576
-2.4765	 0.894673
-2.47317	 0.769377
-2.46984	 0.888867
-2.4665	 0.808927
-2.46317	 0.858373
-2.45984	 0.716678
-2.4565	 0.711111
-2.45317	 0.708105
-2.44984	 0.742074
-2.4465	 0.771012
-2.44317	 0.923613
-2.43984	 0.875176
-2.4365	 0.667721
-2.43317	 0.594789
-2.42984	 0.772312
-2.4265	 0.767844
-2.42317	 0.930005
-2.41984	 0.773412
-2.41651	 0.786308
-2.41317	 0.928609
-2.40984	 0.89485
-2.40651	 0.764866
-2.40317	 0.776138
-2.39984	 0.972064
-2.39651	 0.905749
-2.39317	 0.866291
-2.38984	 0.883138
-2.38651	 1.07956
-2.38317	 0.810583
-2.37984	 0.828525
-2.37651	 0.91365
-2.37318	 0.888363
-2.36984	 0.960011
-2.36651	 0.840585
-2.36318	 0.793168
-2.35984	 0.846754
-2.35651	 0.994094
-2.35318	 0.832787
-2.34984	 0.840705
-2.34651	 0.97364
-2.34318	 0.832984
-2.33984	 0.722985
-2.33651	 1.00731
-2.33318	 0.784851
-2.32984	 0.872154
-2.32651	 0.903556
-2.32318	 0.766421
-2.31985	 0.724619
-2.31651	 0.86021
-2.31318	 0.674736
-2.30985	 0.974928
-2.30651	 0.94992
-2.30318	 0.762083
-2.29985	 0.89638
-2.29651	 0.904077
-2.29318	 0.924762
-2.28985	 0.955437
-2.28651	 0.782104
-2.28318	 0.794531
-2.27985	 0.87878
-2.27651	 0.969419
-2.27318	 0.831875
-2.26985	 0.849072
-2.26652	 0.949132
-2.26318	 0.698616
-2.25985	 0.899575
-2.25652	 0.795097
-2.25318	 0.970994
-2.24985	 0.800811
-2.24652	 0.924767
-2.24318	 0.961359
-2.23985	 0.792308
-2.23652	 0.904601
-2.23318	 0.732198
-2.22985	 0.83973
-2.22652	 0.828787
-2.22319	 0.873001
-2.21985	 0.657398
-2.21652	 0.885037
-2.21319	 0.649428
-2.20985	 0.728255
-2.20652	 0.840532
-2.20319	 0.836213
-2.19985	 0.816797
-2.19652	 0.868056
-2.19319	 0.836758
-2.18985	 0.967954
-2.18652	 0.907072
-2.18319	 0.695425
-2.17985	 0.797991
-2.17652	 1.07526
-2.17319	 0.732112
-2.16986	 0.922783
-2.16652	 0.91128
-2.16319	 1.00241
-2.15986	 0.789877
-2.15652	 0.886495
-2.15319	 0.961806
-2.14986	 1.02835
-2.14652	 0.833946
-2.14319	 0.717187
-2.13986	 0.62923
-2.13652	 0.818065
-2.13319	 0.732285
-2.12986	 0.690024
-2.12652	 0.975743
-2.12319	 1.08971
-2.11986	 0.64602
-2.11653	 1.00018
-2.11319	 0.851219
-2.10986	 0.849138
-2.10653	 0.874571
-2.10319	 0.862016
-2.09986	 0.904345
-2.09653	 0.572209
-2.09319	 0.806263
-2.08986	 1.02513
-2.08653	 0.845709
-2.08319	 0.554714
-2.07986	 0.790859
-2.07653	 0.917294
-2.0732	 0.77284
-2.06986	 0.794056
-2.06653	 0.839958
-2.0632	 0.89074
-2.05986	 0.840039
-2.05653	 1.0345
-2.0532	 1.09843
-2.04986	 0.909303
-2.04653	 0.694446
-2.0432	 0.953361
-2.03986	 0.731292
-2.03653	 0.957014
-2.0332	 0.971204
-2.02986	 0.792923
-2.02653	 0.679561
-2.0232	 0.631062
-2.01987	 1.15328
-2.01653	 1.04274
-2.0132	 0.943236
-2.00987	 0.83436
-2.00653	 1.02462
-2.0032	 0.649566
-1.99987	 0.760499
-1.99653	 0.715835
-1.9932	 0.678906
-1.98987	 0.762905
-1.98653	 0.976403
-1.9832	 0.98434
-1.97987	 1.06165
-1.97653	 0.864565
-1.9732	 0.756947
-1.96987	 0.773775
-1.96654	 0.94397
-1.9632	 0.857249
-1.95987	 1.06126
-1.95654	 1.00627
-1.9532	 1.00846
-1.94987	 1.07315
-1.94654	 0.965757
-1.9432	 1.01478
-1.93987	 0.9358
-1.93654	 0.952989
-1.9332	 0.817457
-1.92987	 0.888758
-1.92654	 0.673354
-1.92321	 0.877228
-1.91987	 0.676083
-1.91654	 0.81293
-1.91321	 1.01558
-1.90987	 0.956275
-1.90654	 0.922493
-1.90321	 1.05006
-1.89987	 0.818204
-1.89654	 0.850802
-1.89321	 0.672607
-1.88987	 0.954705
-1.88654	 0.958879
-1.88321	 0.664653
-1.87987	 0.799335
-1.87654	 0.662555
-1.87321	 0.955434
-1.86988	 0.683178
-1.86654	 1.05694
-1.86321	 0.807815
-1.85988	 1.03895
-1.85654	 0.956508
-1.85321	 0.68629
-1.84988	 0.960835
-1.84654	 0.862856
-1.84321	 0.710019
-1.83988	 0.64009
-1.83654	 1.10267
-1.83321	 1.04041
-1.82988	 0.800701
-1.82654	 1.10348
-1.82321	 0.702709
-1.81988	 1.00696
-1.81655	 0.846062
-1.81321	 0.686305
-1.80988	 0.740053
-1.80655	 0.902935
-1.80321	 0.95021
-1.79988	 0.737607
-1.79655	 0.783649
-1.79321	 0.845372
-1.78988	 0.964932
-1.78655	 0.640428
-1.78321	 0.723313
-1.77988	 0.787034
-1.77655	 1.04925
-1.77322	 0.978493
-1.76988	 0.798348
-1.76655	 0.763613
-1.76322	 0.926005
-1.75988	 0.866851
-1.75655	 0.777603
-1.75322	 1.09811
-1.74988	 0.806678
-1.74655	 0.927049
-1.74322	 0.847144
-1.73988	 0.920312
-1.73655	 0.714855
-1.73322	 0.867395
-1.72988	 0.837618
-1.72655	 0.850107
-1.72322	 1.0087
-1.71989	 0.729676
-1.71655	 0.88987
-1.71322	 0.780509
-1.70989	 0.905025
-1.70655	 1.13863
-1.70322	 0.803496
-1.69989	 0.958155
-1.69655	 0.655228
-1.69322	 0.723786
-1.68989	 1.07612
-1.68655	 0.945262
-1.68322	 0.819661
-1.67989	 0.937877
-1.67655	 0.850233
-1.67322	 0.793701
-1.66989	 1.03419
-1.66656	 0.836798
-1.66322	 0.826643
-1.65989	 0.891516
-1.65656	 1.02911
-1.65322	 0.812228
-1.64989	 1.13125
-1.64656	 0.539939
-1.64322	 1.26014
-1.63989	 0.997689
-1.63656	 0.983839
-1.63322	 0.922365
-1.62989	 1.04576
-1.62656	 0.99347
-1.62323	 0.661373
-1.61989	 0.98498
-1.61656	 0.695843
-1.61323	 0.93492
-1.60989	 0.757552
-1.60656	 0.966726
-1.60323	 0.63583
-1.59989	 0.671259
-1.59656	 0.915969
-1.59323	 0.887147
-1.58989	 0.992234
-1.58656	 0.987213
-1.58323	 0.867161
-1.57989	 0.962628
-1.57656	 1.35217
-1.57323	 0.732154
-1.5699	 0.88626
-1.56656	 0.886334
-1.56323	 0.865746
-1.5599	 0.941795
-1.55656	 1.07288
-1.55323	 0.869518
-1.5499	 0.812654
-1.54656	 0.831889
-1.54323	 0.839091
-1.5399	 0.744836
-1.53656	 1.00756
-1.53323	 0.850259
-1.5299	 0.610958
-1.52656	 0.99456
-1.52323	 1.01834
-1.5199	 1.10123
-1.51657	 0.890706
-1.51323	 0.917164
-1.5099	 0.882009
-1.50657	 1.0284
-1.50323	 0.79572
-1.4999	 0.841054
-1.49657	 0.960979
-1.49323	 1.02704
-1.4899	 0.866557
-1.48657	 1.01116
-1.48323	 0.863195
-1.4799	 1.05482
-1.47657	 0.940407
-1.47324	 0.709874
-1.4699	 0.750158
-1.46657	 1.03768
-1.46324	 0.853784
-1.4599	 1.01564
-1.45657	 0.772337
-1.45324	 0.808382
-1.4499	 0.766894
-1.44657	 1.10227
-1.44324	 0.846576
-1.4399	 0.899659
-1.43657	 1.00714
-1.43324	 1.04806
-1.4299	 0.757842
-1.42657	 0.799547
-1.42324	 0.992018
-1.41991	 0.953393
-1.41657	 1.09701
-1.41324	 0.818251
-1.40991	 0.92039
-1.40657	 0.913296
-1.40324	 0.889731
-1.39991	 0.722852
-1.39657	 0.926598
-1.39324	 0.98376
-1.38991	 1.17631
-1.38657	 0.819898
-1.38324	 0.776493
-1.37991	 0.843015
-1.37657	 1.07988
-1.37324	 0.833416
-1.36991	 1.0843
-1.36658	 1.14445
-1.36324	 1.01381
-1.35991	 0.960465
-1.35658	 0.845124
-1.35324	 0.808303
-1.34991	 0.810586
-1.34658	 0.566241
-1.34324	 0.941901
-1.33991	 0.980049
-1.33658	 0.995799
-1.33324	 0.900484
-1.32991	 0.869147
-1.32658	 0.901627
-1.32325	 1.00184
-1.31991	 0.83054
-1.31658	 1.07203
-1.31325	 0.871478
-1.30991	 0.836003
-1.30658	 0.935396
-1.30325	 1.04832
-1.29991	 1.10528
-1.29658	 0.889823
-1.29325	 1.02982
-1.28991	 0.909207
-1.28658	 1.20165
-1.28325	 1.10711
-1.27991	 1.03866
-1.27658	 0.866192
-1.27325	 0.897455
-1.26992	 1.19813
-1.26658	 0.914888
-1.26325	 0.962924
-1.25992	 0.921784
-1.25658	 1.00477
-1.25325	 0.791201
-1.24992	 0.729217
-1.24658	 0.79702
-1.24325	 0.898169
-1.23992	 0.842678
-1.23658	 1.13252
-1.23325	 0.81241
-1.22992	 0.750466
-1.22658	 0.978172
-1.22325	 1.09898
-1.21992	 1.13143
-1.21659	 1.07195
-1.21325	 1.13629
-1.20992	 0.996044
-1.20659	 0.88873
-1.20325	 0.879689
-1.19992	 0.980291
-1.19659	 1.00454
-1.19325	 1.00836
-1.18992	 0.877091
-1.18659	 0.744864
-1.18325	 0.889449
-1.17992	 0.949017
-1.17659	 0.920476
-1.17326	 0.859432
-1.16992	 0.731319
-1.16659	 1.16158
-1.16326	 0.980618
-1.15992	 1.0529
-1.15659	 0.834882
-1.15326	 0.761045
-1.14992	 0.789211
-1.14659	 0.90928
-1.14326	 1.27834
-1.13992	 0.901192
-1.13659	 1.05713
-1.13326	 0.800528
-1.12992	 1.00334
-1.12659	 0.788243
-1.12326	 0.823226
-1.11993	 0.719162
-1.11659	 0.872708
-1.11326	 0.895505
-1.10993	 1.17444
-1.10659	 0.852953
-1.10326	 0.852134
-1.09993	 1.07641
-1.09659	 0.955886
-1.09326	 0.821094
-1.08993	 0.921264
-1.08659	 1.1003
-1.08326	 0.955116
-1.07993	 0.78287
-1.07659	 0.682944
-1.07326	 0.706204
-1.06993	 0.966741
-1.0666	 1.00413
-1.06326	 0.951971
-1.05993	 1.0195
-1.0566	 1.00634
-1.05326	 1.08174
-1.04993	 1.04387
-1.0466	 1.09651
-1.04326	 1.2092
-1.03993	 0.772824
-1.0366	 1.03576
-1.03326	 1.21178
-1.02993	 1.13843
-1.0266	 0.969238
-1.02327	 0.907618
-1.01993	 0.892662
-1.0166	 0.974411
-1.01327	 1.09011
-1.00993	 0.71969
-1.0066	 1.09599
-1.00327	 1.02852
-0.999933	 0.89685
-0.9966	 1.0108
-0.993267	 1.01084
-0.989934	 0.938569
-0.986601	 0.884986
-0.983268	 0.856431
-0.979935	 0.966335
-0.976602	 0.923917
-0.973268	 1.05631
-0.969935	 1.13375
-0.966602	 1.04659
-0.963269	 1.09741
-0.959936	 0.722077
-0.956603	 0.831621
-0.95327	 1.03844
-0.949937	 0.885019
-0.946604	 1.03946
-0.94327	 1.13802
-0.939937	 0.992536
-0.936604	 1.22241
-0.933271	 0.875844
-0.929938	 1.22989
-0.926605	 1.00561
-0.923272	 0.939038
-0.919939	 0.839314
-0.916606	 0.843788
-0.913272	 0.880546
-0.909939	 0.733883
-0.906606	 1.29417
-0.903273	 0.972516
-0.89994	 0.902413
-0.896607	 0.869769
-0.893274	 0.804979
-0.889941	 0.794856
-0.886608	 0.962499
-0.883274	 0.738508
-0.879941	 0.884702
-0.876608	 1.01603
-0.873275	 0.912003
-0.869942	 0.974155
-0.866609	 0.851511
-0.863276	 0.788004
-0.859943	 0.897222
-0.85661	 1.39511
-0.853276	 0.879376
-0.849943	 0.999386
-0.84661	 1.2012
-0.843277	 0.802246
-0.839944	 0.969693
-0.836611	 0.858397
-0.833278	 0.80974
-0.829945	 1.45503
-0.826612	 0.642445
-0.823278	 0.870917
-0.819945	 0.991597
-0.816612	 1.17995
-0.813279	 1.01029
-0.809946	 0.911711
-0.806613	 1.04535
-0.80328	 0.97505
-0.799947	 1.16824
-0.796614	 1.04072
-0.79328	 0.938469
-0.789947	 0.791741
-0.786614	 1.01493
-0.783281	 1.18793
-0.779948	 1.07927
-0.776615	 0.875241
-0.773282	 0.924604
-0.769949	 0.721919
-0.766616	 0.978583
-0.763282	 1.16455
-0.759949	 0.770861
-0.756616	 1.03936
-0.753283	 0.917323
-0.74995	 0.881561
-0.746617	 0.928675
-0.743284	 0.899237
-0.739951	 0.814507
-0.736618	 0.823143
-0.733284	 1.08564
-0.729951	 1.21988
-0.726618	 1.27558
-0.723285	 1.00231
-0.719952	 0.851384
-0.716619	 1.32013
-0.713286	 0.787655
-0.709953	 1.09777
-0.70662	 1.18734
-0.703286	 0.887601
-0.699953	 0.991287
-0.69662	 0.76867
-0.693287	 0.954564
-0.689954	 0.961596
-0.686621	 1.06036
-0.683288	 1.06025
-0.679955	 1.02002
-0.676622	 1.04433
-0.673288	 0.973268
-0.669955	 0.727462
-0.666622	 0.88631
-0.663289	 0.768617
-0.659956	 1.0482
-0.656623	 0.709468
-0.65329	 0.9254
-0.649957	 0.605004
-0.646624	 1.07917
-0.64329	 0.843221
-0.639957	 0.850825
-0.636624	 1.24412
-0.633291	 1.0202
-0.629958	 0.680239
-0.626625	 0.881586
-0.623292	 1.16465
-0.619959	 0.943785
-0.616626	 0.880473
-0.613292	 1.05041
-0.609959	 1.06379
-0.606626	 1.15023
-0.603293	 0.937567
-0.59996	 1.24843
-0.596627	 0.859608
-0.593294	 0.789651
-0.589961	 0.952796
-0.586628	 0.893489
-0.583294	 0.861238
-0.579961	 0.969205
-0.576628	 1.29504
-0.573295	 1.00993
-0.569962	 0.821659
-0.566629	 1.07607
-0.563296	 0.955682
-0.559963	 1.00063
-0.55663	 1.05548
-0.553296	 1.01299
-0.549963	 1.15522
-0.54663	 0.908614
-0.543297	 1.13594
-0.539964	 0.748891
-0.536631	 1.07758
-0.533298	 0.966201
-0.529965	 0.999673
-0.526632	 1.11404
-0.523298	 0.717901
-0.519965	 1.00665
-0.516632	 0.92251
-0.513299	 0.957772
-0.509966	 0.963035
-0.506633	 1.00367
-0.5033	 1.20355
-0.499967	 0.587462
-0.496634	 1.12001
-0.4933	 0.931198
-0.489967	 0.825379
-0.486634	 0.79949
-0.483301	 1.00307
-0.479968	 0.903388
-0.476635	 0.686339
-0.473302	 1.03313
-0.469969	 0.937976
-0.466636	 0.829149
-0.463302	 1.05974
-0.459969	 1.12605
-0.456636	 1.049
-0.453303	 1.02586
-0.44997	 1.05151
-0.446637	 0.917279
-0.443304	 0.687469
-0.439971	 1.0982
-0.436638	 0.998341
-0.433304	 0.7525
-0.429971	 0.837777
-0.426638	 0.951576
-0.423305	 0.954134
-0.419972	 1.09788
-0.416639	 0.96387
-0.413306	 1.18712
-0.409973	 0.693168
-0.40664	 0.933351
-0.403306	 0.913225
-0.399973	 1.02582
-0.39664	 0.849298
-0.393307	 0.828244
-0.389974	 1.14388
-0.386641	 0.74772
-0.383308	 1.05155
-0.379975	 0.93825
-0.376642	 0.964277
-0.373308	 0.618821
-0.369975	 0.877955
-0.366642	 0.691836
-0.363309	 0.865789
-0.359976	 0.952831
-0.356643	 0.862102
-0.35331	 1.06846
-0.349977	 0.880715
-0.346644	 0.811951
-0.34331	 1.12586
-0.339977	 1.07114
-0.336644	 0.746978
-0.333311	 0.983413
-0.329978	 0.899629
-0.326645	 1.03585
-0.323312	 0.787206
-0.319979	 0.858653
-0.316646	 1.13623
-0.313312	 1.0007
-0.309979	 0.874718
-0.306646	 1.17604
-0.303313	 0.973655
-0.29998	 0.940108
-0.296647	 0.867841
-0.293314	 0.822612
-0.289981	 0.989071
-0.286648	 1.04038
-0.283314	 0.809654
-0.279981	 0.945269
-0.276648	 0.837355
-0.273315	 1.17572
-0.269982	 0.976709
-0.266649	 1.05977
-0.263316	 0.819146
-0.259983	 0.97391
-0.25665	 1.16102
-0.253316	 0.974509
-0.249983	 1.06959
-0.24665	 1.11491
-0.243317	 1.09481
-0.239984	 1.10866
-0.236651	 1.16518
-0.233318	 0.969686
-0.229985	 0.923988
-0.226652	 0.919609
-0.223318	 0.998096
-0.219985	 0.607929
-0.216652	 0.950243
-0.213319	 0.916374
-0.209986	 1.28294
-0.206653	 1.00249
-0.20332	 0.702146
-0.199987	 1.02547
-0.196654	 1.01241
-0.19332	 1.24745
-0.189987	 1.19129
-0.186654	 1.0114
-0.183321	 0.696632
-0.179988	 0.795983
-0.176655	 1.02963
-0.173322	 1.16177
-0.169989	 0.886854
-0.166656	 1.04691
-0.163322	 1.09038
-0.159989	 1.08072
-0.156656	 1.17711
-0.153323	 1.0064
-0.14999	 0.841097
-0.146657	 0.951878
-0.143324	 0.819768
-0.139991	 0.93545
-0.136658	 1.00878
-0.133324	 1.03488
-0.129991	 0.906942
-0.126658	 0.941337
-0.123325	 0.710353
-0.119992	 0.960988
-0.116659	 1.08557
-0.113326	 0.820865
-0.109993	 1.23265
-0.10666	 1.12069
-0.103326	 0.910278
-0.0999933	 0.84917
-0.0966602	 0.918895
-0.0933271	 0.876054
-0.089994	 1.03213
-0.0866609	 1.12697
-0.0833278	 1.08949
-0.0799947	 1.34221
-0.0766616	 1.25605
-0.0733284	 0.96956
-0.0699953	 0.96622
-0.0666622	 1.15994
-0.0633291	 1.02994
-0.059996	 0.741179
-0.0566629	 1.03602
-0.0533298	 0.836072
-0.0499967	 1.24222
-0.0466636	 1.27177
-0.0433304	 0.797223
-0.0399973	 1.12553
-0.0366642	 0.879956
-0.0333311	 0.937185
-0.029998	 1.01296
-0.0266649	 0.931295
-0.0233318	 0.974815
-0.0199987	 0.912027
-0.0166656	 0.887272
-0.0133324	 0.954579
-0.00999933	 1.03841
-0.00666622	 1.13479
-0.00333311	 0.0102139
0	 1
0.00333311	 0.813058
0.00666622	 1.26282
0.00999933	 0.830152
0.0133324	 1.11335
0.0166656	 0.736557
0.0199987	 0.835683
0.0233318	 0.952575
0.0266649	 1.48414
0.029998	 1.00957
0.0333311	 0.956493
0.0366642	 1.13894
0.0399973	 1.31962
0.0433304	 1.06398
0.0466636	 0.890677
0.0499967	 1.55335
0.0533298	 0.917898
0.0566629	 0.821183
0.059996	 1.00329
0.0633291	 0.988521
0.0666622	 1.13633
0.0699953	 1.25722
0.0733284	 1.02986
0.0766616	 0.792994
0.0799947	 0.956036
0.0833278	 1.28122
0.0866609	 1.09928
0.089994	 0.842826
0.0933271	 0.985711
0.0966602	 0.967258
0.0999933	 0.948146
0.103326	 0.952641
0.10666	 0.906862
0.109993	 0.877294
0.113326	 0.697227
0.116659	 1.03001
0.119992	 0.96162
0.123325	 1.01054
0.126658	 0.830119
0.129991	 0.801346
0.133324	 0.842716
0.136658	 0.958829
0.139991	 0.786746
0.143324	 1.1758
0.146657	 0.953045
0.14999	 1.08271
0.153323	 0.831534
0.156656	 0.976806
0.159989	 0.996922
0.163322	 0.795303
0.166656	 0.778542
0.169989	 0.926835
0.173322	 1.09065
0.176655	 1.25735
0.179988	 0.933974
0.183321	 0.998082
0.186654	 0.886969
0.189987	 0.721293
0.19332	 0.820505
0.196654	 1.21471
0.199987	 0.816249
0.20332	 0.868033
0.206653	 1.05715
0.209986	 1.04677
0.213319	 1.10604
0.216652	 0.694888
0.219985	 1.29349
0.223318	 0.999377
0.226652	 0.772492
0.229985	 0.912123
0.233318	 1.00752
0.236651	 1.15034
0.239984	 1.23939
0.243317	 1.0826
0.24665	 0.944159
0.249983	 0.849888
0.253316	 1.03826
0.25665	 0.857247
0.259983	 1.14382
0.263316	 1.01745
0.266649	 0.774457
0.269982	 1.01383
0.273315	 1.00075
0.276648	 0.894155
0.279981	 0.924165
0.283314	 1.01375
0.286648	 0.929799
0.289981	 1.04206
0.293314	 0.94438
0.296647	 0.762079
0.29998	 0.881859
0.303313	 0.900346
0.306646	 0.982885
0.309979	 1.05608
0.313312	 0.765447
0.316646	 1.24309
0.319979	 0.83674
0.323312	 0.873979
0.326645	 0.860145
0.329978	 1.13651
0.333311	 1.01519
0.336644	 0.96172
0.339977	 0.780263
0.34331	 1.04675
0.346644	 1.06733
0.349977	 0.816513
0.35331	 0.815294
0.356643	 0.96996
0.359976	 0.94799
0.363309	 0.918257
0.366642	 1.04845
0.369975	 0.8115
0.373308	 0.814938
0.376642	 1.13778
0.379975	 1.12784
0.383308	 0.975587
0.386641	 0.983534
0.389974	 0.912176
0.393307	 1.21126
0.39664	 0.845296
0.399973	 0.890217
0.403306	 0.947418
0.40664	 1.02548
0.409973	 1.29603
0.413306	 0.896307
0.416639	 0.836011
0.419972	 1.20985
0.423305	 1.00824
0.426638	 1.05558
0.429971	 1.0993
0.433304	 0.764491
0.436638	 1.17924
0.439971	 0.898262
0.443304	 0.860378
0.446637	 0.818814
0.44997	 0.756226
0.453303	 0.931025
0.456636	 1.04524
0.459969	 0.942069
0.463302	 0.621209
0.466636	 1.04388
0.469969	 0.777704
0.473302	 1.02101
0.476635	 0.893797
0.479968	 0.850431
0.483301	 1.17645
0.486634	 1.04968
0.489967	 0.87019
0.4933	 1.02669
0.496634	 1.01193
0.499967	 0.969193
0.5033	 1.03248
0.506633	 0.980228
0.509966	 0.971422
0.513299	 0.839877
0.516632	 0.927203
0.519965	 1.09635
0.523298	 0.887062
0.526632	 0.818127
0.529965	 0.967614
0.533298	 0.814948
0.536631	 1.00128
0.539964	 0.931038
0.543297	 1.06344
0.54663	 0.787083
0.549963	 0.788456
0.553296	 1.06779
0.55663	 0.810708
0.559963	 0.693852
0.563296	 1.16404
0.566629	 1.11776
0.569962	 1.12555
0.573295	 0.929588
0.576628	 0.77824
0.579961	 0.706003
0.583294	 1.00131
0.586628	 1.15536
0.589961	 1.19666
0.593294	 0.819629
0.596627	 1.13658
0.59996	 0.989701
0.603293	 1.00281
0.606626	 0.94075
0.609959	 0.960253
0.613292	 1.06051
0.616626	 0.769265
0.619959	 0.780097
0.623292	 0.949838
0.626625	 1.09803
0.629958	 1.19113
0.633291	 0.989776
0.636624	 1.27997
0.639957	 1.04419
0.64329	 0.974633
0.646624	 0.709674
0.649957	 0.7514
0.65329	 1.08509
0.656623	 1.00512
0.659956	 0.886397
0.663289	 0.933718
0.666622	 0.813437
0.669955	 1.22913
0.673288	 0.974588
0.676622	 0.77192
0.679955	 0.846312
0.683288	 1.05494
0.686621	 1.04908
0.689954	 0.967905
0.693287	 0.997884
0.69662	 0.747851
0.699953	 0.843363
0.703286	 0.968524
0.70662	 1.15503
0.709953	 1.22157
0.713286	 0.683225
0.716619	 1.02045
0.719952	 1.4314
0.723285	 0.82515
0.726618	 0.827028
0.729951	 1.01487
0.733284	 1.04934
0.736618	 1.2412
0.739951	 0.937355
0.743284	 0.954624
0.746617	 0.751369
0.74995	 1.13931
0.753283	 0.612114
0.756616	 1.21243
0.759949	 0.844335
0.763282	 0.868974
0.766616	 0.852347
0.769949	 1.14295
0.773282	 1.05813
0.776615	 1.00022
0.779948	 0.91222
0.783281	 1.12924
0.786614	 0.822595
0.789947	 0.919024
0.79328	 0.980758
0.796614	 0.989329
0.799947	 0.950959
0.80328	 0.815494
0.806613	 0.858411
0.809946	 1.00895
0.813279	 0.961488
0.816612	 0.997251
0.819945	 0.995226
0.823278	 1.19164
0.826612	 1.20716
0.829945	 1.02236
0.833278	 0.701679
0.836611	 0.776855
0.839944	 0.651171
0.843277	 0.824635
0.84661	 1.04731
0.849943	 1.02321
0.853276	 0.994946
0.85661	 1.0178
0.859943	 0.757085
0.863276	 1.05969
0.866609	 0.863245
0.869942	 0.86214
0.873275	 0.677715
0.876608	 1.07111
0.879941	 0.780151
0.883274	 0.80633
0.886608	 0.798959
0.889941	 0.895461
0.893274	 0.81513
0.896607	 0.913099
0.89994	 0.846656
0.903273	 1.0409
0.906606	 1.17027
0.909939	 1.32265
0.913272	 0.926477
0.916606	 1.12453
0.919939	 0.818435
0.923272	 0.620959
0.926605	 0.881392
0.929938	 0.880109
0.933271	 1.21596
0.936604	 0.926871
0.939937	 1.07866
0.94327	 0.88511
0.946604	 1.00555
0.949937	 1.05891
0.95327	 0.789905
0.956603	 1.28428
0.959936	 1.04539
0.963269	 1.01948
0.966602	 1.12763
0.969935	 1.17295
0.973268	 1.16114
0.976602	 1.08867
0.979935	 1.1415
0.983268	 0.641329
0.986601	 0.942481
0.989934	 0.866265
0.993267	 0.870835
0.9966	 0.931827
0.999933	 0.863716
1.00327	 0.802203
1.0066	 1.0557
1.00993	 1.22118
1.01327	 1.02566
1.0166	 0.815642
1.01993	 1.02831
1.02327	 0.941475
1.0266	 1.07731
1.02993	 0.855396
1.03326	 0.906247
1.0366	 0.730926
1.03993	 0.912273
1.04326	 1.0534
1.0466	 0.891998
1.04993	 0.873297
1.05326	 0.811937
1.0566	 1.1118
1.05993	 0.94498
1.06326	 0.967847
1.0666	 1.19174
1.06993	 1.04217
1.07326	 0.866317
1.07659	 0.98092
1.07993	 0.953588
1.08326	 0.867619
1.08659	 1.08962
1.08993	 0.695286
1.09326	 0.875533
1.09659	 0.882855
1.09993	 1.06735
1.10326	 0.554078
1.10659	 0.881345
1.10993	 0.970275
1.11326	 0.80258
1.11659	 1.0404
1.11993	 1.00887
1.12326	 0.861817
1.12659	 0.803851
1.12992	 0.893014
1.13326	 1.218
1.13659	 0.920129
1.13992	 1.07319
1.14326	 0.818554
1.14659	 0.886621
1.14992	 0.964547
1.15326	 0.931897
1.15659	 0.954975
1.15992	 1.08179
1.16326	 0.972518
1.16659	 1.04168
1.16992	 0.978947
1.17326	 1.03657
1.17659	 1.04877
1.17992	 0.782664
1.18325	 0.795678
1.18659	 0.85093
1.18992	 1.00306
1.19325	 0.889932
1.19659	 1.00064
1.19992	 0.979775
1.20325	 1.14222
1.20659	 0.628601
1.20992	 0.958625
1.21325	 0.782035
1.21659	 0.620261
1.21992	 0.809745
1.22325	 0.983479
1.22658	 1.04507
1.22992	 1.10659
1.23325	 0.848237
1.23658	 1.10329
1.23992	 0.921185
1.24325	 1.13479
1.24658	 1.07687
1.24992	 0.886544
1.25325	 0.711464
1.25658	 0.995859
1.25992	 0.673601
1.26325	 0.870929
1.26658	 1.15593
1.26992	 0.927926
1.27325	 0.943056
1.27658	 0.905198
1.27991	 0.941864
1.28325	 0.955286
1.28658	 0.944657
1.28991	 0.74345
1.29325	 0.907185
1.29658	 0.795418
1.29991	 1.04658
1.30325	 0.724601
1.30658	 0.890584
1.30991	 0.85871
1.31325	 0.916841
1.31658	 0.737478
1.31991	 1.08607
1.32325	 1.00628
1.32658	 0.912028
1.32991	 0.867313
1.33324	 0.973366
1.33658	 0.967825
1.33991	 0.872364
1.34324	 0.883058
1.34658	 0.602624
1.34991	 1.03831
1.35324	 0.991045
1.35658	 0.786392
1.35991	 0.664661
1.36324	 1.23737
1.36658	 0.909556
1.36991	 1.12144
1.37324	 0.980813
1.37657	 1.11434
1.37991	 0.705321
1.38324	 0.720805
1.38657	 0.870047
1.38991	 0.927737
1.39324	 0.678866
1.39657	 1.07081
1.39991	 1.02023
1.40324	 1.07616
1.40657	 1.10158
1.40991	 1.01301
1.41324	 0.833798
1.41657	 0.954111
1.41991	 0.932809
1.42324	 0.866413
1.42657	 0.995826
1.4299	 0.801136
1.43324	 0.835566
1.43657	 1.10186
1.4399	 0.854345
1.44324	 0.876833
1.44657	 1.18032
1.4499	 0.767822
1.45324	 0.79832
1.45657	 0.87222
1.4599	 0.836013
1.46324	 0.872118
1.46657	 0.973541
1.4699	 0.888523
1.47324	 0.965346
1.47657	 0.91631
1.4799	 0.726407
1.48323	 0.715568
1.48657	 0.953917
1.4899	 1.3039
1.49323	 0.953634
1.49657	 0.774159
1.4999	 0.688262
1.50323	 1.12542
1.50657	 0.872159
1.5099	 0.70022
1.51323	 0.908608
1.51657	 0.967138
1.5199	 1.02613
1.52323	 0.861431
1.52656	 0.849425
1.5299	 1.19124
1.53323	 0.756288
1.53656	 0.790951
1.5399	 0.722543
1.54323	 0.676395
1.54656	 0.883883
1.5499	 0.688031
1.55323	 0.844615
1.55656	 0.775605
1.5599	 1.14046
1.56323	 0.830397
1.56656	 0.759566
1.5699	 1.06409
1.57323	 0.840568
1.57656	 1.10143
1.57989	 1.09039
1.58323	 0.818428
1.58656	 0.812856
1.58989	 0.845738
1.59323	 0.943546
1.59656	 0.955548
1.59989	 0.965897
1.60323	 0.70362
1.60656	 1.03675
1.60989	 1.03945
1.61323	 0.891283
1.61656	 0.920828
1.61989	 1.07071
1.62323	 0.678625
1.62656	 0.731632
1.62989	 0.841473
1.63322	 0.87789
1.63656	 0.993139
1.63989	 0.627603
1.64322	 0.976918
1.64656	 0.886429
1.64989	 1.10271
1.65322	 0.526441
1.65656	 0.902756
1.65989	 0.662986
1.66322	 0.896875
1.66656	 0.768206
1.66989	 1.01399
1.67322	 0.685977
1.67655	 0.997049
1.67989	 0.932865
1.68322	 1.03013
1.68655	 0.853049
1.68989	 0.846349
1.69322	 0.908296
1.69655	 0.912897
1.69989	 0.667785
1.70322	 1.09215
1.70655	 0.91671
1.70989	 0.860717
1.71322	 0.867402
1.71655	 0.950189
1.71989	 0.798213
1.72322	 0.771325
1.72655	 0.826052
1.72988	 1.05479
1.73322	 1.03501
1.73655	 0.972512
1.73988	 1.16586
1.74322	 1.1297
1.74655	 0.876758
1.74988	 0.836932
1.75322	 0.739774
1.75655	 1.19523
1.75988	 0.806034
1.76322	 0.693336
1.76655	 0.846115
1.76988	 0.927113
1.77322	 0.823864
1.77655	 0.766797
1.77988	 0.764427
1.78321	 0.852825
1.78655	 0.727093
1.78988	 0.939095
1.79321	 0.834474
1.79655	 0.904747
1.79988	 0.992998
1.80321	 0.699933
1.80655	 0.91675
1.80988	 0.783888
1.81321	 0.898316
1.81655	 0.779052
1.81988	 0.671953
1.82321	 0.827374
1.82654	 0.789047
1.82988	 0.557271
1.83321	 0.923753
1.83654	 0.751209
1.83988	 0.753113
1.84321	 1.03341
1.84654	 0.886909
1.84988	 0.734374
1.85321	 0.728832
1.85654	 0.74023
1.85988	 0.797813
1.86321	 0.915221
1.86654	 1.05076
1.86988	 0.89212
1.87321	 0.764393
1.87654	 0.76256
1.87987	 0.543361
1.88321	 0.810944
1.88654	 0.776603
1.88987	 0.936143
1.89321	 0.914456
1.89654	 0.940586
1.89987	 1.02694
1.90321	 0.860375
1.90654	 0.900307
1.90987	 0.663414
1.91321	 0.897878
1.91654	 0.711107
1.91987	 0.782673
1.92321	 0.905466
1.92654	 0.892347
1.92987	 0.88169
1.9332	 0.838602
1.93654	 0.80687
1.93987	 0.837499
1.9432	 0.86477
1.94654	 0.891716
1.94987	 0.931967
1.9532	 1.0973
1.95654	 0.812099
1.95987	 0.801513
1.9632	 0.818769
1.96654	 0.895098
1.96987	 1.18548
1.9732	 0.822709
1.97653	 0.601198
1.97987	 0.700962
1.9832	 0.800316
1.98653	 0.760458
1.98987	 0.970436
1.9932	 0.924121
1.99653	 0.982333
1.99987	 0.763658
2.0032	 1.25807
2.00653	 1.04624
2.00987	 0.883273
2.0132	 0.986442
2.01653	 0.839263
2.01987	 0.696375
2.0232	 0.806294
2.02653	 1.01986
2.02986	 0.967025
2.0332	 0.757263
2.03653	 1.09021
2.03986	 0.845442
2.0432	 0.710794
2.04653	 1.03767
2.04986	 0.885811
2.0532	 0.794339
2.05653	 0.776973
2.05986	 0.961696
2.0632	 1.05114
2.06653	 0.946836
2.06986	 0.848179
2.0732	 0.824856
2.07653	 0.890902
2.07986	 1.14269
2.08319	 0.658585
2.08653	 0.837621
2.08986	 0.903554
2.09319	 0.91139
2.09653	 1.19787
2.09986	 0.831253
2.10319	 0.640174
2.10653	 0.862376
2.10986	 0.991752
2.11319	 0.695807
2.11653	 0.770059
2.11986	 0.900414
2.12319	 0.684242
2.12652	 0.840088
2.12986	 0.998918
2.13319	 1.02713
2.13652	 1.06019
2.13986	 0.88947
2.14319	 0.763992
2.14652	 0.772415
2.14986	 0.753312
2.15319	 0.995071
2.15652	 0.916219
2.15986	 0.773513
2.16319	 0.850012
2.16652	 1.01395
2.16986	 0.626902
2.17319	 0.982076
2.17652	 0.95403
2.17985	 1.00133
2.18319	 0.907777
2.18652	 0.757513
2.18985	 1.05243
2.19319	 0.7163
2.19652	 0.816723
2.19985	 0.823107
2.20319	 0.861782
2.20652	 0.92023
2.20985	 0.814453
2.21319	 0.847598
2.21652	 0.82006
2.21985	 0.914681
2.22319	 0.93794
2.22652	 0.757776
2.22985	 0.860505
2.23318	 0.840625
2.23652	 0.912489
2.23985	 0.711301
2.24318	 0.854898
2.24652	 1.01914
2.24985	 0.913483
2.25318	 0.905174
2.25652	 0.676876
2.25985	 0.997784
2.26318	 0.845443
2.26652	 0.70764
2.26985	 0.873031
2.27318	 0.835755
2.27651	 0.961204
2.27985	 0.737316
2.28318	 0.597809
2.28651	 0.756731
2.28985	 0.860041
2.29318	 0.586176
2.29651	 0.690421
2.29985	 0.851392
2.30318	 0.776482
2.30651	 0.833988
2.30985	 0.434431
2.31318	 0.726889
2.31651	 0.815629
2.31985	 0.787908
2.32318	 0.870044
2.32651	 0.900785
2.32984	 0.821051
2.33318	 0.787727
2.33651	 1.0647
2.33984	 0.806955
2.34318	 0.992576
2.34651	 0.752566
2.34984	 0.747636
2.35318	 0.720597
2.35651	 0.739312
2.35984	 0.749439
2.36318	 0.805904
2.36651	 0.806864
2.36984	 0.950516
2.37318	 0.879448
2.37651	 0.663771
2.37984	 0.821573
2.38317	 0.897969
2.38651	 0.64234
2.38984	 0.997649
2.39317	 0.729133
2.39651	 0.969185
2.39984	 0.690277
2.40317	 0.87591
2.40651	 0.866672
2.40984	 1.00891
2.41317	 0.794294
2.41651	 0.969673
2.41984	 0.84738
2.42317	 0.922948
2.4265	 0.747983
2.42984	 0.948919
2.43317	 0.774897
2.4365	 1.03821
2.43984	 1.07144
2.44317	 0.969831
2.4465	 1.06989
2.44984	 1.08172
2.45317	 0.657949
2.4565	 0.723042
2.45984	 0.816779
2.46317	 0.616237
2.4665	 0.70154
2.46984	 0.836544
2.47317	 0.687052
2.4765	 0.507058
2.47983	 0.827746
2.48317	 0.678307
2.4865	 0.559313
2.48983	 0.656204
2.49317	 1.04122
2.4965	 0.841365
2.49983	 0.761551
2.50317	 0.813063
2.5065	 0.793837
2.50983	 0.756033
2.51317	 0.750865
2.5165	 0.835624
2.51983	 0.712445
2.52317	 0.831056
2.5265	 0.848026
2.52983	 0.893557
2.53316	 0.845404
2.5365	 0.787023
2.53983	 0.733759
2.54316	 0.890243
2.5465	 0.810919
2.54983	 0.944303
2.55316	 0.726835
2.5565	 0.977505
2.55983	 0.757471
2.56316	 0.820676
2.5665	 1.05622
2.56983	 0.861953
2.57316	 0.888367
2.57649	 1.04839
2.57983	 0.776999
2.58316	 0.846624
2.58649	 0.863923
2.58983	 0.821314
2.59316	 0.920714
2.59649	 0.878628
2.59983	 0.817979
2.60316	 0.805052
2.60649	 0.809363
2.60983	 0.981395
2.61316	 0.876966
2.61649	 0.897396
2.61983	 0.84552
2.62316	 0.93406
2.62649	 0.718238
2.62982	 0.874717
2.63316	 0.723635
2.63649	 0.679081
2.63982	 0.771948
2.64316	 0.712963
2.64649	 0.778621
2.64982	 0.713429
2.65316	 0.758608
2.65649	 0.77861
2.65982	 0.787712
2.66316	 0.878255
2.66649	 0.773839
2.66982	 0.822544
2.67316	 0.750669
2.67649	 0.8992
2.67982	 0.896071
2.68315	 0.808962
2.68649	 0.730646
2.68982	 0.727608
2.69315	 0.851447
2.69649	 0.734108
2.69982	 0.793683
2.70315	 0.767548
2.70649	 0.823458
2.70982	 0.789156
2.71315	 0.953983
2.71649	 0.766841
2.71982	 0.708621
2.72315	 1.03095
2.72648	 0.810666
2.72982	 0.890602
2.73315	 0.932768
2.73648	 0.691877
2.73982	 0.704626
2.74315	 0.814462
2.74648	 0.890168
2.74982	 0.601733
2.75315	 0.847926
2.75648	 0.816255
2.75982	 0.739016
2.76315	 0.733096
2.76648	 0.757029
2.76982	 0.832348
2.77315	 0.683079
2.77648	 0.648489
2.77981	 0.741885
2.78315	 1.08325
2.78648	 0.694444
2.78981	 0.691372
2.79315	 0.63423
2.79648	 0.905389
2.79981	 0.824816
2.80315	 0.795501
2.80648	 0.765709
2.80981	 0.856463
2.81315	 0.709743
2.81648	 1.00846
2.81981	 0.678757
2.82315	 1.10338
2.82648	 0.758631
2.82981	 0.735827
2.83314	 0.723484
2.83648	 0.687321
2.83981	 0.936334
2.84314	 0.565375
2.84648	 0.785819
2.84981	 0.79883
2.85314	 0.742153
2.85648	 0.837437
2.85981	 0.918766
2.86314	 0.592397
2.86648	 0.874018
2.86981	 0.67857
2.87314	 0.760902
2.87647	 0.723623
2.87981	 0.774361
2.88314	 0.914539
2.88647	 0.799756
2.88981	 0.812993
2.89314	 0.784201
2.89647	 0.705092
2.89981	 0.722634
2.90314	 0.77848
2.90647	 0.525537
2.90981	 0.699832
2.91314	 0.722881
2.91647	 0.735086
2.91981	 0.782665
2.92314	 0.6303
2.92647	 0.7597
2.9298	 0.886522
2.93314	 0.687135
2.93647	 0.679338
2.9398	 0.83913
2.94314	 0.760783
2.94647	 0.949958
2.9498	 0.896449
2.95314	 0.934868
2.95647	 0.597932
2.9598	 0.736601
2.96314	 0.738621
2.96647	 0.830316
2.9698	 0.704927
2.97314	 0.837372
2.97647	 0.72556
2.9798	 0.61744
2.98313	 0.716287
2.98647	 0.901998
2.9898	 0.68038
2.99313	 0.709415
2.99647	 0.780502
2.9998	 0.8923
3.00313	 0.813201
3.00647	 0.73337
3.0098	 0.877192
3.01313	 0.776797
3.01647	 0.689179
3.0198	 0.645125
3.02313	 0.727244
3.02646	 0.758477
3.0298	 0.579623
3.03313	 0.82426
3.03646	 0.804879
3.0398	 0.7628
3.04313	 0.766151
3.04646	 0.777811
3.0498	 0.809832
3.05313	 0.759703
3.05646	 0.650903
3.0598	 0.952302
3.06313	 0.835836
3.06646	 0.923284
3.0698	 0.717004
3.07313	 0.939452
3.07646	 0.726196
3.07979	 0.830589
3.08313	 0.690373
3.08646	 0.740051
3.08979	 0.70639
3.09313	 0.772066
3.09646	 0.581897
3.09979	 0.74523
3.10313	 0.747363
3.10646	 0.739428
3.10979	 0.935552
3.11313	 0.578
3.11646	 0.641665
3.11979	 0.71499
3.12313	 0.585416
3.12646	 0.677895
3.12979	 0.52706
3.13312	 0.681605
3.13646	 0.74907
3.13979	 0.729236
3.14312	 0.726746
3.14646	 0.55746
3.14979	 0.767473
3.15312	 0.760701
3.15646	 0.811864
3.15979	 0.794395
3.16312	 0.85298
3.16646	 0.837331
3.16979	 0.642215
3.17312	 0.687517
3.17645	 0.625245
3.17979	 0.738259
3.18312	 0.598291
3.18645	 0.783587
3.18979	 0.738317
3.19312	 0.503039
3.19645	 0.723512
3.19979	 0.825446
3.20312	 0.59528
3.20645	 0.760674
3.20979	 0.614871
3.21312	 0.876794
3.21645	 0.657953
3.21979	 0.641718
3.22312	 0.516467
3.22645	 0.929794
3.22978	 0.764496
3.23312	 0.704215
3.23645	 0.819163
3.23978	 0.764868
3.24312	 0.75375
3.24645	 0.573901
3.24978	 0.673108
3.25312	 0.726546
3.25645	 0.56445
3.25978	 0.763619
3.26312	 0.647035
3.26645	 0.584677
3.26978	 0.711009
3.27312	 0.704426
3.27645	 0.910985
3.27978	 0.649919
3.28311	 0.708189
3.28645	 0.596525
3.28978	 0.619487
3.29311	 0.687624
3.29645	 0.758029
3.29978	 0.681688
3.30311	 0.648109
3.30645	 0.734851
3.30978	 0.688463
3.31311	 0.731926
3.31645	 0.884054
3.31978	 0.572954
3.32311	 0.649758
3.32644	 0.660997
3.32978	 0.622393
3.33311	 0.626282
3.33644	 0.856461
3.33978	 0.854762
3.34311	 0.638932
3.34644	 0.839818
3.34978	 0.792632
3.35311	 0.701724
3.35644	 0.672689
3.35978	 0.650071
3.36311	 0.872809
3.36644	 0.713247
3.36978	 0.683521
3.37311	 0.701901
3.37644	 0.518956
3.37977	 0.656028
3.38311	 0.894701
3.38644	 0.713399
3.38977	 0.690087
3.39311	 0.554624
3.39644	 0.853845
3.39977	 0.867344
3.40311	 0.725567
3.40644	 0.662481
3.40977	 0.823277
3.41311	 0.585465
3.41644	 0.80862
3.41977	 0.712901
3.42311	 0.714303
3.42644	 0.627116
3.42977	 0.895265
3.4331	 0.737454
3.43644	 0.797167
3.43977	 0.514164
3.4431	 0.777735
3.44644	 0.724588
3.44977	 0.701367
3.4531	 0.656446
3.45644	 0.811835
3.45977	 0.588402
3.4631	 0.577521
3.46644	 0.620406
3.46977	 0.851121
3.4731	 0.45163
3.47643	 0.684607
3.47977	 0.696583
3.4831	 0.752514
3.48643	 0.602075
3.48977	 0.723907
3.4931	 0.622585
3.49643	 0.592847
3.49977	 0.860447
3.5031	 0.768281
3.50643	 0.715198
3.50977	 0.767688
3.5131	 0.766264
3.51643	 0.680994
3.51977	 0.601226
3.5231	 0.858247
3.52643	 0.69636
3.52976	 0.80756
3.5331	 0.909421
3.53643	 0.672807
3.53976	 0.832909
3.5431	 0.769126
3.54643	 0.603799
3.54976	 0.601012
3.5531	 0.487656
3.55643	 0.525729
3.55976	 0.613974
3.5631	 0.54954
3.56643	 0.655412
3.56976	 0.610056
3.5731	 0.640482
3.57643	 0.687996
3.57976	 0.623301
3.58309	 0.698508
3.58643	 0.617412
3.58976	 0.87612
3.59309	 0.527329
3.59643	 0.631612
3.59976	 0.770874
3.60309	 0.55952
3.60643	 0.668183
3.60976	 0.628404
3.61309	 0.791103
3.61643	 0.907301
3.61976	 0.387161
3.62309	 0.763199
3.62642	 0.795242
3.62976	 0.598239
3.63309	 0.543387
3.63642	 0.738999
3.63976	 0.756844
3.64309	 0.526908
3.64642	 0.69055
3.64976	 0.529394
3.65309	 0.647777
3.65642	 0.721099
3.65976	 0.772598
3.66309	 0.543163
3.66642	 0.60346
3.66976	 0.653343
3.67309	 0.818455
3.67642	 0.657694
3.67975	 0.599061
3.68309	 0.895302
3.68642	 0.775823
3.68975	 0.747291
3.69309	 0.700766
3.69642	 0.663511
3.69975	 0.715939
3.70309	 0.836867
3.70642	 0.588745
3.70975	 0.633998
3.71309	 0.632571
3.71642	 0.646508
3.71975	 0.582233
3.72309	 0.55024
3.72642	 0.701079
3.72975	 0.658181
3.73308	 0.910738
3.73642	 0.56758
3.73975	 0.728548
3.74308	 0.739813
3.74642	 0.664491
3.74975	 0.581152
3.75308	 0.618717
3.75642	 0.727646
3.75975	 0.481831
3.76308	 0.747801
3.76642	 0.664672
3.76975	 0.648461
3.77308	 0.616871
3.77641	 0.67775
3.77975	 0.592037
3.78308	 0.663738
3.78641	 0.629889
3.78975	 0.88496
3.79308	 0.717182
3.79641	 0.557838
3.79975	 0.612118
3.80308	 0.771428
3.80641	 0.76574
3.80975	 0.686219
3.81308	 0.497177
3.81641	 0.484307
3.81975	 0.599242
3.82308	 0.603148
3.82641	 0.50155
3.82974	 0.750054
3.83308	 0.724075
3.83641	 0.545029
3.83974	 0.696349
3.84308	 0.663691
3.84641	 0.665461
3.84974	 0.658027
3.85308	 0.784363
3.85641	 0.850863
3.85974	 0.814703
3.86308	 0.62958
3.86641	 0.749509
3.86974	 0.55221
3.87308	 0.691343
3.87641	 0.657628
3.87974	 0.587157
3.88307	 0.726186
3.88641	 0.633428
3.88974	 0.583543
3.89307	 0.476409
3.89641	 0.819175
3.89974	 0.681687
3.90307	 0.840085
3.90641	 0.687491
3.90974	 0.503783
3.91307	 0.621185
3.91641	 0.760445
3.91974	 0.771359
3.92307	 0.799003
3.9264	 0.676825
3.92974	 0.730147
3.93307	 0.545449
3.9364	 0.629487
3.93974	 0.874193
3.94307	 0.455362
3.9464	 0.825192
3.94974	 0.523091
3.95307	 0.721779
3.9564	 0.741668
3.95974	 0.664401
3.96307	 0.668876
3.9664	 0.74432
3.96974	 0.69535
3.97307	 0.609018
3.9764	 0.552376
3.97973	 0.719784
3.98307	 0.790009
3.9864	 0.660401
3.98973	 0.508826
3.99307	 0.718839
3.9964	 0.628695
3.99973	 0.591781
4.00307	 0.510736
4.0064	 0.609273
4.00973	 0.652201
4.01307	 0.619153
4.0164	 0.600914
4.01973	 0.755869
4.02307	 0.899657
4.0264	 0.557513
4.02973	 0.78597
4.03306	 0.570682
4.0364	 0.707077
4.03973	 0.740546
4.04306	 0.85224
4.0464	 0.886202
4.04973	 0.806861
4.05306	 0.646206
4.0564	 0.631857
4.05973	 0.767832
4.06306	 0.574834
4.0664	 0.536007
4.06973	 0.787411
4.07306	 0.569168
4.07639	 0.577555
4.07973	 0.46183
4.08306	 0.53298
4.08639	 0.498735
4.08973	 0.625898
4.09306	 0.615496
4.09639	 0.68407
4.09973	 0.817204
4.10306	 0.568447
4.10639	 0.622072
4.10973	 0.534147
4.11306	 0.712849
4.11639	 0.643785
4.11973	 0.642304
4.12306	 0.80177
4.12639	 0.579137
4.12972	 0.75173
4.13306	 0.485824
4.13639	 0.598495
4.13972	 0.471043
4.14306	 0.679329
4.14639	 0.736529
4.14972	 0.589296
4.15306	 0.77891
4.15639	 0.550566
4.15972	 0.587065
4.16306	 0.695256
4.16639	 0.527704
4.16972	 0.626413
4.17306	 0.744314
4.17639	 0.474843
4.17972	 0.761305
4.18305	 0.73783
4.18639	 0.407359
4.18972	 0.728522
4.19305	 0.654002
4.19639	 0.652108
4.19972	 0.589095
4.20305	 0.570045
4.20639	 0.759101
4.20972	 0.569286
4.21305	 0.540228
4.21639	 0.547453
4.21972	 0.750971
4.22305	 0.69914
4.22638	 0.672391
4.22972	 0.587113
4.23305	 0.642275
4.23638	 0.725243
4.23972	 0.422761
4.24305	 0.664921
4.24638	 0.710065
4.24972	 0.787347
4.25305	 0.565009
4.25638	 0.466887
4.25972	 0.502654
4.26305	 0.752468
4.26638	 0.820609
4.26972	 0.564737
4.27305	 0.617046
4.27638	 0.723197
4.27971	 0.877428
4.28305	 0.561481
4.28638	 0.671165
4.28971	 0.581418
4.29305	 0.64527
4.29638	 0.631769
4.29971	 0.652985
4.30305	 0.595744
4.30638	 0.510121
4.30971	 0.686076
4.31305	 0.693006
4.31638	 0.639126
4.31971	 0.839294
4.32305	 0.661871
4.32638	 0.664953
4.32971	 0.615024
4.33304	 0.681208
4.33638	 0.577925
4.33971	 0.618422
4.34304	 0.633882
4.34638	 0.622005
4.34971	 0.556772
4.35304	 0.657014
4.35638	 0.684092
4.35971	 0.630635
4.36304	 0.689467
4.36638	 0.614833
4.36971	 0.547214
4.37304	 0.532454
4.37637	 0.687854
4.37971	 0.57052
4.38304	 0.528949
4.38637	 0.62903
4.38971	 0.85922
4.39304	 0.470374
4.39637	 0.768608
4.39971	 0.649904
4.40304	 0.514406
4.40637	 0.622557
4.40971	 0.684497
4.41304	 0.828446
4.41637	 0.704783
4.41971	 0.546795
4.42304	 0.62375
4.42637	 0.674286
4.4297	 0.658519
4.43304	 0.806678
4.43637	 0.681498
4.4397	 0.491075
4.44304	 0.539521
4.44637	 0.67782
4.4497	 0.626548
4.45304	 0.627083
4.45637	 0.550629
4.4597	 0.517498
4.46304	 0.635752
4.46637	 0.710808
4.4697	 0.477397
4.47304	 0.642156
4.47637	 0.778301
4.4797	 0.55757
4.48303	 0.611042
4.48637	 0.502398
4.4897	 0.676048
4.49303	 0.519131
4.49637	 0.805228
4.4997	 0.575513
4.50303	 0.70263
4.50637	 0.642155
4.5097	 0.652969
4.51303	 0.542589
4.51637	 0.792132
4.5197	 0.48512
4.52303	 0.607329
4.52636	 0.677751
4.5297	 0.719329
4.53303	 0.555769
4.53636	 0.616531
4.5397	 0.783759
4.54303	 0.671456
4.54636	 0.457346
4.5497	 0.694676
4.55303	 0.527724
4.55636	 0.750828
4.5597	 0.673008
4.56303	 0.598395
4.56636	 0.726614
4.5697	 0.62412
4.57303	 0.470841
4.57636	 0.639069
4.57969	 0.571522
4.58303	 0.562603
4.58636	 0.501051
4.58969	 0.515718
4.59303	 0.511805
4.59636	 0.597955
4.59969	 0.582128
4.60303	 0.535368
4.60636	 0.445878
4.60969	 0.603563
4.61303	 0.717101
4.61636	 0.623975
4.61969	 0.565127
4.62303	 0.618193
4.62636	 0.588238
4.62969	 0.599804
4.63302	 0.595797
4.63636	 0.578206
4.63969	 0.763598
4.64302	 0.576278
4.64636	 0.740191
4.64969	 0.748169
4.65302	 0.529075
4.65636	 0.480333
4.65969	 0.646444
4.66302	 0.543811
4.66636	 0.531812
4.66969	 0.495687
4.67302	 0.74138
4.67635	 0.825087
4.67969	 0.45153
4.68302	 0.4504
4.68635	 0.490678
4.68969	 0.564327
4.69302	 0.625234
4.69635	 0.653117
4.69969	 0.721279
4.70302	 0.537237
4.70635	 0.440419
4.70969	 0.488145
4.71302	 0.742605
4.71635	 0.528487
4.71969	 0.533276
4.72302	 0.716462
4.72635	 0.565105
4.72968	 0.633152
4.73302	 0.505078
4.73635	 0.641789
4.73968	 0.581785
4.74302	 0.513458
4.74635	 0.637494
4.74968	 0.61333
4.75302	 0.653742
4.75635	 0.536798
4.75968	 0.660037
4.76302	 0.552767
4.76635	 0.752708
4.76968	 0.610615
4.77302	 0.618766
4.77635	 0.682872
4.77968	 0.545255
4.78301	 0.601475
4.78635	 0.631913
4.78968	 0.548203
4.79301	 0.665856
4.79635	 0.521183
4.79968	 0.582354
4.80301	 0.581988
4.80635	 0.519456
4.80968	 0.625842
4.81301	 0.605828
4.81635	 0.416845
4.81968	 0.759006
4.82301	 0.473139
4.82634	 0.585955
4.82968	 0.485184
4.83301	 0.467106
4.83634	 0.544859
4.83968	 0.662104
4.84301	 0.614913
4.84634	 0.541907
4.84968	 0.539903
4.85301	 0.577914
4.85634	 0.677995
4.85968	 0.442374
4.86301	 0.495967
4.86634	 0.637858
4.86968	 0.50592
4.87301	 0.691162
4.87634	 0.582114
4.87967	 0.615711
4.88301	 0.576756
4.88634	 0.552529
4.88967	 0.65271
4.89301	 0.534093
4.89634	 0.622015
4.89967	 0.552763
4.90301	 0.638994
4.90634	 0.565501
4.90967	 0.533281
4.91301	 0.567276
4.91634	 0.478137
4.91967	 0.63889
4.92301	 0.608195
4.92634	 0.484309
4.92967	 0.657862
4.933	 0.70088
4.93634	 0.611931
4.93967	 0.602089
4.943	 0.519122
4.94634	 0.575801
4.94967	 0.68478
4.953	 0.667036
4.95634	 0.475863
4.95967	 0.619132
4.963	 0.586591
4.96634	 0.61529
4.96967	 0.481048
4.973	 0.568639
4.97633	 0.670898
4.97967	 0.545138
4.983	 0.407194
4.98633	 0.616866
4.98967	 0.52635
4.993	 0.610314
4.99633	 0.579407
