#Time [1ns] 	 Re(Es) 	 Im(Es) 	 |Es|^2 	 rho 	 w
0	2342.33002	2087.00768	-12221.7969	-43527.6915	0.555172853	3.58481176e+13
1e-11	2723.03324	2730.26407	-12614.2655	-41573.1054	0.554906798	3.60877832e+13
2e-11	2091.00454	3472.55808	-10896.3914	-40978.4254	0.555439135	3.63052181e+13
3e-11	1976.63018	2041.9908	-9965.35434	-42093.2907	0.555707895	3.65035621e+13
4e-11	2289.37435	2847.36805	-9975.61415	-40224.5211	0.556510139	3.66842839e+13
5e-11	1533.30231	2064.71463	-7956.08684	-42003.9115	0.557182712	3.68502155e+13
6e-11	-178.301886	269.806498	-8388.6942	-43121.428	0.557554094	3.70019184e+13
7e-11	-461.719342	1089.93661	-8023.26742	-42236.6359	0.557680849	3.71400059e+13
8e-11	-1741.06389	957.10116	-9516.52798	-43369.2244	0.557922499	3.72657071e+13
9e-11	-1421.6255	222.340666	-10312.0571	-43589.1517	0.557380712	3.73793763e+13
1e-10	-114.498211	-982.804266	-10219.2313	-43116.9589	0.557489511	3.74816711e+13
1.1e-10	235.231596	2106.81474	-9207.1274	-43984.9105	0.557260627	3.75745177e+13
1.2e-10	-1368.59569	1770.13066	-9896.67811	-43595.6083	0.556994346	3.76578096e+13
1.3e-10	-1380.02135	1521.77173	-10755.1413	-45493.9472	0.556586533	3.77326591e+13
1.4e-10	-2659.79951	1654.54749	-12020.383	-44601.2258	0.555955413	3.77989979e+13
1.5e-10	-2580.64859	842.841685	-11711.9843	-45756.2584	0.55519374	3.7857506e+13
1.6e-10	-2474.11736	1373.18139	-12632.1912	-45013.143	0.55473801	3.7908814e+13
1.7e-10	-2078.47676	-164.231922	-12460.1447	-45061.0136	0.554614553	3.79546331e+13
1.8e-10	-1698.72939	1232.8159	-11732.0943	-44690.1812	0.554409246	3.79957796e+13
1.9e-10	-967.573855	679.725369	-12210.9775	-44041.6656	0.554359597	3.80327516e+13
2e-10	930.256078	1234.84218	-9995.19	-45404.2492	0.554355817	3.80663144e+13
2.1e-10	-952.120726	2734.44582	-8711.08034	-45913.5146	0.554204144	3.80964625e+13
2.2e-10	-1957.2363	1588.1548	-6701.96934	-44675.7561	0.554581478	3.81238537e+13
2.3e-10	-874.787844	627.22706	-8532.97384	-45384.9881	0.555018362	3.81499739e+13
2.4e-10	-1706.34111	-686.58373	-8973.79912	-45616.5339	0.554954008	3.8174047e+13
2.5e-10	-2191.22824	-1385.56706	-10349.0723	-45823.3966	0.554560933	3.81953485e+13
2.6e-10	-2177.4168	-238.734066	-11465.1485	-47141.6035	0.554007155	3.82134933e+13
2.7e-10	-1934.21497	-667.774547	-12365.2664	-46383.0124	0.553273424	3.82282044e+13
2.8e-10	-725.198666	420.658493	-13770.7456	-43837.0207	0.55328948	3.82403902e+13
2.9e-10	-1881.1724	1571.54869	-14173.9647	-42465.5357	0.554087045	3.82524515e+13
3e-10	-580.901856	1093.9165	-13951.883	-40489.9509	0.555364508	3.82659893e+13
3.1e-10	133.929814	923.540167	-13796.326	-39991.4062	0.556617372	3.8281655e+13
3.2e-10	-436.70916	272.470409	-15056.0133	-40870.8321	0.557771271	3.82991388e+13
3.3e-10	-1420.86597	639.691244	-15627.43	-42289.451	0.557998965	3.83168789e+13
3.4e-10	-2214.3713	-978.737895	-15923.5697	-41853.8642	0.55788668	3.83328812e+13
3.5e-10	-1595.08474	-1834.35792	-16519.0175	-43376.5364	0.55755782	3.8346957e+13
3.6e-10	-2028.42013	-437.983509	-18639.2523	-43557.1817	0.556571746	3.83580955e+13
3.7e-10	-1787.80972	634.130121	-16839.538	-42404.9963	0.555987266	3.83659467e+13
3.8e-10	-950.26073	-404.233577	-15603.8046	-39830.9028	0.556525334	3.83727919e+13
3.9e-10	-652.912691	-163.83629	-16349.8845	-40846.9394	0.557377904	3.83811535e+13
4e-10	-496.995397	806.05218	-14565.7351	-43525.049	0.557529798	3.83901884e+13
4.1e-10	415.100182	1360.6737	-14734.6315	-42441.8333	0.557127474	3.83976724e+13
4.2e-10	-2159.87894	2290.18459	-14625.1158	-42233.5738	0.557073398	3.84040183e+13
4.3e-10	-1471.57788	93.2492338	-13919.1981	-44029.479	0.557014017	3.84096847e+13
4.4e-10	-1523.13875	-494.232789	-13811.3268	-45090.0058	0.556682849	3.84144231e+13
4.5e-10	-499.304042	-729.283359	-11755.0684	-45045.0638	0.555909141	3.84170651e+13
4.6e-10	-913.604003	154.520944	-12813.2043	-44274.9458	0.555648529	3.84181745e+13
4.7e-10	-1231.98271	-574.674279	-11364.5631	-42995.8561	0.555931222	3.84189651e+13
4.8e-10	-1572.69433	-821.433583	-12688.3451	-42018.6897	0.556616083	3.84210876e+13
4.9e-10	-584.958565	-766.907262	-12362.5191	-43600.2314	0.557026464	3.84245354e+13
5e-10	1704.43242	1089.69909	-11910.5976	-44059.2482	0.557102863	3.84282349e+13
5.1e-10	584.856295	992.329231	-11327.5906	-43738.9298	0.55708663	3.84316222e+13
5.2e-10	728.275646	-1107.61373	-11231.1385	-44961.6452	0.55696406	3.8434635e+13
5.3e-10	1028.67221	-1456.34981	-10679.7104	-43935.1551	0.556667773	3.8436702e+13
5.4e-10	-383.121047	-890.244288	-10618.0388	-43473.2615	0.556988405	3.84385377e+13
5.5e-10	-1288.26106	-2276.2568	-11000.854	-43077.535	0.557261113	3.84410589e+13
5.6e-10	-1227.45374	-2314.55208	-9741.04923	-41295.9276	0.557730073	3.84441426e+13
5.7e-10	-1401.18186	-2480.8897	-8951.52238	-43839.7074	0.558291984	3.84486085e+13
5.8e-10	-1058.77645	-2257.68585	-9727.02963	-43233.5168	0.558505762	3.84533511e+13
5.9e-10	-1176.86345	-3631.73882	-10232.3726	-44465.4725	0.558391429	3.84581473e+13
6e-10	-1415.54174	-3425.79321	-10059.8387	-44053.6837	0.557915953	3.84614803e+13
6.1e-10	-1238.89668	-3174.11466	-10638.2347	-45995.8248	0.557448051	3.84635656e+13
6.2e-10	171.181201	-3187.97422	-11393.4531	-46617.8137	0.556345634	3.84632798e+13
6.3e-10	-807.762048	-2567.41562	-11522.0073	-43842.8084	0.555941544	3.84607587e+13
6.4e-10	-1746.19362	-2994.04067	-11603.2456	-42592.2695	0.556642985	3.84589303e+13
6.5e-10	-1678.33672	-2002.78006	-11983.489	-42606.6643	0.557015556	3.8458815e+13
6.6e-10	-379.953925	-682.498702	-11198.2391	-42404.1824	0.557491807	3.84596889e+13
6.7e-10	-351.984951	-1489.50847	-9271.62494	-41142.1572	0.558385703	3.84622778e+13
6.8e-10	-163.868458	-509.464423	-7760.89378	-41638.5146	0.5594864	3.84672187e+13
6.9e-10	-1483.77899	-943.805183	-8935.20757	-42572.7018	0.560080208	3.8474082e+13
7e-10	-1118.56995	-626.577471	-7903.5841	-44661.0921	0.559832549	3.84807384e+13
7.1e-10	-608.746003	-1953.4022	-6567.59791	-44400.2289	0.559326591	3.8485665e+13
7.2e-10	104.30471	-2228.96637	-6448.8515	-45959.6158	0.558995965	3.84892148e+13
7.3e-10	1567.47973	-2731.90957	-6375.66194	-46511.8621	0.558041165	3.84907354e+13
7.4e-10	1217.2058	-3011.59728	-6631.61708	-46290.4366	0.557014946	3.84895199e+13
7.5e-10	2266.58815	-2595.65421	-7494.60565	-46290.8455	0.556170335	3.84859377e+13
7.6e-10	2113.71639	-976.450004	-8248.34304	-45187.9962	0.55593317	3.84811696e+13
7.7e-10	1705.31706	990.616163	-7902.20698	-45656.8656	0.555721017	3.84765397e+13
7.8e-10	1430.13603	51.3206748	-8918.00191	-45856.8763	0.555452803	3.8471736e+13
7.9e-10	1927.55131	-839.590609	-8709.20421	-45356.5509	0.555344096	3.84667396e+13
8e-10	562.413916	-1733.09515	-11991.9672	-44532.3004	0.555423105	3.84621186e+13
8.1e-10	-105.24331	-2948.4217	-11793.278	-44410.1216	0.555472189	3.84581086e+13
8.2e-10	-1238.43071	-1805.94551	-13518.4516	-42900.5332	0.555956464	3.84549928e+13
8.3e-10	-546.518439	528.685443	-11372.0249	-43264.9995	0.556508579	3.84536591e+13
8.4e-10	-3113.80679	79.5365939	-13481.9671	-43287.6823	0.556848975	3.84537039e+13
8.5e-10	-2929.94742	-786.268882	-12204.6074	-43132.8029	0.556741981	3.84540065e+13
8.6e-10	-2301.8542	-1011.94867	-13527.9765	-43003.9841	0.5567702	3.84541476e+13
8.7e-10	-3204.56313	-1873.79921	-11772.601	-45068.8661	0.556691489	3.8454386e+13
8.8e-10	-3294.65818	-1137.7584	-12174.5013	-44890.5638	0.556434082	3.84539892e+13
8.9e-10	-1847.34268	-140.351385	-11121.9926	-44721.5723	0.556157408	3.8452995e+13
9e-10	-1857.75512	39.7372937	-9233.44259	-42401.313	0.556673424	3.84520334e+13
9.1e-10	-875.35894	1216.47941	-9120.24736	-43690.1487	0.557215959	3.84529523e+13
9.2e-10	-1908.7873	2417.44097	-10354.8463	-43398.5097	0.557482428	3.84547125e+13
9.3e-10	-2348.09873	397.524341	-10624.9882	-45935.4498	0.557006138	3.84563032e+13
9.4e-10	-153.87357	-641.274213	-9580.96919	-44492.9111	0.55663045	3.84562454e+13
9.5e-10	-264.235237	-612.887628	-10290.9162	-44478.0784	0.556648075	3.84558868e+13
9.6e-10	1002.79858	801.708946	-11067.0537	-44257.7035	0.556345975	3.84552606e+13
9.7e-10	324.349211	35.6512618	-11652.2675	-44836.7463	0.556403613	3.8454355e+13
9.8e-10	156.125945	1083.50387	-12355.2821	-44836.0326	0.556078423	3.84530916e+13
9.9e-10	-569.952863	1043.19053	-12221.8389	-45800.1435	0.555539619	3.8451071e+13
1e-09	-1534.45744	2456.163	-11701.1242	-45731.5844	0.555296031	3.8448046e+13
1.01e-09	-1142.61826	2335.81071	-9844.15869	-45810.4303	0.554986703	3.84445056e+13
1.02e-09	209.692913	2456.69138	-8749.53196	-45551.0214	0.554819581	3.84407714e+13
1.03e-09	1178.72706	2515.20077	-9538.58165	-45855.0512	0.554889055	3.84372373e+13
1.04e-09	2321.8495	827.37009	-11408.7049	-45938.9422	0.554364624	3.84336207e+13
1.05e-09	1647.40803	112.022378	-12855.7805	-46040.6692	0.55398788	3.84291455e+13
1.06e-09	1265.65983	1887.87893	-12837.3699	-48359.6924	0.553274562	3.84237577e+13
1.07e-09	258.979175	1195.06358	-12941.0371	-46449.8118	0.552638735	3.84168165e+13
1.08e-09	-863.379409	132.216641	-12722.1819	-44878.3069	0.552682715	3.84097324e+13
1.09e-09	-1310.24885	1673.71206	-12537.3926	-45125.2738	0.552993589	3.84038815e+13
1.1e-09	-3138.17211	2601.71091	-14121.7145	-43426.3824	0.553423408	3.83994242e+13
1.11e-09	-1633.2443	2546.53563	-15400.4683	-43325.3214	0.553949686	3.83967989e+13
1.12e-09	-1017.88473	3113.14836	-14242.7676	-41560.5729	0.554686663	3.83957937e+13
1.13e-09	-1554.28549	2125.12684	-14033.4516	-39697.8884	0.556216132	3.83977114e+13
1.14e-09	-1744.59173	2048.2872	-15033.6425	-39326.5882	0.55757323	3.84033928e+13
1.15e-09	-3490.55157	1026.23999	-15547.4928	-42587.2592	0.557952526	3.84111618e+13
1.16e-09	-2266.0812	1545.11735	-15914.7328	-43556.838	0.557473623	3.84179151e+13
1.17e-09	-955.303951	-291.493671	-15363.7554	-42903.8357	0.557178193	3.84228815e+13
1.18e-09	-492.958781	-842.631169	-15469.3821	-40717.7935	0.557114249	3.84267841e+13
1.19e-09	-835.706424	-1092.43371	-13928.1217	-41386.0197	0.557877666	3.84314449e+13
1.2e-09	-2828.34113	-2411.5855	-14886.9605	-42660.48	0.55794656	3.84368124e+13
1.21e-09	-3039.60683	-376.557906	-15185.9202	-41724.7845	0.557694419	3.84412574e+13
1.22e-09	-3336.92238	-1730.6496	-13636.5524	-43387.4514	0.557347993	3.84447893e+13
1.23e-09	-1714.37759	-1694.64315	-13125.4164	-43765.6202	0.557192782	3.84471813e+13
1.24e-09	-2275.17392	-799.56681	-12541.2851	-42164.454	0.557191902	3.84489907e+13
1.25e-09	-2046.92354	-207.086962	-13997.1594	-42888.2863	0.557670696	3.84512953e+13
1.26e-09	-2061.71756	1777.48329	-14390.2742	-45382.7744	0.557101502	3.84536609e+13
1.27e-09	-2250.59643	1476.78904	-16784.1622	-45471.3351	0.555881358	3.84532944e+13
1.28e-09	-1109.15799	-433.190539	-15488.5819	-45204.1704	0.55515315	3.84503542e+13
1.29e-09	-1048.80798	124.786875	-16990.4624	-43877.6395	0.554764609	3.84461508e+13
1.3e-09	-33.4802074	295.828837	-16011.5709	-42324.2594	0.555015799	3.84419757e+13
1.31e-09	-118.496455	441.701642	-17297.3559	-44091.6542	0.555072218	3.84389861e+13
1.32e-09	-50.8885073	-279.580219	-16210.3386	-45177.3367	0.554587984	3.84356472e+13
1.33e-09	-218.828421	1343.07904	-14774.1133	-44021.1644	0.554069731	3.8431099e+13
1.34e-09	-314.582829	1847.58716	-14466.5051	-44014.0065	0.554208359	3.84266235e+13
1.35e-09	-699.932758	766.615833	-14549.3195	-43499.0188	0.554416879	3.84229767e+13
1.36e-09	-856.965661	-275.601853	-14434.2193	-42022.2889	0.555089868	3.84206886e+13
1.37e-09	301.420511	-2089.98349	-12226.5435	-43572.7784	0.555564355	3.84204089e+13
1.38e-09	-1123.47801	-1776.58278	-12319.9272	-41988.2942	0.556013208	3.84210537e+13
1.39e-09	-1008.06374	-1762.05908	-13378.8083	-41579.8617	0.5569812	3.84235255e+13
1.4e-09	-1828.83538	403.83638	-13240.0234	-42125.0319	0.557493937	3.84278308e+13
1.41e-09	-1010.76083	-1202.97144	-13878.4135	-42854.0867	0.557570931	3.84325097e+13
1.42e-09	-2065.46686	-1803.60662	-11316.4675	-45924.8674	0.556822226	3.84361035e+13
1.43e-09	-1443.10624	-473.352949	-11543.5554	-46286.0504	0.556274761	3.84374324e+13
1.44e-09	-3008.75126	-2121.61071	-10709.0648	-44557.9921	0.555745024	3.84370094e+13
1.45e-09	-1257.85467	-3757.094	-10789.5209	-46583.8822	0.555579228	3.84361376e+13
1.46e-09	-749.728692	-1738.03688	-11246.2244	-42968.8405	0.555572683	3.84345974e+13
1.47e-09	-779.278949	-813.696744	-11117.3116	-40995.4538	0.556556133	3.84346026e+13
1.48e-09	-1083.87949	-836.606471	-9800.48342	-42022.1215	0.557525771	3.84373355e+13
1.49e-09	396.579248	2180.61359	-8671.15898	-42082.2272	0.558501228	3.8442143e+13
1.5e-09	846.086512	2049.24396	-9185.58682	-44368.0792	0.558576964	3.84481429e+13
1.51e-09	1428.56352	2612.12544	-8992.71131	-44875.9925	0.55800697	3.84529109e+13
1.52e-09	1262.67179	1726.73756	-8551.03823	-44816.5889	0.557788424	3.84560468e+13
1.53e-09	-247.898891	657.147727	-7257.72854	-44062.844	0.557504101	3.84582021e+13
1.54e-09	-910.410157	1232.80927	-8616.86901	-43654.8268	0.557849966	3.84601842e+13
1.55e-09	-2410.91951	2237.54387	-8471.07481	-45234.7957	0.557502823	3.84622845e+13
1.56e-09	-398.080263	1686.82354	-8354.52175	-44991.5762	0.557227411	3.84632101e+13
1.57e-09	-1254.25711	1735.74843	-9548.2408	-45462.8323	0.556827769	3.84633077e+13
1.58e-09	245.522742	816.556216	-9242.79261	-44403.7808	0.556589989	3.84622939e+13
1.59e-09	-427.268915	924.22087	-9153.42395	-44656.9031	0.556503816	3.84611536e+13
1.6e-09	-1579.86631	-317.113395	-7396.0612	-43850.4503	0.556453374	3.84598298e+13
1.61e-09	-481.726378	-1407.24108	-6641.37379	-44907.8662	0.556687887	3.84590916e+13
1.62e-09	343.480825	-2893.88577	-6955.70851	-43464.773	0.556943597	3.84587804e+13
1.63e-09	724.53843	-1688.73534	-8844.65855	-43976.6478	0.557514082	3.84597018e+13
1.64e-09	216.434913	-1149.1185	-10183.1845	-44676.013	0.557186377	3.84609609e+13
1.65e-09	-324.901293	-3159.16814	-11943.6374	-45104.1383	0.556678299	3.84610025e+13
1.66e-09	-332.06231	-1732.04991	-12639.3397	-44274.1762	0.55648546	3.84600597e+13
1.67e-09	604.115491	-1326.68331	-12433.7107	-45144.1772	0.556231468	3.84586822e+13
1.68e-09	1843.59468	-3915.89533	-11200.7094	-46526.5172	0.555449927	3.84561785e+13
1.69e-09	1669.69558	-3790.9234	-11353.477	-45165.0911	0.554777385	3.84518152e+13
1.7e-09	-586.711719	-3182.25201	-9374.88042	-47208.5611	0.554351406	3.84467135e+13
1.71e-09	107.669577	-2551.30993	-10625.4631	-45278.4398	0.554136916	3.84409049e+13
1.72e-09	662.634838	-1841.74457	-10752.4106	-42652.3505	0.554778661	3.84360074e+13
1.73e-09	826.313876	-1579.00075	-10330.7877	-42729.2926	0.555645327	3.84337911e+13
1.74e-09	1800.61268	-429.452356	-10497.2884	-45260.3686	0.555887854	3.84335589e+13
1.75e-09	4143.71733	1769.22075	-10981.7383	-44656.5524	0.555707417	3.84332067e+13
1.76e-09	3649.38509	2785.65136	-11622.7009	-44675.7902	0.555739752	3.84326233e+13
1.77e-09	3550.39334	1079.62827	-10758.9755	-42959.6322	0.555965221	3.84322373e+13
1.78e-09	2645.0956	1946.20272	-11637.9825	-42028.1231	0.556668558	3.84332371e+13
1.79e-09	2496.10946	2084.96249	-13100.1932	-44715.1084	0.557106808	3.84358682e+13
1.8e-09	1233.85269	2931.70237	-10335.7903	-46166.514	0.556468916	3.8437858e+13
1.81e-09	1228.88339	3546.93288	-11124.7152	-47337.9362	0.555482674	3.84376579e+13
1.82e-09	1667.30249	1353.51375	-10770.7643	-47261.4134	0.554468964	3.84347608e+13
1.83e-09	-802.663505	665.203856	-10168.9172	-46387.0686	0.553993346	3.84301504e+13
1.84e-09	-1330.44589	-529.557986	-10584.2196	-47418.7625	0.553645356	3.84251859e+13
1.85e-09	-1010.25158	559.220499	-9315.97839	-45272.8251	0.553646854	3.84198317e+13
1.86e-09	-457.163565	425.871449	-11577.568	-46413.8987	0.553843495	3.84155314e+13
1.87e-09	-900.197534	1620.14351	-12147.1428	-46689.6691	0.553362858	3.84112601e+13
1.88e-09	554.314014	1851.17756	-15742.5777	-47303.8839	0.552642987	3.84058812e+13
1.89e-09	1820.67256	1591.27335	-14702.7759	-45214.3353	0.552415427	3.83995102e+13
1.9e-09	256.626062	1829.47129	-13861.4545	-45043.6393	0.552762126	3.83939531e+13
1.91e-09	-711.532457	1927.55516	-12783.1886	-43866.4348	0.553324881	3.83900047e+13
1.92e-09	-51.5934693	-1099.65173	-14766.9452	-42536.8812	0.554266051	3.83883678e+13
1.93e-09	1510.47979	-1086.69962	-12221.9563	-41682.233	0.555240002	3.83893095e+13
1.94e-09	1725.039	-1216.26855	-12735.4802	-43305.1196	0.5560935	3.83929124e+13
1.95e-09	1966.90163	-138.959808	-12279.5389	-42263.3769	0.556632558	3.83975922e+13
1.96e-09	1014.73055	312.68367	-13869.2418	-42824.6255	0.556975469	3.84031866e+13
1.97e-09	2046.10246	-920.764823	-14656.3772	-44264.748	0.556751784	3.84086282e+13
1.98e-09	562.525524	238.36541	-14979.2433	-43909.5462	0.556204634	3.84123767e+13
1.99e-09	-285.499868	574.690046	-13787.7107	-43533.5459	0.556181546	3.84148814e+13
2e-09	-560.760113	509.747648	-12955.1233	-43638.1643	0.556125613	3.84171449e+13
2.01e-09	-963.225704	-1327.38961	-15624.4927	-44143.9709	0.555780713	3.84188021e+13
2.02e-09	0.0112585398	-733.198633	-15106.9306	-43787.7318	0.555451175	3.84193114e+13
2.03e-09	186.983594	111.609241	-15927.4173	-43289.6085	0.555237807	3.84189903e+13
2.04e-09	1085.58364	-516.091708	-14859.3465	-42432.0699	0.555717055	3.84189877e+13
2.05e-09	1337.82332	-1665.61704	-13963.8513	-41543.2986	0.556358325	3.84203746e+13
2.06e-09	984.619385	-1791.89873	-15786.5842	-40461.2465	0.557302027	3.84236923e+13
2.07e-09	2950.87374	-1278.85973	-14220.6157	-41455.5883	0.557770161	3.84287364e+13
2.08e-09	2478.22353	-1427.36255	-14641.2297	-40020.1244	0.558366168	3.84345433e+13
2.09e-09	1662.89327	-1106.91454	-13358.4552	-40396.8775	0.559263694	3.84418025e+13
2.1e-09	2232.3493	-981.363097	-13436.6544	-40247.7534	0.559756116	3.84502207e+13
2.11e-09	3169.1807	-528.458716	-14262.3839	-39804.2335	0.56032256	3.84592274e+13
2.12e-09	3852.53698	799.904789	-15815.9695	-42155.9092	0.56026889	3.84682989e+13
2.13e-09	2586.15926	174.378827	-16286.9111	-42597.0659	0.559395329	3.84752205e+13
2.14e-09	3315.75417	-433.519771	-15757.7556	-42065.2122	0.558990738	3.84795509e+13
2.15e-09	3302.30201	-766.786139	-16698.5059	-43320.2135	0.55837472	3.84823851e+13
2.16e-09	2833.25592	-470.035417	-16324.2042	-43108.0319	0.557707862	3.84831664e+13
2.17e-09	2897.9099	-463.700863	-15682.2525	-44801.1113	0.556928535	3.84821784e+13
2.18e-09	1731.76861	-1465.65207	-16293.089	-44126.6671	0.55627238	3.84792841e+13
2.19e-09	3603.54676	-2518.01306	-16185.3897	-43902.1206	0.555998234	3.84754474e+13
2.2e-09	2726.7816	-1745.19183	-15370.9218	-43653.7235	0.55551464	3.84710451e+13
2.21e-09	3029.79647	-2694.16394	-12212.6356	-43556.4752	0.55556767	3.84663823e+13
2.22e-09	3776.63282	-3791.12703	-11467.2694	-43465.6905	0.556099529	3.84629279e+13
2.23e-09	1729.44024	-4629.3357	-11384.8161	-43702.1167	0.556300514	3.84608075e+13
2.24e-09	875.829325	-4454.70477	-10141.5118	-43954.581	0.556450223	3.8459315e+13
2.25e-09	-270.831522	-3490.4185	-9153.87064	-43848.2413	0.556722779	3.84584508e+13
2.26e-09	355.491498	-3406.19812	-9664.37843	-44844.8993	0.556782391	3.84582503e+13
2.27e-09	19.3096939	-1406.94438	-10452.2369	-43164.8503	0.556903539	3.84580763e+13
2.28e-09	1927.79123	-2211.40082	-11014.5486	-44295.3936	0.556917142	3.84584111e+13
2.29e-09	3178.8606	-962.242304	-12120.6884	-45554.5979	0.556589927	3.84582294e+13
2.3e-09	2691.86552	-1751.27311	-11192.0272	-46369.0232	0.555702848	3.8456538e+13
2.31e-09	1885.13525	-21.7104976	-12419.5194	-46813.2846	0.55490327	3.84527308e+13
2.32e-09	1188.59042	-1590.09741	-11831.0789	-45152.3838	0.554464087	3.84474434e+13
2.33e-09	-55.7571377	-1116.74121	-10089.2132	-45414.7599	0.554544623	3.84423679e+13
2.34e-09	-312.962593	-1336.54717	-9393.9647	-45049.2236	0.554904676	3.84383014e+13
2.35e-09	340.389755	-1530.03944	-10160.0391	-45199.5803	0.554901954	3.84352452e+13
2.36e-09	-150.400829	-1749.47939	-11693.3577	-44323.734	0.554965757	3.84323714e+13
2.37e-09	-1644.27377	-1403.33667	-9235.78405	-44624.8941	0.555086982	3.84300323e+13
2.38e-09	-841.976471	531.293542	-9791.25475	-42811.9765	0.555596968	3.84285751e+13
2.39e-09	-964.713722	1896.12515	-9621.06412	-42170.7895	0.55673669	3.84294772e+13
2.4e-09	48.6088445	2449.01575	-10785.8332	-43873.4302	0.557289282	3.84326876e+13
2.41e-09	-445.571678	2319.1539	-11244.4319	-45125.836	0.556989873	3.84359926e+13
2.42e-09	1599.0715	684.001189	-8238.10115	-44808.3594	0.556753061	3.84380511e+13
2.43e-09	1748.27306	-802.58497	-7541.45676	-45313.4062	0.556615534	3.84394898e+13
2.44e-09	1235.37138	-1305.20735	-9698.06478	-45382.7336	0.556183146	3.84402298e+13
2.45e-09	3433.4844	-1198.62389	-10112.3403	-46444.3761	0.555594628	3.84395732e+13
2.46e-09	1778.64903	424.252509	-8942.752	-46889.8956	0.554839511	3.84371761e+13
2.47e-09	2660.42133	588.357617	-10225.8621	-48423.8574	0.553852624	3.843282e+13
2.48e-09	1650.57802	-167.37571	-11934.4335	-47225.038	0.553012026	3.84263363e+13
2.49e-09	1112.01927	-1056.24155	-12128.7413	-45599.7006	0.552806736	3.84189879e+13
2.5e-09	1298.81669	-601.368646	-10243.6539	-44182.4226	0.553350961	3.84127586e+13
2.51e-09	810.031908	-1930.76204	-9458.34231	-43895.4682	0.554348185	3.84092041e+13
2.52e-09	2163.91864	-2261.8693	-9993.2157	-43181.1182	0.55503433	3.84081742e+13
2.53e-09	1334.69891	-2260.39706	-11624.8033	-41750.2077	0.555986237	3.84091994e+13
2.54e-09	338.750959	-2330.97597	-10549.2919	-42072.4482	0.557015694	3.84127197e+13
2.55e-09	-459.644481	-2673.78929	-11649.1345	-42763.4429	0.557442293	3.84180499e+13
2.56e-09	-559.9655	-2683.05228	-10910.0691	-43200.7432	0.557549806	3.84235585e+13
2.57e-09	213.533835	-2416.44777	-10967.8264	-45791.3255	0.557311128	3.84284965e+13
2.58e-09	428.961662	-996.614007	-9947.3963	-45811.3079	0.556500236	3.8431423e+13
2.59e-09	1468.14183	-1204.86984	-10731.0147	-45365.3988	0.555936114	3.84323562e+13
2.6e-09	2401.02825	45.4248939	-12516.6622	-47167.0982	0.55494063	3.84314683e+13
2.61e-09	2616.29114	1127.6278	-14464.5702	-47125.8142	0.553523542	3.84273537e+13
2.62e-09	766.712873	824.603639	-14896.8576	-46940.5512	0.552822616	3.84207487e+13
2.63e-09	1641.69985	411.778843	-13761.058	-46454.8737	0.552490946	3.84133274e+13
2.64e-09	-244.493932	536.056435	-14803.1602	-46751.5863	0.552263467	3.84060343e+13
2.65e-09	-81.8691323	-262.919123	-13555.1591	-45654.8322	0.552006621	3.83986709e+13
2.66e-09	-937.548152	-2125.48142	-11772.8314	-43708.5011	0.552600542	3.83923226e+13
2.67e-09	485.310935	-1501.07584	-10091.5007	-44011.1342	0.5536398	3.83888411e+13
2.68e-09	-214.722088	-1027.61205	-10070.013	-46826.2588	0.55402623	3.83877468e+13
2.69e-09	305.766061	215.782674	-8805.50896	-45889.9212	0.55385367	3.83867874e+13
2.7e-09	-203.322664	804.900525	-8094.96618	-46449.63	0.553968246	3.83859016e+13
2.71e-09	716.179102	-1370.758	-10251.3659	-47135.6746	0.553697167	3.83850569e+13
2.72e-09	1217.34039	-1197.50602	-10308.6781	-46527.5807	0.553217688	3.83831648e+13
2.73e-09	130.249374	1086.67883	-10982.6967	-46501.8458	0.552959051	3.83805914e+13
2.74e-09	1416.8993	838.219455	-11848.103	-44568.7977	0.553060841	3.83778135e+13
2.75e-09	3537.22002	-944.192262	-11460.7297	-43679.3631	0.553549082	3.8376195e+13
2.76e-09	4264.09255	320.543522	-10116.3576	-43380.5722	0.554385457	3.83763586e+13
2.77e-09	1817.86797	308.955774	-11265.4856	-44121.7954	0.555205993	3.83786866e+13
2.78e-09	-1370.15348	-42.2795248	-12926.2303	-43009.3778	0.555708194	3.83824583e+13
2.79e-09	-2075.74262	806.800934	-11941.9806	-42881.4046	0.556315366	3.83873359e+13
2.8e-09	-2631.23336	-1180.80958	-11519.8956	-43965.0366	0.556503434	3.83929506e+13
2.81e-09	-719.708324	-842.736021	-12637.8603	-45752.6936	0.556048342	3.83978261e+13
2.82e-09	-1079.46272	-785.380998	-12711.1968	-45084.7596	0.555488162	3.84006585e+13
2.83e-09	-795.90018	-787.511456	-12710.8831	-43478.5069	0.555661324	3.84025487e+13
2.84e-09	-614.256701	-981.59217	-12583.0285	-43088.2939	0.556067676	3.84050712e+13
2.85e-09	317.711613	-1077.53301	-12169.3104	-42233.7665	0.55668191	3.84086112e+13
2.86e-09	-435.99354	-1974.25679	-12233.2088	-42525.7667	0.557340973	3.84136702e+13
2.87e-09	-2166.14611	-397.219263	-14225.7314	-43592.4348	0.557301355	3.84193198e+13
2.88e-09	-1525.40835	-207.436646	-14388.5156	-42396.8815	0.557160933	3.84238547e+13
2.89e-09	990.676437	-943.756822	-12812.864	-41951.5066	0.557563884	3.84283377e+13
2.9e-09	1691.0356	684.530293	-12601.949	-42021.7701	0.55807636	3.84336431e+13
2.91e-09	2424.94216	-757.775608	-11933.7686	-42120.7753	0.558579888	3.84396586e+13
2.92e-09	1232.73804	562.616341	-10286.2733	-42980.5901	0.558861575	3.84462236e+13
2.93e-09	2849.15181	-289.22362	-13129.6183	-44300.633	0.558328584	3.84521802e+13
2.94e-09	3374.51457	-566.28666	-13411.2755	-46108.4654	0.557067988	3.84552247e+13
2.95e-09	3724.54196	-298.025549	-13827.9626	-46671.6825	0.555734597	3.8454496e+13
2.96e-09	2820.33036	-1490.88003	-15522.2406	-45271.0651	0.554863693	3.84508249e+13
2.97e-09	2052.45782	-1416.92001	-15003.9251	-44342.2513	0.554501543	3.84457805e+13
2.98e-09	1024.66978	-1491.72533	-15418.8196	-43899.7635	0.554683069	3.8441019e+13
2.99e-09	-8.62279137	-1037.32637	-14775.3697	-45119.8821	0.55451854	3.84369003e+13
3e-09	-87.99018	-2145.91713	-14385.7674	-45889.4935	0.554207751	3.84326403e+13
3.01e-09	-425.878959	-2514.11456	-14585.8055	-45486.8821	0.553618019	3.8427484e+13
3.02e-09	-741.88307	-121.681885	-13725.6347	-43122.3623	0.553861194	3.84220239e+13
3.03e-09	-968.662392	465.278108	-12770.5109	-43501.2727	0.554209853	3.84181606e+13
3.04e-09	-1924.08439	-651.111367	-14336.5602	-42014.052	0.554934683	3.84159112e+13
3.05e-09	-2247.83681	-1272.455	-13403.7256	-43339.7828	0.555615873	3.84158555e+13
3.06e-09	-1144.32884	-1012.68787	-11307.2989	-42946.9261	0.555972699	3.84169515e+13
3.07e-09	314.735646	-297.112467	-11158.7994	-41993.4791	0.556772114	3.84194534e+13
3.08e-09	1693.64006	250.03681	-11371.0106	-43839.2555	0.557221333	3.84236333e+13
3.09e-09	1560.43211	-765.995789	-10948.684	-45646.2346	0.55682419	3.84274753e+13
3.1e-09	3134.70406	-1353.34284	-11352.9071	-46082.1584	0.55612111	3.84295157e+13
3.11e-09	1854.38689	-1354.70893	-11655.096	-46301.9469	0.555444193	3.84294945e+13
3.12e-09	4004.32344	-421.438872	-11179.3395	-45392.3225	0.554905933	3.84277755e+13
3.13e-09	2925.0278	-1675.31193	-13324.0439	-46927.7384	0.55442508	3.84252474e+13
3.14e-09	3552.53538	-306.81144	-12900.2102	-46491.5147	0.553810807	3.84213196e+13
3.15e-09	2438.73064	-239.409033	-11179.4252	-46713.8887	0.553326524	3.84162873e+13
3.16e-09	1223.55653	1099.50472	-10373.7444	-46236.6415	0.553310299	3.84110313e+13
3.17e-09	396.55258	1038.00146	-9465.27524	-44217.8452	0.553736477	3.84066728e+13
3.18e-09	843.7479	1020.98166	-9107.07973	-44242.1238	0.554508442	3.8404379e+13
3.19e-09	150.088223	97.3954829	-10207.0053	-43292.0277	0.555180788	3.84040828e+13
3.2e-09	793.100853	606.986723	-9665.52458	-43121.0475	0.556045014	3.84058363e+13
3.21e-09	-234.713067	310.429184	-8798.56066	-45171.8996	0.556498454	3.84094289e+13
3.22e-09	1352.43872	-1248.66242	-8747.66414	-45446.9525	0.556287432	3.84128417e+13
3.23e-09	1025.52164	-1398.75311	-9867.7848	-46516.1433	0.555874492	3.84151427e+13
3.24e-09	787.200013	488.942883	-10585.3877	-45788.0262	0.555194505	3.84158095e+13
3.25e-09	1628.29717	1453.1478	-9716.64355	-44879.0953	0.55499783	3.8415275e+13
3.26e-09	417.215425	2712.56832	-9048.77851	-46315.2646	0.554822844	3.84144594e+13
3.27e-09	1145.30982	1791.99959	-9444.44527	-46539.5646	0.554604029	3.84130956e+13
3.28e-09	-1676.29721	2709.00814	-9703.19247	-46433.7364	0.55433263	3.84111968e+13
3.29e-09	-1191.81615	3263.31666	-11559.8566	-46736.7478	0.553950478	3.84087363e+13
3.3e-09	-1391.4502	2275.51828	-10438.6628	-46347.8379	0.553689907	3.84055581e+13
3.31e-09	-1887.02856	2582.51969	-11119.3694	-46397.758	0.553453886	3.84020965e+13
3.32e-09	-3310.35543	4318.42038	-10650.111	-44601.5805	0.553539721	3.8398518e+13
3.33e-09	-2996.38709	4673.44835	-11360.3871	-44867.7053	0.553899118	3.83960664e+13
3.34e-09	-2095.77458	4749.11511	-12611.8159	-43686.6956	0.554179585	3.83945087e+13
3.35e-09	-1045.53424	3683.32555	-11365.4793	-42625.6572	0.554807727	3.8394255e+13
3.36e-09	-1109.3324	4822.13296	-9731.86259	-43779.3284	0.555673561	3.83960664e+13
3.37e-09	-1685.76693	2352.43807	-10586.2133	-42066.0713	0.556599748	3.83997635e+13
3.38e-09	357.302885	2366.80449	-10026.1279	-43678.4325	0.556979052	3.8405246e+13
3.39e-09	-590.437812	2408.17353	-9115.01248	-45515.3355	0.556875562	3.84104767e+13
3.4e-09	-472.392206	2877.23558	-11397.0568	-44954.8377	0.556579786	3.8414634e+13
3.41e-09	-843.413028	2494.12461	-11540.3693	-43832.768	0.55632129	3.84175524e+13
3.42e-09	-539.8417	1973.20185	-11231.631	-45609.4909	0.556454138	3.84201801e+13
3.43e-09	-965.583615	2759.22273	-13465.5501	-46336.5904	0.555576448	3.84217983e+13
3.44e-09	103.55348	1138.01292	-14720.4966	-45793.3589	0.554629525	3.84207184e+13
3.45e-09	698.194045	1349.17137	-11997.1573	-44706.1074	0.554308849	3.84178673e+13
3.46e-09	1607.24161	-65.4717799	-9720.57524	-43936.7546	0.554750484	3.84155387e+13
3.47e-09	1539.24036	-354.817448	-9964.2132	-43252.1916	0.555491406	3.84149975e+13
3.48e-09	2844.07206	50.6881521	-8081.33716	-44850.6201	0.555851611	3.84160968e+13
3.49e-09	1339.96864	1719.07704	-9843.67882	-44823.1208	0.555984776	3.84175465e+13
3.5e-09	2242.98575	1313.43821	-10306.7687	-46426.1119	0.555714217	3.8418995e+13
3.51e-09	1678.18926	1470.34237	-10202.575	-46796.1845	0.55499594	3.84188839e+13
3.52e-09	1689.38311	314.598557	-10100.2634	-48693.2298	0.554314754	3.84170833e+13
3.53e-09	174.780074	-7.56032959	-10419.6261	-48374.2478	0.553386108	3.84132531e+13
3.54e-09	655.322868	-290.001572	-8927.68715	-47229.3238	0.552559159	3.84074354e+13
3.55e-09	1882.92353	-31.5731002	-7999.96165	-45925.9161	0.552679386	3.84011245e+13
3.56e-09	1566.55596	292.34716	-8108.12956	-44528.8548	0.553385404	3.83965403e+13
3.57e-09	895.827858	1597.43773	-9758.18137	-45580.207	0.553827773	3.8394017e+13
3.58e-09	-226.436753	-131.587247	-10297.4288	-46156.8363	0.553740405	3.83922156e+13
3.59e-09	-177.820261	1740.70398	-9673.64338	-45716.7617	0.553714211	3.83903347e+13
3.6e-09	1123.38831	1105.75479	-9511.40454	-45176.5573	0.553747328	3.83885776e+13
3.61e-09	-121.311446	1756.99222	-9496.64096	-44831.5021	0.554065665	3.83874595e+13
3.62e-09	1164.83865	1210.42863	-9812.94402	-42932.4734	0.554661333	3.83874939e+13
3.63e-09	1503.53033	670.827337	-10536.0483	-43594.4276	0.555564681	3.83897756e+13
3.64e-09	1356.07202	-258.754813	-10451.9327	-43665.9256	0.556002484	3.83934019e+13
3.65e-09	-618.302779	162.70392	-11992.9073	-43428.4554	0.556346596	3.83976438e+13
3.66e-09	491.67872	1356.71078	-12204.9444	-43749.75	0.556653922	3.84024336e+13
3.67e-09	-1282.07219	2371.09533	-12561.9654	-42977.7804	0.556842504	3.84073211e+13
3.68e-09	-589.259757	2391.90052	-12483.746	-43987.6592	0.556935876	3.84121834e+13
3.69e-09	-244.875215	3401.59625	-13872.2845	-42749.8013	0.557143963	3.84168209e+13
3.7e-09	498.106951	3092.63274	-13966.7317	-42745.8712	0.557340925	3.84216326e+13
3.71e-09	2857.93523	3148.01874	-14184.8234	-41959.1103	0.557291113	3.84261566e+13
3.72e-09	2390.30766	2920.95124	-14130.3018	-41102.429	0.557726705	3.84307487e+13
3.73e-09	2512.03708	1600.50021	-13196.7184	-42072.7747	0.558023593	3.84360731e+13
3.74e-09	2482.76895	1151.93466	-15535.724	-45041.9403	0.557712917	3.84411309e+13
3.75e-09	2470.50996	1195.25959	-15424.3493	-46087.7646	0.556166536	3.84432825e+13
3.76e-09	1882.26102	-757.868204	-15422.5026	-46441.578	0.555093288	3.8441608e+13
3.77e-09	1526.10304	-1302.71392	-14202.7739	-46160.3129	0.554315317	3.84374793e+13
3.78e-09	1742.8637	-1496.1272	-14369.2737	-45652.9326	0.554049644	3.84324078e+13
3.79e-09	1856.1145	-2269.57308	-14557.6911	-44077.0765	0.554116099	3.84275111e+13
3.8e-09	1519.38782	-3112.31519	-15228.6431	-45474.1654	0.553898221	3.84231867e+13
3.81e-09	412.038675	-1805.89994	-15445.2558	-44165.413	0.553697487	3.84184916e+13
3.82e-09	-388.337771	-332.372182	-15574.1639	-42510.7909	0.554137695	3.84145143e+13
3.83e-09	371.374158	439.789393	-13150.705	-44352.0946	0.554841584	3.84126472e+13
3.84e-09	1500.11419	-723.987974	-13531.2658	-44890.457	0.554563765	3.84114738e+13
3.85e-09	450.391067	-366.26588	-13438.3064	-44141.4011	0.554787319	3.84101374e+13
3.86e-09	617.380327	-1042.19984	-14240.9903	-42363.7154	0.555479112	3.8409994e+13
3.87e-09	834.300062	-97.4076964	-13203.1515	-44127.2895	0.555864363	3.84115465e+13
3.88e-09	79.7564984	-222.532873	-12219.2639	-45280.7855	0.555633046	3.84132028e+13
3.89e-09	7.60773294	-2634.96261	-13927.9397	-45357.369	0.555184857	3.84136587e+13
3.9e-09	-276.714246	-3429.53264	-10903.3858	-45429.4361	0.55494932	3.84132159e+13
3.91e-09	-343.671468	-1955.33997	-10372.5698	-46913.5325	0.554673113	3.84122951e+13
3.92e-09	969.134708	-3255.24934	-12034.0615	-45704.7582	0.554397794	3.84106064e+13
3.93e-09	-544.328488	-2805.0077	-12881.8385	-44305.0311	0.554318121	3.8408477e+13
3.94e-09	-1001.42343	-1868.33069	-13191.9428	-45175.0489	0.554316967	3.84067682e+13
3.95e-09	-328.345292	-1980.81256	-13047.8348	-46195.0946	0.553922753	3.84047583e+13
3.96e-09	-775.129883	878.26883	-12838.7031	-46821.6609	0.553552656	3.84018065e+13
3.97e-09	451.319607	1799.75503	-11699.0956	-44659.9065	0.553573002	3.83983317e+13
3.98e-09	120.247666	469.501084	-12270.6001	-43243.3638	0.554163221	3.83961195e+13
3.99e-09	-920.496995	671.000304	-9562.0634	-42698.4899	0.554924376	3.83959104e+13
4e-09	-986.953694	189.229238	-9563.58008	-42685.3006	0.555935343	3.83981214e+13
4.01e-09	-927.708216	-952.028043	-9183.5103	-42403.0355	0.55678456	3.84024823e+13
4.02e-09	82.7571317	-1727.77352	-9258.73616	-44448.4922	0.557147066	3.84081636e+13
4.03e-09	-1357.56026	-1823.48089	-10929.7342	-44336.1947	0.556959345	3.84134106e+13
4.04e-09	-1356.9162	-2830.84396	-11459.5745	-44507.9064	0.556803497	3.84176551e+13
4.05e-09	164.605333	-3496.33195	-11413.1604	-45061.6827	0.556233351	3.84206375e+13
4.06e-09	-806.817398	-4803.73621	-12746.7029	-46187.5664	0.555756292	3.84221088e+13
4.07e-09	105.560143	-2914.25934	-10087.2286	-44977.6507	0.555285592	3.84219483e+13
4.08e-09	-207.62121	-3128.19553	-11278.6302	-44945.1969	0.555094239	3.8421161e+13
4.09e-09	-1545.78918	-3141.06224	-11668.6793	-46231.7164	0.554789417	3.84198273e+13
4.1e-09	519.493174	-3743.14003	-11324.0839	-44731.0881	0.555032768	3.84181524e+13
4.11e-09	-2237.19558	-3909.36783	-9652.52396	-44025.5836	0.55530387	3.84174837e+13
4.12e-09	-2073.3162	-3252.82238	-9316.16623	-44309.1531	0.555771014	3.84178488e+13
4.13e-09	-80.1436353	-2787.77872	-8217.59561	-43883.0107	0.556182376	3.84192216e+13
4.14e-09	1382.71584	-797.625999	-10579.6085	-43216.2159	0.556622024	3.84216806e+13
4.15e-09	370.792418	61.5485602	-11318.7454	-43071.1496	0.557199582	3.84251847e+13
4.16e-09	794.391402	-719.846667	-12165.1107	-43651.9621	0.557283669	3.8429382e+13
4.17e-09	1111.79649	-726.855658	-12706.1733	-43561.8388	0.557106666	3.84330598e+13
4.18e-09	898.274998	-2478.59377	-12723.0517	-45257.1023	0.556890574	3.84359587e+13
4.19e-09	1777.25968	-3016.73157	-9987.88208	-45263.4657	0.556229353	3.84372545e+13
4.2e-09	2624.40373	-856.040694	-10806.6652	-44060.6876	0.556378124	3.84376269e+13
4.21e-09	2862.95583	-1415.29	-9919.08349	-45432.6514	0.556310048	3.84383724e+13
4.22e-09	1425.34024	-1933.66832	-11041.9268	-46412.9635	0.555446699	3.84378776e+13
4.23e-09	2839.84131	-76.4527819	-10847.7946	-48612.1764	0.554319967	3.84350231e+13
4.24e-09	2643.22215	-1411.57618	-10630.4588	-47874.6608	0.553166394	3.8429259e+13
4.25e-09	959.764176	-2173.71512	-11948.1094	-47818.1838	0.552711733	3.84219077e+13
4.26e-09	-553.106812	-294.517691	-11519.727	-47251.3245	0.55234284	3.84141119e+13
4.27e-09	-2167.14719	-967.043254	-10641.2604	-46974.8386	0.55206354	3.84061715e+13
4.28e-09	-1701.34101	-1445.31169	-9841.50539	-44624.9513	0.55264818	3.83991716e+13
4.29e-09	-1191.51381	-616.720643	-9325.73002	-43880.2745	0.553386975	3.8394738e+13
4.3e-09	-1745.55084	-292.2016	-7477.23186	-42163.2794	0.554668918	3.83932953e+13
4.31e-09	-2683.88376	1502.41454	-7853.4316	-43567.9564	0.555767346	3.83952182e+13
4.32e-09	-1837.83522	-455.355622	-9424.38988	-42507.177	0.556443724	3.83991175e+13
4.33e-09	-1116.20657	81.2412492	-10544.2376	-43770.7929	0.55683441	3.84043509e+13
4.34e-09	1866.30637	-241.609941	-9755.24689	-44443.8343	0.556735464	3.8409319e+13
4.35e-09	1626.29714	-1228.74461	-9681.97865	-47394.6901	0.556032425	3.84131235e+13
4.36e-09	1240.43551	-1153.23041	-10337.6065	-47821.2758	0.554826025	3.84138108e+13
4.37e-09	1621.89117	-1621.81043	-7953.35624	-47720.3274	0.554186049	3.84118223e+13
4.38e-09	1840.1043	-2329.54195	-8809.27869	-47070.1986	0.553362374	3.84082455e+13
4.39e-09	1492.02426	-3759.31524	-8263.37721	-45381.8752	0.553410841	3.84037669e+13
4.4e-09	211.332286	-1471.8551	-7234.2213	-44665.4777	0.553921652	3.8400581e+13
4.41e-09	1485.58787	-1472.06762	-7921.88444	-42592.967	0.555041959	3.83995831e+13
4.42e-09	1715.75082	-1505.0846	-7688.21168	-43759.8527	0.556136926	3.84018483e+13
4.43e-09	715.562806	-2022.691	-7732.9217	-43246.4186	0.556739924	3.84059811e+13
4.44e-09	1290.72519	-1475.12828	-7038.11159	-42149.5669	0.557613736	3.84115019e+13
4.45e-09	1490.18278	-179.986601	-8241.68464	-41848.2895	0.558619847	3.8418958e+13
4.46e-09	745.076917	-1782.84524	-9623.50681	-44192.9408	0.558701948	3.84275954e+13
4.47e-09	1460.1338	-767.505642	-9535.281	-43469.7694	0.558349832	3.84346755e+13
4.48e-09	1150.96758	1403.60294	-12187.4037	-45998.6672	0.557738436	3.84403563e+13
4.49e-09	-357.995753	706.139582	-12431.8311	-45560.9523	0.556691536	3.84429166e+13
4.5e-09	143.867867	1079.83467	-13152.6468	-45956.2116	0.555636317	3.84426258e+13
4.51e-09	-2123.11195	-390.073525	-12093.7793	-42822.3238	0.555381263	3.84403675e+13
4.52e-09	-1935.79339	23.2051935	-12153.8723	-43010.7388	0.555955355	3.84389831e+13
4.53e-09	-1999.94407	-9.30996783	-13228.7421	-43216.8553	0.556441027	3.84390959e+13
4.54e-09	-2667.85383	78.8372145	-13098.2426	-43019.0712	0.556622633	3.8440141e+13
4.55e-09	-1199.96217	18.0251096	-12508.585	-43666.8648	0.556668583	3.8441355e+13
4.56e-09	-1147.03615	-5.02029069	-10638.4215	-45105.4201	0.556256642	3.84420706e+13
4.57e-09	-1412.93878	-755.988308	-10497.9793	-45231.4075	0.556069331	3.84418132e+13
4.58e-09	262.987045	15.2360895	-11394.1057	-44573.8674	0.556006356	3.84411529e+13
4.59e-09	619.169674	-57.2501325	-12442.8089	-44418.3629	0.555949553	3.84405055e+13
4.6e-09	657.803232	-1588.68926	-14784.8528	-44364.9629	0.555811962	3.84396997e+13
4.61e-09	-89.3415486	-996.470802	-14205.8564	-44452.8159	0.555239463	3.84381727e+13
4.62e-09	-1250.66907	-502.610093	-14474.0946	-44742.818	0.554840034	3.84355032e+13
4.63e-09	-379.928124	-880.957016	-14824.2209	-43509.6301	0.554844119	3.84323773e+13
4.64e-09	-106.78439	1038.84979	-14602.889	-43472.3322	0.554996401	3.84297756e+13
4.65e-09	881.257213	-1135.48693	-12573.7197	-44360.7066	0.555288108	3.84280225e+13
4.66e-09	292.793528	-1015.63463	-12067.7413	-43767.3667	0.555245024	3.84266876e+13
4.67e-09	59.6299599	1370.66073	-13199.7614	-43972.4923	0.555462776	3.84258624e+13
4.68e-09	365.535819	929.844731	-12459.0916	-43117.8007	0.555864628	3.84256651e+13
4.69e-09	-49.7042278	2389.1017	-12347.0753	-44068.5838	0.556001144	3.84264474e+13
4.7e-09	178.523777	3610.99543	-13922.3191	-45932.0049	0.555587028	3.84269258e+13
4.71e-09	1187.8659	2303.66783	-12284.8211	-46620.3232	0.554697961	3.84254655e+13
4.72e-09	1283.58678	1814.05346	-10884.2962	-44744.2379	0.554454096	3.84225276e+13
4.73e-09	2103.89578	1279.69438	-11285.165	-44422.1766	0.554918302	3.84202167e+13
4.74e-09	3165.97317	1339.62983	-12796.0144	-45500.0009	0.55467786	3.84186499e+13
4.75e-09	4101.76365	2692.26746	-12008.21	-45619.3942	0.554381584	3.84164113e+13
4.76e-09	1880.60445	1656.41089	-14004.8704	-46080.2691	0.553944797	3.84135407e+13
4.77e-09	1581.56272	-172.68771	-14288.862	-46013.368	0.553574581	3.84098318e+13
4.78e-09	2278.75472	506.616879	-13392.2747	-46259.2932	0.553070845	3.84053237e+13
4.79e-09	2807.85252	-892.356858	-12551.4714	-44595.8239	0.553319265	3.84006942e+13
4.8e-09	2188.80835	-1911.93013	-12928.2023	-43721.2424	0.553903171	3.83976628e+13
4.81e-09	2381.93911	-562.055388	-12273.534	-43171.6345	0.554611055	3.83965557e+13
4.82e-09	2857.23139	-1406.84214	-12281.7849	-42997.4347	0.555269257	3.83973087e+13
4.83e-09	1739.96454	-517.790417	-13024.0733	-45117.7132	0.555405629	3.83992444e+13
4.84e-09	-1055.20448	-414.461974	-12266.1338	-46935.6341	0.554832136	3.84004957e+13
4.85e-09	3.13243627	-1156.44811	-13301.3366	-46959.0788	0.554019372	3.83996855e+13
4.86e-09	-2246.68084	797.621275	-13798.6616	-44896.4647	0.553576009	3.83971189e+13
4.87e-09	-1274.95295	-441.833372	-12888.1904	-45739.7943	0.553719746	3.8394642e+13
4.88e-09	837.498537	42.3646361	-11678.3744	-44750.9422	0.553732823	3.83924322e+13
4.89e-09	-124.461167	138.304625	-12007.7453	-45736.8643	0.553799497	3.83907813e+13
4.9e-09	-1194.22638	-1585.04565	-13292.3041	-45406.2968	0.553717484	3.8389081e+13
4.91e-09	-1186.93366	-337.506788	-11159.1657	-44476.869	0.554209211	3.83879756e+13
4.92e-09	-513.931883	1880.1936	-10110.3812	-42541.0422	0.555075117	3.83886424e+13
4.93e-09	737.381515	1262.88587	-10153.7534	-44169.1779	0.555830819	3.83915583e+13
4.94e-09	395.761811	-61.9493263	-10562.7003	-45053.9116	0.55601852	3.83954953e+13
4.95e-09	240.849744	-92.1527004	-10249.4447	-45447.1965	0.55588461	3.83990066e+13
4.96e-09	69.1101799	3.20603725	-10834.4962	-43897.401	0.555524973	3.84014974e+13
4.97e-09	116.181847	-1355.72191	-10440.1075	-43665.1277	0.555777273	3.84037131e+13
4.98e-09	-1425.43882	-309.29316	-10448.9532	-43101.6955	0.556544194	3.8406964e+13
4.99e-09	-2174.18455	319.558917	-9811.81933	-44245.1839	0.556808947	3.84114488e+13
5e-09	-1320.6572	1848.44096	-10034.5348	-44105.7538	0.556846135	3.84156637e+13
5.01e-09	-895.235498	700.107229	-9272.40051	-42726.6157	0.557166875	3.84197888e+13
5.02e-09	-557.767223	-1255.66323	-9048.63612	-43253.1672	0.557820021	3.8425051e+13
5.03e-09	-1153.85775	-385.154056	-10186.0003	-45853.7546	0.557385887	3.8430586e+13
5.04e-09	-1966.90549	-1253.16842	-9734.59858	-47198.8358	0.556131244	3.84332008e+13
5.05e-09	-2628.28386	-331.599115	-10008.5623	-48438.4165	0.554891655	3.84322849e+13
5.06e-09	-2825.87943	-317.171906	-9788.65437	-48900.5693	0.553735903	3.84282832e+13
5.07e-09	-4567.72215	737.486333	-11121.516	-48522.9689	0.552670736	3.84217416e+13
5.08e-09	-3485.61197	996.009319	-7619.69698	-46673.3866	0.552279219	3.84136009e+13
5.09e-09	-3271.17261	-143.399119	-7877.08557	-45110.4013	0.552716839	3.84063866e+13
5.1e-09	-881.486735	-70.8655184	-8327.24029	-43910.0461	0.553661586	3.84016451e+13
5.11e-09	-233.779156	-1694.34006	-7746.91814	-43294.9832	0.554849016	3.84001842e+13
5.12e-09	-732.572131	-1912.43597	-7039.84791	-44810.756	0.55561253	3.84014995e+13
5.13e-09	-1770.30472	-1726.26083	-8550.53024	-44931.6501	0.555619425	3.84036501e+13
5.14e-09	-1233.18863	-1653.17429	-8061.15343	-45006.3216	0.555564831	3.84054934e+13
5.15e-09	-1315.53691	-3758.1574	-9744.51875	-46304.7262	0.555339646	3.8406952e+13
5.16e-09	-1390.44329	-5225.68489	-10826.747	-45065.3578	0.555125764	3.8407514e+13
5.17e-09	-2020.4106	-3980.74851	-10485.4669	-45644.4387	0.555217091	3.84078776e+13
5.18e-09	234.399474	-4291.75823	-9192.57587	-44591.0396	0.555205436	3.84081994e+13
5.19e-09	938.074104	-2694.58974	-8467.30429	-43429.9964	0.555818574	3.84092485e+13
5.2e-09	694.337014	-3149.00512	-8909.6639	-44205.15	0.556385669	3.84119928e+13
5.21e-09	357.014396	-1091.36997	-10254.5087	-45023.838	0.556588453	3.84154237e+13
5.22e-09	-9.67210191	89.0645717	-8884.54968	-46639.3807	0.556036897	3.84181719e+13
5.23e-09	581.844432	-1348.70464	-7813.69607	-45137.6094	0.555415774	3.84188703e+13
5.24e-09	-915.64062	-1103.88269	-10041.4087	-45633.2661	0.555513946	3.84190401e+13
5.25e-09	-1136.07868	-1118.87014	-11784.0974	-45298.9871	0.555290412	3.841898e+13
5.26e-09	496.218488	-854.643138	-11854.0001	-46799.2249	0.55461602	3.84180147e+13
5.27e-09	1638.98229	-1153.42383	-10250.4395	-47339.1866	0.554009071	3.84153332e+13
5.28e-09	-113.220981	275.136238	-9233.05164	-46280.6519	0.553705566	3.84114898e+13
5.29e-09	1253.46105	26.4576588	-11676.3208	-45486.039	0.553535255	3.84075919e+13
5.3e-09	1918.29734	-1060.76402	-11123.6358	-45164.933	0.553627737	3.84038531e+13
5.31e-09	1622.80534	-1836.79522	-10374.4246	-42426.6116	0.554246741	3.84012124e+13
5.32e-09	-583.220622	-443.752693	-9332.5854	-41069.8237	0.55578435	3.84014735e+13
5.33e-09	-1834.10732	1015.0168	-9983.83966	-40824.9465	0.557336421	3.8405978e+13
5.34e-09	-829.621383	-854.500956	-10956.5906	-40855.097	0.558554045	3.84136546e+13
5.35e-09	-1328.00627	5.52784654	-12191.8333	-41884.0056	0.559069492	3.84228854e+13
5.36e-09	-884.402114	-696.483535	-12015.472	-42626.2622	0.558998935	3.84319256e+13
5.37e-09	1523.66673	-1218.8295	-12166.4229	-44019.8758	0.558941845	3.84399549e+13
5.38e-09	1942.47111	-1018.14327	-12164.6645	-45529.3637	0.558085673	3.84460722e+13
5.39e-09	1326.25978	342.69316	-12619.0965	-45522.2779	0.557027184	3.84491306e+13
5.4e-09	2447.81292	194.745799	-11779.7131	-45347.8563	0.556422971	3.84497116e+13
5.41e-09	2523.60048	-900.219459	-11503.0491	-45888.6272	0.555806505	3.84487423e+13
5.42e-09	1449.34574	356.971548	-10972.888	-45692.7444	0.555114823	3.84461335e+13
5.43e-09	2245.60284	721.370612	-12256.5983	-43583.7219	0.555203578	3.8442715e+13
5.44e-09	2049.38622	-283.538476	-13471.4132	-42930.6111	0.555647522	3.84404486e+13
5.45e-09	2599.29378	19.4196939	-13354.9733	-42055.5464	0.556123683	3.8439538e+13
5.46e-09	1578.03237	-1137.43663	-13655.5992	-42346.9169	0.556938726	3.84403916e+13
5.47e-09	189.82853	657.483675	-13135.4656	-42969.4771	0.557153752	3.84426085e+13
5.48e-09	-808.710159	-617.889192	-14064.289	-43656.2782	0.557153406	3.84449927e+13
5.49e-09	-2110.33953	-907.386646	-15590.9922	-45404.4806	0.556668816	3.84465697e+13
5.5e-09	-2981.3097	-198.715999	-15186.4605	-45623.6549	0.555396711	3.84457025e+13
5.51e-09	-2175.75231	653.404029	-15185.7056	-46990.8159	0.554331991	3.84419918e+13
5.52e-09	-332.822937	-423.023492	-16576.4361	-46096.5464	0.553583532	3.84360073e+13
5.53e-09	1432.23384	1600.68727	-16008.841	-44999.9629	0.553113454	3.84289904e+13
5.54e-09	1050.70927	2816.00956	-14631.3329	-44020.9472	0.553202635	3.84220891e+13
5.55e-09	1209.04905	1918.46744	-14593.9557	-43913.478	0.553516126	3.84164974e+13
5.56e-09	-544.767764	-153.551764	-14341.4773	-45614.6683	0.553794141	3.84122922e+13
5.57e-09	-175.666674	453.043528	-15807.1456	-45935.964	0.553284541	3.84081486e+13
5.58e-09	-1013.06042	-387.458989	-16901.9241	-44366.2859	0.552936138	3.84031986e+13
5.59e-09	47.995754	-788.597311	-16464.1355	-44791.1901	0.55304415	3.83983639e+13
5.6e-09	-937.37729	-457.503907	-15465.1886	-44579.553	0.553038601	3.83941177e+13
5.61e-09	-1495.64874	-542.708756	-14630.3181	-43898.2736	0.553341017	3.83905952e+13
5.62e-09	-1566.25371	-261.190892	-11849.7168	-44290.8852	0.553722974	3.83882485e+13
5.63e-09	-1297.41896	-249.99434	-12323.3839	-45158.6783	0.554075543	3.8387226e+13
5.64e-09	-1885.64476	-1587.6291	-12572.4928	-44995.2849	0.554047532	3.8386672e+13
5.65e-09	-997.404057	163.867791	-11311.6454	-47170.5955	0.553919555	3.83861776e+13
5.66e-09	-1577.83029	-865.180897	-11249.1168	-45357.8504	0.553551873	3.83847719e+13
5.67e-09	-2082.70274	-101.9803	-12461.2402	-43865.2664	0.553954846	3.8383597e+13
5.68e-09	-4325.13285	1425.43406	-11158.6244	-44789.7376	0.554420874	3.83838333e+13
5.69e-09	-3029.30912	1554.77522	-12361.0365	-45382.4692	0.554353324	3.8384592e+13
5.7e-09	-3532.83023	628.478586	-12422.5663	-45532.317	0.554208836	3.83848656e+13
5.71e-09	-3140.76567	1608.55062	-14138.0652	-43637.0718	0.554140789	3.8384746e+13
5.72e-09	-2578.33421	-1205.55108	-12514.1555	-43163.2341	0.554796961	3.83853607e+13
5.73e-09	-1677.64289	-991.003247	-13087.2504	-43300.187	0.555094849	3.83873165e+13
5.74e-09	-493.046992	-893.903882	-12054.6863	-44936.0746	0.555302381	3.83898189e+13
5.75e-09	-230.560178	-633.430268	-11600.1175	-47451.4042	0.554784103	3.83918746e+13
5.76e-09	-595.5252	-278.66416	-10881.4999	-45176.4218	0.554206161	3.83917043e+13
5.77e-09	87.5236443	-784.115529	-10057.5772	-45811.0206	0.554110704	3.83910866e+13
5.78e-09	700.575507	-621.723382	-9786.48927	-44528.1988	0.554415895	3.83905416e+13
5.79e-09	2251.67948	240.303064	-10243.8391	-43670.3565	0.555064706	3.8391376e+13
5.8e-09	2273.91933	367.372666	-11188.9117	-45726.8855	0.555151248	3.83933585e+13
5.81e-09	1648.54465	849.386526	-9717.08799	-46240.1181	0.55464452	3.83945397e+13
5.82e-09	1824.94797	-552.483778	-7557.43715	-45543.2241	0.554472883	3.8394575e+13
5.83e-09	221.514815	1146.19598	-7579.20375	-44594.2789	0.554739915	3.8394618e+13
5.84e-09	1026.25145	1073.44847	-10042.9353	-44041.341	0.555227005	3.83956906e+13
5.85e-09	1161.03952	-541.798566	-11236.1375	-44452.1879	0.555569296	3.83978707e+13
5.86e-09	-358.105796	-960.791391	-12956.0789	-46359.0617	0.555468447	3.84002615e+13
5.87e-09	-724.551386	-939.515334	-11458.068	-47041.6883	0.554783607	3.84013412e+13
5.88e-09	-2102.50816	-2342.46438	-11518.802	-47579.1835	0.553739069	3.84001282e+13
5.89e-09	-1390.00022	-1916.99843	-13159.6332	-46535.7249	0.553191224	3.83968156e+13
5.9e-09	-1391.79286	-3780.31673	-12140.8084	-44704.5905	0.55348771	3.83932831e+13
5.91e-09	-985.044512	-4318.99197	-10271.2255	-43721.2099	0.554115918	3.83913548e+13
5.92e-09	-1693.35773	-4488.69896	-10939.7406	-43286.2994	0.554948433	3.8391583e+13
5.93e-09	-1006.2524	-3300.38071	-9877.31991	-43295.4117	0.555656933	3.83937679e+13
5.94e-09	-908.579495	-2162.11952	-9814.96557	-44481.2534	0.555758296	3.83969969e+13
5.95e-09	-1571.62188	-605.275181	-9075.87563	-46219.2358	0.555831647	3.8400084e+13
5.96e-09	-1455.09493	-1177.06755	-8916.73272	-47537.9636	0.555144631	3.84020549e+13
5.97e-09	-302.324616	-1040.333	-9806.43259	-47710.3893	0.554146501	3.84017754e+13
5.98e-09	-2323.56903	-2029.01555	-9950.74794	-47169.8142	0.553217284	3.8398979e+13
5.99e-09	-1441.93566	-1749.47305	-9722.51334	-48525.5518	0.552524213	3.83943683e+13
6e-09	-1206.53285	-832.490527	-9818.72583	-45419.99	0.552176334	3.83885239e+13
6.01e-09	-280.712433	-219.553327	-8938.46614	-45416.1157	0.552781768	3.83837484e+13
6.02e-09	946.884665	1812.91635	-7873.26473	-43314.134	0.55367484	3.83810745e+13
6.03e-09	1547.90802	1854.04484	-9513.93156	-44751.6557	0.554658272	3.83814353e+13
6.04e-09	2647.89314	-177.792004	-8554.50577	-45522.2662	0.555026891	3.838346e+13
6.05e-09	2761.86761	422.835668	-10677.1774	-45586.4774	0.554779316	3.83854858e+13
6.06e-09	2503.3593	261.89159	-10647.6249	-44770.5783	0.555117751	3.83872304e+13
6.07e-09	691.881744	1548.91525	-10129.1007	-47109.5052	0.554699097	3.83891382e+13
6.08e-09	627.336859	121.430339	-9531.49317	-46077.3234	0.554089248	3.8389242e+13
6.09e-09	873.882918	355.052248	-10498.2123	-46640.5833	0.55400975	3.83885031e+13
6.1e-09	2048.6329	1206.09135	-10081.9533	-45511.9583	0.553883289	3.83874051e+13
6.11e-09	3049.48731	1714.61947	-10137.9039	-45933.3827	0.553925097	3.83863977e+13
6.12e-09	3026.60981	785.021729	-10396.4766	-46635.1107	0.553687823	3.8385407e+13
6.13e-09	1497.2346	938.85166	-10885.988	-45655.3782	0.553411662	3.83836357e+13
6.14e-09	1187.45298	-890.437183	-10602.4138	-44885.9162	0.553801672	3.83821757e+13
6.15e-09	1203.04288	-958.057586	-10247.2846	-44992.0025	0.554329065	3.83820612e+13
6.16e-09	2049.17102	556.222313	-13691.2089	-45235.142	0.554194541	3.83826678e+13
6.17e-09	2001.21687	1478.18393	-13678.686	-44826.7022	0.554196079	3.83828879e+13
6.18e-09	510.875857	-668.571565	-10803.4469	-45707.2414	0.554075161	3.83828944e+13
6.19e-09	135.801545	-1854.67612	-10630.673	-47349.18	0.553621916	3.83824863e+13
6.2e-09	-450.464525	-1279.8167	-10749.5221	-46060.2063	0.553330453	3.8380675e+13
6.21e-09	395.702937	-66.8521347	-11105.7866	-45825.2776	0.553381544	3.83788562e+13
6.22e-09	3.04716221	232.57394	-9799.29846	-45104.8869	0.553657939	3.83776083e+13
6.23e-09	1227.17458	-1548.02138	-9837.72218	-44885.3592	0.553942784	3.8377322e+13
6.24e-09	2975.14284	-1983.63369	-8515.61942	-43864.5764	0.554671652	3.83782217e+13
6.25e-09	3187.90416	-2783.35266	-10261.5654	-43595.235	0.555313934	3.83809077e+13
6.26e-09	420.029165	-1693.20156	-10841.46	-45440.0541	0.555258591	3.83844238e+13
6.27e-09	-165.979394	-57.9120735	-12446.4872	-43591.9584	0.555444453	3.83872724e+13
6.28e-09	-1169.95615	1215.56395	-11039.711	-44157.7674	0.555662338	3.83904951e+13
6.29e-09	23.3021055	1454.74011	-9571.54566	-44451.7806	0.556009479	3.83941731e+13
6.3e-09	291.403353	412.709698	-11238.0022	-45252.7124	0.555606029	3.83976239e+13
6.31e-09	-245.116816	-990.439782	-10684.2807	-45654.5247	0.555390862	3.83997817e+13
6.32e-09	-459.736723	-2494.978	-10561.1768	-45047.0195	0.555339157	3.84013872e+13
6.33e-09	1348.67589	-1673.73007	-11815.1683	-46718.6115	0.554883695	3.84024608e+13
6.34e-09	2015.25606	-375.912809	-13341.6741	-46104.483	0.554016373	3.84015078e+13
6.35e-09	813.814622	-981.700263	-13793.9851	-44498.076	0.553659474	3.83989938e+13
6.36e-09	1469.71919	-1181.94465	-14754.1473	-44145.0724	0.553851133	3.83965484e+13
6.37e-09	1715.08509	-2034.92367	-13723.3591	-43959.1135	0.554079042	3.83948482e+13
6.38e-09	514.044437	-2082.25702	-14340.7309	-43142.8519	0.554501108	3.83940607e+13
6.39e-09	-159.240199	-1417.19187	-14721.6447	-42765.9556	0.554952989	3.83945445e+13
6.4e-09	290.349627	-1052.51334	-13127.3317	-42895.6132	0.555535132	3.83962443e+13
6.41e-09	478.31175	-1754.13919	-12439.9871	-42566.8497	0.556045063	3.83992038e+13
6.42e-09	-558.988097	-599.834063	-14065.8047	-42623.8035	0.556223678	3.84029945e+13
6.43e-09	-1166.43082	105.746905	-13325.8289	-43754.4253	0.556476702	3.84069101e+13
6.44e-09	-750.784071	-882.351456	-13333.7891	-45738.0622	0.555862655	3.84102214e+13
6.45e-09	-449.70628	-2696.86022	-12051.2482	-44985.1163	0.555339745	3.84114834e+13
6.46e-09	-2369.94311	-2984.51081	-10194.0534	-45951.6649	0.555076639	3.84116352e+13
6.47e-09	-2144.39231	-1789.6328	-11637.7736	-48036.4964	0.554075519	3.84105189e+13
6.48e-09	-2151.81966	-3192.68353	-11492.1712	-48161.5116	0.552783845	3.84062093e+13
6.49e-09	-3006.60225	-4704.54591	-11221.2971	-47610.1123	0.552244034	3.83997415e+13
6.5e-09	-2093.0171	-5745.51791	-11376.1876	-46573.61	0.551806634	3.83927318e+13
6.51e-09	-1533.09233	-4128.17221	-12526.7208	-44288.9908	0.552289402	3.8386278e+13
6.52e-09	-2415.96139	-4295.60612	-13591.653	-42909.8191	0.553121791	3.8382145e+13
6.53e-09	-944.591971	-4922.4943	-14070.5398	-43475.707	0.553750107	3.83804602e+13
6.54e-09	-648.549783	-2916.84754	-13559.9304	-44932.4972	0.553869359	3.83800792e+13
6.55e-09	-1094.45646	-1517.25765	-13568.9522	-43952.7432	0.553966085	3.83798086e+13
6.56e-09	-1656.00481	547.866976	-12825.9067	-46783.7185	0.553894512	3.83799003e+13
6.57e-09	-2314.93575	-1156.23407	-12999.6552	-47547.0291	0.552925784	3.83784792e+13
6.58e-09	-1188.566	-358.885552	-12477.9993	-45850.2654	0.552503705	3.83751787e+13
6.59e-09	2427.28762	-460.555154	-11551.2903	-44800.2873	0.5527403	3.83720059e+13
6.6e-09	506.683652	-270.984523	-10141.8684	-43287.3565	0.553618894	3.83704728e+13
6.61e-09	590.044077	1279.86412	-9481.27616	-45486.9463	0.554297211	3.8371397e+13
6.62e-09	191.318345	1790.40697	-10238.0923	-46025.7306	0.554306574	3.83730503e+13
6.63e-09	-801.326788	352.409533	-8550.93303	-45226.1393	0.554298461	3.83743825e+13
6.64e-09	-538.877497	1202.96051	-8618.02456	-46096.232	0.554405393	3.83759628e+13
6.65e-09	-1199.49464	1147.0824	-8184.37882	-45621.4582	0.554382431	3.83774201e+13
6.66e-09	-341.118919	1198.45728	-8053.64863	-44088.3305	0.554782018	3.83789891e+13
6.67e-09	-843.187056	-403.020732	-7807.13882	-42697.3221	0.55559957	3.83819037e+13
6.68e-09	-4797.26289	-13.0463437	-8427.73403	-44469.5333	0.556368307	3.83869415e+13
6.69e-09	-5024.51011	-2244.89884	-7089.60305	-45601.828	0.556158589	3.83923053e+13
6.7e-09	-4118.1131	-2441.00088	-8248.79185	-44918.5186	0.556052661	3.83965139e+13
6.71e-09	-3469.62915	-2378.00947	-8011.5239	-46760.9298	0.555660992	3.83999254e+13
6.72e-09	-2179.25546	-1167.73431	-8075.73945	-46888.8302	0.554963575	3.84014331e+13
6.73e-09	-2478.8585	371.739869	-9284.92663	-45779.8854	0.554834221	3.84016204e+13
6.74e-09	-679.709829	-380.626653	-9345.84986	-44655.0582	0.55497643	3.84018689e+13
6.75e-09	-934.141344	-889.039909	-8045.77972	-44420.0056	0.555401399	3.84028463e+13
6.76e-09	-1571.87964	651.982626	-8018.72731	-44856.4412	0.555526202	3.8404508e+13
6.77e-09	-136.162083	1583.69136	-7902.69839	-46119.29	0.555268051	3.84060268e+13
6.78e-09	1263.365	1823.25519	-6633.08157	-46680.7821	0.554986075	3.84064964e+13
6.79e-09	-6.04181422	913.335539	-5773.90075	-45537.2026	0.554648358	3.84060321e+13
6.8e-09	-1952.81032	57.4403646	-6373.93178	-44470.032	0.554824919	3.84054275e+13
6.81e-09	-41.9135892	-755.8374	-7423.40806	-44254.4627	0.555393216	3.84057777e+13
6.82e-09	164.39714	-1052.88108	-8067.97294	-43794.9948	0.556105428	3.84077467e+13
6.83e-09	436.403458	-1408.04028	-8110.65879	-44217.3468	0.55645637	3.84110979e+13
6.84e-09	-111.186319	-1840.29717	-8585.84945	-44885.6049	0.55660197	3.84148101e+13
6.85e-09	2874.66203	-763.371962	-8929.39789	-46303.421	0.556206262	3.84179008e+13
6.86e-09	3107.36687	1241.06339	-9908.02871	-45328.7808	0.555735564	3.84194007e+13
6.87e-09	2041.81394	724.565879	-9012.75292	-46055.0656	0.555562517	3.84199307e+13
6.88e-09	-922.982222	-1100.82566	-8883.87251	-46813.757	0.554784677	3.84193474e+13
6.89e-09	-828.003138	-2011.59693	-8561.5109	-47691.2109	0.554069739	3.841685e+13
6.9e-09	-103.030766	-2310.77868	-8494.32251	-47679.4661	0.553584914	3.84129807e+13
6.91e-09	2.75624764	-3511.78426	-9573.91464	-47711.6853	0.552848429	3.84078738e+13
6.92e-09	-536.512157	-3284.55495	-8992.04224	-48010.373	0.552379148	3.84017466e+13
6.93e-09	-496.898461	-3773.22118	-11216.9492	-48135.493	0.551835721	3.8394893e+13
6.94e-09	25.9038996	-3537.61785	-10489.2156	-47385.9079	0.551447459	3.83873346e+13
6.95e-09	-1639.64945	-2893.04771	-11090.0282	-47170.5628	0.551387883	3.83799788e+13
6.96e-09	-1180.91444	-3798.80861	-11751.1202	-46398.1904	0.551594483	3.83734898e+13
6.97e-09	-632.239447	-3309.3821	-13193.7479	-44462.1487	0.552071505	3.83683613e+13
6.98e-09	-727.849162	-3940.19741	-12731.733	-43849.4516	0.552943363	3.83655351e+13
6.99e-09	-1415.27445	-5512.7746	-13063.9592	-44124.8737	0.553642772	3.83650642e+13
7e-09	173.749627	-6336.50398	-12439.2856	-45049.0162	0.553964046	3.83660029e+13
7.01e-09	-1114.80737	-5333.68368	-11840.9294	-44428.4072	0.554104128	3.83672465e+13
7.02e-09	-2577.72107	-3680.11066	-14619.7726	-44881.6346	0.554055199	3.83688127e+13
7.03e-09	-1956.53962	-2112.976	-14148.5101	-44987.3203	0.553830286	3.8369714e+13
7.04e-09	-1072.38136	-528.474101	-12548.8334	-43528.7287	0.554148396	3.83704734e+13
7.05e-09	133.446692	-766.907807	-11517.3642	-45100.0179	0.554440806	3.83721664e+13
7.06e-09	-171.680404	-2183.49151	-10903.3427	-44241.6357	0.55474064	3.83743704e+13
7.07e-09	1605.50354	-1405.47482	-9503.16769	-45582.4197	0.554987719	3.8377186e+13
7.08e-09	1595.74057	-1427.89919	-11295.4473	-44436.6248	0.555072281	3.83800297e+13
7.09e-09	2258.84196	-521.077976	-10306.4792	-46016.3905	0.555252018	3.83830868e+13
7.1e-09	4114.2108	997.927386	-11683.4662	-45875.4939	0.55461483	3.83852325e+13
7.11e-09	3201.44512	956.132017	-10880.6513	-45480.3775	0.554359448	3.83860379e+13
7.12e-09	2394.06137	1911.34352	-12235.8506	-44639.2517	0.554652376	3.83865979e+13
7.13e-09	3178.16796	2554.17425	-11640.2122	-45920.2131	0.55449661	3.83874868e+13
7.14e-09	2436.7038	610.112941	-13039.8833	-45866.1804	0.554212119	3.83877249e+13
7.15e-09	2832.61451	-715.869249	-12933.1787	-45587.2278	0.553837191	3.8387046e+13
7.16e-09	1861.23753	1311.62553	-14369.7795	-44893.0634	0.553720165	3.83857277e+13
7.17e-09	1434.77384	1673.89782	-14730.7541	-44488.793	0.553573298	3.83842152e+13
7.18e-09	-451.235035	1063.14671	-14804.6584	-44211.9013	0.553856089	3.83830776e+13
7.19e-09	-976.135956	1377.06888	-14604.1804	-43158.6988	0.554189248	3.83826882e+13
7.2e-09	-604.091034	1884.6503	-14458.8439	-44597.7718	0.554401453	3.83832975e+13
7.21e-09	-517.916803	2842.24032	-14519.4888	-43833.2389	0.554545636	3.83840625e+13
7.22e-09	73.0759038	2254.38867	-14469.2774	-44268.7237	0.554529675	3.83851065e+13
7.23e-09	-807.691243	1672.18473	-14375.2793	-43296.533	0.554737864	3.8386178e+13
7.24e-09	411.053168	3809.40824	-13487.6362	-43463.3929	0.555088711	3.83879318e+13
7.25e-09	1586.5852	3558.19846	-13953.0523	-43919.8079	0.555238248	3.83902423e+13
7.26e-09	1521.33501	2831.11618	-12926.9058	-41973.1234	0.555664221	3.83927611e+13
7.27e-09	-916.977506	875.157612	-11974.7147	-43669.8326	0.556129048	3.83965347e+13
7.28e-09	476.309408	1734.86258	-11361.8769	-45899.5722	0.556047526	3.84005121e+13
7.29e-09	-879.913471	925.128621	-11449.6765	-45634.9386	0.555356048	3.84029514e+13
7.3e-09	-2165.4123	87.7247317	-10451.4599	-47562.5845	0.554821048	3.84038257e+13
7.31e-09	-4148.66581	-263.034185	-8137.75979	-47194.4039	0.554037737	3.84026776e+13
7.32e-09	-5355.98663	-397.215793	-8434.43992	-46048.6999	0.553708277	3.84001428e+13
7.33e-09	-2505.49921	-1367.50199	-9786.06504	-45208.7919	0.553818257	3.83975609e+13
7.34e-09	-2502.56257	-641.038212	-9283.68517	-46119.7083	0.553851952	3.8395609e+13
7.35e-09	-1301.35804	208.251959	-12038.9315	-46546.9035	0.553643155	3.83935926e+13
7.36e-09	-382.458607	1299.93389	-11688.1913	-45076.9153	0.553613307	3.83912028e+13
7.37e-09	-2232.19863	1091.08926	-10581.8612	-45552.628	0.553879082	3.83895578e+13
7.38e-09	-1188.85813	1461.21861	-11419.628	-44778.7399	0.554046775	3.83884742e+13
7.39e-09	-308.342054	-1115.28266	-11688.1639	-45411.2812	0.554125408	3.83879192e+13
7.4e-09	1097.99791	-863.12652	-9751.02416	-44966.4529	0.554374284	3.83876683e+13
7.41e-09	587.194031	-520.787356	-9590.28665	-47391.5995	0.554171011	3.83879323e+13
7.42e-09	-598.59555	-867.100425	-9729.09308	-46530.3301	0.553680368	3.83870077e+13
7.43e-09	-97.4972155	553.392679	-10289.9207	-45715.8811	0.553619526	3.83852142e+13
7.44e-09	20.9883889	815.496716	-9990.35463	-44850.3968	0.553797296	3.83839401e+13
7.45e-09	759.341572	-1683.94776	-8561.87468	-45037.84	0.554190404	3.83834989e+13
7.46e-09	1285.0228	-1052.30955	-9245.93673	-44603.9494	0.554682846	3.83842924e+13
7.47e-09	1503.99869	403.913882	-9410.68149	-44534.7975	0.555044865	3.83860245e+13
7.48e-09	938.29239	-511.937641	-8014.85056	-44957.3291	0.555432914	3.83885994e+13
7.49e-09	153.820291	-1202.16898	-7887.49013	-43628.4495	0.5558536	3.83918617e+13
7.5e-09	-1381.3669	-1755.37745	-9316.79023	-44924.1055	0.556054102	3.83959244e+13
7.51e-09	-706.528751	-517.598369	-9698.04327	-45309.9331	0.555947131	3.83996466e+13
7.52e-09	-2502.74502	-913.195351	-7584.5367	-44513.8325	0.555749909	3.84024911e+13
7.53e-09	-3290.53409	-782.358302	-9874.44549	-44836.617	0.556009646	3.84052504e+13
7.54e-09	-3245.13033	-411.809649	-9456.98419	-44321.1672	0.555921445	3.84078437e+13
7.55e-09	-3754.16998	756.011533	-9844.70782	-44315.0604	0.556119232	3.84104278e+13
7.56e-09	-4865.19624	1744.66943	-10098.9004	-46245.517	0.556003028	3.84130852e+13
7.57e-09	-3200.53109	2584.11554	-10417.5208	-47827.3845	0.555047025	3.84141516e+13
7.58e-09	-1691.80441	2189.78452	-9476.47016	-48263.0138	0.553949499	3.84123079e+13
7.59e-09	-1437.43862	1247.86538	-11406.8359	-46743.4766	0.55326572	3.8408187e+13
7.6e-09	-111.853799	18.126801	-9262.50312	-45999.2709	0.553029949	3.84032367e+13
7.61e-09	-1089.29026	-555.683188	-9667.32578	-44069.9227	0.553557404	3.83990612e+13
7.62e-09	-1506.2119	-465.302477	-10066.7431	-41286.2587	0.554807976	3.8397432e+13
7.63e-09	-2174.47264	884.460125	-10622.6633	-41274.5329	0.556440055	3.83998727e+13
7.64e-09	-1430.28414	-1869.43257	-10399.268	-41864.1411	0.55744822	3.84055921e+13
7.65e-09	-2294.51154	-1631.38681	-11466.8758	-44044.1565	0.557789075	3.84127203e+13
7.66e-09	-2168.38978	-3508.72901	-11017.261	-44764.6856	0.557268109	3.84188538e+13
7.67e-09	-968.217338	-4024.20837	-11169.8838	-45240.3291	0.556876291	3.84230844e+13
7.68e-09	989.775625	-3241.65941	-9761.80701	-45405.2916	0.556359976	3.84257775e+13
7.69e-09	1521.23364	-3992.00032	-8261.97405	-44788.6496	0.556443177	3.84275045e+13
7.7e-09	1659.41602	-2295.74823	-8581.15322	-46958.3314	0.556069323	3.84290693e+13
7.71e-09	103.653288	-1112.25546	-9794.65516	-45767.324	0.555415768	3.84288039e+13
7.72e-09	-965.810079	-691.466199	-11260.416	-46203.7021	0.555200999	3.84276779e+13
7.73e-09	619.788596	-417.881104	-11472.2118	-47568.7001	0.554408017	3.84254871e+13
7.74e-09	1401.63955	-179.25583	-9249.00608	-48581.7799	0.553442297	3.84210994e+13
7.75e-09	2391.5533	514.419286	-8419.75212	-45339.4466	0.553216691	3.84152027e+13
7.76e-09	1292.30815	1753.47472	-8238.6003	-43504.7103	0.55426602	3.84109741e+13
7.77e-09	1742.71357	2377.08541	-10796.8191	-43522.5891	0.555165247	3.84098787e+13
7.78e-09	1732.77064	2509.77606	-10784.3314	-45110.8769	0.555411374	3.8410478e+13
7.79e-09	-1440.53651	1012.60461	-10603.1763	-46001.9212	0.55538222	3.8411118e+13
7.8e-09	-527.126548	512.647907	-11192.6868	-45755.0444	0.554840202	3.84111161e+13
7.81e-09	12.3484023	-1562.58608	-11676.4046	-45860.4561	0.554685961	3.84102084e+13
7.82e-09	960.815165	-1836.28746	-10009.7446	-46853.0279	0.554563218	3.84089029e+13
7.83e-09	462.586568	586.050985	-10091.3257	-47635.2453	0.554321607	3.84073649e+13
7.84e-09	2768.75143	1212.46044	-11077.5289	-47041.4843	0.553809952	3.84049396e+13
7.85e-09	3827.10591	670.292616	-10282.5436	-46147.5142	0.553626041	3.84016951e+13
7.86e-09	5363.18782	1005.63265	-10342.2769	-45040.4103	0.553698084	3.83987689e+13
7.87e-09	3078.80952	774.792532	-8611.14859	-47346.8113	0.5535629	3.83962596e+13
7.88e-09	2212.03968	1524.81394	-8517.84569	-44922.5601	0.553520835	3.83933028e+13
7.89e-09	1254.22436	1528.80713	-9195.87375	-46323.8899	0.55393894	3.83914327e+13
7.9e-09	2331.31426	1921.58542	-10682.8767	-47042.2516	0.553546158	3.83898229e+13
7.91e-09	3006.95026	1008.36281	-10838.5186	-46958.8015	0.553253299	3.83873799e+13
7.92e-09	4003.82844	1100.38698	-11547.7209	-47180.0964	0.552663776	3.83840013e+13
7.93e-09	2953.99569	1784.6131	-10767.313	-46738.6803	0.552362811	3.83797659e+13
7.94e-09	2284.79569	1789.60475	-10587.2058	-48136.0806	0.551995031	3.83752485e+13
7.95e-09	2505.06173	1895.96967	-10434.1768	-47757.8813	0.551582328	3.83699248e+13
7.96e-09	4342.11531	1984.49243	-10882.2713	-49048.163	0.551113889	3.83641716e+13
7.97e-09	3841.12116	2441.70808	-12024.1454	-47309.1718	0.550732265	3.83575427e+13
7.98e-09	4074.94927	-548.404049	-11355.1991	-47505.3888	0.550682044	3.83511926e+13
7.99e-09	3544.9146	-222.868427	-12874.3173	-44763.2869	0.551017671	3.83456099e+13
8e-09	3969.3483	123.865838	-14098.0853	-44608.6848	0.551649176	3.8341973e+13
8.01e-09	4599.71136	82.476292	-13043.3653	-42523.0478	0.552482982	3.83402358e+13
8.02e-09	3837.09811	-714.446133	-13656.0723	-43311.0243	0.55333781	3.83412594e+13
8.03e-09	1002.44908	-1320.78128	-14348.898	-42895.4559	0.554125406	3.83441133e+13
8.04e-09	-292.408162	-1039.89982	-16706.3461	-44470.7006	0.554288534	3.83482112e+13
8.05e-09	995.305272	1047.87034	-15531.2664	-44422.4771	0.55417744	3.83517495e+13
8.06e-09	76.4501266	191.468352	-15090.0944	-42818.3253	0.554218795	3.83547572e+13
8.07e-09	174.795458	178.182005	-13814.8362	-42740.8668	0.554739882	3.83581893e+13
8.08e-09	-2856.01115	1751.91911	-13203.5331	-42787.2953	0.555482495	3.83629914e+13
8.09e-09	-2789.62817	-900.800486	-12883.1281	-44714.8866	0.555691133	3.83687737e+13
8.1e-09	-2001.17264	-546.98491	-14446.8719	-44922.2542	0.55530416	3.83737375e+13
8.11e-09	-1898.39258	-531.387213	-13201.3485	-46829.5193	0.554838544	3.83771615e+13
8.12e-09	-1095.88065	-652.969933	-10372.0164	-47546.9522	0.554160175	3.83786722e+13
8.13e-09	376.31477	-379.699382	-8566.51307	-44972.7265	0.553990764	3.83786947e+13
8.14e-09	-2935.91481	-1834.29113	-9848.59997	-44183.7739	0.55420873	3.83790682e+13
8.15e-09	-2651.44734	-694.118256	-9946.33249	-43918.9123	0.555054558	3.83806363e+13
8.16e-09	-3612.74323	-2034.28261	-9133.06528	-45080.4675	0.555393594	3.83837764e+13
8.17e-09	-3595.43578	-989.464246	-9474.69254	-45218.2482	0.555192642	3.83867581e+13
8.18e-09	-2279.59574	-539.361331	-9746.95035	-45475.7873	0.555128227	3.83892175e+13
8.19e-09	-2962.09894	-1721.09503	-9581.42766	-44536.3929	0.555172946	3.83912988e+13
8.2e-09	-1774.79698	-214.017948	-9295.80266	-44966.8658	0.55528701	3.83934461e+13
8.21e-09	-971.728201	203.620412	-10056.0399	-44817.5861	0.555334352	3.83955769e+13
8.22e-09	928.396338	-416.613012	-9903.4937	-44058.7468	0.555580956	3.83977199e+13
8.23e-09	1037.53968	-1344.16556	-10794.7435	-45203.8895	0.555753252	3.8400452e+13
8.24e-09	2543.63493	-191.229212	-9835.85726	-45498.6688	0.555341911	3.84025442e+13
8.25e-09	1765.93985	-1550.05061	-8237.12135	-44369.5485	0.555261665	3.84036923e+13
8.26e-09	2346.85241	-2378.76264	-8102.36951	-44968.4242	0.555485806	3.84050631e+13
8.27e-09	2044.87308	-1421.15827	-7097.88101	-46759.0469	0.555045117	3.84062022e+13
8.28e-09	3046.5965	-1287.81447	-6003.78559	-46818.5225	0.554559395	3.84058121e+13
8.29e-09	1670.37171	-1569.57555	-6178.08398	-46434.0005	0.554556046	3.8404712e+13
8.3e-09	1250.38726	-1470.26629	-6571.26367	-46045.1488	0.554447099	3.84036165e+13
8.31e-09	1625.92984	482.47189	-7133.94366	-45041.1716	0.554450171	3.84024509e+13
8.32e-09	-63.5221214	3435.93004	-9252.37251	-45805.4777	0.554732531	3.84020256e+13
8.33e-09	-868.01056	2912.07608	-8982.85978	-46218.5438	0.554617969	3.84018275e+13
8.34e-09	-99.3625614	2099.32942	-8393.13846	-44998.1937	0.554314715	3.84008757e+13
8.35e-09	-590.677744	2358.04391	-8455.71073	-43801.1184	0.555114532	3.84005985e+13
8.36e-09	-1206.07418	1555.41227	-9670.91565	-44286.495	0.5559382	3.84024969e+13
8.37e-09	261.117604	25.2651069	-11022.6529	-43971.7836	0.556123184	3.84056196e+13
8.38e-09	213.385636	30.2669331	-9786.9899	-44756.0016	0.556071368	3.84086462e+13
8.39e-09	127.38545	-1397.21679	-8433.86011	-43952.9963	0.556152139	3.84112554e+13
8.4e-09	1015.14361	-1582.63284	-8973.43797	-45794.5402	0.556086742	3.8413998e+13
8.41e-09	1509.32249	-1793.35977	-9107.86279	-44620.8078	0.556017254	3.84159162e+13
8.42e-09	2003.83155	124.54849	-6906.71858	-45343.3597	0.555956416	3.84176278e+13
8.43e-09	2779.73581	-56.3961509	-8250.14904	-43275.7508	0.556387727	3.84195106e+13
8.44e-09	2826.03948	-1346.17714	-8505.79424	-43086.9068	0.557003682	3.84226876e+13
8.45e-09	1383.09584	-1390.41256	-9797.88902	-44022.0305	0.557498577	3.84269779e+13
8.46e-09	1631.24735	-1416.2679	-11938.5629	-44570.6774	0.557329696	3.84313917e+13
8.47e-09	1823.65674	-1543.23022	-11212.6509	-45834.7236	0.556664687	3.84343922e+13
8.48e-09	2876.03092	-2544.13572	-11037.3939	-47399.72	0.55566517	3.84349867e+13
8.49e-09	714.763615	-2516.71778	-11654.2117	-46498.6518	0.554630073	3.84327905e+13
8.5e-09	1026.99453	-2947.28261	-9646.6347	-46236.9904	0.554299327	3.84289569e+13
8.51e-09	-20.5768368	-2420.43782	-10543.8396	-44706.6742	0.554274685	3.84249793e+13
8.52e-09	373.290383	-1353.47481	-9278.15187	-44714.8027	0.554696487	3.8421904e+13
8.53e-09	-445.857247	-374.086491	-10343.3575	-44290.025	0.555074833	3.84202956e+13
8.54e-09	-1446.96741	700.588145	-9972.11308	-44805.815	0.555269828	3.8419585e+13
8.55e-09	-2202.10093	2533.1327	-9904.14863	-45509.9776	0.55502509	3.84188832e+13
8.56e-09	-753.399113	1379.33136	-9680.95792	-45595.7874	0.555173225	3.84179221e+13
8.57e-09	-1535.35989	309.130965	-10022.7968	-46620.7386	0.554749949	3.84169717e+13
8.58e-09	-3567.02729	277.6517	-9557.4346	-45107.8851	0.554665578	3.84151146e+13
8.59e-09	-4120.29265	-330.975391	-9248.43372	-45656.9687	0.555010297	3.84138135e+13
8.6e-09	-3322.30609	395.232906	-8214.94648	-45263.4539	0.555143656	3.84132994e+13
8.61e-09	-1699.01021	-12.7314527	-8419.14157	-44884.8235	0.555242855	3.84131912e+13
8.62e-09	658.425991	-112.54371	-8455.77333	-45094.0677	0.555563889	3.84135868e+13
8.63e-09	2785.88319	-1110.79132	-8841.3918	-44865.6057	0.555692972	3.84145939e+13
8.64e-09	2954.54223	-2550.67631	-9161.36789	-46665.4088	0.555526735	3.84156503e+13
8.65e-09	3358.44596	-1620.36167	-9727.63414	-48371.4858	0.554469506	3.84151039e+13
8.66e-09	3691.87604	-271.07288	-9191.78906	-47761.5962	0.553722151	3.84118964e+13
8.67e-09	1545.54116	-2160.56888	-9713.2801	-48829.5406	0.552699915	3.84070233e+13
8.68e-09	1647.29948	-2137.04041	-9147.94089	-47718.3331	0.55205036	3.84002131e+13
8.69e-09	1022.04483	-2865.19012	-11493.0736	-48045.9629	0.551738288	3.83930005e+13
8.7e-09	-573.712068	-2903.43674	-10097.6978	-48219.7765	0.551306343	3.83854687e+13
8.71e-09	239.761543	-1950.10062	-12036.4416	-46911.4491	0.551033408	3.83776283e+13
8.72e-09	-617.124455	-1521.25828	-10634.325	-46647.9334	0.551386285	3.83705523e+13
8.73e-09	1381.35435	-1443.95991	-10381.591	-47611.1186	0.551157141	3.83645802e+13
8.74e-09	1402.75463	-612.424069	-12551.8159	-47975.8506	0.551046838	3.83586551e+13
8.75e-09	350.008046	116.423788	-12418.771	-48753.2312	0.550582651	3.8352539e+13
8.76e-09	1297.04421	456.764373	-12021.4394	-47014.6239	0.550438377	3.83459883e+13
8.77e-09	1816.48617	-820.312938	-12484.7232	-44935.8708	0.551048966	3.83404532e+13
8.78e-09	571.606378	-2123.7712	-12343.9186	-45686.0248	0.55157875	3.83373214e+13
8.79e-09	2328.64709	-2241.2363	-14043.0312	-45870.2717	0.55204792	3.83357521e+13
8.8e-09	1870.10672	-1715.36737	-12812.0154	-43543.5391	0.552706311	3.83354773e+13
8.81e-09	1575.47951	-534.777915	-12235.2444	-42557.0748	0.553814596	3.83376554e+13
8.82e-09	1520.12118	-2665.64555	-10984.1028	-41121.0374	0.555157899	3.83425923e+13
8.83e-09	-568.496544	-1607.7606	-10259.3922	-41106.9159	0.556394207	3.83505895e+13
8.84e-09	-622.543174	-1570.40028	-11313.0268	-43449.0844	0.557037375	3.83605703e+13
8.85e-09	-2240.05171	-1705.63754	-12669.2541	-44753.0179	0.55686222	3.83701881e+13
8.86e-09	-2035.89346	-2032.88659	-14043.7713	-44349.2649	0.556351948	3.83778612e+13
8.87e-09	-1524.90666	-1157.63675	-13807.0998	-43095.9507	0.556366936	3.83839647e+13
8.88e-09	-640.632734	-133.736298	-12031.3137	-41861.337	0.556721977	3.83899089e+13
8.89e-09	-1638.28384	-909.606048	-12919.965	-42726.3532	0.557393479	3.83968769e+13
8.9e-09	49.7125029	892.300218	-15145.6318	-45585.9001	0.556930346	3.84037477e+13
8.91e-09	-81.3582362	1200.56846	-13989.7799	-45214.1298	0.555797264	3.84075704e+13
8.92e-09	-1044.14309	224.913472	-13124.4999	-45398.3027	0.555281762	3.84089198e+13
8.93e-09	-2205.63411	623.285923	-13583.2235	-46731.013	0.554539945	3.84086851e+13
8.94e-09	-2388.83584	2187.94052	-12003.9628	-47535.0404	0.55376603	3.84064367e+13
8.95e-09	-762.264778	1945.35775	-9393.26919	-46528.9474	0.553127597	3.84024316e+13
8.96e-09	-712.633463	221.998775	-8544.97541	-43893.5371	0.553691757	3.83985016e+13
8.97e-09	-1387.41054	1435.50426	-7757.00178	-44274.4606	0.554502287	3.83970116e+13
8.98e-09	-1451.19613	2444.83946	-8962.94713	-45532.6257	0.554785396	3.83971382e+13
8.99e-09	541.910825	2293.88065	-7525.84679	-45850.3603	0.554813703	3.83976288e+13
9e-09	314.560893	4030.76539	-7778.59939	-46344.2767	0.554738648	3.83980404e+13
9.01e-09	789.577184	4152.47389	-10436.5731	-45829.7322	0.554649338	3.83980563e+13
9.02e-09	380.619388	4980.78768	-10802.5283	-44780.8038	0.554641432	3.83979029e+13
9.03e-09	2425.22375	4581.34908	-11896.5074	-45848.4637	0.554474406	3.8397734e+13
9.04e-09	3017.02971	4185.22285	-8380.46431	-44543.5134	0.554576296	3.83971301e+13
9.05e-09	1131.18693	1498.02623	-9156.56466	-45318.2512	0.554825571	3.83974004e+13
9.06e-09	-262.450759	1848.15968	-10526.5102	-44186.1578	0.554991984	3.83979257e+13
9.07e-09	-1903.18046	3107.75474	-11240.8329	-45501.4568	0.555123137	3.83990506e+13
9.08e-09	-1862.37804	2170.84402	-9730.17748	-44889.5548	0.554829706	3.83996844e+13
9.09e-09	-3285.20901	1793.73558	-8939.46478	-44830.3449	0.554905123	3.84001215e+13
9.1e-09	-3579.49049	3363.14099	-9312.6392	-44858.4787	0.555095243	3.84007612e+13
9.11e-09	-4104.77858	2545.27413	-8524.15918	-44905.6092	0.555164087	3.84016915e+13
9.12e-09	-2580.55889	777.800886	-10326.5694	-44841.781	0.555342175	3.84028379e+13
9.13e-09	-1589.71382	256.738544	-11741.3696	-43046.6869	0.555569551	3.84042291e+13
9.14e-09	-782.547922	-307.407148	-12657.279	-42849.4114	0.555993245	3.84065611e+13
9.15e-09	2143.30409	-1099.80253	-13089.3977	-45931.5008	0.555761663	3.84092433e+13
9.16e-09	267.770828	-1221.31294	-12825.0505	-45559.3154	0.55502937	3.84099785e+13
9.17e-09	1773.94037	145.261897	-12147.8949	-45612.5344	0.554517232	3.84091285e+13
9.18e-09	735.361749	2010.98554	-13021.3519	-44662.8016	0.554351047	3.84073454e+13
9.19e-09	61.6384552	984.685413	-12293.6299	-44763.9389	0.55454979	3.84058976e+13
9.2e-09	-1184.48752	536.330709	-12507.377	-44367.9282	0.554820255	3.84051353e+13
9.21e-09	-1842.12712	-111.943243	-12939.1496	-44108.3531	0.555052841	3.84051596e+13
9.22e-09	-1818.68989	-666.229044	-10698.6153	-43620.4305	0.55549104	3.84058683e+13
9.23e-09	-1749.8619	-2826.59074	-9719.72214	-43160.5953	0.556020046	3.8407883e+13
9.24e-09	-2282.36696	-2977.36559	-9245.38757	-43391.9733	0.556590525	3.8411181e+13
9.25e-09	-765.898482	-2374.15025	-10111.559	-44405.4188	0.557019978	3.84154239e+13
9.26e-09	-1008.43401	-2992.34611	-9192.02668	-44277.6665	0.556959275	3.84198539e+13
9.27e-09	-2368.14422	-3388.42354	-9518.26955	-45112.6351	0.556740472	3.84235069e+13
9.28e-09	-3538.63796	-3596.57322	-10585.3218	-47140.5977	0.556051365	3.84258335e+13
9.29e-09	-2594.26454	-1784.78384	-11207.8513	-47948.3435	0.554753065	3.84253609e+13
9.3e-09	-606.967329	-1581.11707	-10673.6084	-47825.8478	0.553580501	3.84215651e+13
9.31e-09	-1716.19131	-1070.70096	-11651.8021	-47190.6718	0.552880819	3.84156748e+13
9.32e-09	-999.110336	1412.47522	-11848.3909	-46163.0348	0.552856684	3.84092665e+13
9.33e-09	-1382.97659	1814.32056	-11851.3402	-46094.5159	0.55276172	3.84034396e+13
9.34e-09	469.500722	2663.3819	-10047.4494	-46461.1323	0.552712526	3.83979541e+13
9.35e-09	1347.52252	2066.68174	-7915.75172	-47825.7784	0.552563112	3.83928554e+13
9.36e-09	1072.60747	1597.77235	-8697.32812	-46438.195	0.55263039	3.83878778e+13
9.37e-09	671.566521	1548.35014	-7931.92711	-46187.8007	0.553090715	3.83840753e+13
9.38e-09	1789.79803	1015.36832	-8639.99991	-46303.6122	0.553281288	3.83815764e+13
9.39e-09	3294.17207	1552.51582	-9383.37045	-45504.3583	0.553637681	3.8379874e+13
9.4e-09	672.198972	382.468641	-9413.21344	-44696.4597	0.55388237	3.83791774e+13
9.41e-09	273.088023	1271.64169	-8745.54956	-44019.4714	0.554645205	3.83798336e+13
9.42e-09	-390.115028	966.621103	-10272.4446	-43694.4134	0.555161392	3.83821031e+13
9.43e-09	-1467.58007	574.289015	-10215.7181	-44762.3368	0.555253922	3.83851678e+13
9.44e-09	-1373.97217	-382.626176	-9131.66404	-44325.0978	0.555465263	3.83881144e+13
9.45e-09	-1580.34408	-635.918932	-8886.28709	-45254.5175	0.555454364	3.83911762e+13
9.46e-09	2.36746718	-1429.48287	-8167.74646	-46315.801	0.555240401	3.83936517e+13
9.47e-09	1199.55688	-1332.19081	-7813.95318	-46850.8114	0.554722668	3.83950044e+13
9.48e-09	-358.62662	-9.59337863	-8485.79619	-46372.6512	0.554415963	3.83950119e+13
9.49e-09	-693.112639	-1539.18115	-8153.98841	-48133.5151	0.553862571	3.83941739e+13
9.5e-09	453.445556	-1640.55453	-9826.62309	-48036.1636	0.553075371	3.83915215e+13
9.51e-09	846.084426	-1603.41496	-8586.9021	-50211.0506	0.551986562	3.83868869e+13
9.52e-09	865.827173	140.284971	-9381.24233	-49386.1201	0.551034374	3.83798799e+13
9.53e-09	-277.774288	-466.620166	-10107.0837	-47670.3734	0.550685189	3.8371723e+13
9.54e-09	-657.529588	421.366968	-10456.5835	-48740.9378	0.550414866	3.83636484e+13
9.55e-09	-1229.89302	630.475574	-10313.6401	-46970.532	0.550361453	3.83556722e+13
9.56e-09	-1122.81361	-165.623572	-11869.9743	-47278.5185	0.550622454	3.83489909e+13
9.57e-09	34.1886881	-1582.98902	-12864.1842	-45832.9607	0.551036756	3.83435986e+13
9.58e-09	-1035.63568	-2577.20511	-12796.902	-44861.1453	0.551634563	3.83399202e+13
9.59e-09	-502.962643	-1268.57815	-12491.0977	-43427.4122	0.552389584	3.8338404e+13
9.6e-09	-755.903759	-171.095109	-15462.7185	-43507.3934	0.553412325	3.83394939e+13
9.61e-09	-657.62444	-48.7794102	-15060.0496	-42258.0068	0.554027709	3.83424349e+13
9.62e-09	1017.5385	907.528272	-15086.0203	-42550.0242	0.554724483	3.83468726e+13
9.63e-09	1936.94993	1475.93017	-14555.0657	-42296.088	0.555177074	3.83523688e+13
9.64e-09	1274.2684	2972.72979	-13758.7859	-42917.4662	0.555643472	3.8358601e+13
9.65e-09	1641.23594	248.811336	-13054.0857	-42333.4227	0.5561704	3.83653434e+13
9.66e-09	232.546118	934.50139	-13828.4406	-42361.5794	0.556803122	3.83730096e+13
9.67e-09	1036.76275	396.620969	-12209.2101	-41470.9088	0.55746836	3.83815308e+13
9.68e-09	2505.92892	1138.32524	-10990.8549	-41071.691	0.558279785	3.83912651e+13
9.69e-09	3463.2764	1685.73608	-11382.9442	-38071.3542	0.559604575	3.84026432e+13
9.7e-09	2031.548	1531.81831	-9720.17994	-39936.9805	0.560996991	3.84168133e+13
9.71e-09	1433.24218	2105.40765	-10308.3006	-43311.9968	0.561138205	3.84319949e+13
9.72e-09	2331.4896	1759.69538	-12102.6966	-45914.0423	0.559913383	3.84443773e+13
9.73e-09	481.044377	534.659374	-12752.2623	-46949.4394	0.55803485	3.84514181e+13
9.74e-09	624.601778	-287.882413	-12270.9587	-47858.1588	0.556140252	3.84528887e+13
9.75e-09	2207.92926	1132.21858	-10336.654	-46926.7033	0.554780031	3.84497076e+13
9.76e-09	3380.29501	735.056922	-11494.3381	-46332.9799	0.554230886	3.84444327e+13
9.77e-09	1440.31392	866.658222	-12030.1078	-45949.9535	0.553980492	3.84386226e+13
9.78e-09	747.940883	1800.85132	-8788.46208	-48520.6304	0.553500189	3.84326168e+13
9.79e-09	348.547171	2429.84534	-6794.42282	-47225.3317	0.552995493	3.84256376e+13
9.8e-09	1283.23483	1535.79267	-7518.33367	-45025.911	0.553485381	3.84191629e+13
9.81e-09	1031.28387	577.811646	-7464.4547	-45867.683	0.553825097	3.841467e+13
9.82e-09	1708.11129	1760.29143	-6845.453	-45304.1972	0.554325357	3.84114052e+13
9.83e-09	2085.12716	2655.05088	-9584.35988	-46084.0169	0.554743546	3.84098448e+13
9.84e-09	3643.26456	2163.79046	-8846.84958	-45113.28	0.554686505	3.84088094e+13
9.85e-09	3097.12025	3294.31211	-6791.77403	-45970.1006	0.554940705	3.84082292e+13
9.86e-09	1387.51586	3435.11014	-6068.32395	-45063.9027	0.555096027	3.84080909e+13
9.87e-09	2106.4697	1113.10388	-6600.56382	-43254.8674	0.555831216	3.84090565e+13
9.88e-09	958.240678	-800.770226	-8331.48136	-44491.6063	0.556481846	3.84119151e+13
9.89e-09	102.187317	-89.0433847	-9332.68732	-42336.9108	0.557014401	3.84158051e+13
9.9e-09	102.068247	670.132378	-10154.78	-44392.6586	0.557467375	3.84209171e+13
9.91e-09	-47.0347802	-243.552074	-11861.7426	-45735.4053	0.556853893	3.84254188e+13
9.92e-09	-1080.73534	-900.803854	-13242.4802	-44020.2196	0.556298633	3.84276615e+13
9.93e-09	-2373.96254	-1035.11517	-14142.3379	-44723.0618	0.555774755	3.84286079e+13
9.94e-09	-2721.10038	-2347.63595	-13513.1028	-47218.1249	0.554841469	3.8427686e+13
9.95e-09	-1615.86149	-2722.81245	-13811.5486	-45989.603	0.554033337	3.84241465e+13
9.96e-09	-1644.75175	-2165.64382	-13822.7434	-45057.2006	0.553696494	3.84194879e+13
9.97e-09	-2035.10359	-790.78698	-12926.5832	-44902.1826	0.553764108	3.84150138e+13
9.98e-09	1497.61136	852.250848	-14123.4286	-44081.3349	0.554224423	3.84115907e+13
9.99e-09	2104.78129	793.352179	-15509.368	-43134.5074	0.554617489	3.84096152e+13
1e-08	1750.47257	628.428698	-15397.9383	-44231.1777	0.554823	3.84087232e+13
