# Frequency [GHz] 	Fouriercomponent
-4.99967	 0.00113719
-4.99633	 0.00114418
-4.993	 0.00137225
-4.98967	 0.0011182
-4.98633	 0.00135388
-4.983	 0.00123792
-4.97967	 0.00140973
-4.97633	 0.00140302
-4.973	 0.00122726
-4.96967	 0.00148681
-4.96634	 0.00142523
-4.963	 0.00134701
-4.95967	 0.00118746
-4.95634	 0.00143235
-4.953	 0.00129959
-4.94967	 0.00142897
-4.94634	 0.00138059
-4.943	 0.00151983
-4.93967	 0.00122226
-4.93634	 0.00163215
-4.933	 0.00193665
-4.92967	 0.00168934
-4.92634	 0.00156836
-4.92301	 0.00129119
-4.91967	 0.0016767
-4.91634	 0.00192954
-4.91301	 0.00159619
-4.90967	 0.00153478
-4.90634	 0.00132563
-4.90301	 0.00186687
-4.89967	 0.00127556
-4.89634	 0.00202586
-4.89301	 0.00128
-4.88967	 0.00196436
-4.88634	 0.00166738
-4.88301	 0.0016755
-4.87967	 0.00189652
-4.87634	 0.00207661
-4.87301	 0.00194074
-4.86968	 0.00122376
-4.86634	 0.00208157
-4.86301	 0.00185081
-4.85968	 0.00176574
-4.85634	 0.00170492
-4.85301	 0.00146343
-4.84968	 0.00213483
-4.84634	 0.00197312
-4.84301	 0.00170592
-4.83968	 0.00157868
-4.83634	 0.00199143
-4.83301	 0.00168677
-4.82968	 0.00184137
-4.82634	 0.00201046
-4.82301	 0.00169466
-4.81968	 0.00168988
-4.81635	 0.00203958
-4.81301	 0.00174935
-4.80968	 0.00192923
-4.80635	 0.0016811
-4.80301	 0.00142494
-4.79968	 0.00165623
-4.79635	 0.00184476
-4.79301	 0.0013896
-4.78968	 0.0012327
-4.78635	 0.00148709
-4.78301	 0.00168656
-4.77968	 0.00169898
-4.77635	 0.00145638
-4.77302	 0.00106167
-4.76968	 0.00168063
-4.76635	 0.00119015
-4.76302	 0.00163117
-4.75968	 0.00187523
-4.75635	 0.0016521
-4.75302	 0.00183874
-4.74968	 0.00182893
-4.74635	 0.00155636
-4.74302	 0.00111982
-4.73968	 0.00131029
-4.73635	 0.00173066
-4.73302	 0.00115306
-4.72968	 0.00155785
-4.72635	 0.00157644
-4.72302	 0.000887682
-4.71969	 0.00105747
-4.71635	 0.00129631
-4.71302	 0.00148575
-4.70969	 0.00112684
-4.70635	 0.00123741
-4.70302	 0.00115869
-4.69969	 0.00130468
-4.69635	 0.00109812
-4.69302	 0.00159172
-4.68969	 0.000900004
-4.68635	 0.00108705
-4.68302	 0.00117048
-4.67969	 0.00113648
-4.67635	 0.00114772
-4.67302	 0.00116144
-4.66969	 0.00100469
-4.66636	 0.00116999
-4.66302	 0.00116088
-4.65969	 0.00100059
-4.65636	 0.000986454
-4.65302	 0.00122696
-4.64969	 0.0014781
-4.64636	 0.000874403
-4.64302	 0.00104332
-4.63969	 0.00101845
-4.63636	 0.000793279
-4.63302	 0.00073393
-4.62969	 0.000803385
-4.62636	 0.000867834
-4.62303	 0.00108714
-4.61969	 0.000854907
-4.61636	 0.000799652
-4.61303	 0.000827807
-4.60969	 0.000743747
-4.60636	 0.00101889
-4.60303	 0.00100184
-4.59969	 0.000906198
-4.59636	 0.000667302
-4.59303	 0.000699534
-4.58969	 0.000974666
-4.58636	 0.000995931
-4.58303	 0.000746266
-4.57969	 0.00100643
-4.57636	 0.000873277
-4.57303	 0.000865745
-4.5697	 0.000861095
-4.56636	 0.00064988
-4.56303	 0.000794242
-4.5597	 0.000758489
-4.55636	 0.000879384
-4.55303	 0.00077226
-4.5497	 0.000814651
-4.54636	 0.000669317
-4.54303	 0.000935545
-4.5397	 0.000887563
-4.53636	 0.000718286
-4.53303	 0.000865719
-4.5297	 0.000684752
-4.52636	 0.000691761
-4.52303	 0.000698672
-4.5197	 0.000742445
-4.51637	 0.000683212
-4.51303	 0.000642267
-4.5097	 0.000878731
-4.50637	 0.000778883
-4.50303	 0.000809008
-4.4997	 0.000708266
-4.49637	 0.00083164
-4.49303	 0.000685557
-4.4897	 0.000792851
-4.48637	 0.000592863
-4.48303	 0.000471852
-4.4797	 0.000971098
-4.47637	 0.000649779
-4.47304	 0.000510725
-4.4697	 0.000744848
-4.46637	 0.000640562
-4.46304	 0.000618779
-4.4597	 0.000631824
-4.45637	 0.000711513
-4.45304	 0.000753003
-4.4497	 0.000767849
-4.44637	 0.000587364
-4.44304	 0.000560286
-4.4397	 0.000692024
-4.43637	 0.00057583
-4.43304	 0.000669782
-4.4297	 0.000622884
-4.42637	 0.000601723
-4.42304	 0.000477663
-4.41971	 0.000801062
-4.41637	 0.000691467
-4.41304	 0.000822318
-4.40971	 0.000670229
-4.40637	 0.000655915
-4.40304	 0.000636983
-4.39971	 0.000603625
-4.39637	 0.000637144
-4.39304	 0.000606583
-4.38971	 0.000590749
-4.38637	 0.000540715
-4.38304	 0.000640098
-4.37971	 0.000543369
-4.37637	 0.000581484
-4.37304	 0.000583243
-4.36971	 0.00084442
-4.36638	 0.00073794
-4.36304	 0.00049807
-4.35971	 0.000782734
-4.35638	 0.000621031
-4.35304	 0.000527043
-4.34971	 0.000633306
-4.34638	 0.000643268
-4.34304	 0.000603708
-4.33971	 0.000539626
-4.33638	 0.000674874
-4.33304	 0.000763778
-4.32971	 0.00057367
-4.32638	 0.000662467
-4.32305	 0.000433883
-4.31971	 0.000746297
-4.31638	 0.000535345
-4.31305	 0.000633919
-4.30971	 0.000657137
-4.30638	 0.000658018
-4.30305	 0.00050969
-4.29971	 0.000508343
-4.29638	 0.000588865
-4.29305	 0.000569006
-4.28971	 0.000568378
-4.28638	 0.000579054
-4.28305	 0.000659014
-4.27971	 0.000549602
-4.27638	 0.000526368
-4.27305	 0.000648068
-4.26972	 0.000669053
-4.26638	 0.000633951
-4.26305	 0.000626509
-4.25972	 0.000628195
-4.25638	 0.000585576
-4.25305	 0.000642242
-4.24972	 0.000648302
-4.24638	 0.00064769
-4.24305	 0.000530248
-4.23972	 0.000564916
-4.23638	 0.000597117
-4.23305	 0.000536392
-4.22972	 0.000565481
-4.22638	 0.000578723
-4.22305	 0.000443622
-4.21972	 0.000589622
-4.21639	 0.000686942
-4.21305	 0.000491023
-4.20972	 0.000675449
-4.20639	 0.000497911
-4.20305	 0.000624056
-4.19972	 0.000629287
-4.19639	 0.000646076
-4.19305	 0.000595937
-4.18972	 0.000634849
-4.18639	 0.000665546
-4.18305	 0.00073018
-4.17972	 0.000530213
-4.17639	 0.000634458
-4.17306	 0.00076321
-4.16972	 0.000661861
-4.16639	 0.000496881
-4.16306	 0.000678642
-4.15972	 0.000632129
-4.15639	 0.000503132
-4.15306	 0.000658341
-4.14972	 0.000462015
-4.14639	 0.000770777
-4.14306	 0.000540616
-4.13972	 0.000435247
-4.13639	 0.000591918
-4.13306	 0.00059479
-4.12972	 0.000535977
-4.12639	 0.000721131
-4.12306	 0.000648996
-4.11973	 0.000731114
-4.11639	 0.000534184
-4.11306	 0.000602781
-4.10973	 0.000569403
-4.10639	 0.00070594
-4.10306	 0.000628233
-4.09973	 0.000661111
-4.09639	 0.00065424
-4.09306	 0.000615843
-4.08973	 0.000555698
-4.08639	 0.000414569
-4.08306	 0.000562139
-4.07973	 0.000600765
-4.07639	 0.000557861
-4.07306	 0.000703074
-4.06973	 0.000511189
-4.0664	 0.000597026
-4.06306	 0.00065921
-4.05973	 0.000740249
-4.0564	 0.000931936
-4.05306	 0.000840627
-4.04973	 0.000483692
-4.0464	 0.000742763
-4.04306	 0.000657777
-4.03973	 0.000639122
-4.0364	 0.000667141
-4.03306	 0.00070331
-4.02973	 0.000627222
-4.0264	 0.000696139
-4.02307	 0.000649726
-4.01973	 0.000646821
-4.0164	 0.000735291
-4.01307	 0.000695559
-4.00973	 0.00081899
-4.0064	 0.000978144
-4.00307	 0.000766818
-3.99973	 0.000834672
-3.9964	 0.000642129
-3.99307	 0.000733072
-3.98973	 0.000721811
-3.9864	 0.0007947
-3.98307	 0.000786271
-3.97973	 0.0006884
-3.9764	 0.000619511
-3.97307	 0.000957664
-3.96974	 0.000767614
-3.9664	 0.000905106
-3.96307	 0.000641734
-3.95974	 0.000977801
-3.9564	 0.000665513
-3.95307	 0.000785498
-3.94974	 0.00072563
-3.9464	 0.000833895
-3.94307	 0.000808235
-3.93974	 0.000937664
-3.9364	 0.000863773
-3.93307	 0.000874095
-3.92974	 0.000835401
-3.9264	 0.000767035
-3.92307	 0.00076101
-3.91974	 0.000650208
-3.91641	 0.000752453
-3.91307	 0.000912588
-3.90974	 0.000838487
-3.90641	 0.000952032
-3.90307	 0.000836675
-3.89974	 0.000840002
-3.89641	 0.000740349
-3.89307	 0.00101208
-3.88974	 0.000728523
-3.88641	 0.000825059
-3.88307	 0.000976048
-3.87974	 0.000738153
-3.87641	 0.000842162
-3.87308	 0.000854503
-3.86974	 0.00084226
-3.86641	 0.000938869
-3.86308	 0.000773761
-3.85974	 0.000761878
-3.85641	 0.00133326
-3.85308	 0.00101345
-3.84974	 0.000902314
-3.84641	 0.00151366
-3.84308	 0.00113015
-3.83974	 0.00131958
-3.83641	 0.000691194
-3.83308	 0.00107111
-3.82974	 0.0010432
-3.82641	 0.00126395
-3.82308	 0.00127373
-3.81975	 0.00126177
-3.81641	 0.00105421
-3.81308	 0.00128054
-3.80975	 0.00105649
-3.80641	 0.000909723
-3.80308	 0.00122696
-3.79975	 0.00103149
-3.79641	 0.00150966
-3.79308	 0.00130814
-3.78975	 0.00121634
-3.78641	 0.0011581
-3.78308	 0.00119124
-3.77975	 0.00136516
-3.77641	 0.0013127
-3.77308	 0.00134912
-3.76975	 0.00151241
-3.76642	 0.00169234
-3.76308	 0.00162364
-3.75975	 0.00109805
-3.75642	 0.00134521
-3.75308	 0.00158273
-3.74975	 0.00181476
-3.74642	 0.00195537
-3.74308	 0.00175553
-3.73975	 0.00173135
-3.73642	 0.00159751
-3.73308	 0.0013785
-3.72975	 0.00176927
-3.72642	 0.00164652
-3.72309	 0.00181421
-3.71975	 0.00158482
-3.71642	 0.00170565
-3.71309	 0.00150757
-3.70975	 0.00205009
-3.70642	 0.00183768
-3.70309	 0.001865
-3.69975	 0.00198708
-3.69642	 0.00180635
-3.69309	 0.00192072
-3.68975	 0.00179314
-3.68642	 0.00149011
-3.68309	 0.00176906
-3.67975	 0.00213841
-3.67642	 0.00155974
-3.67309	 0.00195574
-3.66976	 0.00175753
-3.66642	 0.0021223
-3.66309	 0.00151107
-3.65976	 0.00181403
-3.65642	 0.0025963
-3.65309	 0.00201001
-3.64976	 0.00202853
-3.64642	 0.002014
-3.64309	 0.00196161
-3.63976	 0.00267482
-3.63642	 0.00163442
-3.63309	 0.00224171
-3.62976	 0.00264952
-3.62642	 0.00264711
-3.62309	 0.00181447
-3.61976	 0.00180893
-3.61643	 0.00326948
-3.61309	 0.00245931
-3.60976	 0.00270241
-3.60643	 0.00198739
-3.60309	 0.00253361
-3.59976	 0.00245642
-3.59643	 0.00291687
-3.59309	 0.00276535
-3.58976	 0.00247021
-3.58643	 0.00277869
-3.58309	 0.00311913
-3.57976	 0.00203018
-3.57643	 0.00271554
-3.5731	 0.00247826
-3.56976	 0.00238596
-3.56643	 0.00261292
-3.5631	 0.00293251
-3.55976	 0.00200576
-3.55643	 0.00212065
-3.5531	 0.00266874
-3.54976	 0.00215045
-3.54643	 0.0029841
-3.5431	 0.00213479
-3.53976	 0.00147502
-3.53643	 0.00198053
-3.5331	 0.00215383
-3.52976	 0.00165387
-3.52643	 0.0015246
-3.5231	 0.00159101
-3.51977	 0.00178481
-3.51643	 0.00157058
-3.5131	 0.00151258
-3.50977	 0.00149457
-3.50643	 0.00177713
-3.5031	 0.00160116
-3.49977	 0.0017282
-3.49643	 0.0015338
-3.4931	 0.00181016
-3.48977	 0.00157706
-3.48643	 0.00119421
-3.4831	 0.00139345
-3.47977	 0.00140702
-3.47643	 0.00145216
-3.4731	 0.00125495
-3.46977	 0.00129344
-3.46644	 0.00126931
-3.4631	 0.00151046
-3.45977	 0.00124929
-3.45644	 0.00126114
-3.4531	 0.00163818
-3.44977	 0.00132057
-3.44644	 0.000979656
-3.4431	 0.00137764
-3.43977	 0.00102926
-3.43644	 0.00124368
-3.4331	 0.00117747
-3.42977	 0.00107137
-3.42644	 0.000999811
-3.42311	 0.0012539
-3.41977	 0.00127438
-3.41644	 0.00133058
-3.41311	 0.00111113
-3.40977	 0.00119411
-3.40644	 0.00103596
-3.40311	 0.00100019
-3.39977	 0.00118286
-3.39644	 0.000874185
-3.39311	 0.00119289
-3.38977	 0.00109225
-3.38644	 0.000899257
-3.38311	 0.000841826
-3.37977	 0.000942899
-3.37644	 0.00113751
-3.37311	 0.00102592
-3.36978	 0.000912655
-3.36644	 0.000936594
-3.36311	 0.00102316
-3.35978	 0.00090249
-3.35644	 0.000910915
-3.35311	 0.000885047
-3.34978	 0.000796642
-3.34644	 0.00109069
-3.34311	 0.00077083
-3.33978	 0.000741138
-3.33644	 0.000858349
-3.33311	 0.000617583
-3.32978	 0.00079259
-3.32644	 0.00090035
-3.32311	 0.000576663
-3.31978	 0.000892733
-3.31645	 0.000764457
-3.31311	 0.000729688
-3.30978	 0.000835953
-3.30645	 0.000775012
-3.30311	 0.000730178
-3.29978	 0.000856526
-3.29645	 0.000749659
-3.29311	 0.000754234
-3.28978	 0.00063889
-3.28645	 0.000796411
-3.28311	 0.000755752
-3.27978	 0.000841185
-3.27645	 0.000875601
-3.27312	 0.000621935
-3.26978	 0.000869215
-3.26645	 0.000836895
-3.26312	 0.000778805
-3.25978	 0.000688448
-3.25645	 0.000935139
-3.25312	 0.000758861
-3.24978	 0.000879444
-3.24645	 0.000798496
-3.24312	 0.000704305
-3.23978	 0.000603435
-3.23645	 0.000680723
-3.23312	 0.00072223
-3.22978	 0.000867351
-3.22645	 0.000799589
-3.22312	 0.000769647
-3.21979	 0.000570552
-3.21645	 0.000790732
-3.21312	 0.000709309
-3.20979	 0.000565626
-3.20645	 0.000743772
-3.20312	 0.000497635
-3.19979	 0.000588002
-3.19645	 0.000661841
-3.19312	 0.000692904
-3.18979	 0.000672089
-3.18645	 0.0005825
-3.18312	 0.000608344
-3.17979	 0.000640156
-3.17645	 0.000658687
-3.17312	 0.000660208
-3.16979	 0.000859807
-3.16646	 0.000593144
-3.16312	 0.000596396
-3.15979	 0.000626003
-3.15646	 0.000547333
-3.15312	 0.000554671
-3.14979	 0.000653624
-3.14646	 0.000597983
-3.14312	 0.000673372
-3.13979	 0.00073069
-3.13646	 0.000473945
-3.13312	 0.000714677
-3.12979	 0.000744362
-3.12646	 0.000677934
-3.12313	 0.000638369
-3.11979	 0.000597063
-3.11646	 0.000626267
-3.11313	 0.000602862
-3.10979	 0.000554278
-3.10646	 0.000496242
-3.10313	 0.000688491
-3.09979	 0.000576113
-3.09646	 0.000756252
-3.09313	 0.000446649
-3.08979	 0.000549036
-3.08646	 0.000619533
-3.08313	 0.000661327
-3.07979	 0.000685027
-3.07646	 0.000717815
-3.07313	 0.00058856
-3.0698	 0.00064546
-3.06646	 0.000610677
-3.06313	 0.00054654
-3.0598	 0.000761841
-3.05646	 0.000692699
-3.05313	 0.000594222
-3.0498	 0.000712968
-3.04646	 0.000739663
-3.04313	 0.000692864
-3.0398	 0.000523843
-3.03646	 0.000728929
-3.03313	 0.000632012
-3.0298	 0.000799706
-3.02646	 0.000611936
-3.02313	 0.00064531
-3.0198	 0.00054493
-3.01647	 0.00073617
-3.01313	 0.000628708
-3.0098	 0.000557563
-3.00647	 0.00058359
-3.00313	 0.000531277
-2.9998	 0.000545983
-2.99647	 0.000607459
-2.99313	 0.000504591
-2.9898	 0.000580323
-2.98647	 0.000689448
-2.98313	 0.000602077
-2.9798	 0.000595158
-2.97647	 0.000505758
-2.97314	 0.000643533
-2.9698	 0.000583802
-2.96647	 0.000655504
-2.96314	 0.000586557
-2.9598	 0.000617614
-2.95647	 0.000746394
-2.95314	 0.000617185
-2.9498	 0.000550281
-2.94647	 0.000356657
-2.94314	 0.000690673
-2.9398	 0.000769498
-2.93647	 0.000710404
-2.93314	 0.000752276
-2.9298	 0.000633699
-2.92647	 0.000698359
-2.92314	 0.000635982
-2.91981	 0.000722284
-2.91647	 0.000564295
-2.91314	 0.000642077
-2.90981	 0.000787018
-2.90647	 0.000516864
-2.90314	 0.000502768
-2.89981	 0.000586422
-2.89647	 0.000676757
-2.89314	 0.000636837
-2.88981	 0.000630272
-2.88647	 0.000605913
-2.88314	 0.000570527
-2.87981	 0.000678978
-2.87647	 0.000688275
-2.87314	 0.000569738
-2.86981	 0.000518588
-2.86648	 0.000723345
-2.86314	 0.000801284
-2.85981	 0.000611411
-2.85648	 0.000662422
-2.85314	 0.000716706
-2.84981	 0.000549842
-2.84648	 0.000708581
-2.84314	 0.000800877
-2.83981	 0.000856894
-2.83648	 0.000859617
-2.83314	 0.000800312
-2.82981	 0.000714225
-2.82648	 0.000611291
-2.82315	 0.000649668
-2.81981	 0.000660291
-2.81648	 0.000634994
-2.81315	 0.000737216
-2.80981	 0.000644525
-2.80648	 0.0009303
-2.80315	 0.00101466
-2.79981	 0.000804935
-2.79648	 0.000611349
-2.79315	 0.000756415
-2.78981	 0.000720958
-2.78648	 0.000774464
-2.78315	 0.000852387
-2.77981	 0.000779696
-2.77648	 0.000826676
-2.77315	 0.000719442
-2.76982	 0.000807945
-2.76648	 0.000649374
-2.76315	 0.00113016
-2.75982	 0.000668491
-2.75648	 0.000928967
-2.75315	 0.000789001
-2.74982	 0.000815427
-2.74648	 0.000675091
-2.74315	 0.000867379
-2.73982	 0.000795886
-2.73648	 0.00089988
-2.73315	 0.000750542
-2.72982	 0.000688647
-2.72648	 0.000944756
-2.72315	 0.000729846
-2.71982	 0.000733166
-2.71649	 0.000830128
-2.71315	 0.000853213
-2.70982	 0.000831341
-2.70649	 0.000792493
-2.70315	 0.000810686
-2.69982	 0.00103355
-2.69649	 0.00101738
-2.69315	 0.000753703
-2.68982	 0.00106301
-2.68649	 0.000820229
-2.68315	 0.000836173
-2.67982	 0.000882906
-2.67649	 0.000692405
-2.67316	 0.00107926
-2.66982	 0.000934444
-2.66649	 0.00110106
-2.66316	 0.000832
-2.65982	 0.0012645
-2.65649	 0.0010534
-2.65316	 0.00107899
-2.64982	 0.000864354
-2.64649	 0.00109669
-2.64316	 0.000955221
-2.63982	 0.00119022
-2.63649	 0.0010399
-2.63316	 0.00112666
-2.62982	 0.00107804
-2.62649	 0.00107986
-2.62316	 0.00123467
-2.61983	 0.000843602
-2.61649	 0.00155866
-2.61316	 0.000963925
-2.60983	 0.000856453
-2.60649	 0.00115873
-2.60316	 0.00113318
-2.59983	 0.00100041
-2.59649	 0.0018318
-2.59316	 0.0013026
-2.58983	 0.00153246
-2.58649	 0.00132662
-2.58316	 0.00144132
-2.57983	 0.00181636
-2.57649	 0.00128731
-2.57316	 0.00144565
-2.56983	 0.00108426
-2.5665	 0.00179093
-2.56316	 0.00150388
-2.55983	 0.00126715
-2.5565	 0.00150889
-2.55316	 0.0017514
-2.54983	 0.00192165
-2.5465	 0.00137789
-2.54316	 0.00152529
-2.53983	 0.00172498
-2.5365	 0.00172801
-2.53316	 0.00157993
-2.52983	 0.00107249
-2.5265	 0.00195856
-2.52317	 0.00211811
-2.51983	 0.00168707
-2.5165	 0.00228976
-2.51317	 0.00206264
-2.50983	 0.0015377
-2.5065	 0.00222598
-2.50317	 0.0016045
-2.49983	 0.00207697
-2.4965	 0.00212807
-2.49317	 0.00207471
-2.48983	 0.0024902
-2.4865	 0.00215276
-2.48317	 0.00248525
-2.47983	 0.00187682
-2.4765	 0.00192681
-2.47317	 0.00149247
-2.46984	 0.00216052
-2.4665	 0.00252663
-2.46317	 0.00228123
-2.45984	 0.00300245
-2.4565	 0.00220078
-2.45317	 0.00320557
-2.44984	 0.00212026
-2.4465	 0.00271026
-2.44317	 0.00302728
-2.43984	 0.00247618
-2.4365	 0.00291824
-2.43317	 0.00303198
-2.42984	 0.00308376
-2.4265	 0.00297965
-2.42317	 0.00227992
-2.41984	 0.00330824
-2.41651	 0.00267601
-2.41317	 0.00319922
-2.40984	 0.0028596
-2.40651	 0.00418436
-2.40317	 0.00422981
-2.39984	 0.00398105
-2.39651	 0.00455476
-2.39317	 0.00335685
-2.38984	 0.00431975
-2.38651	 0.0040449
-2.38317	 0.00296554
-2.37984	 0.00388542
-2.37651	 0.00417847
-2.37318	 0.00440063
-2.36984	 0.00554724
-2.36651	 0.0041574
-2.36318	 0.00410752
-2.35984	 0.00484024
-2.35651	 0.00385614
-2.35318	 0.00382589
-2.34984	 0.0043973
-2.34651	 0.00454003
-2.34318	 0.00272617
-2.33984	 0.0045116
-2.33651	 0.00284697
-2.33318	 0.00305733
-2.32984	 0.00294568
-2.32651	 0.00244536
-2.32318	 0.00243579
-2.31985	 0.00234024
-2.31651	 0.00269462
-2.31318	 0.00326883
-2.30985	 0.00217661
-2.30651	 0.00222384
-2.30318	 0.00233126
-2.29985	 0.00213954
-2.29651	 0.00236477
-2.29318	 0.00169726
-2.28985	 0.00222129
-2.28651	 0.00182597
-2.28318	 0.00163715
-2.27985	 0.00164729
-2.27651	 0.0016991
-2.27318	 0.0022335
-2.26985	 0.00143593
-2.26652	 0.00216721
-2.26318	 0.00154605
-2.25985	 0.00119601
-2.25652	 0.00231787
-2.25318	 0.00170954
-2.24985	 0.00158156
-2.24652	 0.00110451
-2.24318	 0.0010771
-2.23985	 0.00143369
-2.23652	 0.0010955
-2.23318	 0.00133385
-2.22985	 0.0011739
-2.22652	 0.0011125
-2.22319	 0.00146354
-2.21985	 0.0012722
-2.21652	 0.001078
-2.21319	 0.000906827
-2.20985	 0.0011133
-2.20652	 0.00133625
-2.20319	 0.00146167
-2.19985	 0.000880694
-2.19652	 0.00134166
-2.19319	 0.00114627
-2.18985	 0.00118287
-2.18652	 0.000881628
-2.18319	 0.000843286
-2.17985	 0.00107568
-2.17652	 0.00125096
-2.17319	 0.0011634
-2.16986	 0.000852183
-2.16652	 0.00104127
-2.16319	 0.000899857
-2.15986	 0.000978243
-2.15652	 0.00122679
-2.15319	 0.00108983
-2.14986	 0.00104527
-2.14652	 0.000781355
-2.14319	 0.00101382
-2.13986	 0.00111852
-2.13652	 0.000735484
-2.13319	 0.00116316
-2.12986	 0.000888071
-2.12652	 0.000766866
-2.12319	 0.00083581
-2.11986	 0.000954457
-2.11653	 0.000926933
-2.11319	 0.000991523
-2.10986	 0.000937563
-2.10653	 0.00108292
-2.10319	 0.000775804
-2.09986	 0.000770537
-2.09653	 0.000945941
-2.09319	 0.000853049
-2.08986	 0.000694408
-2.08653	 0.000758003
-2.08319	 0.000843434
-2.07986	 0.000694983
-2.07653	 0.000751399
-2.0732	 0.000714823
-2.06986	 0.000889532
-2.06653	 0.000765294
-2.0632	 0.000770635
-2.05986	 0.000707811
-2.05653	 0.000777651
-2.0532	 0.000767295
-2.04986	 0.000658612
-2.04653	 0.000946976
-2.0432	 0.000787357
-2.03986	 0.00069322
-2.03653	 0.000802709
-2.0332	 0.000822903
-2.02986	 0.000697538
-2.02653	 0.000714844
-2.0232	 0.000739644
-2.01987	 0.000809953
-2.01653	 0.000761322
-2.0132	 0.000824683
-2.00987	 0.00060546
-2.00653	 0.000803171
-2.0032	 0.000843011
-1.99987	 0.000715113
-1.99653	 0.000584586
-1.9932	 0.000678425
-1.98987	 0.000606032
-1.98653	 0.000562529
-1.9832	 0.000720096
-1.97987	 0.000625341
-1.97653	 0.000709159
-1.9732	 0.000802531
-1.96987	 0.000748695
-1.96654	 0.000826628
-1.9632	 0.000731307
-1.95987	 0.000521535
-1.95654	 0.000685175
-1.9532	 0.000678895
-1.94987	 0.000600226
-1.94654	 0.000713252
-1.9432	 0.000712947
-1.93987	 0.000449812
-1.93654	 0.000614312
-1.9332	 0.000616096
-1.92987	 0.0008549
-1.92654	 0.000868694
-1.92321	 0.000939844
-1.91987	 0.000885955
-1.91654	 0.000598576
-1.91321	 0.000791239
-1.90987	 0.000606205
-1.90654	 0.000725717
-1.90321	 0.000648263
-1.89987	 0.000612902
-1.89654	 0.000640278
-1.89321	 0.000976035
-1.88987	 0.000567779
-1.88654	 0.000520698
-1.88321	 0.000666755
-1.87987	 0.000709804
-1.87654	 0.000754834
-1.87321	 0.000590622
-1.86988	 0.000698814
-1.86654	 0.000794395
-1.86321	 0.000676647
-1.85988	 0.00078388
-1.85654	 0.000598875
-1.85321	 0.000457905
-1.84988	 0.000647358
-1.84654	 0.000756002
-1.84321	 0.000718841
-1.83988	 0.000474277
-1.83654	 0.000647668
-1.83321	 0.00054774
-1.82988	 0.00065434
-1.82654	 0.000771602
-1.82321	 0.000730572
-1.81988	 0.000524133
-1.81655	 0.000546032
-1.81321	 0.00062028
-1.80988	 0.00061377
-1.80655	 0.000689466
-1.80321	 0.000885013
-1.79988	 0.000538834
-1.79655	 0.000770935
-1.79321	 0.000722088
-1.78988	 0.000568742
-1.78655	 0.000601768
-1.78321	 0.000660833
-1.77988	 0.000767829
-1.77655	 0.000794164
-1.77322	 0.000613761
-1.76988	 0.000640047
-1.76655	 0.00074492
-1.76322	 0.000624233
-1.75988	 0.000608802
-1.75655	 0.000511753
-1.75322	 0.000584911
-1.74988	 0.000622161
-1.74655	 0.00081137
-1.74322	 0.000574505
-1.73988	 0.000809433
-1.73655	 0.000635484
-1.73322	 0.000613449
-1.72988	 0.000681856
-1.72655	 0.000779255
-1.72322	 0.000605914
-1.71989	 0.000814284
-1.71655	 0.000613779
-1.71322	 0.000700144
-1.70989	 0.000604367
-1.70655	 0.00062302
-1.70322	 0.000651604
-1.69989	 0.000798444
-1.69655	 0.000621964
-1.69322	 0.000636539
-1.68989	 0.000810967
-1.68655	 0.000666092
-1.68322	 0.000816298
-1.67989	 0.000732111
-1.67655	 0.000804443
-1.67322	 0.000686904
-1.66989	 0.000669266
-1.66656	 0.00070048
-1.66322	 0.000583109
-1.65989	 0.00067252
-1.65656	 0.000716994
-1.65322	 0.000640196
-1.64989	 0.00058557
-1.64656	 0.000528136
-1.64322	 0.000723009
-1.63989	 0.00064103
-1.63656	 0.00065388
-1.63322	 0.000700252
-1.62989	 0.000835473
-1.62656	 0.000826667
-1.62323	 0.000805892
-1.61989	 0.000710493
-1.61656	 0.000936047
-1.61323	 0.00085054
-1.60989	 0.000884709
-1.60656	 0.000877976
-1.60323	 0.000825427
-1.59989	 0.00055259
-1.59656	 0.000784275
-1.59323	 0.000852059
-1.58989	 0.000649109
-1.58656	 0.00080911
-1.58323	 0.000678025
-1.57989	 0.000817519
-1.57656	 0.000921278
-1.57323	 0.000616115
-1.5699	 0.000675569
-1.56656	 0.000780441
-1.56323	 0.00074045
-1.5599	 0.000844612
-1.55656	 0.000680416
-1.55323	 0.000845705
-1.5499	 0.000860662
-1.54656	 0.000587564
-1.54323	 0.000730954
-1.5399	 0.000785481
-1.53656	 0.000659358
-1.53323	 0.000891752
-1.5299	 0.00090508
-1.52656	 0.000847168
-1.52323	 0.000838837
-1.5199	 0.000876231
-1.51657	 0.00086472
-1.51323	 0.000799114
-1.5099	 0.000802306
-1.50657	 0.001341
-1.50323	 0.000956008
-1.4999	 0.000741154
-1.49657	 0.000770258
-1.49323	 0.00071316
-1.4899	 0.000863079
-1.48657	 0.000970627
-1.48323	 0.00115601
-1.4799	 0.0010352
-1.47657	 0.000723672
-1.47324	 0.000807248
-1.4699	 0.000820978
-1.46657	 0.000912137
-1.46324	 0.000664439
-1.4599	 0.00102233
-1.45657	 0.000620693
-1.45324	 0.000886885
-1.4499	 0.000805349
-1.44657	 0.00091344
-1.44324	 0.0012803
-1.4399	 0.00108266
-1.43657	 0.00105404
-1.43324	 0.00103105
-1.4299	 0.00106309
-1.42657	 0.00113427
-1.42324	 0.00114506
-1.41991	 0.00120926
-1.41657	 0.00110532
-1.41324	 0.00125075
-1.40991	 0.00089535
-1.40657	 0.00108188
-1.40324	 0.000841294
-1.39991	 0.00125718
-1.39657	 0.0016314
-1.39324	 0.00139322
-1.38991	 0.00111696
-1.38657	 0.00136785
-1.38324	 0.00130643
-1.37991	 0.00124377
-1.37657	 0.00113737
-1.37324	 0.00145737
-1.36991	 0.00066327
-1.36658	 0.00149573
-1.36324	 0.00177399
-1.35991	 0.0012407
-1.35658	 0.00151766
-1.35324	 0.00150995
-1.34991	 0.0011083
-1.34658	 0.00137722
-1.34324	 0.00159427
-1.33991	 0.00171545
-1.33658	 0.0018442
-1.33324	 0.00142302
-1.32991	 0.00141258
-1.32658	 0.00160085
-1.32325	 0.0016264
-1.31991	 0.00203639
-1.31658	 0.00201445
-1.31325	 0.00171902
-1.30991	 0.00200744
-1.30658	 0.00198727
-1.30325	 0.00238985
-1.29991	 0.00309294
-1.29658	 0.00273618
-1.29325	 0.00191781
-1.28991	 0.00198284
-1.28658	 0.00282291
-1.28325	 0.00290469
-1.27991	 0.00315731
-1.27658	 0.00244272
-1.27325	 0.00256394
-1.26992	 0.00288999
-1.26658	 0.00283964
-1.26325	 0.0030424
-1.25992	 0.0034129
-1.25658	 0.00255368
-1.25325	 0.00361786
-1.24992	 0.00302062
-1.24658	 0.00310189
-1.24325	 0.0037915
-1.23992	 0.00391694
-1.23658	 0.002847
-1.23325	 0.00352204
-1.22992	 0.0047602
-1.22658	 0.00448769
-1.22325	 0.00435987
-1.21992	 0.00590119
-1.21659	 0.00542433
-1.21325	 0.00436101
-1.20992	 0.00722253
-1.20659	 0.00661346
-1.20325	 0.00653976
-1.19992	 0.0103643
-1.19659	 0.0128119
-1.19325	 0.0126511
-1.18992	 0.0134686
-1.18659	 0.0149933
-1.18325	 0.0174446
-1.17992	 0.0171469
-1.17659	 0.0110542
-1.17326	 0.0116346
-1.16992	 0.00881368
-1.16659	 0.0096485
-1.16326	 0.00735772
-1.15992	 0.00765698
-1.15659	 0.00605579
-1.15326	 0.00535821
-1.14992	 0.00422323
-1.14659	 0.00496579
-1.14326	 0.00461152
-1.13992	 0.00428141
-1.13659	 0.00421067
-1.13326	 0.0036348
-1.12992	 0.00430602
-1.12659	 0.00336284
-1.12326	 0.00383983
-1.11993	 0.00255784
-1.11659	 0.00302576
-1.11326	 0.00258918
-1.10993	 0.00258762
-1.10659	 0.00249256
-1.10326	 0.0023785
-1.09993	 0.00237684
-1.09659	 0.00189862
-1.09326	 0.00208156
-1.08993	 0.00239657
-1.08659	 0.00164304
-1.08326	 0.00216645
-1.07993	 0.00197688
-1.07659	 0.00210668
-1.07326	 0.00173344
-1.06993	 0.00190695
-1.0666	 0.00172583
-1.06326	 0.00183859
-1.05993	 0.00229015
-1.0566	 0.00179981
-1.05326	 0.00126301
-1.04993	 0.00166485
-1.0466	 0.00142411
-1.04326	 0.00132238
-1.03993	 0.00158746
-1.0366	 0.00148838
-1.03326	 0.00129729
-1.02993	 0.00136294
-1.0266	 0.00130942
-1.02327	 0.00153105
-1.01993	 0.00151157
-1.0166	 0.001375
-1.01327	 0.00127307
-1.00993	 0.0012732
-1.0066	 0.00090857
-1.00327	 0.000896095
-0.999933	 0.00108723
-0.9966	 0.00117956
-0.993267	 0.00144594
-0.989934	 0.00117687
-0.986601	 0.00123069
-0.983268	 0.00109303
-0.979935	 0.000965049
-0.976602	 0.0012594
-0.973268	 0.00122505
-0.969935	 0.000836647
-0.966602	 0.000610735
-0.963269	 0.00110241
-0.959936	 0.000954227
-0.956603	 0.0010574
-0.95327	 0.00121398
-0.949937	 0.00124311
-0.946604	 0.00156148
-0.94327	 0.00101101
-0.939937	 0.001042
-0.936604	 0.000668776
-0.933271	 0.00114431
-0.929938	 0.000864091
-0.926605	 0.000968802
-0.923272	 0.00106746
-0.919939	 0.00116367
-0.916606	 0.000852654
-0.913272	 0.000804535
-0.909939	 0.00101353
-0.906606	 0.000947076
-0.903273	 0.000662242
-0.89994	 0.00100549
-0.896607	 0.000820043
-0.893274	 0.000812153
-0.889941	 0.00108755
-0.886608	 0.000750612
-0.883274	 0.00104004
-0.879941	 0.000651237
-0.876608	 0.000887417
-0.873275	 0.00102706
-0.869942	 0.000758607
-0.866609	 0.000859479
-0.863276	 0.000919362
-0.859943	 0.000982632
-0.85661	 0.000921688
-0.853276	 0.00074092
-0.849943	 0.000903586
-0.84661	 0.00101821
-0.843277	 0.000772242
-0.839944	 0.000862429
-0.836611	 0.000560495
-0.833278	 0.000891079
-0.829945	 0.000704923
-0.826612	 0.000861567
-0.823278	 0.00094111
-0.819945	 0.0010348
-0.816612	 0.000735788
-0.813279	 0.000774491
-0.809946	 0.000658564
-0.806613	 0.000640676
-0.80328	 0.000704937
-0.799947	 0.000512527
-0.796614	 0.000631625
-0.79328	 0.000695912
-0.789947	 0.000906531
-0.786614	 0.000773114
-0.783281	 0.000676678
-0.779948	 0.000650405
-0.776615	 0.000794145
-0.773282	 0.000794018
-0.769949	 0.000514735
-0.766616	 0.000569517
-0.763282	 0.00068661
-0.759949	 0.000662243
-0.756616	 0.000715636
-0.753283	 0.000940709
-0.74995	 0.000562749
-0.746617	 0.000714113
-0.743284	 0.000623459
-0.739951	 0.000713869
-0.736618	 0.000672739
-0.733284	 0.00073334
-0.729951	 0.000718533
-0.726618	 0.000679776
-0.723285	 0.000753544
-0.719952	 0.000715825
-0.716619	 0.000805378
-0.713286	 0.00085732
-0.709953	 0.000651484
-0.70662	 0.000730764
-0.703286	 0.000686069
-0.699953	 0.000791758
-0.69662	 0.000837108
-0.693287	 0.000712374
-0.689954	 0.000816903
-0.686621	 0.000687212
-0.683288	 0.00078521
-0.679955	 0.000839008
-0.676622	 0.000764916
-0.673288	 0.000712222
-0.669955	 0.00070006
-0.666622	 0.000785344
-0.663289	 0.000820856
-0.659956	 0.000592567
-0.656623	 0.000596418
-0.65329	 0.000806659
-0.649957	 0.000727311
-0.646624	 0.00067847
-0.64329	 0.000743128
-0.639957	 0.000490002
-0.636624	 0.000809082
-0.633291	 0.000556429
-0.629958	 0.000640116
-0.626625	 0.000581984
-0.623292	 0.00085264
-0.619959	 0.000656665
-0.616626	 0.000786741
-0.613292	 0.000609286
-0.609959	 0.000710814
-0.606626	 0.000761468
-0.603293	 0.000734405
-0.59996	 0.000691759
-0.596627	 0.000606969
-0.593294	 0.00062256
-0.589961	 0.000870572
-0.586628	 0.000768627
-0.583294	 0.000774408
-0.579961	 0.000828078
-0.576628	 0.000842725
-0.573295	 0.000783625
-0.569962	 0.000776205
-0.566629	 0.00076002
-0.563296	 0.000705436
-0.559963	 0.000720797
-0.55663	 0.000657795
-0.553296	 0.000999509
-0.549963	 0.000686036
-0.54663	 0.000769436
-0.543297	 0.000654651
-0.539964	 0.000973225
-0.536631	 0.00105351
-0.533298	 0.000754145
-0.529965	 0.000756499
-0.526632	 0.0006611
-0.523298	 0.000832757
-0.519965	 0.000838877
-0.516632	 0.000921545
-0.513299	 0.000862683
-0.509966	 0.000869515
-0.506633	 0.000630705
-0.5033	 0.000608244
-0.499967	 0.000778912
-0.496634	 0.000825554
-0.4933	 0.000646889
-0.489967	 0.000840474
-0.486634	 0.000927576
-0.483301	 0.000699162
-0.479968	 0.000799188
-0.476635	 0.000643547
-0.473302	 0.00103117
-0.469969	 0.000899156
-0.466636	 0.000792932
-0.463302	 0.00102687
-0.459969	 0.000786344
-0.456636	 0.000776098
-0.453303	 0.000914314
-0.44997	 0.000941527
-0.446637	 0.000707629
-0.443304	 0.00082277
-0.439971	 0.000718535
-0.436638	 0.000702504
-0.433304	 0.000746798
-0.429971	 0.000802685
-0.426638	 0.000799037
-0.423305	 0.000876121
-0.419972	 0.0010287
-0.416639	 0.000955457
-0.413306	 0.000783599
-0.409973	 0.00100425
-0.40664	 0.000758086
-0.403306	 0.000878
-0.399973	 0.000895895
-0.39664	 0.000802441
-0.393307	 0.00069327
-0.389974	 0.00107476
-0.386641	 0.000657154
-0.383308	 0.000708273
-0.379975	 0.000833142
-0.376642	 0.00068232
-0.373308	 0.000978834
-0.369975	 0.00101724
-0.366642	 0.00108651
-0.363309	 0.000794052
-0.359976	 0.00127773
-0.356643	 0.000874535
-0.35331	 0.00111437
-0.349977	 0.00114146
-0.346644	 0.000991118
-0.34331	 0.0010499
-0.339977	 0.000948454
-0.336644	 0.000950096
-0.333311	 0.000976796
-0.329978	 0.000923068
-0.326645	 0.000844261
-0.323312	 0.00100919
-0.319979	 0.00102165
-0.316646	 0.00099981
-0.313312	 0.0011066
-0.309979	 0.00101914
-0.306646	 0.000859648
-0.303313	 0.00075325
-0.29998	 0.00107042
-0.296647	 0.00118646
-0.293314	 0.00111133
-0.289981	 0.00139269
-0.286648	 0.00117506
-0.283314	 0.000999904
-0.279981	 0.00128573
-0.276648	 0.00102643
-0.273315	 0.00154858
-0.269982	 0.0011617
-0.266649	 0.00113017
-0.263316	 0.00136796
-0.259983	 0.00103592
-0.25665	 0.00142553
-0.253316	 0.00129194
-0.249983	 0.00113528
-0.24665	 0.000905645
-0.243317	 0.00132185
-0.239984	 0.00107196
-0.236651	 0.00135535
-0.233318	 0.00150911
-0.229985	 0.00148561
-0.226652	 0.000967608
-0.223318	 0.00139583
-0.219985	 0.00138384
-0.216652	 0.0012861
-0.213319	 0.00121123
-0.209986	 0.00150877
-0.206653	 0.00116169
-0.20332	 0.00113876
-0.199987	 0.00136593
-0.196654	 0.00184266
-0.19332	 0.00116903
-0.189987	 0.00121494
-0.186654	 0.00148039
-0.183321	 0.00188399
-0.179988	 0.00177306
-0.176655	 0.00137298
-0.173322	 0.00193421
-0.169989	 0.00173239
-0.166656	 0.00176142
-0.163322	 0.00203033
-0.159989	 0.00157143
-0.156656	 0.001687
-0.153323	 0.00195668
-0.14999	 0.00222359
-0.146657	 0.00223756
-0.143324	 0.00155593
-0.139991	 0.00208863
-0.136658	 0.00195358
-0.133324	 0.00230139
-0.129991	 0.00212545
-0.126658	 0.00171957
-0.123325	 0.00241627
-0.119992	 0.00283051
-0.116659	 0.00233172
-0.113326	 0.0023977
-0.109993	 0.00280401
-0.10666	 0.001895
-0.103326	 0.00348268
-0.0999933	 0.00287452
-0.0966602	 0.00299903
-0.0933271	 0.00327275
-0.089994	 0.00315376
-0.0866609	 0.00327694
-0.0833278	 0.00227152
-0.0799947	 0.00321452
-0.0766616	 0.00287543
-0.0733284	 0.00463014
-0.0699953	 0.00454934
-0.0666622	 0.00403039
-0.0633291	 0.00380327
-0.059996	 0.00467848
-0.0566629	 0.00433774
-0.0533298	 0.00562961
-0.0499967	 0.00501393
-0.0466636	 0.00532759
-0.0433304	 0.00723322
-0.0399973	 0.00663213
-0.0366642	 0.00648419
-0.0333311	 0.00854364
-0.029998	 0.0102453
-0.0266649	 0.0111262
-0.0233318	 0.0148462
-0.0199987	 0.0147862
-0.0166656	 0.0171316
-0.0133324	 0.0232908
-0.00999933	 0.0340822
-0.00666622	 0.0622136
-0.00333311	 1.42513e-05
0	 1
0.00333311	 0.0628577
0.00666622	 0.03983
0.00999933	 0.023061
0.0133324	 0.0191967
0.0166656	 0.0143399
0.0199987	 0.0149398
0.0233318	 0.0108436
0.0266649	 0.0100366
0.029998	 0.00828849
0.0333311	 0.0065443
0.0366642	 0.00623478
0.0399973	 0.00665473
0.0433304	 0.00655731
0.0466636	 0.00469974
0.0499967	 0.00582626
0.0533298	 0.00435023
0.0566629	 0.00415254
0.059996	 0.00391334
0.0633291	 0.00427688
0.0666622	 0.00433575
0.0699953	 0.00441
0.0733284	 0.00255948
0.0766616	 0.00346094
0.0799947	 0.00258653
0.0833278	 0.00325672
0.0866609	 0.00314729
0.089994	 0.0023766
0.0933271	 0.00307841
0.0966602	 0.00298059
0.0999933	 0.00325129
0.103326	 0.00251124
0.10666	 0.0030416
0.109993	 0.00265964
0.113326	 0.0020425
0.116659	 0.00250655
0.119992	 0.00258089
0.123325	 0.0019513
0.126658	 0.00218301
0.129991	 0.00249684
0.133324	 0.00175205
0.136658	 0.00191995
0.139991	 0.00159596
0.143324	 0.00229832
0.146657	 0.00199781
0.14999	 0.00198745
0.153323	 0.00126674
0.156656	 0.00164784
0.159989	 0.00222067
0.163322	 0.0018275
0.166656	 0.00150923
0.169989	 0.00176619
0.173322	 0.00172317
0.176655	 0.00160928
0.179988	 0.00156709
0.183321	 0.00162917
0.186654	 0.00144889
0.189987	 0.00122828
0.19332	 0.00146147
0.196654	 0.00132261
0.199987	 0.00132392
0.20332	 0.00129591
0.206653	 0.00126791
0.209986	 0.00116385
0.213319	 0.00138077
0.216652	 0.00137532
0.219985	 0.00125196
0.223318	 0.00118666
0.226652	 0.00128643
0.229985	 0.00153962
0.233318	 0.00127155
0.236651	 0.00134299
0.239984	 0.00136945
0.243317	 0.00105618
0.24665	 0.00122348
0.249983	 0.00131211
0.253316	 0.00124729
0.25665	 0.0014252
0.259983	 0.00104907
0.263316	 0.00121656
0.266649	 0.00114949
0.269982	 0.0013873
0.273315	 0.000924084
0.276648	 0.0010636
0.279981	 0.00127271
0.283314	 0.00091786
0.286648	 0.00114724
0.289981	 0.000924593
0.293314	 0.000969029
0.296647	 0.00110087
0.29998	 0.00113864
0.303313	 0.000924519
0.306646	 0.00110869
0.309979	 0.00087915
0.313312	 0.000950132
0.316646	 0.000749674
0.319979	 0.000812831
0.323312	 0.00123014
0.326645	 0.00113752
0.329978	 0.000807177
0.333311	 0.00108771
0.336644	 0.000776558
0.339977	 0.00110747
0.34331	 0.000924802
0.346644	 0.000810791
0.349977	 0.00101899
0.35331	 0.000800201
0.356643	 0.000894066
0.359976	 0.000850273
0.363309	 0.000909472
0.366642	 0.000937523
0.369975	 0.000995425
0.373308	 0.000910517
0.376642	 0.00108246
0.379975	 0.000995077
0.383308	 0.000808489
0.386641	 0.00080951
0.389974	 0.000710481
0.393307	 0.000907457
0.39664	 0.000741446
0.399973	 0.000818425
0.403306	 0.000891789
0.40664	 0.00109479
0.409973	 0.000695349
0.413306	 0.00111201
0.416639	 0.000883589
0.419972	 0.00081375
0.423305	 0.000741416
0.426638	 0.000906094
0.429971	 0.00066304
0.433304	 0.000734223
0.436638	 0.000998882
0.439971	 0.000710179
0.443304	 0.000688505
0.446637	 0.000835671
0.44997	 0.00107045
0.453303	 0.000870359
0.456636	 0.000739751
0.459969	 0.000765975
0.463302	 0.000876821
0.466636	 0.000672686
0.469969	 0.000887442
0.473302	 0.000677295
0.476635	 0.000911295
0.479968	 0.000693519
0.483301	 0.000892927
0.486634	 0.000763189
0.489967	 0.000714645
0.4933	 0.000882397
0.496634	 0.000874049
0.499967	 0.000718099
0.5033	 0.000715207
0.506633	 0.00082962
0.509966	 0.000802261
0.513299	 0.000832192
0.516632	 0.000714925
0.519965	 0.000675721
0.523298	 0.000595106
0.526632	 0.000798322
0.529965	 0.000625468
0.533298	 0.000862214
0.536631	 0.000846278
0.539964	 0.000580126
0.543297	 0.000625973
0.54663	 0.000725605
0.549963	 0.000867334
0.553296	 0.000923694
0.55663	 0.00099924
0.559963	 0.000694376
0.563296	 0.00072202
0.566629	 0.000696365
0.569962	 0.000862539
0.573295	 0.000716026
0.576628	 0.000798194
0.579961	 0.000531359
0.583294	 0.000697336
0.586628	 0.000800012
0.589961	 0.000716373
0.593294	 0.000617551
0.596627	 0.000622594
0.59996	 0.000816815
0.603293	 0.000613199
0.606626	 0.000663792
0.609959	 0.000693078
0.613292	 0.000647951
0.616626	 0.00081713
0.619959	 0.000694716
0.623292	 0.000582696
0.626625	 0.00049931
0.629958	 0.000668202
0.633291	 0.000693661
0.636624	 0.000685141
0.639957	 0.000750889
0.64329	 0.000817144
0.646624	 0.000658955
0.649957	 0.000670058
0.65329	 0.000692567
0.656623	 0.000580977
0.659956	 0.000894884
0.663289	 0.000685406
0.666622	 0.00069077
0.669955	 0.00062872
0.673288	 0.000711332
0.676622	 0.000874757
0.679955	 0.000673246
0.683288	 0.000787578
0.686621	 0.00067288
0.689954	 0.000616574
0.693287	 0.000511509
0.69662	 0.000898117
0.699953	 0.000697872
0.703286	 0.000766692
0.70662	 0.000743296
0.709953	 0.000703482
0.713286	 0.000838218
0.716619	 0.000741808
0.719952	 0.000832414
0.723285	 0.000558482
0.726618	 0.000688691
0.729951	 0.000564558
0.733284	 0.000660821
0.736618	 0.000635769
0.739951	 0.000740538
0.743284	 0.000776599
0.746617	 0.000811248
0.74995	 0.000668686
0.753283	 0.000804491
0.756616	 0.000939283
0.759949	 0.000643068
0.763282	 0.00064082
0.766616	 0.000726644
0.769949	 0.000719721
0.773282	 0.000828863
0.776615	 0.000697834
0.779948	 0.000639008
0.783281	 0.000576774
0.786614	 0.000766464
0.789947	 0.00079814
0.79328	 0.000840084
0.796614	 0.000557739
0.799947	 0.000643415
0.80328	 0.000846066
0.806613	 0.000633818
0.809946	 0.00104454
0.813279	 0.000888758
0.816612	 0.000863807
0.819945	 0.000853415
0.823278	 0.000692704
0.826612	 0.000666898
0.829945	 0.000866689
0.833278	 0.000916833
0.836611	 0.000862365
0.839944	 0.000970198
0.843277	 0.000783346
0.84661	 0.00091822
0.849943	 0.00067114
0.853276	 0.00080331
0.85661	 0.000833873
0.859943	 0.000767849
0.863276	 0.00079597
0.866609	 0.000794001
0.869942	 0.000839235
0.873275	 0.0010191
0.876608	 0.000826216
0.879941	 0.000983288
0.883274	 0.000723301
0.886608	 0.000930743
0.889941	 0.000908446
0.893274	 0.000756228
0.896607	 0.000875203
0.89994	 0.000862699
0.903273	 0.00100793
0.906606	 0.00106947
0.909939	 0.000847274
0.913272	 0.00100975
0.916606	 0.000773595
0.919939	 0.00100609
0.923272	 0.000930626
0.926605	 0.00102568
0.929938	 0.000975699
0.933271	 0.000809145
0.936604	 0.000796581
0.939937	 0.00101552
0.94327	 0.00107872
0.946604	 0.00110483
0.949937	 0.00124229
0.95327	 0.000908718
0.956603	 0.000950955
0.959936	 0.000845444
0.963269	 0.0010526
0.966602	 0.00109987
0.969935	 0.00141339
0.973268	 0.00117197
0.976602	 0.00120342
0.979935	 0.00117947
0.983268	 0.00136432
0.986601	 0.00146552
0.989934	 0.00110844
0.993267	 0.00109916
0.9966	 0.00119922
0.999933	 0.00128297
1.00327	 0.000983388
1.0066	 0.00150101
1.00993	 0.00109698
1.01327	 0.00147515
1.0166	 0.00169728
1.01993	 0.00133269
1.02327	 0.00114288
1.0266	 0.00112244
1.02993	 0.00152539
1.03326	 0.00163376
1.0366	 0.00120424
1.03993	 0.00156245
1.04326	 0.0014341
1.0466	 0.00178599
1.04993	 0.00130494
1.05326	 0.00165327
1.0566	 0.00181466
1.05993	 0.00162478
1.06326	 0.00196469
1.0666	 0.00184409
1.06993	 0.00166058
1.07326	 0.00146906
1.07659	 0.00208486
1.07993	 0.00192813
1.08326	 0.00152492
1.08659	 0.0020301
1.08993	 0.0017541
1.09326	 0.00224491
1.09659	 0.00164715
1.09993	 0.00232104
1.10326	 0.00214947
1.10659	 0.00251215
1.10993	 0.00238962
1.11326	 0.00303092
1.11659	 0.00257888
1.11993	 0.00358896
1.12326	 0.00330548
1.12659	 0.00371867
1.12992	 0.00342221
1.13326	 0.00440106
1.13659	 0.00469063
1.13992	 0.00462783
1.14326	 0.00467925
1.14659	 0.00306014
1.14992	 0.00489994
1.15326	 0.00520055
1.15659	 0.00795352
1.15992	 0.00628083
1.16326	 0.0089361
1.16659	 0.0098755
1.16992	 0.00958662
1.17326	 0.0107455
1.17659	 0.0194074
1.17992	 0.0147522
1.18325	 0.0165339
1.18659	 0.0146663
1.18992	 0.0131119
1.19325	 0.0117701
1.19659	 0.0102904
1.19992	 0.00723338
1.20325	 0.00714773
1.20659	 0.00650415
1.20992	 0.00443778
1.21325	 0.00482056
1.21659	 0.00466899
1.21992	 0.00450099
1.22325	 0.00413655
1.22658	 0.00577387
1.22992	 0.00357262
1.23325	 0.00366306
1.23658	 0.00302005
1.23992	 0.00344159
1.24325	 0.00272162
1.24658	 0.00309096
1.24992	 0.00348942
1.25325	 0.00230104
1.25658	 0.0036977
1.25992	 0.00274801
1.26325	 0.00395699
1.26658	 0.00258455
1.26992	 0.00262878
1.27325	 0.00174053
1.27658	 0.00357956
1.27991	 0.00267984
1.28325	 0.00224531
1.28658	 0.00223833
1.28991	 0.00221698
1.29325	 0.00237592
1.29658	 0.00269563
1.29991	 0.0017364
1.30325	 0.00158749
1.30658	 0.0016332
1.30991	 0.00171502
1.31325	 0.00192657
1.31658	 0.00209055
1.31991	 0.00164135
1.32325	 0.00144573
1.32658	 0.0018783
1.32991	 0.0015405
1.33324	 0.00127879
1.33658	 0.00165243
1.33991	 0.00118333
1.34324	 0.00144196
1.34658	 0.00130667
1.34991	 0.00140544
1.35324	 0.00185315
1.35658	 0.00151618
1.35991	 0.00104554
1.36324	 0.00116567
1.36658	 0.00156079
1.36991	 0.00168543
1.37324	 0.00125219
1.37657	 0.0015036
1.37991	 0.00171127
1.38324	 0.00123199
1.38657	 0.00116551
1.38991	 0.00106767
1.39324	 0.0011811
1.39657	 0.00108663
1.39991	 0.00140542
1.40324	 0.000888273
1.40657	 0.00108917
1.40991	 0.00122672
1.41324	 0.0012953
1.41657	 0.00128366
1.41991	 0.000790412
1.42324	 0.000985656
1.42657	 0.000977965
1.4299	 0.00121235
1.43324	 0.000912733
1.43657	 0.00110785
1.4399	 0.00118464
1.44324	 0.000954943
1.44657	 0.000926389
1.4499	 0.000859818
1.45324	 0.000776753
1.45657	 0.00105503
1.4599	 0.000989206
1.46324	 0.000640839
1.46657	 0.000779967
1.4699	 0.000959922
1.47324	 0.00106796
1.47657	 0.000930537
1.4799	 0.00110578
1.48323	 0.000779318
1.48657	 0.000985098
1.4899	 0.00100519
1.49323	 0.000781742
1.49657	 0.00124421
1.4999	 0.000972648
1.50323	 0.000893618
1.50657	 0.00101186
1.5099	 0.000759384
1.51323	 0.000971148
1.51657	 0.000889597
1.5199	 0.000886016
1.52323	 0.000869158
1.52656	 0.000851545
1.5299	 0.000791579
1.53323	 0.000770348
1.53656	 0.000952375
1.5399	 0.000915449
1.54323	 0.000812083
1.54656	 0.000744091
1.5499	 0.00106229
1.55323	 0.000824168
1.55656	 0.00083694
1.5599	 0.00071531
1.56323	 0.000719984
1.56656	 0.000963368
1.5699	 0.00086044
1.57323	 0.000682126
1.57656	 0.000718701
1.57989	 0.000751929
1.58323	 0.00078263
1.58656	 0.00088105
1.58989	 0.000911545
1.59323	 0.000564502
1.59656	 0.000669207
1.59989	 0.000674247
1.60323	 0.000615027
1.60656	 0.000765431
1.60989	 0.00077707
1.61323	 0.000881787
1.61656	 0.000852164
1.61989	 0.00106528
1.62323	 0.000740384
1.62656	 0.000828588
1.62989	 0.000658882
1.63322	 0.000823309
1.63656	 0.000888378
1.63989	 0.00061741
1.64322	 0.000564031
1.64656	 0.000749543
1.64989	 0.000653914
1.65322	 0.000837086
1.65656	 0.000632139
1.65989	 0.000574387
1.66322	 0.000616858
1.66656	 0.000572701
1.66989	 0.000839431
1.67322	 0.000656373
1.67655	 0.000526749
1.67989	 0.000668669
1.68322	 0.000522592
1.68655	 0.000645952
1.68989	 0.000813394
1.69322	 0.000563227
1.69655	 0.000573343
1.69989	 0.000498377
1.70322	 0.000691457
1.70655	 0.000631498
1.70989	 0.00055016
1.71322	 0.000667814
1.71655	 0.000661655
1.71989	 0.000672163
1.72322	 0.000563217
1.72655	 0.000613683
1.72988	 0.000748538
1.73322	 0.000614828
1.73655	 0.000798923
1.73988	 0.000583957
1.74322	 0.000848932
1.74655	 0.000608077
1.74988	 0.000528409
1.75322	 0.000660175
1.75655	 0.000487305
1.75988	 0.000570198
1.76322	 0.000806789
1.76655	 0.000609399
1.76988	 0.000541797
1.77322	 0.00066285
1.77655	 0.000760632
1.77988	 0.00062849
1.78321	 0.000589313
1.78655	 0.000695123
1.78988	 0.000823869
1.79321	 0.000602616
1.79655	 0.000587155
1.79988	 0.000644247
1.80321	 0.000757474
1.80655	 0.00063584
1.80988	 0.00070662
1.81321	 0.000703379
1.81655	 0.000711795
1.81988	 0.000437414
1.82321	 0.000637047
1.82654	 0.000633493
1.82988	 0.000586416
1.83321	 0.000632021
1.83654	 0.00055457
1.83988	 0.000835863
1.84321	 0.000606549
1.84654	 0.000644701
1.84988	 0.000555081
1.85321	 0.000601039
1.85654	 0.000657726
1.85988	 0.000671496
1.86321	 0.000681081
1.86654	 0.000514465
1.86988	 0.000660911
1.87321	 0.000685976
1.87654	 0.000683386
1.87987	 0.000678558
1.88321	 0.000706964
1.88654	 0.000526645
1.88987	 0.000556462
1.89321	 0.000653497
1.89654	 0.000576348
1.89987	 0.000686052
1.90321	 0.000703807
1.90654	 0.000637509
1.90987	 0.000532648
1.91321	 0.000595692
1.91654	 0.000663389
1.91987	 0.000612167
1.92321	 0.000887562
1.92654	 0.000729723
1.92987	 0.000590396
1.9332	 0.000854599
1.93654	 0.000615665
1.93987	 0.000710444
1.9432	 0.000658484
1.94654	 0.000566957
1.94987	 0.000588619
1.9532	 0.000690509
1.95654	 0.000783336
1.95987	 0.000728524
1.9632	 0.000817536
1.96654	 0.000621404
1.96987	 0.000678604
1.9732	 0.000906524
1.97653	 0.000742417
1.97987	 0.000684627
1.9832	 0.000789701
1.98653	 0.000656047
1.98987	 0.000624764
1.9932	 0.000708015
1.99653	 0.000624915
1.99987	 0.000837893
2.0032	 0.000582502
2.00653	 0.000741038
2.00987	 0.000677667
2.0132	 0.00062277
2.01653	 0.000728258
2.01987	 0.00070196
2.0232	 0.000491327
2.02653	 0.000765379
2.02986	 0.000736095
2.0332	 0.000836229
2.03653	 0.000826005
2.03986	 0.000684343
2.0432	 0.000734542
2.04653	 0.000868856
2.04986	 0.000736891
2.0532	 0.000832577
2.05653	 0.000511837
2.05986	 0.000716715
2.0632	 0.000787596
2.06653	 0.000896682
2.06986	 0.000855966
2.0732	 0.000928737
2.07653	 0.000931972
2.07986	 0.000758346
2.08319	 0.000713588
2.08653	 0.000890027
2.08986	 0.000883688
2.09319	 0.000800799
2.09653	 0.000469098
2.09986	 0.000833834
2.10319	 0.000923061
2.10653	 0.0011009
2.10986	 0.000933853
2.11319	 0.000798395
2.11653	 0.00104871
2.11986	 0.000798553
2.12319	 0.000828613
2.12652	 0.000785367
2.12986	 0.000855389
2.13319	 0.000683162
2.13652	 0.00124312
2.13986	 0.00116645
2.14319	 0.000719068
2.14652	 0.00102097
2.14986	 0.00104928
2.15319	 0.00121382
2.15652	 0.000842388
2.15986	 0.000933321
2.16319	 0.00100552
2.16652	 0.000850275
2.16986	 0.000979635
2.17319	 0.00119106
2.17652	 0.000964033
2.17985	 0.00123951
2.18319	 0.00101972
2.18652	 0.00126391
2.18985	 0.000980859
2.19319	 0.00101143
2.19652	 0.00116643
2.19985	 0.00133717
2.20319	 0.000984926
2.20652	 0.00122142
2.20985	 0.00135684
2.21319	 0.00123897
2.21652	 0.00134036
2.21985	 0.00149983
2.22319	 0.0014354
2.22652	 0.000888285
2.22985	 0.00151193
2.23318	 0.00131319
2.23652	 0.00129457
2.23985	 0.00120906
2.24318	 0.00151076
2.24652	 0.00134298
2.24985	 0.00185045
2.25318	 0.00166909
2.25652	 0.00148888
2.25985	 0.00171846
2.26318	 0.00144542
2.26652	 0.00179084
2.26985	 0.00167657
2.27318	 0.00178767
2.27651	 0.00188368
2.27985	 0.00173802
2.28318	 0.00166684
2.28651	 0.00189784
2.28985	 0.00231943
2.29318	 0.00224788
2.29651	 0.00185237
2.29985	 0.00213412
2.30318	 0.00247149
2.30651	 0.00254231
2.30985	 0.00247198
2.31318	 0.00255384
2.31651	 0.00286779
2.31985	 0.00221705
2.32318	 0.0028345
2.32651	 0.00319789
2.32984	 0.00368288
2.33318	 0.00322523
2.33651	 0.00407336
2.33984	 0.00275165
2.34318	 0.00410389
2.34651	 0.00376494
2.34984	 0.00396323
2.35318	 0.00419683
2.35651	 0.00333975
2.35984	 0.0039573
2.36318	 0.00392668
2.36651	 0.00430167
2.36984	 0.00322555
2.37318	 0.00313697
2.37651	 0.00284544
2.37984	 0.00410934
2.38317	 0.00330987
2.38651	 0.0046452
2.38984	 0.00393641
2.39317	 0.00484241
2.39651	 0.00459096
2.39984	 0.00430754
2.40317	 0.00367041
2.40651	 0.00336644
2.40984	 0.00354976
2.41317	 0.003162
2.41651	 0.00342633
2.41984	 0.00329268
2.42317	 0.00326021
2.4265	 0.00244506
2.42984	 0.00351279
2.43317	 0.00278186
2.4365	 0.00202586
2.43984	 0.00264928
2.44317	 0.00322525
2.4465	 0.00251995
2.44984	 0.00294369
2.45317	 0.00281695
2.4565	 0.00292728
2.45984	 0.0020743
2.46317	 0.00211023
2.4665	 0.00233253
2.46984	 0.00201744
2.47317	 0.00194085
2.4765	 0.00229616
2.47983	 0.00237119
2.48317	 0.00179912
2.4865	 0.00238806
2.48983	 0.00180456
2.49317	 0.00194521
2.4965	 0.00226126
2.49983	 0.0017223
2.50317	 0.0019644
2.5065	 0.00175866
2.50983	 0.00239672
2.51317	 0.00194745
2.5165	 0.00199704
2.51983	 0.00183866
2.52317	 0.00154885
2.5265	 0.00182288
2.52983	 0.00151386
2.53316	 0.00150601
2.5365	 0.00132834
2.53983	 0.0014978
2.54316	 0.00127822
2.5465	 0.00184849
2.54983	 0.00168927
2.55316	 0.00182364
2.5565	 0.00126061
2.55983	 0.00125532
2.56316	 0.00148348
2.5665	 0.00152959
2.56983	 0.00131855
2.57316	 0.0012647
2.57649	 0.00124528
2.57983	 0.0012691
2.58316	 0.00129944
2.58649	 0.00157913
2.58983	 0.00152336
2.59316	 0.00145884
2.59649	 0.00117798
2.59983	 0.00128926
2.60316	 0.00132782
2.60649	 0.00131275
2.60983	 0.00116513
2.61316	 0.00142698
2.61649	 0.000906551
2.61983	 0.00103327
2.62316	 0.00111932
2.62649	 0.00115103
2.62982	 0.00102345
2.63316	 0.000865177
2.63649	 0.00131697
2.63982	 0.00109288
2.64316	 0.000782543
2.64649	 0.00112758
2.64982	 0.000894482
2.65316	 0.00109549
2.65649	 0.000817582
2.65982	 0.00102846
2.66316	 0.00084531
2.66649	 0.00115471
2.66982	 0.00116669
2.67316	 0.000859365
2.67649	 0.000995337
2.67982	 0.000960579
2.68315	 0.00079112
2.68649	 0.000823878
2.68982	 0.000920433
2.69315	 0.00110301
2.69649	 0.000884301
2.69982	 0.00124218
2.70315	 0.000913708
2.70649	 0.000847315
2.70982	 0.000932411
2.71315	 0.000792895
2.71649	 0.000909498
2.71982	 0.000819086
2.72315	 0.000787117
2.72648	 0.00101236
2.72982	 0.00102197
2.73315	 0.000826377
2.73648	 0.000887351
2.73982	 0.000612565
2.74315	 0.000742438
2.74648	 0.000694426
2.74982	 0.000593909
2.75315	 0.00078847
2.75648	 0.000835223
2.75982	 0.000789881
2.76315	 0.000817715
2.76648	 0.000840101
2.76982	 0.000876329
2.77315	 0.00104186
2.77648	 0.000658446
2.77981	 0.000760137
2.78315	 0.00096179
2.78648	 0.000706672
2.78981	 0.000728952
2.79315	 0.000857628
2.79648	 0.000683778
2.79981	 0.000783639
2.80315	 0.000699815
2.80648	 0.000606648
2.80981	 0.000775618
2.81315	 0.00077936
2.81648	 0.000700733
2.81981	 0.00062114
2.82315	 0.000702292
2.82648	 0.000652779
2.82981	 0.000758372
2.83314	 0.000646764
2.83648	 0.000649521
2.83981	 0.000509237
2.84314	 0.000651675
2.84648	 0.00063827
2.84981	 0.000588168
2.85314	 0.000639565
2.85648	 0.000664482
2.85981	 0.000657374
2.86314	 0.000612939
2.86648	 0.00068102
2.86981	 0.000712934
2.87314	 0.000790882
2.87647	 0.000879948
2.87981	 0.000576018
2.88314	 0.000927539
2.88647	 0.000555843
2.88981	 0.000651562
2.89314	 0.00084083
2.89647	 0.000672143
2.89981	 0.000661866
2.90314	 0.00101732
2.90647	 0.000652682
2.90981	 0.00061201
2.91314	 0.000662597
2.91647	 0.000585925
2.91981	 0.000642737
2.92314	 0.000602599
2.92647	 0.000695737
2.9298	 0.000691663
2.93314	 0.000674842
2.93647	 0.000578135
2.9398	 0.000610334
2.94314	 0.000672656
2.94647	 0.000744591
2.9498	 0.000720294
2.95314	 0.000461855
2.95647	 0.000699051
2.9598	 0.000649618
2.96314	 0.000727275
2.96647	 0.000561461
2.9698	 0.000644369
2.97314	 0.000567238
2.97647	 0.000673893
2.9798	 0.000751753
2.98313	 0.00063431
2.98647	 0.000586724
2.9898	 0.000642492
2.99313	 0.000842424
2.99647	 0.000629685
2.9998	 0.00058035
3.00313	 0.000561986
3.00647	 0.000640614
3.0098	 0.000528074
3.01313	 0.000650716
3.01647	 0.000625178
3.0198	 0.000722007
3.02313	 0.000451063
3.02646	 0.000567142
3.0298	 0.000673357
3.03313	 0.00101057
3.03646	 0.000782738
3.0398	 0.000640766
3.04313	 0.000507154
3.04646	 0.00058861
3.0498	 0.000697748
3.05313	 0.000687121
3.05646	 0.000638681
3.0598	 0.000509751
3.06313	 0.000649105
3.06646	 0.000601959
3.0698	 0.000538117
3.07313	 0.000581612
3.07646	 0.000460988
3.07979	 0.000704345
3.08313	 0.000581308
3.08646	 0.000585406
3.08979	 0.000560086
3.09313	 0.00097188
3.09646	 0.000724176
3.09979	 0.000624001
3.10313	 0.000954976
3.10646	 0.000547555
3.10979	 0.000803698
3.11313	 0.000678699
3.11646	 0.000550731
3.11979	 0.000684934
3.12313	 0.00072812
3.12646	 0.000777427
3.12979	 0.000569715
3.13312	 0.000607575
3.13646	 0.000531096
3.13979	 0.000672511
3.14312	 0.000641457
3.14646	 0.000649118
3.14979	 0.000574724
3.15312	 0.000782336
3.15646	 0.000661987
3.15979	 0.000785453
3.16312	 0.000584876
3.16646	 0.00066968
3.16979	 0.000642785
3.17312	 0.00077906
3.17645	 0.000838097
3.17979	 0.000681189
3.18312	 0.000549996
3.18645	 0.000625706
3.18979	 0.000677854
3.19312	 0.000711626
3.19645	 0.00071924
3.19979	 0.000674065
3.20312	 0.000695055
3.20645	 0.000641257
3.20979	 0.000711396
3.21312	 0.000692986
3.21645	 0.000657382
3.21979	 0.000997985
3.22312	 0.00058472
3.22645	 0.00064206
3.22978	 0.000688641
3.23312	 0.000678377
3.23645	 0.000715361
3.23978	 0.000771886
3.24312	 0.000677678
3.24645	 0.000559938
3.24978	 0.000733089
3.25312	 0.000864676
3.25645	 0.000738131
3.25978	 0.000784551
3.26312	 0.000905565
3.26645	 0.000761697
3.26978	 0.000578527
3.27312	 0.000686887
3.27645	 0.00074369
3.27978	 0.000664422
3.28311	 0.000851581
3.28645	 0.000648386
3.28978	 0.000772229
3.29311	 0.000695706
3.29645	 0.000980541
3.29978	 0.000761008
3.30311	 0.000799386
3.30645	 0.000789876
3.30978	 0.000844803
3.31311	 0.000802608
3.31645	 0.000878419
3.31978	 0.000969722
3.32311	 0.000827827
3.32644	 0.00111178
3.32978	 0.000697519
3.33311	 0.000732907
3.33644	 0.000874769
3.33978	 0.000910438
3.34311	 0.000867692
3.34644	 0.000690035
3.34978	 0.000673533
3.35311	 0.00104064
3.35644	 0.000714504
3.35978	 0.000742288
3.36311	 0.00105037
3.36644	 0.000880323
3.36978	 0.00088102
3.37311	 0.00111087
3.37644	 0.0011575
3.37977	 0.000962961
3.38311	 0.00120271
3.38644	 0.000911039
3.38977	 0.00101077
3.39311	 0.00111937
3.39644	 0.00117631
3.39977	 0.00122667
3.40311	 0.000966785
3.40644	 0.00105223
3.40977	 0.00108285
3.41311	 0.00132124
3.41644	 0.00139739
3.41977	 0.00102725
3.42311	 0.00104232
3.42644	 0.0010373
3.42977	 0.0011288
3.4331	 0.00140368
3.43644	 0.00137595
3.43977	 0.00108998
3.4431	 0.00119406
3.44644	 0.0015415
3.44977	 0.00128135
3.4531	 0.00113981
3.45644	 0.000933602
3.45977	 0.00135744
3.4631	 0.00133331
3.46644	 0.00141741
3.46977	 0.00123856
3.4731	 0.00131033
3.47643	 0.00139091
3.47977	 0.00114221
3.4831	 0.00116618
3.48643	 0.00150987
3.48977	 0.00149643
3.4931	 0.00129237
3.49643	 0.00187683
3.49977	 0.00141488
3.5031	 0.00185787
3.50643	 0.00182292
3.50977	 0.00158814
3.5131	 0.00171264
3.51643	 0.00128962
3.51977	 0.00155951
3.5231	 0.00169874
3.52643	 0.00161388
3.52976	 0.00187133
3.5331	 0.00159064
3.53643	 0.00199668
3.53976	 0.00247619
3.5431	 0.00274616
3.54643	 0.00195485
3.54976	 0.00195153
3.5531	 0.00221182
3.55643	 0.00235203
3.55976	 0.00277974
3.5631	 0.00248421
3.56643	 0.00208745
3.56976	 0.00270609
3.5731	 0.00248476
3.57643	 0.00179428
3.57976	 0.00284375
3.58309	 0.00281051
3.58643	 0.00298514
3.58976	 0.00270341
3.59309	 0.00245039
3.59643	 0.00397669
3.59976	 0.0025795
3.60309	 0.0025889
3.60643	 0.00227338
3.60976	 0.00209867
3.61309	 0.00323045
3.61643	 0.00254423
3.61976	 0.00243381
3.62309	 0.00251604
3.62642	 0.0019651
3.62976	 0.00198156
3.63309	 0.00214084
3.63642	 0.00291781
3.63976	 0.00206597
3.64309	 0.00224057
3.64642	 0.00257266
3.64976	 0.00242451
3.65309	 0.00244624
3.65642	 0.00215336
3.65976	 0.00184873
3.66309	 0.0021275
3.66642	 0.00269128
3.66976	 0.00153289
3.67309	 0.00209268
3.67642	 0.00198695
3.67975	 0.00186471
3.68309	 0.00172794
3.68642	 0.00205498
3.68975	 0.00253538
3.69309	 0.00179743
3.69642	 0.00153253
3.69975	 0.00161178
3.70309	 0.00189944
3.70642	 0.00207602
3.70975	 0.00124346
3.71309	 0.001627
3.71642	 0.00223708
3.71975	 0.00185107
3.72309	 0.00163604
3.72642	 0.00181541
3.72975	 0.00143154
3.73308	 0.00106874
3.73642	 0.00169784
3.73975	 0.00191257
3.74308	 0.00173958
3.74642	 0.00170014
3.74975	 0.00187727
3.75308	 0.00112703
3.75642	 0.00138656
3.75975	 0.0014432
3.76308	 0.00194484
3.76642	 0.00141391
3.76975	 0.0014436
3.77308	 0.00113834
3.77641	 0.001639
3.77975	 0.00132289
3.78308	 0.00151874
3.78641	 0.0011776
3.78975	 0.000907803
3.79308	 0.00117922
3.79641	 0.00123885
3.79975	 0.00143075
3.80308	 0.00117363
3.80641	 0.00115074
3.80975	 0.00149455
3.81308	 0.00152306
3.81641	 0.00115915
3.81975	 0.000937554
3.82308	 0.00141936
3.82641	 0.000966537
3.82974	 0.00113652
3.83308	 0.00123025
3.83641	 0.00127753
3.83974	 0.0012325
3.84308	 0.00109679
3.84641	 0.000978586
3.84974	 0.000880782
3.85308	 0.000992915
3.85641	 0.000759452
3.85974	 0.000867937
3.86308	 0.000954544
3.86641	 0.00100223
3.86974	 0.000982799
3.87308	 0.000866311
3.87641	 0.000856215
3.87974	 0.00096447
3.88307	 0.000885593
3.88641	 0.000777439
3.88974	 0.000891285
3.89307	 0.000817868
3.89641	 0.00103318
3.89974	 0.000739215
3.90307	 0.000876749
3.90641	 0.000803353
3.90974	 0.000869473
3.91307	 0.0010044
3.91641	 0.00077059
3.91974	 0.000956505
3.92307	 0.00100021
3.9264	 0.000858749
3.92974	 0.000889059
3.93307	 0.00106534
3.9364	 0.00076375
3.93974	 0.000801122
3.94307	 0.000729895
3.9464	 0.000791406
3.94974	 0.000916262
3.95307	 0.000814707
3.9564	 0.000793667
3.95974	 0.000593932
3.96307	 0.000929969
3.9664	 0.000685543
3.96974	 0.000746206
3.97307	 0.000655833
3.9764	 0.000971934
3.97973	 0.000681078
3.98307	 0.000801266
3.9864	 0.000685923
3.98973	 0.000738015
3.99307	 0.000553643
3.9964	 0.000724707
3.99973	 0.000732974
4.00307	 0.000748871
4.0064	 0.000914901
4.00973	 0.000758481
4.01307	 0.000625742
4.0164	 0.000698953
4.01973	 0.000705327
4.02307	 0.000615909
4.0264	 0.000799196
4.02973	 0.000533109
4.03306	 0.000552876
4.0364	 0.000491518
4.03973	 0.000633063
4.04306	 0.000732897
4.0464	 0.000691492
4.04973	 0.000562582
4.05306	 0.000625984
4.0564	 0.000456517
4.05973	 0.00067536
4.06306	 0.000473339
4.0664	 0.000579441
4.06973	 0.000597503
4.07306	 0.000744243
4.07639	 0.000683111
4.07973	 0.00062955
4.08306	 0.00090745
4.08639	 0.000554218
4.08973	 0.00058049
4.09306	 0.000655673
4.09639	 0.000546834
4.09973	 0.000559783
4.10306	 0.000583948
4.10639	 0.000566021
4.10973	 0.000749329
4.11306	 0.000658643
4.11639	 0.000530492
4.11973	 0.000653685
4.12306	 0.000734324
4.12639	 0.000605468
4.12972	 0.000681777
4.13306	 0.000738012
4.13639	 0.000684297
4.13972	 0.00063504
4.14306	 0.000670051
4.14639	 0.000544977
4.14972	 0.000632304
4.15306	 0.000625998
4.15639	 0.000575684
4.15972	 0.000729235
4.16306	 0.000716345
4.16639	 0.000622171
4.16972	 0.000585019
4.17306	 0.000612076
4.17639	 0.00048779
4.17972	 0.000658394
4.18305	 0.000598402
4.18639	 0.000627548
4.18972	 0.000639994
4.19305	 0.000621004
4.19639	 0.000670856
4.19972	 0.000582496
4.20305	 0.000538822
4.20639	 0.000683404
4.20972	 0.00046871
4.21305	 0.00058261
4.21639	 0.000563627
4.21972	 0.000568737
4.22305	 0.000755871
4.22638	 0.000743891
4.22972	 0.000576394
4.23305	 0.000596821
4.23638	 0.000547265
4.23972	 0.000461987
4.24305	 0.000529329
4.24638	 0.000599563
4.24972	 0.00051797
4.25305	 0.000609267
4.25638	 0.000611024
4.25972	 0.000599536
4.26305	 0.000711375
4.26638	 0.000609097
4.26972	 0.000565848
4.27305	 0.000617803
4.27638	 0.00049895
4.27971	 0.000789099
4.28305	 0.000638489
4.28638	 0.000395362
4.28971	 0.00080538
4.29305	 0.000609779
4.29638	 0.000671178
4.29971	 0.000607099
4.30305	 0.000527973
4.30638	 0.000569653
4.30971	 0.000501493
4.31305	 0.000469666
4.31638	 0.000540493
4.31971	 0.00063933
4.32305	 0.000590558
4.32638	 0.000520898
4.32971	 0.000710851
4.33304	 0.000524648
4.33638	 0.000520453
4.33971	 0.000669289
4.34304	 0.000625301
4.34638	 0.000578449
4.34971	 0.000530519
4.35304	 0.000542578
4.35638	 0.00079881
4.35971	 0.00062582
4.36304	 0.000743386
4.36638	 0.000509946
4.36971	 0.000663836
4.37304	 0.000675551
4.37637	 0.000711354
4.37971	 0.000594381
4.38304	 0.000553586
4.38637	 0.000558325
4.38971	 0.000626739
4.39304	 0.000593682
4.39637	 0.000700346
4.39971	 0.000713144
4.40304	 0.000649795
4.40637	 0.000591395
4.40971	 0.000725334
4.41304	 0.00075813
4.41637	 0.000505445
4.41971	 0.000651121
4.42304	 0.000585361
4.42637	 0.000619283
4.4297	 0.000673497
4.43304	 0.000719439
4.43637	 0.000528785
4.4397	 0.000717936
4.44304	 0.000630183
4.44637	 0.000708024
4.4497	 0.000791764
4.45304	 0.000753006
4.45637	 0.000659675
4.4597	 0.000828673
4.46304	 0.000582822
4.46637	 0.000658934
4.4697	 0.000874064
4.47304	 0.000750327
4.47637	 0.000936857
4.4797	 0.000797106
4.48303	 0.000683316
4.48637	 0.000825397
4.4897	 0.000641228
4.49303	 0.000682769
4.49637	 0.000603468
4.4997	 0.000585314
4.50303	 0.00075451
4.50637	 0.000780579
4.5097	 0.00069223
4.51303	 0.000756988
4.51637	 0.000666612
4.5197	 0.00059626
4.52303	 0.000692039
4.52636	 0.000790168
4.5297	 0.000726569
4.53303	 0.000863212
4.53636	 0.000845895
4.5397	 0.000777838
4.54303	 0.000978965
4.54636	 0.000989401
4.5497	 0.000903604
4.55303	 0.000810186
4.55636	 0.000686577
4.5597	 0.000720119
4.56303	 0.000842284
4.56636	 0.000887496
4.5697	 0.000843566
4.57303	 0.000884869
4.57636	 0.000643034
4.57969	 0.00093436
4.58303	 0.000738347
4.58636	 0.000612247
4.58969	 0.000804706
4.59303	 0.000718495
4.59636	 0.000820102
4.59969	 0.000887951
4.60303	 0.000799729
4.60636	 0.000925019
4.60969	 0.00132775
4.61303	 0.00113741
4.61636	 0.00101638
4.61969	 0.00106902
4.62303	 0.00123561
4.62636	 0.000959054
4.62969	 0.000724826
4.63302	 0.00118773
4.63636	 0.000865375
4.63969	 0.000995062
4.64302	 0.000969546
4.64636	 0.000894145
4.64969	 0.000903841
4.65302	 0.000941339
4.65636	 0.00104836
4.65969	 0.00100058
4.66302	 0.00100631
4.66636	 0.00101668
4.66969	 0.00108565
4.67302	 0.00120138
4.67635	 0.00133424
4.67969	 0.000960973
4.68302	 0.00125929
4.68635	 0.00128011
4.68969	 0.00100107
4.69302	 0.000908551
4.69635	 0.000993545
4.69969	 0.00102095
4.70302	 0.00137138
4.70635	 0.00112821
4.70969	 0.00187601
4.71302	 0.00134976
4.71635	 0.001483
4.71969	 0.00135225
4.72302	 0.00121943
4.72635	 0.0014389
4.72968	 0.00126808
4.73302	 0.00173114
4.73635	 0.00143015
4.73968	 0.00153045
4.74302	 0.00149985
4.74635	 0.00151582
4.74968	 0.00145539
4.75302	 0.0015917
4.75635	 0.00151394
4.75968	 0.00144016
4.76302	 0.0017181
4.76635	 0.00126248
4.76968	 0.00165061
4.77302	 0.00156488
4.77635	 0.0021161
4.77968	 0.00151611
4.78301	 0.00187476
4.78635	 0.00168542
4.78968	 0.00154038
4.79301	 0.00174201
4.79635	 0.0019658
4.79968	 0.00169326
4.80301	 0.0021087
4.80635	 0.00188397
4.80968	 0.002069
4.81301	 0.00188294
4.81635	 0.00169145
4.81968	 0.00156874
4.82301	 0.00166116
4.82634	 0.00249873
4.82968	 0.00188093
4.83301	 0.00199449
4.83634	 0.00124168
4.83968	 0.00189978
4.84301	 0.00208636
4.84634	 0.00127634
4.84968	 0.00164153
4.85301	 0.00111052
4.85634	 0.00164179
4.85968	 0.00147421
4.86301	 0.00156081
4.86634	 0.00199764
4.86968	 0.00171509
4.87301	 0.00170039
4.87634	 0.00183406
4.87967	 0.00197795
4.88301	 0.00200043
4.88634	 0.0019162
4.88967	 0.00191499
4.89301	 0.0019393
4.89634	 0.00168579
4.89967	 0.00137758
4.90301	 0.00149891
4.90634	 0.00136652
4.90967	 0.00126891
4.91301	 0.00180434
4.91634	 0.00182108
4.91967	 0.00170354
4.92301	 0.0020322
4.92634	 0.00115113
4.92967	 0.00163121
4.933	 0.00173379
4.93634	 0.00167905
4.93967	 0.00193645
4.943	 0.0013427
4.94634	 0.00151965
4.94967	 0.00141301
4.953	 0.00119645
4.95634	 0.00127929
4.95967	 0.00115074
4.963	 0.00126733
4.96634	 0.00138077
4.96967	 0.00130837
4.973	 0.00135758
4.97633	 0.00107251
4.97967	 0.00109923
4.983	 0.00132681
4.98633	 0.00109054
4.98967	 0.00123985
4.993	 0.00095593
4.99633	 0.00109781
