# Frequency [GHz] 	Fouriercomponent
-4.99967	 0.00100202
-4.99633	 0.00108856
-4.993	 0.00124235
-4.98967	 0.00108734
-4.98633	 0.0012807
-4.983	 0.00118353
-4.97967	 0.00129029
-4.97633	 0.00135935
-4.973	 0.00115552
-4.96967	 0.00133616
-4.96634	 0.00145232
-4.963	 0.00127159
-4.95967	 0.00109236
-4.95634	 0.00137269
-4.953	 0.00134901
-4.94967	 0.00133544
-4.94634	 0.00125588
-4.943	 0.00135382
-4.93967	 0.00113339
-4.93634	 0.00155497
-4.933	 0.00179852
-4.92967	 0.00151652
-4.92634	 0.00146649
-4.92301	 0.00130915
-4.91967	 0.00166163
-4.91634	 0.00182844
-4.91301	 0.00151466
-4.90967	 0.00143568
-4.90634	 0.00123033
-4.90301	 0.00171865
-4.89967	 0.00117284
-4.89634	 0.00183591
-4.89301	 0.00114042
-4.88967	 0.00189528
-4.88634	 0.00150975
-4.88301	 0.00157909
-4.87967	 0.00175718
-4.87634	 0.00185145
-4.87301	 0.00172973
-4.86968	 0.00118459
-4.86634	 0.00188593
-4.86301	 0.00164728
-4.85968	 0.00161231
-4.85634	 0.00156554
-4.85301	 0.00135532
-4.84968	 0.00199241
-4.84634	 0.00174365
-4.84301	 0.00152967
-4.83968	 0.00144222
-4.83634	 0.00183603
-4.83301	 0.00151576
-4.82968	 0.00167798
-4.82634	 0.00188092
-4.82301	 0.00157747
-4.81968	 0.00156481
-4.81635	 0.00193806
-4.81301	 0.00166348
-4.80968	 0.00184235
-4.80635	 0.00162094
-4.80301	 0.00125185
-4.79968	 0.0016309
-4.79635	 0.00170873
-4.79301	 0.00126355
-4.78968	 0.00117608
-4.78635	 0.00146238
-4.78301	 0.00154062
-4.77968	 0.00151003
-4.77635	 0.00131316
-4.77302	 0.00110072
-4.76968	 0.00159515
-4.76635	 0.00108856
-4.76302	 0.00153155
-4.75968	 0.00177345
-4.75635	 0.00155086
-4.75302	 0.00178827
-4.74968	 0.00165903
-4.74635	 0.00146236
-4.74302	 0.00112794
-4.73968	 0.0013057
-4.73635	 0.00159075
-4.73302	 0.00108243
-4.72968	 0.00150998
-4.72635	 0.00147825
-4.72302	 0.000848037
-4.71969	 0.00102196
-4.71635	 0.00121589
-4.71302	 0.00133031
-4.70969	 0.00104158
-4.70635	 0.00111109
-4.70302	 0.00107841
-4.69969	 0.00131036
-4.69635	 0.00109983
-4.69302	 0.00152335
-4.68969	 0.000862074
-4.68635	 0.00102815
-4.68302	 0.00109546
-4.67969	 0.00109028
-4.67635	 0.00106251
-4.67302	 0.00109708
-4.66969	 0.000955828
-4.66636	 0.00107761
-4.66302	 0.00107929
-4.65969	 0.000936016
-4.65636	 0.000927867
-4.65302	 0.0011052
-4.64969	 0.0013663
-4.64636	 0.00077603
-4.64302	 0.000988531
-4.63969	 0.000953138
-4.63636	 0.00076363
-4.63302	 0.000721248
-4.62969	 0.000781466
-4.62636	 0.000846033
-4.62303	 0.000968793
-4.61969	 0.000817582
-4.61636	 0.000782629
-4.61303	 0.000787736
-4.60969	 0.000710951
-4.60636	 0.000964182
-4.60303	 0.00096301
-4.59969	 0.000807761
-4.59636	 0.000629903
-4.59303	 0.000660989
-4.58969	 0.000940689
-4.58636	 0.000905252
-4.58303	 0.000710371
-4.57969	 0.000968652
-4.57636	 0.000802434
-4.57303	 0.000814877
-4.5697	 0.000831148
-4.56636	 0.000618415
-4.56303	 0.000710467
-4.5597	 0.000776358
-4.55636	 0.000776962
-4.55303	 0.00072378
-4.5497	 0.000737258
-4.54636	 0.000644682
-4.54303	 0.000869134
-4.5397	 0.000835787
-4.53636	 0.00072912
-4.53303	 0.000843381
-4.5297	 0.000633616
-4.52636	 0.000634605
-4.52303	 0.000676201
-4.5197	 0.000656565
-4.51637	 0.000620249
-4.51303	 0.000610646
-4.5097	 0.000785376
-4.50637	 0.000735622
-4.50303	 0.000756514
-4.4997	 0.000628812
-4.49637	 0.000750887
-4.49303	 0.000644168
-4.4897	 0.000702502
-4.48637	 0.000576425
-4.48303	 0.000466844
-4.4797	 0.000868145
-4.47637	 0.000586981
-4.47304	 0.000494296
-4.4697	 0.000680126
-4.46637	 0.000591898
-4.46304	 0.000551501
-4.4597	 0.00059225
-4.45637	 0.000657034
-4.45304	 0.000712506
-4.4497	 0.000715929
-4.44637	 0.000559849
-4.44304	 0.000559157
-4.4397	 0.000641548
-4.43637	 0.00056454
-4.43304	 0.00064033
-4.4297	 0.000606678
-4.42637	 0.000567343
-4.42304	 0.000421478
-4.41971	 0.000763585
-4.41637	 0.000633642
-4.41304	 0.000778478
-4.40971	 0.000593091
-4.40637	 0.000634647
-4.40304	 0.000568881
-4.39971	 0.000558758
-4.39637	 0.000628971
-4.39304	 0.000573457
-4.38971	 0.000543019
-4.38637	 0.000495833
-4.38304	 0.000583561
-4.37971	 0.000542315
-4.37637	 0.000562653
-4.37304	 0.000553862
-4.36971	 0.00077801
-4.36638	 0.00068758
-4.36304	 0.000497439
-4.35971	 0.000706072
-4.35638	 0.000561286
-4.35304	 0.000510921
-4.34971	 0.000576889
-4.34638	 0.000596955
-4.34304	 0.000548956
-4.33971	 0.00053912
-4.33638	 0.000633975
-4.33304	 0.000763634
-4.32971	 0.000543915
-4.32638	 0.000578952
-4.32305	 0.000406992
-4.31971	 0.000688934
-4.31638	 0.000529199
-4.31305	 0.00058602
-4.30971	 0.000640622
-4.30638	 0.000601533
-4.30305	 0.00049154
-4.29971	 0.000494981
-4.29638	 0.000592792
-4.29305	 0.000521225
-4.28971	 0.000547117
-4.28638	 0.000523711
-4.28305	 0.000612669
-4.27971	 0.000485116
-4.27638	 0.000495098
-4.27305	 0.000602777
-4.26972	 0.000622426
-4.26638	 0.000616955
-4.26305	 0.000571982
-4.25972	 0.000599183
-4.25638	 0.000522513
-4.25305	 0.000608914
-4.24972	 0.000614951
-4.24638	 0.000599573
-4.24305	 0.000508224
-4.23972	 0.000577374
-4.23638	 0.000568585
-4.23305	 0.000504636
-4.22972	 0.000526711
-4.22638	 0.000518523
-4.22305	 0.000404903
-4.21972	 0.000528253
-4.21639	 0.000607551
-4.21305	 0.000458528
-4.20972	 0.000596071
-4.20639	 0.000468365
-4.20305	 0.000587977
-4.19972	 0.000587629
-4.19639	 0.000594746
-4.19305	 0.000564978
-4.18972	 0.000585702
-4.18639	 0.000628019
-4.18305	 0.000644675
-4.17972	 0.0004728
-4.17639	 0.000591662
-4.17306	 0.000692753
-4.16972	 0.000718062
-4.16639	 0.000468775
-4.16306	 0.000676057
-4.15972	 0.000588636
-4.15639	 0.000444588
-4.15306	 0.00062418
-4.14972	 0.000442911
-4.14639	 0.000716945
-4.14306	 0.000522482
-4.13972	 0.000451692
-4.13639	 0.000545299
-4.13306	 0.000532698
-4.12972	 0.000513991
-4.12639	 0.000659799
-4.12306	 0.000602708
-4.11973	 0.000641947
-4.11639	 0.000509814
-4.11306	 0.000561795
-4.10973	 0.0005717
-4.10639	 0.000669026
-4.10306	 0.000589022
-4.09973	 0.0006219
-4.09639	 0.000623346
-4.09306	 0.000589977
-4.08973	 0.000506356
-4.08639	 0.000427651
-4.08306	 0.000528428
-4.07973	 0.000603442
-4.07639	 0.000531197
-4.07306	 0.000657873
-4.06973	 0.000542312
-4.0664	 0.000559576
-4.06306	 0.000598136
-4.05973	 0.000676905
-4.0564	 0.000838542
-4.05306	 0.000791796
-4.04973	 0.000445394
-4.0464	 0.000682781
-4.04306	 0.000587066
-4.03973	 0.000620011
-4.0364	 0.000625864
-4.03306	 0.000662183
-4.02973	 0.000600064
-4.0264	 0.000651395
-4.02307	 0.000622485
-4.01973	 0.000648096
-4.0164	 0.000657201
-4.01307	 0.000678451
-4.00973	 0.000752276
-4.0064	 0.00088453
-4.00307	 0.00070464
-3.99973	 0.000785288
-3.9964	 0.000609248
-3.99307	 0.000730629
-3.98973	 0.000646598
-3.9864	 0.000738182
-3.98307	 0.000726503
-3.97973	 0.00065854
-3.9764	 0.000591235
-3.97307	 0.000851881
-3.96974	 0.000718571
-3.9664	 0.000830873
-3.96307	 0.000677577
-3.95974	 0.00093422
-3.9564	 0.000651281
-3.95307	 0.000689311
-3.94974	 0.000714333
-3.9464	 0.000805833
-3.94307	 0.000791984
-3.93974	 0.000891635
-3.9364	 0.000799313
-3.93307	 0.000854358
-3.92974	 0.000778035
-3.9264	 0.000674567
-3.92307	 0.000782208
-3.91974	 0.000607677
-3.91641	 0.000684611
-3.91307	 0.000858099
-3.90974	 0.000742073
-3.90641	 0.000884723
-3.90307	 0.000753032
-3.89974	 0.000776194
-3.89641	 0.000719469
-3.89307	 0.000918964
-3.88974	 0.000724996
-3.88641	 0.000809147
-3.88307	 0.000886394
-3.87974	 0.000676901
-3.87641	 0.000811801
-3.87308	 0.00080618
-3.86974	 0.000799158
-3.86641	 0.00097504
-3.86308	 0.000719997
-3.85974	 0.000735754
-3.85641	 0.00118481
-3.85308	 0.000915951
-3.84974	 0.000867716
-3.84641	 0.00136811
-3.84308	 0.00109454
-3.83974	 0.0012309
-3.83641	 0.000621274
-3.83308	 0.0010419
-3.82974	 0.000953324
-3.82641	 0.00119726
-3.82308	 0.00116967
-3.81975	 0.00115658
-3.81641	 0.00102546
-3.81308	 0.00119561
-3.80975	 0.00094335
-3.80641	 0.000821661
-3.80308	 0.00113975
-3.79975	 0.000934199
-3.79641	 0.00140241
-3.79308	 0.00125454
-3.78975	 0.00112954
-3.78641	 0.00102733
-3.78308	 0.00118432
-3.77975	 0.00131709
-3.77641	 0.00120523
-3.77308	 0.00131465
-3.76975	 0.00139396
-3.76642	 0.00153638
-3.76308	 0.00150498
-3.75975	 0.00113183
-3.75642	 0.00120818
-3.75308	 0.00144093
-3.74975	 0.00164018
-3.74642	 0.00177844
-3.74308	 0.00164924
-3.73975	 0.00152253
-3.73642	 0.00142641
-3.73308	 0.00127212
-3.72975	 0.00160074
-3.72642	 0.0015826
-3.72309	 0.00174221
-3.71975	 0.00155608
-3.71642	 0.00157766
-3.71309	 0.00144519
-3.70975	 0.00198285
-3.70642	 0.0017516
-3.70309	 0.00180287
-3.69975	 0.0017888
-3.69642	 0.00169853
-3.69309	 0.00178432
-3.68975	 0.00171075
-3.68642	 0.0013906
-3.68309	 0.00168165
-3.67975	 0.00188295
-3.67642	 0.00145797
-3.67309	 0.00178647
-3.66976	 0.00174801
-3.66642	 0.00195847
-3.66309	 0.00165889
-3.65976	 0.00177612
-3.65642	 0.00235891
-3.65309	 0.00199752
-3.64976	 0.0018078
-3.64642	 0.00191538
-3.64309	 0.00181464
-3.63976	 0.00245621
-3.63642	 0.0016831
-3.63309	 0.0020265
-3.62976	 0.00249422
-3.62642	 0.00246392
-3.62309	 0.00161029
-3.61976	 0.00189659
-3.61643	 0.00318868
-3.61309	 0.00221427
-3.60976	 0.00239258
-3.60643	 0.00196314
-3.60309	 0.00243909
-3.59976	 0.00228035
-3.59643	 0.00260516
-3.59309	 0.00244126
-3.58976	 0.0024937
-3.58643	 0.00282299
-3.58309	 0.00276207
-3.57976	 0.00196899
-3.57643	 0.00265387
-3.5731	 0.00229655
-3.56976	 0.00214917
-3.56643	 0.00235932
-3.5631	 0.00267529
-3.55976	 0.00196479
-3.55643	 0.00206175
-3.5531	 0.00242146
-3.54976	 0.00228247
-3.54643	 0.00269519
-3.5431	 0.0019978
-3.53976	 0.00134234
-3.53643	 0.00188527
-3.5331	 0.00207435
-3.52976	 0.0014822
-3.52643	 0.00135573
-3.5231	 0.00143217
-3.51977	 0.00174356
-3.51643	 0.00151441
-3.5131	 0.00140077
-3.50977	 0.00135866
-3.50643	 0.00159095
-3.5031	 0.00146272
-3.49977	 0.00157871
-3.49643	 0.00139468
-3.4931	 0.00160604
-3.48977	 0.00150664
-3.48643	 0.00125613
-3.4831	 0.00133896
-3.47977	 0.00132841
-3.47643	 0.0013615
-3.4731	 0.00119318
-3.46977	 0.00126231
-3.46644	 0.00124165
-3.4631	 0.00140619
-3.45977	 0.00120289
-3.45644	 0.00110084
-3.4531	 0.00144935
-3.44977	 0.00119413
-3.44644	 0.000923016
-3.4431	 0.00124835
-3.43977	 0.000931634
-3.43644	 0.00110102
-3.4331	 0.00109217
-3.42977	 0.00103514
-3.42644	 0.000898867
-3.42311	 0.00116235
-3.41977	 0.00115864
-3.41644	 0.00122045
-3.41311	 0.00103943
-3.40977	 0.00112524
-3.40644	 0.00101126
-3.40311	 0.000901145
-3.39977	 0.00106788
-3.39644	 0.000818533
-3.39311	 0.00108633
-3.38977	 0.00102935
-3.38644	 0.000830915
-3.38311	 0.000817015
-3.37977	 0.000870231
-3.37644	 0.00106216
-3.37311	 0.000950657
-3.36978	 0.000851078
-3.36644	 0.000871416
-3.36311	 0.000946933
-3.35978	 0.00093142
-3.35644	 0.000822602
-3.35311	 0.000861423
-3.34978	 0.000777365
-3.34644	 0.00103557
-3.34311	 0.000714697
-3.33978	 0.000652887
-3.33644	 0.000773337
-3.33311	 0.000565785
-3.32978	 0.000750347
-3.32644	 0.000806412
-3.32311	 0.000561352
-3.31978	 0.000859938
-3.31645	 0.000699978
-3.31311	 0.000725992
-3.30978	 0.000846823
-3.30645	 0.000763452
-3.30311	 0.000716316
-3.29978	 0.000762648
-3.29645	 0.000692052
-3.29311	 0.000717598
-3.28978	 0.000610038
-3.28645	 0.000712698
-3.28311	 0.000694496
-3.27978	 0.000735474
-3.27645	 0.000799423
-3.27312	 0.000583007
-3.26978	 0.000825719
-3.26645	 0.000787153
-3.26312	 0.00070926
-3.25978	 0.000650492
-3.25645	 0.00083684
-3.25312	 0.000683509
-3.24978	 0.000825114
-3.24645	 0.000789383
-3.24312	 0.000641535
-3.23978	 0.000582696
-3.23645	 0.000645595
-3.23312	 0.000746908
-3.22978	 0.000800579
-3.22645	 0.00075886
-3.22312	 0.000727191
-3.21979	 0.000531577
-3.21645	 0.000751344
-3.21312	 0.000685189
-3.20979	 0.000528649
-3.20645	 0.000673037
-3.20312	 0.000479281
-3.19979	 0.00054223
-3.19645	 0.000625276
-3.19312	 0.000668816
-3.18979	 0.00060154
-3.18645	 0.000533478
-3.18312	 0.000555938
-3.17979	 0.000625995
-3.17645	 0.000609514
-3.17312	 0.000598886
-3.16979	 0.00081083
-3.16646	 0.000550405
-3.16312	 0.000585776
-3.15979	 0.000585486
-3.15646	 0.000522944
-3.15312	 0.00052204
-3.14979	 0.000616151
-3.14646	 0.000554926
-3.14312	 0.00061503
-3.13979	 0.000693092
-3.13646	 0.000436262
-3.13312	 0.000681465
-3.12979	 0.000673165
-3.12646	 0.000621744
-3.12313	 0.000634959
-3.11979	 0.000550192
-3.11646	 0.000557259
-3.11313	 0.000576424
-3.10979	 0.000547003
-3.10646	 0.00047668
-3.10313	 0.000618203
-3.09979	 0.000562213
-3.09646	 0.000697115
-3.09313	 0.000443945
-3.08979	 0.00049471
-3.08646	 0.000579307
-3.08313	 0.000586549
-3.07979	 0.000625495
-3.07646	 0.000663306
-3.07313	 0.000557615
-3.0698	 0.000568801
-3.06646	 0.000550743
-3.06313	 0.000501684
-3.0598	 0.00067572
-3.05646	 0.000669482
-3.05313	 0.000547643
-3.0498	 0.000650179
-3.04646	 0.000650096
-3.04313	 0.000628726
-3.0398	 0.00055269
-3.03646	 0.000649615
-3.03313	 0.000633281
-3.0298	 0.000730899
-3.02646	 0.000575063
-3.02313	 0.000576239
-3.0198	 0.000547466
-3.01647	 0.000697414
-3.01313	 0.000573787
-3.0098	 0.000519353
-3.00647	 0.000554838
-3.00313	 0.000467898
-2.9998	 0.000548223
-2.99647	 0.000619448
-2.99313	 0.000488583
-2.9898	 0.000518319
-2.98647	 0.000611916
-2.98313	 0.000581087
-2.9798	 0.000567635
-2.97647	 0.000486365
-2.97314	 0.000596019
-2.9698	 0.000528322
-2.96647	 0.00062285
-2.96314	 0.00053337
-2.9598	 0.00060192
-2.95647	 0.000676857
-2.95314	 0.000561245
-2.9498	 0.000525208
-2.94647	 0.000345252
-2.94314	 0.000608501
-2.9398	 0.000732307
-2.93647	 0.000638735
-2.93314	 0.000704427
-2.9298	 0.000634169
-2.92647	 0.000613693
-2.92314	 0.000598317
-2.91981	 0.000701562
-2.91647	 0.00054768
-2.91314	 0.000561705
-2.90981	 0.000766769
-2.90647	 0.000473141
-2.90314	 0.000495403
-2.89981	 0.000552325
-2.89647	 0.000625225
-2.89314	 0.000576392
-2.88981	 0.000609897
-2.88647	 0.000574169
-2.88314	 0.000531768
-2.87981	 0.000627394
-2.87647	 0.000617179
-2.87314	 0.000527284
-2.86981	 0.000515122
-2.86648	 0.000703214
-2.86314	 0.000715161
-2.85981	 0.000592012
-2.85648	 0.000617901
-2.85314	 0.000692997
-2.84981	 0.000531516
-2.84648	 0.000657822
-2.84314	 0.000736213
-2.83981	 0.000836847
-2.83648	 0.000810961
-2.83314	 0.000764344
-2.82981	 0.000658346
-2.82648	 0.000602293
-2.82315	 0.000596958
-2.81981	 0.000623503
-2.81648	 0.000566899
-2.81315	 0.000669524
-2.80981	 0.000608754
-2.80648	 0.000828594
-2.80315	 0.000950264
-2.79981	 0.000715958
-2.79648	 0.000571603
-2.79315	 0.000675916
-2.78981	 0.000658612
-2.78648	 0.000781737
-2.78315	 0.000784095
-2.77981	 0.000707033
-2.77648	 0.000768465
-2.77315	 0.000728212
-2.76982	 0.000728713
-2.76648	 0.000618904
-2.76315	 0.00103151
-2.75982	 0.000616941
-2.75648	 0.000869669
-2.75315	 0.000736799
-2.74982	 0.000757344
-2.74648	 0.000608115
-2.74315	 0.000807899
-2.73982	 0.000708931
-2.73648	 0.000828243
-2.73315	 0.000747803
-2.72982	 0.0006404
-2.72648	 0.000868816
-2.72315	 0.000641994
-2.71982	 0.000671701
-2.71649	 0.000778372
-2.71315	 0.000784066
-2.70982	 0.000776822
-2.70649	 0.0007854
-2.70315	 0.000847582
-2.69982	 0.000931766
-2.69649	 0.000970982
-2.69315	 0.000752035
-2.68982	 0.000977356
-2.68649	 0.000817968
-2.68315	 0.000750967
-2.67982	 0.000822956
-2.67649	 0.000649416
-2.67316	 0.00102951
-2.66982	 0.000833052
-2.66649	 0.000970244
-2.66316	 0.000801801
-2.65982	 0.00111689
-2.65649	 0.000954152
-2.65316	 0.000983037
-2.64982	 0.000860591
-2.64649	 0.00104912
-2.64316	 0.000901757
-2.63982	 0.00107408
-2.63649	 0.000958846
-2.63316	 0.00112433
-2.62982	 0.00102472
-2.62649	 0.00101796
-2.62316	 0.00113324
-2.61983	 0.00077603
-2.61649	 0.00150621
-2.61316	 0.000893421
-2.60983	 0.000783812
-2.60649	 0.00108592
-2.60316	 0.00107919
-2.59983	 0.000997879
-2.59649	 0.00171955
-2.59316	 0.00129301
-2.58983	 0.00142358
-2.58649	 0.00125129
-2.58316	 0.00132728
-2.57983	 0.0016208
-2.57649	 0.00118344
-2.57316	 0.0013139
-2.56983	 0.000999648
-2.5665	 0.00162874
-2.56316	 0.00137143
-2.55983	 0.00124527
-2.5565	 0.00138383
-2.55316	 0.00160763
-2.54983	 0.00171708
-2.5465	 0.00127344
-2.54316	 0.00138752
-2.53983	 0.00157422
-2.5365	 0.00163718
-2.53316	 0.00146829
-2.52983	 0.00108913
-2.5265	 0.00184738
-2.52317	 0.00192847
-2.51983	 0.00169004
-2.5165	 0.00213133
-2.51317	 0.00182447
-2.50983	 0.00149359
-2.5065	 0.00213677
-2.50317	 0.00156038
-2.49983	 0.00205605
-2.4965	 0.00190674
-2.49317	 0.00192417
-2.48983	 0.00227019
-2.4865	 0.00198209
-2.48317	 0.00218346
-2.47983	 0.00183482
-2.4765	 0.00181883
-2.47317	 0.00153731
-2.46984	 0.00205866
-2.4665	 0.00232087
-2.46317	 0.00211751
-2.45984	 0.00274151
-2.4565	 0.0020673
-2.45317	 0.00297142
-2.44984	 0.00214921
-2.4465	 0.00244044
-2.44317	 0.00301232
-2.43984	 0.00243919
-2.4365	 0.0027612
-2.43317	 0.00270061
-2.42984	 0.00283885
-2.4265	 0.00291453
-2.42317	 0.00227194
-2.41984	 0.00316352
-2.41651	 0.00267795
-2.41317	 0.00301033
-2.40984	 0.00270201
-2.40651	 0.00382441
-2.40317	 0.00397487
-2.39984	 0.00394581
-2.39651	 0.00437611
-2.39317	 0.00358005
-2.38984	 0.00423555
-2.38651	 0.00374693
-2.38317	 0.0028568
-2.37984	 0.00347371
-2.37651	 0.00372722
-2.37318	 0.00420462
-2.36984	 0.00506303
-2.36651	 0.00400853
-2.36318	 0.00406523
-2.35984	 0.00453736
-2.35651	 0.00385639
-2.35318	 0.00343712
-2.34984	 0.00393721
-2.34651	 0.00415446
-2.34318	 0.00268849
-2.33984	 0.00433676
-2.33651	 0.00273065
-2.33318	 0.00291158
-2.32984	 0.00267507
-2.32651	 0.00237924
-2.32318	 0.00229117
-2.31985	 0.00212676
-2.31651	 0.00269738
-2.31318	 0.0029189
-2.30985	 0.00229548
-2.30651	 0.00212241
-2.30318	 0.00224839
-2.29985	 0.00208396
-2.29651	 0.00216565
-2.29318	 0.0017374
-2.28985	 0.00200149
-2.28651	 0.00172394
-2.28318	 0.0015201
-2.27985	 0.00161505
-2.27651	 0.00153068
-2.27318	 0.00210381
-2.26985	 0.00128695
-2.26652	 0.00211188
-2.26318	 0.00146384
-2.25985	 0.00110128
-2.25652	 0.00204657
-2.25318	 0.00176018
-2.24985	 0.00158394
-2.24652	 0.0011398
-2.24318	 0.0010953
-2.23985	 0.00131865
-2.23652	 0.00103284
-2.23318	 0.00127601
-2.22985	 0.0010956
-2.22652	 0.00110481
-2.22319	 0.00132306
-2.21985	 0.00116163
-2.21652	 0.00116723
-2.21319	 0.000836153
-2.20985	 0.00106935
-2.20652	 0.00123632
-2.20319	 0.00131973
-2.19985	 0.00081414
-2.19652	 0.00124251
-2.19319	 0.00109339
-2.18985	 0.00110809
-2.18652	 0.000824687
-2.18319	 0.00086273
-2.17985	 0.000974503
-2.17652	 0.00114435
-2.17319	 0.00103163
-2.16986	 0.000820417
-2.16652	 0.00103797
-2.16319	 0.000855006
-2.15986	 0.000859814
-2.15652	 0.00111365
-2.15319	 0.00107044
-2.14986	 0.00101817
-2.14652	 0.000741346
-2.14319	 0.000987973
-2.13986	 0.00106596
-2.13652	 0.000699314
-2.13319	 0.00107065
-2.12986	 0.000856985
-2.12652	 0.000685287
-2.12319	 0.000741011
-2.11986	 0.000893672
-2.11653	 0.000871978
-2.11319	 0.000888125
-2.10986	 0.000926038
-2.10653	 0.000961151
-2.10319	 0.000714404
-2.09986	 0.000782581
-2.09653	 0.000847463
-2.09319	 0.000785088
-2.08986	 0.000609318
-2.08653	 0.00074605
-2.08319	 0.000790781
-2.07986	 0.000690409
-2.07653	 0.000724897
-2.0732	 0.000683224
-2.06986	 0.000850941
-2.06653	 0.000724988
-2.0632	 0.000743264
-2.05986	 0.000640277
-2.05653	 0.000710005
-2.0532	 0.0007012
-2.04986	 0.000652618
-2.04653	 0.000853865
-2.0432	 0.000781653
-2.03986	 0.000663962
-2.03653	 0.00072273
-2.0332	 0.000776581
-2.02986	 0.000679242
-2.02653	 0.000678309
-2.0232	 0.000698021
-2.01987	 0.000730447
-2.01653	 0.000705722
-2.0132	 0.000729992
-2.00987	 0.000536797
-2.00653	 0.000729782
-2.0032	 0.000772851
-1.99987	 0.000691535
-1.99653	 0.000561997
-1.9932	 0.000636103
-1.98987	 0.000540788
-1.98653	 0.000521833
-1.9832	 0.000672704
-1.97987	 0.000559795
-1.97653	 0.000694731
-1.9732	 0.000714187
-1.96987	 0.000680931
-1.96654	 0.00082146
-1.9632	 0.00067953
-1.95987	 0.000463244
-1.95654	 0.000665313
-1.9532	 0.000634286
-1.94987	 0.000602144
-1.94654	 0.000641184
-1.9432	 0.000669158
-1.93987	 0.000430497
-1.93654	 0.000552072
-1.9332	 0.00060864
-1.92987	 0.000776937
-1.92654	 0.000773926
-1.92321	 0.000847976
-1.91987	 0.000838833
-1.91654	 0.000549043
-1.91321	 0.000725223
-1.90987	 0.000588062
-1.90654	 0.000659985
-1.90321	 0.000617232
-1.89987	 0.000567676
-1.89654	 0.000613392
-1.89321	 0.000878084
-1.88987	 0.000516528
-1.88654	 0.000506261
-1.88321	 0.000627054
-1.87987	 0.000619948
-1.87654	 0.000680036
-1.87321	 0.000568887
-1.86988	 0.000647142
-1.86654	 0.000741538
-1.86321	 0.000635282
-1.85988	 0.00074668
-1.85654	 0.000533763
-1.85321	 0.000406092
-1.84988	 0.000612714
-1.84654	 0.000689001
-1.84321	 0.000674965
-1.83988	 0.000465392
-1.83654	 0.000578938
-1.83321	 0.000537796
-1.82988	 0.000611173
-1.82654	 0.000756267
-1.82321	 0.000661356
-1.81988	 0.000475469
-1.81655	 0.000521301
-1.81321	 0.000573843
-1.80988	 0.000566443
-1.80655	 0.000625217
-1.80321	 0.00080278
-1.79988	 0.000484541
-1.79655	 0.000712966
-1.79321	 0.000646175
-1.78988	 0.000544358
-1.78655	 0.000555509
-1.78321	 0.000661711
-1.77988	 0.000705888
-1.77655	 0.000707399
-1.77322	 0.000571508
-1.76988	 0.000572545
-1.76655	 0.000670605
-1.76322	 0.000584803
-1.75988	 0.000604776
-1.75655	 0.000484506
-1.75322	 0.000560546
-1.74988	 0.000561535
-1.74655	 0.000726939
-1.74322	 0.000548322
-1.73988	 0.000750144
-1.73655	 0.000636103
-1.73322	 0.000575115
-1.72988	 0.000684444
-1.72655	 0.000693252
-1.72322	 0.000568382
-1.71989	 0.000773058
-1.71655	 0.000551482
-1.71322	 0.000642633
-1.70989	 0.000577987
-1.70655	 0.000595768
-1.70322	 0.000587377
-1.69989	 0.000723937
-1.69655	 0.000603429
-1.69322	 0.00064075
-1.68989	 0.000727368
-1.68655	 0.000670845
-1.68322	 0.000763339
-1.67989	 0.000666045
-1.67655	 0.000791399
-1.67322	 0.000653306
-1.66989	 0.000663788
-1.66656	 0.000628166
-1.66322	 0.000545671
-1.65989	 0.000596388
-1.65656	 0.000630664
-1.65322	 0.000640373
-1.64989	 0.000571671
-1.64656	 0.00050181
-1.64322	 0.000674919
-1.63989	 0.000638447
-1.63656	 0.000608712
-1.63322	 0.000621161
-1.62989	 0.00074152
-1.62656	 0.000756487
-1.62323	 0.000733433
-1.61989	 0.000652938
-1.61656	 0.000891063
-1.61323	 0.000784218
-1.60989	 0.000823308
-1.60656	 0.000773984
-1.60323	 0.000765719
-1.59989	 0.000551138
-1.59656	 0.000796629
-1.59323	 0.000879689
-1.58989	 0.000590702
-1.58656	 0.000730892
-1.58323	 0.000628523
-1.57989	 0.000761773
-1.57656	 0.000929537
-1.57323	 0.000580217
-1.5699	 0.000619962
-1.56656	 0.00077561
-1.56323	 0.000715363
-1.5599	 0.000814704
-1.55656	 0.000670051
-1.55323	 0.000781734
-1.5499	 0.000804153
-1.54656	 0.000553113
-1.54323	 0.00066484
-1.5399	 0.000725961
-1.53656	 0.000616733
-1.53323	 0.000796858
-1.5299	 0.000883341
-1.52656	 0.000813581
-1.52323	 0.00077427
-1.5199	 0.000768525
-1.51657	 0.000861677
-1.51323	 0.00074207
-1.5099	 0.000756896
-1.50657	 0.00119979
-1.50323	 0.000899922
-1.4999	 0.000732503
-1.49657	 0.000783757
-1.49323	 0.000676194
-1.4899	 0.000826422
-1.48657	 0.000937851
-1.48323	 0.00105567
-1.4799	 0.000973974
-1.47657	 0.000654482
-1.47324	 0.000752398
-1.4699	 0.000754351
-1.46657	 0.000829038
-1.46324	 0.000670569
-1.4599	 0.000958589
-1.45657	 0.000640911
-1.45324	 0.000840361
-1.4499	 0.000737626
-1.44657	 0.000846813
-1.44324	 0.0011886
-1.4399	 0.000982588
-1.43657	 0.00100535
-1.43324	 0.000942437
-1.4299	 0.00106595
-1.42657	 0.0010759
-1.42324	 0.00102404
-1.41991	 0.00117928
-1.41657	 0.000994998
-1.41324	 0.00115515
-1.40991	 0.000897049
-1.40657	 0.000961491
-1.40324	 0.000819681
-1.39991	 0.00112211
-1.39657	 0.00149552
-1.39324	 0.0012784
-1.38991	 0.00102815
-1.38657	 0.00129989
-1.38324	 0.00118969
-1.37991	 0.00114727
-1.37657	 0.00103407
-1.37324	 0.00133681
-1.36991	 0.000637207
-1.36658	 0.00146939
-1.36324	 0.001662
-1.35991	 0.00109208
-1.35658	 0.00137013
-1.35324	 0.00148065
-1.34991	 0.00103768
-1.34658	 0.00131797
-1.34324	 0.00152237
-1.33991	 0.00152389
-1.33658	 0.00182378
-1.33324	 0.00147585
-1.32991	 0.00132664
-1.32658	 0.00153262
-1.32325	 0.0015543
-1.31991	 0.00181043
-1.31658	 0.00184135
-1.31325	 0.00158559
-1.30991	 0.00193014
-1.30658	 0.00189082
-1.30325	 0.00235717
-1.29991	 0.0027686
-1.29658	 0.00247436
-1.29325	 0.00183897
-1.28991	 0.00177679
-1.28658	 0.00272776
-1.28325	 0.00280016
-1.27991	 0.00278493
-1.27658	 0.00247448
-1.27325	 0.00257936
-1.26992	 0.0026963
-1.26658	 0.0026402
-1.26325	 0.0028544
-1.25992	 0.00308386
-1.25658	 0.00272465
-1.25325	 0.00325378
-1.24992	 0.00269891
-1.24658	 0.00304023
-1.24325	 0.00353075
-1.23992	 0.00358964
-1.23658	 0.00277257
-1.23325	 0.00341098
-1.22992	 0.00430511
-1.22658	 0.00446241
-1.22325	 0.00400708
-1.21992	 0.00527255
-1.21659	 0.00527511
-1.21325	 0.00433163
-1.20992	 0.00653565
-1.20659	 0.00645253
-1.20325	 0.00660399
-1.19992	 0.00945508
-1.19659	 0.0120848
-1.19325	 0.0119575
-1.18992	 0.0131813
-1.18659	 0.0142435
-1.18325	 0.016906
-1.17992	 0.0163361
-1.17659	 0.0111161
-1.17326	 0.0102992
-1.16992	 0.00772301
-1.16659	 0.00869915
-1.16326	 0.00669128
-1.15992	 0.00761892
-1.15659	 0.00555592
-1.15326	 0.00497349
-1.14992	 0.00409111
-1.14659	 0.00485401
-1.14326	 0.00440663
-1.13992	 0.00425546
-1.13659	 0.00410053
-1.13326	 0.00325777
-1.12992	 0.00392357
-1.12659	 0.00314035
-1.12326	 0.00389602
-1.11993	 0.00238966
-1.11659	 0.00285091
-1.11326	 0.00238415
-1.10993	 0.00230654
-1.10659	 0.00221136
-1.10326	 0.00224929
-1.09993	 0.0021865
-1.09659	 0.00187141
-1.09326	 0.00211059
-1.08993	 0.00232512
-1.08659	 0.00154115
-1.08326	 0.00196428
-1.07993	 0.00189155
-1.07659	 0.0018882
-1.07326	 0.00183206
-1.06993	 0.00172565
-1.0666	 0.00164561
-1.06326	 0.00173481
-1.05993	 0.00206158
-1.0566	 0.0015956
-1.05326	 0.0011347
-1.04993	 0.00149117
-1.0466	 0.00130312
-1.04326	 0.00121369
-1.03993	 0.00148951
-1.0366	 0.00143946
-1.03326	 0.00118781
-1.02993	 0.00123227
-1.0266	 0.00119954
-1.02327	 0.0015056
-1.01993	 0.00142346
-1.0166	 0.00125853
-1.01327	 0.0012123
-1.00993	 0.00121353
-1.0066	 0.000931974
-1.00327	 0.000913584
-0.999933	 0.0010433
-0.9966	 0.00119302
-0.993267	 0.00135021
-0.989934	 0.00113468
-0.986601	 0.00119303
-0.983268	 0.00101399
-0.979935	 0.00105873
-0.976602	 0.00110212
-0.973268	 0.00112877
-0.969935	 0.000748805
-0.966602	 0.00054574
-0.963269	 0.000979704
-0.959936	 0.000842719
-0.956603	 0.000992481
-0.95327	 0.00116352
-0.949937	 0.00121404
-0.946604	 0.00142256
-0.94327	 0.000938453
-0.939937	 0.00091565
-0.936604	 0.000627381
-0.933271	 0.00109248
-0.929938	 0.000824481
-0.926605	 0.000929694
-0.923272	 0.000979203
-0.919939	 0.0010772
-0.916606	 0.000807792
-0.913272	 0.000765269
-0.909939	 0.000970423
-0.906606	 0.000828188
-0.903273	 0.000708656
-0.89994	 0.000963106
-0.896607	 0.000754958
-0.893274	 0.000806527
-0.889941	 0.00100155
-0.886608	 0.00072167
-0.883274	 0.000976555
-0.879941	 0.000754888
-0.876608	 0.000883703
-0.873275	 0.00093202
-0.869942	 0.000672831
-0.866609	 0.000835174
-0.863276	 0.000848954
-0.859943	 0.000905365
-0.85661	 0.000867271
-0.853276	 0.000692134
-0.849943	 0.000798138
-0.84661	 0.000906194
-0.843277	 0.000746239
-0.839944	 0.000825446
-0.836611	 0.000544631
-0.833278	 0.000815083
-0.829945	 0.000678088
-0.826612	 0.000780749
-0.823278	 0.000864118
-0.819945	 0.000996966
-0.816612	 0.000680785
-0.813279	 0.00071068
-0.809946	 0.000623118
-0.806613	 0.00058749
-0.80328	 0.000660862
-0.799947	 0.000537628
-0.796614	 0.000571877
-0.79328	 0.000646327
-0.789947	 0.000816809
-0.786614	 0.000772599
-0.783281	 0.00059801
-0.779948	 0.000649413
-0.776615	 0.000740958
-0.773282	 0.000772792
-0.769949	 0.000522719
-0.766616	 0.00054597
-0.763282	 0.000626691
-0.759949	 0.000659697
-0.756616	 0.000667419
-0.753283	 0.000876885
-0.74995	 0.000575741
-0.746617	 0.000665732
-0.743284	 0.000639391
-0.739951	 0.000691082
-0.736618	 0.000684153
-0.733284	 0.00070885
-0.729951	 0.000661548
-0.726618	 0.000607875
-0.723285	 0.000716567
-0.719952	 0.000655007
-0.716619	 0.000779567
-0.713286	 0.000822304
-0.709953	 0.000602233
-0.70662	 0.000676268
-0.703286	 0.000692406
-0.699953	 0.000764645
-0.69662	 0.000810988
-0.693287	 0.000658488
-0.689954	 0.000733112
-0.686621	 0.000686118
-0.683288	 0.000707723
-0.679955	 0.000775674
-0.676622	 0.00072031
-0.673288	 0.000649833
-0.669955	 0.000672255
-0.666622	 0.000752557
-0.663289	 0.000807237
-0.659956	 0.000587781
-0.656623	 0.000540628
-0.65329	 0.000730459
-0.649957	 0.000672411
-0.646624	 0.000627045
-0.64329	 0.000677635
-0.639957	 0.000459878
-0.636624	 0.000765235
-0.633291	 0.000521275
-0.629958	 0.000568098
-0.626625	 0.000596364
-0.623292	 0.000798908
-0.619959	 0.000620946
-0.616626	 0.000743082
-0.613292	 0.00057999
-0.609959	 0.000680514
-0.606626	 0.000765384
-0.603293	 0.000668852
-0.59996	 0.000679685
-0.596627	 0.000560202
-0.593294	 0.00055866
-0.589961	 0.000833337
-0.586628	 0.00068141
-0.583294	 0.000751867
-0.579961	 0.000755588
-0.576628	 0.00080094
-0.573295	 0.000711889
-0.569962	 0.000754092
-0.566629	 0.000706096
-0.563296	 0.000642126
-0.559963	 0.000689821
-0.55663	 0.000581324
-0.553296	 0.000893644
-0.549963	 0.000630689
-0.54663	 0.000734375
-0.543297	 0.000593523
-0.539964	 0.000866064
-0.536631	 0.00096508
-0.533298	 0.000740716
-0.529965	 0.000735542
-0.526632	 0.000595708
-0.523298	 0.000778845
-0.519965	 0.000800252
-0.516632	 0.000832013
-0.513299	 0.000761994
-0.509966	 0.000785853
-0.506633	 0.000587653
-0.5033	 0.000558615
-0.499967	 0.000707154
-0.496634	 0.000765365
-0.4933	 0.000577956
-0.489967	 0.000778645
-0.486634	 0.000849794
-0.483301	 0.000653899
-0.479968	 0.000758596
-0.476635	 0.000609384
-0.473302	 0.000921344
-0.469969	 0.000835708
-0.466636	 0.000698219
-0.463302	 0.000951971
-0.459969	 0.00071909
-0.456636	 0.00069718
-0.453303	 0.000872942
-0.44997	 0.000870522
-0.446637	 0.000688014
-0.443304	 0.00074277
-0.439971	 0.000662368
-0.436638	 0.000667937
-0.433304	 0.000685014
-0.429971	 0.000731227
-0.426638	 0.000740959
-0.423305	 0.000814797
-0.419972	 0.00096762
-0.416639	 0.000915046
-0.413306	 0.000725259
-0.409973	 0.000958301
-0.40664	 0.000697928
-0.403306	 0.000821027
-0.399973	 0.000803947
-0.39664	 0.00077435
-0.393307	 0.000629694
-0.389974	 0.000960684
-0.386641	 0.00064147
-0.383308	 0.000654464
-0.379975	 0.000731368
-0.376642	 0.000679075
-0.373308	 0.000950488
-0.369975	 0.000933597
-0.366642	 0.00103964
-0.363309	 0.00073346
-0.359976	 0.00115934
-0.356643	 0.000798481
-0.35331	 0.00100999
-0.349977	 0.00102493
-0.346644	 0.000876058
-0.34331	 0.000950724
-0.339977	 0.000887152
-0.336644	 0.000893602
-0.333311	 0.000899512
-0.329978	 0.000845541
-0.326645	 0.000775037
-0.323312	 0.000927455
-0.319979	 0.000972384
-0.316646	 0.000876672
-0.313312	 0.00097702
-0.309979	 0.000895508
-0.306646	 0.000838304
-0.303313	 0.000723309
-0.29998	 0.00106886
-0.296647	 0.00111474
-0.293314	 0.00099162
-0.289981	 0.00127402
-0.286648	 0.00109119
-0.283314	 0.000942791
-0.279981	 0.00118898
-0.276648	 0.000934201
-0.273315	 0.00139017
-0.269982	 0.0011118
-0.266649	 0.00101599
-0.263316	 0.00126305
-0.259983	 0.000917192
-0.25665	 0.00128288
-0.253316	 0.00123235
-0.249983	 0.00107459
-0.24665	 0.000859096
-0.243317	 0.00117889
-0.239984	 0.00101155
-0.236651	 0.00123317
-0.233318	 0.00134002
-0.229985	 0.00135867
-0.226652	 0.000931312
-0.223318	 0.00127156
-0.219985	 0.00124914
-0.216652	 0.00119196
-0.213319	 0.00115439
-0.209986	 0.00140925
-0.206653	 0.00114956
-0.20332	 0.00116279
-0.199987	 0.00126565
-0.196654	 0.00171083
-0.19332	 0.00107406
-0.189987	 0.00112043
-0.186654	 0.00130697
-0.183321	 0.00172743
-0.179988	 0.00168759
-0.176655	 0.00128864
-0.173322	 0.00170863
-0.169989	 0.0016917
-0.166656	 0.0015988
-0.163322	 0.00178961
-0.159989	 0.00152561
-0.156656	 0.00149166
-0.153323	 0.00175607
-0.14999	 0.00208676
-0.146657	 0.00210776
-0.143324	 0.00146836
-0.139991	 0.00193759
-0.136658	 0.00175026
-0.133324	 0.00222766
-0.129991	 0.00189405
-0.126658	 0.00162563
-0.123325	 0.00225251
-0.119992	 0.00256491
-0.116659	 0.00218928
-0.113326	 0.00222421
-0.109993	 0.00267172
-0.10666	 0.00178345
-0.103326	 0.00317087
-0.0999933	 0.00252577
-0.0966602	 0.00270538
-0.0933271	 0.00300284
-0.089994	 0.00287941
-0.0866609	 0.00301195
-0.0833278	 0.0021461
-0.0799947	 0.00315369
-0.0766616	 0.00262371
-0.0733284	 0.00425039
-0.0699953	 0.00427321
-0.0666622	 0.00384899
-0.0633291	 0.00351555
-0.059996	 0.00425028
-0.0566629	 0.0039964
-0.0533298	 0.00511776
-0.0499967	 0.00488838
-0.0466636	 0.00496381
-0.0433304	 0.00635586
-0.0399973	 0.00599718
-0.0366642	 0.00639075
-0.0333311	 0.00778536
-0.029998	 0.00950041
-0.0266649	 0.0103175
-0.0233318	 0.013699
-0.0199987	 0.0135222
-0.0166656	 0.0163257
-0.0133324	 0.0216397
-0.00999933	 0.0325355
-0.00666622	 0.0614708
-0.00333311	 1.24111e-05
0	 1
0.00333311	 0.0619267
0.00666622	 0.0378214
0.00999933	 0.0213164
0.0133324	 0.01798
0.0166656	 0.0131281
0.0199987	 0.0139333
0.0233318	 0.0101409
0.0266649	 0.00928684
0.029998	 0.00756638
0.0333311	 0.00643923
0.0366642	 0.00552573
0.0399973	 0.00584014
0.0433304	 0.00602948
0.0466636	 0.00466107
0.0499967	 0.00527134
0.0533298	 0.00405739
0.0566629	 0.00383556
0.059996	 0.00364045
0.0633291	 0.00396316
0.0666622	 0.00409059
0.0699953	 0.00413557
0.0733284	 0.00233398
0.0766616	 0.00339406
0.0799947	 0.00247039
0.0833278	 0.00303357
0.0866609	 0.00289135
0.089994	 0.00221737
0.0933271	 0.00275815
0.0966602	 0.00260943
0.0999933	 0.00301335
0.103326	 0.00229572
0.10666	 0.00276072
0.109993	 0.00233391
0.113326	 0.00196687
0.116659	 0.00220174
0.119992	 0.00244284
0.123325	 0.00183331
0.126658	 0.00195356
0.129991	 0.00234872
0.133324	 0.00154179
0.136658	 0.00177279
0.139991	 0.00157204
0.143324	 0.00219826
0.146657	 0.00187384
0.14999	 0.00186555
0.153323	 0.00118693
0.156656	 0.00154951
0.159989	 0.00204572
0.163322	 0.00163371
0.166656	 0.00141818
0.169989	 0.00168685
0.173322	 0.00153913
0.176655	 0.00146111
0.179988	 0.00146605
0.183321	 0.00145805
0.186654	 0.00130971
0.189987	 0.0011738
0.19332	 0.00134182
0.196654	 0.00127034
0.199987	 0.00127188
0.20332	 0.00114169
0.206653	 0.00116244
0.209986	 0.00109335
0.213319	 0.00124418
0.216652	 0.00126405
0.219985	 0.00113028
0.223318	 0.00111011
0.226652	 0.00118999
0.229985	 0.00145432
0.233318	 0.00113731
0.236651	 0.00120153
0.239984	 0.00129987
0.243317	 0.000981767
0.24665	 0.00111002
0.249983	 0.00119771
0.253316	 0.00112767
0.25665	 0.00126863
0.259983	 0.00095371
0.263316	 0.00113133
0.266649	 0.00105082
0.269982	 0.00122923
0.273315	 0.000896424
0.276648	 0.00101787
0.279981	 0.00121209
0.283314	 0.00084946
0.286648	 0.00103877
0.289981	 0.000856827
0.293314	 0.000956994
0.296647	 0.00104702
0.29998	 0.0010226
0.303313	 0.00082371
0.306646	 0.00103852
0.309979	 0.00084462
0.313312	 0.000888602
0.316646	 0.000690552
0.319979	 0.000732063
0.323312	 0.00113591
0.326645	 0.00100254
0.329978	 0.000737564
0.333311	 0.000984396
0.336644	 0.000717551
0.339977	 0.00103087
0.34331	 0.000871116
0.346644	 0.00078024
0.349977	 0.000904698
0.35331	 0.000726744
0.356643	 0.000861791
0.359976	 0.000823103
0.363309	 0.000843236
0.366642	 0.000870661
0.369975	 0.000908321
0.373308	 0.000849351
0.376642	 0.000974795
0.379975	 0.000904574
0.383308	 0.000762957
0.386641	 0.000748633
0.389974	 0.000632576
0.393307	 0.000855897
0.39664	 0.000726587
0.399973	 0.000738559
0.403306	 0.000808053
0.40664	 0.0010123
0.409973	 0.000653745
0.413306	 0.000993944
0.416639	 0.00086724
0.419972	 0.000753699
0.423305	 0.00069445
0.426638	 0.00083379
0.429971	 0.000668213
0.433304	 0.000699037
0.436638	 0.000907653
0.439971	 0.000690039
0.443304	 0.000651786
0.446637	 0.000824519
0.44997	 0.0010481
0.453303	 0.000803662
0.456636	 0.000692126
0.459969	 0.000724972
0.463302	 0.000812934
0.466636	 0.00062179
0.469969	 0.00087154
0.473302	 0.000661064
0.476635	 0.000827151
0.479968	 0.000672813
0.483301	 0.000798558
0.486634	 0.000697318
0.489967	 0.000674419
0.4933	 0.000791207
0.496634	 0.000846815
0.499967	 0.000658816
0.5033	 0.000663108
0.506633	 0.000797836
0.509966	 0.000721615
0.513299	 0.000786497
0.516632	 0.000679646
0.519965	 0.00064149
0.523298	 0.000565805
0.526632	 0.000748191
0.529965	 0.000572674
0.533298	 0.000758719
0.536631	 0.000758972
0.539964	 0.000549904
0.543297	 0.000608393
0.54663	 0.0006836
0.549963	 0.000799747
0.553296	 0.000845039
0.55663	 0.00090679
0.559963	 0.000627689
0.563296	 0.000673158
0.566629	 0.00066457
0.569962	 0.000771793
0.573295	 0.000688704
0.576628	 0.000734354
0.579961	 0.000482434
0.583294	 0.000664843
0.586628	 0.000719253
0.589961	 0.000666545
0.593294	 0.000612242
0.596627	 0.000574751
0.59996	 0.000729015
0.603293	 0.000619877
0.606626	 0.000604241
0.609959	 0.000647668
0.613292	 0.00059331
0.616626	 0.00080419
0.619959	 0.000632768
0.623292	 0.000562374
0.626625	 0.000457992
0.629958	 0.00065633
0.633291	 0.000649004
0.636624	 0.00065448
0.639957	 0.000671289
0.64329	 0.000765053
0.646624	 0.000663295
0.649957	 0.000662434
0.65329	 0.000624196
0.656623	 0.000562095
0.659956	 0.000819879
0.663289	 0.000619523
0.666622	 0.000682262
0.669955	 0.000582717
0.673288	 0.000705801
0.676622	 0.000782296
0.679955	 0.000639059
0.683288	 0.000763233
0.686621	 0.000606066
0.689954	 0.000567184
0.693287	 0.000515667
0.69662	 0.000825758
0.699953	 0.000649959
0.703286	 0.000767437
0.70662	 0.000730166
0.709953	 0.000690819
0.713286	 0.000814891
0.716619	 0.000680081
0.719952	 0.000800112
0.723285	 0.000506136
0.726618	 0.000667061
0.729951	 0.00056052
0.733284	 0.000658235
0.736618	 0.000604983
0.739951	 0.000675162
0.743284	 0.000745189
0.746617	 0.00078244
0.74995	 0.000628123
0.753283	 0.000761563
0.756616	 0.000841002
0.759949	 0.000642369
0.763282	 0.00061621
0.766616	 0.000722576
0.769949	 0.000679538
0.773282	 0.000834597
0.776615	 0.000684302
0.779948	 0.00056846
0.783281	 0.000529629
0.786614	 0.000742371
0.789947	 0.000786134
0.79328	 0.000763579
0.796614	 0.00054272
0.799947	 0.000611924
0.80328	 0.000768495
0.806613	 0.000579863
0.809946	 0.000917247
0.813279	 0.000845995
0.816612	 0.000824662
0.819945	 0.000838781
0.823278	 0.000642172
0.826612	 0.000653333
0.829945	 0.000799406
0.833278	 0.000854081
0.836611	 0.000808474
0.839944	 0.000853754
0.843277	 0.000701377
0.84661	 0.000809957
0.849943	 0.000601172
0.853276	 0.000760367
0.85661	 0.0007786
0.859943	 0.000707244
0.863276	 0.000716716
0.866609	 0.000802512
0.869942	 0.000760411
0.873275	 0.000942178
0.876608	 0.00089635
0.879941	 0.000892955
0.883274	 0.000707147
0.886608	 0.000897975
0.889941	 0.000889167
0.893274	 0.000730356
0.896607	 0.000801302
0.89994	 0.000835508
0.903273	 0.000914563
0.906606	 0.00102749
0.909939	 0.000778859
0.913272	 0.000946325
0.916606	 0.000717587
0.919939	 0.000938611
0.923272	 0.000896108
0.926605	 0.000952167
0.929938	 0.000924762
0.933271	 0.00081163
0.936604	 0.000739404
0.939937	 0.000967046
0.94327	 0.000972053
0.946604	 0.00105308
0.949937	 0.00116948
0.95327	 0.000882421
0.956603	 0.000954967
0.959936	 0.000784955
0.963269	 0.000945211
0.966602	 0.00101954
0.969935	 0.00129328
0.973268	 0.00111579
0.976602	 0.00118427
0.979935	 0.00116412
0.983268	 0.00131046
0.986601	 0.00136935
0.989934	 0.00109445
0.993267	 0.00108184
0.9966	 0.00113387
0.999933	 0.00125317
1.00327	 0.000922863
1.0066	 0.00137259
1.00993	 0.00102447
1.01327	 0.00131906
1.0166	 0.00157658
1.01993	 0.00133359
1.02327	 0.00108426
1.0266	 0.0010972
1.02993	 0.00142208
1.03326	 0.00160142
1.0366	 0.00109025
1.03993	 0.00145289
1.04326	 0.00138097
1.0466	 0.00160562
1.04993	 0.00120802
1.05326	 0.00155235
1.0566	 0.00171594
1.05993	 0.0014897
1.06326	 0.00194153
1.0666	 0.00164122
1.06993	 0.00172112
1.07326	 0.00129867
1.07659	 0.0018967
1.07993	 0.00181561
1.08326	 0.00140324
1.08659	 0.00202024
1.08993	 0.00171808
1.09326	 0.00212414
1.09659	 0.00160702
1.09993	 0.00225709
1.10326	 0.00188912
1.10659	 0.002221
1.10993	 0.00227531
1.11326	 0.00278834
1.11659	 0.00236273
1.11993	 0.00357573
1.12326	 0.00301145
1.12659	 0.00357401
1.12992	 0.00306057
1.13326	 0.00424822
1.13659	 0.00460385
1.13992	 0.00443841
1.14326	 0.00454907
1.14659	 0.00313701
1.14992	 0.00451317
1.15326	 0.00474806
1.15659	 0.00786965
1.15992	 0.005757
1.16326	 0.00798973
1.16659	 0.00875957
1.16992	 0.00855223
1.17326	 0.0106303
1.17659	 0.0184585
1.17992	 0.0147613
1.18325	 0.0154721
1.18659	 0.0143405
1.18992	 0.012234
1.19325	 0.011199
1.19659	 0.00958824
1.19992	 0.00731174
1.20325	 0.00684291
1.20659	 0.00587996
1.20992	 0.00430239
1.21325	 0.00480866
1.21659	 0.00420072
1.21992	 0.00400943
1.22325	 0.00406683
1.22658	 0.00538622
1.22992	 0.00321185
1.23325	 0.00363471
1.23658	 0.00267596
1.23992	 0.00315207
1.24325	 0.00259775
1.24658	 0.00280469
1.24992	 0.00318495
1.25325	 0.00242358
1.25658	 0.00334462
1.25992	 0.00250196
1.26325	 0.00369244
1.26658	 0.00251097
1.26992	 0.00256239
1.27325	 0.00175693
1.27658	 0.00317412
1.27991	 0.00264802
1.28325	 0.00201869
1.28658	 0.00202281
1.28991	 0.00203076
1.29325	 0.0021637
1.29658	 0.00244912
1.29991	 0.00164186
1.30325	 0.00150655
1.30658	 0.0016045
1.30991	 0.00154412
1.31325	 0.0018778
1.31658	 0.00194556
1.31991	 0.00153851
1.32325	 0.00135522
1.32658	 0.0017833
1.32991	 0.00161623
1.33324	 0.00135635
1.33658	 0.001496
1.33991	 0.00114743
1.34324	 0.00133795
1.34658	 0.0011804
1.34991	 0.00129701
1.35324	 0.00171524
1.35658	 0.00133287
1.35991	 0.000982806
1.36324	 0.00113697
1.36658	 0.00152671
1.36991	 0.00153315
1.37324	 0.00117532
1.37657	 0.00138265
1.37991	 0.0016143
1.38324	 0.00119334
1.38657	 0.00106143
1.38991	 0.000944592
1.39324	 0.00111912
1.39657	 0.000994004
1.39991	 0.00126277
1.40324	 0.000857963
1.40657	 0.00102051
1.40991	 0.0011078
1.41324	 0.001173
1.41657	 0.00117833
1.41991	 0.000705447
1.42324	 0.000916593
1.42657	 0.000924671
1.4299	 0.00117353
1.43324	 0.0008166
1.43657	 0.000991114
1.4399	 0.00113687
1.44324	 0.000850991
1.44657	 0.000882306
1.4499	 0.00077473
1.45324	 0.000713109
1.45657	 0.00100132
1.4599	 0.000908892
1.46324	 0.000605008
1.46657	 0.000724709
1.4699	 0.000890801
1.47324	 0.000956955
1.47657	 0.000828895
1.4799	 0.00106259
1.48323	 0.000735119
1.48657	 0.000894964
1.4899	 0.000925832
1.49323	 0.000708587
1.49657	 0.00109113
1.4999	 0.00092939
1.50323	 0.000810549
1.50657	 0.000959491
1.5099	 0.000684172
1.51323	 0.000900897
1.51657	 0.000858104
1.5199	 0.00083212
1.52323	 0.000821123
1.52656	 0.000812227
1.5299	 0.000738131
1.53323	 0.000722589
1.53656	 0.000905147
1.5399	 0.000876487
1.54323	 0.000796324
1.54656	 0.000708696
1.5499	 0.000952896
1.55323	 0.000765183
1.55656	 0.000788563
1.5599	 0.00064749
1.56323	 0.00068968
1.56656	 0.00086041
1.5699	 0.000752234
1.57323	 0.000617323
1.57656	 0.000687418
1.57989	 0.000702186
1.58323	 0.000709879
1.58656	 0.000789843
1.58989	 0.000868295
1.59323	 0.000577344
1.59656	 0.000672982
1.59989	 0.000615258
1.60323	 0.000570839
1.60656	 0.00071827
1.60989	 0.000721406
1.61323	 0.000828663
1.61656	 0.000819233
1.61989	 0.000996122
1.62323	 0.000697473
1.62656	 0.000754136
1.62989	 0.00062782
1.63322	 0.000733979
1.63656	 0.000829691
1.63989	 0.000591272
1.64322	 0.000588917
1.64656	 0.000734213
1.64989	 0.000595186
1.65322	 0.000789975
1.65656	 0.000554144
1.65989	 0.000572167
1.66322	 0.000601114
1.66656	 0.000508948
1.66989	 0.000737819
1.67322	 0.000610241
1.67655	 0.000529511
1.67989	 0.000629591
1.68322	 0.000600723
1.68655	 0.000599536
1.68989	 0.000768977
1.69322	 0.000555319
1.69655	 0.000550879
1.69989	 0.000459701
1.70322	 0.000632097
1.70655	 0.000598981
1.70989	 0.000491278
1.71322	 0.000661089
1.71655	 0.000608372
1.71989	 0.000642964
1.72322	 0.000509091
1.72655	 0.000601243
1.72988	 0.000653735
1.73322	 0.000625991
1.73655	 0.000719505
1.73988	 0.000578248
1.74322	 0.000798079
1.74655	 0.000550277
1.74988	 0.000487322
1.75322	 0.000579919
1.75655	 0.000482702
1.75988	 0.000569088
1.76322	 0.00075835
1.76655	 0.000543186
1.76988	 0.000486876
1.77322	 0.000596543
1.77655	 0.000701949
1.77988	 0.000583607
1.78321	 0.000535741
1.78655	 0.000654613
1.78988	 0.000767319
1.79321	 0.000580718
1.79655	 0.000580489
1.79988	 0.000615429
1.80321	 0.000741114
1.80655	 0.000628031
1.80988	 0.000655841
1.81321	 0.00065851
1.81655	 0.000642034
1.81988	 0.000407273
1.82321	 0.000628512
1.82654	 0.000562623
1.82988	 0.000530042
1.83321	 0.000592463
1.83654	 0.000522759
1.83988	 0.000776031
1.84321	 0.00056735
1.84654	 0.000579334
1.84988	 0.00051799
1.85321	 0.000610539
1.85654	 0.000648613
1.85988	 0.000629932
1.86321	 0.000642933
1.86654	 0.000516207
1.86988	 0.000629779
1.87321	 0.000650246
1.87654	 0.000617413
1.87987	 0.000620758
1.88321	 0.000669428
1.88654	 0.000492263
1.88987	 0.000498387
1.89321	 0.000621755
1.89654	 0.000534893
1.89987	 0.000613752
1.90321	 0.000651842
1.90654	 0.0005966
1.90987	 0.000533238
1.91321	 0.000595638
1.91654	 0.000619666
1.91987	 0.000559257
1.92321	 0.000849521
1.92654	 0.000662345
1.92987	 0.000578408
1.9332	 0.000759134
1.93654	 0.000539753
1.93987	 0.000648224
1.9432	 0.000595446
1.94654	 0.000556479
1.94987	 0.000556188
1.9532	 0.000635938
1.95654	 0.000724586
1.95987	 0.00074255
1.9632	 0.000757328
1.96654	 0.000592304
1.96987	 0.000625748
1.9732	 0.000818851
1.97653	 0.000663142
1.97987	 0.000637096
1.9832	 0.000700132
1.98653	 0.000602674
1.98987	 0.000575574
1.9932	 0.000686766
1.99653	 0.000639027
1.99987	 0.000767226
2.0032	 0.000551683
2.00653	 0.000691074
2.00987	 0.000683295
2.0132	 0.000615749
2.01653	 0.000657037
2.01987	 0.000698072
2.0232	 0.000451681
2.02653	 0.000692642
2.02986	 0.000694261
2.0332	 0.000756235
2.03653	 0.000817662
2.03986	 0.000639086
2.0432	 0.000671932
2.04653	 0.000893905
2.04986	 0.000664323
2.0532	 0.000767317
2.05653	 0.000448422
2.05986	 0.000702962
2.0632	 0.000725749
2.06653	 0.000818943
2.06986	 0.000812663
2.0732	 0.000930017
2.07653	 0.000888505
2.07986	 0.000714551
2.08319	 0.000671253
2.08653	 0.000815922
2.08986	 0.000818897
2.09319	 0.00071939
2.09653	 0.000514325
2.09986	 0.000773616
2.10319	 0.000916375
2.10653	 0.00104311
2.10986	 0.000904138
2.11319	 0.000762331
2.11653	 0.000955764
2.11986	 0.000760172
2.12319	 0.000788267
2.12652	 0.000783615
2.12986	 0.000771362
2.13319	 0.000637933
2.13652	 0.00113193
2.13986	 0.00112965
2.14319	 0.000705107
2.14652	 0.000955625
2.14986	 0.000994548
2.15319	 0.00113145
2.15652	 0.000803287
2.15986	 0.000839549
2.16319	 0.000903552
2.16652	 0.000842729
2.16986	 0.000912581
2.17319	 0.00110954
2.17652	 0.00090728
2.17985	 0.00120796
2.18319	 0.000919791
2.18652	 0.0011362
2.18985	 0.000916751
2.19319	 0.000929066
2.19652	 0.00104364
2.19985	 0.00123537
2.20319	 0.000922036
2.20652	 0.00118823
2.20985	 0.00123322
2.21319	 0.00117026
2.21652	 0.00122263
2.21985	 0.00132577
2.22319	 0.00141114
2.22652	 0.000913665
2.22985	 0.00139591
2.23318	 0.00127595
2.23652	 0.00117754
2.23985	 0.00110356
2.24318	 0.00140244
2.24652	 0.00134615
2.24985	 0.00186858
2.25318	 0.0014816
2.25652	 0.00143753
2.25985	 0.00158999
2.26318	 0.00138909
2.26652	 0.0016147
2.26985	 0.00165348
2.27318	 0.00166798
2.27651	 0.00188773
2.27985	 0.00165139
2.28318	 0.00154773
2.28651	 0.0017163
2.28985	 0.00226162
2.29318	 0.00216271
2.29651	 0.00181044
2.29985	 0.00209178
2.30318	 0.00239105
2.30651	 0.00247736
2.30985	 0.00220357
2.31318	 0.00249163
2.31651	 0.00261238
2.31985	 0.00209801
2.32318	 0.00275566
2.32651	 0.0029395
2.32984	 0.00347708
2.33318	 0.00312009
2.33651	 0.00396549
2.33984	 0.00255254
2.34318	 0.00379756
2.34651	 0.00350794
2.34984	 0.00367269
2.35318	 0.00419142
2.35651	 0.0031877
2.35984	 0.00394299
2.36318	 0.00375291
2.36651	 0.00403978
2.36984	 0.00338105
2.37318	 0.00279305
2.37651	 0.0025559
2.37984	 0.0039457
2.38317	 0.00309444
2.38651	 0.00451871
2.38984	 0.00393231
2.39317	 0.00472974
2.39651	 0.00436281
2.39984	 0.00397256
2.40317	 0.00350374
2.40651	 0.00320655
2.40984	 0.00327635
2.41317	 0.00296416
2.41651	 0.00330778
2.41984	 0.00312493
2.42317	 0.00313097
2.4265	 0.00220858
2.42984	 0.00311283
2.43317	 0.00273556
2.4365	 0.00197706
2.43984	 0.00249391
2.44317	 0.00300627
2.4465	 0.00244456
2.44984	 0.0027366
2.45317	 0.00265126
2.4565	 0.00266771
2.45984	 0.00187151
2.46317	 0.00197674
2.4665	 0.00214537
2.46984	 0.00200084
2.47317	 0.00197705
2.4765	 0.00214114
2.47983	 0.00218501
2.48317	 0.00159695
2.4865	 0.00216147
2.48983	 0.00171954
2.49317	 0.0018003
2.4965	 0.00214483
2.49983	 0.00153833
2.50317	 0.00186606
2.5065	 0.00165037
2.50983	 0.00212396
2.51317	 0.0017205
2.5165	 0.00188254
2.51983	 0.00166089
2.52317	 0.00136481
2.5265	 0.0016726
2.52983	 0.0014559
2.53316	 0.00139984
2.5365	 0.00123493
2.53983	 0.00147653
2.54316	 0.00118379
2.5465	 0.00170741
2.54983	 0.00163184
2.55316	 0.00160634
2.5565	 0.00124046
2.55983	 0.00115276
2.56316	 0.00137892
2.5665	 0.00143002
2.56983	 0.00126235
2.57316	 0.00126867
2.57649	 0.00115352
2.57983	 0.00114261
2.58316	 0.00122533
2.58649	 0.00145223
2.58983	 0.00142844
2.59316	 0.00140672
2.59649	 0.00110666
2.59983	 0.00116963
2.60316	 0.00123724
2.60649	 0.00120952
2.60983	 0.00113647
2.61316	 0.0013353
2.61649	 0.00095235
2.61983	 0.000960012
2.62316	 0.00104171
2.62649	 0.00101275
2.62982	 0.000970768
2.63316	 0.000787047
2.63649	 0.00120458
2.63982	 0.00102136
2.64316	 0.000789798
2.64649	 0.0010377
2.64982	 0.00083127
2.65316	 0.00106605
2.65649	 0.000758006
2.65982	 0.000938168
2.66316	 0.000768862
2.66649	 0.0010825
2.66982	 0.00108919
2.67316	 0.000859137
2.67649	 0.000898446
2.67982	 0.000874848
2.68315	 0.000701427
2.68649	 0.000763061
2.68982	 0.000891757
2.69315	 0.00108141
2.69649	 0.000895864
2.69982	 0.00114677
2.70315	 0.000863803
2.70649	 0.000762182
2.70982	 0.000877406
2.71315	 0.000727662
2.71649	 0.00084487
2.71982	 0.000735377
2.72315	 0.000756622
2.72648	 0.000900581
2.72982	 0.000904672
2.73315	 0.000760259
2.73648	 0.000825924
2.73982	 0.000539095
2.74315	 0.000673955
2.74648	 0.000658469
2.74982	 0.000562887
2.75315	 0.000707866
2.75648	 0.000773752
2.75982	 0.000753345
2.76315	 0.000732914
2.76648	 0.000776407
2.76982	 0.000854192
2.77315	 0.000952369
2.77648	 0.000602412
2.77981	 0.00075489
2.78315	 0.000859826
2.78648	 0.000686942
2.78981	 0.000701891
2.79315	 0.000823249
2.79648	 0.000632435
2.79981	 0.000768564
2.80315	 0.000649456
2.80648	 0.000560008
2.80981	 0.000725059
2.81315	 0.000715373
2.81648	 0.000636683
2.81981	 0.00060789
2.82315	 0.000694658
2.82648	 0.000573817
2.82981	 0.000699337
2.83314	 0.000578803
2.83648	 0.000622449
2.83981	 0.000474157
2.84314	 0.000618629
2.84648	 0.000637536
2.84981	 0.000557351
2.85314	 0.000601094
2.85648	 0.000638583
2.85981	 0.000636438
2.86314	 0.000569181
2.86648	 0.00062431
2.86981	 0.000651872
2.87314	 0.000742215
2.87647	 0.000790978
2.87981	 0.000530643
2.88314	 0.000906401
2.88647	 0.00052824
2.88981	 0.000593761
2.89314	 0.000755389
2.89647	 0.000668383
2.89981	 0.000635313
2.90314	 0.000925963
2.90647	 0.000589952
2.90981	 0.000565762
2.91314	 0.000652864
2.91647	 0.000547688
2.91981	 0.000584764
2.92314	 0.000584295
2.92647	 0.000668503
2.9298	 0.000651647
2.93314	 0.000672033
2.93647	 0.000522372
2.9398	 0.000623552
2.94314	 0.000610302
2.94647	 0.00067127
2.9498	 0.000669246
2.95314	 0.0004451
2.95647	 0.000666139
2.9598	 0.00060159
2.96314	 0.000715125
2.96647	 0.000503387
2.9698	 0.000584165
2.97314	 0.000557093
2.97647	 0.00061323
2.9798	 0.000688881
2.98313	 0.000595904
2.98647	 0.000549614
2.9898	 0.000600936
2.99313	 0.000792413
2.99647	 0.00058959
2.9998	 0.000548609
3.00313	 0.00050549
3.00647	 0.000592896
3.0098	 0.000501594
3.01313	 0.0005941
3.01647	 0.000590735
3.0198	 0.000685001
3.02313	 0.000418601
3.02646	 0.000519055
3.0298	 0.000615373
3.03313	 0.000910993
3.03646	 0.000710147
3.0398	 0.000610329
3.04313	 0.000489253
3.04646	 0.000574285
3.0498	 0.000666209
3.05313	 0.000640147
3.05646	 0.000641982
3.0598	 0.000483255
3.06313	 0.000612159
3.06646	 0.000568393
3.0698	 0.000482623
3.07313	 0.000554155
3.07646	 0.000454003
3.07979	 0.000688511
3.08313	 0.000531795
3.08646	 0.00057317
3.08979	 0.000573736
3.09313	 0.000865678
3.09646	 0.000701458
3.09979	 0.000556712
3.10313	 0.000873008
3.10646	 0.000518665
3.10979	 0.000738741
3.11313	 0.00064587
3.11646	 0.000516959
3.11979	 0.000658654
3.12313	 0.000670986
3.12646	 0.000682238
3.12979	 0.000577016
3.13312	 0.000540757
3.13646	 0.000488069
3.13979	 0.000619832
3.14312	 0.000586647
3.14646	 0.000604102
3.14979	 0.000562025
3.15312	 0.00070184
3.15646	 0.000583563
3.15979	 0.00073864
3.16312	 0.000600298
3.16646	 0.000633828
3.16979	 0.000640862
3.17312	 0.000712607
3.17645	 0.000820276
3.17979	 0.000646685
3.18312	 0.000506087
3.18645	 0.000557133
3.18979	 0.000628491
3.19312	 0.000672953
3.19645	 0.000685194
3.19979	 0.00061525
3.20312	 0.000667172
3.20645	 0.000617876
3.20979	 0.000655271
3.21312	 0.000646258
3.21645	 0.000582253
3.21979	 0.000924618
3.22312	 0.000550641
3.22645	 0.000571301
3.22978	 0.000667069
3.23312	 0.000593563
3.23645	 0.000670659
3.23978	 0.000712249
3.24312	 0.000647562
3.24645	 0.000515933
3.24978	 0.000704464
3.25312	 0.000781445
3.25645	 0.000644574
3.25978	 0.000694464
3.26312	 0.00085748
3.26645	 0.000668616
3.26978	 0.000559147
3.27312	 0.000651687
3.27645	 0.00067977
3.27978	 0.000605099
3.28311	 0.000818573
3.28645	 0.000624137
3.28978	 0.000716611
3.29311	 0.000706063
3.29645	 0.000939684
3.29978	 0.000769628
3.30311	 0.000755445
3.30645	 0.00073052
3.30978	 0.000794977
3.31311	 0.000737364
3.31645	 0.000824211
3.31978	 0.000895897
3.32311	 0.000755052
3.32644	 0.00101865
3.32978	 0.00065439
3.33311	 0.000689566
3.33644	 0.000815619
3.33978	 0.000835106
3.34311	 0.000843772
3.34644	 0.000628479
3.34978	 0.000624915
3.35311	 0.000919567
3.35644	 0.000784935
3.35978	 0.00074697
3.36311	 0.000934686
3.36644	 0.000812785
3.36978	 0.000878737
3.37311	 0.00102382
3.37644	 0.00108217
3.37977	 0.000914663
3.38311	 0.00106168
3.38644	 0.000859095
3.38977	 0.000939083
3.39311	 0.00103462
3.39644	 0.00107212
3.39977	 0.00117357
3.40311	 0.000931036
3.40644	 0.00096822
3.40977	 0.00100708
3.41311	 0.00124172
3.41644	 0.00124783
3.41977	 0.000968927
3.42311	 0.001007
3.42644	 0.000972462
3.42977	 0.0010387
3.4331	 0.0013365
3.43644	 0.00129674
3.43977	 0.000970268
3.4431	 0.00110677
3.44644	 0.00139798
3.44977	 0.00126246
3.4531	 0.0011299
3.45644	 0.000889988
3.45977	 0.00129654
3.4631	 0.00127017
3.46644	 0.00128978
3.46977	 0.0011318
3.4731	 0.00116771
3.47643	 0.00130938
3.47977	 0.00116526
3.4831	 0.0011459
3.48643	 0.0014909
3.48977	 0.00135741
3.4931	 0.00124686
3.49643	 0.00171559
3.49977	 0.00134338
3.5031	 0.00170567
3.50643	 0.00172161
3.50977	 0.00147936
3.5131	 0.00160545
3.51643	 0.00132619
3.51977	 0.00144435
3.5231	 0.00149114
3.52643	 0.00156253
3.52976	 0.00176206
3.5331	 0.00144543
3.53643	 0.00188766
3.53976	 0.00237356
3.5431	 0.00247837
3.54643	 0.00211631
3.54976	 0.00174128
3.5531	 0.00209814
3.55643	 0.00218458
3.55976	 0.00262696
3.5631	 0.00223363
3.56643	 0.00186936
3.56976	 0.00252927
3.5731	 0.00250845
3.57643	 0.00164076
3.57976	 0.00256278
3.58309	 0.00277158
3.58643	 0.00293958
3.58976	 0.00246441
3.59309	 0.00215685
3.59643	 0.00353507
3.59976	 0.00258419
3.60309	 0.00231829
3.60643	 0.00219279
3.60976	 0.00209913
3.61309	 0.00315334
3.61643	 0.00249867
3.61976	 0.0021954
3.62309	 0.00241961
3.62642	 0.00187552
3.62976	 0.0018562
3.63309	 0.00196719
3.63642	 0.00265531
3.63976	 0.00198073
3.64309	 0.00203629
3.64642	 0.0024421
3.64976	 0.00227449
3.65309	 0.00225766
3.65642	 0.00214632
3.65976	 0.0016894
3.66309	 0.00191488
3.66642	 0.00257765
3.66976	 0.00145784
3.67309	 0.00188385
3.67642	 0.00180456
3.67975	 0.00165967
3.68309	 0.00174073
3.68642	 0.00187999
3.68975	 0.00226709
3.69309	 0.00176252
3.69642	 0.00140673
3.69975	 0.00145845
3.70309	 0.001782
3.70642	 0.00191056
3.70975	 0.00115134
3.71309	 0.00146639
3.71642	 0.00205295
3.71975	 0.00168316
3.72309	 0.00147853
3.72642	 0.00161432
3.72975	 0.00131943
3.73308	 0.00104973
3.73642	 0.00160154
3.73975	 0.00174065
3.74308	 0.00161539
3.74642	 0.00153193
3.74975	 0.00167402
3.75308	 0.00100584
3.75642	 0.00126232
3.75975	 0.00152793
3.76308	 0.0017327
3.76642	 0.00137489
3.76975	 0.00127646
3.77308	 0.00105194
3.77641	 0.00157103
3.77975	 0.00117468
3.78308	 0.00135621
3.78641	 0.0010958
3.78975	 0.000828603
3.79308	 0.00108203
3.79641	 0.00116784
3.79975	 0.00140165
3.80308	 0.0010882
3.80641	 0.00116244
3.80975	 0.00142657
3.81308	 0.0013382
3.81641	 0.00104635
3.81975	 0.000910845
3.82308	 0.00132227
3.82641	 0.000935112
3.82974	 0.00103007
3.83308	 0.00113525
3.83641	 0.00113082
3.83974	 0.00110708
3.84308	 0.000988564
3.84641	 0.000910383
3.84974	 0.000828109
3.85308	 0.000924666
3.85641	 0.000754464
3.85974	 0.000814775
3.86308	 0.000852734
3.86641	 0.000896176
3.86974	 0.000984539
3.87308	 0.000780368
3.87641	 0.000816503
3.87974	 0.000868325
3.88307	 0.000838997
3.88641	 0.000751985
3.88974	 0.000876174
3.89307	 0.000835747
3.89641	 0.000928629
3.89974	 0.000680584
3.90307	 0.00084178
3.90641	 0.000712284
3.90974	 0.000852765
3.91307	 0.00092473
3.91641	 0.000733972
3.91974	 0.000950019
3.92307	 0.000953005
3.9264	 0.000769904
3.92974	 0.000831493
3.93307	 0.000990306
3.9364	 0.000686815
3.93974	 0.000793912
3.94307	 0.000657159
3.9464	 0.000722149
3.94974	 0.000837099
3.95307	 0.000737226
3.9564	 0.000713645
3.95974	 0.000527593
3.96307	 0.000837986
3.9664	 0.000684934
3.96974	 0.000674873
3.97307	 0.000602551
3.9764	 0.000939868
3.97973	 0.000630815
3.98307	 0.000798323
3.9864	 0.000627823
3.98973	 0.000720122
3.99307	 0.000510663
3.9964	 0.000665665
3.99973	 0.000674583
4.00307	 0.000657443
4.0064	 0.000896522
4.00973	 0.000755395
4.01307	 0.000583708
4.0164	 0.000666621
4.01973	 0.000677683
4.02307	 0.000567236
4.0264	 0.000733459
4.02973	 0.000489546
4.03306	 0.000513591
4.0364	 0.000462755
4.03973	 0.000615154
4.04306	 0.000678789
4.0464	 0.00066233
4.04973	 0.000562548
4.05306	 0.000609476
4.0564	 0.000438862
4.05973	 0.000606446
4.06306	 0.000430464
4.0664	 0.00054756
4.06973	 0.000539258
4.07306	 0.000673977
4.07639	 0.000632119
4.07973	 0.000574926
4.08306	 0.000853269
4.08639	 0.000524072
4.08973	 0.000541441
4.09306	 0.000574145
4.09639	 0.000542405
4.09973	 0.000546332
4.10306	 0.000526787
4.10639	 0.000558633
4.10973	 0.000704369
4.11306	 0.000639915
4.11639	 0.000554708
4.11973	 0.000598374
4.12306	 0.000681693
4.12639	 0.000562539
4.12972	 0.00062063
4.13306	 0.000669551
4.13639	 0.000625145
4.13972	 0.000605097
4.14306	 0.000624553
4.14639	 0.000504295
4.14972	 0.000594331
4.15306	 0.000567932
4.15639	 0.000539453
4.15972	 0.000685817
4.16306	 0.000669511
4.16639	 0.000573108
4.16972	 0.000555476
4.17306	 0.000547857
4.17639	 0.000465737
4.17972	 0.000614222
4.18305	 0.000562184
4.18639	 0.00058622
4.18972	 0.000587478
4.19305	 0.000598817
4.19639	 0.00065608
4.19972	 0.000544034
4.20305	 0.00047595
4.20639	 0.000607875
4.20972	 0.00046857
4.21305	 0.000575245
4.21639	 0.00050885
4.21972	 0.000555683
4.22305	 0.000736962
4.22638	 0.000663903
4.22972	 0.000542209
4.23305	 0.000543139
4.23638	 0.00051098
4.23972	 0.000424344
4.24305	 0.0004912
4.24638	 0.000589455
4.24972	 0.000498732
4.25305	 0.000584821
4.25638	 0.000565963
4.25972	 0.000602451
4.26305	 0.00067238
4.26638	 0.000625979
4.26972	 0.000500502
4.27305	 0.000570355
4.27638	 0.000479478
4.27971	 0.000724446
4.28305	 0.000602374
4.28638	 0.000378646
4.28971	 0.000721364
4.29305	 0.000568188
4.29638	 0.00062217
4.29971	 0.000556862
4.30305	 0.0005198
4.30638	 0.000577345
4.30971	 0.000495646
4.31305	 0.000448748
4.31638	 0.000541073
4.31971	 0.000598089
4.32305	 0.000542701
4.32638	 0.000476511
4.32971	 0.000663972
4.33304	 0.000518426
4.33638	 0.000526349
4.33971	 0.000591248
4.34304	 0.000582618
4.34638	 0.000550571
4.34971	 0.000475535
4.35304	 0.000511813
4.35638	 0.000742606
4.35971	 0.000599361
4.36304	 0.000693815
4.36638	 0.000465174
4.36971	 0.00061215
4.37304	 0.000660725
4.37637	 0.000736589
4.37971	 0.000587075
4.38304	 0.000524296
4.38637	 0.000544612
4.38971	 0.000571902
4.39304	 0.000567516
4.39637	 0.000641062
4.39971	 0.00065756
4.40304	 0.000645567
4.40637	 0.000568603
4.40971	 0.000662921
4.41304	 0.000711887
4.41637	 0.000538412
4.41971	 0.000597507
4.42304	 0.000575467
4.42637	 0.000559737
4.4297	 0.000671213
4.43304	 0.000699288
4.43637	 0.000507451
4.4397	 0.000675907
4.44304	 0.000597156
4.44637	 0.000637475
4.4497	 0.000731464
4.45304	 0.000700608
4.45637	 0.000603223
4.4597	 0.000744171
4.46304	 0.000532763
4.46637	 0.000622786
4.4697	 0.000804897
4.47304	 0.000696401
4.47637	 0.000840178
4.4797	 0.000745332
4.48303	 0.000625131
4.48637	 0.00076898
4.4897	 0.000635764
4.49303	 0.000672477
4.49637	 0.000550361
4.4997	 0.00054606
4.50303	 0.000700809
4.50637	 0.000746904
4.5097	 0.000618291
4.51303	 0.000710644
4.51637	 0.000646426
4.5197	 0.000631931
4.52303	 0.00069302
4.52636	 0.000713763
4.5297	 0.000668184
4.53303	 0.00080144
4.53636	 0.000767052
4.5397	 0.00069581
4.54303	 0.000897656
4.54636	 0.000901081
4.5497	 0.0007947
4.55303	 0.000766646
4.55636	 0.000669804
4.5597	 0.000637013
4.56303	 0.000752135
4.56636	 0.000786838
4.5697	 0.000821739
4.57303	 0.000800732
4.57636	 0.000704664
4.57969	 0.000888858
4.58303	 0.000677888
4.58636	 0.000577028
4.58969	 0.000722088
4.59303	 0.000693357
4.59636	 0.000783799
4.59969	 0.00083134
4.60303	 0.000793364
4.60636	 0.000824089
4.60969	 0.00121091
4.61303	 0.00105152
4.61636	 0.000957648
4.61969	 0.000996659
4.62303	 0.00113304
4.62636	 0.000928358
4.62969	 0.000677098
4.63302	 0.00106585
4.63636	 0.000790652
4.63969	 0.00092509
4.64302	 0.000878965
4.64636	 0.000846351
4.64969	 0.0008786
4.65302	 0.000868988
4.65636	 0.00101861
4.65969	 0.000944285
4.66302	 0.000939511
4.66636	 0.000952732
4.66969	 0.00106141
4.67302	 0.00111647
4.67635	 0.00123666
4.67969	 0.000901381
4.68302	 0.00112463
4.68635	 0.0011741
4.68969	 0.000982008
4.69302	 0.000896158
4.69635	 0.00103491
4.69969	 0.00091172
4.70302	 0.00130776
4.70635	 0.000989046
4.70969	 0.00173913
4.71302	 0.001202
4.71635	 0.00132609
4.71969	 0.00127859
4.72302	 0.00113831
4.72635	 0.00145298
4.72968	 0.00118911
4.73302	 0.00158612
4.73635	 0.00135691
4.73968	 0.00143764
4.74302	 0.00138351
4.74635	 0.00139388
4.74968	 0.00133644
4.75302	 0.00151265
4.75635	 0.0014107
4.75968	 0.00126234
4.76302	 0.00158106
4.76635	 0.00116008
4.76968	 0.00158539
4.77302	 0.00139465
4.77635	 0.00186324
4.77968	 0.00140687
4.78301	 0.0016631
4.78635	 0.00163445
4.78968	 0.0013487
4.79301	 0.0015844
4.79635	 0.00188744
4.79968	 0.00162532
4.80301	 0.00187007
4.80635	 0.00175144
4.80968	 0.00203107
4.81301	 0.00187285
4.81635	 0.00153511
4.81968	 0.00152546
4.82301	 0.00159817
4.82634	 0.00222141
4.82968	 0.00169765
4.83301	 0.00182074
4.83634	 0.00112089
4.83968	 0.00172606
4.84301	 0.00193046
4.84634	 0.00119249
4.84968	 0.00149098
4.85301	 0.00106012
4.85634	 0.00168985
4.85968	 0.0014392
4.86301	 0.00144278
4.86634	 0.00175944
4.86968	 0.00160913
4.87301	 0.0016279
4.87634	 0.0016595
4.87967	 0.00179716
4.88301	 0.00196946
4.88634	 0.00177683
4.88967	 0.00172758
4.89301	 0.00170475
4.89634	 0.00173836
4.89967	 0.00135378
4.90301	 0.00147236
4.90634	 0.00132136
4.90967	 0.00122742
4.91301	 0.00169316
4.91634	 0.00176631
4.91967	 0.00154442
4.92301	 0.00188181
4.92634	 0.00106928
4.92967	 0.00158962
4.933	 0.00172132
4.93634	 0.00148287
4.93967	 0.00180092
4.943	 0.00135501
4.94634	 0.00134104
4.94967	 0.00134707
4.953	 0.0011224
4.95634	 0.00121044
4.95967	 0.0010533
4.963	 0.00122251
4.96634	 0.00140626
4.96967	 0.00119164
4.973	 0.00127993
4.97633	 0.000977108
4.97967	 0.0010142
4.983	 0.00116541
4.98633	 0.000980106
4.98967	 0.00116065
4.993	 0.000907874
4.99633	 0.00105235
