#Time [1ns] 	 Re(Es) 	 Im(Es) 	 |Es|^2 	 rho 	 w
0	-4196.54122	487.418357	-38801.3945	-26565.9191	0.552784357	3.84225419e+13
1e-11	-2032.69472	1267.133	-37447.7145	-26141.7356	0.553163322	3.86594868e+13
2e-11	-2982.80862	1036.765	-36311.5774	-25161.0847	0.55417953	3.88760272e+13
3e-11	-1339.61067	-114.049704	-36357.3363	-25413.8151	0.555325546	3.90752287e+13
4e-11	-1874.56113	993.846694	-34816.9338	-25937.6438	0.55631744	3.9258518e+13
5e-11	-2643.34106	572.151976	-35100.4216	-27519.3612	0.557378602	3.94275937e+13
6e-11	-1587.74214	387.390021	-35642.5579	-27682.3507	0.558082069	3.95831525e+13
7e-11	-3488.00506	-378.720325	-36546.6033	-28107.0077	0.558217901	3.97253299e+13
8e-11	-3906.04178	850.77233	-36814.5488	-27273.2294	0.558173379	3.98542145e+13
9e-11	-2827.9523	739.479414	-36861.3761	-27692.0213	0.558435325	3.9971374e+13
1e-10	-1806.50489	80.6833	-38767.4274	-26739.5066	0.5581308	4.00776561e+13
1.1e-10	-2554.29013	7.80683915	-40534.0373	-28246.9531	0.557478679	4.01729265e+13
1.2e-10	-1468.92818	-1355.74328	-39541.907	-29434.9433	0.556387764	4.02566458e+13
1.3e-10	-74.9983076	-2059.06987	-39138.9928	-30120.5308	0.555518025	4.03297738e+13
1.4e-10	1999.71854	-1271.69804	-37676.8178	-29187.8377	0.55554747	4.03946671e+13
1.5e-10	1693.66528	-1519.94799	-36602.6145	-29443.2825	0.555720524	4.04539687e+13
1.6e-10	-339.366579	-2253.78019	-38353.8093	-27984.5879	0.55612318	4.05087629e+13
1.7e-10	-1034.97339	146.612585	-39036.3359	-29537.9059	0.556100584	4.05588895e+13
1.8e-10	-964.041211	-25.8960527	-38069.2647	-28984.6309	0.556012893	4.06039792e+13
1.9e-10	-1623.92084	26.9846907	-37319.5703	-29222.583	0.556240909	4.06450814e+13
2e-10	-738.720242	-308.551043	-38576.3466	-27314.0145	0.55652507	4.06831523e+13
2.1e-10	-918.761776	-1327.34703	-39907.8593	-28176.6867	0.556392246	4.0718116e+13
2.2e-10	-2617.16944	-2043.11339	-41871.6469	-28226.0788	0.555689782	4.0748607e+13
2.3e-10	-2765.38617	-1822.63213	-41506.2279	-26756.4856	0.554890356	4.07739222e+13
2.4e-10	-553.103657	-1328.98547	-39669.2736	-28124.7822	0.554855309	4.07957108e+13
2.5e-10	-205.855693	-2258.99531	-40050.1406	-28597.0309	0.554919643	4.08155571e+13
2.6e-10	85.8188226	-2492.1222	-38265.653	-26680.6914	0.555062854	4.0833709e+13
2.7e-10	850.480491	-2431.47347	-37652.2034	-26768.9217	0.556254165	4.08519872e+13
2.8e-10	-1505.24042	-2015.83196	-36706.6097	-27612.9198	0.557216778	4.08715341e+13
2.9e-10	-381.61009	-1647.04063	-36210.1215	-27494.6209	0.558056152	4.08916617e+13
3e-10	-1212.65362	-1781.31644	-37058.1379	-25731.9	0.558809334	4.09122128e+13
3.1e-10	681.583694	-2407.43589	-37642.9947	-26167.781	0.559136911	4.09326117e+13
3.2e-10	1363.5232	-1707.22078	-38569.8662	-27056.1732	0.558972114	4.09512749e+13
3.3e-10	1810.20945	-1650.61646	-37902.4788	-25741.5926	0.55893962	4.09676163e+13
3.4e-10	-375.183724	-828.413875	-38702.5381	-26361.6881	0.559211921	4.09829818e+13
3.5e-10	-728.530664	-794.07567	-37123.9702	-27135.9465	0.558915903	4.09967864e+13
3.6e-10	-1826.24175	-2952.33247	-36249.5578	-26738.6297	0.559446453	4.10095123e+13
3.7e-10	-817.130067	-2951.41253	-37465.6508	-26523.608	0.5595656	4.10221264e+13
3.8e-10	-2038.14205	-3085.39365	-38706.0441	-25980.989	0.559691765	4.10339551e+13
3.9e-10	-2097.25008	-3052.63318	-37695.3294	-26670.9755	0.559651473	4.10446197e+13
4e-10	-2016.59902	-2419.80585	-40994.4659	-27113.2268	0.559207522	4.10538995e+13
4.1e-10	-1316.78558	-1764.69951	-40457.9665	-27338.7322	0.558130274	4.10598939e+13
4.2e-10	-1196.46619	-152.06058	-40367.0552	-24912.1178	0.557783318	4.10634217e+13
4.3e-10	-2162.31043	-2513.49709	-40699.1984	-25732.944	0.557659485	4.10660532e+13
4.4e-10	-1960.09132	-2346.14014	-41936.2472	-25634.8064	0.55717687	4.10676109e+13
4.5e-10	-1409.3712	-784.318498	-44347.1888	-26189.0654	0.556118873	4.10672398e+13
4.6e-10	-1826.21698	-91.2928249	-43182.0693	-24984.3058	0.55500494	4.10634412e+13
4.7e-10	-609.779231	329.372764	-42294.3023	-25007.0664	0.5547918	4.10581734e+13
4.8e-10	-1921.33007	-1461.37872	-43159.9833	-24140.2278	0.554793755	4.10532282e+13
4.9e-10	-2924.02473	-2272.16485	-41628.5058	-26497.5253	0.554510532	4.10483517e+13
5e-10	1382.33578	-2203.7224	-42299.9515	-26449.8263	0.554056724	4.10430806e+13
5.1e-10	-176.360953	-495.282737	-41341.8929	-27097.7154	0.553837525	4.10371997e+13
5.2e-10	-181.515835	-1021.05764	-41093.6013	-27077.9404	0.553944686	4.10317209e+13
5.3e-10	-1697.3277	161.047907	-41149.9361	-26404.6218	0.554075146	4.10270105e+13
5.4e-10	-2474.68737	-183.777784	-39969.5869	-26976.1925	0.554346909	4.10232871e+13
5.5e-10	-2502.33728	310.953475	-39298.1896	-27691.2192	0.554763325	4.1020879e+13
5.6e-10	-851.188222	1601.5113	-39835.5284	-27944.4823	0.555184766	4.10199555e+13
5.7e-10	-1381.13937	1329.8136	-37731.7889	-27911.1481	0.555559317	4.10199091e+13
5.8e-10	-940.988273	753.540172	-37974.687	-28918.7688	0.555939585	4.10211969e+13
5.9e-10	85.8272323	1470.21	-38008.814	-28105.0409	0.556421823	4.10232612e+13
6e-10	799.979252	1503.25237	-38185.3073	-28488.9607	0.556806569	4.10265596e+13
6.1e-10	-730.612289	591.944901	-39521.4739	-29612.5094	0.556541809	4.10298292e+13
6.2e-10	-318.368917	1169.9589	-38906.0701	-30921.7485	0.555813258	4.10313396e+13
6.3e-10	96.9375912	-1072.0817	-38864.894	-29894.6243	0.555339654	4.10311068e+13
6.4e-10	-68.7271917	189.158332	-37794.0932	-30614.6086	0.5549963	4.10296962e+13
6.5e-10	2542.64985	385.337243	-38506.4389	-30892.2278	0.555137329	4.10281559e+13
6.6e-10	977.054615	729.148092	-36709.5077	-31560.2528	0.555171026	4.10269376e+13
6.7e-10	-1070.1493	551.884945	-36717.5588	-32110.1878	0.555198505	4.10260755e+13
6.8e-10	384.080921	289.479902	-36833.4293	-31824.9071	0.555161816	4.10251517e+13
6.9e-10	256.397361	320.932804	-36361.6585	-31652.348	0.555319579	4.10243545e+13
7e-10	1379.07464	-133.21327	-35908.779	-31013.2639	0.555946469	4.10247905e+13
7.1e-10	2218.33746	1893.35689	-35146.0925	-33114.5706	0.555896299	4.10262101e+13
7.2e-10	1570.77378	1319.99119	-35826.9134	-34058.2411	0.555706158	4.10271882e+13
7.3e-10	1383.68005	1459.10154	-36880.455	-33940.2929	0.555171788	4.10269269e+13
7.4e-10	2703.30275	1996.94565	-37587.2927	-31507.2103	0.554872753	4.1025403e+13
7.5e-10	2214.31236	245.815312	-36702.274	-30803.6472	0.555105385	4.10238653e+13
7.6e-10	2889.46473	-876.956533	-36464.3079	-30515.6235	0.555431425	4.10234358e+13
7.7e-10	2371.12445	-1104.96122	-38330.6756	-29811.0159	0.555516832	4.1023758e+13
7.8e-10	3502.02175	-432.489082	-38132.4285	-28764.6579	0.555588646	4.10241425e+13
7.9e-10	1041.02738	-406.046238	-38619.3007	-29070.814	0.555687974	4.10247462e+13
8e-10	2869.68003	-795.065058	-35979.7878	-29373.4012	0.555905779	4.10254617e+13
8.1e-10	2192.91858	53.9801902	-37359.6385	-28718.3687	0.55650214	4.10274865e+13
8.2e-10	53.7928785	622.473721	-37796.5723	-30279.8535	0.556692593	4.10305428e+13
8.3e-10	-1897.92171	-232.842958	-39171.1454	-29932.3241	0.556406508	4.10330514e+13
8.4e-10	-1861.51509	-127.712379	-38677.5958	-30206.2667	0.556171687	4.10345246e+13
8.5e-10	-246.35009	314.746438	-38563.5205	-30669.0816	0.555723974	4.10349727e+13
8.6e-10	28.3878844	-796.061297	-37798.0117	-29263.4883	0.555687182	4.10344839e+13
8.7e-10	478.787442	-1434.77961	-37606.9362	-30701.0047	0.555726967	4.10343369e+13
8.8e-10	220.213495	-1891.00568	-37334.6461	-28667.9904	0.556040118	4.10343523e+13
8.9e-10	360.353346	-1549.82262	-38735.9098	-29449.5022	0.556301263	4.10356102e+13
9e-10	951.623975	298.226819	-36223.6425	-29252.5878	0.556143638	4.10365064e+13
9.1e-10	1061.58739	78.9231199	-37336.1618	-26913.9951	0.556948517	4.10383002e+13
9.2e-10	240.77912	190.924679	-37149.8592	-29257.8442	0.557494865	4.10420196e+13
9.3e-10	680.756307	-455.742231	-38252.9741	-30762.0569	0.557291365	4.10460121e+13
9.4e-10	2573.29719	396.649747	-40102.5207	-31020.0882	0.556642853	4.10484019e+13
9.5e-10	2360.63219	-493.425849	-39526.493	-33438.6746	0.555267953	4.10477484e+13
9.6e-10	2390.4822	-245.621965	-40069.0352	-33394.1069	0.554221574	4.10436496e+13
9.7e-10	3385.81614	-2042.63707	-39922.2913	-31593.7633	0.55311448	4.10368866e+13
9.8e-10	2134.38764	-1849.47647	-38500.9441	-31591.3449	0.55291809	4.10289845e+13
9.9e-10	1183.06351	-1855.19529	-36816.7422	-31525.1221	0.553515322	4.10221946e+13
1e-09	1295.54484	-2960.75498	-36416.9031	-30334.2392	0.554335126	4.10180708e+13
1.01e-09	2097.92477	-1839.36655	-37205.3064	-28750.3385	0.555072759	4.1016572e+13
1.02e-09	63.0635914	-1617.86419	-38545.4674	-27667.2263	0.555828851	4.1017291e+13
1.03e-09	-167.36169	-2414.62977	-39753.0604	-26670.1494	0.556181749	4.10194602e+13
1.04e-09	239.656495	-3174.63706	-37700.6919	-27328.3972	0.55651432	4.10222358e+13
1.05e-09	625.726143	-1617.98782	-39227.7328	-27929.7734	0.556635857	4.10258709e+13
1.06e-09	272.037631	-371.299048	-39683.8141	-28015.8508	0.55638105	4.10286735e+13
1.07e-09	632.963617	651.998028	-42059.8672	-26475.7498	0.555993145	4.10304526e+13
1.08e-09	-90.7713134	1256.49825	-41733.6242	-28490.3472	0.555529937	4.10308952e+13
1.09e-09	484.982916	468.741099	-40733.933	-28979.7252	0.554708931	4.10293713e+13
1.1e-09	758.782227	-501.559638	-41943.0256	-27601.7369	0.554016402	4.10260691e+13
1.11e-09	466.793186	1330.77986	-41032.6333	-27079.3498	0.553938011	4.10217963e+13
1.12e-09	-962.240316	799.77704	-39546.8676	-26510.8922	0.554295927	4.10181726e+13
1.13e-09	-696.377072	1436.67844	-38513.281	-26786.838	0.554993468	4.10164597e+13
1.14e-09	-1038.3	1457.6107	-39234.7792	-26712.9178	0.555696469	4.10168642e+13
1.15e-09	-1664.16116	2102.29534	-39264.3597	-28955.0028	0.555859204	4.10185356e+13
1.16e-09	-1168.7358	2306.85198	-39305.8699	-28389.1489	0.55566078	4.10200285e+13
1.17e-09	-2798.22526	350.115101	-40436.9962	-26142.5037	0.555889279	4.1021258e+13
1.18e-09	-1947.85728	-274.407782	-40401.9638	-26004.6993	0.556036481	4.10229034e+13
1.19e-09	-2840.21121	53.6238347	-40840.3802	-25208.3686	0.556166115	4.10247451e+13
1.2e-09	-3066.88521	1276.91401	-40377.8003	-25517.4034	0.556341877	4.10268666e+13
1.21e-09	-3527.86318	2340.59686	-39735.2747	-28108.8306	0.556184186	4.10288771e+13
1.22e-09	-1589.4714	995.142977	-41603.7557	-25326.7568	0.55587058	4.10301476e+13
1.23e-09	121.047531	1102.33884	-40870.3094	-23636.3884	0.55610828	4.10309591e+13
1.24e-09	1987.08342	110.04916	-40298.4202	-25182.469	0.556606663	4.10328647e+13
1.25e-09	1109.83293	1107.25789	-41138.3735	-27443.362	0.556420392	4.10351938e+13
1.26e-09	594.488169	1653.92473	-40608.4411	-28059.901	0.555811155	4.10361483e+13
1.27e-09	-624.500839	-343.083808	-40486.7273	-28447.8681	0.55549397	4.1035636e+13
1.28e-09	-313.551128	-206.927754	-42041.5261	-28751.8488	0.554761239	4.10339129e+13
1.29e-09	1485.28004	64.172763	-41618.8704	-26808.278	0.554294806	4.10302662e+13
1.3e-09	1163.08454	-145.548328	-42462.192	-27574.5176	0.553917954	4.10260792e+13
1.31e-09	1362.04457	-745.496244	-43459.0153	-26569.8698	0.55335496	4.10209077e+13
1.32e-09	1375.02951	-875.299652	-42766.3254	-25843.8886	0.553067124	4.10150674e+13
1.33e-09	308.776495	-2550.1698	-41615.714	-27317.71	0.553447689	4.10098568e+13
1.34e-09	1044.72659	-1960.6712	-40641.8122	-27470.5508	0.553781724	4.10060383e+13
1.35e-09	1282.6478	-1236.21449	-41678.6658	-26307.8787	0.553661288	4.10030574e+13
1.36e-09	1620.67212	-1008.88677	-42121.1795	-26154.076	0.553744283	4.10002694e+13
1.37e-09	1769.95891	-3684.26495	-41223.5163	-25936.2368	0.554047109	4.09981316e+13
1.38e-09	2434.86058	-3926.51462	-40114.4891	-26967.1199	0.554464623	4.09972146e+13
1.39e-09	1820.42582	-2015.00639	-37523.662	-29369.0551	0.554780544	4.09973695e+13
1.4e-09	525.580966	-3101.26339	-38105.9916	-29321.6613	0.555303272	4.09988893e+13
1.41e-09	-558.639986	-4834.60561	-39288.7344	-28365.6142	0.555395993	4.10010002e+13
1.42e-09	-567.606589	-3622.71126	-39408.556	-28455.0075	0.555365591	4.10030289e+13
1.43e-09	352.871974	-1869.10719	-37701.6165	-30296.9068	0.555352756	4.10046238e+13
1.44e-09	-1004.92797	-3131.33016	-36938.5353	-30452.3345	0.555389937	4.10061957e+13
1.45e-09	-1236.10895	-3597.49743	-38036.0398	-31381.37	0.555120962	4.10076416e+13
1.46e-09	-1878.9001	-1876.53415	-38594.7175	-31450.7394	0.554715989	4.1007855e+13
1.47e-09	-1349.3478	-1566.20515	-38301.8903	-31178.6421	0.554330726	4.10068153e+13
1.48e-09	-273.512635	-2755.12679	-40907.6765	-31250.3115	0.553947281	4.10050351e+13
1.49e-09	412.728623	-2478.64775	-39508.9156	-30275.665	0.553606633	4.10020834e+13
1.5e-09	1005.1812	-1909.61851	-39424.8568	-30810.1961	0.553499021	4.09988917e+13
1.51e-09	1810.21493	-939.974064	-36717.3122	-31309.1578	0.553626536	4.09958304e+13
1.52e-09	2961.74606	536.340463	-34902.0961	-30250.9919	0.554679071	4.09946676e+13
1.53e-09	1649.24594	-1702.68773	-35711.5169	-30154.7491	0.555666311	4.09966779e+13
1.54e-09	1049.75671	297.66761	-36401.3995	-31420.7478	0.556085422	4.10005251e+13
1.55e-09	2857.28762	995.099796	-34986.7669	-30834.6068	0.556226091	4.10045305e+13
1.56e-09	1831.00396	3639.20499	-36202.4574	-29238.1152	0.556833895	4.10092969e+13
1.57e-09	1101.71417	2721.3151	-36192.0657	-30869.6877	0.556992231	4.10148332e+13
1.58e-09	1391.13281	1726.2379	-35329.4731	-31510.5757	0.557220644	4.10202061e+13
1.59e-09	2630.32158	107.401141	-36693.0634	-29450.5359	0.557451516	4.10256952e+13
1.6e-09	1625.08936	-433.670824	-38206.5251	-30641.936	0.557327253	4.10310866e+13
1.61e-09	974.32451	557.69238	-39232.5976	-29580.3738	0.556733859	4.10349285e+13
1.62e-09	-1559.29875	-855.607118	-37876.3966	-29244.5121	0.556447885	4.10369563e+13
1.63e-09	-2046.54502	122.817811	-38299.1473	-29743.1503	0.556358023	4.10384716e+13
1.64e-09	-905.9391	16.3159721	-38172.9933	-29857.0911	0.556488652	4.10397129e+13
1.65e-09	-835.479984	-1293.47798	-37712.8468	-28630.3204	0.556417687	4.10410189e+13
1.66e-09	-454.317457	-82.2270254	-38485.1321	-27780.1496	0.556723631	4.10425128e+13
1.67e-09	-68.5538337	-856.339854	-37658.221	-28194.2924	0.557137623	4.10447748e+13
1.68e-09	1067.60218	-1964.22487	-38202.162	-28577.3172	0.557117184	4.1047597e+13
1.69e-09	724.84101	-1513.11656	-39062.7907	-28072.2935	0.55687063	4.10498141e+13
1.7e-09	1557.60762	-1513.88311	-38392.5286	-28434.4839	0.556476214	4.10509058e+13
1.71e-09	1741.63927	-1941.82229	-37974.4816	-28829.651	0.556586268	4.10513855e+13
1.72e-09	1058.79191	-1177.48014	-37012.9949	-30886.9265	0.556434939	4.10518917e+13
1.73e-09	-2101.57005	-711.927577	-36412.0753	-31315.3343	0.556322187	4.1051906e+13
1.74e-09	-2175.1122	-1436.81668	-38739.9007	-32044.5294	0.555630254	4.10511332e+13
1.75e-09	-410.022372	-1625.35257	-37892.7105	-34311.0751	0.554546845	4.10477972e+13
1.76e-09	-267.285472	-1610.53774	-37640.538	-34231.6423	0.553810533	4.10421925e+13
1.77e-09	-57.4190247	223.229973	-38545.4028	-34408.757	0.553046918	4.10351885e+13
1.78e-09	-925.887223	262.419983	-41052.6235	-33668.6195	0.552361107	4.10268025e+13
1.79e-09	-827.898131	-1596.38146	-40357.8139	-31794.0068	0.551701072	4.10170665e+13
1.8e-09	-1916.41103	-981.886372	-37673.3514	-32031.7535	0.551803768	4.10073539e+13
1.81e-09	-475.054931	-2245.78748	-36007.7486	-31704.6938	0.552645212	4.0999856e+13
1.82e-09	-1182.84774	-2529.39954	-37309.4243	-29514.6302	0.553519402	4.09956112e+13
1.83e-09	-2294.6253	-622.857349	-38368.7612	-29258.2982	0.554377003	4.09941826e+13
1.84e-09	-1472.48082	-1013.53872	-39358.4996	-30250.6589	0.554582523	4.09943931e+13
1.85e-09	-1170.21647	-409.294132	-38497.3799	-29931.6602	0.554565621	4.09947769e+13
1.86e-09	323.310246	-1788.01342	-37697.8555	-29250.0519	0.554947243	4.09955125e+13
1.87e-09	1910.46757	-2264.65898	-38456.8668	-27582.8585	0.555586622	4.09976721e+13
1.88e-09	1610.40595	-3639.53086	-38221.7757	-27368.9839	0.556115019	4.10012769e+13
1.89e-09	1375.76767	-3300.00884	-38147.5669	-26666.2182	0.557100007	4.10064694e+13
1.9e-09	1321.93764	-3573.32313	-39081.3185	-27130.387	0.557287037	4.10131346e+13
1.91e-09	253.940049	-2493.6516	-41335.3902	-27936.6947	0.556915187	4.10190231e+13
1.92e-09	1271.15728	-1669.83606	-41064.1565	-28971.6878	0.555901791	4.10223078e+13
1.93e-09	759.448068	-1411.36262	-40657.3553	-29639.2116	0.554966543	4.10224182e+13
1.94e-09	574.328498	-753.089547	-40837.8104	-29601.1657	0.554321212	4.102044e+13
1.95e-09	857.09601	-599.761636	-39970.9915	-30685.4643	0.55363561	4.10167824e+13
1.96e-09	665.277544	575.431575	-40698.9828	-30118.4356	0.553328843	4.10121219e+13
1.97e-09	1899.79877	699.93516	-39880.0641	-31459.614	0.552929887	4.10069855e+13
1.98e-09	2138.80099	20.6549688	-38919.6268	-29605.8687	0.553061503	4.10017018e+13
1.99e-09	2250.17376	1013.52922	-40846.8995	-28543.0263	0.553117354	4.0997533e+13
2e-09	1732.19213	-649.085461	-40243.8799	-27710.45	0.553625495	4.09941054e+13
2.01e-09	815.958702	-1090.84108	-39591.4356	-27106.7058	0.554275074	4.09926508e+13
2.02e-09	994.968793	-1076.09238	-39177.2524	-26764.5514	0.555017501	4.09933663e+13
2.03e-09	204.015247	-599.976077	-39100.0055	-26836.2749	0.555469344	4.09956535e+13
2.04e-09	462.591442	503.625765	-38269.7914	-27377.6777	0.555946064	4.09988835e+13
2.05e-09	2478.80389	-80.7266655	-37296.3685	-24742.8223	0.557015733	4.10038503e+13
2.06e-09	2237.95028	1829.68756	-37968.3716	-24978.3172	0.558042884	4.10115044e+13
2.07e-09	880.546985	481.961508	-38411.0577	-25955.2481	0.558617249	4.10206717e+13
2.08e-09	-353.420608	728.971151	-39406.4477	-27426.6635	0.558339021	4.10296005e+13
2.09e-09	619.143792	311.755569	-40295.7301	-27640.4279	0.557700962	4.10362748e+13
2.1e-09	1272.17966	1734.98716	-40733.5916	-28742.5103	0.556761841	4.10402159e+13
2.11e-09	2487.56031	1842.86558	-41981.6809	-27047.4782	0.555908581	4.1041073e+13
2.12e-09	1558.76624	1268.65162	-43208.7495	-27258.8059	0.554932791	4.10395653e+13
2.13e-09	1184.45391	2983.53759	-43013.6324	-27611.6465	0.554008489	4.10355223e+13
2.14e-09	-3273.44187	2182.25638	-43206.5665	-26861.2744	0.553260863	4.10294664e+13
2.15e-09	-1626.85624	844.950926	-42844.92	-27960.5084	0.552691564	4.10222307e+13
2.16e-09	-1522.36272	747.291287	-42212.7088	-26924.7394	0.552736372	4.1014746e+13
2.17e-09	-3152.98414	741.19634	-40500.7871	-26810.3537	0.553113166	4.10084225e+13
2.18e-09	-2638.27509	254.976064	-39997.2484	-27210.124	0.553799958	4.10043108e+13
2.19e-09	-2850.15963	-617.308694	-39464.8417	-27333.1221	0.554299158	4.10022747e+13
2.2e-09	-1439.30469	-1741.47276	-39245.9507	-28191.3077	0.554679255	4.10017982e+13
2.21e-09	-316.803469	-1785.76086	-39512.9108	-30119.054	0.554621114	4.10018527e+13
2.22e-09	323.76627	-2500.2346	-38658.8867	-30494.659	0.554496643	4.10014642e+13
2.23e-09	-418.845819	-1663.71708	-37469.9615	-29870.655	0.554795737	4.10012101e+13
2.24e-09	-2702.8015	-2475.95957	-37504.9443	-28833.9453	0.55537631	4.10022899e+13
2.25e-09	-1893.98484	-1092.28833	-37955.3841	-29774.1255	0.555741841	4.10047721e+13
2.26e-09	-1608.98818	-2277.96472	-39857.9712	-29043.5411	0.555652909	4.10073619e+13
2.27e-09	-1118.83718	-2897.02901	-40292.3108	-30383.9777	0.555032111	4.10087677e+13
2.28e-09	-1581.48565	-1560.40271	-38706.176	-29589.9312	0.554275305	4.10078914e+13
2.29e-09	-140.064653	-2903.7033	-38996.8247	-27886.3254	0.554799029	4.10067826e+13
2.3e-09	-643.387786	-3766.38888	-40422.724	-29217.4323	0.554873858	4.10069646e+13
2.31e-09	805.237721	-4885.19308	-41373.2366	-29477.2059	0.554385979	4.10064881e+13
2.32e-09	634.289518	-3546.66313	-38865.5854	-29641.9244	0.554001773	4.10044857e+13
2.33e-09	128.904716	-174.487801	-36092.7578	-29608.2822	0.554743823	4.10031136e+13
2.34e-09	147.56913	1849.4061	-36444.4476	-29722.543	0.555674338	4.10043123e+13
2.35e-09	1038.52199	1454.11851	-36077.2865	-31106.5616	0.556003117	4.10074283e+13
2.36e-09	875.112203	1630.52397	-34840.3633	-30996.8814	0.556683614	4.10112191e+13
2.37e-09	2149.6517	1621.65729	-35993.0352	-29377.4459	0.557382302	4.10166951e+13
2.38e-09	742.974218	310.772396	-35713.6646	-30019.2564	0.557624924	4.10230231e+13
2.39e-09	814.250715	160.668928	-36633.4753	-28590.4932	0.558055343	4.10296414e+13
2.4e-09	1534.33401	526.280437	-36754.7075	-28717.3686	0.558441957	4.10367907e+13
2.41e-09	2240.96566	1071.93054	-36876.339	-28953.4728	0.558573144	4.1043941e+13
2.42e-09	-262.327206	-677.796717	-39466.5367	-30039.7531	0.558241642	4.10504413e+13
2.43e-09	-730.066899	-1556.83858	-38572.0136	-30725.1289	0.557101353	4.10540913e+13
2.44e-09	-472.71995	-2373.43651	-40733.4055	-30132.8893	0.556094986	4.1054752e+13
2.45e-09	-1515.77294	-1990.8473	-40158.7283	-29884.1605	0.555029724	4.10523174e+13
2.46e-09	-1254.4158	-462.976423	-39251.6259	-31867.2103	0.554401085	4.10477787e+13
2.47e-09	778.746136	542.758873	-38993.7817	-32153.7214	0.553741735	4.10418255e+13
2.48e-09	564.907905	-156.015217	-38708.3841	-33516.1333	0.553317519	4.10350223e+13
2.49e-09	-281.494837	-297.97961	-39175.9563	-33117.5796	0.553031699	4.10278061e+13
2.5e-09	1780.41383	212.174988	-37918.6038	-30840.3619	0.553217544	4.10207778e+13
2.51e-09	1080.77982	-984.843322	-37595.8066	-30655.9157	0.553775137	4.10156293e+13
2.52e-09	2565.6446	1168.83429	-36814.4418	-29455.8298	0.554444741	4.10125986e+13
2.53e-09	1723.9131	782.419424	-36640.4948	-29758.0236	0.555303963	4.10120768e+13
2.54e-09	2373.04581	1073.33472	-37622.9489	-31712.133	0.555751011	4.10135759e+13
2.55e-09	2760.85286	1480.95317	-37327.7102	-32187.933	0.555429779	4.10149114e+13
2.56e-09	1976.29298	1498.97799	-38174.6047	-31169.186	0.555147006	4.10154397e+13
2.57e-09	1185.84691	707.392642	-36412.2152	-32345.7833	0.554902237	4.10150936e+13
2.58e-09	1242.6256	1250.498	-36457.6176	-32208.1365	0.554952129	4.10144814e+13
2.59e-09	1499.96887	906.796514	-37874.964	-32092.8313	0.554524727	4.10136704e+13
2.6e-09	2071.60901	816.780828	-39383.4385	-30198.8398	0.554400209	4.10119243e+13
2.61e-09	1586.05661	1035.23985	-38181.0041	-30389.462	0.554354241	4.1010064e+13
2.62e-09	2341.36087	1735.96119	-39238.4447	-28727.461	0.554611442	4.10087657e+13
2.63e-09	1704.78845	1296.31103	-40479.6631	-29210.6977	0.554576651	4.1008038e+13
2.64e-09	284.158829	-650.809266	-38097.4169	-29378.4094	0.55481619	4.10072625e+13
2.65e-09	39.1057907	-1107.78474	-38291.5085	-29749.2674	0.555148845	4.10075873e+13
2.66e-09	390.315811	-1993.3097	-36651.482	-27752.7778	0.555678549	4.10087199e+13
2.67e-09	-590.928764	-2256.24923	-37862.3807	-27441.418	0.556530909	4.101198e+13
2.68e-09	394.837042	-3049.36141	-38128.1443	-27026.8304	0.557082032	4.10167559e+13
2.69e-09	-517.20294	-3325.1871	-36815.3673	-26742.451	0.55772966	4.10226318e+13
2.7e-09	-230.19402	-783.231051	-37324.5777	-26766.0271	0.558626817	4.10302623e+13
2.71e-09	-588.560902	-1775.09849	-37820.106	-26247.4281	0.558989977	4.10389323e+13
2.72e-09	740.90781	-703.551639	-38962.0199	-28380.1196	0.558758414	4.10473568e+13
2.73e-09	-498.48597	-51.6123995	-41139.4623	-28657.9564	0.557573923	4.10530146e+13
2.74e-09	-464.812834	586.689864	-41577.6521	-28939.5716	0.556246874	4.10546252e+13
2.75e-09	-1309.6701	482.885274	-41627.6438	-30451.1879	0.555152842	4.10526125e+13
2.76e-09	-1425.11516	-718.278984	-41652.5346	-30716.7153	0.554070753	4.10477521e+13
2.77e-09	-2630.48792	-681.868065	-41766.4828	-30817.9363	0.552900691	4.10402016e+13
2.78e-09	-2457.01217	-1358.62599	-38797.4902	-29315.0692	0.552978827	4.10315012e+13
2.79e-09	-2731.86505	-1110.97913	-37179.1255	-29851.8779	0.55374061	4.1024944e+13
2.8e-09	-2166.07752	-1894.3848	-37499.4763	-28574.2052	0.554673066	4.10213613e+13
2.81e-09	-2665.06847	-1483.28251	-36512.2385	-29147.7545	0.555487407	4.1020521e+13
2.82e-09	-157.606925	351.035516	-34837.1412	-28966.7001	0.556552664	4.10223091e+13
2.83e-09	1117.17615	-418.782043	-35553.3607	-28674.4371	0.557523729	4.10268553e+13
2.84e-09	710.531912	31.0572964	-37151.8533	-31114.6344	0.557756381	4.10329518e+13
2.85e-09	2038.2689	142.177542	-38634.5806	-30827.3731	0.556875457	4.10374795e+13
2.86e-09	1853.99624	-8.2462396	-39906.0875	-28538.1903	0.556210584	4.10392576e+13
2.87e-09	1731.49814	1449.57734	-38788.5896	-26058.6044	0.556297211	4.1039802e+13
2.88e-09	2032.11112	1376.53596	-38727.0817	-25886.2553	0.556701791	4.10413101e+13
2.89e-09	1329.80179	90.7844067	-39301.3101	-25445.62	0.557253759	4.10439734e+13
2.9e-09	661.869689	1255.92261	-38632.702	-25743.4708	0.557720217	4.10477721e+13
2.91e-09	912.982248	1461.51217	-41183.2274	-25538.0603	0.55776503	4.1052103e+13
2.92e-09	1588.76215	1488.18512	-42262.4441	-26825.6568	0.557026768	4.10550688e+13
2.93e-09	-27.5128492	86.2809613	-42625.2213	-27630.1914	0.555962127	4.10551773e+13
2.94e-09	2237.42097	-498.260451	-42976.8375	-27143.107	0.554882151	4.10522645e+13
2.95e-09	1053.67242	-2119.36393	-42968.5215	-26377.3172	0.55386286	4.10467454e+13
2.96e-09	622.411312	-824.840291	-42130.1669	-26171.6605	0.553695063	4.10399278e+13
2.97e-09	145.878909	-1930.45887	-42441.2362	-25575.7591	0.553719829	4.10337467e+13
2.98e-09	1391.11735	-1960.3565	-42318.5807	-25687.734	0.553932144	4.10282864e+13
2.99e-09	2900.32826	-1112.99752	-42327.499	-23935.7592	0.554002982	4.10237642e+13
3e-09	4286.9659	749.745412	-41356.8915	-26878.1051	0.554503745	4.10205929e+13
3.01e-09	2552.72069	2792.29099	-42960.5413	-27862.8872	0.554134191	4.101802e+13
3.02e-09	3422.87923	924.352138	-40949.1503	-28965.8067	0.553519687	4.10140321e+13
3.03e-09	2760.146	1318.57549	-40634.9742	-29993.362	0.553294611	4.10093297e+13
3.04e-09	3459.77447	2449.99806	-38895.5748	-28758.6606	0.553496639	4.10048026e+13
3.05e-09	4056.4143	1314.12895	-37745.7387	-27186.4047	0.554400041	4.10023672e+13
3.06e-09	2345.4708	1436.38104	-37732.7002	-28184.17	0.555419597	4.10029114e+13
3.07e-09	1269.98141	2667.17767	-38365.3715	-30378.4613	0.555767385	4.10055524e+13
3.08e-09	-29.6998364	4058.52539	-37842.7415	-30254.4224	0.555428631	4.10076973e+13
3.09e-09	-417.713997	3134.96826	-37939.4153	-30872.6747	0.555058254	4.10088546e+13
3.1e-09	120.81938	2034.53894	-36606.4334	-31575.639	0.555023866	4.1009199e+13
3.11e-09	2153.66363	51.5437731	-37360.8083	-30064.3581	0.555236213	4.10096611e+13
3.12e-09	3046.4527	-59.6876757	-37657.8445	-31204.9108	0.554988213	4.10102911e+13
3.13e-09	2064.955	-776.696248	-36976.173	-31505.315	0.554801196	4.10101808e+13
3.14e-09	665.125139	1126.19256	-36786.2465	-30414.5925	0.555230845	4.10101685e+13
3.15e-09	602.395252	649.108149	-36546.1796	-32252.7047	0.555504339	4.1011425e+13
3.16e-09	434.54771	1181.47648	-35166.6477	-32207.2832	0.555707958	4.10129333e+13
3.17e-09	904.141935	1374.67871	-35835.2532	-31967.1894	0.555977494	4.10150271e+13
3.18e-09	2083.81384	1453.11259	-37600.953	-31245.0445	0.556007616	4.1017566e+13
3.19e-09	2940.64468	2094.59993	-36301.1767	-31629.9742	0.555967417	4.10195686e+13
3.2e-09	1370.41659	1698.24948	-36077.8785	-30186.2232	0.55608175	4.10214448e+13
3.21e-09	1026.8409	1364.87693	-37018.6009	-31645.1861	0.556325276	4.10239502e+13
3.22e-09	1725.59447	869.467007	-37743.6466	-29310.4036	0.556370843	4.10263698e+13
3.23e-09	1060.23204	327.785018	-37525.8155	-31223.6282	0.556305929	4.10287811e+13
3.24e-09	1524.17303	403.559238	-38368.9759	-31587.3402	0.555810943	4.10301629e+13
3.25e-09	-683.242843	2092.59352	-38451.6266	-29520.1457	0.555400081	4.10299463e+13
3.26e-09	-2169.01819	1863.24034	-39211.5447	-31284.2015	0.55522614	4.1029213e+13
3.27e-09	-3676.37588	2073.24644	-37083.5939	-31338.4245	0.55501672	4.10277695e+13
3.28e-09	-1340.09975	1479.97984	-37730.2888	-29135.623	0.555427304	4.10266222e+13
3.29e-09	-106.789335	731.519312	-37970.1919	-29428.1098	0.555704309	4.10266701e+13
3.3e-09	-288.897775	1528.70599	-38328.5205	-28013.7572	0.555971256	4.10274561e+13
3.31e-09	361.919129	548.989407	-38556.3168	-29440.2416	0.556022347	4.10287186e+13
3.32e-09	937.885341	694.945887	-39630.8828	-28656.4357	0.555555619	4.10293151e+13
3.33e-09	1247.64294	-1078.05221	-38998.3488	-28804.3963	0.555399676	4.10288143e+13
3.34e-09	1206.92644	-1173.09778	-39240.3529	-27075.0206	0.555509234	4.1028286e+13
3.35e-09	508.922219	-171.388776	-38182.1676	-27388.5236	0.556231526	4.10289497e+13
3.36e-09	2161.69767	-951.824097	-38884.3033	-27049.7675	0.556540338	4.10311385e+13
3.37e-09	462.536119	-690.807098	-37313.9704	-28653.6007	0.55684803	4.10337159e+13
3.38e-09	-47.6967867	-836.950884	-37098.1443	-29529.1239	0.557293177	4.10372402e+13
3.39e-09	-1255.49454	-299.155803	-37577.7281	-30870.9413	0.557464569	4.10414956e+13
3.4e-09	34.0942826	1427.72583	-37081.2604	-30815.657	0.557019861	4.1044875e+13
3.41e-09	1415.10043	-1241.44545	-38128.1702	-31548.5672	0.556469014	4.10466876e+13
3.42e-09	1930.03762	-2336.32329	-40674.6139	-31520.603	0.555428734	4.10462551e+13
3.43e-09	1954.2154	-1471.585	-41694.6672	-30784.8021	0.554395517	4.10427095e+13
3.44e-09	822.331145	-3091.44389	-40294.0149	-30823.8234	0.553396594	4.10366331e+13
3.45e-09	-636.945298	-1708.0466	-38937.3705	-30445.8909	0.553226415	4.10294946e+13
3.46e-09	-104.26835	-4447.25482	-39051.8554	-29449.9376	0.553456628	4.10231108e+13
3.47e-09	-2354.02496	-3745.15519	-38581.0944	-29073.8283	0.553758286	4.10180535e+13
3.48e-09	-2902.03503	-2459.73166	-36377.2526	-28039.9802	0.554640504	4.10149459e+13
3.49e-09	-2486.06885	-1612.64428	-36446.2205	-27573.6894	0.555765293	4.10151182e+13
3.5e-09	-1560.62331	-2000.25073	-37914.8194	-28001.8025	0.556693528	4.10182444e+13
3.51e-09	-323.795327	-535.585176	-36417.2342	-28007.083	0.557163238	4.10228121e+13
3.52e-09	-201.310826	35.2249597	-36275.5977	-29204.5555	0.55793863	4.10287555e+13
3.53e-09	704.950374	-202.00958	-38265.043	-28681.1852	0.557759091	4.10350098e+13
3.54e-09	1595.16718	1003.65071	-38788.6623	-28296.1469	0.557643819	4.10401561e+13
3.55e-09	688.328395	513.070493	-40115.4018	-29155.1685	0.557176564	4.10442264e+13
3.56e-09	1970.14395	1298.58472	-40186.4902	-28757.1835	0.556328584	4.10459773e+13
3.57e-09	351.935209	1376.61097	-39308.1197	-28060.232	0.556139709	4.10460751e+13
3.58e-09	462.340086	-84.1519745	-37673.1738	-27101.6427	0.556538801	4.10462622e+13
3.59e-09	-1482.87284	287.77658	-37529.7445	-27976.417	0.55705694	4.1047976e+13
3.6e-09	-2407.4556	-430.819554	-37750.789	-28528.3276	0.557492012	4.10508044e+13
3.61e-09	-1198.90252	1703.80583	-38713.6571	-28640.7017	0.557406335	4.10539416e+13
3.62e-09	-942.014587	-148.388093	-38199.9998	-29028.8403	0.557293553	4.10564119e+13
3.63e-09	-573.34069	-53.0864718	-38767.5393	-28160.7468	0.557124386	4.10583649e+13
3.64e-09	59.5181614	-946.226774	-38659.7023	-27016.7179	0.557083958	4.10597075e+13
3.65e-09	1079.78126	-540.954428	-40293.703	-27319.0563	0.556953794	4.10609708e+13
3.66e-09	-279.7511	-2601.09294	-40116.9216	-28755.6561	0.556397628	4.10610648e+13
3.67e-09	-120.266385	-2515.71403	-39593.4864	-27594.9051	0.556097143	4.10597662e+13
3.68e-09	-1362.47677	-888.098145	-39308.1691	-27073.1173	0.556114467	4.10581597e+13
3.69e-09	542.304612	-961.425198	-39565.9076	-27915.8218	0.556255222	4.10571095e+13
3.7e-09	1097.34231	-313.21665	-38501.8175	-26646.9991	0.556456401	4.10564378e+13
3.71e-09	836.678291	25.4378321	-40576.9002	-25517.7956	0.556651089	4.10566166e+13
3.72e-09	616.827652	-626.267866	-40752.2019	-23253.4982	0.556924585	4.10571632e+13
3.73e-09	81.9033776	-1790.01873	-42100.013	-23911.7998	0.557209811	4.10586195e+13
3.74e-09	-591.772776	-1101.42943	-41124.2078	-25401.2634	0.556837135	4.10598993e+13
3.75e-09	-1366.39977	230.807474	-41640.591	-26578.2881	0.55656278	4.10601616e+13
3.76e-09	142.447409	-1380.49789	-40878.9378	-27926.2657	0.555933161	4.10589458e+13
3.77e-09	-533.82093	-1170.04519	-42505.9013	-28862.517	0.555022906	4.10560769e+13
3.78e-09	-951.067508	-1643.63432	-41595.3864	-27744.9131	0.55416331	4.10506292e+13
3.79e-09	-609.496637	-103.593142	-40233.9874	-26936.7116	0.554234451	4.104456e+13
3.8e-09	716.002695	-1572.06143	-39067.9256	-25174.264	0.554969014	4.10400955e+13
3.81e-09	1750.93452	-575.10762	-40198.2772	-25227.9399	0.555882676	4.10384739e+13
3.82e-09	2753.56145	-954.277645	-39986.3296	-27677.7769	0.555994056	4.10385808e+13
3.83e-09	2725.13702	-524.024909	-41576.5561	-27602.4619	0.555623347	4.10382995e+13
3.84e-09	3277.4038	775.523957	-40972.806	-27801.8644	0.555305592	4.10370274e+13
3.85e-09	2780.4423	1035.01442	-41028.2472	-27363.1282	0.554808727	4.10347856e+13
3.86e-09	1824.91643	-751.55694	-40565.5513	-25811.3287	0.555005935	4.10321574e+13
3.87e-09	1900.67176	-1053.4068	-40424.776	-26100.3595	0.555320357	4.10306056e+13
3.88e-09	4101.78264	-713.958556	-39607.9329	-26815.0227	0.555559698	4.10299511e+13
3.89e-09	1446.18006	105.582361	-40238.0305	-28244.9063	0.555530894	4.10298072e+13
3.9e-09	1348.60427	589.995847	-39624.9222	-29022.193	0.555455747	4.10293582e+13
3.91e-09	3089.8349	1514.18776	-38830.9754	-30617.6067	0.555485351	4.10290029e+13
3.92e-09	3256.5426	755.379414	-39565.4571	-30222.3871	0.554888104	4.10278981e+13
3.93e-09	3666.16463	-60.5682519	-39817.1114	-29616.8595	0.554624722	4.10255981e+13
3.94e-09	4171.57551	2160.61464	-40471.4532	-28814.2169	0.554477135	4.10230217e+13
3.95e-09	2089.18874	1348.03608	-39450.9626	-28605.5641	0.554409584	4.10201872e+13
3.96e-09	1847.20207	1426.47644	-37378.3011	-27749.6291	0.555020272	4.10182667e+13
3.97e-09	-390.176174	-505.463049	-35689.595	-28633.2155	0.556043424	4.10189477e+13
3.98e-09	796.546984	265.514066	-36325.7169	-28642.6602	0.55690696	4.10222592e+13
3.99e-09	318.985034	-1115.45974	-37437.3021	-28370.4005	0.557327848	4.10270121e+13
4e-09	-341.948101	-1868.96047	-38986.9828	-28851.1422	0.557320722	4.10320552e+13
4.01e-09	448.70978	-1386.15479	-37806.6602	-28683.5644	0.557144076	4.10361814e+13
4.02e-09	1138.47467	-1730.62957	-38738.54	-29525.1867	0.557103914	4.10397989e+13
4.03e-09	2047.91349	-1961.33947	-37416.7003	-30817.4547	0.557042675	4.10427754e+13
4.04e-09	2168.60088	-3357.57585	-36960.2051	-31106.087	0.556584838	4.10448007e+13
4.05e-09	1193.61437	-2418.38795	-37300.0806	-31751.3291	0.556278862	4.10457302e+13
4.06e-09	1470.03721	-911.984	-40472.386	-30584.6406	0.555528982	4.10452286e+13
4.07e-09	578.731942	-906.385077	-40109.3746	-28958.4511	0.55485635	4.10423901e+13
4.08e-09	-498.222369	-1520.14364	-39514.6353	-28591.3144	0.555108383	4.10392096e+13
4.09e-09	-3.1844784	-50.4210654	-38591.722	-28065.6804	0.555314088	4.10369677e+13
4.1e-09	-429.157807	-584.525293	-38928.3212	-29826.3066	0.555525945	4.10357568e+13
4.11e-09	-646.939578	-1539.38463	-38157.0115	-29662.0396	0.555339642	4.10346034e+13
4.12e-09	-1084.12624	-1392.991	-38069.8923	-28479.3922	0.555703186	4.10336597e+13
4.13e-09	-1022.32887	49.0350851	-38968.4992	-28179.678	0.556228424	4.10342374e+13
4.14e-09	-2133.32856	-133.703765	-40505.8336	-28482.0209	0.555846369	4.10351045e+13
4.15e-09	-2153.264	1878.32049	-42507.7541	-27738.2727	0.554992555	4.10342053e+13
4.16e-09	-1977.86003	1435.98553	-41601.5542	-28333.6185	0.554436997	4.10312048e+13
4.17e-09	197.144532	1127.37167	-41066.0698	-27800.7788	0.554082693	4.10272001e+13
4.18e-09	-30.7894972	-584.858272	-41645.5721	-25310.2291	0.554285285	4.10233585e+13
4.19e-09	-240.191213	-228.297729	-40553.775	-26193.4157	0.554504226	4.10204888e+13
4.2e-09	-1182.04214	-678.450973	-40518.2961	-28195.5758	0.554617284	4.1018574e+13
4.21e-09	-406.903658	32.7602995	-40296.9834	-30662.3188	0.554500981	4.10168036e+13
4.22e-09	-81.9710877	-549.031427	-39013.0449	-29963.8656	0.554022459	4.10141339e+13
4.23e-09	-670.909007	-26.2613283	-40220.1406	-31092.6673	0.553732032	4.10109846e+13
4.24e-09	-607.276282	837.787549	-41036.8163	-30253.1597	0.553284175	4.10070078e+13
4.25e-09	-1312.73977	1015.51117	-41542.9452	-30830.4192	0.552755613	4.10020789e+13
4.26e-09	-570.687318	-272.816186	-40888.8273	-30768.2253	0.552338549	4.09961132e+13
4.27e-09	453.457856	559.303761	-40280.9316	-29318.4935	0.552396074	4.09900642e+13
4.28e-09	1332.9313	-0.121890737	-40640.3179	-28386.8835	0.552532492	4.09849714e+13
4.29e-09	328.421134	485.812481	-39128.0725	-27420.0657	0.553293441	4.09814074e+13
4.3e-09	1755.81751	896.725303	-38988.3434	-25812.0767	0.554443368	4.0980909e+13
4.31e-09	2767.18797	975.593618	-40910.1823	-26895.862	0.554916405	4.09830307e+13
4.32e-09	2633.81819	531.769009	-41445.1582	-25723.0444	0.555179611	4.09858267e+13
4.33e-09	2213.58094	680.3046	-40217.894	-26980.3959	0.55521037	4.09887385e+13
4.34e-09	1012.09358	1643.1711	-41394.33	-24341.727	0.555439517	4.09916863e+13
4.35e-09	-528.379348	949.729702	-39535.5313	-24064.9538	0.555930234	4.09952324e+13
4.36e-09	1133.05701	-73.0390804	-40022.021	-25628.5699	0.556577931	4.10001999e+13
4.37e-09	-177.561633	1193.87798	-41197.1244	-25071.4893	0.556551663	4.10056107e+13
4.38e-09	-86.5308113	236.976267	-42676.104	-26529.6281	0.555978669	4.10098627e+13
4.39e-09	1133.72863	-758.192115	-41188.3109	-25926.9155	0.555628395	4.10120394e+13
4.4e-09	1092.3347	-837.5316	-41641.7803	-26364.3972	0.55563428	4.1013673e+13
4.41e-09	563.718378	-396.916595	-40127.4103	-26713.7671	0.55542387	4.10147579e+13
4.42e-09	98.7972017	750.533303	-42086.9452	-26903.9988	0.555123588	4.10154918e+13
4.43e-09	650.06598	-301.897597	-41577.5824	-26299.5717	0.554544309	4.10146382e+13
4.44e-09	364.290785	290.830888	-42740.1743	-26599.4691	0.554246047	4.10128416e+13
4.45e-09	164.723251	1216.54877	-43805.5708	-26695.3359	0.553756759	4.10100411e+13
4.46e-09	-316.380035	1032.92388	-41044.6227	-27360.4201	0.553368008	4.10059539e+13
4.47e-09	-253.229978	1351.07527	-39709.5065	-27363.4471	0.553719322	4.10022614e+13
4.48e-09	-555.668827	1067.77822	-39741.4626	-27890.9557	0.554221547	4.10002905e+13
4.49e-09	-759.710424	734.662771	-40815.9826	-27595.4331	0.554340923	4.09994647e+13
4.5e-09	325.462373	1584.13359	-41357.4699	-25315.2172	0.554266906	4.09985402e+13
4.51e-09	1118.65127	236.96751	-40993.1752	-25214.5364	0.554799261	4.09983524e+13
4.52e-09	284.899954	-964.660837	-40879.7374	-25808.6783	0.554972534	4.09993231e+13
4.53e-09	-257.553867	-1103.05017	-41758.969	-25545.1371	0.555313991	4.10008496e+13
4.54e-09	-1317.95632	-1247.1802	-41779.6179	-25907.1418	0.554897585	4.10021848e+13
4.55e-09	-683.641809	-528.75298	-40879.7453	-25174.2224	0.555262943	4.10030027e+13
4.56e-09	397.751118	1302.40051	-41505.4813	-26451.2265	0.555427487	4.10048492e+13
4.57e-09	-1041.28226	998.417679	-40763.1078	-24461.3605	0.555644567	4.10066952e+13
4.58e-09	-1519.83231	948.017899	-41916.4047	-27089.6074	0.555349724	4.1008879e+13
4.59e-09	-2050.7593	1483.27096	-41104.8255	-28285.1783	0.554965923	4.10095887e+13
4.6e-09	-1996.08284	-45.0133064	-39203.7179	-28131.2516	0.554941691	4.10093525e+13
4.61e-09	-1701.40797	-1422.06881	-38790.8647	-27568.7815	0.555254174	4.10096962e+13
4.62e-09	-593.626647	-2071.62931	-40403.3845	-27500.2069	0.555622697	4.10109977e+13
4.63e-09	-2305.60687	-2147.76769	-39914.6655	-27846.4206	0.555465433	4.10125264e+13
4.64e-09	-2773.25614	-3016.62001	-40116.8083	-26397.2301	0.555201839	4.10133124e+13
4.65e-09	-2261.33074	-1926.8345	-42576.6166	-29131.48	0.554753554	4.10134376e+13
4.66e-09	-5406.47485	-555.274699	-42236.3317	-27982.696	0.553606048	4.10109419e+13
4.67e-09	-2622.82096	-382.149766	-42470.9533	-26403.4309	0.553211205	4.10065173e+13
4.68e-09	-756.398265	-284.575586	-39778.5431	-25766.7714	0.553658697	4.10023734e+13
4.69e-09	229.276552	1014.87165	-38013.8702	-24551.1443	0.555082165	4.10011544e+13
4.7e-09	399.131413	113.681456	-36489.6335	-25479.7417	0.556535847	4.10042359e+13
4.71e-09	109.313061	958.90506	-36636.9722	-27495.5038	0.557783939	4.10108508e+13
4.72e-09	-513.259847	1964.04835	-37563.243	-26610.7956	0.558320785	4.10192648e+13
4.73e-09	982.818433	3127.76007	-38416.2844	-27424.2814	0.558908713	4.10285176e+13
4.74e-09	67.6031263	2786.41547	-38405.2035	-27199.111	0.558693654	4.10373572e+13
4.75e-09	-359.403586	3303.48701	-38798.1869	-27681.4816	0.558567934	4.1044947e+13
4.76e-09	1560.09806	2937.46912	-40612.8508	-26601.1164	0.557942076	4.1050982e+13
4.77e-09	410.180671	154.370209	-41005.9314	-27354.1767	0.557086766	4.1054228e+13
4.78e-09	-441.133224	77.4718736	-40350.8087	-26434.0313	0.556502529	4.10551082e+13
4.79e-09	-1321.06225	521.243978	-41116.2795	-28212.4429	0.556296775	4.10550018e+13
4.8e-09	-1502.98427	358.131062	-38988.2578	-29198.5975	0.555938451	4.10538684e+13
4.81e-09	-3200.50868	1429.16619	-38098.0207	-27849.2812	0.556071506	4.10524755e+13
4.82e-09	-3770.50171	3695.17951	-37738.8719	-28168.493	0.556455797	4.10520112e+13
4.83e-09	-3962.58182	2539.09233	-37664.1005	-29651.2456	0.556598519	4.10524135e+13
4.84e-09	-1817.92519	474.446158	-37097.842	-29252.051	0.556737299	4.10529821e+13
4.85e-09	-944.201366	-1021.15919	-37788.3319	-28779.961	0.557073316	4.10543222e+13
4.86e-09	-1367.85451	-788.823895	-38462.5315	-26887.9741	0.556992244	4.10557864e+13
4.87e-09	-1941.94795	-1192.83515	-38616.0795	-27203.5684	0.557297358	4.10575166e+13
4.88e-09	-2950.78184	-290.144237	-38750.561	-28681.4837	0.557195131	4.10594349e+13
4.89e-09	-2870.26447	-1518.32034	-38276.4656	-27669.1784	0.557138933	4.10608563e+13
4.9e-09	-1616.36523	-1612.95567	-38905.3107	-27724.5646	0.557228882	4.10621809e+13
4.91e-09	-518.633886	-1679.02849	-39417.1011	-28233.9818	0.556959053	4.10632799e+13
4.92e-09	-1259.66173	-1408.03851	-39040.6397	-26445.0988	0.557111147	4.10639173e+13
4.93e-09	-1353.21301	-2159.76503	-38441.8877	-26089.2715	0.557572854	4.10652701e+13
4.94e-09	-1093.29571	-1994.80996	-39604.6164	-26364.7048	0.557617233	4.10674814e+13
4.95e-09	876.325707	-1548.36519	-38731.6221	-25880.7297	0.557783549	4.10695497e+13
4.96e-09	-965.251244	-1106.44976	-40392.9225	-26197.5367	0.557914259	4.10721465e+13
4.97e-09	-1236.95883	-1748.08372	-42025.789	-26502.8251	0.557041248	4.10734862e+13
4.98e-09	-2541.59458	-1010.99775	-41749.3881	-26763.477	0.556226107	4.10721832e+13
4.99e-09	-1961.97827	-2246.87958	-40755.9854	-24964.6821	0.55599846	4.10694605e+13
5e-09	-1566.25878	-2796.99965	-40764.4921	-23341.5667	0.556417749	4.10672177e+13
5.01e-09	-2360.72995	-3009.28742	-40983.9332	-25013.2583	0.556759706	4.10664147e+13
5.02e-09	-267.874506	-3471.98784	-40304.0132	-24663.1547	0.556751398	4.10660583e+13
5.03e-09	-816.548722	-2282.16833	-40935.2419	-25645.275	0.556657942	4.10657936e+13
5.04e-09	-832.767574	-2991.18139	-38726.7159	-28576.6738	0.55642194	4.10649838e+13
5.05e-09	404.644109	-2369.38245	-39231.7291	-29948.5966	0.556302673	4.10637834e+13
5.06e-09	270.315425	-1457.55209	-39544.5186	-29893.1053	0.555743363	4.10617487e+13
5.07e-09	1856.18455	-1045.53848	-41415.1915	-29781.5863	0.55481322	4.10580789e+13
5.08e-09	925.328819	-144.714479	-41412.4884	-29270.671	0.554145158	4.10522599e+13
5.09e-09	1407.09478	-440.390126	-39440.5416	-28472.0806	0.554055223	4.10456901e+13
5.1e-09	1245.12014	-333.58666	-37778.2839	-27290.5208	0.55469075	4.10405517e+13
5.11e-09	1374.87452	629.721011	-35807.003	-26395.2603	0.556127857	4.10385843e+13
5.12e-09	1576.50003	216.920467	-38406.8097	-27060.1598	0.557106463	4.104065e+13
5.13e-09	1416.20517	-1643.02852	-38550.3723	-28124.9958	0.557236114	4.10439285e+13
5.14e-09	871.316296	-1338.06488	-38781.1861	-28452.1551	0.557260923	4.1047064e+13
5.15e-09	368.319921	-716.278095	-40209.247	-27510.823	0.55708625	4.10497262e+13
5.16e-09	16.6018998	-635.41212	-39084.1879	-27304.5178	0.556719958	4.10512902e+13
5.17e-09	-81.1125275	151.283178	-40112.1772	-26098.719	0.556758149	4.10522838e+13
5.18e-09	-550.103284	-347.715433	-39048.1194	-24226.1575	0.557435511	4.10539559e+13
5.19e-09	793.048365	-890.533745	-39418.0842	-23654.6057	0.558256791	4.10577317e+13
5.2e-09	734.101537	818.095283	-40519.6747	-25424.0856	0.558376454	4.10626094e+13
5.21e-09	-1032.13222	1243.42948	-41275.4955	-27569.6073	0.557507564	4.10661564e+13
5.22e-09	-1284.29258	607.075856	-40900.3887	-26776.9099	0.556586245	4.10666497e+13
5.23e-09	-240.837703	-688.281733	-42519.5887	-27627.7292	0.555913037	4.1065148e+13
5.24e-09	-84.2857301	-187.883958	-43330.08	-25424.1903	0.555184577	4.10616379e+13
5.25e-09	-1103.92066	1.16789365	-42357.611	-25585.0419	0.554867785	4.10568532e+13
5.26e-09	-1528.16113	33.4140298	-42863.3033	-24186.915	0.554743001	4.10520007e+13
5.27e-09	-1639.6579	-107.787013	-42286.5875	-22938.2003	0.554852011	4.10474672e+13
5.28e-09	-967.6247	-1065.49965	-41665.4218	-22807.184	0.55545212	4.10443612e+13
5.29e-09	-2934.71764	-1677.71197	-41214.1346	-23033.6489	0.555711626	4.10428323e+13
5.3e-09	-2548.05834	-1967.95811	-40746.7986	-22919.2763	0.556250619	4.10425073e+13
5.31e-09	-73.5697282	-1446.78604	-41643.2593	-23781.6934	0.5565802	4.10435104e+13
5.32e-09	-921.998415	674.999673	-40746.9944	-25575.7981	0.556329199	4.10445222e+13
5.33e-09	-1386.07175	-1558.50486	-41777.992	-25892.329	0.555878629	4.10446225e+13
5.34e-09	-29.6551793	-2459.09334	-40837.4934	-25762.7516	0.555766971	4.10437027e+13
5.35e-09	-1070.49268	-2164.28381	-40374.4425	-25103.313	0.556028942	4.10430619e+13
5.36e-09	647.46051	-2685.36244	-40762.4405	-24637.6546	0.556055137	4.10429779e+13
5.37e-09	2537.8325	-1053.62167	-41687.3787	-25390.8986	0.55604593	4.10430098e+13
5.38e-09	589.788621	-213.361719	-41316.4212	-24923.4308	0.556027547	4.10428462e+13
5.39e-09	1318.52553	-519.637782	-41256.6941	-27447.1179	0.555774888	4.10425485e+13
5.4e-09	3400.2509	142.087649	-42079.8969	-27792.3228	0.555010713	4.10409366e+13
5.41e-09	2380.47123	-90.3458274	-42755.4714	-26605.3503	0.554438029	4.10374437e+13
5.42e-09	2307.6765	-820.870481	-41372.7098	-27222.648	0.554065569	4.10328992e+13
5.43e-09	1873.04735	-2156.58407	-41823.5621	-27546.6335	0.553889634	4.10280984e+13
5.44e-09	2444.04025	-2285.34981	-41101.6055	-27569.5748	0.553680004	4.10230494e+13
5.45e-09	2160.80883	-946.643578	-42022.7255	-27079.876	0.553564172	4.10181887e+13
5.46e-09	2444.02583	-1926.96804	-41557.3402	-27348.4406	0.553546001	4.10135941e+13
5.47e-09	2329.35561	-1952.93379	-44089.2787	-26131.0804	0.55313864	4.100911e+13
5.48e-09	1540.1381	-1280.66285	-43650.233	-25946.6091	0.552651795	4.10034762e+13
5.49e-09	-540.723837	-340.202343	-41720.3493	-24494.7709	0.552895468	4.09977626e+13
5.5e-09	379.885171	-24.5557569	-41536.9914	-23902.0235	0.553578156	4.09940438e+13
5.51e-09	456.493724	-136.607635	-40396.687	-23262.361	0.554693832	4.09930854e+13
5.52e-09	-325.96602	-123.015191	-39814.1803	-23993.2042	0.555608405	4.09950477e+13
5.53e-09	-1621.91078	865.965934	-38505.3916	-23734.3332	0.556665885	4.09994229e+13
5.54e-09	-2225.87154	949.068624	-38505.5249	-25209.4053	0.557667943	4.10064934e+13
5.55e-09	-2198.81832	1171.51701	-39502.3452	-26540.2351	0.557673457	4.10145034e+13
5.56e-09	-1195.7355	1487.05169	-39459.4297	-26845.5884	0.557506615	4.10212734e+13
5.57e-09	-1422.36766	1296.22594	-39933.5945	-27457.7843	0.557228766	4.10268805e+13
5.58e-09	249.863657	-362.738011	-41211.9432	-26833.729	0.556671245	4.10309104e+13
5.59e-09	-824.78003	609.863779	-41735.7006	-24596.1073	0.556392423	4.10332048e+13
5.6e-09	-239.071717	-767.570969	-41560.1195	-25998.0536	0.556088505	4.10346227e+13
5.61e-09	420.564186	370.640103	-39636.5539	-25483.4637	0.556235446	4.10354147e+13
5.62e-09	275.457761	-1972.62727	-37155.0377	-26718.844	0.557108729	4.10375039e+13
5.63e-09	1179.15583	-565.934734	-39473.7004	-25864.2062	0.557668069	4.10416852e+13
5.64e-09	862.865015	-920.47534	-40395.3954	-26096.0559	0.557536416	4.10459839e+13
5.65e-09	-431.617805	457.449728	-40949.5081	-25438.6012	0.557341254	4.1049429e+13
5.66e-09	89.7088991	1350.13301	-42958.3397	-26899.1712	0.556560239	4.10516268e+13
5.67e-09	820.920175	1187.80391	-41016.6639	-25414.176	0.556011242	4.10510571e+13
5.68e-09	443.091093	1618.83938	-40657.3832	-25920.4543	0.55607262	4.1050189e+13
5.69e-09	-1509.42384	2182.77649	-41008.4142	-26654.5458	0.556030191	4.10494522e+13
5.7e-09	-2162.48451	3189.59292	-40239.2273	-25018.8453	0.556083433	4.10486514e+13
5.71e-09	-656.16133	2178.58336	-40169.6866	-25842.6483	0.556365594	4.10485708e+13
5.72e-09	-639.296724	2113.15669	-39049.8635	-27724.3917	0.556431116	4.10489503e+13
5.73e-09	83.5875411	2367.31313	-38566.4936	-26918.9997	0.556696333	4.10496506e+13
5.74e-09	1785.91365	1415.58931	-38354.8444	-26230.2637	0.557111947	4.10511389e+13
5.75e-09	1694.65166	1511.92554	-37675.2865	-25038.0041	0.557725664	4.1053895e+13
5.76e-09	769.476235	56.940252	-38251.6926	-24155.1907	0.558652891	4.10585318e+13
5.77e-09	730.668596	2346.18407	-39356.3627	-25605.771	0.559013098	4.10647906e+13
5.78e-09	77.761854	1447.7842	-40188.6385	-25113.4756	0.558739909	4.10705203e+13
5.79e-09	-2185.3546	975.476794	-40897.2223	-26519.1212	0.558138654	4.10746941e+13
5.8e-09	-1811.33549	118.86936	-41113.8139	-27098.7421	0.55735182	4.10764211e+13
5.81e-09	-1284.1794	186.33325	-41718.7234	-26706.113	0.556801308	4.10759806e+13
5.82e-09	-3842.79341	-2159.34493	-43202.1414	-26277.5867	0.555902381	4.10738839e+13
5.83e-09	-1951.47359	-2087.61083	-41732.9809	-27297.9102	0.555061071	4.10693247e+13
5.84e-09	-2578.91275	-1607.33024	-41597.6625	-28160.2446	0.554563998	4.10632793e+13
5.85e-09	-771.032345	-2132.06257	-40930.7346	-26553.8847	0.554464145	4.10569082e+13
5.86e-09	-1262.62097	-1372.49189	-42012.5687	-26314.4462	0.554576878	4.10513785e+13
5.87e-09	-1648.72011	-1826.15268	-42467.3707	-26957.9856	0.554236078	4.10460949e+13
5.88e-09	-2187.72836	-2077.49397	-41480.3982	-28668.9236	0.553795971	4.10402463e+13
5.89e-09	-2798.36569	-1749.41147	-41411.2011	-29630.3793	0.553059366	4.10333994e+13
5.9e-09	-961.297696	-2298.58872	-40879.4357	-28868.7367	0.55292489	4.10257304e+13
5.91e-09	-900.552851	-312.945806	-39725.5329	-27025.7852	0.553462812	4.10191486e+13
5.92e-09	262.908178	-1730.35366	-40014.1733	-25182.9131	0.554291558	4.10152054e+13
5.93e-09	673.099564	-1776.49101	-40660.7003	-26118.3346	0.554912734	4.10138414e+13
5.94e-09	1491.12572	-2652.48499	-39790.1992	-26153.5798	0.555365484	4.10138878e+13
5.95e-09	1487.14567	-2415.06955	-39630.1326	-25933.0724	0.555867729	4.10152177e+13
5.96e-09	1807.55505	-1141.64532	-41063.9895	-26663.5473	0.555989476	4.1017545e+13
5.97e-09	993.685055	-1646.39231	-41680.1022	-27058.8487	0.555644862	4.10192907e+13
5.98e-09	307.874023	-1022.62409	-41449.4583	-25746.0317	0.555305062	4.10196654e+13
5.99e-09	1549.85813	853.338381	-42284.0838	-25325.4833	0.55535075	4.10198295e+13
6e-09	1839.66063	942.788731	-41547.1894	-23136.3294	0.555413893	4.10199349e+13
6.01e-09	274.530826	642.267132	-40683.1444	-25760.4778	0.555678373	4.10206696e+13
6.02e-09	-1561.79973	127.396897	-39755.0256	-27408.0699	0.555608683	4.10215832e+13
6.03e-09	-1457.18333	315.40502	-39148.902	-28586.2216	0.555852914	4.10226527e+13
6.04e-09	-916.724328	796.454181	-38986.5259	-28353.4763	0.555914112	4.10238657e+13
6.05e-09	-1180.84672	1380.02597	-40072.6736	-27122.848	0.556093961	4.10254021e+13
6.06e-09	-614.799962	368.027818	-41888.254	-26349.1065	0.555883179	4.10268414e+13
6.07e-09	-1011.23618	1369.54088	-41468.8296	-26633.1707	0.555566988	4.1027351e+13
6.08e-09	-693.015579	116.898921	-40387.6235	-25869.4821	0.555518592	4.10272206e+13
6.09e-09	-1282.64468	1308.33952	-41124.1379	-24496.2355	0.55586093	4.10276955e+13
6.1e-09	-61.9776758	694.014341	-40005.4511	-21063.8915	0.556822734	4.10295037e+13
6.11e-09	-746.9269	-450.150477	-41349.4126	-21181.8377	0.557611239	4.10339512e+13
6.12e-09	626.135477	-1751.73311	-41587.5732	-23094.9934	0.55775542	4.10391906e+13
6.13e-09	726.896812	-946.159547	-42086.9724	-24517.2571	0.55756303	4.10439796e+13
6.14e-09	-1149.14258	809.712935	-43424.6475	-25644.3146	0.556773199	4.10470007e+13
6.15e-09	-2143.12936	204.340113	-41856.465	-27044.4138	0.555903513	4.10472526e+13
6.16e-09	-2671.4365	-1265.10975	-41384.4324	-26039.5104	0.555774343	4.10460085e+13
6.17e-09	-1306.5345	-2576.1823	-39475.9944	-25062.8191	0.555988208	4.10448694e+13
6.18e-09	-534.753873	-3496.13167	-40429.6046	-25203.8657	0.556515342	4.1045167e+13
6.19e-09	-1564.32416	1595.72474	-39582.5703	-26375.3283	0.556951098	4.10467496e+13
6.2e-09	-399.212156	2150.74582	-39796.3946	-26248.9037	0.556795577	4.10485727e+13
6.21e-09	-1941.29353	2617.79592	-41537.6267	-24690.831	0.556700216	4.10499921e+13
6.22e-09	-2514.34907	1666.02126	-42475.2908	-25171.7365	0.556280347	4.10506303e+13
6.23e-09	-1961.22427	605.26667	-41603.7455	-27071.0737	0.555621956	4.10495985e+13
6.24e-09	-1226.30418	-60.2729752	-41562.9989	-28880.7119	0.555022925	4.10469803e+13
6.25e-09	-880.707021	1226.72646	-40530.861	-27417.74	0.554542909	4.10427986e+13
6.26e-09	-666.722542	3001.89077	-40741.9462	-28233.3186	0.554392703	4.10385165e+13
6.27e-09	527.312742	2998.86156	-42098.0102	-29356.1428	0.553972283	4.10339851e+13
6.28e-09	1782.25877	1582.58595	-42328.191	-29503.5216	0.552907976	4.10276708e+13
6.29e-09	1850.94683	765.230169	-42563.2029	-28501.6405	0.552560141	4.10198551e+13
6.3e-09	1440.09866	-795.068923	-42592.9363	-27359.1928	0.552297674	4.10119883e+13
6.31e-09	-202.30185	-268.520913	-43334.5795	-25617.1912	0.55244111	4.10046198e+13
6.32e-09	-970.709421	1168.02595	-41800.0436	-25278.0073	0.552561019	4.09981983e+13
6.33e-09	-256.415659	3040.76632	-39962.6724	-23537.8183	0.553612081	4.09939131e+13
6.34e-09	-1790.27973	2303.28119	-40131.5184	-22520.8464	0.554839988	4.09932714e+13
6.35e-09	-2350.90938	1584.87854	-41602.2498	-25523.0106	0.555723654	4.09959265e+13
6.36e-09	-2230.7921	2902.86579	-42950.6391	-27740.448	0.55524182	4.09990411e+13
6.37e-09	-1653.96047	1210.75106	-42449.9862	-30356.7727	0.554033651	4.09993e+13
6.38e-09	-3549.91231	226.817068	-42530.8848	-28345.7684	0.552925496	4.09962271e+13
6.39e-09	-3764.24252	17.7287272	-40964.5998	-29670.803	0.552322305	4.09910991e+13
6.4e-09	-4584.89584	-587.479255	-40379.864	-28502.9429	0.552816757	4.09861223e+13
6.41e-09	-4667.27768	-200.467159	-36989.5104	-27796.4623	0.553872674	4.09834592e+13
6.42e-09	-2932.32918	182.334061	-37441.0644	-27654.774	0.554931745	4.09843699e+13
6.43e-09	-3286.91865	-90.4113423	-37401.8653	-28762.329	0.55577647	4.09878696e+13
6.44e-09	-2335.47333	1525.11839	-36114.9044	-28484.9306	0.556575066	4.09931163e+13
6.45e-09	-2098.4945	1294.15598	-37028.6382	-27393.7913	0.557531118	4.10003696e+13
6.46e-09	-942.049333	1223.06236	-36639.9331	-27092.2284	0.558171174	4.10092245e+13
6.47e-09	-1967.99331	702.317304	-38668.3776	-28467.5971	0.558402608	4.10186237e+13
6.48e-09	-2278.49143	472.483503	-40584.9182	-28577.0003	0.557478855	4.10262364e+13
6.49e-09	-1275.93801	-1212.86215	-41626.1708	-27584.9876	0.55650835	4.10304087e+13
6.5e-09	-1746.95002	-1490.11305	-41122.7249	-25967.9837	0.555983743	4.10319025e+13
6.51e-09	-1565.10452	-2904.54937	-39906.6108	-25325.572	0.556120749	4.10326797e+13
6.52e-09	-349.965052	-110.481497	-41117.7699	-23403.1524	0.556622644	4.10343822e+13
6.53e-09	-216.058954	-476.595951	-41575.2899	-23084.0647	0.556654983	4.10367053e+13
6.54e-09	-159.237278	299.045011	-40510.1598	-22187.8088	0.557074053	4.10391999e+13
6.55e-09	-343.733697	1446.34136	-38796.2223	-21660.7028	0.558181127	4.10434609e+13
6.56e-09	-1732.64109	697.541956	-37827.5598	-21001.734	0.559636597	4.10510635e+13
6.57e-09	-2686.76191	-117.001396	-38343.6124	-23520.2761	0.560312229	4.10611904e+13
6.58e-09	-3464.58818	-677.958129	-38414.2394	-24397.8604	0.560562265	4.10715357e+13
6.59e-09	-2145.39318	1912.70385	-38051.6988	-24553.8047	0.561262907	4.1082025e+13
6.6e-09	-2009.23034	1410.51604	-38162.7793	-25192.4067	0.561243244	4.10926012e+13
6.61e-09	-2363.41374	1561.33028	-38764.2287	-25636.4298	0.560834053	4.1101784e+13
6.62e-09	363.82022	2125.07329	-40635.2215	-27135.4913	0.559922074	4.11084886e+13
6.63e-09	1435.37154	1861.6731	-41753.0462	-26275.7655	0.558475852	4.11110466e+13
6.64e-09	1105.3269	2271.30063	-41939.3799	-27501.7163	0.557310221	4.11098382e+13
6.65e-09	-544.01656	989.654956	-41559.5778	-28068.0636	0.556314639	4.11055878e+13
6.66e-09	383.414103	2149.68039	-42442.9003	-28901.9368	0.555120869	4.10989808e+13
6.67e-09	802.880819	747.573997	-43360.0425	-28699.8974	0.553862298	4.10894689e+13
6.68e-09	1230.31413	1024.13171	-43096.9312	-29198.9143	0.553079413	4.10778456e+13
6.69e-09	70.8962325	1333.77965	-41562.583	-28958.1923	0.552726876	4.1065658e+13
6.7e-09	-222.606599	483.425988	-41563.3252	-28498.9485	0.552671778	4.10541574e+13
6.71e-09	459.312989	583.569705	-39558.8263	-25794.8007	0.553439019	4.10444105e+13
6.72e-09	1076.55845	-515.727802	-38733.1147	-24850.1609	0.554950391	4.10388405e+13
6.73e-09	811.423162	662.707551	-37946.2723	-23527.3601	0.556457739	4.10379741e+13
6.74e-09	66.3750579	531.753621	-39313.5941	-24556.3976	0.557601772	4.1041101e+13
6.75e-09	-1254.5722	172.360454	-38709.2248	-25252.6952	0.557972892	4.10459776e+13
6.76e-09	-821.268924	-2337.98934	-38965.1266	-24857.7588	0.558390664	4.10514174e+13
6.77e-09	-671.350975	-2580.86734	-38527.3061	-25816.7017	0.558715256	4.10574697e+13
6.78e-09	-1247.7255	-2166.96622	-38679.4319	-28165.4546	0.558733885	4.10636316e+13
6.79e-09	-804.062342	-2939.41534	-38913.5807	-27829.2181	0.558244002	4.10683061e+13
6.8e-09	-209.041047	-1665.15519	-40742.0533	-28052.8582	0.557518128	4.10710936e+13
6.81e-09	518.238531	-1727.70523	-39332.0647	-27006.3889	0.557144513	4.1071723e+13
6.82e-09	518.916175	-3973.92235	-39358.647	-26407.8648	0.557333246	4.10720683e+13
6.83e-09	-1139.18092	-2979.82695	-38944.796	-26473.4464	0.557294174	4.10727133e+13
6.84e-09	-1784.64466	-3215.84397	-38146.6435	-27881.2703	0.557323959	4.1073417e+13
6.85e-09	-1425.96387	-3238.21375	-37181.7661	-28557.0713	0.557577229	4.10742626e+13
6.86e-09	-1225.63718	-3467.56941	-39108.2543	-29003.2564	0.557602797	4.10756618e+13
6.87e-09	-646.584292	-1363.38815	-39032.8134	-28556.8549	0.557301868	4.10763113e+13
6.88e-09	-211.088997	-2407.56539	-39119.1006	-27907.4292	0.557127113	4.10762681e+13
6.89e-09	-606.366441	-1741.72898	-41271.9916	-27271.6138	0.556830632	4.10757131e+13
6.9e-09	-1366.32413	-2866.23632	-40738.2955	-25422.921	0.556456323	4.10740445e+13
6.91e-09	-1855.98662	-1956.6545	-40721.4629	-26105.482	0.556233374	4.10719952e+13
6.92e-09	-2705.77381	-2786.69263	-42152.4677	-26632.9676	0.555893911	4.10694253e+13
6.93e-09	-2383.68875	-2609.50085	-44234.1571	-25897.9317	0.555046968	4.10654909e+13
6.94e-09	-2348.31141	-1735.36386	-43701.1883	-24493.3997	0.554466703	4.10596219e+13
6.95e-09	-642.058772	-1985.33912	-42787.8329	-24569.3552	0.554226807	4.10533613e+13
6.96e-09	-1558.72696	-2803.70567	-42572.9987	-24361.7616	0.554210049	4.10471677e+13
6.97e-09	-1424.45041	-2353.37456	-42223.8537	-22689.2827	0.554625285	4.10420859e+13
6.98e-09	-125.533628	-1544.37445	-43594.1878	-21969.0482	0.554958287	4.10385593e+13
6.99e-09	-2016.21422	-3270.94969	-42368.8594	-23019.8946	0.555207461	4.10361887e+13
7e-09	-1800.25793	-1961.09004	-43275.1749	-24027.4214	0.554921362	4.10343915e+13
7.01e-09	-1339.03949	-830.527553	-43195.4993	-25504.4668	0.554462503	4.10314652e+13
7.02e-09	-230.957982	-383.857852	-43372.7124	-24912.8917	0.554240736	4.10277076e+13
7.03e-09	-344.120915	-442.530739	-41308.1909	-23785.8554	0.55407516	4.10235802e+13
7.04e-09	818.477269	1364.35989	-40604.6487	-24611.6262	0.554680879	4.10207134e+13
7.05e-09	2077.06578	3009.39359	-40616.2549	-24865.5129	0.555397585	4.10199863e+13
7.06e-09	1812.25337	2278.34499	-41117.3392	-25407.3267	0.555910781	4.10209446e+13
7.07e-09	2718.70892	849.817958	-40724.1668	-26439.7043	0.555936898	4.1022555e+13
7.08e-09	2151.40509	1878.6618	-41319.1825	-25093.0067	0.556012217	4.10240515e+13
7.09e-09	675.886459	1720.70736	-41798.9336	-25066.3433	0.556051401	4.10257666e+13
7.1e-09	-685.944626	2362.14607	-41907.6683	-25216.1313	0.555868434	4.10271233e+13
7.11e-09	-1039.43547	2373.61052	-42521.3228	-24703.9903	0.55570454	4.10277796e+13
7.12e-09	952.879153	4089.92647	-42636.1538	-25810.9635	0.555241587	4.10276363e+13
7.13e-09	2271.36599	3345.10936	-41352.7022	-23758.4878	0.555250125	4.10265962e+13
7.14e-09	862.495437	2785.00638	-40571.9361	-23391.5117	0.555909457	4.10265451e+13
7.15e-09	2780.58642	1183.92825	-41290.2187	-23445.5618	0.556724909	4.10287304e+13
7.16e-09	1713.79042	761.45052	-41240.3076	-23065.2779	0.557015874	4.10321367e+13
7.17e-09	2066.88343	-80.9972254	-40847.6266	-23642.5495	0.557272457	4.10360128e+13
7.18e-09	2782.20453	970.858765	-42044.1083	-26855.6492	0.556799748	4.10396603e+13
7.19e-09	2896.35107	-409.084019	-42332.329	-28708.6637	0.555410211	4.10403149e+13
7.2e-09	5259.96207	-591.279132	-42118.4491	-30359.6838	0.554180069	4.10371147e+13
7.21e-09	4246.02662	557.355144	-39948.8652	-29385.6839	0.553428217	4.10311593e+13
7.22e-09	2739.33594	1484.0771	-39795.579	-29813.2378	0.553278485	4.10248446e+13
7.23e-09	2128.62264	1461.46629	-40895.7931	-28337.8161	0.553312184	4.10189611e+13
7.24e-09	1552.83906	1562.63023	-40046.1638	-27667.325	0.553493584	4.10138046e+13
7.25e-09	401.810506	1386.56154	-39561.3463	-25349.624	0.554405576	4.10104518e+13
7.26e-09	1473.35358	874.858897	-37910.3445	-23829.0432	0.55559049	4.10102037e+13
7.27e-09	1210.86758	1500.07352	-39051.7648	-25936.2347	0.556821098	4.10137547e+13
7.28e-09	-59.5198341	783.610365	-40160.1139	-24997.0574	0.557434856	4.10193342e+13
7.29e-09	-1220.59356	521.948911	-40329.4034	-25533.4424	0.557593151	4.10253834e+13
7.3e-09	758.874451	454.852927	-39918.3727	-27370.5994	0.557371645	4.10309709e+13
7.31e-09	1967.73413	1605.43847	-39144.372	-27413.1889	0.557074735	4.10352078e+13
7.32e-09	3494.78919	3703.03744	-40433.965	-26615.2123	0.556813887	4.10383444e+13
7.33e-09	1612.9749	2801.4596	-40711.6783	-25173.9844	0.556619366	4.10405687e+13
7.34e-09	669.396479	2605.83258	-40404.2007	-26091.8922	0.556624917	4.10423721e+13
7.35e-09	189.144299	2726.58214	-40502.3593	-25634.475	0.556651244	4.1043938e+13
7.36e-09	1898.69158	2271.24258	-41012.3937	-23796.8034	0.557213201	4.10459537e+13
7.37e-09	-293.375378	1078.71394	-42733.743	-24263.7199	0.556976119	4.10487261e+13
7.38e-09	-2004.74114	1693.35559	-41399.2391	-26214.0119	0.556379155	4.10498021e+13
7.39e-09	879.635905	2554.62477	-39989.7436	-25227.8168	0.556286465	4.10496589e+13
7.4e-09	1389.54582	653.780159	-39833.2399	-24892.7608	0.556750191	4.10502238e+13
7.41e-09	1679.01654	240.924325	-41612.5169	-25391.7595	0.556921315	4.10518767e+13
7.42e-09	1775.05549	1240.82849	-41847.24	-24993.8926	0.556414047	4.10527382e+13
7.43e-09	2107.20143	1083.37925	-42600.2074	-25311.1954	0.555681623	4.10519204e+13
7.44e-09	2449.22594	-320.16524	-42429.296	-25802.0627	0.555381296	4.10496858e+13
7.45e-09	1401.17966	-983.947218	-41322.8673	-27527.1452	0.554801458	4.10463233e+13
7.46e-09	1973.36348	-2129.78723	-39500.8597	-28512.5684	0.554745827	4.1042246e+13
7.47e-09	1078.11404	-1022.27233	-40553.9255	-28944.7196	0.554541355	4.10384428e+13
7.48e-09	2314.15596	792.515871	-40944.0993	-27854.2933	0.554240292	4.10342256e+13
7.49e-09	2654.92964	541.346081	-41682.1738	-27901.7645	0.553915742	4.10296789e+13
7.5e-09	694.761883	-501.989369	-39301.6824	-29520.452	0.5538368	4.10248165e+13
7.51e-09	1948.45709	-2788.53988	-39861.2026	-29990.6145	0.554057915	4.10206105e+13
7.52e-09	1082.70155	-3593.25322	-39954.144	-28344.4518	0.554028518	4.10170395e+13
7.53e-09	432.298966	-3568.80479	-38967.6935	-27069.2467	0.554326509	4.10140783e+13
7.54e-09	1551.05237	-3818.357	-38726.4078	-26058.1282	0.555106655	4.10130288e+13
7.55e-09	30.8438608	-2851.30973	-39815.4471	-26938.2968	0.555868133	4.10142216e+13
7.56e-09	2947.25102	-2744.31691	-40754.8535	-27422.0165	0.55584799	4.1016393e+13
7.57e-09	1680.6843	-3723.43325	-41524.5674	-26208.2942	0.555854252	4.10182011e+13
7.58e-09	1497.54667	-2612.44387	-40335.6174	-26413.3362	0.555778478	4.10196924e+13
7.59e-09	1102.07127	-2810.5628	-40512.211	-27479.4358	0.55604898	4.10213871e+13
7.6e-09	-173.349627	-1386.94721	-40456.4452	-28837.0552	0.555739931	4.10229787e+13
7.61e-09	736.609946	827.257015	-41248.8458	-28795.474	0.554711735	4.10226741e+13
7.62e-09	-733.647307	-296.095535	-39510.2727	-26968.2013	0.55461235	4.10203437e+13
7.63e-09	-78.47538	-1218.3974	-40512.523	-26893.8088	0.554977595	4.10190396e+13
7.64e-09	344.415277	-228.375033	-40547.9434	-27547.2959	0.554994667	4.10183621e+13
7.65e-09	424.299733	-319.218681	-40877.7515	-27901.6972	0.554924159	4.10176492e+13
7.66e-09	-1273.92226	877.65127	-41479.3094	-27363.7054	0.554708182	4.10166054e+13
7.67e-09	-1868.28204	1964.37216	-41029.7533	-27425.9181	0.554458418	4.10149933e+13
7.68e-09	-835.255998	1925.25383	-40478.8124	-26824.3844	0.554523695	4.10131826e+13
7.69e-09	-24.130318	1788.60266	-41189.3556	-27650.9015	0.554709727	4.10119636e+13
7.7e-09	274.756709	612.261143	-40135.3653	-27018.3553	0.554748699	4.10110743e+13
7.71e-09	-496.191028	1685.82592	-39198.7768	-26155.4141	0.555410432	4.10111515e+13
7.72e-09	-464.339956	548.774957	-40497.0352	-26298.6737	0.555795321	4.10129031e+13
7.73e-09	-664.050534	-724.647545	-40537.8025	-25885.557	0.555812874	4.10148862e+13
7.74e-09	114.155273	-1946.44558	-40534.152	-25712.5608	0.555796832	4.10167686e+13
7.75e-09	-1175.5021	115.866953	-40482.413	-24747.4926	0.556140921	4.10188526e+13
7.76e-09	-906.286422	-2119.71257	-41313.0457	-24281.1048	0.556338228	4.10216284e+13
7.77e-09	-419.397338	-839.002116	-40427.9471	-23946.1799	0.556722159	4.10246739e+13
7.78e-09	689.74355	-493.382172	-40717.8214	-23798.5846	0.55721964	4.10288152e+13
7.79e-09	-451.816407	-337.842298	-41227.0097	-23789.6081	0.557505618	4.10336391e+13
7.8e-09	-1015.44832	-599.00023	-42419.3778	-23365.1112	0.557322556	4.10382355e+13
7.81e-09	-1114.11865	-46.4268533	-42522.1011	-24280.6639	0.557119898	4.10417867e+13
7.82e-09	606.855965	-1806.77273	-43304.4632	-23816.4645	0.556301654	4.10436889e+13
7.83e-09	-581.493886	-442.305704	-43000.7512	-23291.5273	0.555706103	4.10433515e+13
7.84e-09	-2068.79541	-1112.4031	-41793.6458	-24295.949	0.555612221	4.1042171e+13
7.85e-09	-1486.74467	-1188.38815	-41616.5223	-22905.6297	0.55593174	4.10412522e+13
7.86e-09	-19.1862936	-3459.77359	-40410.1916	-23457.4735	0.556632637	4.10417915e+13
7.87e-09	-261.826471	-2784.74635	-41848.2373	-26367.0371	0.55650338	4.10436077e+13
7.88e-09	-2271.87827	-3820.95257	-41425.8979	-25585.0947	0.555849668	4.10438077e+13
7.89e-09	-1889.76128	-4598.42161	-40463.9217	-25058.9578	0.556028632	4.1043177e+13
7.9e-09	-1653.46362	-3342.09884	-39769.816	-24918.9505	0.556434457	4.10434751e+13
7.91e-09	-1341.70102	-2723.83571	-40557.8995	-24754.0118	0.556798498	4.1044899e+13
7.92e-09	395.992267	-1793.81553	-39945.596	-25150.3167	0.556910147	4.10467652e+13
7.93e-09	435.944737	-1979.00937	-38775.9052	-25828.3793	0.557430326	4.1049232e+13
7.94e-09	1792.199	820.772742	-39340.5752	-24532.2659	0.557947057	4.10528959e+13
7.95e-09	2717.35224	-143.047934	-38669.426	-23253.1522	0.558636871	4.10578726e+13
7.96e-09	1023.07934	-1397.3372	-39771.0769	-24205.2437	0.559003369	4.10640695e+13
7.97e-09	1746.43561	-1993.65579	-40266.9577	-22928.5905	0.558907877	4.10700683e+13
7.98e-09	2409.76429	-1985.09247	-41029.3577	-22149.6806	0.55892071	4.10753136e+13
7.99e-09	2051.11289	-1367.45257	-41637.1791	-24752.873	0.558384354	4.10796467e+13
8e-09	1367.58588	-660.569213	-42951.3358	-24968.2628	0.557422751	4.10814597e+13
8.01e-09	822.269287	-628.389972	-43494.6613	-26999.4794	0.556150152	4.10800553e+13
8.02e-09	-346.702487	-1682.8464	-44273.5459	-26718.1404	0.554774088	4.10749476e+13
8.03e-09	-2834.12051	100.335666	-43020.93	-26059.4516	0.553816317	4.10668914e+13
8.04e-09	-1053.38587	-823.318204	-43269.2005	-25555.8143	0.553500672	4.10579166e+13
8.05e-09	-18.8752824	-334.939608	-41450.9711	-25595.0634	0.553713405	4.10494597e+13
8.06e-09	-426.539804	-1123.31495	-39318.9224	-26640.4867	0.554291484	4.10429583e+13
8.07e-09	-290.10314	-2441.31312	-38439.4574	-27642.7254	0.55513668	4.10391792e+13
8.08e-09	-105.246848	-1775.97761	-39336.7341	-26273.5277	0.555723856	4.10376938e+13
8.09e-09	-9.26640283	-1351.94264	-39912.0881	-25521.7988	0.556314307	4.10380797e+13
8.1e-09	1628.49796	-1372.95216	-39832.3955	-26101.297	0.556726317	4.10398251e+13
8.11e-09	1806.48702	-928.658849	-40266.2346	-27479.6535	0.556653424	4.10419207e+13
8.12e-09	-539.573803	-1120.75753	-39838.0347	-27655.4921	0.556257873	4.10430711e+13
8.13e-09	-66.0738429	212.944916	-39451.0848	-28049.9563	0.556155901	4.10434395e+13
8.14e-09	698.788837	1876.13046	-41993.1843	-26380.0794	0.55586235	4.1043345e+13
8.15e-09	685.958205	1031.79564	-40295.465	-24902.1111	0.555667839	4.10422167e+13
8.16e-09	2375.61418	1128.83885	-39818.7719	-24997.8112	0.556132198	4.10417961e+13
8.17e-09	254.040309	207.237604	-41080.2363	-23238.0043	0.556587953	4.10426537e+13
8.18e-09	-101.651327	-504.110534	-41877.1726	-24487.1738	0.556623795	4.10442707e+13
8.19e-09	-1110.23755	305.977277	-40655.2875	-24243.5067	0.55668323	4.10454869e+13
8.2e-09	-1528.98337	645.735004	-41790.582	-24328.1522	0.556645647	4.10470766e+13
8.21e-09	-1504.95369	1364.17589	-40722.1202	-25604.557	0.556572686	4.10480441e+13
8.22e-09	-3467.84253	1505.08701	-41799.2695	-23144.585	0.556595419	4.10488888e+13
8.23e-09	-1064.61784	-171.144495	-41404.91	-22519.2943	0.556721065	4.10498786e+13
8.24e-09	-542.913149	1659.17495	-40765.9621	-22938.8	0.557264154	4.10516359e+13
8.25e-09	-462.829143	1123.82392	-40515.3016	-24974.7959	0.557468134	4.10543817e+13
8.26e-09	264.504759	1026.12755	-41665.964	-26447.8291	0.556959182	4.10567214e+13
8.27e-09	-1374.06058	930.81869	-39834.2505	-27787.28	0.556463528	4.10570903e+13
8.28e-09	-1769.73192	1859.28544	-40479.6589	-28142.2184	0.555980069	4.10563058e+13
8.29e-09	276.449282	1625.38812	-42208.805	-29830.042	0.555003173	4.10537752e+13
8.3e-09	-1362.51583	896.051647	-42476.5181	-29500.1483	0.553775375	4.1048196e+13
8.31e-09	660.946177	962.204193	-43355.9484	-27622.171	0.552685056	4.10398946e+13
8.32e-09	-758.900764	-574.200939	-43802.9684	-25717.4458	0.552208504	4.10301684e+13
8.33e-09	-656.63144	-2186.4782	-42827.5665	-25037.7304	0.552398765	4.10208872e+13
8.34e-09	-98.6155239	-536.548561	-40599.8412	-25414.9509	0.553129587	4.10136045e+13
8.35e-09	2117.68334	250.129999	-38156.2589	-25706.4035	0.55444869	4.10096924e+13
8.36e-09	-547.957468	-229.852602	-37014.1525	-24963.1497	0.556118268	4.10104655e+13
8.37e-09	-341.871219	1507.2742	-37655.0394	-25022.572	0.557490836	4.10155084e+13
8.38e-09	-638.629829	1806.21975	-39148.6384	-27089.0115	0.557945283	4.10229181e+13
8.39e-09	-476.722874	307.16197	-40106.8669	-26644.6976	0.557639127	4.10295789e+13
8.4e-09	2343.18502	1380.9425	-39495.1092	-27490.3029	0.557331835	4.10346628e+13
8.41e-09	2724.1105	1812.25387	-41026.0575	-28086.3966	0.556763371	4.10383971e+13
8.42e-09	2435.07017	1569.5653	-40702.012	-29087.4934	0.555961798	4.10397437e+13
8.43e-09	140.948392	310.553392	-39862.9676	-28199.4102	0.555403463	4.1038931e+13
8.44e-09	1205.45332	348.524453	-40652.1875	-27967.923	0.555363562	4.10373932e+13
8.45e-09	561.505772	-284.947444	-42090.1936	-27074.8363	0.554863113	4.10353241e+13
8.46e-09	895.864838	-145.374432	-42721.993	-27953.3874	0.554239016	4.10319818e+13
8.47e-09	-432.336703	2445.98422	-41238.207	-26227.5469	0.553991832	4.10273672e+13
8.48e-09	192.458183	647.649486	-42193.8237	-24804.4605	0.554280159	4.10234087e+13
8.49e-09	-203.723997	648.957329	-42208.4508	-23567.8762	0.554485908	4.10205308e+13
8.5e-09	1001.44838	-90.0101755	-41753.1803	-24618.3652	0.554876678	4.10187524e+13
8.51e-09	1681.94576	-567.697232	-41488.821	-25830.5502	0.554961997	4.10178454e+13
8.52e-09	701.533118	-293.386366	-41106.1182	-25637.5361	0.554833711	4.1017012e+13
8.53e-09	567.781467	-544.339549	-40401.0657	-23773.7054	0.555375549	4.10164365e+13
8.54e-09	719.967152	-100.66069	-40653.8665	-24561.4731	0.555985301	4.10179744e+13
8.55e-09	1419.7557	-1224.33286	-39418.4991	-24866.7044	0.556482909	4.10205379e+13
8.56e-09	-995.424657	-673.090052	-41891.2967	-22885.1891	0.556850574	4.10243665e+13
8.57e-09	99.1748486	-1856.29745	-42748.6458	-23043.7614	0.556794005	4.10282356e+13
8.58e-09	519.87833	192.313535	-41825.4877	-22052.7572	0.556926118	4.10316725e+13
8.59e-09	1222.20213	43.8718286	-42932.6641	-21285.2801	0.556983695	4.10353351e+13
8.6e-09	1645.63919	2907.42389	-43206.0633	-21909.2479	0.556793526	4.10384176e+13
8.61e-09	1007.2114	2575.04354	-42402.8987	-21504.6931	0.556484695	4.10403942e+13
8.62e-09	-115.069622	1976.5281	-42128.937	-20619.808	0.556994659	4.10423049e+13
8.63e-09	977.6085	1005.2753	-42725.7083	-21489.0567	0.556958754	4.1044987e+13
8.64e-09	1446.44313	701.255517	-42926.4428	-23338.2062	0.556693058	4.10469684e+13
8.65e-09	98.2798308	553.085904	-42220.7452	-23174.3042	0.556499946	4.10478783e+13
8.66e-09	-127.997516	-565.910871	-43230.2297	-22178.1907	0.556410891	4.10484342e+13
8.67e-09	972.928926	-1379.79289	-42267.5698	-22642.1209	0.556473619	4.10487687e+13
8.68e-09	1343.27825	-1526.2332	-43149.9497	-23966.3189	0.556105904	4.10490393e+13
8.69e-09	-295.899394	-1647.4207	-42685.6049	-25303.2409	0.555623654	4.10479453e+13
8.7e-09	733.990599	-1325.28308	-41033.199	-24561.7243	0.555624825	4.1046023e+13
8.71e-09	874.728478	-1744.74186	-42753.3246	-24707.3656	0.555806431	4.10448656e+13
8.72e-09	739.07234	-1195.63861	-41976.9502	-26096.3756	0.555292971	4.10432808e+13
8.73e-09	-746.41664	-1700.00103	-42688.0193	-27533.9663	0.554835338	4.10405612e+13
8.74e-09	437.655175	-1766.43323	-41233.8431	-25731.2659	0.554379435	4.10364756e+13
8.75e-09	1196.92963	85.2588423	-39430.1804	-24768.5466	0.554826128	4.10326942e+13
8.76e-09	2045.81088	425.898571	-38354.4637	-24217.883	0.556209527	4.10318426e+13
8.77e-09	2777.58286	809.75829	-38949.7913	-24492.7035	0.557553788	4.10349976e+13
8.78e-09	2907.40094	-11.2676873	-39353.4187	-23887.6781	0.558074316	4.10405008e+13
8.79e-09	1520.44265	-512.781445	-40594.1114	-22181.7623	0.558579554	4.10468544e+13
8.8e-09	1749.6065	401.154554	-41179.6866	-23279.9296	0.558673035	4.10536511e+13
8.81e-09	3734.79681	454.060699	-41779.5191	-24782.0361	0.558320963	4.10594063e+13
8.82e-09	2426.57236	1665.27147	-43502.4289	-26894.1537	0.557026495	4.10625775e+13
8.83e-09	628.601743	1820.84895	-44364.9435	-25533.1923	0.555618097	4.10614334e+13
8.84e-09	-139.661696	3269.55248	-42695.4001	-25214.5355	0.554905594	4.10573955e+13
8.85e-09	-363.097688	2811.27001	-42161.6095	-25158.2358	0.554819938	4.10525666e+13
8.86e-09	-1450.23463	2488.55201	-42752.7605	-26349.4991	0.554543762	4.10480144e+13
8.87e-09	476.572773	2413.99543	-41391.1695	-25874.5744	0.55444432	4.10428992e+13
8.88e-09	1018.49688	742.856541	-41233.0386	-26971.8869	0.554562452	4.10386856e+13
8.89e-09	-932.480792	339.40294	-39898.363	-25233.0602	0.555207812	4.10356105e+13
8.9e-09	-2120.47088	919.913017	-38724.2521	-24321.1074	0.556300425	4.10350746e+13
8.91e-09	-944.417211	-251.089694	-38711.9862	-25674.6013	0.55707794	4.10373852e+13
8.92e-09	-2272.54382	-1373.30348	-40321.5311	-24746.0799	0.557183646	4.1040849e+13
8.93e-09	-3164.08926	-1653.18181	-42249.4768	-25720.2899	0.556754418	4.10437688e+13
8.94e-09	-1638.58787	-1347.06359	-42767.9429	-24917.9627	0.555730081	4.1044292e+13
8.95e-09	-495.226789	-1777.99532	-43958.7645	-24092.9632	0.555268415	4.10425777e+13
8.96e-09	-42.50428	-1703.36085	-43182.9415	-23284.1659	0.554639943	4.10393943e+13
8.97e-09	-1491.49126	-734.529101	-42273.3124	-23496.2787	0.554801574	4.10359349e+13
8.98e-09	-781.619718	54.6944726	-40850.9336	-23143.6186	0.55518875	4.10335612e+13
8.99e-09	620.358696	794.515819	-41568.0367	-25545.8947	0.555445085	4.10325522e+13
9e-09	-1238.42221	2415.39977	-42082.4577	-27111.2842	0.555237603	4.10316205e+13
9.01e-09	-502.298794	1903.31364	-42196.4147	-26699.9445	0.554878912	4.10298047e+13
9.02e-09	918.801677	1782.60344	-41966.664	-25483.3348	0.554441556	4.10270882e+13
9.03e-09	1465.82741	-22.4063378	-40455.9341	-26061.5226	0.554666507	4.10242918e+13
9.04e-09	1483.51129	-36.0338141	-38677.9078	-25483.9777	0.555397475	4.10229169e+13
9.05e-09	963.311959	76.7019119	-39130.5773	-26432.0892	0.55612157	4.10238903e+13
9.06e-09	1358.48835	-1493.02732	-41139.1899	-28005.2525	0.555932621	4.10258429e+13
9.07e-09	2109.87917	-1030.04776	-40125.9409	-28806.2707	0.555164204	4.10260434e+13
9.08e-09	1065.75129	-328.566471	-40186.2797	-29032.3561	0.554755513	4.10246272e+13
9.09e-09	1530.5754	-838.765073	-39883.3312	-29662.6695	0.554715941	4.10227519e+13
9.1e-09	-833.567595	-1880.3614	-42800.893	-29504.5785	0.553881662	4.10199705e+13
9.11e-09	-2584.20562	-1029.48837	-41968.6291	-29607.6362	0.553160306	4.10149407e+13
9.12e-09	-2169.15707	-773.404627	-41213.3306	-29262.3171	0.553022428	4.10092825e+13
9.13e-09	-2107.25653	280.555668	-43464.559	-26645.5299	0.552665162	4.10034606e+13
9.14e-09	-2583.79181	77.0349726	-41516.9075	-25752.5859	0.552891312	4.09977462e+13
9.15e-09	-2588.06964	-451.229513	-40654.7651	-24641.632	0.553602794	4.09940101e+13
9.16e-09	-1011.49013	-1370.53391	-39349.8955	-23641.0423	0.554908981	4.09933476e+13
9.17e-09	-466.292921	-841.345649	-38874.0537	-24592.6012	0.556120673	4.09963865e+13
9.18e-09	884.050994	-585.715631	-39767.5289	-24576.7552	0.556940756	4.1002048e+13
9.19e-09	526.051568	-1303.10781	-40628.079	-24082.9323	0.557143683	4.10085762e+13
9.2e-09	-1219.22053	-701.982695	-40858.9716	-24427.5234	0.557187919	4.10147235e+13
9.21e-09	-712.249579	458.221837	-42020.3248	-25038.9822	0.5568683	4.10201209e+13
9.22e-09	-512.319904	-1435.23373	-41752.4082	-25922.2504	0.556246827	4.10236772e+13
9.23e-09	136.394128	-3027.98686	-41785.4455	-25942.9705	0.555843537	4.10254358e+13
9.24e-09	-351.966071	-3045.34467	-41461.0695	-25748.57	0.555481209	4.10258883e+13
9.25e-09	-679.053209	-2994.5779	-41630.5828	-27378.5315	0.555197193	4.10256243e+13
9.26e-09	-423.07417	-1492.43132	-41535.3903	-28314.1639	0.554706115	4.10242064e+13
9.27e-09	-838.29239	-226.653137	-41767.5373	-27911.4882	0.55423841	4.10215309e+13
9.28e-09	-344.863408	-268.674478	-40075.7154	-27917.8493	0.554148466	4.10182536e+13
9.29e-09	-1247.0309	-137.860289	-42609.4121	-28115.0596	0.553928042	4.10151453e+13
9.3e-09	-303.54164	358.930558	-40487.0355	-24845.4918	0.55391254	4.10113643e+13
9.31e-09	715.809296	-350.188751	-41092.9954	-24236.2435	0.554663552	4.10092921e+13
9.32e-09	148.860519	-1883.55431	-40760.3555	-25644.0643	0.555057647	4.10091003e+13
9.33e-09	344.47768	22.5417801	-40201.2662	-24518.2201	0.555468509	4.10099912e+13
9.34e-09	-509.716177	-232.875833	-39539.2679	-24043.882	0.556086642	4.10121771e+13
9.35e-09	-17.3824501	-2732.18886	-38086.5312	-24556.7248	0.557207441	4.10164181e+13
9.36e-09	-57.9092094	-2088.04721	-38676.0747	-23026.4691	0.558186641	4.10232897e+13
9.37e-09	-15.2646318	-2159.89848	-40348.5113	-24193.9217	0.558413368	4.10314548e+13
9.38e-09	-477.231158	-1530.55405	-41000.479	-24751.8041	0.558263429	4.10387443e+13
9.39e-09	982.476955	-904.593925	-43123.2152	-23528.0576	0.557739538	4.10444902e+13
9.4e-09	-723.863905	-1062.41413	-43132.7117	-24133.1371	0.557052517	4.10480392e+13
9.41e-09	-2579.82358	-1440.36019	-44008.5524	-24257.5355	0.556120787	4.10491361e+13
9.42e-09	-1471.30004	-2109.99257	-41673.8666	-23246.5413	0.55573368	4.10478775e+13
9.43e-09	-1629.27654	-1671.87644	-43039.909	-22458.8393	0.555956108	4.10467956e+13
9.44e-09	-1202.51419	-4149.76832	-42716.5177	-22469.3629	0.555929691	4.10460523e+13
9.45e-09	-785.24591	-3833.97198	-44458.5347	-21703.0966	0.555554381	4.10449548e+13
9.46e-09	-2062.54548	-4130.711	-42641.9113	-21992.0523	0.555778412	4.10433969e+13
9.47e-09	-1610.96138	-2617.44123	-40581.853	-22588.2102	0.556290197	4.10431152e+13
9.48e-09	944.988219	-1708.58381	-41260.9559	-24837.9131	0.556782087	4.10444739e+13
9.49e-09	-1612.14622	-2005.06899	-41234.8029	-27304.091	0.556435065	4.10459193e+13
9.5e-09	-2229.02501	-2173.46149	-41421.6262	-26260.8204	0.55607094	4.10459902e+13
9.51e-09	-476.716145	-1203.50303	-40842.8037	-26637.895	0.555655191	4.10451286e+13
9.52e-09	-1084.48644	-1274.4383	-42195.655	-27027.2325	0.555526405	4.10436699e+13
9.53e-09	370.336434	-503.291856	-41982.164	-27243.2975	0.554857267	4.10411997e+13
9.54e-09	-6.28423102	893.756071	-42316.5608	-28997.0576	0.554216612	4.10373053e+13
9.55e-09	-1628.93275	1280.4584	-41148.8337	-29557.726	0.553330402	4.1031477e+13
9.56e-09	-2566.45782	-878.659128	-39299.5819	-28656.6363	0.55335053	4.10248601e+13
9.57e-09	-1521.31301	166.596321	-40001.2217	-26217.2073	0.554226823	4.10200758e+13
9.58e-09	-2790.48276	-73.3738399	-40296.6491	-26630.4114	0.554762868	4.10178818e+13
9.59e-09	-3279.50146	-77.3141868	-42023.7723	-25406.9336	0.554895652	4.10168679e+13
9.6e-09	-2811.21591	-871.479371	-41461.0044	-23775.6557	0.55500924	4.10161663e+13
9.61e-09	-2044.24594	71.9163877	-41369.1396	-23005.4347	0.555629738	4.10165571e+13
9.62e-09	-1999.22842	-473.671722	-41231.888	-24216.3507	0.556058543	4.10183909e+13
9.63e-09	-2055.59998	756.163221	-42008.6564	-23222.2704	0.556298516	4.10209811e+13
9.64e-09	-2256.30825	77.6477804	-40251.8844	-21512.6227	0.556617653	4.10238429e+13
9.65e-09	-2577.32643	284.893712	-41759.7691	-20750.8082	0.557443399	4.10282791e+13
9.66e-09	-791.507712	658.953213	-42403.8141	-21312.4278	0.557688861	4.1033722e+13
9.67e-09	-778.352539	1159.86553	-44280.0379	-22100.4914	0.557204622	4.10385968e+13
9.68e-09	-961.945173	2742.96097	-44184.4635	-23768.23	0.556113724	4.1040776e+13
9.69e-09	-529.992506	900.117023	-42097.6522	-22434.2489	0.555755284	4.10402535e+13
9.7e-09	-797.00999	-1088.3665	-41605.4324	-21773.9596	0.556307358	4.10403347e+13
9.71e-09	530.772808	-2673.97962	-40349.5752	-23068.929	0.556936533	4.1041899e+13
9.72e-09	958.042904	-1651.17588	-41120.4739	-23883.8235	0.557198856	4.10448288e+13
9.73e-09	1678.88652	456.277373	-39994.9547	-25492.5384	0.557184435	4.10476019e+13
9.74e-09	628.384793	1541.73091	-41086.0676	-26286.9031	0.557051521	4.10501878e+13
9.75e-09	946.473292	-1066.60672	-40581.3018	-25757.8331	0.556824651	4.10517978e+13
9.76e-09	-502.734247	-1887.67418	-40692.3505	-26036.3455	0.556585	4.10527536e+13
9.77e-09	-1086.03749	-897.089571	-42281.2396	-26640.1733	0.556259695	4.10528789e+13
9.78e-09	-1752.46131	-2948.62024	-42299.2165	-26732.3768	0.555624894	4.10514657e+13
9.79e-09	-1624.13228	-3429.73551	-41448.8014	-26316.9521	0.555196113	4.10487732e+13
9.8e-09	341.791512	-1208.88438	-40516.5663	-24875.1407	0.555385457	4.10458822e+13
9.81e-09	-473.397324	-2660.35312	-41436.176	-25485.5552	0.555618464	4.1044139e+13
9.82e-09	-114.557219	-1514.40134	-41854.0181	-26436.6392	0.555440129	4.10425874e+13
9.83e-09	-1030.21185	-1709.33283	-40834.7675	-25314.2074	0.555551723	4.10408052e+13
9.84e-09	-1089.70417	-2919.36543	-40665.462	-24436.6361	0.555859189	4.10399611e+13
9.85e-09	1226.77202	-706.4138	-39965.7989	-24367.9447	0.556443611	4.10403551e+13
9.86e-09	2143.30136	-1546.62566	-41143.1072	-26175.6949	0.556359221	4.10418005e+13
9.87e-09	-375.25996	-2067.20803	-39684.2198	-25998.2433	0.556289835	4.10424283e+13
9.88e-09	-660.199596	-2817.45715	-40223.4887	-25001.82	0.556673536	4.10435126e+13
9.89e-09	-597.264477	-2422.89497	-39925.0814	-25835.0819	0.556967359	4.1045498e+13
9.9e-09	274.265058	-2295.18396	-42024.4802	-27567.4861	0.556726649	4.10475816e+13
9.91e-09	-1910.54469	-3380.85936	-41765.5645	-27760.7031	0.555383992	4.10472348e+13
9.92e-09	-1399.63741	-2717.80867	-41950.7094	-27087.3072	0.554637262	4.1043859e+13
9.93e-09	-1970.57255	-3187.97246	-43093.8049	-26311.7523	0.554200134	4.10391878e+13
9.94e-09	-2594.33111	-4106.73721	-43685.7002	-25258.3505	0.55355298	4.10335248e+13
9.95e-09	-2327.89187	-1781.61766	-44922.1389	-25648.7161	0.553129645	4.1027077e+13
9.96e-09	-2445.70635	2.54540079	-45091.1086	-23117.4984	0.552701488	4.10196932e+13
9.97e-09	321.039263	-438.569772	-42163.6082	-24557.0266	0.553054624	4.10128803e+13
9.98e-09	248.349977	-698.945253	-41520.4996	-23805.6212	0.553576004	4.10080529e+13
9.99e-09	2079.18475	-1320.25892	-41000.6997	-22322.5482	0.554469511	4.10055345e+13
1e-08	2272.11243	-226.335132	-39911.7876	-22560.2864	0.555726735	4.10062129e+13
