# Frequency [GHz] 	Fouriercomponent
-4.99967	 0.563967
-4.99633	 0.669733
-4.993	 0.617326
-4.98967	 0.709313
-4.98633	 0.484357
-4.983	 0.557831
-4.97967	 0.567428
-4.97633	 0.50343
-4.973	 0.623986
-4.96967	 0.60669
-4.96634	 0.665746
-4.963	 0.598178
-4.95967	 0.75393
-4.95634	 0.66378
-4.953	 0.548726
-4.94967	 0.515924
-4.94634	 0.66818
-4.943	 0.674653
-4.93967	 0.669475
-4.93634	 0.536309
-4.933	 0.665729
-4.92967	 0.552866
-4.92634	 0.641936
-4.92301	 0.660241
-4.91967	 0.464852
-4.91634	 0.573381
-4.91301	 0.498669
-4.90967	 0.65813
-4.90634	 0.623128
-4.90301	 0.615851
-4.89967	 0.561382
-4.89634	 0.576457
-4.89301	 0.715528
-4.88967	 0.588401
-4.88634	 0.501305
-4.88301	 0.5054
-4.87967	 0.616494
-4.87634	 0.792456
-4.87301	 0.567115
-4.86968	 0.504
-4.86634	 0.681135
-4.86301	 0.484291
-4.85968	 0.604815
-4.85634	 0.456909
-4.85301	 0.545271
-4.84968	 0.58445
-4.84634	 0.538621
-4.84301	 0.574248
-4.83968	 0.488114
-4.83634	 0.580287
-4.83301	 0.453256
-4.82968	 0.540274
-4.82634	 0.529407
-4.82301	 0.477781
-4.81968	 0.6451
-4.81635	 0.481212
-4.81301	 0.748973
-4.80968	 0.699799
-4.80635	 0.647132
-4.80301	 0.64065
-4.79968	 0.459771
-4.79635	 0.690383
-4.79301	 0.805698
-4.78968	 0.536998
-4.78635	 0.732117
-4.78301	 0.543502
-4.77968	 0.486656
-4.77635	 0.644876
-4.77302	 0.587706
-4.76968	 0.664534
-4.76635	 0.587109
-4.76302	 0.577837
-4.75968	 0.539688
-4.75635	 0.409064
-4.75302	 0.647035
-4.74968	 0.620005
-4.74635	 0.734657
-4.74302	 0.521899
-4.73968	 0.788321
-4.73635	 0.642761
-4.73302	 0.398729
-4.72968	 0.516271
-4.72635	 0.493672
-4.72302	 0.5825
-4.71969	 0.590267
-4.71635	 0.535763
-4.71302	 0.625233
-4.70969	 0.648215
-4.70635	 0.568018
-4.70302	 0.469274
-4.69969	 0.488193
-4.69635	 0.589153
-4.69302	 0.619786
-4.68969	 0.593576
-4.68635	 0.555214
-4.68302	 0.592909
-4.67969	 0.507929
-4.67635	 0.594246
-4.67302	 0.501497
-4.66969	 0.697185
-4.66636	 0.53653
-4.66302	 0.527006
-4.65969	 0.526366
-4.65636	 0.452879
-4.65302	 0.498458
-4.64969	 0.510654
-4.64636	 0.591212
-4.64302	 0.526446
-4.63969	 0.647156
-4.63636	 0.631759
-4.63302	 0.552661
-4.62969	 0.478023
-4.62636	 0.672005
-4.62303	 0.740239
-4.61969	 0.578188
-4.61636	 0.596255
-4.61303	 0.582178
-4.60969	 0.57666
-4.60636	 0.564616
-4.60303	 0.547314
-4.59969	 0.430287
-4.59636	 0.681401
-4.59303	 0.654002
-4.58969	 0.514323
-4.58636	 0.536981
-4.58303	 0.519579
-4.57969	 0.768718
-4.57636	 0.648638
-4.57303	 0.635153
-4.5697	 0.635487
-4.56636	 0.513719
-4.56303	 0.762806
-4.5597	 0.626015
-4.55636	 0.650404
-4.55303	 0.63206
-4.5497	 0.712204
-4.54636	 0.426012
-4.54303	 0.583872
-4.5397	 0.520265
-4.53636	 0.565181
-4.53303	 0.457758
-4.5297	 0.817556
-4.52636	 0.566947
-4.52303	 0.573008
-4.5197	 0.764741
-4.51637	 0.537149
-4.51303	 0.547017
-4.5097	 0.578128
-4.50637	 0.540022
-4.50303	 0.53733
-4.4997	 0.685257
-4.49637	 0.523783
-4.49303	 0.511584
-4.4897	 0.689964
-4.48637	 0.691931
-4.48303	 0.400249
-4.4797	 0.912799
-4.47637	 0.57005
-4.47304	 0.635297
-4.4697	 0.530159
-4.46637	 0.721953
-4.46304	 0.685172
-4.4597	 0.673758
-4.45637	 0.630913
-4.45304	 0.568525
-4.4497	 0.653868
-4.44637	 0.578221
-4.44304	 0.618532
-4.4397	 0.608042
-4.43637	 0.578538
-4.43304	 0.561089
-4.4297	 0.5419
-4.42637	 0.513732
-4.42304	 0.680306
-4.41971	 0.548701
-4.41637	 0.626023
-4.41304	 0.549684
-4.40971	 0.67731
-4.40637	 0.592661
-4.40304	 0.470203
-4.39971	 0.724918
-4.39637	 0.637329
-4.39304	 0.803696
-4.38971	 0.656575
-4.38637	 0.523122
-4.38304	 0.65812
-4.37971	 0.588056
-4.37637	 0.568885
-4.37304	 0.604539
-4.36971	 0.497307
-4.36638	 0.513166
-4.36304	 0.647938
-4.35971	 0.721455
-4.35638	 0.533755
-4.35304	 0.656984
-4.34971	 0.540335
-4.34638	 0.456289
-4.34304	 0.630695
-4.33971	 0.714725
-4.33638	 0.535971
-4.33304	 0.459936
-4.32971	 0.712948
-4.32638	 0.636115
-4.32305	 0.697902
-4.31971	 0.688511
-4.31638	 0.58926
-4.31305	 0.612711
-4.30971	 0.671249
-4.30638	 0.479309
-4.30305	 0.717738
-4.29971	 0.679921
-4.29638	 0.658022
-4.29305	 0.701744
-4.28971	 0.544596
-4.28638	 0.561865
-4.28305	 0.628889
-4.27971	 0.478706
-4.27638	 0.670449
-4.27305	 0.578691
-4.26972	 0.581635
-4.26638	 0.578956
-4.26305	 0.677765
-4.25972	 0.643024
-4.25638	 0.641504
-4.25305	 0.756647
-4.24972	 0.582782
-4.24638	 0.469181
-4.24305	 0.740089
-4.23972	 0.770518
-4.23638	 0.535225
-4.23305	 0.671788
-4.22972	 0.554757
-4.22638	 0.567702
-4.22305	 0.752088
-4.21972	 0.726254
-4.21639	 0.524422
-4.21305	 0.550172
-4.20972	 0.520776
-4.20639	 0.57916
-4.20305	 0.680448
-4.19972	 0.630194
-4.19639	 0.573488
-4.19305	 0.603664
-4.18972	 0.498024
-4.18639	 0.60886
-4.18305	 0.758366
-4.17972	 0.720119
-4.17639	 0.522686
-4.17306	 0.662769
-4.16972	 0.53032
-4.16639	 0.575281
-4.16306	 0.484637
-4.15972	 0.532067
-4.15639	 0.571119
-4.15306	 0.627843
-4.14972	 0.692395
-4.14639	 0.611316
-4.14306	 0.550929
-4.13972	 0.616062
-4.13639	 0.724771
-4.13306	 0.658413
-4.12972	 0.692403
-4.12639	 0.73073
-4.12306	 0.659512
-4.11973	 0.585988
-4.11639	 0.633079
-4.11306	 0.530513
-4.10973	 0.49613
-4.10639	 0.577031
-4.10306	 0.567675
-4.09973	 0.568371
-4.09639	 0.704857
-4.09306	 0.588824
-4.08973	 0.491306
-4.08639	 0.59223
-4.08306	 0.470565
-4.07973	 0.541648
-4.07639	 0.509234
-4.07306	 0.654584
-4.06973	 0.606404
-4.0664	 0.710815
-4.06306	 0.742887
-4.05973	 0.668868
-4.0564	 0.54076
-4.05306	 0.738347
-4.04973	 0.638802
-4.0464	 0.626019
-4.04306	 0.552465
-4.03973	 0.555084
-4.0364	 0.776033
-4.03306	 0.477853
-4.02973	 0.525785
-4.0264	 0.562094
-4.02307	 0.63088
-4.01973	 0.536701
-4.0164	 0.655923
-4.01307	 0.579387
-4.00973	 0.763132
-4.0064	 0.635734
-4.00307	 0.779929
-3.99973	 0.592471
-3.9964	 0.588475
-3.99307	 0.78775
-3.98973	 0.520904
-3.9864	 0.695629
-3.98307	 0.677285
-3.97973	 0.543799
-3.9764	 0.503051
-3.97307	 0.722994
-3.96974	 0.622653
-3.9664	 0.409242
-3.96307	 0.736931
-3.95974	 0.564184
-3.9564	 0.605018
-3.95307	 0.577219
-3.94974	 0.739133
-3.9464	 0.55946
-3.94307	 0.594064
-3.93974	 0.708198
-3.9364	 0.540712
-3.93307	 0.64431
-3.92974	 0.55997
-3.9264	 0.740727
-3.92307	 0.704324
-3.91974	 0.659979
-3.91641	 0.997727
-3.91307	 0.723343
-3.90974	 0.582129
-3.90641	 0.701325
-3.90307	 0.739295
-3.89974	 0.543703
-3.89641	 0.556886
-3.89307	 0.70511
-3.88974	 0.6614
-3.88641	 0.65994
-3.88307	 0.743407
-3.87974	 0.662273
-3.87641	 0.771529
-3.87308	 0.601103
-3.86974	 0.739308
-3.86641	 0.680831
-3.86308	 0.585941
-3.85974	 0.717234
-3.85641	 0.71923
-3.85308	 0.541316
-3.84974	 0.581991
-3.84641	 0.730123
-3.84308	 0.588639
-3.83974	 0.559775
-3.83641	 0.772592
-3.83308	 0.65161
-3.82974	 0.687087
-3.82641	 0.766772
-3.82308	 0.597659
-3.81975	 0.716559
-3.81641	 0.649649
-3.81308	 0.747869
-3.80975	 0.578357
-3.80641	 0.511459
-3.80308	 0.508512
-3.79975	 0.507722
-3.79641	 0.547751
-3.79308	 0.850592
-3.78975	 0.787382
-3.78641	 0.576882
-3.78308	 0.742408
-3.77975	 0.746884
-3.77641	 0.935787
-3.77308	 0.640335
-3.76975	 0.648574
-3.76642	 0.689255
-3.76308	 0.673729
-3.75975	 0.823119
-3.75642	 0.638592
-3.75308	 0.54526
-3.74975	 0.751299
-3.74642	 0.554493
-3.74308	 0.705224
-3.73975	 0.670262
-3.73642	 0.77661
-3.73308	 0.596233
-3.72975	 0.68334
-3.72642	 0.724615
-3.72309	 0.787908
-3.71975	 0.573548
-3.71642	 0.71853
-3.71309	 0.561077
-3.70975	 0.705655
-3.70642	 0.724459
-3.70309	 0.771959
-3.69975	 0.638043
-3.69642	 0.715356
-3.69309	 0.567136
-3.68975	 0.595576
-3.68642	 0.493013
-3.68309	 0.802876
-3.67975	 0.580987
-3.67642	 0.630942
-3.67309	 0.624547
-3.66976	 0.542626
-3.66642	 0.734183
-3.66309	 0.672194
-3.65976	 0.614145
-3.65642	 0.713102
-3.65309	 0.716682
-3.64976	 0.697536
-3.64642	 0.809609
-3.64309	 0.521144
-3.63976	 0.633982
-3.63642	 0.67351
-3.63309	 0.693557
-3.62976	 0.65626
-3.62642	 0.68417
-3.62309	 0.663693
-3.61976	 0.664378
-3.61643	 0.747673
-3.61309	 0.713694
-3.60976	 0.716471
-3.60643	 0.684601
-3.60309	 0.697192
-3.59976	 0.744428
-3.59643	 0.569436
-3.59309	 0.608246
-3.58976	 0.72401
-3.58643	 0.581299
-3.58309	 0.625224
-3.57976	 0.640572
-3.57643	 0.730103
-3.5731	 0.743156
-3.56976	 0.633837
-3.56643	 0.783564
-3.5631	 0.654746
-3.55976	 0.656103
-3.55643	 0.731311
-3.5531	 0.72993
-3.54976	 0.593516
-3.54643	 0.613143
-3.5431	 0.557897
-3.53976	 0.700328
-3.53643	 0.849127
-3.5331	 0.692423
-3.52976	 0.717801
-3.52643	 0.411299
-3.5231	 0.589611
-3.51977	 0.689774
-3.51643	 0.744331
-3.5131	 0.7036
-3.50977	 0.948695
-3.50643	 0.712381
-3.5031	 0.865758
-3.49977	 0.636157
-3.49643	 0.677155
-3.4931	 0.591691
-3.48977	 0.614066
-3.48643	 0.891593
-3.4831	 0.687448
-3.47977	 0.603959
-3.47643	 0.6613
-3.4731	 0.680965
-3.46977	 0.723471
-3.46644	 0.60179
-3.4631	 0.699694
-3.45977	 0.713765
-3.45644	 0.632343
-3.4531	 0.838987
-3.44977	 0.78098
-3.44644	 0.79654
-3.4431	 0.748716
-3.43977	 0.679107
-3.43644	 0.756154
-3.4331	 0.666527
-3.42977	 0.736906
-3.42644	 0.697075
-3.42311	 0.554749
-3.41977	 0.539649
-3.41644	 0.655683
-3.41311	 0.663542
-3.40977	 0.747489
-3.40644	 0.741927
-3.40311	 0.590434
-3.39977	 0.660672
-3.39644	 0.713132
-3.39311	 0.710412
-3.38977	 0.651182
-3.38644	 0.670355
-3.38311	 0.734998
-3.37977	 0.832057
-3.37644	 0.673903
-3.37311	 0.689117
-3.36978	 0.542824
-3.36644	 0.714051
-3.36311	 0.769412
-3.35978	 0.829976
-3.35644	 0.535217
-3.35311	 0.787475
-3.34978	 0.703379
-3.34644	 0.558963
-3.34311	 0.603776
-3.33978	 0.777289
-3.33644	 0.889166
-3.33311	 0.846423
-3.32978	 0.452832
-3.32644	 0.635725
-3.32311	 0.694225
-3.31978	 0.684737
-3.31645	 0.559501
-3.31311	 0.931097
-3.30978	 0.715951
-3.30645	 0.519044
-3.30311	 0.80271
-3.29978	 0.792087
-3.29645	 0.564397
-3.29311	 0.744765
-3.28978	 0.825233
-3.28645	 0.723427
-3.28311	 0.601846
-3.27978	 0.866331
-3.27645	 0.771009
-3.27312	 0.759268
-3.26978	 0.72532
-3.26645	 0.58126
-3.26312	 0.758424
-3.25978	 0.606131
-3.25645	 0.790532
-3.25312	 0.937337
-3.24978	 0.88953
-3.24645	 0.776861
-3.24312	 0.885275
-3.23978	 0.733504
-3.23645	 0.720444
-3.23312	 0.593299
-3.22978	 0.847412
-3.22645	 0.782721
-3.22312	 0.691422
-3.21979	 0.726216
-3.21645	 0.816207
-3.21312	 0.730073
-3.20979	 0.667706
-3.20645	 0.765209
-3.20312	 0.807345
-3.19979	 0.57256
-3.19645	 0.773166
-3.19312	 0.712731
-3.18979	 0.570432
-3.18645	 0.741889
-3.18312	 0.688519
-3.17979	 0.68736
-3.17645	 0.926854
-3.17312	 0.802415
-3.16979	 0.784859
-3.16646	 0.776526
-3.16312	 0.737185
-3.15979	 0.631266
-3.15646	 0.816055
-3.15312	 0.671947
-3.14979	 0.860658
-3.14646	 0.827372
-3.14312	 0.699636
-3.13979	 0.778674
-3.13646	 0.392187
-3.13312	 0.692429
-3.12979	 0.678033
-3.12646	 0.726146
-3.12313	 0.628867
-3.11979	 0.571891
-3.11646	 0.698818
-3.11313	 0.8623
-3.10979	 0.868217
-3.10646	 0.768707
-3.10313	 0.653255
-3.09979	 0.944317
-3.09646	 0.743135
-3.09313	 0.930039
-3.08979	 0.743119
-3.08646	 0.768479
-3.08313	 0.851063
-3.07979	 0.66671
-3.07646	 0.750881
-3.07313	 0.662267
-3.0698	 0.543066
-3.06646	 0.791073
-3.06313	 0.879325
-3.0598	 0.633723
-3.05646	 0.640924
-3.05313	 0.720609
-3.0498	 0.74723
-3.04646	 0.684091
-3.04313	 0.864381
-3.0398	 0.667284
-3.03646	 0.656366
-3.03313	 0.708203
-3.0298	 0.66542
-3.02646	 0.722828
-3.02313	 0.791462
-3.0198	 0.846816
-3.01647	 0.917249
-3.01313	 0.637883
-3.0098	 0.779703
-3.00647	 0.897157
-3.00313	 0.77624
-2.9998	 0.876466
-2.99647	 0.682902
-2.99313	 0.661244
-2.9898	 0.799297
-2.98647	 0.876391
-2.98313	 0.80364
-2.9798	 0.704221
-2.97647	 0.642237
-2.97314	 0.896076
-2.9698	 0.791515
-2.96647	 0.775723
-2.96314	 0.7025
-2.9598	 0.613727
-2.95647	 0.961606
-2.95314	 0.891494
-2.9498	 0.912895
-2.94647	 0.785492
-2.94314	 0.754286
-2.9398	 0.935774
-2.93647	 0.782652
-2.93314	 0.833624
-2.9298	 0.755322
-2.92647	 0.744486
-2.92314	 0.75924
-2.91981	 0.985611
-2.91647	 0.744713
-2.91314	 0.832508
-2.90981	 0.544405
-2.90647	 0.698198
-2.90314	 0.649512
-2.89981	 0.866984
-2.89647	 0.813902
-2.89314	 0.697296
-2.88981	 0.765776
-2.88647	 0.817942
-2.88314	 0.828604
-2.87981	 0.846806
-2.87647	 0.621413
-2.87314	 0.808363
-2.86981	 0.615875
-2.86648	 0.676848
-2.86314	 0.617532
-2.85981	 0.82818
-2.85648	 0.656423
-2.85314	 0.814311
-2.84981	 0.631874
-2.84648	 0.652614
-2.84314	 0.787655
-2.83981	 0.559935
-2.83648	 0.718372
-2.83314	 0.772506
-2.82981	 0.809793
-2.82648	 0.843167
-2.82315	 0.843567
-2.81981	 0.772554
-2.81648	 0.920382
-2.81315	 0.849121
-2.80981	 0.720155
-2.80648	 0.65867
-2.80315	 0.806512
-2.79981	 0.921518
-2.79648	 0.826583
-2.79315	 0.723612
-2.78981	 0.62211
-2.78648	 0.911495
-2.78315	 0.777974
-2.77981	 0.896485
-2.77648	 0.838579
-2.77315	 0.780543
-2.76982	 0.664822
-2.76648	 0.923201
-2.76315	 0.717165
-2.75982	 0.860069
-2.75648	 0.841221
-2.75315	 0.725312
-2.74982	 0.748884
-2.74648	 0.786458
-2.74315	 0.779417
-2.73982	 0.877464
-2.73648	 0.61438
-2.73315	 0.647278
-2.72982	 0.794293
-2.72648	 0.735967
-2.72315	 0.787743
-2.71982	 0.76196
-2.71649	 0.656363
-2.71315	 0.644902
-2.70982	 0.874389
-2.70649	 0.807711
-2.70315	 0.716815
-2.69982	 0.651169
-2.69649	 0.554081
-2.69315	 0.750344
-2.68982	 0.926789
-2.68649	 0.893302
-2.68315	 0.944047
-2.67982	 0.712121
-2.67649	 0.657494
-2.67316	 0.854066
-2.66982	 0.798536
-2.66649	 0.890816
-2.66316	 0.796758
-2.65982	 0.841002
-2.65649	 0.77824
-2.65316	 0.887624
-2.64982	 0.672436
-2.64649	 0.862041
-2.64316	 0.797085
-2.63982	 0.771085
-2.63649	 0.655163
-2.63316	 0.97088
-2.62982	 0.615047
-2.62649	 0.740555
-2.62316	 0.844326
-2.61983	 0.819718
-2.61649	 0.73629
-2.61316	 0.737478
-2.60983	 0.787283
-2.60649	 0.558096
-2.60316	 0.679252
-2.59983	 0.674101
-2.59649	 0.852127
-2.59316	 0.737608
-2.58983	 0.692721
-2.58649	 0.719146
-2.58316	 0.940938
-2.57983	 0.750675
-2.57649	 0.656104
-2.57316	 0.955794
-2.56983	 0.839501
-2.5665	 0.692905
-2.56316	 0.68516
-2.55983	 0.892175
-2.5565	 0.751452
-2.55316	 0.856448
-2.54983	 0.624688
-2.5465	 0.736924
-2.54316	 0.584377
-2.53983	 0.801611
-2.5365	 0.711831
-2.53316	 0.709804
-2.52983	 0.797764
-2.5265	 1.00931
-2.52317	 0.998229
-2.51983	 0.787964
-2.5165	 0.846274
-2.51317	 0.749892
-2.50983	 0.77744
-2.5065	 0.809793
-2.50317	 0.752817
-2.49983	 0.648161
-2.4965	 0.877511
-2.49317	 0.704695
-2.48983	 0.941508
-2.4865	 0.73003
-2.48317	 0.758847
-2.47983	 0.787656
-2.4765	 0.861459
-2.47317	 0.787093
-2.46984	 0.851262
-2.4665	 0.803305
-2.46317	 0.870241
-2.45984	 0.689879
-2.4565	 0.695817
-2.45317	 0.719435
-2.44984	 0.713978
-2.4465	 0.774182
-2.44317	 0.955286
-2.43984	 0.905961
-2.4365	 0.677788
-2.43317	 0.61913
-2.42984	 0.774693
-2.4265	 0.789648
-2.42317	 0.897702
-2.41984	 0.7948
-2.41651	 0.772947
-2.41317	 0.888043
-2.40984	 0.871205
-2.40651	 0.813496
-2.40317	 0.78763
-2.39984	 0.962008
-2.39651	 0.886243
-2.39317	 0.857693
-2.38984	 0.942291
-2.38651	 1.00007
-2.38317	 0.823181
-2.37984	 0.783856
-2.37651	 0.916992
-2.37318	 0.862866
-2.36984	 0.902089
-2.36651	 0.789718
-2.36318	 0.786974
-2.35984	 0.854531
-2.35651	 0.942539
-2.35318	 0.814659
-2.34984	 0.797081
-2.34651	 0.968521
-2.34318	 0.849685
-2.33984	 0.73896
-2.33651	 0.955677
-2.33318	 0.819942
-2.32984	 0.891035
-2.32651	 0.882041
-2.32318	 0.712585
-2.31985	 0.726216
-2.31651	 0.840024
-2.31318	 0.645568
-2.30985	 0.940416
-2.30651	 0.874874
-2.30318	 0.787169
-2.29985	 0.88316
-2.29651	 0.954674
-2.29318	 0.883774
-2.28985	 0.923176
-2.28651	 0.768008
-2.28318	 0.810173
-2.27985	 0.890443
-2.27651	 0.957558
-2.27318	 0.780647
-2.26985	 0.848463
-2.26652	 0.970665
-2.26318	 0.694352
-2.25985	 0.885482
-2.25652	 0.797766
-2.25318	 0.910913
-2.24985	 0.760442
-2.24652	 0.93237
-2.24318	 1.04832
-2.23985	 0.777877
-2.23652	 0.900352
-2.23318	 0.72187
-2.22985	 0.815464
-2.22652	 0.842192
-2.22319	 0.842271
-2.21985	 0.624132
-2.21652	 0.906749
-2.21319	 0.655061
-2.20985	 0.718179
-2.20652	 0.788919
-2.20319	 0.840693
-2.19985	 0.84366
-2.19652	 0.866006
-2.19319	 0.814431
-2.18985	 0.911773
-2.18652	 0.869911
-2.18319	 0.702994
-2.17985	 0.821601
-2.17652	 1.05569
-2.17319	 0.775371
-2.16986	 0.902465
-2.16652	 0.850852
-2.16319	 0.926414
-2.15986	 0.731336
-2.15652	 0.863156
-2.15319	 0.901693
-2.14986	 1.0447
-2.14652	 0.918717
-2.14319	 0.775839
-2.13986	 0.605874
-2.13652	 0.896101
-2.13319	 0.713827
-2.12986	 0.653824
-2.12652	 0.981754
-2.12319	 1.04434
-2.11986	 0.673331
-2.11653	 0.976247
-2.11319	 0.800182
-2.10986	 0.818664
-2.10653	 0.876513
-2.10319	 0.838891
-2.09986	 0.908729
-2.09653	 0.579408
-2.09319	 0.821783
-2.08986	 0.95685
-2.08653	 0.850075
-2.08319	 0.543558
-2.07986	 0.800835
-2.07653	 0.913261
-2.0732	 0.796317
-2.06986	 0.748248
-2.06653	 0.822651
-2.0632	 0.875393
-2.05986	 0.877897
-2.05653	 0.975263
-2.0532	 1.01953
-2.04986	 0.939136
-2.04653	 0.690751
-2.0432	 0.946041
-2.03986	 0.733375
-2.03653	 0.924345
-2.0332	 0.975448
-2.02986	 0.803756
-2.02653	 0.655353
-2.0232	 0.665303
-2.01987	 1.10544
-2.01653	 1.01239
-2.0132	 0.93745
-2.00987	 0.869463
-2.00653	 1.01934
-2.0032	 0.60793
-1.99987	 0.815635
-1.99653	 0.722122
-1.9932	 0.673132
-1.98987	 0.816088
-1.98653	 0.959238
-1.9832	 0.977849
-1.97987	 1.00356
-1.97653	 0.866387
-1.9732	 0.764365
-1.96987	 0.731519
-1.96654	 0.880116
-1.9632	 0.848306
-1.95987	 1.00359
-1.95654	 0.964477
-1.9532	 0.945395
-1.94987	 1.11329
-1.94654	 0.929612
-1.9432	 0.980739
-1.93987	 0.893233
-1.93654	 0.916627
-1.9332	 0.877254
-1.92987	 0.896334
-1.92654	 0.645782
-1.92321	 0.909628
-1.91987	 0.684509
-1.91654	 0.776815
-1.91321	 1.05448
-1.90987	 0.887473
-1.90654	 0.916129
-1.90321	 1.10964
-1.89987	 0.779922
-1.89654	 0.851538
-1.89321	 0.624277
-1.88987	 0.940183
-1.88654	 0.935201
-1.88321	 0.75382
-1.87987	 0.783305
-1.87654	 0.640045
-1.87321	 0.933011
-1.86988	 0.705753
-1.86654	 1.03009
-1.86321	 0.780101
-1.85988	 1.00192
-1.85654	 0.92082
-1.85321	 0.649557
-1.84988	 0.912023
-1.84654	 0.890087
-1.84321	 0.730372
-1.83988	 0.670125
-1.83654	 1.06847
-1.83321	 1.03692
-1.82988	 0.859241
-1.82654	 1.06661
-1.82321	 0.712575
-1.81988	 0.944678
-1.81655	 0.94626
-1.81321	 0.643658
-1.80988	 0.700988
-1.80655	 0.938366
-1.80321	 0.902932
-1.79988	 0.782989
-1.79655	 0.796779
-1.79321	 0.819385
-1.78988	 0.947883
-1.78655	 0.681325
-1.78321	 0.73812
-1.77988	 0.805864
-1.77655	 1.00759
-1.77322	 1.01191
-1.76988	 0.753894
-1.76655	 0.853167
-1.76322	 0.887732
-1.75988	 0.876192
-1.75655	 0.753108
-1.75322	 1.06082
-1.74988	 0.791029
-1.74655	 0.907319
-1.74322	 0.810538
-1.73988	 0.921531
-1.73655	 0.733104
-1.73322	 0.882255
-1.72988	 0.83535
-1.72655	 0.904805
-1.72322	 1.01369
-1.71989	 0.712121
-1.71655	 0.847334
-1.71322	 0.753867
-1.70989	 0.94452
-1.70655	 1.10767
-1.70322	 0.862799
-1.69989	 0.996891
-1.69655	 0.634083
-1.69322	 0.748083
-1.68989	 1.05933
-1.68655	 0.884548
-1.68322	 0.795545
-1.67989	 0.949082
-1.67655	 0.803279
-1.67322	 0.755765
-1.66989	 0.987318
-1.66656	 0.785859
-1.66322	 0.838382
-1.65989	 0.826684
-1.65656	 1.05373
-1.65322	 0.798878
-1.64989	 1.11202
-1.64656	 0.520079
-1.64322	 1.17853
-1.63989	 0.935193
-1.63656	 0.995193
-1.63322	 0.872308
-1.62989	 1.0585
-1.62656	 0.986404
-1.62323	 0.689398
-1.61989	 0.915783
-1.61656	 0.730585
-1.61323	 0.91776
-1.60989	 0.777992
-1.60656	 0.944078
-1.60323	 0.675204
-1.59989	 0.695582
-1.59656	 0.911478
-1.59323	 0.931024
-1.58989	 0.978027
-1.58656	 0.918331
-1.58323	 0.845166
-1.57989	 0.970614
-1.57656	 1.29762
-1.57323	 0.724786
-1.5699	 0.867378
-1.56656	 0.902672
-1.56323	 0.79988
-1.5599	 0.953295
-1.55656	 1.09629
-1.55323	 0.88354
-1.5499	 0.770807
-1.54656	 0.805683
-1.54323	 0.830964
-1.5399	 0.722676
-1.53656	 0.97768
-1.53323	 0.861098
-1.5299	 0.601086
-1.52656	 0.984784
-1.52323	 0.982992
-1.5199	 1.0626
-1.51657	 0.944597
-1.51323	 0.907117
-1.5099	 0.836529
-1.50657	 0.98869
-1.50323	 0.802827
-1.4999	 0.883196
-1.49657	 1.01048
-1.49323	 1.0239
-1.4899	 0.804565
-1.48657	 0.963119
-1.48323	 0.879693
-1.4799	 0.986734
-1.47657	 0.952787
-1.47324	 0.733766
-1.4699	 0.77864
-1.46657	 1.02714
-1.46324	 0.810777
-1.4599	 1.03983
-1.45657	 0.788427
-1.45324	 0.869939
-1.4499	 0.733614
-1.44657	 1.05052
-1.44324	 0.788181
-1.4399	 0.894144
-1.43657	 1.02054
-1.43324	 0.984031
-1.4299	 0.760665
-1.42657	 0.778645
-1.42324	 0.969132
-1.41991	 0.976092
-1.41657	 1.06446
-1.41324	 0.818273
-1.40991	 0.961661
-1.40657	 0.872101
-1.40324	 0.83831
-1.39991	 0.770041
-1.39657	 0.908197
-1.39324	 0.955712
-1.38991	 1.13302
-1.38657	 0.776895
-1.38324	 0.750914
-1.37991	 0.854333
-1.37657	 1.04825
-1.37324	 0.826273
-1.36991	 1.0693
-1.36658	 1.11082
-1.36324	 0.963788
-1.35991	 0.915805
-1.35658	 0.790275
-1.35324	 0.796685
-1.34991	 0.84891
-1.34658	 0.5882
-1.34324	 0.904635
-1.33991	 0.96475
-1.33658	 0.966081
-1.33324	 0.866128
-1.32991	 0.8765
-1.32658	 0.887648
-1.32325	 0.991517
-1.31991	 0.859019
-1.31658	 1.02696
-1.31325	 0.812707
-1.30991	 0.795712
-1.30658	 0.886565
-1.30325	 1.05252
-1.29991	 1.12618
-1.29658	 0.909266
-1.29325	 1.02888
-1.28991	 0.861881
-1.28658	 1.11129
-1.28325	 1.07477
-1.27991	 0.974399
-1.27658	 0.83454
-1.27325	 0.891477
-1.26992	 1.18313
-1.26658	 0.898195
-1.26325	 0.902958
-1.25992	 0.884744
-1.25658	 0.953072
-1.25325	 0.825128
-1.24992	 0.752749
-1.24658	 0.740232
-1.24325	 0.878507
-1.23992	 0.805748
-1.23658	 1.09915
-1.23325	 0.77766
-1.22992	 0.78947
-1.22658	 0.950844
-1.22325	 1.12997
-1.21992	 1.05894
-1.21659	 1.08529
-1.21325	 1.09948
-1.20992	 0.971758
-1.20659	 0.914905
-1.20325	 0.880214
-1.19992	 0.919402
-1.19659	 0.991548
-1.19325	 1.00105
-1.18992	 0.895633
-1.18659	 0.72773
-1.18325	 0.874244
-1.17992	 0.906171
-1.17659	 0.932876
-1.17326	 0.919555
-1.16992	 0.748739
-1.16659	 1.16892
-1.16326	 1.02262
-1.15992	 0.986892
-1.15659	 0.810011
-1.15326	 0.768236
-1.14992	 0.783909
-1.14659	 0.866803
-1.14326	 1.22922
-1.13992	 0.850713
-1.13659	 0.993574
-1.13326	 0.791178
-1.12992	 0.945263
-1.12659	 0.75203
-1.12326	 0.780608
-1.11993	 0.730847
-1.11659	 0.932409
-1.11326	 0.892774
-1.10993	 1.10254
-1.10659	 0.844167
-1.10326	 0.835633
-1.09993	 1.02941
-1.09659	 0.906901
-1.09326	 0.807879
-1.08993	 0.921752
-1.08659	 1.00896
-1.08326	 0.943389
-1.07993	 0.880453
-1.07659	 0.682631
-1.07326	 0.731304
-1.06993	 0.97172
-1.0666	 0.985457
-1.06326	 0.977897
-1.05993	 1.02816
-1.0566	 0.945153
-1.05326	 1.03282
-1.04993	 0.988525
-1.0466	 1.08794
-1.04326	 1.20985
-1.03993	 0.741534
-1.0366	 1.04372
-1.03326	 1.27756
-1.02993	 1.09589
-1.0266	 0.89559
-1.02327	 0.841891
-1.01993	 0.892712
-1.0166	 0.905076
-1.01327	 1.00856
-1.00993	 0.737694
-1.0066	 1.08382
-1.00327	 1.03678
-0.999933	 0.873982
-0.9966	 1.01591
-0.993267	 0.94977
-0.989934	 0.90683
-0.986601	 0.915719
-0.983268	 0.794249
-0.979935	 0.930361
-0.976602	 0.892921
-0.973268	 1.0414
-0.969935	 1.07499
-0.966602	 1.0187
-0.963269	 1.08101
-0.959936	 0.698451
-0.956603	 0.815595
-0.95327	 0.993137
-0.949937	 0.928979
-0.946604	 1.02342
-0.94327	 1.06437
-0.939937	 0.997957
-0.936604	 1.18656
-0.933271	 0.883869
-0.929938	 1.20703
-0.926605	 1.01425
-0.923272	 0.900155
-0.919939	 0.844016
-0.916606	 0.820752
-0.913272	 0.840795
-0.909939	 0.689294
-0.906606	 1.30293
-0.903273	 0.898224
-0.89994	 0.933291
-0.896607	 0.81597
-0.893274	 0.794744
-0.889941	 0.869424
-0.886608	 0.95996
-0.883274	 0.793696
-0.879941	 0.826213
-0.876608	 0.948284
-0.873275	 0.932962
-0.869942	 0.932783
-0.866609	 0.852094
-0.863276	 0.733704
-0.859943	 0.859348
-0.85661	 1.31757
-0.853276	 0.928877
-0.849943	 0.946927
-0.84661	 1.1598
-0.843277	 0.834946
-0.839944	 0.986033
-0.836611	 0.8534
-0.833278	 0.764881
-0.829945	 1.45951
-0.826612	 0.647046
-0.823278	 0.829391
-0.819945	 0.958121
-0.816612	 1.1635
-0.813279	 1.01691
-0.809946	 1.03137
-0.806613	 1.08366
-0.80328	 0.979092
-0.799947	 1.106
-0.796614	 0.992297
-0.79328	 0.921172
-0.789947	 0.815291
-0.786614	 0.981014
-0.783281	 1.1265
-0.779948	 1.0549
-0.776615	 0.918536
-0.773282	 0.943499
-0.769949	 0.712141
-0.766616	 0.983448
-0.763282	 1.13422
-0.759949	 0.771377
-0.756616	 1.03454
-0.753283	 0.927538
-0.74995	 0.874666
-0.746617	 0.951746
-0.743284	 0.898317
-0.739951	 0.809666
-0.736618	 0.816858
-0.733284	 1.0918
-0.729951	 1.15574
-0.726618	 1.20883
-0.723285	 0.962038
-0.719952	 0.85618
-0.716619	 1.2422
-0.713286	 0.847053
-0.709953	 1.03935
-0.70662	 1.10871
-0.703286	 0.836797
-0.699953	 0.94788
-0.69662	 0.739114
-0.693287	 0.924316
-0.689954	 0.949439
-0.686621	 1.00067
-0.683288	 1.13329
-0.679955	 0.980966
-0.676622	 0.98642
-0.673288	 0.941167
-0.669955	 0.693039
-0.666622	 0.900404
-0.663289	 0.723769
-0.659956	 0.985362
-0.656623	 0.726851
-0.65329	 0.948797
-0.649957	 0.600907
-0.646624	 1.04452
-0.64329	 0.810012
-0.639957	 0.828899
-0.636624	 1.17345
-0.633291	 1.00181
-0.629958	 0.657188
-0.626625	 0.896615
-0.623292	 1.13845
-0.619959	 0.949604
-0.616626	 0.920974
-0.613292	 1.01705
-0.609959	 1.07462
-0.606626	 1.06283
-0.603293	 0.874882
-0.59996	 1.20926
-0.596627	 0.867592
-0.593294	 0.834839
-0.589961	 0.91212
-0.586628	 0.873462
-0.583294	 0.837415
-0.579961	 1.0279
-0.576628	 1.23226
-0.573295	 0.969881
-0.569962	 0.795478
-0.566629	 1.18934
-0.563296	 0.965938
-0.559963	 0.947262
-0.55663	 1.03634
-0.553296	 1.01096
-0.549963	 1.08397
-0.54663	 0.860817
-0.543297	 1.10164
-0.539964	 0.822206
-0.536631	 1.03916
-0.533298	 0.889968
-0.529965	 1.0022
-0.526632	 1.03836
-0.523298	 0.714652
-0.519965	 0.946842
-0.516632	 0.954335
-0.513299	 0.910726
-0.509966	 0.911966
-0.506633	 1.01356
-0.5033	 1.13515
-0.499967	 0.585312
-0.496634	 1.09748
-0.4933	 0.886889
-0.489967	 0.815508
-0.486634	 0.824384
-0.483301	 0.98055
-0.479968	 0.901861
-0.476635	 0.669944
-0.473302	 1.01514
-0.469969	 0.949208
-0.466636	 0.779261
-0.463302	 1.00949
-0.459969	 1.13214
-0.456636	 1.03652
-0.453303	 0.992718
-0.44997	 1.01614
-0.446637	 0.928007
-0.443304	 0.665747
-0.439971	 1.01993
-0.436638	 0.978499
-0.433304	 0.781916
-0.429971	 0.851831
-0.426638	 0.888941
-0.423305	 0.904566
-0.419972	 1.06666
-0.416639	 0.916344
-0.413306	 1.14522
-0.409973	 0.702912
-0.40664	 0.8689
-0.403306	 0.924602
-0.399973	 0.980129
-0.39664	 0.836411
-0.393307	 0.832968
-0.389974	 1.16761
-0.386641	 0.810784
-0.383308	 1.05186
-0.379975	 0.956431
-0.376642	 0.946261
-0.373308	 0.666431
-0.369975	 0.85954
-0.366642	 0.687212
-0.363309	 0.834792
-0.359976	 0.942641
-0.356643	 0.902833
-0.35331	 1.012
-0.349977	 0.833419
-0.346644	 0.823461
-0.34331	 1.11549
-0.339977	 1.04005
-0.336644	 0.815074
-0.333311	 0.936486
-0.329978	 0.935785
-0.326645	 0.997282
-0.323312	 0.792538
-0.319979	 0.864122
-0.316646	 1.13459
-0.313312	 0.963804
-0.309979	 0.826092
-0.306646	 1.19009
-0.303313	 0.932312
-0.29998	 0.914859
-0.296647	 0.862985
-0.293314	 0.853299
-0.289981	 0.946033
-0.286648	 1.00278
-0.283314	 0.847043
-0.279981	 0.899531
-0.276648	 0.822044
-0.273315	 1.14328
-0.269982	 1.01764
-0.266649	 0.9976
-0.263316	 0.791326
-0.259983	 0.92608
-0.25665	 1.12647
-0.253316	 0.910952
-0.249983	 1.07563
-0.24665	 1.02666
-0.243317	 1.04899
-0.239984	 1.05816
-0.236651	 1.13709
-0.233318	 0.94704
-0.229985	 0.914192
-0.226652	 0.859632
-0.223318	 0.923369
-0.219985	 0.621424
-0.216652	 0.967897
-0.213319	 0.898004
-0.209986	 1.26694
-0.206653	 0.954708
-0.20332	 0.733047
-0.199987	 0.990903
-0.196654	 1.01613
-0.19332	 1.17688
-0.189987	 1.24009
-0.186654	 1.03983
-0.183321	 0.718534
-0.179988	 0.77962
-0.176655	 1.03246
-0.173322	 1.15112
-0.169989	 0.901633
-0.166656	 1.04636
-0.163322	 1.02541
-0.159989	 1.00108
-0.156656	 1.14185
-0.153323	 0.99162
-0.14999	 0.857139
-0.146657	 0.961978
-0.143324	 0.839188
-0.139991	 0.89095
-0.136658	 0.947428
-0.133324	 1.03021
-0.129991	 0.986932
-0.126658	 0.910973
-0.123325	 0.729353
-0.119992	 0.957301
-0.116659	 1.06289
-0.113326	 0.85496
-0.109993	 1.23995
-0.10666	 1.07733
-0.103326	 0.849297
-0.0999933	 0.810871
-0.0966602	 0.913424
-0.0933271	 0.83207
-0.089994	 0.988403
-0.0866609	 1.11668
-0.0833278	 1.05686
-0.0799947	 1.34926
-0.0766616	 1.22242
-0.0733284	 1.01945
-0.0699953	 0.985978
-0.0666622	 1.14258
-0.0633291	 0.992595
-0.059996	 0.819969
-0.0566629	 1.05001
-0.0533298	 0.806375
-0.0499967	 1.1792
-0.0466636	 1.29664
-0.0433304	 0.789074
-0.0399973	 1.11643
-0.0366642	 0.886756
-0.0333311	 0.928461
-0.029998	 1.04443
-0.0266649	 0.935427
-0.0233318	 1.08167
-0.0199987	 0.916045
-0.0166656	 0.885336
-0.0133324	 0.989507
-0.00999933	 1.06422
-0.00666622	 1.07868
-0.00333311	 0.00935247
0	 1
0.00333311	 0.783968
0.00666622	 1.28234
0.00999933	 0.951196
0.0133324	 1.0736
0.0166656	 0.733531
0.0199987	 0.823771
0.0233318	 0.908906
0.0266649	 1.47568
0.029998	 1.05304
0.0333311	 0.895372
0.0366642	 1.12257
0.0399973	 1.29658
0.0433304	 1.03391
0.0466636	 0.879324
0.0499967	 1.54757
0.0533298	 0.928884
0.0566629	 0.834308
0.059996	 0.922137
0.0633291	 0.977628
0.0666622	 1.13209
0.0699953	 1.24137
0.0733284	 0.954631
0.0766616	 0.863763
0.0799947	 0.923685
0.0833278	 1.24942
0.0866609	 1.0753
0.089994	 0.824523
0.0933271	 0.999255
0.0966602	 0.961903
0.0999933	 0.897804
0.103326	 0.951672
0.10666	 0.903235
0.109993	 0.896589
0.113326	 0.715618
0.116659	 0.973368
0.119992	 0.961002
0.123325	 1.10792
0.126658	 0.81356
0.129991	 0.748571
0.133324	 0.88101
0.136658	 0.986364
0.139991	 0.800331
0.143324	 1.14081
0.146657	 0.975065
0.14999	 1.06624
0.153323	 0.782172
0.156656	 1.05485
0.159989	 0.983456
0.163322	 0.790448
0.166656	 0.757533
0.169989	 1.00162
0.173322	 1.05949
0.176655	 1.22657
0.179988	 0.914139
0.183321	 0.954384
0.186654	 0.884285
0.189987	 0.735424
0.19332	 0.776895
0.196654	 1.20287
0.199987	 0.807251
0.20332	 0.80758
0.206653	 1.05396
0.209986	 1.01957
0.213319	 1.04833
0.216652	 0.689858
0.219985	 1.25971
0.223318	 1.02827
0.226652	 0.817184
0.229985	 0.909944
0.233318	 0.940447
0.236651	 1.11057
0.239984	 1.27469
0.243317	 1.01277
0.24665	 0.92352
0.249983	 0.839338
0.253316	 1.00308
0.25665	 0.859555
0.259983	 1.11047
0.263316	 0.973361
0.266649	 0.8369
0.269982	 0.953365
0.273315	 0.950367
0.276648	 0.843658
0.279981	 0.900975
0.283314	 1.03693
0.286648	 0.966803
0.289981	 1.03145
0.293314	 0.912453
0.296647	 0.783924
0.29998	 0.860476
0.303313	 0.860699
0.306646	 0.955629
0.309979	 1.04469
0.313312	 0.781313
0.316646	 1.23027
0.319979	 0.894062
0.323312	 0.882497
0.326645	 0.851228
0.329978	 1.04943
0.333311	 1.11137
0.336644	 0.978101
0.339977	 0.829155
0.34331	 1.03507
0.346644	 1.00275
0.349977	 0.821734
0.35331	 0.858585
0.356643	 0.900305
0.359976	 0.897604
0.363309	 0.960373
0.366642	 1.00777
0.369975	 0.817085
0.373308	 0.842733
0.376642	 1.14303
0.379975	 1.07334
0.383308	 0.964923
0.386641	 1.0591
0.389974	 0.911298
0.393307	 1.15031
0.39664	 0.781243
0.399973	 0.898259
0.403306	 0.928358
0.40664	 0.952264
0.409973	 1.27131
0.413306	 0.881255
0.416639	 0.832472
0.419972	 1.22292
0.423305	 0.937115
0.426638	 1.06206
0.429971	 1.03017
0.433304	 0.812212
0.436638	 1.09367
0.439971	 0.908228
0.443304	 0.836143
0.446637	 0.810721
0.44997	 0.771166
0.453303	 0.87584
0.456636	 1.0071
0.459969	 1.01399
0.463302	 0.599828
0.466636	 1.00455
0.469969	 0.8125
0.473302	 1.05215
0.476635	 0.915977
0.479968	 0.844611
0.483301	 1.11693
0.486634	 0.975225
0.489967	 0.847439
0.4933	 0.973131
0.496634	 0.984412
0.499967	 0.991912
0.5033	 1.00106
0.506633	 0.977452
0.509966	 0.919657
0.513299	 0.850056
0.516632	 0.927104
0.519965	 1.0788
0.523298	 0.856172
0.526632	 0.843645
0.529965	 0.930293
0.533298	 0.881137
0.536631	 0.995603
0.539964	 0.918523
0.543297	 1.03799
0.54663	 0.795681
0.549963	 0.760759
0.553296	 1.0405
0.55663	 0.824401
0.559963	 0.706698
0.563296	 1.13571
0.566629	 1.14555
0.569962	 1.09895
0.573295	 0.888278
0.576628	 0.78091
0.579961	 0.666088
0.583294	 0.981514
0.586628	 1.11829
0.589961	 1.217
0.593294	 0.812725
0.596627	 1.13943
0.59996	 0.976926
0.603293	 0.975339
0.606626	 0.895935
0.609959	 0.935814
0.613292	 1.04636
0.616626	 0.718313
0.619959	 0.753386
0.623292	 0.949808
0.626625	 1.05342
0.629958	 1.12956
0.633291	 0.986542
0.636624	 1.27826
0.639957	 1.08225
0.64329	 1.0106
0.646624	 0.721316
0.649957	 0.749703
0.65329	 1.02784
0.656623	 0.992044
0.659956	 0.837622
0.663289	 0.937251
0.666622	 0.855712
0.669955	 1.20528
0.673288	 0.974973
0.676622	 0.770403
0.679955	 0.869497
0.683288	 1.00823
0.686621	 1.03009
0.689954	 0.919528
0.693287	 1.01703
0.69662	 0.752696
0.699953	 0.827681
0.703286	 0.909665
0.70662	 1.15561
0.709953	 1.22011
0.713286	 0.702151
0.716619	 0.996624
0.719952	 1.41069
0.723285	 0.821592
0.726618	 0.865114
0.729951	 0.945789
0.733284	 1.04138
0.736618	 1.18074
0.739951	 0.898055
0.743284	 0.9072
0.746617	 0.784288
0.74995	 1.14644
0.753283	 0.602732
0.756616	 1.22288
0.759949	 0.829595
0.763282	 0.879916
0.766616	 0.908872
0.769949	 1.15716
0.773282	 1.01297
0.776615	 1.00669
0.779948	 1.02852
0.783281	 1.07371
0.786614	 0.804367
0.789947	 0.881118
0.79328	 0.980578
0.796614	 0.97003
0.799947	 0.993373
0.80328	 0.78893
0.806613	 0.889866
0.809946	 1.01829
0.813279	 0.965996
0.816612	 0.985612
0.819945	 0.97871
0.823278	 1.16034
0.826612	 1.1563
0.829945	 1.01627
0.833278	 0.686671
0.836611	 0.821195
0.839944	 0.626146
0.843277	 0.807305
0.84661	 1.15359
0.849943	 0.981312
0.853276	 0.944767
0.85661	 0.970199
0.859943	 0.748588
0.863276	 0.992532
0.866609	 0.864159
0.869942	 0.852961
0.873275	 0.687
0.876608	 1.029
0.879941	 0.78082
0.883274	 0.787727
0.886608	 0.827012
0.889941	 0.834402
0.893274	 0.774794
0.896607	 0.938433
0.89994	 0.899719
0.903273	 1.1302
0.906606	 1.17504
0.909939	 1.24055
0.913272	 0.860226
0.916606	 1.16619
0.919939	 0.82398
0.923272	 0.694164
0.926605	 0.836569
0.929938	 0.901458
0.933271	 1.20824
0.936604	 0.912235
0.939937	 1.05983
0.94327	 0.866845
0.946604	 0.966569
0.949937	 1.04971
0.95327	 0.807289
0.956603	 1.20301
0.959936	 1.01846
0.963269	 0.983759
0.966602	 1.08612
0.969935	 1.15488
0.973268	 1.14687
0.976602	 1.07707
0.979935	 1.09692
0.983268	 0.673354
0.986601	 0.946576
0.989934	 0.847173
0.993267	 0.888553
0.9966	 0.944873
0.999933	 0.854195
1.00327	 0.813483
1.0066	 1.09176
1.00993	 1.20677
1.01327	 1.02752
1.0166	 0.770734
1.01993	 1.0242
1.02327	 0.900036
1.0266	 1.09858
1.02993	 0.811584
1.03326	 0.919748
1.0366	 0.731612
1.03993	 0.980628
1.04326	 0.977938
1.0466	 0.919568
1.04993	 0.823763
1.05326	 0.778844
1.0566	 1.08236
1.05993	 0.960431
1.06326	 1.01034
1.0666	 1.13934
1.06993	 1.07401
1.07326	 0.981566
1.07659	 0.970366
1.07993	 0.929913
1.08326	 0.805031
1.08659	 1.1048
1.08993	 0.728973
1.09326	 0.872907
1.09659	 0.938628
1.09993	 1.01598
1.10326	 0.609031
1.10659	 0.859365
1.10993	 0.997617
1.11326	 0.796635
1.11659	 1.02685
1.11993	 0.946216
1.12326	 0.820944
1.12659	 0.810089
1.12992	 0.888138
1.13326	 1.18079
1.13659	 0.933496
1.13992	 1.08889
1.14326	 0.769738
1.14659	 0.880778
1.14992	 0.982357
1.15326	 0.986139
1.15659	 0.943635
1.15992	 1.05155
1.16326	 0.926303
1.16659	 1.0392
1.16992	 1.00264
1.17326	 0.981256
1.17659	 1.01247
1.17992	 0.786596
1.18325	 0.777076
1.18659	 0.827553
1.18992	 1.00987
1.19325	 0.847185
1.19659	 1.02613
1.19992	 0.979099
1.20325	 1.09877
1.20659	 0.673785
1.20992	 0.956388
1.21325	 0.781397
1.21659	 0.614633
1.21992	 0.882396
1.22325	 0.923869
1.22658	 0.995746
1.22992	 1.13779
1.23325	 0.884798
1.23658	 1.16511
1.23992	 0.895559
1.24325	 1.13235
1.24658	 1.05602
1.24992	 0.934466
1.25325	 0.741318
1.25658	 0.982087
1.25992	 0.763117
1.26325	 0.827918
1.26658	 1.12828
1.26992	 0.908761
1.27325	 0.909616
1.27658	 0.917241
1.27991	 0.965333
1.28325	 0.915587
1.28658	 0.903991
1.28991	 0.823839
1.29325	 0.95908
1.29658	 0.742674
1.29991	 1.14445
1.30325	 0.742629
1.30658	 0.909655
1.30991	 0.798092
1.31325	 0.884741
1.31658	 0.789209
1.31991	 1.02679
1.32325	 0.995272
1.32658	 0.957897
1.32991	 0.944002
1.33324	 0.927394
1.33658	 0.961024
1.33991	 0.865611
1.34324	 0.836898
1.34658	 0.598618
1.34991	 1.07007
1.35324	 0.955483
1.35658	 0.750195
1.35991	 0.65375
1.36324	 1.15342
1.36658	 0.961792
1.36991	 1.05311
1.37324	 0.932348
1.37657	 1.13183
1.37991	 0.670397
1.38324	 0.693742
1.38657	 0.842459
1.38991	 0.917217
1.39324	 0.656242
1.39657	 1.01708
1.39991	 1.01254
1.40324	 1.11711
1.40657	 1.06376
1.40991	 1.01083
1.41324	 0.8296
1.41657	 0.94187
1.41991	 0.921514
1.42324	 0.812565
1.42657	 0.93068
1.4299	 0.771288
1.43324	 0.843702
1.43657	 1.06365
1.4399	 0.816982
1.44324	 0.875177
1.44657	 1.17516
1.4499	 0.773522
1.45324	 0.768546
1.45657	 0.883944
1.4599	 0.829515
1.46324	 0.829518
1.46657	 0.95574
1.4699	 0.840404
1.47324	 0.912093
1.47657	 0.913032
1.4799	 0.736069
1.48323	 0.68053
1.48657	 0.963104
1.4899	 1.24097
1.49323	 0.893162
1.49657	 0.773235
1.4999	 0.638856
1.50323	 1.13993
1.50657	 0.863021
1.5099	 0.674208
1.51323	 0.901676
1.51657	 0.952697
1.5199	 1.00638
1.52323	 0.875946
1.52656	 0.875438
1.5299	 1.14746
1.53323	 0.770418
1.53656	 0.797879
1.5399	 0.768257
1.54323	 0.735072
1.54656	 0.886762
1.5499	 0.69362
1.55323	 0.842299
1.55656	 0.822033
1.5599	 1.14062
1.56323	 0.793264
1.56656	 0.758009
1.5699	 0.984773
1.57323	 0.866806
1.57656	 1.08245
1.57989	 1.05501
1.58323	 0.892308
1.58656	 0.803334
1.58989	 0.824187
1.59323	 0.893764
1.59656	 0.994773
1.59989	 1.03809
1.60323	 0.705477
1.60656	 1.03198
1.60989	 1.04252
1.61323	 0.854363
1.61656	 0.875582
1.61989	 1.04969
1.62323	 0.673893
1.62656	 0.701828
1.62989	 0.795401
1.63322	 0.906488
1.63656	 1.04412
1.63989	 0.611369
1.64322	 0.986367
1.64656	 0.941347
1.64989	 1.06722
1.65322	 0.524796
1.65656	 0.897318
1.65989	 0.662722
1.66322	 0.882282
1.66656	 0.763713
1.66989	 1.04395
1.67322	 0.765506
1.67655	 0.962785
1.67989	 0.888921
1.68322	 0.972675
1.68655	 0.858701
1.68989	 0.85847
1.69322	 0.937273
1.69655	 0.880426
1.69989	 0.642842
1.70322	 1.18273
1.70655	 0.932006
1.70989	 0.905964
1.71322	 0.835461
1.71655	 0.951546
1.71989	 0.796766
1.72322	 0.762715
1.72655	 0.799209
1.72988	 1.01696
1.73322	 0.992776
1.73655	 0.930008
1.73988	 1.15801
1.74322	 1.07315
1.74655	 0.932119
1.74988	 0.817602
1.75322	 0.750518
1.75655	 1.1513
1.75988	 0.860287
1.76322	 0.751178
1.76655	 0.850762
1.76988	 0.878786
1.77322	 0.787781
1.77655	 0.755368
1.77988	 0.835377
1.78321	 0.818858
1.78655	 0.709373
1.78988	 1.01179
1.79321	 0.791975
1.79655	 0.868482
1.79988	 0.99189
1.80321	 0.681442
1.80655	 0.909801
1.80988	 0.791618
1.81321	 0.995543
1.81655	 0.740965
1.81988	 0.625034
1.82321	 0.852175
1.82654	 0.75745
1.82988	 0.614612
1.83321	 0.915341
1.83654	 0.780456
1.83988	 0.780183
1.84321	 1.0279
1.84654	 0.846765
1.84988	 0.68676
1.85321	 0.724275
1.85654	 0.694748
1.85988	 0.76942
1.86321	 0.868506
1.86654	 0.991482
1.86988	 0.888275
1.87321	 0.759397
1.87654	 0.822665
1.87987	 0.607096
1.88321	 0.850784
1.88654	 0.765472
1.88987	 0.951239
1.89321	 0.922952
1.89654	 0.972427
1.89987	 0.961248
1.90321	 0.822516
1.90654	 0.890524
1.90987	 0.663316
1.91321	 0.881668
1.91654	 0.775683
1.91987	 0.789681
1.92321	 0.937683
1.92654	 0.879844
1.92987	 0.855696
1.9332	 0.796069
1.93654	 0.742694
1.93987	 0.805155
1.9432	 0.836702
1.94654	 0.829499
1.94987	 0.907642
1.9532	 1.09307
1.95654	 0.845729
1.95987	 0.789456
1.9632	 0.780345
1.96654	 0.840271
1.96987	 1.12904
1.9732	 0.761875
1.97653	 0.588898
1.97987	 0.690901
1.9832	 0.855454
1.98653	 0.749773
1.98987	 0.933714
1.9932	 1.02552
1.99653	 0.909428
1.99987	 0.716099
2.0032	 1.2213
2.00653	 0.965769
2.00987	 0.823544
2.0132	 0.960473
2.01653	 0.81986
2.01987	 0.753047
2.0232	 0.762889
2.02653	 0.953559
2.02986	 0.934118
2.0332	 0.794093
2.03653	 1.04377
2.03986	 0.823918
2.0432	 0.830282
2.04653	 1.05314
2.04986	 0.835298
2.0532	 0.796196
2.05653	 0.862018
2.05986	 0.922199
2.0632	 0.979556
2.06653	 0.942161
2.06986	 0.810209
2.0732	 0.835939
2.07653	 0.876448
2.07986	 1.14324
2.08319	 0.675639
2.08653	 0.785972
2.08986	 0.86997
2.09319	 0.856571
2.09653	 1.10418
2.09986	 0.895997
2.10319	 0.603591
2.10653	 0.887734
2.10986	 0.987676
2.11319	 0.689295
2.11653	 0.842692
2.11986	 0.870283
2.12319	 0.628376
2.12652	 0.795365
2.12986	 0.989145
2.13319	 0.974684
2.13652	 1.00471
2.13986	 0.911783
2.14319	 0.720993
2.14652	 0.805846
2.14986	 0.724543
2.15319	 0.924697
2.15652	 0.893847
2.15986	 0.736331
2.16319	 0.821344
2.16652	 1.02416
2.16986	 0.632064
2.17319	 0.922358
2.17652	 0.962389
2.17985	 0.987423
2.18319	 0.864107
2.18652	 0.816659
2.18985	 0.99081
2.19319	 0.702915
2.19652	 0.76536
2.19985	 0.816207
2.20319	 0.803296
2.20652	 0.877444
2.20985	 0.785588
2.21319	 0.828447
2.21652	 0.772704
2.21985	 0.877174
2.22319	 0.899912
2.22652	 0.755864
2.22985	 0.870894
2.23318	 0.822316
2.23652	 0.947026
2.23985	 0.674445
2.24318	 0.829106
2.24652	 1.05408
2.24985	 0.892924
2.25318	 0.969522
2.25652	 0.683911
2.25985	 1.00827
2.26318	 0.853982
2.26652	 0.713534
2.26985	 0.828726
2.27318	 0.853218
2.27651	 0.954747
2.27985	 0.727416
2.28318	 0.684701
2.28651	 0.718795
2.28985	 0.833219
2.29318	 0.587646
2.29651	 0.682219
2.29985	 0.864611
2.30318	 0.796568
2.30651	 0.865033
2.30985	 0.42156
2.31318	 0.742069
2.31651	 0.776875
2.31985	 0.767681
2.32318	 0.871619
2.32651	 0.903448
2.32984	 0.870614
2.33318	 0.761823
2.33651	 1.02578
2.33984	 0.770418
2.34318	 0.965967
2.34651	 0.772131
2.34984	 0.80059
2.35318	 0.755052
2.35651	 0.689652
2.35984	 0.719496
2.36318	 0.742627
2.36651	 0.799246
2.36984	 0.909217
2.37318	 0.869918
2.37651	 0.746005
2.37984	 0.781196
2.38317	 0.832929
2.38651	 0.657836
2.38984	 0.947398
2.39317	 0.753802
2.39651	 0.939439
2.39984	 0.655514
2.40317	 0.846499
2.40651	 0.866924
2.40984	 1.03057
2.41317	 0.789311
2.41651	 0.96474
2.41984	 0.845736
2.42317	 0.93042
2.4265	 0.751185
2.42984	 0.951181
2.43317	 0.831391
2.4365	 1.04817
2.43984	 1.03033
2.44317	 1.02144
2.4465	 1.10778
2.44984	 1.02644
2.45317	 0.622765
2.4565	 0.701588
2.45984	 0.842448
2.46317	 0.637186
2.4665	 0.681658
2.46984	 0.908091
2.47317	 0.665283
2.4765	 0.567361
2.47983	 0.794735
2.48317	 0.694391
2.4865	 0.592591
2.48983	 0.673297
2.49317	 1.06265
2.4965	 0.898193
2.49983	 0.779202
2.50317	 0.821961
2.5065	 0.80605
2.50983	 0.731731
2.51317	 0.711803
2.5165	 0.783905
2.51983	 0.695067
2.52317	 0.797005
2.5265	 0.852737
2.52983	 0.859824
2.53316	 0.844399
2.5365	 0.752394
2.53983	 0.723643
2.54316	 0.872746
2.5465	 0.77316
2.54983	 0.908106
2.55316	 0.719444
2.5565	 0.913495
2.55983	 0.81031
2.56316	 0.759761
2.5665	 1.08898
2.56983	 0.862889
2.57316	 0.845883
2.57649	 1.03871
2.57983	 0.813414
2.58316	 0.892853
2.58649	 0.860863
2.58983	 0.828717
2.59316	 0.871788
2.59649	 0.851634
2.59983	 0.821505
2.60316	 0.795439
2.60649	 0.874397
2.60983	 0.945799
2.61316	 0.89235
2.61649	 0.909311
2.61983	 0.807828
2.62316	 0.873965
2.62649	 0.72987
2.62982	 0.826456
2.63316	 0.728007
2.63649	 0.766322
2.63982	 0.734546
2.64316	 0.719093
2.64649	 0.845647
2.64982	 0.723143
2.65316	 0.756479
2.65649	 0.782631
2.65982	 0.859187
2.66316	 0.94882
2.66649	 0.821842
2.66982	 0.78224
2.67316	 0.777836
2.67649	 0.838017
2.67982	 0.89532
2.68315	 0.7856
2.68649	 0.704952
2.68982	 0.719721
2.69315	 0.824607
2.69649	 0.760745
2.69982	 0.746438
2.70315	 0.76494
2.70649	 0.806826
2.70982	 0.840056
2.71315	 0.912554
2.71649	 0.73442
2.71982	 0.737343
2.72315	 0.974718
2.72648	 0.782671
2.72982	 0.911763
2.73315	 0.968335
2.73648	 0.720973
2.73982	 0.734372
2.74315	 0.747527
2.74648	 0.854558
2.74982	 0.631115
2.75315	 0.813322
2.75648	 0.792347
2.75982	 0.756044
2.76315	 0.720272
2.76648	 0.778935
2.76982	 0.820224
2.77315	 0.695181
2.77648	 0.633012
2.77981	 0.757492
2.78315	 1.08607
2.78648	 0.741582
2.78981	 0.761487
2.79315	 0.661584
2.79648	 0.871198
2.79981	 0.816636
2.80315	 0.795587
2.80648	 0.764123
2.80981	 0.839712
2.81315	 0.725747
2.81648	 0.974895
2.81981	 0.655834
2.82315	 1.06102
2.82648	 0.715736
2.82981	 0.735877
2.83314	 0.763478
2.83648	 0.71653
2.83981	 0.896142
2.84314	 0.597018
2.84648	 0.803207
2.84981	 0.737071
2.85314	 0.716724
2.85648	 0.828533
2.85981	 0.913519
2.86314	 0.592863
2.86648	 0.856303
2.86981	 0.755234
2.87314	 0.728707
2.87647	 0.709579
2.87981	 0.779621
2.88314	 0.909334
2.88647	 0.766162
2.88981	 0.803093
2.89314	 0.784791
2.89647	 0.722272
2.89981	 0.71336
2.90314	 0.772606
2.90647	 0.577147
2.90981	 0.746472
2.91314	 0.690149
2.91647	 0.685554
2.91981	 0.791873
2.92314	 0.68297
2.92647	 0.73274
2.9298	 0.869635
2.93314	 0.672867
2.93647	 0.650352
2.9398	 0.834731
2.94314	 0.782122
2.94647	 0.955699
2.9498	 0.853718
2.95314	 0.858665
2.95647	 0.581219
2.9598	 0.736867
2.96314	 0.720215
2.96647	 0.791972
2.9698	 0.690753
2.97314	 0.805671
2.97647	 0.719294
2.9798	 0.589647
2.98313	 0.708511
2.98647	 0.89852
2.9898	 0.70833
2.99313	 0.696489
2.99647	 0.777087
2.9998	 0.823192
3.00313	 0.758516
3.00647	 0.772714
3.0098	 0.846019
3.01313	 0.793791
3.01647	 0.687932
3.0198	 0.648788
3.02313	 0.736476
3.02646	 0.703827
3.0298	 0.573027
3.03313	 0.782045
3.03646	 0.803489
3.0398	 0.710319
3.04313	 0.795703
3.04646	 0.810013
3.0498	 0.7856
3.05313	 0.774961
3.05646	 0.661457
3.0598	 0.908049
3.06313	 0.786506
3.06646	 0.894912
3.0698	 0.672582
3.07313	 0.880274
3.07646	 0.719751
3.07979	 0.77857
3.08313	 0.671959
3.08646	 0.754965
3.08979	 0.678331
3.09313	 0.766227
3.09646	 0.651252
3.09979	 0.719709
3.10313	 0.768504
3.10646	 0.687506
3.10979	 0.893761
3.11313	 0.615167
3.11646	 0.70513
3.11979	 0.664516
3.12313	 0.602075
3.12646	 0.721762
3.12979	 0.555215
3.13312	 0.646132
3.13646	 0.753929
3.13979	 0.709847
3.14312	 0.719516
3.14646	 0.57149
3.14979	 0.804327
3.15312	 0.728012
3.15646	 0.767341
3.15979	 0.753887
3.16312	 0.842447
3.16646	 0.799332
3.16979	 0.629802
3.17312	 0.710596
3.17645	 0.646604
3.17979	 0.693446
3.18312	 0.60541
3.18645	 0.834753
3.18979	 0.740942
3.19312	 0.49058
3.19645	 0.783464
3.19979	 0.78224
3.20312	 0.625758
3.20645	 0.770473
3.20979	 0.629773
3.21312	 0.858477
3.21645	 0.655299
3.21979	 0.65925
3.22312	 0.504563
3.22645	 0.928503
3.22978	 0.743552
3.23312	 0.722884
3.23645	 0.781322
3.23978	 0.748539
3.24312	 0.774155
3.24645	 0.553252
3.24978	 0.691325
3.25312	 0.68117
3.25645	 0.564898
3.25978	 0.769757
3.26312	 0.645021
3.26645	 0.619406
3.26978	 0.734369
3.27312	 0.725446
3.27645	 0.860981
3.27978	 0.613763
3.28311	 0.729349
3.28645	 0.622264
3.28978	 0.621587
3.29311	 0.676785
3.29645	 0.736915
3.29978	 0.645567
3.30311	 0.735859
3.30645	 0.6796
3.30978	 0.698028
3.31311	 0.72521
3.31645	 0.902396
3.31978	 0.558489
3.32311	 0.638203
3.32644	 0.665724
3.32978	 0.59612
3.33311	 0.695612
3.33644	 0.844049
3.33978	 0.851826
3.34311	 0.618011
3.34644	 0.807542
3.34978	 0.744504
3.35311	 0.740691
3.35644	 0.670892
3.35978	 0.633842
3.36311	 0.831494
3.36644	 0.702536
3.36978	 0.653801
3.37311	 0.710586
3.37644	 0.50095
3.37977	 0.647449
3.38311	 0.835883
3.38644	 0.68849
3.38977	 0.727247
3.39311	 0.56235
3.39644	 0.822768
3.39977	 0.851317
3.40311	 0.727106
3.40644	 0.635014
3.40977	 0.79802
3.41311	 0.571009
3.41644	 0.753325
3.41977	 0.688253
3.42311	 0.668729
3.42644	 0.624608
3.42977	 0.830944
3.4331	 0.756386
3.43644	 0.744812
3.43977	 0.501152
3.4431	 0.852446
3.44644	 0.711228
3.44977	 0.71362
3.4531	 0.743432
3.45644	 0.812441
3.45977	 0.569885
3.4631	 0.575443
3.46644	 0.629866
3.46977	 0.801226
3.4731	 0.462533
3.47643	 0.684107
3.47977	 0.682827
3.4831	 0.767724
3.48643	 0.604299
3.48977	 0.73671
3.4931	 0.599554
3.49643	 0.59067
3.49977	 0.857278
3.5031	 0.760399
3.50643	 0.666016
3.50977	 0.731456
3.5131	 0.756098
3.51643	 0.754553
3.51977	 0.613766
3.5231	 0.810741
3.52643	 0.68873
3.52976	 0.781946
3.5331	 0.876104
3.53643	 0.6741
3.53976	 0.820172
3.5431	 0.730244
3.54643	 0.567664
3.54976	 0.58933
3.5531	 0.499107
3.55643	 0.560368
3.55976	 0.636025
3.5631	 0.536939
3.56643	 0.651583
3.56976	 0.594355
3.5731	 0.653684
3.57643	 0.681357
3.57976	 0.579029
3.58309	 0.685367
3.58643	 0.607237
3.58976	 0.854393
3.59309	 0.491892
3.59643	 0.624096
3.59976	 0.773908
3.60309	 0.571252
3.60643	 0.646558
3.60976	 0.630905
3.61309	 0.79256
3.61643	 0.867484
3.61976	 0.395934
3.62309	 0.740274
3.62642	 0.817285
3.62976	 0.594195
3.63309	 0.557522
3.63642	 0.75361
3.63976	 0.777832
3.64309	 0.530614
3.64642	 0.687907
3.64976	 0.525725
3.65309	 0.69081
3.65642	 0.804953
3.65976	 0.766242
3.66309	 0.525337
3.66642	 0.604336
3.66976	 0.654431
3.67309	 0.833254
3.67642	 0.662956
3.67975	 0.58447
3.68309	 0.872631
3.68642	 0.737717
3.68975	 0.734949
3.69309	 0.692164
3.69642	 0.69714
3.69975	 0.75094
3.70309	 0.842104
3.70642	 0.652347
3.70975	 0.60657
3.71309	 0.656497
3.71642	 0.651469
3.71975	 0.571237
3.72309	 0.546483
3.72642	 0.731428
3.72975	 0.61887
3.73308	 0.88118
3.73642	 0.625483
3.73975	 0.731046
3.74308	 0.690883
3.74642	 0.634767
3.74975	 0.543456
3.75308	 0.613762
3.75642	 0.698307
3.75975	 0.487216
3.76308	 0.738078
3.76642	 0.690277
3.76975	 0.690902
3.77308	 0.577003
3.77641	 0.650324
3.77975	 0.596157
3.78308	 0.635311
3.78641	 0.629642
3.78975	 0.879476
3.79308	 0.706437
3.79641	 0.56987
3.79975	 0.604446
3.80308	 0.718998
3.80641	 0.727385
3.80975	 0.664835
3.81308	 0.484487
3.81641	 0.505562
3.81975	 0.578234
3.82308	 0.596691
3.82641	 0.49128
3.82974	 0.692382
3.83308	 0.719603
3.83641	 0.540964
3.83974	 0.673824
3.84308	 0.614546
3.84641	 0.645211
3.84974	 0.655548
3.85308	 0.812978
3.85641	 0.802528
3.85974	 0.776542
3.86308	 0.614093
3.86641	 0.701555
3.86974	 0.521016
3.87308	 0.729331
3.87641	 0.628948
3.87974	 0.611717
3.88307	 0.716125
3.88641	 0.597225
3.88974	 0.545224
3.89307	 0.459897
3.89641	 0.812705
3.89974	 0.659408
3.90307	 0.787121
3.90641	 0.636783
3.90974	 0.513047
3.91307	 0.634505
3.91641	 0.738654
3.91974	 0.714928
3.92307	 0.755802
3.9264	 0.649393
3.92974	 0.709628
3.93307	 0.520388
3.9364	 0.686092
3.93974	 0.832103
3.94307	 0.441247
3.9464	 0.820634
3.94974	 0.560808
3.95307	 0.701954
3.9564	 0.780062
3.95974	 0.647422
3.96307	 0.657451
3.9664	 0.711331
3.96974	 0.706387
3.97307	 0.601488
3.9764	 0.574114
3.97973	 0.676768
3.98307	 0.786981
3.9864	 0.730409
3.98973	 0.494996
3.99307	 0.727534
3.9964	 0.635763
3.99973	 0.594498
4.00307	 0.49005
4.0064	 0.605275
4.00973	 0.629461
4.01307	 0.608902
4.0164	 0.626307
4.01973	 0.745415
4.02307	 0.83824
4.0264	 0.547053
4.02973	 0.790671
4.03306	 0.604711
4.0364	 0.760614
4.03973	 0.723978
4.04306	 0.866088
4.0464	 0.855308
4.04973	 0.788577
4.05306	 0.668453
4.0564	 0.614857
4.05973	 0.727505
4.06306	 0.603699
4.0664	 0.517487
4.06973	 0.770064
4.07306	 0.589832
4.07639	 0.5496
4.07973	 0.459673
4.08306	 0.549565
4.08639	 0.540758
4.08973	 0.623096
4.09306	 0.624048
4.09639	 0.685421
4.09973	 0.799233
4.10306	 0.549601
4.10639	 0.620436
4.10973	 0.541754
4.11306	 0.686483
4.11639	 0.634412
4.11973	 0.617987
4.12306	 0.789504
4.12639	 0.594494
4.12972	 0.781766
4.13306	 0.447524
4.13639	 0.649044
4.13972	 0.491948
4.14306	 0.690877
4.14639	 0.679952
4.14972	 0.565472
4.15306	 0.73058
4.15639	 0.575852
4.15972	 0.568503
4.16306	 0.68676
4.16639	 0.568535
4.16972	 0.697467
4.17306	 0.729577
4.17639	 0.492539
4.17972	 0.732255
4.18305	 0.730384
4.18639	 0.400298
4.18972	 0.682452
4.19305	 0.634216
4.19639	 0.649823
4.19972	 0.603889
4.20305	 0.563781
4.20639	 0.717591
4.20972	 0.545806
4.21305	 0.545996
4.21639	 0.549859
4.21972	 0.7456
4.22305	 0.661224
4.22638	 0.655179
4.22972	 0.575078
4.23305	 0.624474
4.23638	 0.703879
4.23972	 0.411753
4.24305	 0.67405
4.24638	 0.688369
4.24972	 0.747465
4.25305	 0.591278
4.25638	 0.452271
4.25972	 0.468453
4.26305	 0.709573
4.26638	 0.784589
4.26972	 0.568473
4.27305	 0.613881
4.27638	 0.722492
4.27971	 0.821985
4.28305	 0.583542
4.28638	 0.625216
4.28971	 0.585946
4.29305	 0.622369
4.29638	 0.635498
4.29971	 0.636187
4.30305	 0.573014
4.30638	 0.557581
4.30971	 0.67761
4.31305	 0.681502
4.31638	 0.65199
4.31971	 0.808557
4.32305	 0.689412
4.32638	 0.648858
4.32971	 0.605325
4.33304	 0.657405
4.33638	 0.576781
4.33971	 0.626838
4.34304	 0.613187
4.34638	 0.642183
4.34971	 0.575138
4.35304	 0.671932
4.35638	 0.683932
4.35971	 0.603788
4.36304	 0.694701
4.36638	 0.611134
4.36971	 0.567899
4.37304	 0.509299
4.37637	 0.672882
4.37971	 0.576914
4.38304	 0.519784
4.38637	 0.665834
4.38971	 0.846963
4.39304	 0.466728
4.39637	 0.757435
4.39971	 0.612949
4.40304	 0.490917
4.40637	 0.666528
4.40971	 0.636484
4.41304	 0.849927
4.41637	 0.670337
4.41971	 0.519946
4.42304	 0.620911
4.42637	 0.651059
4.4297	 0.638693
4.43304	 0.754175
4.43637	 0.677275
4.4397	 0.50187
4.44304	 0.518867
4.44637	 0.671131
4.4497	 0.623941
4.45304	 0.63342
4.45637	 0.52287
4.4597	 0.479242
4.46304	 0.609307
4.46637	 0.656895
4.4697	 0.479883
4.47304	 0.630063
4.47637	 0.795326
4.4797	 0.551261
4.48303	 0.645928
4.48637	 0.529288
4.4897	 0.65654
4.49303	 0.517311
4.49637	 0.775151
4.4997	 0.547106
4.50303	 0.667946
4.50637	 0.599815
4.5097	 0.645856
4.51303	 0.608008
4.51637	 0.762073
4.5197	 0.530829
4.52303	 0.588106
4.52636	 0.681922
4.5297	 0.706645
4.53303	 0.530741
4.53636	 0.630741
4.5397	 0.745532
4.54303	 0.68819
4.54636	 0.468834
4.5497	 0.720447
4.55303	 0.553223
4.55636	 0.724043
4.5597	 0.658647
4.56303	 0.574375
4.56636	 0.67975
4.5697	 0.602747
4.57303	 0.476835
4.57636	 0.624029
4.57969	 0.55019
4.58303	 0.600511
4.58636	 0.484978
4.58969	 0.518459
4.59303	 0.472281
4.59636	 0.559861
4.59969	 0.565915
4.60303	 0.567711
4.60636	 0.518876
4.60969	 0.654418
4.61303	 0.712131
4.61636	 0.644932
4.61969	 0.546668
4.62303	 0.612221
4.62636	 0.549437
4.62969	 0.591975
4.63302	 0.592915
4.63636	 0.612419
4.63969	 0.711297
4.64302	 0.576721
4.64636	 0.76835
4.64969	 0.712369
4.65302	 0.493841
4.65636	 0.504992
4.65969	 0.609038
4.66302	 0.554716
4.66636	 0.503837
4.66969	 0.525412
4.67302	 0.720646
4.67635	 0.826933
4.67969	 0.445706
4.68302	 0.440356
4.68635	 0.48712
4.68969	 0.55169
4.69302	 0.647232
4.69635	 0.602323
4.69969	 0.685312
4.70302	 0.535076
4.70635	 0.411992
4.70969	 0.468217
4.71302	 0.746501
4.71635	 0.544967
4.71969	 0.5018
4.72302	 0.693067
4.72635	 0.572232
4.72968	 0.602138
4.73302	 0.485751
4.73635	 0.60251
4.73968	 0.642421
4.74302	 0.501584
4.74635	 0.653737
4.74968	 0.605556
4.75302	 0.661827
4.75635	 0.50981
4.75968	 0.656695
4.76302	 0.576708
4.76635	 0.700002
4.76968	 0.621834
4.77302	 0.646084
4.77635	 0.680101
4.77968	 0.532794
4.78301	 0.604796
4.78635	 0.621243
4.78968	 0.525214
4.79301	 0.64638
4.79635	 0.491223
4.79968	 0.547298
4.80301	 0.601446
4.80635	 0.530561
4.80968	 0.652761
4.81301	 0.603457
4.81635	 0.405471
4.81968	 0.724198
4.82301	 0.500087
4.82634	 0.568178
4.82968	 0.49887
4.83301	 0.490092
4.83634	 0.547937
4.83968	 0.610127
4.84301	 0.618651
4.84634	 0.537477
4.84968	 0.553936
4.85301	 0.574944
4.85634	 0.646503
4.85968	 0.434343
4.86301	 0.489919
4.86634	 0.632714
4.86968	 0.507919
4.87301	 0.678872
4.87634	 0.539189
4.87967	 0.580969
4.88301	 0.594129
4.88634	 0.52785
4.88967	 0.634697
4.89301	 0.561866
4.89634	 0.608072
4.89967	 0.538832
4.90301	 0.611459
4.90634	 0.588089
4.90967	 0.525716
4.91301	 0.566433
4.91634	 0.499481
4.91967	 0.621428
4.92301	 0.596085
4.92634	 0.500331
4.92967	 0.660127
4.933	 0.688966
4.93634	 0.597222
4.93967	 0.582941
4.943	 0.536518
4.94634	 0.558176
4.94967	 0.653287
4.953	 0.720019
4.95634	 0.465613
4.95967	 0.591574
4.963	 0.554649
4.96634	 0.586473
4.96967	 0.51424
4.973	 0.543753
4.97633	 0.670475
4.97967	 0.557058
4.983	 0.396315
4.98633	 0.588741
4.98967	 0.511139
4.993	 0.594611
4.99633	 0.541445
