#Time [1ns] 	 Re(Es) 	 Im(Es) 	 |Es|^2 	 rho 	 w
0	-3524.13477	-452.571949	-13359.2018	49109.2772	0.554116621	4.10368795e+13
1e-11	-3249.92715	-2217.10899	-11170.2833	48034.4197	0.553716474	4.12751018e+13
2e-11	-1263.21277	-37.0566955	-8023.22557	46874.8183	0.554314978	4.14912186e+13
3e-11	364.065662	-1452.36601	-6991.53698	48066.0324	0.554932502	4.16890764e+13
4e-11	2320.65206	-2691.82892	-5815.16451	47780.6722	0.555497515	4.18699727e+13
5e-11	3492.32258	-3144.28269	-5993.71968	47318.6959	0.556055096	4.20355381e+13
6e-11	3201.62012	-4730.47267	-4412.70796	48914.8211	0.556290943	4.21868556e+13
7e-11	1823.24282	-3777.15082	-7088.37857	47572.891	0.556251704	4.23240421e+13
8e-11	538.021376	-3332.62181	-7049.93772	47563.3698	0.556769225	4.24492447e+13
9e-11	-1087.31447	-2475.38907	-5685.3967	48928.6604	0.557068656	4.25639859e+13
1e-10	-1533.57037	-1617.79276	-7196.86927	48017.8933	0.557179977	4.26684001e+13
1.1e-10	-541.83237	371.764243	-5890.52594	48436.8287	0.557457347	4.27636974e+13
1.2e-10	-1289.84329	441.494015	-6183.81821	48032.9268	0.557724341	4.2850826e+13
1.3e-10	-1012.09276	689.222927	-6262.99248	48118.1415	0.55802734	4.29305989e+13
1.4e-10	799.998725	-1622.46985	-6355.97298	48473.9636	0.558162897	4.30036939e+13
1.5e-10	2947.4599	-1630.56681	-7943.45394	48224.9046	0.558246056	4.30701862e+13
1.6e-10	1933.35204	-219.333329	-8077.55384	47895.042	0.558273277	4.31305543e+13
1.7e-10	2104.80035	48.6417567	-8162.26316	48441.0888	0.558197011	4.31853331e+13
1.8e-10	1469.75936	500.75791	-7626.09118	49016.9943	0.557866504	4.32343787e+13
1.9e-10	118.12672	1435.571	-5852.59988	48565.9488	0.557863381	4.32782194e+13
2e-10	-809.26783	399.664769	-4636.003	48960.817	0.558002697	4.33183199e+13
2.1e-10	-2324.73235	843.434771	-5582.77462	50401.2841	0.557744146	4.33547223e+13
2.2e-10	-1384.15776	1131.56461	-6689.58275	50180.2	0.557375296	4.3386519e+13
2.3e-10	-1740.97811	1497.63152	-6894.63675	48528.0038	0.557116866	4.3414439e+13
2.4e-10	-3210.65115	2856.22626	-6331.20822	48690.0836	0.557403942	4.34399054e+13
2.5e-10	-3214.37127	3372.06699	-5983.75215	49063.336	0.557536345	4.34635393e+13
2.6e-10	-1909.98398	1943.71339	-6478.60062	48188.5846	0.557622505	4.34851939e+13
2.7e-10	261.637884	2377.65014	-5368.82755	49995.6977	0.557579343	4.35051444e+13
2.8e-10	-297.392425	1409.93725	-5562.93793	49593.0506	0.557553829	4.3522836e+13
2.9e-10	-189.128773	-360.163115	-5381.01	50577.7969	0.557591289	4.35390835e+13
3e-10	-633.162854	945.996821	-4141.38797	51392.2615	0.557116776	4.35531575e+13
3.1e-10	943.013466	183.53253	-4664.88547	50616.0627	0.556698487	4.35644908e+13
3.2e-10	61.9747973	994.112517	-4015.84572	51814.5089	0.556314049	4.35737186e+13
3.3e-10	-93.4911462	32.9862644	-4701.63193	49249.376	0.556298402	4.35810558e+13
3.4e-10	-1564.90557	-334.77366	-4024.93027	48078.712	0.556976973	4.35888493e+13
3.5e-10	-2032.15152	-379.06996	-4862.19576	47285.9065	0.557994904	4.3598457e+13
3.6e-10	-1001.4829	218.197133	-4977.34101	47220.8526	0.559019252	4.36101698e+13
3.7e-10	-2265.32594	-519.729054	-4978.93693	46009.1763	0.559737648	4.36232475e+13
3.8e-10	-1785.15393	40.6914672	-4124.3298	48455.2918	0.560167031	4.36371549e+13
3.9e-10	401.927318	1049.48648	-5114.76814	49155.166	0.559690262	4.36496105e+13
4e-10	737.082599	1761.5161	-4902.36349	50723.3388	0.559091202	4.36594067e+13
4.1e-10	1516.0975	728.467926	-7228.7156	52029.4752	0.557573084	4.36653198e+13
4.2e-10	1381.63213	150.756487	-10297.4439	49659.0003	0.556805632	4.36667936e+13
4.3e-10	1061.30592	-1436.24863	-9737.80231	50735.1328	0.556239456	4.36665008e+13
4.4e-10	1271.35645	-1682.95283	-9864.01719	49452.8745	0.555974355	4.3664733e+13
4.5e-10	371.921217	-805.676391	-9001.83097	50335.8348	0.555921339	4.36628959e+13
4.6e-10	-1581.97707	2099.71071	-8818.88928	50790.445	0.555523683	4.36606457e+13
4.7e-10	-2130.93	897.910996	-10384.9608	47915.2567	0.555840847	4.36579928e+13
4.8e-10	764.677997	1825.59312	-11908.5584	46938.4673	0.556536528	4.36574783e+13
4.9e-10	-1334.33105	2397.22867	-12310.0404	46828.3163	0.55730954	4.36590293e+13
5e-10	-1148.38887	2559.84208	-13509.5331	46390.3827	0.558163288	4.36628765e+13
5.1e-10	-2039.57949	3747.04338	-13334.7057	47512.8523	0.558571207	4.36683927e+13
5.2e-10	-1472.57026	3463.85701	-12766.0153	48167.8445	0.558471216	4.36736302e+13
5.3e-10	-134.152872	1709.23005	-12289.6897	49683.6533	0.55796561	4.36777699e+13
5.4e-10	-484.059417	2501.99472	-12513.3842	48320.0206	0.557356442	4.36795579e+13
5.5e-10	-3143.45412	1311.47861	-12668.9856	49002.3286	0.557383997	4.36804671e+13
5.6e-10	-1794.12484	497.340419	-12830.8485	48876.581	0.557071973	4.36808995e+13
5.7e-10	-1640.79316	1474.67845	-12620.0765	48391.9077	0.557134616	4.36807261e+13
5.8e-10	-218.367364	1181.1679	-14563.4684	49168.8182	0.556929945	4.36806199e+13
5.9e-10	330.626781	25.6651278	-15387.9257	47216.095	0.556764195	4.36796767e+13
6e-10	2536.47275	1159.23611	-14359.6257	47880.212	0.557015218	4.3679369e+13
6.1e-10	3048.50806	-315.254783	-13875.5886	47104.3475	0.55747084	4.36797604e+13
6.2e-10	3305.66831	-833.682614	-14250.088	46184.721	0.558104784	4.36817752e+13
6.3e-10	431.568234	527.948082	-13362.6657	47226.4996	0.558440954	4.36851584e+13
6.4e-10	489.98971	1472.88209	-13656.5051	48994.9606	0.558417783	4.36887787e+13
6.5e-10	-377.038608	1194.50421	-14511.6492	49643.4167	0.557689516	4.36909766e+13
6.6e-10	-303.345009	1919.30299	-14556.6682	47319.021	0.557361944	4.36910098e+13
6.7e-10	-1774.29543	1760.04092	-13313.0033	47521.2544	0.557718235	4.3691262e+13
6.8e-10	-1960.56854	1531.68494	-13547.7344	48282.2592	0.557740572	4.36922297e+13
6.9e-10	-1051.5419	-298.477907	-12438.2459	49194.3668	0.557596123	4.36929512e+13
7e-10	-1137.18525	-338.187567	-10455.1015	49426.0187	0.557451603	4.36930364e+13
7.1e-10	-2141.00656	-435.260915	-11667.39	47999.9725	0.557382128	4.36926787e+13
7.2e-10	-1459.11052	1148.90603	-11786.6132	48480.1223	0.557443179	4.36925855e+13
7.3e-10	-2893.55825	2115.67332	-13088.3084	48943.1964	0.557128515	4.36921116e+13
7.4e-10	-1837.08769	3185.36164	-12658.0743	49612.0872	0.55685783	4.36907985e+13
7.5e-10	-3159.42511	2705.95456	-12156.6803	49997.4578	0.556544355	4.36886762e+13
7.6e-10	-2082.97353	3987.48203	-12011.5892	49176.8117	0.556425669	4.36860711e+13
7.7e-10	-1775.81932	1684.31916	-12677.1245	49674.5647	0.556317575	4.36835217e+13
7.8e-10	-1758.17439	1102.35341	-12791.2637	49655.8645	0.556014763	4.36805387e+13
7.9e-10	-1647.95659	-309.526492	-13355.5441	48918.7013	0.555763344	4.36769946e+13
8e-10	-2985.03258	-612.64067	-13641.9857	50016.2939	0.555615547	4.3673341e+13
8.1e-10	-3001.91108	-768.975012	-13287.594	49345.2974	0.555370792	4.36691361e+13
8.2e-10	-2670.48495	-463.986266	-11329.1609	48870.4675	0.555386753	4.36650118e+13
8.3e-10	-1349.08517	-1230.64627	-10772.8335	48111.1214	0.555764489	4.36619601e+13
8.4e-10	-1423.46127	-1305.99439	-9074.48989	47130.6263	0.556650245	4.36608948e+13
8.5e-10	-394.472605	-1227.30304	-8535.20956	48019.5811	0.557595369	4.36630245e+13
8.6e-10	-677.348934	-686.054273	-8744.10681	47570.4082	0.5580669	4.36667247e+13
8.7e-10	-434.11844	-1316.92632	-9570.01773	49284.3875	0.55833383	4.36714743e+13
8.8e-10	-449.417901	-814.186536	-7002.79024	48966.3893	0.558187104	4.36755188e+13
8.9e-10	-861.899855	-1465.36745	-6910.9625	51282.0688	0.557886647	4.36790887e+13
9e-10	-827.448572	-396.995101	-4986.51791	49587.3782	0.557415044	4.36806389e+13
9.1e-10	136.258481	-1349.67544	-3320.68833	49003.2946	0.557600273	4.36817648e+13
9.2e-10	51.4059531	-1260.51699	-4765.81135	48925.7909	0.558050412	4.36837836e+13
9.3e-10	-936.886405	-1003.71348	-4681.13735	48164.5515	0.558362595	4.36866631e+13
9.4e-10	-1137.32506	-696.314969	-5480.1013	48811.3974	0.558670026	4.36903525e+13
9.5e-10	-962.26114	-296.780159	-5749.24539	49552.3962	0.558209017	4.36935467e+13
9.6e-10	528.225532	-203.90141	-7599.06607	49710.953	0.558102121	4.3695409e+13
9.7e-10	-940.785205	-330.099544	-8421.45053	51591.8806	0.557138851	4.3695873e+13
9.8e-10	-997.002053	-47.1080359	-9439.14675	50969.9916	0.556078826	4.36929354e+13
9.9e-10	-2045.91796	-1218.64748	-8067.37983	51611.2625	0.555652623	4.36882627e+13
1e-09	-87.2478212	-2504.20036	-6992.22658	49612.1962	0.555645193	4.36830212e+13
1.01e-09	786.041829	-1631.0831	-8408.74571	48789.1433	0.556217739	4.36793647e+13
1.02e-09	1132.2029	-1791.43519	-5294.59719	49374.5025	0.556436417	4.3677305e+13
1.03e-09	-260.036847	-1016.42665	-6062.74796	50160.6859	0.556408803	4.36758413e+13
1.04e-09	-1777.10021	92.7845579	-6857.31169	51154.8977	0.556100911	4.36739146e+13
1.05e-09	-525.317022	581.031673	-7204.05612	49981.1456	0.555944201	4.36713446e+13
1.06e-09	-2458.97513	-421.32257	-6458.54838	49315.6176	0.556246517	4.36692787e+13
1.07e-09	-1984.19408	-796.523214	-6288.02746	49329.3501	0.556637206	4.36683862e+13
1.08e-09	-1644.35041	95.2258981	-6573.22368	48562.3586	0.556818624	4.36683668e+13
1.09e-09	-1852.47167	1001.15917	-7324.26008	49317.6035	0.557065029	4.36691921e+13
1.1e-09	-1071.22983	-283.791829	-7141.27225	47025.9016	0.557688948	4.36706868e+13
1.11e-09	-3250.57156	-995.044967	-4013.43437	48682.7989	0.558384279	4.36746024e+13
1.12e-09	-2752.86988	589.531266	-4397.57784	50431.4023	0.558185553	4.36788269e+13
1.13e-09	-1559.75208	-953.267431	-4189.67687	51938.0341	0.557271928	4.36811941e+13
1.14e-09	-2635.89636	-728.515188	-4881.46765	50717.3265	0.556600751	4.36805424e+13
1.15e-09	-2689.01404	-1081.76846	-3589.94734	48910.788	0.556690704	4.36789296e+13
1.16e-09	-3085.2468	-2696.20825	-3866.37476	48237.4706	0.557704038	4.3679237e+13
1.17e-09	-2611.86987	-2670.87332	-5144.55083	48983.7205	0.557922341	4.36816491e+13
1.18e-09	-757.064868	-5.64687348	-4506.91521	49199.8631	0.558115719	4.36841754e+13
1.19e-09	-146.985789	-278.2328	-4146.4412	49535.2314	0.558096489	4.36868626e+13
1.2e-09	-43.5285302	127.450182	-2644.82364	49031.957	0.558036673	4.36890439e+13
1.21e-09	1214.68693	216.211519	-3228.91133	50486.3063	0.557810426	4.36907766e+13
1.22e-09	1599.86667	-636.794476	-4067.70309	49961.7895	0.557358857	4.36911749e+13
1.23e-09	1856.18997	-189.65345	-5030.00554	47671.6261	0.557778258	4.36912356e+13
1.24e-09	2056.73816	-19.7392253	-7107.64694	49808.0076	0.557982311	4.36928379e+13
1.25e-09	1922.29742	-1032.89092	-9232.13924	49274.0119	0.557757314	4.36940035e+13
1.26e-09	2971.64526	-983.380456	-9297.86901	49947.1309	0.557256362	4.36941325e+13
1.27e-09	1626.91227	-380.364281	-9224.59997	48682.5009	0.557193194	4.36930149e+13
1.28e-09	2662.97416	1070.19484	-9578.6995	48122.0321	0.557202576	4.36922002e+13
1.29e-09	1745.88987	164.35997	-10581.884	47170.0887	0.557688045	4.36919737e+13
1.3e-09	487.77369	-19.2480383	-11101.1526	47012.055	0.558208003	4.36933681e+13
1.31e-09	1554.56334	532.109889	-11473.9295	46500.8233	0.558994334	4.3696386e+13
1.32e-09	139.651056	550.829799	-12081.7527	46488.3107	0.559237936	4.3700875e+13
1.33e-09	-804.662587	1125.07791	-13080.5112	47515.3277	0.55941515	4.37056855e+13
1.34e-09	-717.737747	1377.80231	-12135.6861	48326.0833	0.559296187	4.37100159e+13
1.35e-09	507.3071	425.291489	-11519.9529	48101.902	0.558836759	4.37130334e+13
1.36e-09	1900.32929	-657.638615	-11836.0806	47219.5309	0.559087952	4.37153055e+13
1.37e-09	2405.97078	-1340.73042	-12714.6396	48634.9996	0.558913368	4.37178718e+13
1.38e-09	725.2447	-1339.48297	-12509.8837	49807.9532	0.558184177	4.37187632e+13
1.39e-09	2355.75863	-773.187869	-12195.2186	49240.0437	0.557664342	4.37175448e+13
1.4e-09	2678.19008	-1931.14388	-12388.3723	48921.5754	0.55727679	4.37150925e+13
1.41e-09	2960.18568	514.880766	-13125.4639	49725.7515	0.556504642	4.37113887e+13
1.42e-09	1640.48049	1568.27518	-12532.1841	49640.6014	0.556299815	4.37064175e+13
1.43e-09	1855.4212	2294.87451	-13019.1318	47165.0093	0.556370113	4.37015451e+13
1.44e-09	3850.37438	2686.80097	-12507.3661	47759.9124	0.556902397	4.36982829e+13
1.45e-09	4158.92675	2463.83624	-13578.4294	45985.6015	0.557491757	4.36966818e+13
1.46e-09	4768.85896	1835.53163	-14741.4079	47273.5718	0.558040486	4.36972616e+13
1.47e-09	3610.50346	2287.84822	-13946.8654	47171.0283	0.558111789	4.36984968e+13
1.48e-09	4208.41509	2795.07107	-15542.2302	48036.2492	0.557876197	4.36996259e+13
1.49e-09	2910.36303	2710.89119	-14740.6435	46942.0391	0.557834136	4.36998958e+13
1.5e-09	2969.75697	1927.37152	-14056.8592	46488.5124	0.558495689	4.37009427e+13
1.51e-09	1597.84515	2524.07542	-14537.8891	47005.6075	0.55896423	4.37038136e+13
1.52e-09	815.637211	1143.30494	-12629.6838	47759.704	0.558501732	4.3706466e+13
1.53e-09	41.3919912	1631.29907	-11990.1847	47564.5602	0.558479811	4.37082206e+13
1.54e-09	1011.612	1322.69983	-11367.0332	50072.4592	0.558225348	4.37095873e+13
1.55e-09	-1072.56522	525.962682	-11891.4802	50235.6914	0.557313381	4.37089068e+13
1.56e-09	-2312.84443	-488.892754	-11995.3497	51534.5395	0.556261554	4.37056167e+13
1.57e-09	-1924.71132	-584.048182	-12287.5587	52868.045	0.55516816	4.36994716e+13
1.58e-09	-1767.08754	-1308.055	-12953.7276	51335.1705	0.554247052	4.36905865e+13
1.59e-09	-1040.80001	-1722.01126	-12797.5997	50966.4188	0.553828582	4.36806674e+13
1.6e-09	-558.500017	-3136.54964	-12153.2611	49490.7512	0.553939311	4.36711037e+13
1.61e-09	873.771772	-3145.2365	-13481.7797	49125.5713	0.554408491	4.36634408e+13
1.62e-09	1773.91401	-2487.3996	-11714.5522	48946.0861	0.554580128	4.36574651e+13
1.63e-09	2188.36254	-1226.75562	-13005.0789	49194.6568	0.554863486	4.36527246e+13
1.64e-09	2882.98442	-931.989222	-13374.5465	46995.9338	0.555420541	4.36494752e+13
1.65e-09	3218.26629	-576.720639	-11708.6209	48319.2791	0.556206677	4.3648647e+13
1.66e-09	3004.48319	-166.488384	-10939.0015	47668.7114	0.55681421	4.36497442e+13
1.67e-09	1763.27265	-1469.69573	-10599.7752	48164.2654	0.557325007	4.36524781e+13
1.68e-09	1311.40618	-1765.34513	-8229.46851	47658.4324	0.557884117	4.36564287e+13
1.69e-09	1328.40936	-814.039314	-7639.51933	46781.6264	0.558695864	4.36620656e+13
1.7e-09	2575.3113	-1014.10142	-7239.96221	46072.438	0.559842	4.36699568e+13
1.71e-09	2134.30089	311.547489	-6606.71723	48511.3682	0.560203725	4.36797595e+13
1.72e-09	1300.22821	-795.826058	-5645.60793	49063.3742	0.559737181	4.36884502e+13
1.73e-09	901.815348	-1996.08453	-4217.65048	50996.4716	0.558909001	4.36945727e+13
1.74e-09	222.91996	-859.920912	-4008.42448	50817.257	0.557902483	4.36971537e+13
1.75e-09	-1423.51799	0.224373504	-4012.466	50962.0331	0.557275114	4.36971298e+13
1.76e-09	-2130.31042	-664.462531	-1984.85392	50846.7466	0.556869006	4.36955687e+13
1.77e-09	-823.865036	-774.993042	-2074.78178	49964.7763	0.556846243	4.36932664e+13
1.78e-09	-844.863948	405.558434	-4501.28292	50767.1039	0.556626055	4.36911585e+13
1.79e-09	-207.88929	880.306058	-7822.30642	51534.9931	0.555833946	4.36878448e+13
1.8e-09	-1570.51368	282.58892	-9511.52053	50890.5326	0.555500883	4.36829286e+13
1.81e-09	621.46386	178.48078	-10269.2827	49737.1535	0.555376089	4.36777259e+13
1.82e-09	908.995913	-663.810212	-10509.5177	50889.7073	0.555337042	4.36731026e+13
1.83e-09	281.038936	146.303347	-10278.5009	50919.3996	0.554960153	4.36680865e+13
1.84e-09	-945.719044	889.375105	-7383.78432	52272.8461	0.5546027	4.36625481e+13
1.85e-09	-923.846442	1416.39476	-5890.92627	51385.9593	0.554201285	4.36562014e+13
1.86e-09	-2128.55584	550.040173	-6292.65295	51789.8636	0.554139613	4.36499337e+13
1.87e-09	-3.18422725	332.198935	-5590.4387	48667.5568	0.554662359	4.36445126e+13
1.88e-09	-1334.22673	-825.306925	-5479.71327	50621.6679	0.555358688	4.36419024e+13
1.89e-09	-721.254837	-1876.87434	-6194.5487	52310.6604	0.555125072	4.36403731e+13
1.9e-09	-173.496335	-1795.45764	-5961.40223	53029.6785	0.554070271	4.36369875e+13
1.91e-09	1314.60963	-988.881742	-5156.04806	51776.9493	0.553844563	4.36316514e+13
1.92e-09	662.560619	-1153.1921	-5141.39386	50718.9488	0.553996142	4.36269008e+13
1.93e-09	-96.2248047	-517.912024	-3694.67708	51086.4617	0.554503607	4.36236608e+13
1.94e-09	228.543283	-707.191935	-5770.535	50036.9053	0.55484329	4.36218321e+13
1.95e-09	-755.6897	1043.0191	-5653.12502	50248.5222	0.555320121	4.36214317e+13
1.96e-09	277.079243	401.999246	-4144.08735	50229.6218	0.555441873	4.36219792e+13
1.97e-09	-410.37418	-858.028958	-3586.89284	49621.2059	0.555925548	4.36232821e+13
1.98e-09	-508.943522	-1637.37846	-2509.70863	51068.8615	0.555973832	4.36255023e+13
1.99e-09	-2221.64212	-1633.67537	-3166.6245	50132.9341	0.556212679	4.36275258e+13
2e-09	-1910.79938	-480.434832	-3088.47359	49498.4167	0.556413253	4.36301309e+13
2.01e-09	-1223.22017	-36.0316322	-3471.30998	48842.1215	0.55698663	4.36336211e+13
2.02e-09	245.825246	1609.25016	-3709.00295	49783.547	0.557438936	4.36384636e+13
2.03e-09	1527.37095	1315.24867	-4063.38189	47611.9691	0.557840055	4.36436458e+13
2.04e-09	1440.23875	1922.46724	-5926.91673	47112.8226	0.55889983	4.36507294e+13
2.05e-09	634.819982	1087.79933	-5895.72225	47827.2362	0.55929952	4.36594223e+13
2.06e-09	1750.56516	-334.207823	-6026.96298	48283.2133	0.559452018	4.36682126e+13
2.07e-09	1075.12168	280.412935	-6500.36616	48251.1119	0.559397419	4.36762625e+13
2.08e-09	1469.44829	117.220926	-7580.77164	48892.5696	0.559357648	4.36835357e+13
2.09e-09	485.363234	173.76586	-7587.60009	48394.3308	0.559377003	4.36899107e+13
2.1e-09	919.020974	-741.783888	-8186.08354	49378.0891	0.559025326	4.36953106e+13
2.11e-09	1803.50214	-605.480397	-9330.03677	49119.8296	0.558302077	4.36985808e+13
2.12e-09	1682.93486	1017.41957	-11632.0751	50084.2396	0.557528206	4.36996989e+13
2.13e-09	444.196199	2706.71908	-11931.5921	48177.6446	0.557257387	4.36986087e+13
2.14e-09	301.248239	697.964033	-12711.7563	48451.541	0.557054614	4.36971816e+13
2.15e-09	979.634455	488.948698	-14081.0787	48157.37	0.557145986	4.36956134e+13
2.16e-09	1877.72017	1174.80989	-14158.57	49528.272	0.556844755	4.36940121e+13
2.17e-09	779.891012	-143.41034	-12715.8349	49107.8863	0.556399565	4.36912316e+13
2.18e-09	-311.462382	-1724.68783	-14756.1733	49021.5701	0.556120406	4.36878672e+13
2.19e-09	52.7909264	-2027.94362	-14761.6964	49020.6769	0.555819099	4.36838749e+13
2.2e-09	-721.10531	-1537.55004	-15263.4379	49746.0522	0.555684552	4.36797392e+13
2.21e-09	1495.86821	-694.154569	-14579.0398	48446.0786	0.555493472	4.36752992e+13
2.22e-09	1897.80405	1067.19781	-15722.9213	50315.6476	0.555182654	4.36710013e+13
2.23e-09	2588.76762	-97.5464886	-16085.8425	49735.4844	0.554378949	4.36651344e+13
2.24e-09	3457.31141	-224.474528	-17074.4941	47907.6085	0.554226732	4.36583291e+13
2.25e-09	2775.44813	-342.298979	-17078.9244	47482.8877	0.554778945	4.36527834e+13
2.26e-09	1734.74209	-1121.45595	-16624.0982	46134.6617	0.555761381	4.36498563e+13
2.27e-09	2354.96454	-410.362187	-15310.3969	45220.8048	0.556935439	4.36502144e+13
2.28e-09	492.933366	-740.24329	-14300.6139	48211.9815	0.557214314	4.36532834e+13
2.29e-09	852.422707	-832.597982	-15247.9187	48373.8483	0.557170783	4.3656143e+13
2.3e-09	1545.50211	-555.228853	-14434.7958	47139.1537	0.557295051	4.36586118e+13
2.31e-09	674.232983	-2546.43768	-15151.0271	45661.9034	0.557822043	4.3661878e+13
2.32e-09	1396.47297	-2985.07001	-15802.6513	45111.8089	0.558450045	4.36666066e+13
2.33e-09	1114.38788	-1404.22464	-15017.9977	47442.7534	0.558641466	4.36724564e+13
2.34e-09	-223.468092	-2302.3986	-14573.9631	48172.3169	0.55823299	4.36772462e+13
2.35e-09	-2486.83984	-1218.95283	-13046.6332	48528.8333	0.557783158	4.36802048e+13
2.36e-09	-3065.10838	-853.440452	-10433.8447	47706.1284	0.557885366	4.36821478e+13
2.37e-09	-1746.40734	-656.82393	-11323.7266	48998.3369	0.557630331	4.36840795e+13
2.38e-09	-768.666275	-1712.73059	-9549.71134	49543.6569	0.557279415	4.36848479e+13
2.39e-09	-1100.33066	-1181.74952	-11827.4102	52038.908	0.556722099	4.36844993e+13
2.4e-09	-1424.46494	-1114.17616	-9973.83905	51954.5405	0.555453905	4.36811903e+13
2.41e-09	-770.038724	-1564.18671	-11137.5839	52097.3345	0.554592304	4.36751473e+13
2.42e-09	-1754.13606	-2146.11065	-10990.8035	50118.8523	0.554254586	4.36675652e+13
2.43e-09	-1807.64455	-746.446913	-10710.7396	49779.6375	0.554461816	4.36607351e+13
2.44e-09	-583.180573	323.975623	-11078.8812	48640.6084	0.555057845	4.36555782e+13
2.45e-09	-1123.37396	-4.04937915	-11987.3061	47964.2108	0.555670411	4.36527784e+13
2.46e-09	1382.82606	-674.875555	-11934.9552	47462.4599	0.5565593	4.36525341e+13
2.47e-09	1605.43877	-841.730415	-9205.82856	48215.3744	0.557033859	4.36542011e+13
2.48e-09	352.456715	-1182.03013	-11057.3848	48924.4438	0.557354133	4.36571703e+13
2.49e-09	510.163784	-2564.34321	-9788.0333	49867.9615	0.556890837	4.36595765e+13
2.5e-09	-60.6749272	-990.812945	-9324.75571	49321.2114	0.556826299	4.36607746e+13
2.51e-09	-524.75195	-182.103776	-8307.27614	50412.7635	0.556492573	4.36614927e+13
2.52e-09	-1280.97705	-1289.03813	-7935.63339	49924.2727	0.556796825	4.36617507e+13
2.53e-09	-2515.85215	-393.932881	-7883.88602	51508.8692	0.555976154	4.36618577e+13
2.54e-09	-1526.28702	-1404.98057	-6936.0783	50932.0016	0.555256891	4.36592827e+13
2.55e-09	-3381.04992	322.106683	-5833.36433	50517.5718	0.55534228	4.36559271e+13
2.56e-09	-4800.48696	-66.2109034	-5403.17466	51936.0594	0.555190904	4.36530773e+13
2.57e-09	-5228.98347	-1033.65715	-5842.89882	52056.7128	0.554536382	4.36491862e+13
2.58e-09	-4274.97507	-536.828425	-5545.56104	51959.9922	0.554177242	4.36440545e+13
2.59e-09	-2464.44074	-949.704461	-7653.69797	52046.3507	0.553899168	4.36385991e+13
2.6e-09	-2379.78828	-302.584567	-7363.36832	51103.06	0.553614615	4.36327031e+13
2.61e-09	-2484.75796	977.348587	-8517.77207	48925.2984	0.554255486	4.36277178e+13
2.62e-09	-1951.64702	779.427851	-9137.76098	49355.2156	0.555238793	4.36258212e+13
2.63e-09	-2336.40173	1347.15166	-8601.185	50496.9208	0.555195803	4.36254934e+13
2.64e-09	551.7167	1342.38794	-8519.09194	51958.3346	0.555063567	4.36251113e+13
2.65e-09	668.025116	2457.90615	-7758.94839	52345.8601	0.55447923	4.3623468e+13
2.66e-09	-531.579608	3175.1077	-8736.15495	51376.1102	0.554058776	4.36205878e+13
2.67e-09	873.629073	3110.839	-6455.17472	50345.8651	0.55413635	4.36172768e+13
2.68e-09	3211.85554	3591.40971	-7125.29821	50046.6274	0.554975882	4.3615597e+13
2.69e-09	2526.4742	2036.6939	-7787.0789	48754.3619	0.555526315	4.36160573e+13
2.7e-09	2486.78465	-254.62742	-7266.80969	48944.8658	0.556231005	4.36184821e+13
2.71e-09	1441.62228	2098.66177	-6293.20669	49107.7811	0.55666673	4.36223143e+13
2.72e-09	1451.2829	240.985297	-6061.79246	51098.4239	0.556740349	4.3626835e+13
2.73e-09	3313.86388	685.21963	-6457.94453	50947.0887	0.556131764	4.36299696e+13
2.74e-09	3921.74527	19.6744194	-7842.58058	50981.0591	0.555797794	4.36313995e+13
2.75e-09	2989.85183	2455.66216	-8291.1071	50399.3388	0.555615924	4.36319737e+13
2.76e-09	1631.89569	4078.42124	-8854.44303	51546.7451	0.555305041	4.3631887e+13
2.77e-09	1310.80651	2765.22461	-7067.25795	50756.2826	0.554969491	4.36304789e+13
2.78e-09	2398.62146	887.750649	-5888.07602	50160.2284	0.55505291	4.36289884e+13
2.79e-09	3474.39104	702.338036	-4865.10805	50730.6665	0.555075164	4.36280496e+13
2.8e-09	2926.92689	428.707667	-3701.92739	50605.8136	0.55560475	4.36276933e+13
2.81e-09	2281.97528	1287.58335	-3429.01684	50927.7315	0.555630214	4.36283337e+13
2.82e-09	2918.05762	1633.0258	-2523.03951	51286.2342	0.5556504	4.36289891e+13
2.83e-09	1474.37473	2656.96569	-2403.81487	50779.2729	0.555623862	4.36294011e+13
2.84e-09	706.275021	2232.64021	-3294.093	50208.9254	0.555695804	4.36298199e+13
2.85e-09	859.658874	2470.6199	-6380.70632	50442.6175	0.555878594	4.36309245e+13
2.86e-09	464.297942	1384.21129	-6269.73462	49684.3721	0.555930348	4.3632009e+13
2.87e-09	299.54906	629.736852	-6463.7187	50800.19	0.556201883	4.3633605e+13
2.88e-09	525.797481	1520.73714	-5267.00285	50041.0132	0.556078202	4.3635167e+13
2.89e-09	130.969169	462.395267	-6273.93272	49196.872	0.556590053	4.36371399e+13
2.9e-09	1444.43453	-149.455481	-3813.51251	48072.1075	0.557138478	4.36403828e+13
2.91e-09	1387.81887	489.389268	-4862.83415	49391.7159	0.557687425	4.36451904e+13
2.92e-09	2147.03527	-94.7734359	-5034.22326	49924.5649	0.557569775	4.36501817e+13
2.93e-09	1816.0756	85.2733531	-3883.46277	49788.6471	0.557394924	4.36540727e+13
2.94e-09	-412.79646	1188.66967	-5870.09523	50168.2862	0.557218827	4.36573704e+13
2.95e-09	-37.8605237	-363.452221	-5738.77859	49130.0992	0.55762598	4.36602258e+13
2.96e-09	-1491.40443	1925.9951	-8620.33742	49237.94	0.55750533	4.36635702e+13
2.97e-09	-890.450288	2185.3334	-11115.8899	49507.4608	0.557149511	4.36659918e+13
2.98e-09	-1183.95025	562.521044	-11153.5528	49588.5717	0.556590725	4.36668575e+13
2.99e-09	-530.924238	-18.3699809	-11411.025	46913.3165	0.556964857	4.36668811e+13
3e-09	-9.93780218	-51.9500712	-12738.1028	47084.2115	0.55753401	4.36685895e+13
3.01e-09	-844.803823	1371.04514	-12144.1594	46625.6642	0.558180769	4.36718529e+13
3.02e-09	946.57388	1855.52653	-13921.1899	46297.5971	0.558571715	4.36764759e+13
3.03e-09	2091.00967	2054.89859	-15292.2295	47383.8779	0.558945536	4.36819459e+13
3.04e-09	1271.90662	5081.86434	-15343.1972	48521.2699	0.558229896	4.36864318e+13
3.05e-09	1588.18484	5589.00938	-15712.9896	49483.3695	0.557617885	4.36885212e+13
3.06e-09	731.176217	4267.46348	-15417.3287	49143.6982	0.556907794	4.36882701e+13
3.07e-09	-629.407409	3826.86683	-15218.3444	47640.6116	0.556541605	4.36863201e+13
3.08e-09	-768.287883	3463.2543	-15443.2943	48479.4082	0.556686377	4.36845002e+13
3.09e-09	-744.745598	2236.52403	-16483.9887	47904.1774	0.556434475	4.36824707e+13
3.1e-09	-566.352062	1959.44595	-15859.3238	45507.6466	0.556889594	4.36807678e+13
3.11e-09	944.493821	2768.89925	-16879.2381	46086.1465	0.557424383	4.36809362e+13
3.12e-09	1651.10031	2462.3487	-16212.701	46503.1115	0.557329948	4.36818034e+13
3.13e-09	1440.94573	2673.89552	-14002.0544	47003.2249	0.557708281	4.36829665e+13
3.14e-09	2370.86251	1571.23365	-13251.8955	46436.3954	0.558040725	4.36849804e+13
3.15e-09	1128.67428	1453.69774	-15486.9768	48134.1164	0.558163226	4.36877834e+13
3.16e-09	852.045704	2489.20148	-15057.8536	48826.6295	0.557780304	4.36897938e+13
3.17e-09	-461.681324	2606.66523	-13828.7622	48982.9799	0.557388262	4.36903099e+13
3.18e-09	355.838395	1736.71658	-13717.6366	49648.4835	0.556754952	4.36894622e+13
3.19e-09	-513.793668	455.181403	-12478.0824	49560.1271	0.556292904	4.36868272e+13
3.2e-09	717.699293	787.387464	-10564.6817	50380.0913	0.556007496	4.36835411e+13
3.21e-09	400.559076	2224.14964	-11303.935	50266.7052	0.555782074	4.36798044e+13
3.22e-09	1033.07402	1830.36142	-11480.313	51782.3615	0.55506852	4.36753195e+13
3.23e-09	361.337585	1672.79439	-10778.9937	50777.1446	0.554330584	4.36687963e+13
3.24e-09	991.894708	2383.73089	-11200.25	49361.2096	0.554727228	4.36622508e+13
3.25e-09	2506.31407	3429.1043	-11090.0503	49105.2984	0.555262821	4.36576452e+13
3.26e-09	2415.82302	3123.58146	-11156.3246	48455.3139	0.555840658	4.36551459e+13
3.27e-09	3337.17584	2396.46638	-11943.9617	49508.3847	0.55608877	4.36542668e+13
3.28e-09	3051.02464	933.429158	-12224.8342	49814.9397	0.555835606	4.36534597e+13
3.29e-09	3581.85233	1670.92911	-12106.9085	49330.3741	0.55577315	4.36522863e+13
3.3e-09	2978.16177	224.376452	-11996.3721	50808.1019	0.555444362	4.36507899e+13
3.31e-09	2919.99673	-230.445827	-11271.1501	51889.5055	0.554651746	4.36477096e+13
3.32e-09	1980.1301	901.62172	-8599.86299	50966.6351	0.55437299	4.36431108e+13
3.33e-09	1534.28824	10.1086726	-8474.35176	52175.4958	0.5538792	4.36381235e+13
3.34e-09	3473.52049	-746.290404	-8923.6171	51471.3192	0.55364557	4.36323218e+13
3.35e-09	2448.8963	-1484.30647	-8437.43847	50546.0783	0.553627601	4.36265593e+13
3.36e-09	2454.72257	-2282.91609	-8563.80787	50437.0847	0.553994575	4.36219952e+13
3.37e-09	2303.73683	-544.654483	-8343.898	50637.417	0.55405191	4.36185906e+13
3.38e-09	581.071829	-597.492176	-9105.7834	50307.5914	0.554461284	4.3616e+13
3.39e-09	1480.29821	-425.525912	-9452.25382	50355.8945	0.554700906	4.36147384e+13
3.4e-09	1274.05567	822.624575	-10150.2698	50180.3432	0.554769722	4.36139551e+13
3.41e-09	637.898777	-406.525318	-9185.2748	51866.4797	0.554473425	4.36132171e+13
3.42e-09	276.913639	444.775077	-8993.90243	50778.1416	0.55421831	4.36114274e+13
3.43e-09	-1218.43486	-952.652896	-7909.4147	50401.2321	0.554481326	4.36097114e+13
3.44e-09	-1187.72334	-1351.76418	-6665.70164	51548.4232	0.554460366	4.36087735e+13
3.45e-09	-183.394679	-2212.17617	-6605.20007	50673.7141	0.554440429	4.36076997e+13
3.46e-09	939.812132	3.58480441	-7531.57781	50268.0207	0.554953053	4.3607471e+13
3.47e-09	2119.33256	230.119385	-7456.30052	50565.3379	0.555381603	4.36086805e+13
3.48e-09	1154.33449	36.9217954	-7691.74566	50410.1546	0.555439616	4.36103974e+13
3.49e-09	-196.747152	-526.275847	-8323.65424	51209.6634	0.555445115	4.36122524e+13
3.5e-09	-120.285161	267.414697	-6546.30187	51264.0377	0.554911728	4.36130377e+13
3.51e-09	-990.311088	448.96339	-6278.14264	50335.0788	0.555081624	4.36131095e+13
3.52e-09	420.229156	2285.37748	-5873.67961	49260.5333	0.555535059	4.36140944e+13
3.53e-09	614.732594	1104.0189	-5772.55038	49472.7449	0.556122436	4.36165837e+13
3.54e-09	1448.82743	2468.56703	-5605.47004	50629.3015	0.556364923	4.36202247e+13
3.55e-09	1278.31391	1932.90244	-5409.4675	50058.7183	0.556014534	4.36231904e+13
3.56e-09	1449.49744	2303.80268	-6908.84123	52011.5977	0.555788466	4.36254467e+13
3.57e-09	1178.30457	2540.96209	-7632.41964	50933.3988	0.555173053	4.36257989e+13
3.58e-09	1433.9568	1973.56341	-5832.26901	51446.1171	0.555118596	4.36252304e+13
3.59e-09	1332.36853	2903.03262	-6515.58735	50392.1811	0.55506315	4.36243728e+13
3.6e-09	294.608431	3060.07081	-5926.52903	50234.7775	0.555196506	4.36238044e+13
3.61e-09	-1450.83659	2758.90844	-5070.59157	51485.5885	0.555239729	4.3623744e+13
3.62e-09	-608.845628	3782.61771	-4556.45026	51354.7635	0.554862712	4.36231953e+13
3.63e-09	-2597.06161	2433.297	-3180.7916	50416.154	0.554899709	4.36219438e+13
3.64e-09	-1491.12264	-384.617236	-2168.55015	52162.5035	0.5549934	4.36213593e+13
3.65e-09	-843.856102	-1281.7353	-2301.9646	50307.0975	0.554948337	4.36204468e+13
3.66e-09	1966.61559	-207.107599	-2157.45067	51341.2044	0.555258757	4.36203358e+13
3.67e-09	-785.738678	413.312117	-1659.68569	50933.2695	0.555304752	4.36206679e+13
3.68e-09	-1334.43435	110.582282	-2243.59132	50540.67	0.555744846	4.36215299e+13
3.69e-09	-1072.9671	427.173704	-4865.89387	50818.7065	0.555922743	4.36233728e+13
3.7e-09	-1419.06667	592.168187	-3683.84094	49778.3557	0.556058644	4.36254376e+13
3.71e-09	-166.350744	-697.592254	-3094.5471	50295.1569	0.555916504	4.36275155e+13
3.72e-09	-1886.71161	-1613.77757	-2425.39824	50508.2228	0.556226457	4.36294307e+13
3.73e-09	-1350.07809	751.34814	-3276.26281	50365.9084	0.556098199	4.36315977e+13
3.74e-09	-1046.54985	1428.71911	-4584.12838	49365.2386	0.556282243	4.36334489e+13
3.75e-09	-966.669146	685.661291	-6218.75272	47720.7104	0.556974168	4.36364378e+13
3.76e-09	-1566.04797	717.368493	-5291.85404	49779.3686	0.557443	4.36411307e+13
3.77e-09	-1837.31732	-1168.71915	-5466.30309	48896.1733	0.557592047	4.36459606e+13
3.78e-09	-2354.41845	139.774256	-9285.2427	51206.1942	0.557394938	4.36507702e+13
3.79e-09	-3808.18329	1090.05165	-8872.34681	50571.7513	0.556575813	4.36531379e+13
3.8e-09	-5149.20556	-532.298023	-8665.35495	49037.7508	0.556569233	4.36540295e+13
3.81e-09	-2722.89518	-71.7357985	-10204.0721	48731.1332	0.556848657	4.36553807e+13
3.82e-09	-2802.16046	-188.498207	-11020.764	48267.9567	0.557208198	4.36575298e+13
3.83e-09	-1545.45939	-16.8999061	-13623.4633	49385.8596	0.557167815	4.36601172e+13
3.84e-09	659.800514	1237.63866	-13873.4949	49638.5899	0.556725256	4.36615041e+13
3.85e-09	1402.82883	411.798677	-14494.2691	49658.2762	0.55617943	4.36614692e+13
3.86e-09	1508.77358	2600.89885	-14931.7926	48504.2461	0.556001564	4.36602313e+13
3.87e-09	1463.20522	1308.47444	-15528.1664	49647.9013	0.555729139	4.36588063e+13
3.88e-09	2467.23586	1075.57306	-15540.4641	48284.2193	0.555500714	4.36563694e+13
3.89e-09	2117.31988	-91.8962379	-15334.8175	47782.908	0.555684271	4.36541064e+13
3.9e-09	1638.09362	1675.50382	-13765.3448	48991.2407	0.555766054	4.36527189e+13
3.91e-09	963.545642	697.537386	-14643.6899	46931.4572	0.556095656	4.36516287e+13
3.92e-09	-755.585145	-105.350852	-16178.628	47132.655	0.55662372	4.36522891e+13
3.93e-09	-1658.95066	-1090.57202	-15974.2847	48543.5934	0.556640351	4.3653768e+13
3.94e-09	-3283.57694	-912.84956	-17076.4981	46739.3052	0.556905067	4.3654979e+13
3.95e-09	-1357.90717	-706.122861	-17912.52	49440.2196	0.556840968	4.36569984e+13
3.96e-09	-695.541337	-367.970436	-15696.1017	48729.6715	0.556076993	4.3657236e+13
3.97e-09	676.741702	-1492.65622	-15570.3844	49368.5187	0.555699204	4.36559404e+13
3.98e-09	671.30149	-1115.29952	-15448.5025	49989.0704	0.55534321	4.36536535e+13
3.99e-09	856.16429	-1694.63519	-13447.7938	50276.8236	0.554964575	4.36504498e+13
4e-09	1309.57662	-1915.86019	-12974.575	49367.2189	0.554663091	4.36465295e+13
4.01e-09	239.760374	-1121.10903	-13411.7387	47987.2723	0.55541742	4.36434212e+13
4.02e-09	371.54144	-1641.10044	-14143.6772	47128.6046	0.556092137	4.36428681e+13
4.03e-09	1173.95118	-1524.45573	-12878.2652	45883.1586	0.557096656	4.3644681e+13
4.04e-09	98.4984205	-1950.67001	-11247.6855	45959.7037	0.558130093	4.36494927e+13
4.05e-09	-1525.05193	-567.361856	-9809.80109	46951.1989	0.558770863	4.36564127e+13
4.06e-09	534.290625	-628.164161	-11509.3845	46954.7594	0.559066719	4.36641275e+13
4.07e-09	459.244174	588.525743	-10244.8539	48029.1998	0.559050904	4.36715082e+13
4.08e-09	-806.181593	-136.382163	-9355.89801	49432.9631	0.558912321	4.36779895e+13
4.09e-09	1103.70421	753.770089	-9737.87561	50719.0313	0.557893402	4.36822628e+13
4.1e-09	699.825743	308.008481	-11805.9975	49738.951	0.557172246	4.36833763e+13
4.11e-09	1400.70816	30.9582537	-12043.1545	49301.318	0.556758823	4.36827066e+13
4.12e-09	-1278.0715	-1045.12951	-11218.5761	48451.7227	0.556654812	4.36813141e+13
4.13e-09	-1327.45161	-1892.13098	-11351.9782	49967.4509	0.556733555	4.36802942e+13
4.14e-09	-2347.4372	-3431.1991	-10594.0881	49640.5919	0.556623356	4.36789283e+13
4.15e-09	-3317.77595	-1186.13656	-11204.2625	50132.539	0.556298718	4.36772959e+13
4.16e-09	-3294.27488	-1062.25297	-7858.53357	49975.9329	0.556012084	4.36747749e+13
4.17e-09	-3515.16077	-345.828414	-8982.22136	50428.484	0.555921096	4.36721322e+13
4.18e-09	-2651.68792	1861.80852	-8531.60532	49519.3979	0.556143432	4.36695941e+13
4.19e-09	-2185.26416	314.928033	-10822.4773	50953.6342	0.556070102	4.36679205e+13
4.2e-09	-2741.51357	63.0887218	-8726.17236	52642.3365	0.555252761	4.36650517e+13
4.21e-09	-3995.90241	-810.438663	-9074.38515	51401.1457	0.554640078	4.36601786e+13
4.22e-09	-2224.93509	-576.579725	-8322.66384	49305.3377	0.554645748	4.36547094e+13
4.23e-09	-2876.3994	1218.37362	-8564.93299	48542.5908	0.555270826	4.36507981e+13
4.24e-09	-2844.55097	-524.55899	-8834.08893	50060.3627	0.555738504	4.36490644e+13
4.25e-09	-3147.99624	-1182.94616	-7589.20697	48723.8328	0.55615967	4.36484077e+13
4.26e-09	-1979.71966	-940.132788	-6083.9192	48807.1613	0.556897378	4.36496323e+13
4.27e-09	-1560.01964	-705.235448	-5503.13662	50705.454	0.556849446	4.36521037e+13
4.28e-09	-1439.44497	-1467.40373	-5797.33711	50866.209	0.556346481	4.36532802e+13
4.29e-09	-2298.18492	-2647.33063	-7468.4086	49954.364	0.556072053	4.3653156e+13
4.3e-09	256.899945	-1065.2664	-7742.04346	50690.1768	0.55585828	4.36525707e+13
4.31e-09	1223.8672	-33.0356331	-8366.01515	50846.8728	0.555545587	4.36511364e+13
4.32e-09	1189.58942	1492.64946	-10720.1273	51858.7283	0.555215625	4.36489997e+13
4.33e-09	1586.37091	849.612424	-9123.9617	49002.6843	0.555228943	4.36460938e+13
4.34e-09	2206.81201	-270.901203	-8228.23622	49656.0722	0.555726637	4.36445658e+13
4.35e-09	2542.4788	717.512968	-8976.88015	51427.6169	0.555570411	4.36439426e+13
4.36e-09	2983.87465	-606.514851	-8693.05643	51644.3038	0.555234653	4.36423926e+13
4.37e-09	2845.14003	123.679421	-8846.77933	52922.1985	0.554464241	4.36396933e+13
4.38e-09	4017.66863	-532.013876	-8286.39515	51132.8178	0.553851931	4.36348011e+13
4.39e-09	4506.69789	-79.1629528	-7174.794	51608.5816	0.553778592	4.36295669e+13
4.4e-09	2971.93152	1413.69422	-6207.2038	52176.3493	0.553496584	4.36243638e+13
4.41e-09	2144.7626	3354.47626	-3757.37203	51476.642	0.55378379	4.3619431e+13
4.42e-09	1236.11674	3175.17992	-3581.03278	51462.7218	0.554253339	4.36161868e+13
4.43e-09	5.28642742	3165.51832	-4951.87429	51671.1778	0.554151349	4.36138092e+13
4.44e-09	1223.50064	2648.64164	-5169.64513	49688.7956	0.554392967	4.3611609e+13
4.45e-09	858.982071	2599.69459	-4953.22066	50087.818	0.554854306	4.36108953e+13
4.46e-09	-424.702994	1270.15162	-4134.53515	48723.121	0.555621781	4.36117069e+13
4.47e-09	433.886977	1596.41243	-3627.99865	48050.1161	0.556694312	4.36152146e+13
4.48e-09	-1284.45116	1525.08962	-4361.02363	46924.6679	0.557790531	4.36215619e+13
4.49e-09	-63.2885177	754.761446	-5659.1186	47694.315	0.558693364	4.36305422e+13
4.5e-09	-1846.27613	1346.37863	-5466.9978	47831.2334	0.559092756	4.36405753e+13
4.51e-09	-298.689639	-242.523122	-4482.7544	52097.4588	0.558469384	4.36498024e+13
4.52e-09	-181.558747	-935.227363	-2208.94738	51327.2597	0.557620958	4.36554003e+13
4.53e-09	-658.145212	-809.385912	-2910.27833	51553.1781	0.556859035	4.3658309e+13
4.54e-09	-354.683093	-711.177736	-2120.3244	51196.1123	0.55611515	4.36586333e+13
4.55e-09	-605.369043	-573.35791	-2626.67199	51379.4917	0.555637071	4.36572102e+13
4.56e-09	857.699479	-1438.50565	-1654.33929	50074.7177	0.555587426	4.36549101e+13
4.57e-09	2288.22592	-280.147076	-4100.89851	48961.631	0.556265367	4.36536936e+13
4.58e-09	743.780724	583.652916	-2843.13378	48850.4231	0.556893362	4.36547564e+13
4.59e-09	396.302358	679.143991	-2066.29399	49096.6015	0.557268957	4.36570827e+13
4.6e-09	197.684242	313.281523	-4403.81601	49830.814	0.557366886	4.36600895e+13
4.61e-09	865.299196	964.589853	-5146.65592	49191.082	0.557296075	4.3662554e+13
4.62e-09	1589.07543	906.819991	-6354.77763	49236.0147	0.55732168	4.36649672e+13
4.63e-09	839.469494	1760.50956	-7513.27595	48260.1457	0.557515804	4.36671297e+13
4.64e-09	1394.17592	-266.156023	-7306.48183	48593.7517	0.558035317	4.36703951e+13
4.65e-09	1939.79254	-44.9917387	-9630.116	49854.6467	0.557833354	4.3673944e+13
4.66e-09	1013.49341	773.936859	-12129.5764	49605.0095	0.557030625	4.36757501e+13
4.67e-09	-371.454426	544.681612	-12897.2243	50534.0767	0.556561775	4.36754741e+13
4.68e-09	-133.063585	547.900361	-14351.7642	51042.4328	0.555707906	4.36733059e+13
4.69e-09	1834.25592	945.160612	-15318.0323	51104.4618	0.554878216	4.36687374e+13
4.7e-09	2079.25644	360.558194	-14502.779	51662.8468	0.553944397	4.36621151e+13
4.71e-09	2051.89295	1216.3079	-13941.1595	50737.6288	0.553375579	4.36537017e+13
4.72e-09	1158.78129	-467.745649	-14455.1775	48624.7854	0.553628402	4.3645433e+13
4.73e-09	1067.11162	-1119.82899	-15687.9366	48453.934	0.554413828	4.36396283e+13
4.74e-09	1121.4869	395.594212	-14454.7121	50371.4547	0.554379467	4.36356899e+13
4.75e-09	1920.66102	-206.737431	-14122.7821	50318.9655	0.554074425	4.36314975e+13
4.76e-09	2760.70972	-1597.68027	-12158.2093	49439.764	0.554255771	4.36273017e+13
4.77e-09	2168.15087	1776.85673	-11363.3652	47665.6503	0.555110567	4.36248828e+13
4.78e-09	481.620532	1214.02895	-13660.1007	48938.8319	0.55569095	4.3625342e+13
4.79e-09	-1302.09126	-617.541397	-13511.2848	48977.6051	0.555577143	4.36262571e+13
4.8e-09	-907.881046	-450.882382	-14196.5743	47612.3275	0.555873188	4.36271249e+13
4.81e-09	718.47497	-397.545336	-15359.418	45749.1967	0.556516303	4.36292985e+13
4.82e-09	-763.017065	-760.657938	-15990.8632	46168.4989	0.557476496	4.36337692e+13
4.83e-09	161.022479	2054.10133	-16607.5016	47824.0546	0.557371615	4.36393834e+13
4.84e-09	-352.896142	2194.7647	-16396.2245	46744.4433	0.55732936	4.36438551e+13
4.85e-09	-1128.30693	2382.97732	-13770.1541	46591.374	0.557809443	4.36484796e+13
4.86e-09	-809.958373	2694.39265	-12741.6484	47845.3383	0.557803531	4.36538379e+13
4.87e-09	-755.638226	2947.54558	-14538.7476	49107.4235	0.557317573	4.3657979e+13
4.88e-09	-582.098961	1787.53218	-15234.555	48227.7837	0.556981263	4.36601345e+13
4.89e-09	125.038039	1631.82675	-13142.9712	48005.0115	0.556806247	4.36613167e+13
4.9e-09	1662.46103	1508.34442	-12481.5355	48398.7332	0.557162202	4.36627411e+13
4.91e-09	725.557822	2183.19214	-11504.9861	50207.2976	0.556602271	4.36640373e+13
4.92e-09	811.717401	4056.50762	-11254.6536	50343.8802	0.556037146	4.3663378e+13
4.93e-09	385.927836	3653.28251	-10362.3355	50448.2731	0.55566414	4.36613327e+13
4.94e-09	-563.67149	2683.4129	-10264.5785	51574.8937	0.555301907	4.36585738e+13
4.95e-09	-629.115296	2345.5238	-10393.2985	50923.2028	0.554778906	4.36544996e+13
4.96e-09	-1018.6495	2478.57813	-10461.0144	51973.6711	0.554322179	4.36496141e+13
4.97e-09	629.33652	1778.6264	-9856.06288	50638.2008	0.554215836	4.36440823e+13
4.98e-09	2421.05133	2438.38325	-10664.8687	50402.9439	0.554407246	4.36392463e+13
4.99e-09	3467.08668	3136.58196	-11185.1889	52009.5669	0.554087535	4.36350455e+13
5e-09	3643.68942	2268.87151	-10921.0242	51734.915	0.553799115	4.36299829e+13
5.01e-09	4526.4622	1928.08201	-10236.2058	51671.9525	0.553428764	4.3624527e+13
5.02e-09	3863.9493	1787.94828	-10140.8062	51901.4036	0.553272512	4.3618903e+13
5.03e-09	2740.09171	3525.94033	-10187.4511	50274.5577	0.553319415	4.36133108e+13
5.04e-09	-153.91893	2500.25739	-8404.58588	50590.1121	0.553845031	4.36093e+13
5.05e-09	116.162096	2503.66398	-9161.18648	49427.2384	0.554273541	4.36070382e+13
5.06e-09	-1926.42674	1638.84099	-9086.5944	49302.3153	0.554853658	4.36065128e+13
5.07e-09	-2450.66739	1870.06241	-9182.63841	48898.8982	0.555513569	4.36077385e+13
5.08e-09	-3775.09855	2100.05865	-7499.77869	49481.0157	0.555860709	4.36105373e+13
5.09e-09	-2433.39797	-969.062785	-7856.57982	51197.8785	0.555387402	4.3613118e+13
5.1e-09	-3126.73778	-491.775392	-9776.36107	50360.9226	0.555121154	4.36140561e+13
5.11e-09	-950.217566	-1039.50072	-11810.0773	51501.0218	0.554747171	4.36141721e+13
5.12e-09	-1159.64853	-1434.16319	-11055.0517	52311.0174	0.553975617	4.36124578e+13
5.13e-09	-395.90628	-1705.92371	-11037.7045	50540.8647	0.553658357	4.36090807e+13
5.14e-09	385.564885	-2636.766	-11568.7324	50827.2232	0.553776178	4.36059674e+13
5.15e-09	545.137905	-4486.30024	-10028.0887	50031.5924	0.553856851	4.36032582e+13
5.16e-09	1582.02302	-2042.02261	-12828.9122	49444.8678	0.554275213	4.36016068e+13
5.17e-09	1705.71988	-1856.96128	-12483.9421	48678.2454	0.555008067	4.36016796e+13
5.18e-09	2757.24651	-1719.22132	-11179.0925	47864.8673	0.555525444	4.36035776e+13
5.19e-09	3741.10115	-964.412457	-10481.4367	48840.8351	0.555855639	4.36068694e+13
5.2e-09	1767.89029	829.10698	-9927.47779	48748.792	0.556107122	4.36104728e+13
5.21e-09	2563.20149	969.986095	-9055.93314	48445.7019	0.556622061	4.36147618e+13
5.22e-09	2603.3407	965.338078	-8498.54408	46332.0853	0.557664891	4.36206245e+13
5.23e-09	21.1886819	1496.39346	-8828.63488	48619.8514	0.55839057	4.36290423e+13
5.24e-09	54.3651683	957.976494	-9165.95673	48447.4988	0.558219028	4.3637358e+13
5.25e-09	-1273.19433	1280.77724	-8368.11186	49337.3301	0.558081024	4.36445414e+13
5.26e-09	985.498821	2600.74843	-8827.06182	50226.8769	0.557372626	4.36499576e+13
5.27e-09	676.689989	2413.84188	-6883.88152	50159.5275	0.556925776	4.36528827e+13
5.28e-09	1433.93125	1285.88764	-5291.70123	50083.6618	0.556778507	4.36546833e+13
5.29e-09	-372.165874	1045.7515	-6014.01224	51202.6759	0.556602953	4.36560166e+13
5.3e-09	283.462357	2949.01635	-5980.04658	51226.8944	0.556166601	4.3656308e+13
5.31e-09	248.862524	1397.46104	-7788.60041	52170.0959	0.555556197	4.36551233e+13
5.32e-09	2589.44929	1287.91646	-7846.57765	51960.8718	0.554722621	4.36518424e+13
5.33e-09	1715.23404	321.015771	-8102.66001	51601.682	0.554617529	4.36472753e+13
5.34e-09	690.813775	1654.2867	-8485.73768	52043.4912	0.554276498	4.36426466e+13
5.35e-09	-85.8745957	1220.95056	-6650.8561	50451.7924	0.55408314	4.36374297e+13
5.36e-09	2359.87891	889.613924	-7148.46166	50362.0974	0.554492005	4.36331901e+13
5.37e-09	1881.55898	97.863542	-6495.61062	50505.0628	0.554779131	4.36303387e+13
5.38e-09	1512.33414	289.148858	-7219.7436	50595.5469	0.555013121	4.36286052e+13
5.39e-09	1718.58104	-533.900632	-4358.93884	50119.8019	0.555112946	4.36274137e+13
5.4e-09	1322.33353	-660.688086	-3169.69774	50689.4514	0.555510046	4.36271904e+13
5.41e-09	3036.9381	-570.18771	-2742.22542	49966.6976	0.555827041	4.36280037e+13
5.42e-09	2451.81418	-502.515366	-2389.578	48492.7459	0.556356888	4.36298607e+13
5.43e-09	-266.850485	-4047.67866	-3888.89348	48614.2229	0.557257822	4.36336568e+13
5.44e-09	567.052742	-1894.55505	-2398.44392	49081.4748	0.55790749	4.36393804e+13
5.45e-09	-558.806146	-3160.85988	-2530.74502	50487.4012	0.557934297	4.36457645e+13
5.46e-09	-1148.32651	-5224.61145	-5220.44519	51200.4769	0.557477317	4.3650939e+13
5.47e-09	-1382.83466	-5085.83005	-5065.32334	51162.6151	0.556558603	4.36535158e+13
5.48e-09	-846.436959	-5375.83528	-4881.299	50637.7374	0.556279759	4.36540957e+13
5.49e-09	-910.8426	-5910.28329	-6197.56149	49569.1553	0.556357788	4.36541321e+13
5.5e-09	-1775.56431	-3872.42582	-7657.44747	49949.4116	0.556573092	4.36547695e+13
5.51e-09	70.7761122	-1958.45225	-8927.24475	51349.3016	0.556159175	4.36552444e+13
5.52e-09	-1321.52783	-1173.40505	-8211.36648	51180.0593	0.555534984	4.36538996e+13
5.53e-09	-692.15311	-1962.12038	-8255.14359	50184.0298	0.555331037	4.36513562e+13
5.54e-09	693.713471	-3631.0193	-8436.49923	50313.1313	0.555546876	4.36491749e+13
5.55e-09	1134.63652	-1922.22702	-9328.21795	50372.0875	0.555472053	4.36475308e+13
5.56e-09	1544.66947	-2396.25816	-9161.46209	50718.4692	0.555295969	4.36456596e+13
5.57e-09	-177.457862	-1296.12945	-9328.66366	51885.3834	0.554554188	4.36426764e+13
5.58e-09	687.502195	-2564.26915	-8822.38416	52552.0905	0.553851183	4.36378616e+13
5.59e-09	874.353835	-2771.36451	-10370.4861	52045.5581	0.553459577	4.36318118e+13
5.6e-09	957.627761	-2781.28215	-12294.6412	51992.4639	0.552981558	4.36251292e+13
5.61e-09	1714.59867	-2675.82278	-13982.3853	49292.4229	0.552819339	4.36178458e+13
5.62e-09	-222.12928	-142.023146	-15144.6161	47672.0949	0.553640751	4.36122248e+13
5.63e-09	-335.142085	-564.293475	-16475.3167	48435.9898	0.554106749	4.36094129e+13
5.64e-09	-350.160291	-1846.69995	-15675.9663	48331.0185	0.554554685	4.36078831e+13
5.65e-09	-257.431791	-2017.33934	-14372.1342	46924.9125	0.555364572	4.36081316e+13
5.66e-09	-628.180697	-2489.44085	-13553.354	47111.8418	0.556213877	4.36110393e+13
5.67e-09	-1599.70373	-1553.49409	-14777.7522	47152.878	0.556932325	4.36160826e+13
5.68e-09	-1868.97031	-2156.46639	-15372.3078	48465.3543	0.556866107	4.36217509e+13
5.69e-09	-1556.33348	-67.4998865	-16176.807	49317.2986	0.556071019	4.3625575e+13
5.7e-09	-589.386187	-402.6446	-16017.84	48779.7704	0.555539534	4.36269048e+13
5.71e-09	710.609093	441.412678	-14416.3462	46853.5031	0.555933485	4.36276662e+13
5.72e-09	1515.4213	1924.84498	-13363.8776	48858.6612	0.556176618	4.3629638e+13
5.73e-09	1805.17548	2687.72651	-12309.5939	48394.8865	0.55628476	4.36318173e+13
5.74e-09	176.284754	1079.45967	-13760.8741	48841.1019	0.556144415	4.36339091e+13
5.75e-09	82.0800458	1602.3748	-12818.071	49539.4728	0.555963829	4.36352252e+13
5.76e-09	227.513579	-389.860882	-11822.136	51283.0129	0.555453815	4.36355744e+13
5.77e-09	1203.6114	1447.89692	-10785.7993	50824.1396	0.554939482	4.36342649e+13
5.78e-09	1464.58837	1369.37175	-9069.21709	51759.4213	0.554616919	4.36318914e+13
5.79e-09	2330.10795	2331.95542	-9322.48724	50986.1801	0.55434266	4.36286938e+13
5.8e-09	1577.92758	3627.15845	-9854.66376	51391.7574	0.554296216	4.36254967e+13
5.81e-09	1431.49795	2526.88958	-10525.8621	51304.9869	0.554353221	4.36224049e+13
5.82e-09	176.146631	2161.08049	-11253.4195	51008.9931	0.55392992	4.36191649e+13
5.83e-09	-820.203169	1988.51176	-11589.7901	50394.6032	0.554085746	4.36157338e+13
5.84e-09	1462.64857	3954.15239	-13184.3074	50356.6167	0.553861143	4.36127398e+13
5.85e-09	2659.90959	-89.6123659	-12999.5912	52246.9104	0.553408133	4.36092018e+13
5.86e-09	685.448064	585.089284	-12165.9323	52285.7096	0.552824371	4.36041386e+13
5.87e-09	1420.37064	2751.18861	-11770.0177	52049.5451	0.552591413	4.35984624e+13
5.88e-09	1693.80605	3308.24092	-10277.5094	49637.7489	0.553008215	4.35932785e+13
5.89e-09	1085.37776	3504.32683	-9717.07336	50168.4551	0.553647586	4.3590548e+13
5.9e-09	1252.28487	3324.98008	-9732.97034	49387.492	0.554425802	4.35898382e+13
5.91e-09	-111.292489	2596.59279	-11479.6581	48858.5635	0.554965156	4.35913419e+13
5.92e-09	650.394017	-454.280117	-10584.4735	49383.1596	0.555576756	4.35943122e+13
5.93e-09	284.678081	-638.129131	-10013.5003	50499.5607	0.55563223	4.35980783e+13
5.94e-09	-68.772615	-1822.55558	-10802.7681	49972.2651	0.555254196	4.36010681e+13
5.95e-09	-1379.88761	-722.651288	-11905.7389	50000.7038	0.555261584	4.36032379e+13
5.96e-09	-1147.6335	-1649.14321	-12738.7747	49669.8636	0.55515573	4.36049344e+13
5.97e-09	-819.146207	-1994.98865	-12111.32	49491.1736	0.555517374	4.36068101e+13
5.98e-09	-1604.26516	-3132.2865	-11641.9206	48608.4482	0.555722202	4.36093188e+13
5.99e-09	-1980.60388	-1418.54056	-12531.0457	50824.3932	0.555737658	4.36122484e+13
6e-09	-1982.27053	-1758.94963	-10727.3755	50487.1091	0.554992178	4.36136104e+13
6.01e-09	-1143.94325	-283.021754	-11700.8304	48355.7072	0.555307851	4.36140091e+13
6.02e-09	-1595.35624	976.730649	-11429.3715	48723.2147	0.555706914	4.36155444e+13
6.03e-09	-1231.56325	631.615065	-10958.3328	48027.5144	0.556227658	4.36182682e+13
6.04e-09	-870.815646	-563.179287	-10594.918	50318.2443	0.556465685	4.36221254e+13
6.05e-09	-1235.27536	921.420884	-9749.41977	51185.6343	0.5558573	4.36249117e+13
6.06e-09	-1105.67773	538.554194	-9880.02631	49303.1648	0.555586542	4.3625969e+13
6.07e-09	-425.447501	-185.277285	-10345.4193	48464.3981	0.55607919	4.36272732e+13
6.08e-09	507.427682	-206.591713	-9730.89518	48605.1154	0.556522942	4.36298325e+13
6.09e-09	1301.31489	-208.106371	-9772.92235	50022.8558	0.556444633	4.36329719e+13
6.1e-09	1364.65462	56.5365718	-9881.50016	50080.6932	0.55617368	4.36351842e+13
6.11e-09	1074.25711	-1114.96151	-8615.42276	49588.0156	0.556224002	4.36366057e+13
6.12e-09	753.195879	-106.076311	-8816.50018	49886.622	0.556357352	4.36382965e+13
6.13e-09	-228.52142	-1373.13671	-8193.39249	51536.6027	0.55588469	4.36395953e+13
6.14e-09	-1317.76417	-414.00274	-8243.71095	51134.9929	0.555324918	4.36390622e+13
6.15e-09	930.410991	-799.573496	-7895.80437	53713.6237	0.5543159	4.36367387e+13
6.16e-09	1161.83664	-1583.2281	-8193.32399	53296.0678	0.553428888	4.36312996e+13
6.17e-09	1998.18294	-752.143927	-7663.02336	52007.1395	0.553069033	4.36244801e+13
6.18e-09	1552.17577	-220.436717	-8427.5951	52183.0084	0.553179138	4.36181238e+13
6.19e-09	896.896552	-991.995012	-8977.84559	51316.1224	0.552999326	4.36121401e+13
6.2e-09	91.9825121	-2481.85822	-7824.28972	49310.6474	0.553694849	4.36072723e+13
6.21e-09	-12.2604096	-3312.06912	-6203.45643	47467.2005	0.555120794	4.36059818e+13
6.22e-09	123.943977	-2077.799	-6145.65981	47250.6345	0.556799543	4.36095248e+13
6.23e-09	-861.454134	-1877.13543	-5038.01723	46855.3088	0.558042387	4.36169986e+13
6.24e-09	-678.816481	146.446102	-6116.12125	47184.4546	0.559172794	4.36273814e+13
6.25e-09	-94.9351713	448.106305	-6193.85666	47727.4495	0.559820609	4.36394594e+13
6.26e-09	-111.110835	1493.76609	-5603.27409	51102.7806	0.559393912	4.36510617e+13
6.27e-09	-223.594925	521.064711	-6377.67326	52296.7042	0.55805438	4.36586652e+13
6.28e-09	191.63837	-1850.20929	-7249.20224	51503.8525	0.556996746	4.36618701e+13
6.29e-09	589.673484	-2782.38157	-6010.49051	50418.4136	0.556469423	4.36624366e+13
6.3e-09	1362.32943	-2321.02485	-5727.72442	50435.7234	0.556434339	4.36621913e+13
6.31e-09	827.630192	-2359.51544	-6836.82506	51567.3693	0.556084774	4.36617181e+13
6.32e-09	474.804021	-3139.64121	-6752.70967	51742.1835	0.555671864	4.36598946e+13
6.33e-09	877.753746	-2404.63612	-7415.06546	51086.2323	0.555302379	4.36570707e+13
6.34e-09	889.803605	-2181.09819	-6984.66261	52612.7099	0.554615353	4.36532913e+13
6.35e-09	448.767093	-718.305449	-7875.17691	52099.3357	0.554153489	4.36479018e+13
6.36e-09	1516.82422	1304.75018	-6797.71977	49411.7975	0.554095827	4.36420008e+13
6.37e-09	1285.32206	1387.78695	-8448.92155	49546.3327	0.554849842	4.36379547e+13
6.38e-09	4420.53217	1063.63955	-8428.53795	49324.0044	0.555357663	4.36361579e+13
6.39e-09	4985.75515	2696.16288	-9856.12047	46739.4198	0.556369778	4.36363522e+13
6.4e-09	2709.61442	2783.83165	-9420.83197	49013.2612	0.556964128	4.36393659e+13
6.41e-09	2499.83407	3015.46082	-10532.9292	47975.6779	0.557273593	4.36431166e+13
6.42e-09	774.226402	1841.0304	-10432.4134	47287.198	0.557875352	4.36479607e+13
6.43e-09	603.227136	2293.88382	-11815.2856	48294.6788	0.558083975	4.36537734e+13
6.44e-09	-387.223442	1130.6247	-13894.4839	49700.1517	0.557537387	4.36586184e+13
6.45e-09	-480.296972	-40.1564888	-14054.8003	49463.6847	0.556822748	4.36608945e+13
6.46e-09	-216.957152	-1400.03119	-12941.7581	48494.0678	0.556723274	4.36617334e+13
6.47e-09	-353.141148	-2685.99056	-12768.2029	47868.1211	0.556893621	4.36625512e+13
6.48e-09	-596.817264	-2895.35157	-13773.8515	47611.1424	0.557352797	4.36642256e+13
6.49e-09	-847.429695	-3533.17007	-14140.8957	48499.9866	0.557368696	4.36666379e+13
6.5e-09	-1331.15013	-2683.10023	-14675.062	47058.571	0.557263265	4.36683493e+13
6.51e-09	-1339.94998	-1834.21647	-14837.5714	48113.4419	0.557334699	4.36702479e+13
6.52e-09	-101.901336	-1613.38262	-15296.6944	46209.375	0.557416613	4.3671794e+13
6.53e-09	338.345567	-568.626153	-14610.2048	47306.9597	0.557666045	4.36739362e+13
6.54e-09	-122.081771	-682.374269	-13973.637	47010.2919	0.557731675	4.36762499e+13
6.55e-09	176.854816	-1582.05196	-13644.9662	46657.2958	0.558266731	4.36792875e+13
6.56e-09	-1024.18782	939.330676	-15634.613	46783.9511	0.558403514	4.36831124e+13
6.57e-09	-1500.66318	472.130142	-14653.9545	47425.9083	0.558269872	4.36866999e+13
6.58e-09	57.8963443	1869.12799	-14783.5822	46954.2697	0.558180358	4.36893505e+13
6.59e-09	-1576.63656	3121.45777	-12960.7029	49054.4869	0.557867355	4.36914599e+13
6.6e-09	-2203.74619	2941.12713	-11476.4221	50577.7507	0.557029687	4.3691784e+13
6.61e-09	-3050.33832	3593.54488	-10994.5186	49424.7932	0.556371622	4.36896248e+13
6.62e-09	-2537.8988	3353.96688	-10598.5296	50114.1944	0.556058931	4.36863025e+13
6.63e-09	-3.5145829	2519.39176	-10053.041	50581.0689	0.555980607	4.36827038e+13
6.64e-09	-1398.99954	1543.58358	-9801.03506	50580.307	0.555803185	4.36790592e+13
6.65e-09	-855.316311	-117.933098	-10156.0287	51453.7833	0.555453473	4.36750229e+13
6.66e-09	-2091.21653	-710.673952	-11720.6192	50949.3396	0.55483778	4.36697525e+13
6.67e-09	-1391.65301	953.351812	-11582.5471	51404.3183	0.554485407	4.36637726e+13
6.68e-09	-3458.21155	922.139392	-10879.3618	50391.6134	0.554208201	4.36571462e+13
6.69e-09	-1898.9295	317.534361	-10474.0134	48681.7139	0.554896464	4.36515989e+13
6.7e-09	384.846213	-1457.92151	-9564.77008	49248.8295	0.555640899	4.36489697e+13
6.71e-09	757.541113	-508.256407	-8909.14578	48546.1393	0.556167866	4.36482253e+13
6.72e-09	2244.72786	-658.938873	-9482.16303	49914.0309	0.556323781	4.36489171e+13
6.73e-09	1021.7373	-548.497986	-9830.04708	49439.6947	0.55617737	4.36493699e+13
6.74e-09	870.745688	-2865.4113	-11617.7935	48924.7555	0.556287933	4.36497459e+13
6.75e-09	926.732238	-1931.48124	-9286.41927	48923.1546	0.556464703	4.36505594e+13
6.76e-09	-636.78055	-2597.08621	-8982.09393	49486.7437	0.556817476	4.36521047e+13
6.77e-09	-1556.53478	-3150.51594	-10873.3114	49989.794	0.556487978	4.36536878e+13
6.78e-09	-1102.81277	-852.653443	-11391.3736	50357.057	0.555924308	4.3653586e+13
6.79e-09	-337.156492	1065.13036	-11207.1997	49864.4668	0.555565021	4.3652203e+13
6.8e-09	425.569653	1151.16698	-12449.1897	48608.864	0.555606326	4.36504101e+13
6.81e-09	389.413636	-2225.78238	-11819.55	48502.8811	0.555924113	4.36491543e+13
6.82e-09	-445.280823	-3041.00282	-11419.0139	48382.3907	0.556319725	4.36493295e+13
6.83e-09	596.598752	-3317.97627	-11281.5495	46595.2061	0.556768447	4.36503578e+13
6.84e-09	103.124318	-1184.71939	-9940.42269	47044.0536	0.557809091	4.36537648e+13
6.85e-09	-1008.1485	-115.335405	-9724.17282	47266.3284	0.558546397	4.36594114e+13
6.86e-09	-1160.22982	1741.01675	-9257.96073	48016.8426	0.558795852	4.3666058e+13
6.87e-09	-1527.14785	1945.54081	-9327.36366	48617.9159	0.558866654	4.36726099e+13
6.88e-09	-1088.1052	3863.82661	-12184.2884	47366.9797	0.558652673	4.36780516e+13
6.89e-09	-391.779833	1817.38182	-12857.1483	52359.9258	0.557664156	4.36821161e+13
6.9e-09	-182.248476	2841.72394	-13223.7404	52615.1103	0.555898107	4.36810036e+13
6.91e-09	-537.792695	2235.33851	-10859.9685	52235.2271	0.554900021	4.36758936e+13
6.92e-09	-293.607918	1771.57246	-10550.2249	51210.2615	0.554349746	4.3668973e+13
6.93e-09	-411.305589	1915.44259	-11425.4188	49811.5422	0.554472975	4.36620416e+13
6.94e-09	-187.765302	876.255892	-11149.4045	49121.8601	0.554678375	4.3656355e+13
6.95e-09	-429.277697	-62.0042098	-9648.08544	49404.465	0.554951862	4.36519613e+13
6.96e-09	-1600.94906	687.363959	-8791.23503	49096.2819	0.555353132	4.36490003e+13
6.97e-09	-3386.49023	222.576659	-7035.60617	50602.3492	0.555778882	4.36477046e+13
6.98e-09	-2552.09618	-260.905095	-5640.83424	50697.7876	0.555726425	4.36469348e+13
6.99e-09	-1968.48522	-988.64359	-6461.96998	50267.5404	0.555657233	4.36459271e+13
7e-09	-1795.72499	-997.440716	-6898.80264	48925.062	0.556180201	4.36454882e+13
7.01e-09	-1523.50526	-335.471326	-6735.21122	49354.875	0.556443834	4.36465449e+13
7.02e-09	-802.974323	-718.254899	-4903.93121	49910.527	0.556504875	4.36480124e+13
7.03e-09	-829.160933	-27.1379118	-4267.67937	48641.4188	0.556702688	4.36495219e+13
7.04e-09	-1318.06309	-561.145872	-3620.57929	48962.1269	0.557278322	4.36520735e+13
7.05e-09	-2580.82432	887.328361	-3208.92237	48807.1979	0.557787229	4.36559237e+13
7.06e-09	-2164.61971	2929.81262	-3894.7911	48231.9054	0.558211441	4.36608002e+13
7.07e-09	-2032.49589	1653.84896	-5700.27455	49484.0997	0.558202365	4.36662491e+13
7.08e-09	-1849.00203	2511.43712	-6175.91621	49327.825	0.558123734	4.36707591e+13
7.09e-09	-1531.73379	2534.54559	-4898.40502	48165.7359	0.558080589	4.36744803e+13
7.1e-09	-2402.08232	2470.45857	-7449.56195	47401.9892	0.558618795	4.36786666e+13
7.11e-09	-1192.58582	883.728113	-7184.02488	49633.5645	0.558606748	4.36836502e+13
7.12e-09	1078.60082	1349.59641	-8635.16972	50463.6549	0.558089299	4.36870678e+13
7.13e-09	1456.54939	2176.75815	-9463.80182	50662.9056	0.557147007	4.3688143e+13
7.14e-09	785.754331	818.546381	-8416.99404	52341.1273	0.556147539	4.36864174e+13
7.15e-09	188.647582	2356.72385	-8172.84376	51479.1522	0.555234222	4.36817688e+13
7.16e-09	-545.237239	621.550205	-9561.15654	52012.3077	0.555024159	4.36759326e+13
7.17e-09	-2138.48146	1597.53785	-9301.56241	50493.8079	0.554869135	4.36698681e+13
7.18e-09	-3438.97022	1729.05059	-9432.61119	50873.6378	0.554771789	4.36642732e+13
7.19e-09	-4112.3369	3648.64614	-9595.537	49102.4361	0.554945677	4.36591893e+13
7.2e-09	-5200.24111	2211.25085	-9018.983	48957.0509	0.555286841	4.36554272e+13
7.21e-09	-4559.15449	1245.19245	-9759.74218	50277.6881	0.555463466	4.3653074e+13
7.22e-09	-3643.75999	340.427731	-9427.60687	48554.2762	0.555725804	4.36510453e+13
7.23e-09	-3787.75143	248.496088	-10447.0589	50062.9983	0.555958121	4.36502837e+13
7.24e-09	-2901.98199	-947.440449	-13288.2536	51199.2235	0.55536901	4.36492328e+13
7.25e-09	-3145.72144	-1532.47681	-13388.2161	48452.4299	0.555346157	4.36466576e+13
7.26e-09	-4686.54372	-228.904828	-14970.4081	47805.8569	0.555747714	4.36452493e+13
7.27e-09	-3704.14907	-1086.30151	-13855.7818	48056.2398	0.555913824	4.36448692e+13
7.28e-09	-3437.02719	-3029.69717	-11842.2034	46876.7802	0.556665139	4.36455711e+13
7.29e-09	-3408.02507	-911.088735	-13772.9087	46574.0285	0.557501263	4.36487862e+13
7.3e-09	-3415.57806	-1131.99824	-14696.9987	46126.3002	0.558160255	4.36539169e+13
7.31e-09	-3671.89386	-164.312543	-15479.879	47333.3669	0.558397796	4.36600149e+13
7.32e-09	-2417.08702	43.5077263	-14608.2651	47330.4104	0.557971108	4.36651988e+13
7.33e-09	-1017.31713	-185.492057	-15864.2783	46152.6571	0.558028246	4.36691298e+13
7.34e-09	-2575.29968	-1741.3938	-14575.6389	47340.0882	0.558075841	4.36731481e+13
7.35e-09	-1767.82662	-1271.96182	-13949.2871	47538.1236	0.55814614	4.36767746e+13
7.36e-09	-93.6018969	-521.77614	-13237.0891	46335.7206	0.558340536	4.36802876e+13
7.37e-09	-1456.07323	-796.972243	-15143.1065	47150.6472	0.558531331	4.36844683e+13
7.38e-09	-1808.92156	-247.629646	-15928.5793	46325.1001	0.558597458	4.36882531e+13
7.39e-09	-785.378631	527.708434	-15411.1558	48057.3713	0.558588796	4.36920536e+13
7.4e-09	-889.932501	60.8914168	-13824.6006	50247.4641	0.557491091	4.36940288e+13
7.41e-09	-1007.18296	1088.41224	-12367.468	50998.7909	0.556503011	4.36924966e+13
7.42e-09	-1274.02086	3982.30768	-12396.9376	51913.6806	0.555319392	4.36881724e+13
7.43e-09	1168.19796	3681.88772	-10400.9956	52079.5715	0.554412999	4.36808941e+13
7.44e-09	1286.59833	2070.56063	-9603.73921	52185.5964	0.554009419	4.36724614e+13
7.45e-09	1631.31589	2731.11572	-9260.95855	50787.1585	0.553916433	4.36639441e+13
7.46e-09	1107.42391	2591.41082	-8899.76563	51483.4209	0.553884944	4.36561631e+13
7.47e-09	405.125078	368.00544	-10087.9462	51209.9792	0.553793504	4.36489168e+13
7.48e-09	731.69919	1254.77983	-9493.28923	50063.5496	0.5542155	4.36426583e+13
7.49e-09	-996.621286	2155.93908	-9535.0224	49825.5186	0.55483161	4.36386406e+13
7.5e-09	-1985.81025	725.247322	-11343.2323	47123.2396	0.555641842	4.36368267e+13
7.51e-09	-4290.57178	1504.01186	-12497.2825	46139.6172	0.556685813	4.36380407e+13
7.52e-09	-3196.60971	501.569873	-12105.0372	46605.8939	0.557720596	4.36423501e+13
7.53e-09	-3044.30956	1115.95349	-12805.2069	47803.3276	0.557948745	4.36481471e+13
7.54e-09	-2714.72486	2884.14574	-14305.0764	47953.3441	0.557885397	4.36537554e+13
7.55e-09	-275.733038	2299.44571	-12826.1417	47243.67	0.557862381	4.3658443e+13
7.56e-09	-671.789709	-177.39153	-11503.495	47989.7187	0.558037623	4.36631132e+13
7.57e-09	-624.347176	-495.160312	-9871.76004	48881.7555	0.558226438	4.36677878e+13
7.58e-09	-685.670851	728.083843	-9175.76904	49757.7369	0.557813898	4.36720156e+13
7.59e-09	-401.98384	536.697109	-9924.88991	51707.543	0.556937972	4.36739837e+13
7.6e-09	-857.673194	564.433248	-11513.9093	51481.4072	0.555723853	4.36724406e+13
7.61e-09	386.360805	1833.88183	-13019.686	51799.5124	0.554977486	4.36681269e+13
7.62e-09	-480.536225	-415.548302	-11901.0327	50569.6397	0.554581789	4.36622544e+13
7.63e-09	316.291837	-689.859931	-12393.4431	48461.2014	0.554861747	4.3656882e+13
7.64e-09	2108.89756	-1642.89964	-11101.1815	48103.2172	0.555838466	4.36538082e+13
7.65e-09	-836.796816	-2557.92987	-11144.4503	50000.203	0.556303035	4.36535002e+13
7.66e-09	-1093.53627	-2430.19994	-9879.72008	50030.7695	0.556232019	4.36534503e+13
7.67e-09	-1439.4481	-237.152363	-9985.36294	48595.329	0.556300378	4.3653388e+13
7.68e-09	-1424.84943	-600.968519	-11929.5903	47753.9209	0.55677839	4.36542475e+13
7.69e-09	-475.785243	-900.142092	-10503.2952	48412.3561	0.557452504	4.36566484e+13
7.7e-09	34.8642158	-669.535617	-10979.9499	49411.1169	0.557467584	4.3660193e+13
7.71e-09	1384.76835	-886.806171	-10543.6342	49867.1485	0.557242288	4.36628381e+13
7.72e-09	1527.58196	-743.737104	-11977.2939	49207.9011	0.556738382	4.36641726e+13
7.73e-09	1228.80874	-749.828316	-11746.0456	50279.9251	0.556197404	4.36640122e+13
7.74e-09	-191.765569	-1305.42815	-11779.6995	48939.5189	0.555931734	4.3662413e+13
7.75e-09	-30.1800435	-575.886488	-10239.1539	49506.7864	0.555918472	4.36607945e+13
7.76e-09	757.356072	-1139.46937	-8302.08708	51012.2603	0.555733279	4.36590797e+13
7.77e-09	-1004.94244	-588.26941	-6845.92026	49727.4546	0.555684548	4.36567993e+13
7.78e-09	-516.64596	177.213499	-7043.82447	48314.1897	0.55651616	4.36558875e+13
7.79e-09	-383.292798	-951.372894	-6865.7303	50323.6333	0.556792787	4.36571575e+13
7.8e-09	153.935516	-3069.22827	-6027.8403	52084.5633	0.55614481	4.36578333e+13
7.81e-09	1720.58646	-362.879123	-6826.48356	50549.8085	0.555728172	4.36565111e+13
7.82e-09	991.87665	-1340.66628	-7205.65261	50251.2302	0.555916377	4.36549592e+13
7.83e-09	1410.69199	-1419.17762	-6979.42279	50961.0169	0.555705005	4.36537612e+13
7.84e-09	2332.11774	-88.9505736	-6434.75217	50868.7926	0.555464076	4.36517978e+13
7.85e-09	1712.54434	1227.92111	-4978.13551	50259.1349	0.555563956	4.36497229e+13
7.86e-09	2656.75642	495.136417	-4167.85546	48380.0641	0.556079889	4.36487077e+13
7.87e-09	2635.85666	220.074747	-3514.04602	48747.4156	0.557186899	4.36501908e+13
7.88e-09	2014.39075	1959.22311	-4545.6286	48974.4172	0.557671385	4.36540983e+13
7.89e-09	3974.68476	528.3715	-4413.2309	49787.7198	0.557713887	4.36584315e+13
7.9e-09	602.058962	-193.67578	-4149.21814	49289.6799	0.557709221	4.36623581e+13
7.91e-09	2028.63607	-1734.73691	-3951.41642	49531.7053	0.557674661	4.36658465e+13
7.92e-09	1667.13547	-1207.25507	-2909.33933	51134.9819	0.55757538	4.36689241e+13
7.93e-09	375.793687	-682.300994	-2988.89318	49536.3756	0.557422193	4.36710009e+13
7.94e-09	208.081288	-1325.63721	-3296.64373	49678.9981	0.557544875	4.36730428e+13
7.95e-09	-131.401957	-618.607597	-3896.82892	50897.3099	0.557026114	4.36745826e+13
7.96e-09	-213.036352	-1164.37396	-5248.22434	52003.4509	0.556418914	4.36742424e+13
7.97e-09	381.921064	-2212.66505	-6764.07339	51988.0243	0.555635143	4.36718198e+13
7.98e-09	-773.706333	-1493.13422	-6714.73099	50285.2605	0.555266849	4.36675598e+13
7.99e-09	843.89891	157.038561	-6985.54806	49467.9034	0.555742944	4.36639773e+13
8e-09	767.410712	-92.214927	-7807.47922	49013.922	0.556200434	4.36621967e+13
8.01e-09	1760.46701	569.045281	-8173.05018	48327.7801	0.5569675	4.36622602e+13
8.02e-09	1930.60113	2247.36623	-7806.40433	47081.538	0.557604245	4.36643692e+13
8.03e-09	679.101553	2025.87258	-7418.54583	48924.7172	0.558297461	4.3668549e+13
8.04e-09	836.60246	2088.1207	-9465.07841	49330.8136	0.55816498	4.36731183e+13
8.05e-09	1187.24724	2006.19849	-9416.78105	50612.055	0.557824213	4.36765501e+13
8.06e-09	-115.915802	3026.14935	-11593.1054	50752.2775	0.556688796	4.36775095e+13
8.07e-09	-304.381321	2924.862	-12532.491	49201.0889	0.556280765	4.36759445e+13
8.08e-09	785.769084	1285.8186	-12506.8173	48914.4731	0.556204608	4.36738045e+13
8.09e-09	-558.833025	1274.20032	-13623.0214	49499.9232	0.556078101	4.36717001e+13
8.1e-09	1001.52403	-152.382347	-14291.8845	49609.9188	0.555795496	4.36692624e+13
8.11e-09	-31.583548	378.062572	-14692.0592	48750.9396	0.555791043	4.36664433e+13
8.12e-09	1108.4323	1091.8265	-14853.3314	48387.4697	0.555655718	4.36637169e+13
8.13e-09	-67.2604397	108.474676	-14391.0118	49315.8338	0.555718791	4.36612765e+13
8.14e-09	770.656529	1057.71751	-13307.0866	47598.9973	0.555784341	4.36589705e+13
8.15e-09	107.91528	671.387493	-12873.6134	48498.3016	0.556314424	4.36580365e+13
8.16e-09	-191.578655	1788.83477	-13566.7746	48767.0436	0.556419208	4.36581639e+13
8.17e-09	1397.96713	-124.791063	-12744.3885	49419.2311	0.556310164	4.36581444e+13
8.18e-09	746.920197	869.777584	-12967.1808	49305.884	0.556295242	4.36579251e+13
8.19e-09	-498.698948	2070.55986	-11455.6278	48858.2991	0.556303138	4.36575829e+13
8.2e-09	216.067302	1296.10895	-11941.8894	48729.6798	0.556386502	4.36575625e+13
8.21e-09	487.716652	1072.58078	-13404.1588	48271.8074	0.556561851	4.36578821e+13
8.22e-09	1369.5821	1800.6973	-12301.2721	48815.4919	0.556541376	4.3658429e+13
8.23e-09	2268.16232	1454.73278	-11972.5968	50117.7583	0.556262735	4.36586362e+13
8.24e-09	3140.62927	87.6126771	-13258.3725	51220.6003	0.555471772	4.36572879e+13
8.25e-09	2612.83128	671.331503	-11285.2434	52585.7101	0.554630048	4.36535606e+13
8.26e-09	896.536777	585.379868	-10146.8175	51353.5461	0.553865084	4.36477307e+13
8.27e-09	-198.863244	-228.651745	-8513.92652	51028.2364	0.553727815	4.36411503e+13
8.28e-09	322.586394	389.229719	-8113.68004	49618.9736	0.554225723	4.36354804e+13
8.29e-09	-366.929569	2354.07142	-8608.34477	50260.7982	0.55469412	4.36320208e+13
8.3e-09	-48.2181995	718.085953	-7533.03661	50564.0756	0.554938959	4.36299243e+13
8.31e-09	475.054744	-179.469326	-6707.65229	50061.236	0.554870298	4.36282581e+13
8.32e-09	903.587474	-647.857118	-9795.1481	49800.1787	0.555367726	4.36273183e+13
8.33e-09	939.412826	-55.2796584	-11975.737	48671.0784	0.555669996	4.36276965e+13
8.34e-09	261.16097	328.512145	-11933.3994	48737.0684	0.556153364	4.36290576e+13
8.35e-09	1139.34608	1367.51303	-13064.2459	48777.276	0.556230871	4.36312512e+13
8.36e-09	595.817147	891.997215	-12453.9487	48109.1313	0.556197436	4.36332763e+13
8.37e-09	2771.28809	2682.63261	-13911.7731	47687.8657	0.556450205	4.36353414e+13
8.38e-09	1822.49187	3209.11412	-11823.3957	48745.2568	0.556645938	4.36379472e+13
8.39e-09	352.174052	1114.67461	-11601.2896	50823.3562	0.556512768	4.36406654e+13
8.4e-09	40.9059587	1876.59364	-11738.3959	52419.4232	0.555152272	4.36410078e+13
8.41e-09	-275.357605	2106.30343	-11795.5466	52901.4324	0.553959055	4.36373826e+13
8.42e-09	-524.692461	2472.44688	-12004.6571	52505.5552	0.553252706	4.36312675e+13
8.43e-09	-431.954083	1356.94099	-11576.1772	52372.6679	0.552848703	4.36241896e+13
8.44e-09	-474.167772	925.283844	-10263.1076	50221.2173	0.552925875	4.36168786e+13
8.45e-09	-360.433762	-241.804038	-9508.20306	49405.1943	0.553751285	4.36117353e+13
8.46e-09	452.717845	282.390122	-9345.75319	48981.2521	0.5545908	4.36095113e+13
8.47e-09	-9.94177181	-78.4447846	-7989.89009	48791.8433	0.555514324	4.36099903e+13
8.48e-09	-967.089445	-419.793683	-10120.5271	49355.1158	0.55624645	4.36131215e+13
8.49e-09	-1773.68209	-921.226215	-10666.8202	48596.94	0.556423566	4.36172084e+13
8.5e-09	321.418494	-1512.78288	-9248.98002	49303.4759	0.556842141	4.36218242e+13
8.51e-09	-617.494741	-146.38471	-10202.6858	50001.6811	0.556675731	4.36264714e+13
8.52e-09	-305.609913	-274.606788	-9731.76843	49461.4978	0.556616676	4.36301954e+13
8.53e-09	951.927483	2441.99588	-9167.70377	49502.5203	0.556487099	4.36333295e+13
8.54e-09	244.066414	1709.15051	-10469.9859	49032.3799	0.556264155	4.36356758e+13
8.55e-09	-1834.96677	1991.81469	-9850.50301	50840.5054	0.555940525	4.3637215e+13
8.56e-09	-1686.16175	1335.8007	-10189.7033	52019.0369	0.555233816	4.36370008e+13
8.57e-09	-338.973483	810.797034	-10531.0065	50770.8939	0.554946989	4.36349214e+13
8.58e-09	-408.681808	-921.541855	-10140.4901	51130.8064	0.554528699	4.36324168e+13
8.59e-09	323.810444	-819.930253	-7001.89172	50554.5799	0.554542354	4.36293206e+13
8.6e-09	113.016704	-2575.82318	-7613.30065	49651.5749	0.554918446	4.36270252e+13
8.61e-09	795.835833	-2365.32228	-7489.86516	48685.8412	0.555409534	4.36262896e+13
8.62e-09	957.467478	-2792.95816	-6875.22402	48354.871	0.556421463	4.36277667e+13
8.63e-09	911.843782	-3458.31869	-8533.72601	48588.3653	0.557045254	4.36316021e+13
8.64e-09	-1956.72619	-2898.26216	-9038.87166	49521.5477	0.557022632	4.36361892e+13
8.65e-09	-2836.50845	-2890.7968	-7868.53653	48749.0831	0.557067354	4.36399974e+13
8.66e-09	-2397.45771	-2536.61713	-6058.51459	49021.1822	0.557313493	4.3644186e+13
8.67e-09	-2482.53755	-2261.22575	-5387.17989	50183.6951	0.557546467	4.36486712e+13
8.68e-09	-2626.87429	-1889.06006	-6314.48033	50216.7386	0.557214614	4.36525163e+13
8.69e-09	-1635.65806	-1526.66158	-6380.08811	50456.1599	0.556773294	4.36549412e+13
8.7e-09	-3224.96934	274.961115	-5571.14228	49360.645	0.556861997	4.3656366e+13
8.71e-09	-1917.29389	1691.75978	-6360.76855	49447.6981	0.557092146	4.3658377e+13
8.72e-09	-1412.37459	3248.18069	-8150.56839	48326.7354	0.557376266	4.3660758e+13
8.73e-09	-2277.54825	335.320294	-8381.54165	48763.879	0.5576868	4.36639539e+13
8.74e-09	-2335.54406	-76.472734	-7130.82235	49481.0421	0.557508071	4.36671001e+13
8.75e-09	-623.314437	-970.342375	-6722.45038	50659.1875	0.55739625	4.36695211e+13
8.76e-09	1283.90902	373.808213	-7738.36824	50502.4744	0.556588337	4.36703432e+13
8.77e-09	1470.36281	861.229047	-7789.7477	48423.2415	0.556597381	4.36695413e+13
8.78e-09	3627.05948	1198.40912	-7862.26438	49642.4298	0.556925497	4.36697449e+13
8.79e-09	2869.00542	878.228035	-6784.99909	50175.4076	0.556543221	4.36697338e+13
8.8e-09	3353.92294	2956.54206	-7007.24653	50933.6817	0.556274016	4.36688692e+13
8.81e-09	4081.43568	3573.69906	-7682.95936	50778.721	0.556052015	4.3667119e+13
8.82e-09	3498.51697	3996.38079	-8124.93533	50898.4511	0.55574629	4.36648737e+13
8.83e-09	4178.45448	3236.67882	-9376.26446	50953.4307	0.555437324	4.36620331e+13
8.84e-09	3736.38638	1961.62515	-8053.41652	51574.05	0.555079282	4.36584436e+13
8.85e-09	2985.59243	-153.337557	-8507.58864	50447.2883	0.55483406	4.36541159e+13
8.86e-09	2849.82085	666.324362	-10113.6628	50908.3872	0.554680357	4.36496907e+13
8.87e-09	3797.27486	593.917155	-10875.19	50405.0644	0.554720666	4.36455922e+13
8.88e-09	1789.48378	-591.30214	-10800.7978	51289.5624	0.554565771	4.36417425e+13
8.89e-09	1192.15782	-998.748318	-9865.37243	50592.6924	0.554386176	4.36376941e+13
8.9e-09	556.48045	-780.194448	-11751.6643	49670.6479	0.554525527	4.36339624e+13
8.91e-09	-356.083404	-560.970828	-12975.1193	48756.8833	0.554858549	4.36312014e+13
8.92e-09	265.918025	-472.500202	-12063.2638	47567.2605	0.555628687	4.36300403e+13
8.93e-09	945.125299	-356.600385	-10573.2116	46661.4739	0.556626816	4.36317362e+13
8.94e-09	2312.87774	-1324.92951	-10455.092	47984.9492	0.55743458	4.36361702e+13
8.95e-09	306.396408	-945.227042	-10520.9808	49108.563	0.557867215	4.36420311e+13
8.96e-09	-222.424735	-4065.71386	-13251.3503	48811.3868	0.55773444	4.36477834e+13
8.97e-09	1570.52767	-3759.15172	-12044.3452	49543.8967	0.55707107	4.36518332e+13
8.98e-09	1144.49505	-2404.75396	-11728.0093	49385.6841	0.556735041	4.36538297e+13
8.99e-09	2309.22273	-1708.90912	-12803.3147	47091.5671	0.55684641	4.36553382e+13
9e-09	3829.68814	-2098.18922	-11760.7923	47118.4401	0.557350246	4.36575927e+13
9.01e-09	2118.83212	133.278621	-11402.1743	49503.112	0.55739528	4.36608745e+13
9.02e-09	2507.96684	1764.29815	-10792.3206	49733.2022	0.556894851	4.36629552e+13
9.03e-09	1425.21122	1639.09669	-10725.9889	51220.1383	0.55628163	4.36632646e+13
9.04e-09	-583.561214	582.767025	-10546.0551	50247.3748	0.555801612	4.36617092e+13
9.05e-09	-1668.5257	3024.14364	-11081.7142	49794.3581	0.555768045	4.36596156e+13
9.06e-09	-1001.82831	1480.79226	-9685.36679	50997.4129	0.555563143	4.36573695e+13
9.07e-09	-33.9438921	897.790601	-8940.13925	51278.761	0.555242621	4.36545991e+13
9.08e-09	-1359.31189	59.452404	-7265.86795	50896.9085	0.555077253	4.36514337e+13
9.09e-09	-643.882297	-117.063025	-7266.41536	50823.1905	0.555254369	4.36484073e+13
9.1e-09	-1128.97651	-1511.87468	-7759.31927	51367.3457	0.555336023	4.36461547e+13
9.11e-09	-1638.26336	-292.275068	-7043.02943	50189.5345	0.555061252	4.36437112e+13
9.12e-09	-563.77471	-698.496111	-8049.78902	48161.2479	0.555548284	4.36417489e+13
9.13e-09	-707.825496	-1290.99927	-9265.2624	48730.7663	0.556225085	4.36419247e+13
9.14e-09	-360.72067	836.249912	-10854.7798	48713.5747	0.556463279	4.36432601e+13
9.15e-09	164.770047	1368.48785	-11700.7732	48040.297	0.556729568	4.36452132e+13
9.16e-09	-364.69834	1957.20433	-12148.7063	48169.1979	0.557092587	4.36480365e+13
9.17e-09	880.700828	3346.60846	-12567.0371	47899.7313	0.557204174	4.36511745e+13
9.18e-09	1266.46285	3497.42585	-10726.8166	47478.8827	0.557384193	4.36543734e+13
9.19e-09	256.384339	1562.62485	-10213.3025	47689.6958	0.558012843	4.36586452e+13
9.2e-09	1423.95863	2234.02789	-10554.1936	49191.883	0.557774111	4.36632052e+13
9.21e-09	295.934396	-509.543315	-9055.8513	51215.1679	0.557282676	4.36662408e+13
9.22e-09	609.172741	-2711.82633	-10514.6468	51192.2173	0.556253096	4.36666988e+13
9.23e-09	1623.53992	-2808.31428	-9954.47069	52513.0321	0.555384325	4.36644288e+13
9.24e-09	1334.78053	-3106.03731	-10725.0153	52780.1222	0.554064328	4.36591097e+13
9.25e-09	25.9809135	-1575.22542	-9440.3734	50180.8821	0.553652543	4.36513136e+13
9.26e-09	1463.28564	454.160425	-9929.20094	50079.4831	0.554149853	4.36447056e+13
9.27e-09	2450.50794	1697.85101	-9996.48971	52153.0804	0.554201594	4.36398817e+13
9.28e-09	1049.87082	1529.51419	-10403.6857	50277.7613	0.55414009	4.3634894e+13
9.29e-09	1363.5396	161.577661	-11423.7633	49413.7018	0.554692869	4.3631228e+13
9.3e-09	1447.72381	-998.355931	-10939.5044	47816.3566	0.555275811	4.36294501e+13
9.31e-09	1679.2827	-964.048686	-10300.9285	48013.029	0.556181427	4.36301412e+13
9.32e-09	2299.04331	-2783.28744	-10707.727	47417.8058	0.557062892	4.36334265e+13
9.33e-09	-245.21216	-2891.37424	-11608.4678	47088.3869	0.557783391	4.36386599e+13
9.34e-09	1273.74356	-1152.63415	-12787.2089	48941.4901	0.557740378	4.36448951e+13
9.35e-09	2582.59551	-2754.43365	-12486.9831	48849.8763	0.557279088	4.36494603e+13
9.36e-09	2213.51052	-2592.84386	-12078.0196	48884.4827	0.556805393	4.36522448e+13
9.37e-09	1399.08977	-1731.62649	-11186.8767	49304.1647	0.556770278	4.36540898e+13
9.38e-09	716.488013	-76.6324004	-10630.2634	50199.9585	0.556314507	4.36550735e+13
9.39e-09	-488.687463	492.678535	-10771.222	49681.2637	0.556283455	4.36550584e+13
9.4e-09	-1091.24886	-234.324649	-10099.5545	49323.8298	0.556101979	4.36546942e+13
9.41e-09	744.350355	702.11104	-10081.1918	49341.9881	0.556178321	4.36543043e+13
9.42e-09	-1072.3939	333.192591	-10731.0987	50085.8859	0.556197571	4.36541469e+13
9.43e-09	-2561.66898	705.663217	-9876.78574	50255.8389	0.556066789	4.36537619e+13
9.44e-09	-2123.02639	559.254692	-9817.85375	49821.5352	0.55598372	4.36530275e+13
9.45e-09	-3361.23665	2257.25369	-12044.8254	48139.6621	0.55619457	4.36526174e+13
9.46e-09	-1282.94109	1881.33313	-10075.1303	48088.1215	0.556765434	4.36533198e+13
9.47e-09	-1000.99741	2687.01345	-10050.9608	50409.2582	0.556924677	4.36553522e+13
9.48e-09	-1800.57527	2121.74327	-8378.70825	49489.265	0.556793643	4.36567755e+13
9.49e-09	-102.239021	2582.46677	-9156.11625	48862.7802	0.556808065	4.36581691e+13
9.5e-09	325.158818	1857.9776	-8962.4101	46949.9387	0.557588055	4.36602449e+13
9.51e-09	749.720428	1552.40946	-6615.07523	45523.9356	0.558694369	4.3664932e+13
9.52e-09	1361.74712	1851.56551	-9000.82478	48408.4771	0.559549491	4.36725884e+13
9.53e-09	-314.263326	2425.74151	-8226.49251	47617.8687	0.559613833	4.36805872e+13
9.54e-09	105.006457	1655.58641	-9346.57884	48488.8876	0.559441228	4.36880667e+13
9.55e-09	-215.904802	1412.33864	-9033.23761	48724.3017	0.559272245	4.36940538e+13
9.56e-09	-1664.50029	387.130327	-9047.93261	51134.3945	0.558494929	4.36982967e+13
9.57e-09	-345.787969	940.520799	-10046.5446	50962.7103	0.557293763	4.36990337e+13
9.58e-09	267.3647	930.548041	-9483.1575	50724.2423	0.556541825	4.36966991e+13
9.59e-09	-977.220105	2106.73332	-8259.16657	48883.5078	0.556573323	4.36932416e+13
9.6e-09	602.655898	1510.60125	-9004.33651	48739.7849	0.557029365	4.36912233e+13
9.61e-09	505.85113	2162.54283	-8895.52585	49089.1218	0.55736806	4.36906008e+13
9.62e-09	-341.943249	1932.03397	-9468.20934	48920.7993	0.55750542	4.36905367e+13
9.63e-09	41.6967545	2159.30248	-9832.97867	49071.4058	0.557477633	4.36907694e+13
9.64e-09	-610.692588	2221.88012	-9730.69022	49723.7021	0.557438166	4.36908993e+13
9.65e-09	598.95511	1977.2455	-9052.26245	48986.1457	0.557146217	4.36903455e+13
9.66e-09	225.104284	700.620467	-10903.5816	50210.263	0.556774738	4.36893343e+13
9.67e-09	1113.9665	533.088985	-12529.8162	50810.9641	0.556190589	4.36867874e+13
9.68e-09	1078.76169	614.636811	-12560.6494	50787.8889	0.555362375	4.36822994e+13
9.69e-09	1454.28456	158.047974	-13648.7842	49480.6256	0.554996521	4.36763322e+13
9.7e-09	914.284178	-159.624011	-12706.0839	48438.9256	0.555282048	4.36708196e+13
9.71e-09	451.690866	-271.772402	-11882.7965	49419.5237	0.555836278	4.36672262e+13
9.72e-09	-261.388163	-1623.8904	-12538.056	47825.8273	0.556268388	4.36652768e+13
9.73e-09	1989.5377	-723.708021	-13656.5117	47835.82	0.556560386	4.36647831e+13
9.74e-09	1466.49802	-986.212701	-12122.9178	45431.0121	0.557353824	4.36655368e+13
9.75e-09	1259.36172	-607.965483	-12039.7962	46376.221	0.558442078	4.36693751e+13
9.76e-09	-489.886495	-907.534954	-12349.8784	47804.9752	0.558755619	4.36749161e+13
9.77e-09	-1075.35922	-294.398317	-15273.3867	48547.1754	0.55841932	4.36798867e+13
9.78e-09	1164.82424	-1638.17531	-12639.9572	50712.8334	0.557308855	4.36824898e+13
9.79e-09	1050.1886	-892.430503	-13803.6009	50371.4412	0.556288331	4.36814712e+13
9.8e-09	1105.47469	-607.450972	-14381.8508	49228.8511	0.555723851	4.36781306e+13
9.81e-09	1856.75176	-331.835837	-12961.236	48001.6729	0.556004642	4.3674422e+13
9.82e-09	310.381084	256.090812	-11884.0158	48756.9265	0.556450927	4.36724751e+13
9.83e-09	26.2719433	1511.75502	-11299.4921	48567.9273	0.556584968	4.3671457e+13
9.84e-09	1354.05622	1151.46001	-12155.5003	49610.9674	0.55647924	4.36707553e+13
9.85e-09	1594.40419	809.177598	-13156.0098	50344.6896	0.556191437	4.36694939e+13
9.86e-09	1507.1031	2856.6705	-13100.3728	49292.365	0.555810174	4.36671731e+13
9.87e-09	2194.48376	2987.9713	-14133.3887	49079.4229	0.555583448	4.36643357e+13
9.88e-09	628.030763	1363.90555	-13507.2617	49254.8085	0.555710803	4.36615923e+13
9.89e-09	1268.16498	1985.76108	-13594.6808	48683.8815	0.555802047	4.36594175e+13
9.9e-09	2429.34838	1072.84423	-12221.8551	51028.0311	0.555542357	4.36574572e+13
9.91e-09	2983.38356	1672.40822	-11616.0195	50915.6545	0.554886488	4.36541238e+13
9.92e-09	1959.0069	772.736927	-11058.7339	50650.9211	0.554494945	4.36495633e+13
9.93e-09	1880.18896	1541.93722	-10177.434	50423.429	0.554631041	4.36449623e+13
9.94e-09	2687.25528	539.176186	-11315.2638	50543.7792	0.55481123	4.36413541e+13
9.95e-09	2604.50547	917.2842	-9540.20978	49968.6195	0.554846242	4.36382079e+13
9.96e-09	1794.94468	1614.4564	-11285.0108	49711.2651	0.55505761	4.36358662e+13
9.97e-09	2900.95514	1384.31524	-10600.6136	50064.1457	0.555081976	4.36341393e+13
9.98e-09	2076.86918	315.332134	-12460.5269	48623.9573	0.555167451	4.36325869e+13
9.99e-09	840.631041	2146.05717	-11738.8447	48572.9555	0.555788229	4.36322316e+13
1e-08	-2275.2999	1524.54001	-11041.7795	46690.9806	0.55627591	4.36334909e+13
