# Frequency [GHz] 	Fouriercomponent
-4.99967	 0.000954039
-4.99633	 0.000972688
-4.993	 0.00118102
-4.98967	 0.00105822
-4.98633	 0.00115418
-4.983	 0.0010939
-4.97967	 0.00126857
-4.97633	 0.00130579
-4.973	 0.00122377
-4.96967	 0.00124921
-4.96634	 0.00143352
-4.963	 0.00119824
-4.95967	 0.00115601
-4.95634	 0.00126151
-4.953	 0.00123279
-4.94967	 0.00125534
-4.94634	 0.00116645
-4.943	 0.00127618
-4.93967	 0.0010599
-4.93634	 0.00147589
-4.933	 0.00168828
-4.92967	 0.00140385
-4.92634	 0.0013751
-4.92301	 0.00124659
-4.91967	 0.00156632
-4.91634	 0.00169407
-4.91301	 0.00138187
-4.90967	 0.00130163
-4.90634	 0.00115259
-4.90301	 0.00163299
-4.89967	 0.00112118
-4.89634	 0.00165915
-4.89301	 0.00109949
-4.88967	 0.00178168
-4.88634	 0.00141601
-4.88301	 0.00151489
-4.87967	 0.00157711
-4.87634	 0.00178877
-4.87301	 0.00172919
-4.86968	 0.00108132
-4.86634	 0.00174369
-4.86301	 0.00150157
-4.85968	 0.00147264
-4.85634	 0.00141338
-4.85301	 0.0012884
-4.84968	 0.00187542
-4.84634	 0.00155813
-4.84301	 0.0015626
-4.83968	 0.00137928
-4.83634	 0.00178393
-4.83301	 0.00135461
-4.82968	 0.00167182
-4.82634	 0.001673
-4.82301	 0.00154687
-4.81968	 0.00157366
-4.81635	 0.00188279
-4.81301	 0.00160051
-4.80968	 0.00169068
-4.80635	 0.0015627
-4.80301	 0.00122561
-4.79968	 0.00156247
-4.79635	 0.0015673
-4.79301	 0.0012226
-4.78968	 0.00114594
-4.78635	 0.00134822
-4.78301	 0.00153959
-4.77968	 0.00146993
-4.77635	 0.00118713
-4.77302	 0.00106309
-4.76968	 0.00158812
-4.76635	 0.000972314
-4.76302	 0.00152988
-4.75968	 0.00161654
-4.75635	 0.0015326
-4.75302	 0.00176729
-4.74968	 0.00155367
-4.74635	 0.00131278
-4.74302	 0.00102585
-4.73968	 0.00120011
-4.73635	 0.00150168
-4.73302	 0.00103851
-4.72968	 0.00144533
-4.72635	 0.00143778
-4.72302	 0.000814338
-4.71969	 0.000925448
-4.71635	 0.00120858
-4.71302	 0.00126147
-4.70969	 0.000982401
-4.70635	 0.00100311
-4.70302	 0.000967577
-4.69969	 0.00122229
-4.69635	 0.00105268
-4.69302	 0.00135682
-4.68969	 0.000803914
-4.68635	 0.000962311
-4.68302	 0.00107398
-4.67969	 0.00100388
-4.67635	 0.00106837
-4.67302	 0.000988117
-4.66969	 0.000914614
-4.66636	 0.00102748
-4.66302	 0.000982344
-4.65969	 0.000868136
-4.65636	 0.00094743
-4.65302	 0.00102167
-4.64969	 0.00126812
-4.64636	 0.000749149
-4.64302	 0.000922139
-4.63969	 0.000902416
-4.63636	 0.00078737
-4.63302	 0.000691562
-4.62969	 0.000759527
-4.62636	 0.000853412
-4.62303	 0.000905838
-4.61969	 0.00077371
-4.61636	 0.000746617
-4.61303	 0.000748277
-4.60969	 0.000727617
-4.60636	 0.000926877
-4.60303	 0.000900151
-4.59969	 0.00077019
-4.59636	 0.00060026
-4.59303	 0.000604992
-4.58969	 0.000875536
-4.58636	 0.000864381
-4.58303	 0.000645839
-4.57969	 0.000925287
-4.57636	 0.000752569
-4.57303	 0.000744855
-4.5697	 0.000752224
-4.56636	 0.000582785
-4.56303	 0.000646805
-4.5597	 0.000697967
-4.55636	 0.000709493
-4.55303	 0.000688075
-4.5497	 0.000677376
-4.54636	 0.000598731
-4.54303	 0.000838899
-4.5397	 0.000803458
-4.53636	 0.000682188
-4.53303	 0.00082485
-4.5297	 0.000602092
-4.52636	 0.000579338
-4.52303	 0.000624876
-4.5197	 0.000617429
-4.51637	 0.000568214
-4.51303	 0.000571198
-4.5097	 0.000727063
-4.50637	 0.000683474
-4.50303	 0.000683669
-4.4997	 0.000584608
-4.49637	 0.000684186
-4.49303	 0.000587102
-4.4897	 0.000649598
-4.48637	 0.000544441
-4.48303	 0.000451943
-4.4797	 0.000783913
-4.47637	 0.000530814
-4.47304	 0.000458761
-4.4697	 0.000660253
-4.46637	 0.000550809
-4.46304	 0.00051787
-4.4597	 0.000549185
-4.45637	 0.000600073
-4.45304	 0.000644057
-4.4497	 0.000677952
-4.44637	 0.000525307
-4.44304	 0.000574057
-4.4397	 0.000622289
-4.43637	 0.000512872
-4.43304	 0.000585168
-4.4297	 0.000582683
-4.42637	 0.000575681
-4.42304	 0.000417059
-4.41971	 0.000690786
-4.41637	 0.000568088
-4.41304	 0.000706674
-4.40971	 0.000554683
-4.40637	 0.00057521
-4.40304	 0.000532725
-4.39971	 0.000534924
-4.39637	 0.000561307
-4.39304	 0.000556775
-4.38971	 0.000508862
-4.38637	 0.000478185
-4.38304	 0.000534349
-4.37971	 0.000495969
-4.37637	 0.000509615
-4.37304	 0.000511489
-4.36971	 0.000734864
-4.36638	 0.000658398
-4.36304	 0.000488893
-4.35971	 0.000651463
-4.35638	 0.000507026
-4.35304	 0.000475866
-4.34971	 0.000527598
-4.34638	 0.000543729
-4.34304	 0.000541503
-4.33971	 0.000519683
-4.33638	 0.000579449
-4.33304	 0.000683883
-4.32971	 0.000502043
-4.32638	 0.000556415
-4.32305	 0.000386788
-4.31971	 0.000662648
-4.31638	 0.000501065
-4.31305	 0.000527583
-4.30971	 0.000621471
-4.30638	 0.00056363
-4.30305	 0.000462082
-4.29971	 0.000502811
-4.29638	 0.000538713
-4.29305	 0.000527888
-4.28971	 0.000537928
-4.28638	 0.000471424
-4.28305	 0.000552817
-4.27971	 0.00048693
-4.27638	 0.000472109
-4.27305	 0.00054032
-4.26972	 0.000560545
-4.26638	 0.000569946
-4.26305	 0.000532195
-4.25972	 0.000540337
-4.25638	 0.000524149
-4.25305	 0.000596282
-4.24972	 0.000588427
-4.24638	 0.000573539
-4.24305	 0.000482761
-4.23972	 0.000515715
-4.23638	 0.000521296
-4.23305	 0.000465496
-4.22972	 0.000483356
-4.22638	 0.000483108
-4.22305	 0.000386005
-4.21972	 0.000499881
-4.21639	 0.000555819
-4.21305	 0.000423149
-4.20972	 0.000573761
-4.20639	 0.000429449
-4.20305	 0.000528011
-4.19972	 0.000533079
-4.19639	 0.000547791
-4.19305	 0.000528413
-4.18972	 0.000558803
-4.18639	 0.000620621
-4.18305	 0.000578178
-4.17972	 0.000464865
-4.17639	 0.000566759
-4.17306	 0.00065156
-4.16972	 0.000648917
-4.16639	 0.000448878
-4.16306	 0.00063986
-4.15972	 0.000534462
-4.15639	 0.000400092
-4.15306	 0.000600914
-4.14972	 0.000423622
-4.14639	 0.000681215
-4.14306	 0.000495479
-4.13972	 0.000429782
-4.13639	 0.000524291
-4.13306	 0.000537099
-4.12972	 0.000509106
-4.12639	 0.000632142
-4.12306	 0.000604311
-4.11973	 0.000571273
-4.11639	 0.000518388
-4.11306	 0.00052511
-4.10973	 0.000532645
-4.10639	 0.000651177
-4.10306	 0.000531694
-4.09973	 0.000605995
-4.09639	 0.00057872
-4.09306	 0.00053157
-4.08973	 0.000466805
-4.08639	 0.000398869
-4.08306	 0.000507958
-4.07973	 0.000585252
-4.07639	 0.000520255
-4.07306	 0.000616627
-4.06973	 0.000529245
-4.0664	 0.000542791
-4.06306	 0.000604625
-4.05973	 0.000616753
-4.0564	 0.000787997
-4.05306	 0.000731627
-4.04973	 0.000403128
-4.0464	 0.000614082
-4.04306	 0.000559737
-4.03973	 0.000586228
-4.0364	 0.000584796
-4.03306	 0.000603677
-4.02973	 0.0005713
-4.0264	 0.000601918
-4.02307	 0.000604674
-4.01973	 0.000591023
-4.0164	 0.000626408
-4.01307	 0.000647277
-4.00973	 0.000708161
-4.0064	 0.000826924
-4.00307	 0.000660742
-3.99973	 0.000704057
-3.9964	 0.000559155
-3.99307	 0.000695664
-3.98973	 0.000588794
-3.9864	 0.000689233
-3.98307	 0.0006576
-3.97973	 0.000618429
-3.9764	 0.000603778
-3.97307	 0.000795664
-3.96974	 0.0006538
-3.9664	 0.000770292
-3.96307	 0.000671986
-3.95974	 0.000881263
-3.9564	 0.000607636
-3.95307	 0.000636239
-3.94974	 0.000695294
-3.9464	 0.000732664
-3.94307	 0.000761643
-3.93974	 0.000840314
-3.9364	 0.000760153
-3.93307	 0.000788893
-3.92974	 0.000702119
-3.9264	 0.000610167
-3.92307	 0.000706352
-3.91974	 0.000595189
-3.91641	 0.000654163
-3.91307	 0.000820852
-3.90974	 0.000720057
-3.90641	 0.000789963
-3.90307	 0.000708511
-3.89974	 0.000713341
-3.89641	 0.000693245
-3.89307	 0.00083267
-3.88974	 0.000740081
-3.88641	 0.000759158
-3.88307	 0.000824807
-3.87974	 0.000632574
-3.87641	 0.000740258
-3.87308	 0.000758046
-3.86974	 0.000764444
-3.86641	 0.00087489
-3.86308	 0.000660136
-3.85974	 0.000679331
-3.85641	 0.00107954
-3.85308	 0.000957256
-3.84974	 0.000803158
-3.84641	 0.0012612
-3.84308	 0.00103588
-3.83974	 0.00110878
-3.83641	 0.000584536
-3.83308	 0.000934846
-3.82974	 0.000857852
-3.82641	 0.00116854
-3.82308	 0.00106233
-3.81975	 0.00105597
-3.81641	 0.000914701
-3.81308	 0.00113586
-3.80975	 0.000949243
-3.80641	 0.000749953
-3.80308	 0.00107572
-3.79975	 0.000875525
-3.79641	 0.00127541
-3.79308	 0.00118619
-3.78975	 0.00107728
-3.78641	 0.000970054
-3.78308	 0.00108612
-3.77975	 0.00121607
-3.77641	 0.00114486
-3.77308	 0.0012204
-3.76975	 0.00128767
-3.76642	 0.00140903
-3.76308	 0.00140749
-3.75975	 0.00103006
-3.75642	 0.00109451
-3.75308	 0.0014541
-3.74975	 0.00155574
-3.74642	 0.00165581
-3.74308	 0.00158712
-3.73975	 0.00138405
-3.73642	 0.00126944
-3.73308	 0.00119445
-3.72975	 0.00150955
-3.72642	 0.00145472
-3.72309	 0.00165017
-3.71975	 0.00145132
-3.71642	 0.00145267
-3.71309	 0.00129176
-3.70975	 0.00185776
-3.70642	 0.00168604
-3.70309	 0.00176857
-3.69975	 0.001704
-3.69642	 0.00160555
-3.69309	 0.00172575
-3.68975	 0.00157437
-3.68642	 0.00128674
-3.68309	 0.00156093
-3.67975	 0.00172055
-3.67642	 0.00144871
-3.67309	 0.00160403
-3.66976	 0.00162942
-3.66642	 0.00179897
-3.66309	 0.00151401
-3.65976	 0.00166719
-3.65642	 0.00234372
-3.65309	 0.00182988
-3.64976	 0.0016702
-3.64642	 0.0018109
-3.64309	 0.00167974
-3.63976	 0.00244099
-3.63642	 0.00160767
-3.63309	 0.0019583
-3.62976	 0.0022922
-3.62642	 0.00229479
-3.62309	 0.00165802
-3.61976	 0.00172138
-3.61643	 0.00292502
-3.61309	 0.00220339
-3.60976	 0.00226783
-3.60643	 0.00184249
-3.60309	 0.002292
-3.59976	 0.00216757
-3.59643	 0.00239659
-3.59309	 0.00223074
-3.58976	 0.00228565
-3.58643	 0.00257696
-3.58309	 0.00255688
-3.57976	 0.00185619
-3.57643	 0.00239761
-3.5731	 0.00206637
-3.56976	 0.00201404
-3.56643	 0.00223138
-3.5631	 0.00256028
-3.55976	 0.0017511
-3.55643	 0.00196128
-3.5531	 0.00227321
-3.54976	 0.00212169
-3.54643	 0.00251519
-3.5431	 0.00190942
-3.53976	 0.00127434
-3.53643	 0.00170265
-3.5331	 0.00207115
-3.52976	 0.00142069
-3.52643	 0.00128185
-3.5231	 0.00128652
-3.51977	 0.00182713
-3.51643	 0.00141723
-3.5131	 0.00125062
-3.50977	 0.00130144
-3.50643	 0.00143022
-3.5031	 0.00141996
-3.49977	 0.00142431
-3.49643	 0.00127828
-3.4931	 0.00164876
-3.48977	 0.00138763
-3.48643	 0.00122448
-3.4831	 0.00126748
-3.47977	 0.00124878
-3.47643	 0.00129557
-3.4731	 0.0011074
-3.46977	 0.00123182
-3.46644	 0.0011333
-3.4631	 0.00133724
-3.45977	 0.0011547
-3.45644	 0.00105094
-3.4531	 0.00136202
-3.44977	 0.00110913
-3.44644	 0.000825178
-3.4431	 0.001153
-3.43977	 0.000866505
-3.43644	 0.000992935
-3.4331	 0.00104157
-3.42977	 0.00095802
-3.42644	 0.000873626
-3.42311	 0.00109103
-3.41977	 0.00105485
-3.41644	 0.00112441
-3.41311	 0.000929675
-3.40977	 0.00102492
-3.40644	 0.00104696
-3.40311	 0.000808617
-3.39977	 0.000983702
-3.39644	 0.000772605
-3.39311	 0.00105419
-3.38977	 0.000921614
-3.38644	 0.000757058
-3.38311	 0.000730004
-3.37977	 0.0008441
-3.37644	 0.000991834
-3.37311	 0.000881145
-3.36978	 0.000780869
-3.36644	 0.000838713
-3.36311	 0.000863872
-3.35978	 0.000863552
-3.35644	 0.000779351
-3.35311	 0.000815484
-3.34978	 0.000711832
-3.34644	 0.000968506
-3.34311	 0.000733581
-3.33978	 0.000630969
-3.33644	 0.000731664
-3.33311	 0.000566822
-3.32978	 0.000705005
-3.32644	 0.000762511
-3.32311	 0.000543237
-3.31978	 0.000825749
-3.31645	 0.00066244
-3.31311	 0.00066929
-3.30978	 0.000789183
-3.30645	 0.000723871
-3.30311	 0.000751204
-3.29978	 0.000739465
-3.29645	 0.000656896
-3.29311	 0.0007189
-3.28978	 0.000606242
-3.28645	 0.000653511
-3.28311	 0.000701748
-3.27978	 0.000673656
-3.27645	 0.000735221
-3.27312	 0.000518955
-3.26978	 0.000776278
-3.26645	 0.0007425
-3.26312	 0.000629923
-3.25978	 0.000597262
-3.25645	 0.000806354
-3.25312	 0.000668635
-3.24978	 0.000732837
-3.24645	 0.000724233
-3.24312	 0.000615705
-3.23978	 0.000541647
-3.23645	 0.000639499
-3.23312	 0.000701981
-3.22978	 0.000747148
-3.22645	 0.000715973
-3.22312	 0.000681869
-3.21979	 0.000501396
-3.21645	 0.000667487
-3.21312	 0.000629764
-3.20979	 0.000493
-3.20645	 0.000607846
-3.20312	 0.000485911
-3.19979	 0.000510967
-3.19645	 0.000615001
-3.19312	 0.000665799
-3.18979	 0.000542565
-3.18645	 0.000528467
-3.18312	 0.000492809
-3.17979	 0.000596813
-3.17645	 0.000555611
-3.17312	 0.000537675
-3.16979	 0.00079184
-3.16646	 0.000514568
-3.16312	 0.000545466
-3.15979	 0.000532034
-3.15646	 0.000477522
-3.15312	 0.000477853
-3.14979	 0.000575814
-3.14646	 0.000542069
-3.14312	 0.000570599
-3.13979	 0.000629911
-3.13646	 0.000426295
-3.13312	 0.0006711
-3.12979	 0.000628258
-3.12646	 0.000586758
-3.12313	 0.000623489
-3.11979	 0.000507183
-3.11646	 0.000506512
-3.11313	 0.000519931
-3.10979	 0.000522955
-3.10646	 0.000454099
-3.10313	 0.000556395
-3.09979	 0.000507575
-3.09646	 0.000627027
-3.09313	 0.000439305
-3.08979	 0.00046046
-3.08646	 0.000563623
-3.08313	 0.00053335
-3.07979	 0.000583002
-3.07646	 0.000608862
-3.07313	 0.000504215
-3.0698	 0.000529174
-3.06646	 0.000496157
-3.06313	 0.000483319
-3.0598	 0.000644658
-3.05646	 0.000632424
-3.05313	 0.000526539
-3.0498	 0.000637431
-3.04646	 0.000637514
-3.04313	 0.0005935
-3.0398	 0.000527114
-3.03646	 0.000629027
-3.03313	 0.0006197
-3.0298	 0.000688334
-3.02646	 0.000554585
-3.02313	 0.000528261
-3.0198	 0.000517848
-3.01647	 0.000644874
-3.01313	 0.000525776
-3.0098	 0.000536786
-3.00647	 0.000517787
-3.00313	 0.00048426
-2.9998	 0.000535376
-2.99647	 0.000575327
-2.99313	 0.000458141
-2.9898	 0.000482495
-2.98647	 0.000599587
-2.98313	 0.000569875
-2.9798	 0.000544484
-2.97647	 0.000452961
-2.97314	 0.000542139
-2.9698	 0.000504533
-2.96647	 0.000576121
-2.96314	 0.000514732
-2.9598	 0.000549557
-2.95647	 0.00061107
-2.95314	 0.000508518
-2.9498	 0.000494812
-2.94647	 0.000363035
-2.94314	 0.000556599
-2.9398	 0.000705267
-2.93647	 0.000600061
-2.93314	 0.000650904
-2.9298	 0.000581843
-2.92647	 0.000570984
-2.92314	 0.0005535
-2.91981	 0.000624332
-2.91647	 0.000526799
-2.91314	 0.00055097
-2.90981	 0.000709569
-2.90647	 0.000422308
-2.90314	 0.000465647
-2.89981	 0.000492159
-2.89647	 0.000583246
-2.89314	 0.000538777
-2.88981	 0.000606283
-2.88647	 0.00053002
-2.88314	 0.0004819
-2.87981	 0.000595422
-2.87647	 0.00054939
-2.87314	 0.000521534
-2.86981	 0.000506794
-2.86648	 0.000654133
-2.86314	 0.000636515
-2.85981	 0.000551672
-2.85648	 0.000609471
-2.85314	 0.000655906
-2.84981	 0.000495715
-2.84648	 0.000625245
-2.84314	 0.000725734
-2.83981	 0.000754314
-2.83648	 0.000731039
-2.83314	 0.000727907
-2.82981	 0.00062085
-2.82648	 0.000558402
-2.82315	 0.000567151
-2.81981	 0.000578969
-2.81648	 0.000519834
-2.81315	 0.000650733
-2.80981	 0.00059667
-2.80648	 0.000744308
-2.80315	 0.000864026
-2.79981	 0.00067662
-2.79648	 0.000552158
-2.79315	 0.000659183
-2.78981	 0.000593669
-2.78648	 0.000731907
-2.78315	 0.00073964
-2.77981	 0.000712418
-2.77648	 0.000740038
-2.77315	 0.000718331
-2.76982	 0.000697523
-2.76648	 0.000620944
-2.76315	 0.000979284
-2.75982	 0.000624349
-2.75648	 0.000786951
-2.75315	 0.000691129
-2.74982	 0.000712138
-2.74648	 0.0005966
-2.74315	 0.000762213
-2.73982	 0.000683847
-2.73648	 0.000754042
-2.73315	 0.000684223
-2.72982	 0.000624595
-2.72648	 0.000828754
-2.72315	 0.000616621
-2.71982	 0.000650091
-2.71649	 0.000767044
-2.71315	 0.000713655
-2.70982	 0.000749752
-2.70649	 0.000724813
-2.70315	 0.000806911
-2.69982	 0.000891515
-2.69649	 0.000860111
-2.69315	 0.000670907
-2.68982	 0.000877212
-2.68649	 0.000742051
-2.68315	 0.000778468
-2.67982	 0.000787974
-2.67649	 0.000619487
-2.67316	 0.000934723
-2.66982	 0.000761387
-2.66649	 0.000891545
-2.66316	 0.000728692
-2.65982	 0.00100229
-2.65649	 0.000872744
-2.65316	 0.000879043
-2.64982	 0.000822638
-2.64649	 0.00104753
-2.64316	 0.000827422
-2.63982	 0.00102879
-2.63649	 0.00087098
-2.63316	 0.00106472
-2.62982	 0.000942857
-2.62649	 0.000956501
-2.62316	 0.00100983
-2.61983	 0.000733447
-2.61649	 0.00138103
-2.61316	 0.0008652
-2.60983	 0.000742783
-2.60649	 0.00104882
-2.60316	 0.00108383
-2.59983	 0.000908404
-2.59649	 0.00157647
-2.59316	 0.00122983
-2.58983	 0.00133538
-2.58649	 0.00114312
-2.58316	 0.00118561
-2.57983	 0.00143592
-2.57649	 0.00109275
-2.57316	 0.00116393
-2.56983	 0.000919399
-2.5665	 0.00148235
-2.56316	 0.00125408
-2.55983	 0.00117071
-2.5565	 0.00130163
-2.55316	 0.00148602
-2.54983	 0.00153472
-2.5465	 0.00116543
-2.54316	 0.00143674
-2.53983	 0.00154256
-2.5365	 0.00158465
-2.53316	 0.00132991
-2.52983	 0.00106872
-2.5265	 0.00173956
-2.52317	 0.00173439
-2.51983	 0.00159008
-2.5165	 0.0019065
-2.51317	 0.00167978
-2.50983	 0.00134148
-2.5065	 0.00192784
-2.50317	 0.00145805
-2.49983	 0.00189739
-2.4965	 0.00183385
-2.49317	 0.00176648
-2.48983	 0.00207444
-2.4865	 0.00183306
-2.48317	 0.00200344
-2.47983	 0.0018735
-2.4765	 0.00174638
-2.47317	 0.00143706
-2.46984	 0.00191815
-2.4665	 0.00212085
-2.46317	 0.0020206
-2.45984	 0.0025023
-2.4565	 0.0018773
-2.45317	 0.0027716
-2.44984	 0.00201682
-2.4465	 0.00241593
-2.44317	 0.00276827
-2.43984	 0.0023125
-2.4365	 0.00254333
-2.43317	 0.00268277
-2.42984	 0.00260237
-2.4265	 0.0027546
-2.42317	 0.00208255
-2.41984	 0.00292003
-2.41651	 0.00252601
-2.41317	 0.00293965
-2.40984	 0.00256185
-2.40651	 0.00343857
-2.40317	 0.00361692
-2.39984	 0.00376405
-2.39651	 0.00433412
-2.39317	 0.00355926
-2.38984	 0.00405592
-2.38651	 0.00337935
-2.38317	 0.00261212
-2.37984	 0.00351597
-2.37651	 0.00354883
-2.37318	 0.00405068
-2.36984	 0.0048717
-2.36651	 0.00359179
-2.36318	 0.00413219
-2.35984	 0.00434827
-2.35651	 0.00380503
-2.35318	 0.00328021
-2.34984	 0.0036407
-2.34651	 0.00371879
-2.34318	 0.00259767
-2.33984	 0.00397859
-2.33651	 0.00253194
-2.33318	 0.0026159
-2.32984	 0.00244299
-2.32651	 0.00226005
-2.32318	 0.00223086
-2.31985	 0.00209552
-2.31651	 0.00248317
-2.31318	 0.00275254
-2.30985	 0.00215053
-2.30651	 0.00195675
-2.30318	 0.00204566
-2.29985	 0.00195941
-2.29651	 0.00219366
-2.29318	 0.00166059
-2.28985	 0.00180567
-2.28651	 0.00170677
-2.28318	 0.00138927
-2.27985	 0.00154479
-2.27651	 0.00149532
-2.27318	 0.00211555
-2.26985	 0.00130925
-2.26652	 0.00192632
-2.26318	 0.00139343
-2.25985	 0.0011474
-2.25652	 0.00183028
-2.25318	 0.00164478
-2.24985	 0.00145822
-2.24652	 0.00109191
-2.24318	 0.00100804
-2.23985	 0.00128776
-2.23652	 0.000930832
-2.23318	 0.00125125
-2.22985	 0.00105663
-2.22652	 0.00113479
-2.22319	 0.00120269
-2.21985	 0.00105972
-2.21652	 0.00116216
-2.21319	 0.000749658
-2.20985	 0.00103415
-2.20652	 0.00120394
-2.20319	 0.00119971
-2.19985	 0.000818036
-2.19652	 0.00112405
-2.19319	 0.00100087
-2.18985	 0.00102387
-2.18652	 0.000780357
-2.18319	 0.000841411
-2.17985	 0.000947678
-2.17652	 0.00112367
-2.17319	 0.000999544
-2.16986	 0.000769336
-2.16652	 0.00095165
-2.16319	 0.000813654
-2.15986	 0.000842028
-2.15652	 0.00110582
-2.15319	 0.000973983
-2.14986	 0.000996255
-2.14652	 0.000730717
-2.14319	 0.000911425
-2.13986	 0.000989673
-2.13652	 0.000694646
-2.13319	 0.000951311
-2.12986	 0.000809865
-2.12652	 0.000692149
-2.12319	 0.000720739
-2.11986	 0.000828546
-2.11653	 0.000796554
-2.11319	 0.000810241
-2.10986	 0.000866518
-2.10653	 0.000860046
-2.10319	 0.000685932
-2.09986	 0.000731731
-2.09653	 0.000787339
-2.09319	 0.000736109
-2.08986	 0.000552893
-2.08653	 0.00077758
-2.08319	 0.00071844
-2.07986	 0.000662607
-2.07653	 0.000702364
-2.0732	 0.000620823
-2.06986	 0.000781413
-2.06653	 0.000675145
-2.0632	 0.000681142
-2.05986	 0.000583944
-2.05653	 0.000709961
-2.0532	 0.000635416
-2.04986	 0.00059223
-2.04653	 0.000768635
-2.0432	 0.000692982
-2.03986	 0.000618478
-2.03653	 0.000673613
-2.0332	 0.000746194
-2.02986	 0.000628251
-2.02653	 0.000611068
-2.0232	 0.000742694
-2.01987	 0.000691749
-2.01653	 0.000676633
-2.0132	 0.00068054
-2.00987	 0.000563201
-2.00653	 0.0006732
-2.0032	 0.000783646
-1.99987	 0.000642394
-1.99653	 0.000535932
-1.9932	 0.000599692
-1.98987	 0.000513715
-1.98653	 0.000498198
-1.9832	 0.000607301
-1.97987	 0.000518587
-1.97653	 0.000616969
-1.9732	 0.000691826
-1.96987	 0.000672434
-1.96654	 0.000771028
-1.9632	 0.000644091
-1.95987	 0.000449242
-1.95654	 0.000640153
-1.9532	 0.00060132
-1.94987	 0.000571707
-1.94654	 0.000635106
-1.9432	 0.000642254
-1.93987	 0.000429058
-1.93654	 0.000496594
-1.9332	 0.000570859
-1.92987	 0.000712285
-1.92654	 0.000696615
-1.92321	 0.00078503
-1.91987	 0.000786357
-1.91654	 0.000521593
-1.91321	 0.000693904
-1.90987	 0.000559824
-1.90654	 0.000674238
-1.90321	 0.000598413
-1.89987	 0.000541872
-1.89654	 0.000568509
-1.89321	 0.000803609
-1.88987	 0.000523096
-1.88654	 0.000516174
-1.88321	 0.000588796
-1.87987	 0.000586169
-1.87654	 0.000606485
-1.87321	 0.000532708
-1.86988	 0.00059118
-1.86654	 0.0006847
-1.86321	 0.000571036
-1.85988	 0.000734715
-1.85654	 0.000483824
-1.85321	 0.000376277
-1.84988	 0.000562343
-1.84654	 0.000633027
-1.84321	 0.000613201
-1.83988	 0.000419957
-1.83654	 0.000566443
-1.83321	 0.000527103
-1.82988	 0.000559001
-1.82654	 0.000728984
-1.82321	 0.000614707
-1.81988	 0.000458911
-1.81655	 0.000489549
-1.81321	 0.000521329
-1.80988	 0.000553201
-1.80655	 0.000602121
-1.80321	 0.000718615
-1.79988	 0.000474625
-1.79655	 0.000666427
-1.79321	 0.000572877
-1.78988	 0.00053398
-1.78655	 0.000549857
-1.78321	 0.000611774
-1.77988	 0.000690696
-1.77655	 0.000672864
-1.77322	 0.000555345
-1.76988	 0.000537544
-1.76655	 0.000609164
-1.76322	 0.000555984
-1.75988	 0.000545451
-1.75655	 0.000468606
-1.75322	 0.000518617
-1.74988	 0.00054768
-1.74655	 0.000686485
-1.74322	 0.000526836
-1.73988	 0.000701634
-1.73655	 0.000626852
-1.73322	 0.000577984
-1.72988	 0.000649107
-1.72655	 0.00064325
-1.72322	 0.000529995
-1.71989	 0.000711274
-1.71655	 0.000538182
-1.71322	 0.00061291
-1.70989	 0.000554286
-1.70655	 0.000548367
-1.70322	 0.000556084
-1.69989	 0.000716781
-1.69655	 0.000573187
-1.69322	 0.000593022
-1.68989	 0.000653886
-1.68655	 0.000659781
-1.68322	 0.000704329
-1.67989	 0.000665954
-1.67655	 0.00074039
-1.67322	 0.00058771
-1.66989	 0.000620058
-1.66656	 0.000591311
-1.66322	 0.000527523
-1.65989	 0.000582435
-1.65656	 0.000587696
-1.65322	 0.000584839
-1.64989	 0.00053966
-1.64656	 0.000454862
-1.64322	 0.000607756
-1.63989	 0.000595837
-1.63656	 0.000572695
-1.63322	 0.000586149
-1.62989	 0.000693899
-1.62656	 0.000691013
-1.62323	 0.00071836
-1.61989	 0.00058793
-1.61656	 0.000842099
-1.61323	 0.00074325
-1.60989	 0.000778434
-1.60656	 0.00074007
-1.60323	 0.000714689
-1.59989	 0.000529843
-1.59656	 0.00074194
-1.59323	 0.000803651
-1.58989	 0.000534542
-1.58656	 0.000679585
-1.58323	 0.000608629
-1.57989	 0.000709754
-1.57656	 0.000824874
-1.57323	 0.000611836
-1.5699	 0.000585433
-1.56656	 0.000714857
-1.56323	 0.000708542
-1.5599	 0.000726562
-1.55656	 0.00066907
-1.55323	 0.000719867
-1.5499	 0.000740242
-1.54656	 0.000549822
-1.54323	 0.000656535
-1.5399	 0.000688535
-1.53656	 0.000598413
-1.53323	 0.000749774
-1.5299	 0.000874373
-1.52656	 0.000764762
-1.52323	 0.000819741
-1.5199	 0.00074559
-1.51657	 0.000836677
-1.51323	 0.000730374
-1.5099	 0.000691799
-1.50657	 0.00109037
-1.50323	 0.000897823
-1.4999	 0.000723884
-1.49657	 0.000702054
-1.49323	 0.000640075
-1.4899	 0.00076814
-1.48657	 0.000840993
-1.48323	 0.00096025
-1.4799	 0.000950014
-1.47657	 0.000674083
-1.47324	 0.000715192
-1.4699	 0.000713676
-1.46657	 0.000807214
-1.46324	 0.000593617
-1.4599	 0.000874163
-1.45657	 0.000621149
-1.45324	 0.000829065
-1.4499	 0.000667688
-1.44657	 0.000786595
-1.44324	 0.00109258
-1.4399	 0.000910713
-1.43657	 0.000953027
-1.43324	 0.000864863
-1.4299	 0.000989536
-1.42657	 0.000976117
-1.42324	 0.00102274
-1.41991	 0.00113046
-1.41657	 0.000975872
-1.41324	 0.00105937
-1.40991	 0.00080991
-1.40657	 0.000964912
-1.40324	 0.00076901
-1.39991	 0.00114569
-1.39657	 0.00137876
-1.39324	 0.00113017
-1.38991	 0.000932975
-1.38657	 0.00123958
-1.38324	 0.00112452
-1.37991	 0.00105995
-1.37657	 0.000960625
-1.37324	 0.00119595
-1.36991	 0.000642872
-1.36658	 0.00135227
-1.36324	 0.00149476
-1.35991	 0.00109529
-1.35658	 0.00127255
-1.35324	 0.00135515
-1.34991	 0.00100093
-1.34658	 0.00127097
-1.34324	 0.00141022
-1.33991	 0.0014887
-1.33658	 0.00175747
-1.33324	 0.00139689
-1.32991	 0.00125501
-1.32658	 0.00146822
-1.32325	 0.00142603
-1.31991	 0.0016541
-1.31658	 0.00163414
-1.31325	 0.0015151
-1.30991	 0.00174575
-1.30658	 0.00186097
-1.30325	 0.00217832
-1.29991	 0.00250946
-1.29658	 0.00227117
-1.29325	 0.00164418
-1.28991	 0.00174207
-1.28658	 0.00257529
-1.28325	 0.0025512
-1.27991	 0.00259447
-1.27658	 0.00234834
-1.27325	 0.00244687
-1.26992	 0.00252795
-1.26658	 0.00243607
-1.26325	 0.0026157
-1.25992	 0.00304131
-1.25658	 0.00244087
-1.25325	 0.00292571
-1.24992	 0.00243344
-1.24658	 0.0028686
-1.24325	 0.00347552
-1.23992	 0.00340844
-1.23658	 0.00272113
-1.23325	 0.00329162
-1.22992	 0.00429279
-1.22658	 0.00431347
-1.22325	 0.00397338
-1.21992	 0.00520097
-1.21659	 0.00493558
-1.21325	 0.00408512
-1.20992	 0.00618015
-1.20659	 0.00657665
-1.20325	 0.00645391
-1.19992	 0.0088963
-1.19659	 0.0124418
-1.19325	 0.0110832
-1.18992	 0.013389
-1.18659	 0.0137119
-1.18325	 0.0161788
-1.17992	 0.0148756
-1.17659	 0.0100707
-1.17326	 0.0105856
-1.16992	 0.00704074
-1.16659	 0.0083941
-1.16326	 0.00657578
-1.15992	 0.00699602
-1.15659	 0.0050672
-1.15326	 0.004679
-1.14992	 0.00389978
-1.14659	 0.00437327
-1.14326	 0.0042917
-1.13992	 0.00425886
-1.13659	 0.00382905
-1.13326	 0.00293464
-1.12992	 0.00361277
-1.12659	 0.00308168
-1.12326	 0.00368758
-1.11993	 0.00231504
-1.11659	 0.0026277
-1.11326	 0.00238952
-1.10993	 0.00218359
-1.10659	 0.00207999
-1.10326	 0.00223637
-1.09993	 0.00197898
-1.09659	 0.0017842
-1.09326	 0.00193278
-1.08993	 0.00211481
-1.08659	 0.00145664
-1.08326	 0.00180379
-1.07993	 0.0017356
-1.07659	 0.00178498
-1.07326	 0.00179558
-1.06993	 0.00169423
-1.0666	 0.00163232
-1.06326	 0.00156132
-1.05993	 0.00191768
-1.0566	 0.001561
-1.05326	 0.00108618
-1.04993	 0.00148271
-1.0466	 0.00122925
-1.04326	 0.00120493
-1.03993	 0.0014364
-1.0366	 0.00134415
-1.03326	 0.00115026
-1.02993	 0.0011815
-1.0266	 0.00112906
-1.02327	 0.00136186
-1.01993	 0.00126989
-1.0166	 0.0011574
-1.01327	 0.00114813
-1.00993	 0.00107471
-1.0066	 0.000906883
-1.00327	 0.000863018
-0.999933	 0.000972774
-0.9966	 0.00113951
-0.993267	 0.0012848
-0.989934	 0.00107947
-0.986601	 0.00110595
-0.983268	 0.00103271
-0.979935	 0.000982373
-0.976602	 0.00097708
-0.973268	 0.00100978
-0.969935	 0.00070526
-0.966602	 0.00053192
-0.963269	 0.000941909
-0.959936	 0.00079544
-0.956603	 0.000917813
-0.95327	 0.00106458
-0.949937	 0.00109381
-0.946604	 0.00129599
-0.94327	 0.000868102
-0.939937	 0.000854406
-0.936604	 0.000597972
-0.933271	 0.00102863
-0.929938	 0.000744267
-0.926605	 0.000926193
-0.923272	 0.00088892
-0.919939	 0.00102819
-0.916606	 0.000763637
-0.913272	 0.000730518
-0.909939	 0.000870039
-0.906606	 0.000825456
-0.903273	 0.00064239
-0.89994	 0.00092487
-0.896607	 0.000726733
-0.893274	 0.000773883
-0.889941	 0.000963224
-0.886608	 0.000649574
-0.883274	 0.000904799
-0.879941	 0.000735082
-0.876608	 0.000803178
-0.873275	 0.00085903
-0.869942	 0.000671568
-0.866609	 0.000807993
-0.863276	 0.000806208
-0.859943	 0.000859167
-0.85661	 0.00084615
-0.853276	 0.000643669
-0.849943	 0.000781995
-0.84661	 0.000821341
-0.843277	 0.000710796
-0.839944	 0.000798313
-0.836611	 0.000611342
-0.833278	 0.000779237
-0.829945	 0.00062339
-0.826612	 0.000707183
-0.823278	 0.000857344
-0.819945	 0.000931212
-0.816612	 0.000635957
-0.813279	 0.000649395
-0.809946	 0.000587926
-0.806613	 0.000531912
-0.80328	 0.000601178
-0.799947	 0.00053729
-0.796614	 0.000557157
-0.79328	 0.000626348
-0.789947	 0.00077361
-0.786614	 0.000728712
-0.783281	 0.00058587
-0.779948	 0.000620959
-0.776615	 0.000712976
-0.773282	 0.000728036
-0.769949	 0.000480604
-0.766616	 0.000511715
-0.763282	 0.000613927
-0.759949	 0.000621743
-0.756616	 0.000611509
-0.753283	 0.000828579
-0.74995	 0.000549398
-0.746617	 0.000627657
-0.743284	 0.000608842
-0.739951	 0.000674604
-0.736618	 0.000704131
-0.733284	 0.000672848
-0.729951	 0.000631914
-0.726618	 0.000541191
-0.723285	 0.000665286
-0.719952	 0.000605275
-0.716619	 0.000744433
-0.713286	 0.000810691
-0.709953	 0.000539814
-0.70662	 0.000674787
-0.703286	 0.000641018
-0.699953	 0.000759916
-0.69662	 0.000775152
-0.693287	 0.000672382
-0.689954	 0.000696147
-0.686621	 0.000669366
-0.683288	 0.000672591
-0.679955	 0.000717288
-0.676622	 0.000641216
-0.673288	 0.000633061
-0.669955	 0.000618011
-0.666622	 0.000681301
-0.663289	 0.00073313
-0.659956	 0.000588875
-0.656623	 0.000491471
-0.65329	 0.000689213
-0.649957	 0.000616925
-0.646624	 0.000603703
-0.64329	 0.000634396
-0.639957	 0.000491567
-0.636624	 0.000697053
-0.633291	 0.000504733
-0.629958	 0.000556653
-0.626625	 0.00062093
-0.623292	 0.000764759
-0.619959	 0.000552115
-0.616626	 0.000679475
-0.613292	 0.000536547
-0.609959	 0.000631509
-0.606626	 0.000683613
-0.603293	 0.000662721
-0.59996	 0.000613754
-0.596627	 0.00055639
-0.593294	 0.000516935
-0.589961	 0.000757399
-0.586628	 0.000616511
-0.583294	 0.0006983
-0.579961	 0.00070888
-0.576628	 0.000718482
-0.573295	 0.000670697
-0.569962	 0.000719676
-0.566629	 0.000662732
-0.563296	 0.000578922
-0.559963	 0.000678238
-0.55663	 0.000565443
-0.553296	 0.000828797
-0.549963	 0.000623547
-0.54663	 0.000684067
-0.543297	 0.000566597
-0.539964	 0.000844125
-0.536631	 0.00092763
-0.533298	 0.000707386
-0.529965	 0.000673634
-0.526632	 0.000592456
-0.523298	 0.00073278
-0.519965	 0.000751907
-0.516632	 0.000782788
-0.513299	 0.000699939
-0.509966	 0.000745422
-0.506633	 0.000557497
-0.5033	 0.000569521
-0.499967	 0.000671901
-0.496634	 0.000709403
-0.4933	 0.000563882
-0.489967	 0.000719734
-0.486634	 0.000796134
-0.483301	 0.000622539
-0.479968	 0.000711656
-0.476635	 0.00062697
-0.473302	 0.000857642
-0.469969	 0.000780309
-0.466636	 0.00069793
-0.463302	 0.000924565
-0.459969	 0.000691857
-0.456636	 0.000674707
-0.453303	 0.000823016
-0.44997	 0.000839142
-0.446637	 0.000637757
-0.443304	 0.000739592
-0.439971	 0.000593921
-0.436638	 0.000667547
-0.433304	 0.000641114
-0.429971	 0.000691685
-0.426638	 0.000692936
-0.423305	 0.00076952
-0.419972	 0.000895696
-0.416639	 0.000880707
-0.413306	 0.000692562
-0.409973	 0.000927869
-0.40664	 0.000693479
-0.403306	 0.00079711
-0.399973	 0.000729861
-0.39664	 0.000716786
-0.393307	 0.000581732
-0.389974	 0.000918142
-0.386641	 0.000680554
-0.383308	 0.000695182
-0.379975	 0.000762034
-0.376642	 0.000645972
-0.373308	 0.000892663
-0.369975	 0.000918771
-0.366642	 0.000979313
-0.363309	 0.000770461
-0.359976	 0.00104672
-0.356643	 0.000731152
-0.35331	 0.000928435
-0.349977	 0.000968932
-0.346644	 0.000878805
-0.34331	 0.00091393
-0.339977	 0.000894876
-0.336644	 0.000834578
-0.333311	 0.000862827
-0.329978	 0.000778963
-0.326645	 0.000714336
-0.323312	 0.000847153
-0.319979	 0.000980077
-0.316646	 0.000902049
-0.313312	 0.000880173
-0.309979	 0.000882644
-0.306646	 0.000804836
-0.303313	 0.000753497
-0.29998	 0.0010228
-0.296647	 0.00105539
-0.293314	 0.000904008
-0.289981	 0.00121592
-0.286648	 0.00101985
-0.283314	 0.000896237
-0.279981	 0.00117626
-0.276648	 0.000931727
-0.273315	 0.00128922
-0.269982	 0.00111319
-0.266649	 0.000974052
-0.263316	 0.00123252
-0.259983	 0.000846235
-0.25665	 0.00132118
-0.253316	 0.00119826
-0.249983	 0.00102727
-0.24665	 0.000865398
-0.243317	 0.0010657
-0.239984	 0.000924192
-0.236651	 0.00113429
-0.233318	 0.00120981
-0.229985	 0.00126081
-0.226652	 0.000931918
-0.223318	 0.00123639
-0.219985	 0.00112207
-0.216652	 0.00112742
-0.213319	 0.00108748
-0.209986	 0.00135411
-0.206653	 0.00113116
-0.20332	 0.00120775
-0.199987	 0.00130791
-0.196654	 0.00172908
-0.19332	 0.00114587
-0.189987	 0.00112595
-0.186654	 0.00121701
-0.183321	 0.00163121
-0.179988	 0.0017323
-0.176655	 0.00134837
-0.173322	 0.00167404
-0.169989	 0.00160147
-0.166656	 0.0016353
-0.163322	 0.00166844
-0.159989	 0.00145906
-0.156656	 0.0015244
-0.153323	 0.001688
-0.14999	 0.00212851
-0.146657	 0.00200549
-0.143324	 0.00135297
-0.139991	 0.00192113
-0.136658	 0.00163336
-0.133324	 0.00209237
-0.129991	 0.00179527
-0.126658	 0.00163834
-0.123325	 0.00209967
-0.119992	 0.00241644
-0.116659	 0.00204328
-0.113326	 0.00211914
-0.109993	 0.00242759
-0.10666	 0.00183439
-0.103326	 0.00313984
-0.0999933	 0.00234739
-0.0966602	 0.00246755
-0.0933271	 0.00284064
-0.089994	 0.00279774
-0.0866609	 0.00284593
-0.0833278	 0.00205799
-0.0799947	 0.00304173
-0.0766616	 0.0027099
-0.0733284	 0.00409423
-0.0699953	 0.00387341
-0.0666622	 0.00362801
-0.0633291	 0.00359174
-0.059996	 0.00419485
-0.0566629	 0.00383857
-0.0533298	 0.00499522
-0.0499967	 0.00509388
-0.0466636	 0.00467234
-0.0433304	 0.00618308
-0.0399973	 0.00556447
-0.0366642	 0.00655261
-0.0333311	 0.00734747
-0.029998	 0.00868637
-0.0266649	 0.00969954
-0.0233318	 0.0136815
-0.0199987	 0.0139056
-0.0166656	 0.0156897
-0.0133324	 0.0204405
-0.00999933	 0.0335063
-0.00666622	 0.0576544
-0.00333311	 1.09347e-05
0	 1
0.00333311	 0.0575735
0.00666622	 0.0377407
0.00999933	 0.0201813
0.0133324	 0.0170645
0.0166656	 0.0134748
0.0199987	 0.0139418
0.0233318	 0.0097108
0.0266649	 0.0086098
0.029998	 0.00721416
0.0333311	 0.00661102
0.0366642	 0.0051207
0.0399973	 0.0057631
0.0433304	 0.00551394
0.0466636	 0.00484741
0.0499967	 0.00512788
0.0533298	 0.00398175
0.0566629	 0.00384071
0.059996	 0.0036582
0.0633291	 0.0038475
0.0666622	 0.00383321
0.0699953	 0.00391663
0.0733284	 0.00239337
0.0766616	 0.00328147
0.0799947	 0.00242451
0.0833278	 0.00286245
0.0866609	 0.00274837
0.089994	 0.00216427
0.0933271	 0.00248228
0.0966602	 0.00237864
0.0999933	 0.00303356
0.103326	 0.00230109
0.10666	 0.00246363
0.109993	 0.00213804
0.113326	 0.00182287
0.116659	 0.00204574
0.119992	 0.00230785
0.123325	 0.00184077
0.126658	 0.00183105
0.129991	 0.00214773
0.133324	 0.00148292
0.136658	 0.00175241
0.139991	 0.00142788
0.143324	 0.00209792
0.146657	 0.00193641
0.14999	 0.00179666
0.153323	 0.0012461
0.156656	 0.001484
0.159989	 0.00183691
0.163322	 0.00165741
0.166656	 0.00131607
0.169989	 0.00164453
0.173322	 0.00149895
0.176655	 0.00153543
0.179988	 0.00139058
0.183321	 0.00134271
0.186654	 0.00126708
0.189987	 0.00121327
0.19332	 0.00136864
0.196654	 0.0012803
0.199987	 0.00129167
0.20332	 0.0010941
0.206653	 0.00119239
0.209986	 0.00110251
0.213319	 0.00124284
0.216652	 0.00119219
0.219985	 0.00109521
0.223318	 0.00111846
0.226652	 0.00107823
0.229985	 0.00136913
0.233318	 0.00105414
0.236651	 0.00112795
0.239984	 0.00117295
0.243317	 0.00101372
0.24665	 0.00102666
0.249983	 0.00111865
0.253316	 0.00115649
0.25665	 0.00116643
0.259983	 0.000976004
0.263316	 0.00102915
0.266649	 0.00100697
0.269982	 0.00115072
0.273315	 0.000873542
0.276648	 0.00104864
0.279981	 0.00108577
0.283314	 0.000775292
0.286648	 0.00104483
0.289981	 0.000774999
0.293314	 0.000923429
0.296647	 0.000963668
0.29998	 0.000938422
0.303313	 0.000821026
0.306646	 0.000953933
0.309979	 0.000778948
0.313312	 0.000873018
0.316646	 0.000700254
0.319979	 0.000688602
0.323312	 0.00105665
0.326645	 0.000893548
0.329978	 0.000735557
0.333311	 0.000884378
0.336644	 0.000781284
0.339977	 0.000977493
0.34331	 0.000836509
0.346644	 0.000729632
0.349977	 0.000894129
0.35331	 0.000695678
0.356643	 0.000810293
0.359976	 0.000781493
0.363309	 0.000751544
0.366642	 0.000797019
0.369975	 0.000887391
0.373308	 0.000802346
0.376642	 0.000934325
0.379975	 0.000890895
0.383308	 0.000775013
0.386641	 0.00071471
0.389974	 0.000601048
0.393307	 0.000814213
0.39664	 0.000658625
0.399973	 0.000710522
0.403306	 0.000780944
0.40664	 0.000982094
0.409973	 0.000640501
0.413306	 0.000946522
0.416639	 0.000807487
0.419972	 0.000709569
0.423305	 0.000638878
0.426638	 0.000764334
0.429971	 0.0006053
0.433304	 0.00064927
0.436638	 0.000831512
0.439971	 0.000654682
0.443304	 0.000591235
0.446637	 0.000809871
0.44997	 0.00101889
0.453303	 0.000758113
0.456636	 0.00062837
0.459969	 0.000750111
0.463302	 0.000747718
0.466636	 0.000578766
0.469969	 0.000841655
0.473302	 0.000649923
0.476635	 0.000789633
0.479968	 0.000644002
0.483301	 0.000795566
0.486634	 0.000652774
0.489967	 0.000622879
0.4933	 0.000729591
0.496634	 0.000776127
0.499967	 0.000688794
0.5033	 0.000651394
0.506633	 0.000775208
0.509966	 0.000676341
0.513299	 0.000738249
0.516632	 0.000619286
0.519965	 0.000601926
0.523298	 0.000548063
0.526632	 0.000696286
0.529965	 0.000560972
0.533298	 0.000711454
0.536631	 0.000717464
0.539964	 0.000528367
0.543297	 0.000573991
0.54663	 0.000661116
0.549963	 0.000710894
0.553296	 0.00078498
0.55663	 0.000884416
0.559963	 0.000608412
0.563296	 0.000622854
0.566629	 0.000628915
0.569962	 0.000719703
0.573295	 0.000647065
0.576628	 0.000663347
0.579961	 0.000487672
0.583294	 0.000644653
0.586628	 0.000704043
0.589961	 0.000657588
0.593294	 0.000548208
0.596627	 0.000570147
0.59996	 0.00073833
0.603293	 0.000572837
0.606626	 0.000581372
0.609959	 0.000596177
0.613292	 0.000556452
0.616626	 0.000765557
0.619959	 0.000581864
0.623292	 0.000591486
0.626625	 0.000421187
0.629958	 0.000593969
0.633291	 0.000586604
0.636624	 0.00064609
0.639957	 0.000638952
0.64329	 0.000683778
0.646624	 0.000618388
0.649957	 0.000625287
0.65329	 0.000604696
0.656623	 0.000562938
0.659956	 0.000777506
0.663289	 0.000580006
0.666622	 0.000634326
0.669955	 0.000570207
0.673288	 0.000669339
0.676622	 0.000728548
0.679955	 0.00060708
0.683288	 0.000720826
0.686621	 0.000626651
0.689954	 0.000557648
0.693287	 0.00051382
0.69662	 0.000803394
0.699953	 0.000668539
0.703286	 0.000719107
0.70662	 0.000674015
0.709953	 0.000690479
0.713286	 0.000747013
0.716619	 0.000645288
0.719952	 0.000742482
0.723285	 0.000530896
0.726618	 0.000600321
0.729951	 0.000544635
0.733284	 0.000635272
0.736618	 0.000620483
0.739951	 0.000606245
0.743284	 0.000684115
0.746617	 0.000730717
0.74995	 0.000618428
0.753283	 0.000734317
0.756616	 0.000752727
0.759949	 0.000582285
0.763282	 0.000576075
0.766616	 0.000704011
0.769949	 0.000655015
0.773282	 0.000832978
0.776615	 0.000664254
0.779948	 0.000522793
0.783281	 0.000522548
0.786614	 0.000697322
0.789947	 0.00073912
0.79328	 0.000716466
0.796614	 0.000572471
0.799947	 0.000578919
0.80328	 0.000702005
0.806613	 0.00057662
0.809946	 0.000847098
0.813279	 0.000756627
0.816612	 0.00078935
0.819945	 0.000844824
0.823278	 0.000586534
0.826612	 0.000629529
0.829945	 0.000747937
0.833278	 0.000819148
0.836611	 0.000779939
0.839944	 0.000821297
0.843277	 0.000665819
0.84661	 0.000767852
0.849943	 0.000627238
0.853276	 0.000715343
0.85661	 0.000697861
0.859943	 0.000729326
0.863276	 0.000681414
0.866609	 0.000773726
0.869942	 0.000728731
0.873275	 0.000896096
0.876608	 0.000821918
0.879941	 0.000828646
0.883274	 0.000651202
0.886608	 0.000909265
0.889941	 0.000881417
0.893274	 0.00069102
0.896607	 0.000795223
0.89994	 0.000798638
0.903273	 0.000879357
0.906606	 0.000977593
0.909939	 0.000751738
0.913272	 0.000904871
0.916606	 0.00071597
0.919939	 0.000881972
0.923272	 0.000888543
0.926605	 0.000952066
0.929938	 0.00088138
0.933271	 0.000749182
0.936604	 0.00071488
0.939937	 0.000880511
0.94327	 0.000880277
0.946604	 0.00103172
0.949937	 0.00108444
0.95327	 0.000814998
0.956603	 0.000934287
0.959936	 0.00076017
0.963269	 0.000852504
0.966602	 0.000926486
0.969935	 0.00116423
0.973268	 0.00110178
0.976602	 0.00110027
0.979935	 0.00119829
0.983268	 0.00119403
0.986601	 0.00125315
0.989934	 0.00104623
0.993267	 0.00103546
0.9966	 0.00109538
0.999933	 0.00112974
1.00327	 0.00088122
1.0066	 0.001242
1.00993	 0.000933404
1.01327	 0.00121713
1.0166	 0.00141586
1.01993	 0.00121787
1.02327	 0.00111787
1.0266	 0.000999836
1.02993	 0.00139664
1.03326	 0.00151436
1.0366	 0.00105707
1.03993	 0.00137184
1.04326	 0.00125533
1.0466	 0.0015114
1.04993	 0.00117354
1.05326	 0.00149176
1.0566	 0.00164421
1.05993	 0.00139707
1.06326	 0.00195029
1.0666	 0.00166434
1.06993	 0.00167726
1.07326	 0.00130234
1.07659	 0.0017272
1.07993	 0.00170057
1.08326	 0.00141585
1.08659	 0.00180902
1.08993	 0.00163301
1.09326	 0.00191218
1.09659	 0.00145257
1.09993	 0.00221911
1.10326	 0.00176886
1.10659	 0.00209596
1.10993	 0.00228537
1.11326	 0.00261385
1.11659	 0.00226606
1.11993	 0.0034506
1.12326	 0.00298325
1.12659	 0.00337234
1.12992	 0.0027947
1.13326	 0.0039211
1.13659	 0.00459229
1.13992	 0.00431197
1.14326	 0.00418588
1.14659	 0.00288324
1.14992	 0.00414889
1.15326	 0.00441145
1.15659	 0.0071404
1.15992	 0.00571729
1.16326	 0.00790584
1.16659	 0.00809643
1.16992	 0.0090402
1.17326	 0.00970789
1.17659	 0.0168319
1.17992	 0.0142555
1.18325	 0.0146846
1.18659	 0.0143119
1.18992	 0.0112311
1.19325	 0.0117333
1.19659	 0.00892486
1.19992	 0.00725729
1.20325	 0.00691513
1.20659	 0.00551436
1.20992	 0.00409429
1.21325	 0.00456687
1.21659	 0.00413425
1.21992	 0.00387981
1.22325	 0.00408082
1.22658	 0.00510478
1.22992	 0.00298813
1.23325	 0.00346158
1.23658	 0.00253892
1.23992	 0.00306779
1.24325	 0.0024362
1.24658	 0.00252941
1.24992	 0.00295533
1.25325	 0.00219048
1.25658	 0.00320056
1.25992	 0.0022722
1.26325	 0.00336231
1.26658	 0.00236793
1.26992	 0.00235818
1.27325	 0.00170607
1.27658	 0.00298034
1.27991	 0.00250412
1.28325	 0.00194747
1.28658	 0.00187963
1.28991	 0.00185349
1.29325	 0.00198987
1.29658	 0.00240832
1.29991	 0.0015341
1.30325	 0.00141346
1.30658	 0.00145793
1.30991	 0.00149974
1.31325	 0.00179291
1.31658	 0.00175519
1.31991	 0.00142307
1.32325	 0.00134799
1.32658	 0.00160953
1.32991	 0.00150661
1.33324	 0.00126687
1.33658	 0.0014504
1.33991	 0.00115032
1.34324	 0.00134381
1.34658	 0.00112438
1.34991	 0.00121433
1.35324	 0.00159815
1.35658	 0.00131065
1.35991	 0.000982952
1.36324	 0.0010467
1.36658	 0.00139782
1.36991	 0.00139549
1.37324	 0.00106564
1.37657	 0.00127273
1.37991	 0.00146199
1.38324	 0.00107229
1.38657	 0.00102072
1.38991	 0.000880604
1.39324	 0.000997965
1.39657	 0.000944971
1.39991	 0.00119238
1.40324	 0.00083503
1.40657	 0.000968136
1.40991	 0.00106451
1.41324	 0.00104736
1.41657	 0.00119168
1.41991	 0.000700544
1.42324	 0.000855785
1.42657	 0.000848009
1.4299	 0.0010872
1.43324	 0.000748318
1.43657	 0.000921667
1.4399	 0.00105437
1.44324	 0.000786432
1.44657	 0.000816621
1.4499	 0.000716315
1.45324	 0.000656121
1.45657	 0.000962073
1.4599	 0.000862078
1.46324	 0.000570211
1.46657	 0.000651402
1.4699	 0.00081266
1.47324	 0.00087173
1.47657	 0.000833319
1.4799	 0.000966913
1.48323	 0.000715394
1.48657	 0.000911007
1.4899	 0.000874468
1.49323	 0.000650051
1.49657	 0.000975832
1.4999	 0.000839538
1.50323	 0.000733206
1.50657	 0.000867981
1.5099	 0.000687493
1.51323	 0.000874447
1.51657	 0.000830045
1.5199	 0.000755407
1.52323	 0.000797505
1.52656	 0.000772995
1.5299	 0.000693559
1.53323	 0.000676009
1.53656	 0.000818791
1.5399	 0.000863248
1.54323	 0.000777276
1.54656	 0.000678598
1.5499	 0.000882177
1.55323	 0.000703776
1.55656	 0.000715441
1.5599	 0.000591326
1.56323	 0.000661769
1.56656	 0.000784248
1.5699	 0.000738474
1.57323	 0.000574096
1.57656	 0.000690293
1.57989	 0.000634721
1.58323	 0.000660759
1.58656	 0.000715085
1.58989	 0.000852015
1.59323	 0.000526859
1.59656	 0.000620728
1.59989	 0.000570998
1.60323	 0.000505852
1.60656	 0.000703089
1.60989	 0.000666763
1.61323	 0.000775979
1.61656	 0.000758659
1.61989	 0.000938685
1.62323	 0.000677437
1.62656	 0.000674782
1.62989	 0.000614926
1.63322	 0.000664919
1.63656	 0.000745948
1.63989	 0.000566567
1.64322	 0.000573812
1.64656	 0.000665631
1.64989	 0.000571324
1.65322	 0.000701599
1.65656	 0.000552989
1.65989	 0.000548095
1.66322	 0.000550702
1.66656	 0.000499632
1.66989	 0.000680094
1.67322	 0.000574408
1.67655	 0.000475686
1.67989	 0.000613096
1.68322	 0.000576066
1.68655	 0.000552271
1.68989	 0.000711408
1.69322	 0.000509249
1.69655	 0.000505754
1.69989	 0.000437378
1.70322	 0.000570331
1.70655	 0.000550089
1.70989	 0.000467909
1.71322	 0.000596865
1.71655	 0.000560432
1.71989	 0.00060443
1.72322	 0.000489984
1.72655	 0.000567957
1.72988	 0.000597156
1.73322	 0.000585999
1.73655	 0.000663116
1.73988	 0.000536516
1.74322	 0.000721042
1.74655	 0.000521572
1.74988	 0.000486087
1.75322	 0.000555914
1.75655	 0.000471511
1.75988	 0.000529132
1.76322	 0.000684732
1.76655	 0.000516592
1.76988	 0.000486572
1.77322	 0.000544614
1.77655	 0.000673218
1.77988	 0.000553276
1.78321	 0.000521904
1.78655	 0.000590527
1.78988	 0.000731086
1.79321	 0.000533286
1.79655	 0.000565278
1.79988	 0.000581756
1.80321	 0.00069527
1.80655	 0.000571487
1.80988	 0.00062187
1.81321	 0.000611976
1.81655	 0.000661397
1.81988	 0.00037793
1.82321	 0.000599332
1.82654	 0.00051256
1.82988	 0.000514878
1.83321	 0.000568566
1.83654	 0.000528313
1.83988	 0.000690786
1.84321	 0.000532336
1.84654	 0.000530924
1.84988	 0.000472235
1.85321	 0.000549371
1.85654	 0.000624216
1.85988	 0.000625924
1.86321	 0.000576751
1.86654	 0.000485586
1.86988	 0.000567143
1.87321	 0.000629534
1.87654	 0.000593313
1.87987	 0.000592168
1.88321	 0.000614482
1.88654	 0.000460957
1.88987	 0.000489972
1.89321	 0.000589192
1.89654	 0.000497811
1.89987	 0.000593157
1.90321	 0.000601605
1.90654	 0.000573979
1.90987	 0.000486893
1.91321	 0.000565876
1.91654	 0.000593925
1.91987	 0.000551073
1.92321	 0.000756664
1.92654	 0.000616668
1.92987	 0.000546629
1.9332	 0.000688121
1.93654	 0.000509153
1.93987	 0.000632763
1.9432	 0.000563798
1.94654	 0.000537433
1.94987	 0.000556611
1.9532	 0.000578314
1.95654	 0.000660054
1.95987	 0.000675606
1.9632	 0.000721046
1.96654	 0.000548031
1.96987	 0.000587704
1.9732	 0.000762017
1.97653	 0.000625792
1.97987	 0.000608993
1.9832	 0.000646586
1.98653	 0.000585178
1.98987	 0.000560436
1.9932	 0.000644059
1.99653	 0.000628917
1.99987	 0.000741199
2.0032	 0.000519236
2.00653	 0.000676503
2.00987	 0.000659031
2.0132	 0.0005934
2.01653	 0.000612133
2.01987	 0.00075159
2.0232	 0.000412603
2.02653	 0.000625875
2.02986	 0.000630322
2.0332	 0.00069235
2.03653	 0.000757625
2.03986	 0.000602745
2.0432	 0.000629755
2.04653	 0.000824293
2.04986	 0.000649826
2.0532	 0.000709494
2.05653	 0.000451932
2.05986	 0.000689047
2.0632	 0.000734981
2.06653	 0.000734608
2.06986	 0.000738754
2.0732	 0.000856862
2.07653	 0.000863216
2.07986	 0.000670652
2.08319	 0.00067416
2.08653	 0.000741162
2.08986	 0.000779755
2.09319	 0.000680249
2.09653	 0.000545641
2.09986	 0.000713294
2.10319	 0.000836657
2.10653	 0.000971075
2.10986	 0.000837756
2.11319	 0.000731305
2.11653	 0.000857302
2.11986	 0.000724858
2.12319	 0.000742671
2.12652	 0.000757961
2.12986	 0.000697559
2.13319	 0.000666971
2.13652	 0.00104247
2.13986	 0.00104358
2.14319	 0.000643818
2.14652	 0.0008855
2.14986	 0.000925542
2.15319	 0.00104674
2.15652	 0.000766473
2.15986	 0.000805394
2.16319	 0.000829683
2.16652	 0.000778614
2.16986	 0.000897367
2.17319	 0.00108115
2.17652	 0.000902498
2.17985	 0.00115332
2.18319	 0.000884354
2.18652	 0.00103265
2.18985	 0.000849102
2.19319	 0.000836446
2.19652	 0.000995654
2.19985	 0.00113389
2.20319	 0.000881103
2.20652	 0.00109097
2.20985	 0.00118696
2.21319	 0.0011039
2.21652	 0.00114832
2.21985	 0.0011832
2.22319	 0.00138602
2.22652	 0.00089066
2.22985	 0.00133532
2.23318	 0.00118436
2.23652	 0.00114555
2.23985	 0.00110208
2.24318	 0.00130035
2.24652	 0.00125071
2.24985	 0.00167683
2.25318	 0.0013931
2.25652	 0.00138898
2.25985	 0.0014584
2.26318	 0.0012366
2.26652	 0.00160115
2.26985	 0.00169325
2.27318	 0.00157342
2.27651	 0.00182624
2.27985	 0.00150602
2.28318	 0.00151915
2.28651	 0.00162947
2.28985	 0.00216663
2.29318	 0.00212138
2.29651	 0.00176638
2.29985	 0.00199113
2.30318	 0.00221133
2.30651	 0.00227452
2.30985	 0.00215016
2.31318	 0.00233584
2.31651	 0.00244831
2.31985	 0.00209037
2.32318	 0.00256243
2.32651	 0.00266594
2.32984	 0.00322182
2.33318	 0.00294817
2.33651	 0.00366228
2.33984	 0.00251196
2.34318	 0.00342073
2.34651	 0.00333402
2.34984	 0.00346524
2.35318	 0.00393143
2.35651	 0.0030583
2.35984	 0.00388492
2.36318	 0.00341145
2.36651	 0.0039573
2.36984	 0.00336646
2.37318	 0.00282917
2.37651	 0.00268047
2.37984	 0.00355455
2.38317	 0.00287329
2.38651	 0.00422374
2.38984	 0.00393106
2.39317	 0.00456814
2.39651	 0.00406936
2.39984	 0.00363492
2.40317	 0.00316866
2.40651	 0.00309427
2.40984	 0.00315661
2.41317	 0.00293069
2.41651	 0.00312219
2.41984	 0.00283346
2.42317	 0.00298139
2.4265	 0.00199806
2.42984	 0.00304713
2.43317	 0.00262763
2.4365	 0.00182138
2.43984	 0.00242368
2.44317	 0.00278229
2.4465	 0.00220433
2.44984	 0.00244667
2.45317	 0.00244765
2.4565	 0.00244872
2.45984	 0.00183706
2.46317	 0.00189279
2.4665	 0.00196091
2.46984	 0.00188614
2.47317	 0.00185564
2.4765	 0.00198488
2.47983	 0.00198628
2.48317	 0.00146733
2.4865	 0.00203376
2.48983	 0.00162087
2.49317	 0.0016611
2.4965	 0.00196467
2.49983	 0.00138034
2.50317	 0.00169618
2.5065	 0.00147827
2.50983	 0.00197548
2.51317	 0.00163188
2.5165	 0.00167852
2.51983	 0.00147054
2.52317	 0.00132607
2.5265	 0.00159009
2.52983	 0.00129398
2.53316	 0.00134595
2.5365	 0.00122719
2.53983	 0.00134944
2.54316	 0.0011566
2.5465	 0.00157627
2.54983	 0.00151896
2.55316	 0.00159203
2.5565	 0.00109888
2.55983	 0.00104079
2.56316	 0.00134971
2.5665	 0.00134051
2.56983	 0.00119115
2.57316	 0.00116796
2.57649	 0.00112139
2.57983	 0.0011474
2.58316	 0.00112438
2.58649	 0.00130701
2.58983	 0.00138569
2.59316	 0.00132713
2.59649	 0.00104457
2.59983	 0.00110463
2.60316	 0.00113215
2.60649	 0.00112829
2.60983	 0.00108479
2.61316	 0.00127541
2.61649	 0.000917119
2.61983	 0.000966027
2.62316	 0.000975367
2.62649	 0.000917096
2.62982	 0.000873538
2.63316	 0.000812604
2.63649	 0.00114495
2.63982	 0.000972506
2.64316	 0.00072933
2.64649	 0.000968166
2.64982	 0.000809132
2.65316	 0.00101945
2.65649	 0.000752817
2.65982	 0.000879642
2.66316	 0.000763268
2.66649	 0.00100114
2.66982	 0.00100557
2.67316	 0.000816885
2.67649	 0.000805048
2.67982	 0.000813868
2.68315	 0.000682778
2.68649	 0.000712144
2.68982	 0.000849181
2.69315	 0.00101505
2.69649	 0.000796547
2.69982	 0.00108745
2.70315	 0.000778312
2.70649	 0.000688568
2.70982	 0.000814469
2.71315	 0.00067453
2.71649	 0.000773478
2.71982	 0.000680437
2.72315	 0.000707154
2.72648	 0.000859425
2.72982	 0.000805301
2.73315	 0.000721378
2.73648	 0.000781701
2.73982	 0.000531706
2.74315	 0.000605286
2.74648	 0.000609696
2.74982	 0.000543346
2.75315	 0.000653788
2.75648	 0.00069939
2.75982	 0.000723473
2.76315	 0.000685355
2.76648	 0.000723038
2.76982	 0.000821118
2.77315	 0.000850544
2.77648	 0.00057209
2.77981	 0.000688498
2.78315	 0.000836518
2.78648	 0.000616158
2.78981	 0.000663641
2.79315	 0.000815203
2.79648	 0.000562515
2.79981	 0.000708142
2.80315	 0.000604671
2.80648	 0.000519922
2.80981	 0.000718841
2.81315	 0.000662383
2.81648	 0.000618542
2.81981	 0.000565454
2.82315	 0.000634448
2.82648	 0.000564385
2.82981	 0.000659139
2.83314	 0.000547148
2.83648	 0.000602147
2.83981	 0.000443387
2.84314	 0.000588507
2.84648	 0.000596062
2.84981	 0.000521094
2.85314	 0.0005527
2.85648	 0.00057879
2.85981	 0.000647646
2.86314	 0.00054064
2.86648	 0.000567426
2.86981	 0.000584584
2.87314	 0.000699748
2.87647	 0.000700908
2.87981	 0.000521819
2.88314	 0.00081976
2.88647	 0.00048488
2.88981	 0.000600692
2.89314	 0.000759176
2.89647	 0.000636162
2.89981	 0.000585259
2.90314	 0.000837498
2.90647	 0.000529957
2.90981	 0.000518879
2.91314	 0.000606274
2.91647	 0.000505428
2.91981	 0.000551915
2.92314	 0.000538414
2.92647	 0.000617069
2.9298	 0.000605666
2.93314	 0.000646182
2.93647	 0.00048882
2.9398	 0.000585947
2.94314	 0.000579469
2.94647	 0.000604272
2.9498	 0.000627132
2.95314	 0.00043971
2.95647	 0.000617959
2.9598	 0.000580725
2.96314	 0.000658843
2.96647	 0.000484654
2.9698	 0.000533612
2.97314	 0.000506495
2.97647	 0.000594658
2.9798	 0.000640636
2.98313	 0.000547753
2.98647	 0.000505975
2.9898	 0.000597357
2.99313	 0.00073828
2.99647	 0.000551358
2.9998	 0.000532662
3.00313	 0.000469264
3.00647	 0.000587818
3.0098	 0.000468368
3.01313	 0.000562219
3.01647	 0.00053679
3.0198	 0.000647028
3.02313	 0.00038309
3.02646	 0.000463957
3.0298	 0.000552263
3.03313	 0.000870548
3.03646	 0.00067541
3.0398	 0.00056346
3.04313	 0.000475767
3.04646	 0.000541298
3.0498	 0.000622297
3.05313	 0.000611228
3.05646	 0.000604582
3.0598	 0.000443044
3.06313	 0.000543251
3.06646	 0.000518775
3.0698	 0.000450019
3.07313	 0.000532746
3.07646	 0.000444237
3.07979	 0.000632032
3.08313	 0.000504309
3.08646	 0.000570287
3.08979	 0.000545351
3.09313	 0.000785686
3.09646	 0.000633172
3.09979	 0.000518639
3.10313	 0.000799722
3.10646	 0.000473732
3.10979	 0.000746969
3.11313	 0.000590074
3.11646	 0.000487767
3.11979	 0.000587652
3.12313	 0.000644644
3.12646	 0.000622424
3.12979	 0.000556161
3.13312	 0.000526462
3.13646	 0.000447402
3.13979	 0.000576471
3.14312	 0.000551684
3.14646	 0.000589402
3.14979	 0.00052656
3.15312	 0.000655185
3.15646	 0.000540627
3.15979	 0.000683109
3.16312	 0.000556679
3.16646	 0.000571051
3.16979	 0.000598939
3.17312	 0.000656783
3.17645	 0.000745374
3.17979	 0.000613124
3.18312	 0.000482708
3.18645	 0.000540337
3.18979	 0.000608193
3.19312	 0.000650695
3.19645	 0.000677985
3.19979	 0.000589063
3.20312	 0.000618072
3.20645	 0.000614637
3.20979	 0.000623578
3.21312	 0.000604607
3.21645	 0.000561567
3.21979	 0.000825141
3.22312	 0.000502649
3.22645	 0.000537219
3.22978	 0.000619046
3.23312	 0.000571167
3.23645	 0.000647952
3.23978	 0.000673268
3.24312	 0.000605138
3.24645	 0.000481262
3.24978	 0.00068575
3.25312	 0.000724823
3.25645	 0.000650308
3.25978	 0.000646598
3.26312	 0.000837103
3.26645	 0.000641233
3.26978	 0.000525539
3.27312	 0.000645269
3.27645	 0.00065731
3.27978	 0.000592487
3.28311	 0.000769267
3.28645	 0.000592574
3.28978	 0.000674208
3.29311	 0.000665523
3.29645	 0.000831252
3.29978	 0.000825765
3.30311	 0.000696448
3.30645	 0.000675788
3.30978	 0.000799415
3.31311	 0.000663199
3.31645	 0.000729058
3.31978	 0.000849155
3.32311	 0.000771544
3.32644	 0.00093259
3.32978	 0.00060624
3.33311	 0.000653348
3.33644	 0.000800204
3.33978	 0.000851128
3.34311	 0.000798563
3.34644	 0.000600152
3.34978	 0.000634578
3.35311	 0.000851134
3.35644	 0.000718842
3.35978	 0.000687836
3.36311	 0.000919541
3.36644	 0.000777934
3.36978	 0.000810505
3.37311	 0.000937132
3.37644	 0.00102362
3.37977	 0.000869647
3.38311	 0.000995846
3.38644	 0.000793013
3.38977	 0.000918211
3.39311	 0.00098289
3.39644	 0.00101722
3.39977	 0.00109407
3.40311	 0.000958949
3.40644	 0.000909921
3.40977	 0.00100294
3.41311	 0.00124569
3.41644	 0.00115707
3.41977	 0.00092277
3.42311	 0.00103565
3.42644	 0.000937302
3.42977	 0.00101218
3.4331	 0.00120882
3.43644	 0.00122294
3.43977	 0.000986116
3.4431	 0.00103766
3.44644	 0.00128215
3.44977	 0.00117046
3.4531	 0.0010265
3.45644	 0.000808984
3.45977	 0.00118184
3.4631	 0.00116228
3.46644	 0.00119166
3.46977	 0.00105718
3.4731	 0.00114525
3.47643	 0.00116996
3.47977	 0.00114821
3.4831	 0.00103898
3.48643	 0.0013748
3.48977	 0.00139401
3.4931	 0.00118113
3.49643	 0.00164921
3.49977	 0.00130743
3.5031	 0.00151155
3.50643	 0.00170691
3.50977	 0.00137299
3.5131	 0.00146431
3.51643	 0.00139937
3.51977	 0.00134287
3.5231	 0.00139269
3.52643	 0.00147299
3.52976	 0.00178378
3.5331	 0.00137804
3.53643	 0.0018116
3.53976	 0.00224632
3.5431	 0.00229246
3.54643	 0.00187138
3.54976	 0.00170519
3.5531	 0.00201278
3.55643	 0.0019665
3.55976	 0.00243425
3.5631	 0.00203296
3.56643	 0.00181717
3.56976	 0.00231422
3.5731	 0.00232329
3.57643	 0.00154774
3.57976	 0.00248743
3.58309	 0.00257679
3.58643	 0.00262032
3.58976	 0.0023191
3.59309	 0.00206539
3.59643	 0.00313467
3.59976	 0.00235778
3.60309	 0.00221409
3.60643	 0.00212151
3.60976	 0.00201927
3.61309	 0.00289399
3.61643	 0.00232802
3.61976	 0.00235807
3.62309	 0.00231607
3.62642	 0.00176681
3.62976	 0.00177964
3.63309	 0.00195339
3.63642	 0.00247837
3.63976	 0.0018216
3.64309	 0.00197609
3.64642	 0.00222794
3.64976	 0.00215496
3.65309	 0.00217367
3.65642	 0.00199627
3.65976	 0.00163446
3.66309	 0.00176179
3.66642	 0.00239841
3.66976	 0.00146724
3.67309	 0.00191176
3.67642	 0.00163383
3.67975	 0.00151533
3.68309	 0.0015358
3.68642	 0.00178537
3.68975	 0.00210548
3.69309	 0.00167252
3.69642	 0.00137492
3.69975	 0.00137503
3.70309	 0.00160126
3.70642	 0.00172442
3.70975	 0.00112935
3.71309	 0.0014716
3.71642	 0.0019967
3.71975	 0.00154349
3.72309	 0.00140499
3.72642	 0.00150456
3.72975	 0.00131093
3.73308	 0.00101317
3.73642	 0.00153717
3.73975	 0.00158963
3.74308	 0.00150842
3.74642	 0.0013724
3.74975	 0.00155509
3.75308	 0.000958673
3.75642	 0.00113263
3.75975	 0.00139008
3.76308	 0.001722
3.76642	 0.00128862
3.76975	 0.00118552
3.77308	 0.000986059
3.77641	 0.00144209
3.77975	 0.0010789
3.78308	 0.00131774
3.78641	 0.00106628
3.78975	 0.000747047
3.79308	 0.0010438
3.79641	 0.0010922
3.79975	 0.00126472
3.80308	 0.00100001
3.80641	 0.00113753
3.80975	 0.00133303
3.81308	 0.00124212
3.81641	 0.00095759
3.81975	 0.000932154
3.82308	 0.0012252
3.82641	 0.000830749
3.82974	 0.000942679
3.83308	 0.00111448
3.83641	 0.00103301
3.83974	 0.0010021
3.84308	 0.000933797
3.84641	 0.000913129
3.84974	 0.000795933
3.85308	 0.000877022
3.85641	 0.000702249
3.85974	 0.000768032
3.86308	 0.000811853
3.86641	 0.000814336
3.86974	 0.000945927
3.87308	 0.000749236
3.87641	 0.000786977
3.87974	 0.000787368
3.88307	 0.000780697
3.88641	 0.000720277
3.88974	 0.000822058
3.89307	 0.000798595
3.89641	 0.000863757
3.89974	 0.000652873
3.90307	 0.000777586
3.90641	 0.000703636
3.90974	 0.000760217
3.91307	 0.00092326
3.91641	 0.000719174
3.91974	 0.000906391
3.92307	 0.000907823
3.9264	 0.000698497
3.92974	 0.000767035
3.93307	 0.000927273
3.9364	 0.000619753
3.93974	 0.000720854
3.94307	 0.000628454
3.9464	 0.000704137
3.94974	 0.000747082
3.95307	 0.000694052
3.9564	 0.000674229
3.95974	 0.000539768
3.96307	 0.000830285
3.9664	 0.000629194
3.96974	 0.000623476
3.97307	 0.000545701
3.9764	 0.000840403
3.97973	 0.000603605
3.98307	 0.000742527
3.9864	 0.000584748
3.98973	 0.000702414
3.99307	 0.000482614
3.9964	 0.000610366
3.99973	 0.000601985
4.00307	 0.000591059
4.0064	 0.000824223
4.00973	 0.000692466
4.01307	 0.000547931
4.0164	 0.000608386
4.01973	 0.000667235
4.02307	 0.000527626
4.0264	 0.000710756
4.02973	 0.000508162
4.03306	 0.00052623
4.0364	 0.000451258
4.03973	 0.000589095
4.04306	 0.000655843
4.0464	 0.000636539
4.04973	 0.000554214
4.05306	 0.000579977
4.0564	 0.000402034
4.05973	 0.000583659
4.06306	 0.000422409
4.0664	 0.000505377
4.06973	 0.000519524
4.07306	 0.000635665
4.07639	 0.000580268
4.07973	 0.000524854
4.08306	 0.000796288
4.08639	 0.000515753
4.08973	 0.000534727
4.09306	 0.000566171
4.09639	 0.000517643
4.09973	 0.000531857
4.10306	 0.000512462
4.10639	 0.000556737
4.10973	 0.000651531
4.11306	 0.000590149
4.11639	 0.000519185
4.11973	 0.000540596
4.12306	 0.000626087
4.12639	 0.000540765
4.12972	 0.000578585
4.13306	 0.000667827
4.13639	 0.000557475
4.13972	 0.000568828
4.14306	 0.000624265
4.14639	 0.000462424
4.14972	 0.000552696
4.15306	 0.000558343
4.15639	 0.000530599
4.15972	 0.000628432
4.16306	 0.00063032
4.16639	 0.000523258
4.16972	 0.000503256
4.17306	 0.000538095
4.17639	 0.000428015
4.17972	 0.000580826
4.18305	 0.000575866
4.18639	 0.000537711
4.18972	 0.000536982
4.19305	 0.000540225
4.19639	 0.000598591
4.19972	 0.000493669
4.20305	 0.000439228
4.20639	 0.000578358
4.20972	 0.000462087
4.21305	 0.000592499
4.21639	 0.000480118
4.21972	 0.000547655
4.22305	 0.000658759
4.22638	 0.000601327
4.22972	 0.000521821
4.23305	 0.000536445
4.23638	 0.000473276
4.23972	 0.000395594
4.24305	 0.000455411
4.24638	 0.000550685
4.24972	 0.000475227
4.25305	 0.000534556
4.25638	 0.000507097
4.25972	 0.000553835
4.26305	 0.00059631
4.26638	 0.000566605
4.26972	 0.00046472
4.27305	 0.000533551
4.27638	 0.000443791
4.27971	 0.000711897
4.28305	 0.00054069
4.28638	 0.000372072
4.28971	 0.000673309
4.29305	 0.00054703
4.29638	 0.000572725
4.29971	 0.0005302
4.30305	 0.000471641
4.30638	 0.0005779
4.30971	 0.000472817
4.31305	 0.000441675
4.31638	 0.000495091
4.31971	 0.000550096
4.32305	 0.000516396
4.32638	 0.000435848
4.32971	 0.000622784
4.33304	 0.000463609
4.33638	 0.00052064
4.33971	 0.000536137
4.34304	 0.000533487
4.34638	 0.00055662
4.34971	 0.000453357
4.35304	 0.000489388
4.35638	 0.000692737
4.35971	 0.000554043
4.36304	 0.000679359
4.36638	 0.000421889
4.36971	 0.000553934
4.37304	 0.000620185
4.37637	 0.000672782
4.37971	 0.00055161
4.38304	 0.000483693
4.38637	 0.00054743
4.38971	 0.000526057
4.39304	 0.000571443
4.39637	 0.000585668
4.39971	 0.000617256
4.40304	 0.000592815
4.40637	 0.000508705
4.40971	 0.000636536
4.41304	 0.000688205
4.41637	 0.000504119
4.41971	 0.000589509
4.42304	 0.00056313
4.42637	 0.000560814
4.4297	 0.000621162
4.43304	 0.000704352
4.43637	 0.000481523
4.4397	 0.000635268
4.44304	 0.000611678
4.44637	 0.00063642
4.4497	 0.000696641
4.45304	 0.000635879
4.45637	 0.00053901
4.4597	 0.00066243
4.46304	 0.000527664
4.46637	 0.000554508
4.4697	 0.00073096
4.47304	 0.000655014
4.47637	 0.000775082
4.4797	 0.000661871
4.48303	 0.000584343
4.48637	 0.000690321
4.4897	 0.000603048
4.49303	 0.000614732
4.49637	 0.000556449
4.4997	 0.000500356
4.50303	 0.000670041
4.50637	 0.000673395
4.5097	 0.000598825
4.51303	 0.000660234
4.51637	 0.000633528
4.5197	 0.000587602
4.52303	 0.000665078
4.52636	 0.000733038
4.5297	 0.000644925
4.53303	 0.000756909
4.53636	 0.000693392
4.5397	 0.000679321
4.54303	 0.000857608
4.54636	 0.000876345
4.5497	 0.000787484
4.55303	 0.000783738
4.55636	 0.000647033
4.5597	 0.000651933
4.56303	 0.000763939
4.56636	 0.000700879
4.5697	 0.000787093
4.57303	 0.000768392
4.57636	 0.000678989
4.57969	 0.000873669
4.58303	 0.000633504
4.58636	 0.000577733
4.58969	 0.000673239
4.59303	 0.000658689
4.59636	 0.0007403
4.59969	 0.000787159
4.60303	 0.000741089
4.60636	 0.000813034
4.60969	 0.00108872
4.61303	 0.000957121
4.61636	 0.000956019
4.61969	 0.000964992
4.62303	 0.00107458
4.62636	 0.000870282
4.62969	 0.000717348
4.63302	 0.000975407
4.63636	 0.000756065
4.63969	 0.000865431
4.64302	 0.000844827
4.64636	 0.000811386
4.64969	 0.000809867
4.65302	 0.000821375
4.65636	 0.000969837
4.65969	 0.000915683
4.66302	 0.000854039
4.66636	 0.000943049
4.66969	 0.00100377
4.67302	 0.00102912
4.67635	 0.00113302
4.67969	 0.000897719
4.68302	 0.00105699
4.68635	 0.0011034
4.68969	 0.00094587
4.69302	 0.000832163
4.69635	 0.000967673
4.69969	 0.000838967
4.70302	 0.00118114
4.70635	 0.00101651
4.70969	 0.00161789
4.71302	 0.00110866
4.71635	 0.00123918
4.71969	 0.00129364
4.72302	 0.00106596
4.72635	 0.00143821
4.72968	 0.00112547
4.73302	 0.00146847
4.73635	 0.00123898
4.73968	 0.00132741
4.74302	 0.00133791
4.74635	 0.00139827
4.74968	 0.00131081
4.75302	 0.00141886
4.75635	 0.00133855
4.75968	 0.00126735
4.76302	 0.0014951
4.76635	 0.00110262
4.76968	 0.00144787
4.77302	 0.00139546
4.77635	 0.00175426
4.77968	 0.00142198
4.78301	 0.00155263
4.78635	 0.00144498
4.78968	 0.00133816
4.79301	 0.00152029
4.79635	 0.00173009
4.79968	 0.00148957
4.80301	 0.00173548
4.80635	 0.00160885
4.80968	 0.00185788
4.81301	 0.00179785
4.81635	 0.00143035
4.81968	 0.00135276
4.82301	 0.00149807
4.82634	 0.00210344
4.82968	 0.00153395
4.83301	 0.00182368
4.83634	 0.0010618
4.83968	 0.00164153
4.84301	 0.00174927
4.84634	 0.00110355
4.84968	 0.00145735
4.85301	 0.00109379
4.85634	 0.00154249
4.85968	 0.00141977
4.86301	 0.0013802
4.86634	 0.00158745
4.86968	 0.00158302
4.87301	 0.00157671
4.87634	 0.00162346
4.87967	 0.00163445
4.88301	 0.00183974
4.88634	 0.00167799
4.88967	 0.00158053
4.89301	 0.00157798
4.89634	 0.00159724
4.89967	 0.00126393
4.90301	 0.00132391
4.90634	 0.00126955
4.90967	 0.00122987
4.91301	 0.00158056
4.91634	 0.00166204
4.91967	 0.00141886
4.92301	 0.00173499
4.92634	 0.00104118
4.92967	 0.00142326
4.933	 0.00161779
4.93634	 0.00134403
4.93967	 0.00163576
4.943	 0.00132311
4.94634	 0.00123797
4.94967	 0.001285
4.953	 0.00105255
4.95634	 0.00114264
4.95967	 0.000945717
4.963	 0.00112923
4.96634	 0.00127389
4.96967	 0.00112803
4.973	 0.00124615
4.97633	 0.000910918
4.97967	 0.00104736
4.983	 0.00110743
4.98633	 0.000951619
4.98967	 0.00114253
4.993	 0.000902794
4.99633	 0.00097799
