#Time [1ns] 	 Re(Es) 	 Im(Es) 	 |Es|^2 	 rho 	 w
0	252.3762	-97.1949773	10459.4197	48735.1238	0.555925164	4.36822647e+13
1e-11	-1180.81468	-1082.98383	9713.87376	49445.0457	0.556131006	4.39228538e+13
2e-11	-1577.41711	-495.328466	8940.46231	49277.9276	0.55639623	4.41415315e+13
3e-11	-2215.85264	-258.055889	8869.28868	49916.8681	0.556611583	4.43405711e+13
4e-11	-1664.45818	907.176987	8932.73733	49111.8516	0.556725876	4.45213392e+13
5e-11	-1446.65722	378.149427	9307.63794	48445.4407	0.557399894	4.46864611e+13
6e-11	141.33357	-1075.67903	9880.72943	49393.8872	0.557843173	4.48379949e+13
7e-11	-328.4917	-2069.69308	10370.6937	51200.2358	0.557632073	4.49758575e+13
8e-11	-38.7116741	-2078.13651	11632.0348	49206.9274	0.557578155	4.50999029e+13
9e-11	1032.68277	-1277.84041	11316.5067	49682.8727	0.557774315	4.52127459e+13
1e-10	838.027608	-697.564125	12467.0499	50621.9677	0.557736557	4.53153693e+13
1.1e-10	854.687367	-636.322123	12856.1978	49280.3807	0.557585978	4.54079021e+13
1.2e-10	353.145184	-813.371256	13285.7709	49360.0614	0.557776814	4.54921131e+13
1.3e-10	1261.82495	-1680.44099	14668.0722	49492.7119	0.557732881	4.55686091e+13
1.4e-10	-338.503468	-1181.43797	14846.2983	50290.1021	0.557727161	4.56378675e+13
1.5e-10	-574.495843	-1380.76491	15515.4177	47644.9271	0.557533709	4.57001406e+13
1.6e-10	-302.892967	-845.766836	15242.5283	47576.4652	0.558393224	4.57577602e+13
1.7e-10	374.561809	-656.777805	16652.8192	48824.9062	0.55838631	4.58117217e+13
1.8e-10	116.1945	670.454874	17110.7519	48352.9609	0.558084787	4.58597715e+13
1.9e-10	-444.708049	1370.96803	17758.7268	47031.2385	0.558434404	4.59032994e+13
2e-10	-289.761866	996.339653	18714.8207	47579.5749	0.558495851	4.59436655e+13
2.1e-10	-465.913327	1231.55431	18576.5926	46818.0199	0.558752499	4.59806373e+13
2.2e-10	-160.862616	1118.89666	18233.9225	46445.1159	0.559343556	4.60152647e+13
2.3e-10	253.229205	1747.72217	19174.4966	45987.9318	0.559761944	4.60483105e+13
2.4e-10	-389.277042	2053.5594	17965.4221	47164.9441	0.560056663	4.60794505e+13
2.5e-10	-1918.59671	736.97629	17803.212	48985.1334	0.559811325	4.61079466e+13
2.6e-10	-2000.85092	692.977724	18702.0685	49230.8053	0.559039176	4.61321567e+13
2.7e-10	-323.100112	-68.0367828	18901.5474	49441.5713	0.558158356	4.61514333e+13
2.8e-10	328.380039	1579.95691	18235.7308	50637.9196	0.557627723	4.61667643e+13
2.9e-10	-496.886364	147.372211	16493.14	51384.9443	0.556529483	4.61781424e+13
3e-10	-1538.3707	-1190.29982	16317.9727	49365.1388	0.556262194	4.6186108e+13
3.1e-10	-1940.51748	-478.918909	16638.3786	49208.4519	0.556735601	4.61937413e+13
3.2e-10	-440.685823	742.126018	16167.3301	49000.6572	0.557066137	4.62019946e+13
3.3e-10	-1151.75489	50.6659766	15458.6096	48243.8603	0.557681281	4.62108151e+13
3.4e-10	-1934.99159	-336.884021	16624.9526	45152.2027	0.558895001	4.62213235e+13
3.5e-10	-730.892128	-427.631833	18295.3599	45604.6779	0.559986741	4.62349179e+13
3.6e-10	-212.969084	-2488.72638	17743.1515	48222.8462	0.560298414	4.62496039e+13
3.7e-10	-662.532211	-1185.74347	17799.8339	49323.3546	0.559755804	4.62624535e+13
3.8e-10	-1202.69246	-431.195496	15580.885	49899.6268	0.558996999	4.62720592e+13
3.9e-10	-881.099863	1835.12268	15970.8662	49636.3783	0.558361032	4.6278678e+13
4e-10	-1068.9012	2793.39643	14602.0221	49424.2342	0.558398804	4.62835195e+13
4.1e-10	-333.076818	2842.60821	15730.3153	47608.5548	0.558741439	4.62883295e+13
4.2e-10	-2198.29708	3248.30536	15451.0422	47768.9616	0.559340906	4.62943161e+13
4.3e-10	-2655.03597	2433.47567	15700.7694	48499.1575	0.559420858	4.63008961e+13
4.4e-10	-2861.15401	1784.14951	14425.3039	49887.0661	0.559008017	4.63064885e+13
4.5e-10	-4189.47551	643.652466	14477.592	52243.1176	0.558298816	4.63099387e+13
4.6e-10	-2303.35118	573.553651	12231.0175	54268.4971	0.556799129	4.63097112e+13
4.7e-10	-1601.42695	2689.37581	11391.7152	54752.0399	0.555323223	4.63046375e+13
4.8e-10	-299.288679	2523.39653	9047.70193	53757.9664	0.55447249	4.62961481e+13
4.9e-10	21.9748156	1007.21496	9323.73473	54006.2122	0.554137211	4.62867742e+13
5e-10	440.646744	-3.68392078	9997.60717	52621.9108	0.554271385	4.6277817e+13
5.1e-10	293.126594	-592.421782	10164.1639	51379.8472	0.554585443	4.62703938e+13
5.2e-10	575.147872	-883.776257	11814.8848	51412.0817	0.555264834	4.6265424e+13
5.3e-10	199.178731	95.4044827	10389.772	51090.5692	0.555816836	4.62627071e+13
5.4e-10	-141.31479	456.281979	8982.2955	51656.8541	0.556119605	4.62615483e+13
5.5e-10	-1203.96807	-656.99645	9865.5924	50628.2412	0.556370197	4.6261353e+13
5.6e-10	-1946.09383	51.1208034	10690.1728	50668.6884	0.55670144	4.62621974e+13
5.7e-10	-1320.65698	366.518516	11732.9632	51041.8653	0.556759448	4.62635942e+13
5.8e-10	-1236.36829	887.566243	10781.5413	52614.7937	0.556767273	4.62651217e+13
5.9e-10	-1284.83438	1295.8962	10814.0458	50950.1412	0.556603954	4.62658715e+13
6e-10	-1349.29712	1737.26798	10946.9743	50985.3012	0.556737508	4.62666978e+13
6.1e-10	-147.643473	1493.38066	11605.969	52358.6966	0.556710726	4.62678462e+13
6.2e-10	895.243971	-271.106831	11489.737	51488.5226	0.556499383	4.62679869e+13
6.3e-10	-63.8266181	-677.517487	9701.85426	51427.5777	0.556390059	4.62678563e+13
6.4e-10	-199.082723	-1571.80729	9273.91624	51818.0251	0.556519641	4.62677307e+13
6.5e-10	-4.76622156	-2346.98018	7365.60209	51933.2904	0.556626668	4.62680999e+13
6.6e-10	-828.507244	-280.332338	5709.94205	52581.9629	0.55669446	4.62687472e+13
6.7e-10	-1752.97562	1207.94648	6488.92031	52399.0518	0.556515571	4.62689843e+13
6.8e-10	-1142.56085	834.713207	5497.21302	53234.3811	0.556283092	4.62687016e+13
6.9e-10	-597.890018	-489.636464	6645.78938	51713.4885	0.556398049	4.62679943e+13
7e-10	369.580848	438.019345	7410.74857	50913.5611	0.556851914	4.62682659e+13
7.1e-10	-341.699928	1195.17775	8109.98208	50708.5448	0.55720858	4.62699422e+13
7.2e-10	1319.00749	1939.05201	6397.85558	53621.7553	0.557144374	4.62723023e+13
7.3e-10	1705.67912	3361.81768	6619.55516	51643.8065	0.556917075	4.6273234e+13
7.4e-10	1362.78122	4583.44086	9398.69554	50740.1959	0.557285051	4.62745903e+13
7.5e-10	1571.89625	2470.16695	8368.4459	50438.4237	0.557633737	4.62769117e+13
7.6e-10	1357.54048	2936.93461	9798.6441	49516.6611	0.558301226	4.62804893e+13
7.7e-10	665.811934	1849.50005	10681.6694	48640.0821	0.558998426	4.62858701e+13
7.8e-10	314.89366	960.97402	11360.8889	51712.2122	0.558883085	4.62922636e+13
7.9e-10	1114.61695	189.594682	12620.1837	52171.984	0.558018696	4.62963126e+13
8e-10	1212.30215	653.264236	12475.4728	54103.7983	0.556629326	4.62966512e+13
8.1e-10	-361.443094	14.3519644	12560.2099	52954.4935	0.555599001	4.62927154e+13
8.2e-10	578.320453	-26.2663171	9964.18288	51581.0183	0.5555813	4.62874182e+13
8.3e-10	2082.42269	-381.527183	9944.19105	54094.2282	0.555349017	4.62828007e+13
8.4e-10	2643.69705	342.277124	8832.821	51306.3025	0.555223588	4.62773446e+13
8.5e-10	1259.521	-1304.07787	8985.33144	49466.3711	0.556355123	4.62740784e+13
8.6e-10	842.700537	-910.099969	7515.11166	47862.4236	0.558326559	4.6275743e+13
8.7e-10	-1562.3603	-2224.38164	8251.75594	48184.9289	0.559857748	4.62829636e+13
8.8e-10	-1738.97824	-2092.05209	8174.43019	49012.3058	0.560889867	4.62936723e+13
8.9e-10	-1129.73739	-781.742178	8433.81891	50861.6668	0.560780069	4.63050687e+13
9e-10	-443.145236	273.289277	9073.88666	51575.9776	0.56006692	4.63138793e+13
9.1e-10	-864.486886	1849.29763	9091.84931	51804.9355	0.559042744	4.63191795e+13
9.2e-10	-1861.59896	1145.60153	8625.97246	52665.4527	0.558207763	4.63210867e+13
9.3e-10	-364.725689	1738.17145	11145.243	52865.7152	0.557191567	4.63201188e+13
9.4e-10	-443.832352	2253.54029	11055.5871	51088.7213	0.556571156	4.63162834e+13
9.5e-10	-621.969464	1764.65406	11279.6397	50027.9383	0.556905855	4.6312502e+13
9.6e-10	-1258.36686	1290.35979	10648.5284	48942.8424	0.557739128	4.63106522e+13
9.7e-10	-320.803579	290.730149	10608.2718	48906.7606	0.558694702	4.6311991e+13
9.8e-10	-149.738594	-792.999486	11447.3487	49164.39	0.558950666	4.63152472e+13
9.9e-10	190.586207	-958.318087	11698.1508	49409.6301	0.559089601	4.63188174e+13
1e-09	523.966914	-353.693975	13852.9098	49224.09	0.559262349	4.63223421e+13
1.01e-09	64.1045722	1621.70422	14471.917	49278.3882	0.559224636	4.63259072e+13
1.02e-09	-377.61396	-965.410556	14568.1737	47607.3343	0.559392363	4.63289728e+13
1.03e-09	-479.165456	-1533.56286	18242.3758	49228.6535	0.559514163	4.63328174e+13
1.04e-09	-535.564864	-1961.75744	17675.0335	50573.4685	0.558521047	4.63348693e+13
1.05e-09	938.234395	-935.435846	19519.6013	51383.3213	0.557433588	4.63334884e+13
1.06e-09	1728.95913	840.382291	19066.1703	50356.945	0.556238358	4.63283941e+13
1.07e-09	707.509759	-950.788992	19800.0286	51765.1709	0.555800445	4.63214591e+13
1.08e-09	240.444751	7.80091835	18865.6602	52045.1017	0.554615604	4.63123792e+13
1.09e-09	572.528238	-1515.9086	19401.1819	50820.547	0.554243109	4.63018569e+13
1.1e-09	584.848806	-2693.44679	16959.7581	51286.1002	0.554400925	4.62918687e+13
1.11e-09	1067.04705	-2222.78652	16939.2939	51218.7978	0.554255832	4.62829346e+13
1.12e-09	183.296869	-1948.54065	16529.0399	50966.4512	0.554553562	4.62749797e+13
1.13e-09	46.5272286	-858.857757	17312.5249	49755.6137	0.555002023	4.62688393e+13
1.14e-09	688.804098	-1763.74209	17033.3325	48782.338	0.555681982	4.62652233e+13
1.15e-09	288.642312	-2278.03259	16564.9453	50221.3979	0.556043624	4.62637002e+13
1.16e-09	1478.14414	-2612.94227	16509.7587	49703.6545	0.556328916	4.62630268e+13
1.17e-09	1101.09259	-3060.91502	17442.0869	49578.3409	0.556728255	4.62636385e+13
1.18e-09	251.890355	-3468.5841	18231.6943	48429.5509	0.55707695	4.62651397e+13
1.19e-09	-1475.93897	-2746.88111	17245.4325	49549.4271	0.557270252	4.62676536e+13
1.2e-09	-508.305482	-2070.85911	15867.8226	49726.7316	0.557212337	4.62699732e+13
1.21e-09	625.026371	-2566.65959	15544.3078	50517.5198	0.557140838	4.62719291e+13
1.22e-09	2036.62119	-1271.18037	15797.4092	50531.7057	0.556737991	4.62729988e+13
1.23e-09	129.132935	-1896.18402	15097.8557	49089.6142	0.557104282	4.62736066e+13
1.24e-09	307.976683	-234.29985	17277.7737	49081.4347	0.557105716	4.62751631e+13
1.25e-09	2664.84486	-310.516895	15848.879	49412.0827	0.55749503	4.62768903e+13
1.26e-09	2013.47269	1269.32093	13649.6272	50593.6711	0.557604272	4.62793872e+13
1.27e-09	157.042287	3908.26332	14534.6294	49972.1698	0.557702828	4.62820191e+13
1.28e-09	244.020855	5107.66062	15024.8299	50689.9506	0.55734415	4.62841155e+13
1.29e-09	1059.03816	3593.23417	14372.9723	50438.5256	0.557262084	4.62850906e+13
1.3e-09	793.105742	2057.57681	13332.8626	50218.3545	0.557450219	4.62860265e+13
1.31e-09	-201.052879	3018.44241	12248.9723	50886.4221	0.557388105	4.62873133e+13
1.32e-09	97.1955626	2414.97366	12708.4358	51552.5318	0.557136629	4.6287914e+13
1.33e-09	-212.38972	863.494051	12957.13	51281.2973	0.556838358	4.62877077e+13
1.34e-09	186.553047	2263.75117	11881.1368	50675.3016	0.556902245	4.62869466e+13
1.35e-09	764.556651	2656.48084	13058.8065	50319.4371	0.556997769	4.62866164e+13
1.36e-09	-1421.72323	1205.28725	11544.0122	51161.0962	0.557126432	4.62867691e+13
1.37e-09	-55.0301164	1190.21738	10363.8417	53277.2436	0.556679689	4.62864662e+13
1.38e-09	-1182.15808	-1162.86137	11964.6121	53572.885	0.555942048	4.62843636e+13
1.39e-09	-1027.37648	-2060.80135	11400.7634	53614.0046	0.555231903	4.6279959e+13
1.4e-09	109.144321	-1950.70242	10976.6373	51829.8939	0.555121626	4.62745677e+13
1.41e-09	-127.773225	-3589.36168	11707.3781	51370.616	0.555578785	4.62703487e+13
1.42e-09	1150.80791	-3667.48065	12304.7522	52377.653	0.555693778	4.62677184e+13
1.43e-09	1075.15925	-3150.56968	12843.4336	51517.1868	0.555440661	4.62650085e+13
1.44e-09	251.666225	-2295.27768	12247.3557	51835.4476	0.555698882	4.6262313e+13
1.45e-09	4.09187437	-1939.32396	11520.1781	51100.7834	0.555701011	4.62603332e+13
1.46e-09	-585.26624	-1341.53137	12643.1991	53068.2964	0.555310673	4.62584322e+13
1.47e-09	-647.311265	129.116534	10577.3817	52164.867	0.555324979	4.62554923e+13
1.48e-09	-508.215562	-153.508092	9485.41238	51048.8246	0.55573119	4.62535701e+13
1.49e-09	-281.5969	224.851519	7587.23208	50585.6923	0.556608465	4.62537815e+13
1.5e-09	-133.072459	1916.00491	8359.67465	51312.3093	0.557145656	4.62565131e+13
1.51e-09	-1334.19107	2433.8579	7629.81765	51173.1801	0.557337839	4.62599976e+13
1.52e-09	-196.933763	819.521999	7803.80772	51028.6817	0.557278177	4.62632695e+13
1.53e-09	-35.1956952	405.721377	9009.35729	51770.7375	0.557424844	4.62664596e+13
1.54e-09	640.868578	-145.541881	9798.41197	52591.3946	0.557066291	4.62691657e+13
1.55e-09	-14.2178594	-1301.8737	9028.69245	52737.7415	0.556635038	4.62702464e+13
1.56e-09	535.071202	-1584.02291	9244.61091	52516.6146	0.556109643	4.62698428e+13
1.57e-09	352.092582	1450.90578	8047.71717	51733.6929	0.55623468	4.62685069e+13
1.58e-09	94.0958654	1260.92158	9093.52228	50140.8754	0.556661016	4.62683104e+13
1.59e-09	540.717993	76.702107	8910.66267	50101.8325	0.557518213	4.62700682e+13
1.6e-09	945.373769	-1009.20481	8885.47794	49430.218	0.558087076	4.62739491e+13
1.61e-09	-486.744978	1120.79433	8834.21672	50407.7612	0.558533145	4.62792765e+13
1.62e-09	40.7312585	1491.85748	8917.71002	50598.313	0.558730375	4.62849371e+13
1.63e-09	-432.675866	1537.74838	9888.30552	51804.7776	0.558331526	4.62898798e+13
1.64e-09	-600.125876	583.947096	8591.32661	50169.6322	0.558088756	4.6292908e+13
1.65e-09	-1841.07377	1314.77774	9803.27791	49934.2369	0.558390602	4.62960331e+13
1.66e-09	-2382.51041	1157.8737	9519.82089	50305.0977	0.55861634	4.62998299e+13
1.67e-09	-1865.78768	-349.386025	9480.78132	51692.969	0.558260426	4.63030802e+13
1.68e-09	-1373.34556	648.267199	9139.75242	51449.5699	0.557989856	4.63048511e+13
1.69e-09	-2117.58951	1433.75898	8507.59632	52128.0828	0.557705827	4.63057166e+13
1.7e-09	-2821.75644	2825.91477	9708.58545	51753.8096	0.557418679	4.63056553e+13
1.71e-09	-3444.97663	2813.86841	8923.07808	51674.5302	0.557109606	4.63045307e+13
1.72e-09	-789.481208	2505.28087	9392.16744	53655.3121	0.556599918	4.63026077e+13
1.73e-09	-731.6803	1945.13602	8903.75292	52985.8792	0.556025103	4.62988107e+13
1.74e-09	30.550775	1576.97767	7599.30466	52798.7427	0.555975186	4.62942202e+13
1.75e-09	-598.597008	2346.94588	9109.75609	52367.0906	0.555763942	4.62899062e+13
1.76e-09	1793.61291	2685.51274	7701.33381	50833.0796	0.556166764	4.62860477e+13
1.77e-09	1876.68661	2165.21344	8968.66602	49241.4233	0.55695123	4.62844646e+13
1.78e-09	2818.11311	366.31287	10397.4412	49829.1729	0.557783375	4.62858706e+13
1.79e-09	2532.47031	-224.161225	10660.9929	51235.125	0.55805033	4.62887975e+13
1.8e-09	1357.93535	-755.12114	10578.2081	51623.493	0.55766301	4.62912494e+13
1.81e-09	1172.08674	-3039.79677	10526.7045	51457.0257	0.557410151	4.62923681e+13
1.82e-09	1241.72737	-2821.39529	11081.8188	51358.1106	0.557252623	4.62927703e+13
1.83e-09	110.451803	-3111.14774	14418.7122	51924.9552	0.556829157	4.62923906e+13
1.84e-09	-455.801504	-3271.14627	14980.064	50755.3614	0.556396169	4.62903673e+13
1.85e-09	-151.302095	-4210.65102	15914.8084	51627.7438	0.556048158	4.6287612e+13
1.86e-09	-458.836083	-2876.29679	15685.2748	50235.101	0.555637079	4.62836922e+13
1.87e-09	-1503.91288	-1797.05017	17113.0985	50185.3236	0.555901598	4.62799419e+13
1.88e-09	-3329.50943	-1874.89369	18574.3064	51078.7272	0.555397774	4.62764727e+13
1.89e-09	-3638.76831	-3352.88551	18850.4024	49429.9931	0.555180233	4.62718011e+13
1.9e-09	-2345.82951	-2180.15303	19683.5563	48976.683	0.55549388	4.62678685e+13
1.91e-09	-2092.56995	-1575.10494	18016.3972	49792.3945	0.555588321	4.62649799e+13
1.92e-09	-1132.74329	-1568.55097	18142.7954	48873.8526	0.555954183	4.62629059e+13
1.93e-09	-89.6459907	-2041.23919	18875.0429	48193.9859	0.556489697	4.6262497e+13
1.94e-09	-1925.84771	-2063.99882	17594.4174	48241.1862	0.556997519	4.62636473e+13
1.95e-09	17.2819985	-4242.85274	17386.3975	48255.8931	0.55755731	4.62663848e+13
1.96e-09	-96.9869941	-2365.34461	16333.1582	47881.9451	0.558083017	4.62705132e+13
1.97e-09	-41.7406303	-865.279542	18030.8332	48545.9401	0.55829761	4.62757455e+13
1.98e-09	-216.363448	-497.153033	18054.5604	51028.4747	0.557697499	4.62801807e+13
1.99e-09	874.644349	213.934057	19151.0635	51141.2117	0.556861032	4.62815609e+13
2e-09	647.630715	463.501007	19076.9551	50849.4347	0.556005839	4.62801209e+13
2.01e-09	1575.79424	1493.12187	18652.9677	50360.4235	0.555379826	4.62765747e+13
2.02e-09	1027.46662	3282.14774	18908.7285	50628.3463	0.555012809	4.62718767e+13
2.03e-09	1756.70327	3701.79772	18491.6322	51363.9394	0.554819526	4.62666299e+13
2.04e-09	2346.7971	2664.01401	18369.2638	49775.0534	0.554963136	4.62617052e+13
2.05e-09	1665.73563	1077.92107	17195.9921	49305.1928	0.555554163	4.62583388e+13
2.06e-09	1753.62152	2356.79416	16960.4796	50207.3845	0.55599709	4.6257049e+13
2.07e-09	2094.90876	838.091484	17233.5653	49512.4527	0.555983063	4.62564576e+13
2.08e-09	3008.60672	308.642696	18107.4599	49042.8668	0.556427018	4.62566067e+13
2.09e-09	3495.23357	-575.085829	15060.7692	50919.3005	0.556578337	4.62576946e+13
2.1e-09	4017.61324	-923.749569	16551.3877	49854.8134	0.55658829	4.62588855e+13
2.11e-09	4047.6877	-1734.22355	15971.7233	48168.6062	0.556940368	4.62602942e+13
2.12e-09	4680.01475	-653.157101	15068.306	49777.9231	0.557401008	4.62633039e+13
2.13e-09	3835.41685	-91.745316	13925.647	51992.3362	0.556927655	4.62661575e+13
2.14e-09	2862.00662	-1420.19502	11917.8039	51031.5492	0.55674371	4.62673132e+13
2.15e-09	3550.73659	-2243.39875	12763.4579	50161.9739	0.556769641	4.62681056e+13
2.16e-09	3415.93517	-713.514541	13458.8889	51493.2198	0.55675259	4.62692272e+13
2.17e-09	2386.56929	546.665421	13199.0282	51070.8275	0.556811114	4.62700298e+13
2.18e-09	2346.22831	-157.89608	12112.4422	50293.2859	0.557299055	4.62714167e+13
2.19e-09	1355.27101	-63.7722024	10529.7416	49739.2669	0.557866003	4.62744153e+13
2.2e-09	451.106756	-1080.38596	11830.5254	50840.3091	0.557958421	4.6278437e+13
2.21e-09	603.932473	-913.464762	11415.2994	49666.0996	0.558283005	4.62822821e+13
2.22e-09	2168.68115	231.99051	11784.8734	50474.1237	0.558560553	4.62870264e+13
2.23e-09	715.228785	-407.15381	11856.6752	50528.2881	0.558335778	4.62913384e+13
2.24e-09	193.522301	-869.282498	12201.4896	49380.6322	0.558439067	4.62949322e+13
2.25e-09	1624.72593	-1908.61242	10036.3132	50015.2893	0.55883965	4.62990362e+13
2.26e-09	1258.99903	-1607.49725	11013.1353	51863.4124	0.558656773	4.63034826e+13
2.27e-09	1882.87782	473.073364	10882.5632	52253.316	0.557856278	4.63056933e+13
2.28e-09	-186.603103	1473.3044	12118.6017	51734.9513	0.55718803	4.63052645e+13
2.29e-09	-218.69624	1523.65698	10875.4823	51219.4531	0.55693585	4.63035166e+13
2.3e-09	-1698.14926	3869.71259	11126.4583	51973.3851	0.55693996	4.63017459e+13
2.31e-09	-2729.23973	2212.07366	9467.63937	52354.4206	0.556255671	4.62990484e+13
2.32e-09	-1483.57663	1821.46782	8847.15714	51084.0949	0.556316564	4.62953823e+13
2.33e-09	-673.569446	1683.94246	7558.83356	52488.1955	0.556537073	4.62928376e+13
2.34e-09	-2280.34413	-162.203054	8473.10251	52669.2918	0.556147409	4.62902131e+13
2.35e-09	-3423.22981	-837.250852	8145.57326	52112.16	0.555884587	4.62867103e+13
2.36e-09	-332.889352	1111.75355	8278.75592	52575.961	0.555979971	4.6283281e+13
2.37e-09	-512.437211	926.063556	7829.16084	51695.3234	0.556086722	4.6280264e+13
2.38e-09	372.590516	500.020962	8160.20467	51514.6054	0.556556293	4.62786269e+13
2.39e-09	1142.58478	1342.94083	9374.70704	50449.7782	0.556997834	4.62783779e+13
2.4e-09	2499.07777	16.9624626	8450.09187	49115.1616	0.557634491	4.62797757e+13
2.41e-09	1788.66166	44.9843406	9359.58155	47705.4086	0.558983388	4.62840867e+13
2.42e-09	317.001623	-1142.28108	9506.99151	47893.1286	0.560115289	4.62920476e+13
2.43e-09	-39.2345973	1218.62287	9932.43885	48445.5316	0.560741784	4.63021826e+13
2.44e-09	-661.3019	900.170463	11368.1737	50487.7205	0.560669182	4.63123789e+13
2.45e-09	217.439278	-1321.51283	11444.6556	50625.9361	0.560266359	4.6320583e+13
2.46e-09	1632.34896	-2234.97186	11345.84	50705.7132	0.559698	4.63265238e+13
2.47e-09	1718.13946	-2129.10111	10945.2171	51047.0512	0.559081509	4.6330112e+13
2.48e-09	2198.28858	-931.807547	10419.2721	53186.3059	0.558461447	4.63316231e+13
2.49e-09	2110.22005	-1396.12946	9595.85165	53722.1796	0.557189964	4.63300689e+13
2.5e-09	1224.28543	-888.227707	11376.3423	52923.447	0.556417073	4.63253346e+13
2.51e-09	1166.57228	-1341.89836	11678.4857	52832.6435	0.555917389	4.63189944e+13
2.52e-09	1306.43331	-2598.83556	10237.5109	53647.7672	0.555626288	4.63119606e+13
2.53e-09	-227.239572	-1121.96494	9581.90232	53265.9121	0.555218204	4.63045008e+13
2.54e-09	-1629.86152	-1269.02768	8880.24467	51081.5765	0.555522766	4.62974267e+13
2.55e-09	828.641605	-2039.3039	8700.95073	48730.1904	0.556679844	4.62931687e+13
2.56e-09	-14.6377775	-217.047162	8597.47442	49862.4984	0.557850614	4.6293241e+13
2.57e-09	-2163.74173	825.377503	9550.05994	50724.08	0.558337762	4.62959396e+13
2.58e-09	-1985.83763	2496.60639	8342.30008	50485.9815	0.558335756	4.62991e+13
2.59e-09	-2104.56711	3070.29752	8630.03444	51793.8742	0.558301455	4.63020919e+13
2.6e-09	-2361.90503	2515.03322	8295.48045	52146.8862	0.557810196	4.63038861e+13
2.61e-09	-2220.17767	2420.08891	7989.26773	51297.5145	0.557571008	4.63042332e+13
2.62e-09	-917.935153	1162.68707	7312.98421	53065.3432	0.557411633	4.63042466e+13
2.63e-09	-1674.35692	1962.28713	6107.34886	54515.0025	0.556596342	4.63026624e+13
2.64e-09	-537.461456	165.97098	6824.31368	51187.9919	0.556414027	4.62990047e+13
2.65e-09	-448.0695	-1435.42641	8427.7433	51532.0378	0.556810756	4.62966722e+13
2.66e-09	-215.036802	17.9608082	9015.65287	51158.4736	0.557105981	4.62953579e+13
2.67e-09	-62.5340349	598.272295	11653.5103	49645.4744	0.557327501	4.62948966e+13
2.68e-09	995.590477	888.437441	11505.8872	49468.0125	0.557844044	4.62956831e+13
2.69e-09	1403.59915	1413.95403	13361.2534	50381.9002	0.558033836	4.62978315e+13
2.7e-09	1339.85142	1789.26539	14637.9676	50186.7293	0.557745969	4.62994188e+13
2.71e-09	1920.59206	-330.098131	15502.4159	52344.5632	0.556936275	4.62994654e+13
2.72e-09	1781.31461	932.093823	17026.4656	51926.6068	0.55608244	4.62966429e+13
2.73e-09	918.101175	109.921987	17581.3685	51198.0737	0.555515466	4.62917606e+13
2.74e-09	2183.59614	1434.67593	18392.6192	49532.3933	0.555458837	4.62863312e+13
2.75e-09	2378.98402	-242.217213	16242.8069	47806.6757	0.555896807	4.62818095e+13
2.76e-09	2430.92176	543.250226	17095.1966	47971.4109	0.556827881	4.62801151e+13
2.77e-09	2117.6637	2110.17767	18100.4258	47232.2665	0.557616816	4.6281232e+13
2.78e-09	2318.87985	3673.99164	18107.898	46241.563	0.55851213	4.62848421e+13
2.79e-09	3312.9584	1350.72632	20083.1366	48213.7423	0.5588351	4.62904736e+13
2.8e-09	1674.83649	2198.26359	21858.1177	49159.1217	0.55787077	4.62943794e+13
2.81e-09	941.774231	1376.22112	22681.7385	48762.5716	0.557057353	4.62950695e+13
2.82e-09	1289.05572	600.94885	23162.8513	49921.3588	0.556037416	4.62929839e+13
2.83e-09	1405.93529	1890.33243	23973.7479	49818.251	0.555023847	4.62878065e+13
2.84e-09	830.860522	1663.50853	22490.6194	48602.0984	0.55481357	4.62809019e+13
2.85e-09	-612.499018	3286.77861	21482.8309	49153.3611	0.555054559	4.62748522e+13
2.86e-09	-863.202156	3363.8333	20849.4369	49290.45	0.555043016	4.62697679e+13
2.87e-09	-1324.66813	1052.04471	21023.3665	47904.8557	0.555366131	4.62654665e+13
2.88e-09	-1984.25478	1318.30407	18717.2663	48088.7997	0.555897566	4.6262908e+13
2.89e-09	-1287.04626	-1626.46162	18759.4837	47756.9666	0.556705643	4.62627018e+13
2.9e-09	-3298.65243	-2338.85826	18325.0986	46769.4125	0.557368667	4.62647644e+13
2.91e-09	-3151.3287	-4454.05526	18268.9961	47548.9625	0.558206255	4.62691087e+13
2.92e-09	-1567.04978	-2162.96004	18133.2575	47247.2612	0.558534477	4.62748239e+13
2.93e-09	-1508.38938	-1548.47153	18174.8645	45924.4459	0.559194094	4.62812152e+13
2.94e-09	-1564.77864	-1393.27159	16850.6235	46672.0903	0.560198785	4.62898407e+13
2.95e-09	-2025.43508	-2307.36371	15895.2463	47843.0202	0.560004916	4.62991883e+13
2.96e-09	-1878.84917	-2985.58101	15703.674	51125.4966	0.559131451	4.6306431e+13
2.97e-09	-1683.79859	-3757.87288	15374.5903	51510.1405	0.557828626	4.63090655e+13
2.98e-09	-348.525681	-3040.16369	14954.2308	51977.9451	0.55701624	4.63082492e+13
2.99e-09	492.896436	-2540.23704	14269.1544	53082.7103	0.55615428	4.63050195e+13
3e-09	253.817811	-1401.54246	11764.3349	52053.8656	0.555556237	4.6299449e+13
3.01e-09	-477.923706	828.003936	10915.608	50670.0178	0.555955738	4.62938767e+13
3.02e-09	-1708.38808	28.5055985	10661.546	50847.2671	0.556533542	4.62906752e+13
3.03e-09	82.8683484	-1002.91497	12061.4754	49927.2871	0.557092918	4.62894589e+13
3.04e-09	425.119904	-1612.2087	12557.331	49517.1437	0.557328159	4.62896434e+13
3.05e-09	852.761144	-2224.08095	10671.9192	49860.5875	0.557927072	4.62911067e+13
3.06e-09	183.701555	-2312.2705	9667.89158	48168.6064	0.558725078	4.62943268e+13
3.07e-09	1576.3176	-3189.06384	9314.73372	51458.5523	0.559105579	4.62997417e+13
3.08e-09	821.81634	-2541.13884	7502.78155	52330.8739	0.558453714	4.63040117e+13
3.09e-09	540.851337	-832.376096	6755.16867	53768.5248	0.557400063	4.6305468e+13
3.1e-09	-1044.62012	-531.217944	7544.99198	53774.9441	0.556459363	4.63034951e+13
3.11e-09	-1511.499	79.9998997	9221.64737	52440.9069	0.556096273	4.62993842e+13
3.12e-09	-1282.7619	568.059189	8094.37977	52918.8046	0.555965167	4.6295082e+13
3.13e-09	-208.181069	-2079.41728	8619.99521	52628.0222	0.55573344	4.62905565e+13
3.14e-09	-1752.04948	364.615774	7615.16426	51872.3226	0.556230531	4.62867165e+13
3.15e-09	-1859.70412	-24.4986737	9410.44251	51422.5672	0.556515095	4.62845701e+13
3.16e-09	-1992.11112	-331.321303	9995.08764	49869.1795	0.557089163	4.62838578e+13
3.17e-09	-379.951047	-2135.90009	9699.17879	50531.2442	0.557579603	4.62851745e+13
3.18e-09	-1903.6823	-2275.43539	9408.05414	51330.4057	0.557772485	4.62873347e+13
3.19e-09	-2027.27712	-3760.3412	9819.37018	51189.2175	0.557571994	4.6289274e+13
3.2e-09	-1198.20165	-1810.93133	8776.99926	52664.7753	0.55709099	4.62901498e+13
3.21e-09	-2041.06856	-1728.95732	9840.38421	51256.0201	0.556922746	4.6289458e+13
3.22e-09	-673.978449	-609.720167	10512.3746	51590.974	0.556948799	4.62888882e+13
3.23e-09	-471.781441	497.836584	9704.99223	50997.1412	0.55717666	4.62886474e+13
3.24e-09	-1265.1316	1397.50213	11058.1637	51295.4599	0.557354613	4.62891899e+13
3.25e-09	-333.111731	770.4012	9896.7741	51422.0754	0.557512485	4.62899799e+13
3.26e-09	884.563359	594.679105	9524.8401	49787.0191	0.55785819	4.62913754e+13
3.27e-09	693.022021	-117.111472	10050.3856	50727.5483	0.558136586	4.62941309e+13
3.28e-09	1875.04375	153.375451	12256.6397	50294.1639	0.558233515	4.62968491e+13
3.29e-09	954.822827	135.978084	13433.7565	51720.7657	0.557829219	4.62993573e+13
3.3e-09	2266.81389	-248.783805	11669.054	52152.3064	0.557394737	4.62999401e+13
3.31e-09	2590.32773	-1839.93616	10499.2444	51957.375	0.556631514	4.62986672e+13
3.32e-09	2480.85419	-3359.03007	8716.15987	52139.0287	0.556550771	4.62961239e+13
3.33e-09	1551.11586	-3537.47866	7816.35364	51155.6165	0.556688229	4.62937594e+13
3.34e-09	527.654498	-2868.84697	6738.1254	50455.1387	0.557102446	4.6292569e+13
3.35e-09	1402.77641	-1692.56668	6912.94737	52071.8867	0.557673733	4.62931737e+13
3.36e-09	1763.80133	-1457.74868	6588.44375	51961.5342	0.557361569	4.62940321e+13
3.37e-09	1859.03216	-1312.651	7407.66297	51239.1092	0.557536396	4.6294503e+13
3.38e-09	2354.65369	-349.100805	7635.83354	50490.0259	0.557686301	4.62954312e+13
3.39e-09	2009.70875	-555.583899	7177.60269	53554.9429	0.557881781	4.629716e+13
3.4e-09	696.071775	-414.179109	7599.92358	52215.9229	0.557385282	4.62978643e+13
3.41e-09	-77.1858956	-399.803277	6833.06326	52047.2305	0.557133911	4.62975476e+13
3.42e-09	-83.6328957	-532.461987	7099.22331	51004.6786	0.557227686	4.62969371e+13
3.43e-09	-68.664944	-1654.31646	8136.1312	51749.9203	0.557206952	4.62967498e+13
3.44e-09	636.829878	-994.931305	6843.23857	52505.3059	0.556975642	4.62960958e+13
3.45e-09	1659.99458	-1263.87262	7714.11735	50743.6067	0.557083594	4.62949213e+13
3.46e-09	1624.22953	1970.06657	6809.44359	51712.5923	0.557461748	4.62949403e+13
3.47e-09	3376.70863	3779.52164	5414.52451	51100.3443	0.557520327	4.62954498e+13
3.48e-09	1867.72065	2767.81524	6144.74453	51433.6878	0.557522709	4.62961827e+13
3.49e-09	2135.5012	1696.69461	6912.24098	51274.0048	0.557806965	4.62971236e+13
3.5e-09	1377.69149	1477.22089	8278.62035	52800.235	0.557748841	4.62986352e+13
3.51e-09	2428.20557	205.22706	10135.3351	52551.6818	0.557057461	4.62987528e+13
3.52e-09	1505.02039	-339.143521	12027.329	51547.487	0.556708794	4.62971364e+13
3.53e-09	1268.91189	-401.753758	13738.3229	51408.0787	0.556463965	4.6294891e+13
3.54e-09	1135.57286	1119.28605	16098.7681	51618.4183	0.556051593	4.6291924e+13
3.55e-09	1398.26716	1461.54674	16589.6216	50592.4471	0.555979238	4.62880314e+13
3.56e-09	1050.23428	2058.37043	14446.8417	49235.9481	0.556357018	4.62849066e+13
3.57e-09	-162.562785	243.687365	16677.222	48789.5233	0.556855561	4.62837717e+13
3.58e-09	693.506727	1651.34746	17184.3881	49575.2996	0.556864895	4.62837033e+13
3.59e-09	1112.80602	1714.21045	16759.0161	51215.5402	0.556644138	4.62832585e+13
3.6e-09	1811.18792	541.618273	17253.5357	51035.4565	0.556133514	4.62815622e+13
3.61e-09	1427.91089	-160.820523	16736.2753	49241.9632	0.556075271	4.62789805e+13
3.62e-09	210.958969	-75.9018977	18597.9482	49033.8656	0.556202835	4.62769939e+13
3.63e-09	-438.73291	267.197568	19233.5579	49569.3375	0.556483499	4.62758459e+13
3.64e-09	56.5545208	642.2364	20443.8036	49501.0962	0.556268474	4.62748257e+13
3.65e-09	593.361882	727.413539	21976.9448	49381.015	0.555630844	4.6272642e+13
3.66e-09	-1176.34323	1147.09649	22097.7056	48137.8514	0.555320495	4.62689588e+13
3.67e-09	-2748.26982	-46.8716699	21192.8042	49095.7341	0.555484838	4.62654424e+13
3.68e-09	-2173.75998	389.931481	21194.9634	47783.7976	0.555768708	4.62628206e+13
3.69e-09	-2730.17568	838.19514	20313.344	48492.4813	0.556104438	4.62616102e+13
3.7e-09	-1909.77085	223.20503	19747.997	48492.7427	0.556353785	4.62614297e+13
3.71e-09	-1636.92445	835.256881	19156.8499	49349.2369	0.556476047	4.62619049e+13
3.72e-09	-1908.13586	2095.21848	19142.1386	49710.7357	0.556570837	4.62626584e+13
3.73e-09	-2596.34077	427.08096	18722.0392	50323.0729	0.556201484	4.62629676e+13
3.74e-09	-3500.59196	-752.325391	19163.996	49075.9407	0.555996507	4.62621409e+13
3.75e-09	-616.121068	-120.806419	19887.2725	47009.073	0.556419916	4.62616163e+13
3.76e-09	-273.800005	-929.7451	20317.1706	46566.7985	0.557304633	4.62632657e+13
3.77e-09	-705.523854	-2676.31492	19073.858	48535.7779	0.557509759	4.62668335e+13
3.78e-09	-1335.20618	-1866.30661	18049.8794	49697.0185	0.557399471	4.62700443e+13
3.79e-09	-963.12725	-526.48627	18110.9114	49323.5801	0.557055658	4.62720653e+13
3.8e-09	-1210.34927	-1509.64384	17403.7167	50388.1769	0.5568648	4.62732975e+13
3.81e-09	-2061.75499	-1643.60063	18122.0711	49504.1491	0.556558832	4.62734634e+13
3.82e-09	-2135.05514	-2829.89049	15514.2754	50092.6348	0.556632277	4.62731907e+13
3.83e-09	-1743.49804	-1210.14648	14617.3502	52235.9615	0.556409214	4.62730856e+13
3.84e-09	-2735.32767	-3468.66676	13003.5553	50800.9086	0.556107506	4.62717128e+13
3.85e-09	-1674.02596	-3298.81719	13325.071	52352.4473	0.555979202	4.62703081e+13
3.86e-09	-1082.5949	-3028.21536	11602.7068	51059.0464	0.556095892	4.62684409e+13
3.87e-09	-2225.05501	-2448.38492	12318.9338	51299.1118	0.55633198	4.62675911e+13
3.88e-09	-2155.01091	-2115.71547	10864.4446	52598.5317	0.556097935	4.62669176e+13
3.89e-09	-4210.87	-1345.90802	11823.3377	53342.0428	0.555573082	4.62650991e+13
3.9e-09	-2725.58785	-2870.97162	11420.5305	51712.0448	0.555470906	4.62621605e+13
3.91e-09	561.251719	-1611.2842	11980.9042	52203.2872	0.555313715	4.62594283e+13
3.92e-09	1370.10475	-1180.34153	11422.0974	52046.6662	0.55519175	4.62564085e+13
3.93e-09	1759.25378	-2181.32363	9573.62869	51687.7882	0.55534383	4.62536411e+13
3.94e-09	3341.60315	-1938.04993	9197.78475	50150.7991	0.55618477	4.62525765e+13
3.95e-09	2146.82047	-2263.40431	8626.26003	50327.0736	0.556724484	4.62539195e+13
3.96e-09	188.674728	-2533.81372	8361.37008	51229.331	0.55716261	4.62568919e+13
3.97e-09	-83.8191464	-2696.18654	9224.18387	51401.3852	0.557362423	4.62603164e+13
3.98e-09	438.370064	-2969.1791	8190.57246	52366.6205	0.557188909	4.62636703e+13
3.99e-09	1358.27692	-3381.50347	8892.28748	53236.0551	0.556642714	4.62656177e+13
4e-09	917.122594	-4096.77285	9840.66814	52946.166	0.55622267	4.62657152e+13
4.01e-09	1991.43318	-2948.42821	11430.5352	54097.4922	0.555515681	4.62642278e+13
4.02e-09	1910.11432	-1704.28316	12911.9072	53098.606	0.554840567	4.62603627e+13
4.03e-09	1084.61852	-2293.76351	12236.6372	52158.6009	0.554668931	4.62557301e+13
4.04e-09	-7.00087391	-1575.88686	12328.5001	50312.8186	0.555345398	4.62520889e+13
4.05e-09	397.815399	-2153.21742	11307.9115	50133.7479	0.556135119	4.62511294e+13
4.06e-09	806.222927	-2627.08092	11054.3815	52051.9864	0.556237035	4.62520187e+13
4.07e-09	1114.60708	-239.62733	8525.41404	50826.1259	0.55652689	4.62528899e+13
4.08e-09	2230.2119	-148.189961	7911.32344	50820.2581	0.557232298	4.62555137e+13
4.09e-09	1111.7931	2333.42387	8172.63633	51195.294	0.557561218	4.62595024e+13
4.1e-09	-1048.66404	526.925439	10531.2668	51501.6977	0.557661309	4.6263844e+13
4.11e-09	-750.620385	1143.78277	10932.2732	51656.0921	0.55758798	4.62676842e+13
4.12e-09	238.742835	1494.77096	10444.3515	51566.3763	0.557316297	4.62706576e+13
4.13e-09	-189.82349	849.482631	11155.1253	53102.4918	0.55654856	4.62721881e+13
4.14e-09	-740.094773	2312.60398	10376.6828	51464.229	0.556212827	4.62713331e+13
4.15e-09	-1592.52567	1600.39013	11062.6	51301.2612	0.556232547	4.62701989e+13
4.16e-09	-470.599397	1786.70599	10541.3874	50598.304	0.556599417	4.62695784e+13
4.17e-09	-411.308735	1305.46136	8289.97717	50581.8658	0.557094457	4.62705356e+13
4.18e-09	-1433.53978	-289.500432	6928.04579	51428.1455	0.557578077	4.62730014e+13
4.19e-09	-929.898257	-1098.24845	7844.55408	52244.1298	0.557382066	4.62759089e+13
4.2e-09	1266.75285	-33.9158306	8469.39253	51583.7378	0.55703299	4.62773792e+13
4.21e-09	-1524.70961	658.158389	9549.20919	53293.9328	0.556719187	4.62780419e+13
4.22e-09	-649.623608	454.693198	8817.14046	52028.8503	0.556200723	4.6276817e+13
4.23e-09	-797.661403	-171.123417	9760.16098	51209.6036	0.556337045	4.62753201e+13
4.24e-09	-1261.96378	-827.786921	8510.08621	51887.0984	0.556979105	4.6275184e+13
4.25e-09	1721.32437	609.936779	8628.24892	50746.647	0.557079044	4.62760311e+13
4.26e-09	2350.60447	392.708722	9094.22483	49676.5081	0.558225225	4.62786412e+13
4.27e-09	1323.03928	1663.78167	8236.64693	50728.0872	0.558419344	4.62834823e+13
4.28e-09	426.673165	2192.19924	5105.05039	51228.9477	0.558364883	4.62879106e+13
4.29e-09	600.244628	967.160659	3840.56794	52171.548	0.558481165	4.62920887e+13
4.3e-09	163.483833	1022.70476	5115.16819	52066.3136	0.558071292	4.62954371e+13
4.31e-09	-1303.05715	1182.45932	6209.86492	52762.17	0.557469789	4.62969939e+13
4.32e-09	-1406.20609	2027.80871	7398.5445	52291.7011	0.557260257	4.62969648e+13
4.33e-09	-2256.01291	1093.46502	9432.16781	52267.4481	0.556877746	4.62961588e+13
4.34e-09	-260.042031	779.288768	11138.5	51766.0755	0.556617466	4.62943389e+13
4.35e-09	-1538.30733	1516.39363	12467.6136	51085.7109	0.55654412	4.62921518e+13
4.36e-09	-1558.64707	196.602814	12286.8849	51454.1034	0.556456641	4.62899861e+13
4.37e-09	-969.964653	-217.675358	11181.2368	50400.4886	0.556639947	4.62880118e+13
4.38e-09	-602.624067	-1216.0682	10265.1737	50884.1814	0.557201189	4.62875099e+13
4.39e-09	-210.069546	-130.356763	12047.4659	50561.8372	0.557435586	4.62882038e+13
4.4e-09	-1040.23349	-944.051241	13685.8644	50969.4632	0.557535606	4.62895125e+13
4.41e-09	159.387967	-643.966076	14559.6504	50613.6601	0.557204937	4.62902608e+13
4.42e-09	458.9746	14.8691939	17752.2809	50421.3495	0.556898254	4.62900615e+13
4.43e-09	168.135946	-176.589625	19760.0101	50237.4224	0.556225977	4.62883332e+13
4.44e-09	1078.47463	-834.386344	19425.6841	50487.858	0.555842807	4.62850095e+13
4.45e-09	1494.40552	-1160.86053	20498.1821	50159.5325	0.555376254	4.62807062e+13
4.46e-09	2216.38166	-477.009673	19532.3108	49240.7964	0.555504666	4.62761402e+13
4.47e-09	1160.3608	78.4272375	19376.5677	47254.8707	0.556097148	4.62730274e+13
4.48e-09	1827.55709	234.822653	19114.2699	46887.1613	0.556992732	4.6272577e+13
4.49e-09	1025.46806	254.353883	19873.4876	48194.4347	0.557255492	4.62743311e+13
4.5e-09	1867.4596	316.513695	19113.3801	49431.5372	0.556957137	4.62758912e+13
4.51e-09	1363.88984	-205.115197	19560.1655	49844.6277	0.556565956	4.6276097e+13
4.52e-09	3155.01741	-63.1845171	19141.2483	49368.1214	0.556537583	4.62753804e+13
4.53e-09	3375.83206	-466.125755	19870.1567	49293.476	0.556413809	4.62747488e+13
4.54e-09	2042.80614	-963.584391	18797.3116	49125.3978	0.556315097	4.62736497e+13
4.55e-09	447.829181	664.544918	16294.3183	49061.3552	0.55657925	4.62727819e+13
4.56e-09	-248.594092	1717.21066	18237.0489	48556.2705	0.556850972	4.62730003e+13
4.57e-09	1323.26017	862.056712	19797.3299	48802.5167	0.55712258	4.62742055e+13
4.58e-09	330.90044	1106.37622	19678.4058	47465.7339	0.557466426	4.62757831e+13
4.59e-09	764.640891	-807.462654	19288.3692	48680.174	0.557564862	4.62783178e+13
4.6e-09	72.9869053	395.610588	18806.0773	49371.8138	0.557416695	4.62804693e+13
4.61e-09	1205.84909	2449.62393	17535.7336	50685.2188	0.556853891	4.62815127e+13
4.62e-09	2163.18919	4465.67166	17587.0326	49951.6737	0.556376394	4.6280458e+13
4.63e-09	2359.0051	4469.0235	17541.6734	49265.9135	0.556286447	4.62786488e+13
4.64e-09	3459.46999	4600.62033	19596.4853	48706.5765	0.556353898	4.62771541e+13
4.65e-09	2166.29372	4942.28144	17467.1014	49447.2353	0.556261102	4.62757681e+13
4.66e-09	3638.11377	3736.30704	16450.8632	50141.1697	0.556389323	4.62745217e+13
4.67e-09	3743.24463	3406.08407	16554.2157	49481.2897	0.556431316	4.62736031e+13
4.68e-09	2768.9428	490.688375	14322.6172	49508.5424	0.55674648	4.6273382e+13
4.69e-09	2496.19083	1608.49794	12866.0191	50508.2836	0.557044517	4.62743361e+13
4.7e-09	2550.16696	1703.37932	12836.6288	52041.1953	0.557052697	4.62756151e+13
4.71e-09	2361.46368	737.897016	13889.4675	53902.22	0.556151298	4.62756257e+13
4.72e-09	2674.7758	-1866.29392	13876.1215	51236.661	0.555576062	4.62728428e+13
4.73e-09	3263.58382	288.720702	13549.1878	51162.283	0.555457986	4.626939e+13
4.74e-09	3085.08518	-1561.14586	13382.8471	52252.8437	0.555334416	4.62660431e+13
4.75e-09	2289.52378	-2838.25082	11934.3192	54145.0225	0.554816541	4.62620222e+13
4.76e-09	1966.67487	-2657.25965	11317.0184	53127.3002	0.554125422	4.62562715e+13
4.77e-09	1462.47498	-3192.8562	11618.6783	51306.158	0.554401428	4.62501959e+13
4.78e-09	790.178147	-1946.61721	13561.4919	51348.1409	0.555030433	4.62463446e+13
4.79e-09	421.743255	-1667.4862	12641.9159	51483.4272	0.555440079	4.62443548e+13
4.8e-09	1247.15747	-2553.08773	10875.3352	51955.9455	0.555574426	4.62436002e+13
4.81e-09	2929.27486	-4054.45472	9826.71015	51791.7285	0.555513887	4.62430798e+13
4.82e-09	1976.67172	-2484.27456	9997.17552	52662.1673	0.555356103	4.62423879e+13
4.83e-09	1626.84042	-780.143383	9804.72219	53194.0135	0.554962847	4.62407048e+13
4.84e-09	932.402135	-1330.98185	9627.81903	53468.35	0.554784521	4.62382962e+13
4.85e-09	-344.925333	-1899.97254	10145.8899	51496.0232	0.555053111	4.6235968e+13
4.86e-09	209.48578	-1267.33556	9548.04668	50664.7343	0.555823962	4.62355361e+13
4.87e-09	410.68196	-797.80047	10083.2306	52322.5848	0.555953933	4.62369176e+13
4.88e-09	47.5670509	-1124.03433	10139.7021	53092.1723	0.555542011	4.62376664e+13
4.89e-09	1942.60511	-637.705537	9146.35639	52260.8865	0.555463617	4.62372629e+13
4.9e-09	2230.01752	-2953.16667	7420.42155	50951.0926	0.555898182	4.62373608e+13
4.91e-09	1334.6666	-3989.9996	9246.05011	50740.5591	0.556684242	4.62395633e+13
4.92e-09	727.091562	-4699.57616	10003.8442	51267.6795	0.557044455	4.62434303e+13
4.93e-09	81.3716825	-4034.70896	11612.4474	52136.6466	0.556723435	4.62471554e+13
4.94e-09	-82.0300346	-4052.4073	10999.1477	53342.8722	0.556186756	4.62491245e+13
4.95e-09	-748.863496	-3277.39087	10551.1206	50779.4442	0.556049908	4.62494076e+13
4.96e-09	-279.333152	-2679.4808	12163.5476	49697.8417	0.556509978	4.625045e+13
4.97e-09	-305.994551	-1475.99006	11868.0703	50954.5495	0.556961787	4.62530152e+13
4.98e-09	323.251958	-1552.32362	10978.1243	51435.7456	0.557319366	4.6256383e+13
4.99e-09	-941.317508	-3644.28004	11089.1602	52276.5797	0.556983257	4.62596846e+13
5e-09	1320.81169	-4302.36104	9954.93389	52627.9939	0.556578941	4.62615118e+13
5.01e-09	1236.73914	-4333.28338	9343.04345	52410.6582	0.556230109	4.62618837e+13
5.02e-09	-34.6115847	-3913.96521	8993.81074	53436.3321	0.555776914	4.6261052e+13
5.03e-09	185.149407	-1199.37491	7715.30662	52844.5919	0.555388566	4.62589423e+13
5.04e-09	647.139311	-1028.04256	8472.40495	52923.6665	0.555497812	4.62565016e+13
5.05e-09	180.993947	-1819.62453	9563.28959	52435.3385	0.555661669	4.62547173e+13
5.06e-09	1278.55109	-2006.96917	8146.95813	51412.9552	0.555837651	4.62535281e+13
5.07e-09	136.614978	-3553.60353	8162.76102	50515.1066	0.556412567	4.62536026e+13
5.08e-09	-602.594527	-2995.26403	6997.77792	48726.5013	0.55765286	4.62563732e+13
5.09e-09	-720.216246	-2520.95192	6381.50063	50465.0893	0.558623699	4.62627286e+13
5.1e-09	-1152.44729	-1940.4555	6513.59753	51411.4352	0.558676091	4.62701107e+13
5.11e-09	-264.403294	-3112.00391	5763.70992	51900.6548	0.558376336	4.62763808e+13
5.12e-09	11.0624876	-3736.15948	8390.60043	50725.0764	0.558340937	4.62813413e+13
5.13e-09	-369.131848	-2133.87383	7732.05389	52187.4272	0.557863194	4.62853745e+13
5.14e-09	1019.56909	-1890.20297	8432.8413	53330.6532	0.557468313	4.62876231e+13
5.15e-09	832.003163	-146.47541	10768.0107	52659.6915	0.55656727	4.62874666e+13
5.16e-09	958.520585	947.16234	10960.3832	53101.9113	0.556078384	4.62852607e+13
5.17e-09	183.949099	1332.63626	11062.1039	52980.9171	0.555400861	4.62815197e+13
5.18e-09	-1387.56604	2875.03166	12352.6683	51650.2069	0.555441545	4.62767594e+13
5.19e-09	-419.010118	2201.89401	13876.1917	50745.397	0.555488449	4.62727607e+13
5.2e-09	640.016882	1334.48024	13871.4491	51859.0592	0.555512694	4.62694519e+13
5.21e-09	423.702262	820.966948	15561.9707	51602.8753	0.555229247	4.62659129e+13
5.22e-09	485.584029	-537.785377	16630.8302	51525.4258	0.555124176	4.62620706e+13
5.23e-09	-1498.14583	-324.023366	18370.227	50940.8696	0.555023771	4.6258108e+13
5.24e-09	-895.451787	-444.35797	18699.4005	49230.9406	0.555074056	4.62543164e+13
5.25e-09	-800.231571	-1592.08573	19408.0167	48174.8224	0.555698312	4.62520843e+13
5.26e-09	-566.985228	-1799.94387	19668.6375	48093.875	0.556508315	4.62523744e+13
5.27e-09	-890.423375	-2610.90122	19799.2737	47553.9315	0.556992486	4.62545229e+13
5.28e-09	-571.266778	-1993.12219	20774.3898	48029.4265	0.557159828	4.62577822e+13
5.29e-09	-622.394779	-1848.14303	21346.6382	47807.9633	0.557261717	4.62611256e+13
5.3e-09	38.6798481	-938.99019	21605.5973	46603.3377	0.557603026	4.62644637e+13
5.31e-09	503.57609	-274.524688	21407.3824	46396.9125	0.558253745	4.62692508e+13
5.32e-09	1731.69636	48.5310469	20914.2747	46004.2286	0.558709567	4.6275149e+13
5.33e-09	1550.44322	-509.093796	21843.177	46655.1427	0.55895005	4.62818142e+13
5.34e-09	-735.771869	-410.613476	22330.682	48834.9756	0.558496079	4.62877249e+13
5.35e-09	-321.808982	-1049.83295	19932.0432	51597.5851	0.557230879	4.62903857e+13
5.36e-09	-1002.58283	-1409.93616	18513.6097	51121.7333	0.556103538	4.62888392e+13
5.37e-09	-1927.66226	-1066.60749	18161.7228	49567.0884	0.555735153	4.62850561e+13
5.38e-09	-2546.82692	-1413.63218	18025.8717	49273.3845	0.555814233	4.62812425e+13
5.39e-09	-3000.27262	-1604.94891	16013.7025	48922.5044	0.556366555	4.62786721e+13
5.4e-09	-4796.76708	-791.157668	15721.1636	47901.9911	0.557160615	4.62784239e+13
5.41e-09	-5220.19325	265.722613	16092.7263	47744.8775	0.558119525	4.62809545e+13
5.42e-09	-4677.95908	1330.00621	15859.2562	50199.8333	0.55810342	4.62850318e+13
5.43e-09	-3670.14408	1611.83207	15081.7393	49756.0118	0.557675224	4.62877037e+13
5.44e-09	-4195.575	578.618024	16570.2631	51031.4573	0.557271713	4.62889175e+13
5.45e-09	-2536.56593	366.961636	19297.1787	51604.6134	0.556379304	4.6288211e+13
5.46e-09	-472.077283	28.7253017	18963.3065	52787.9672	0.555366715	4.62846306e+13
5.47e-09	1921.83771	-549.910524	16306.7465	52342.1232	0.554560677	4.62782348e+13
5.48e-09	-1066.35906	-166.915166	16701.5466	52157.8492	0.554064507	4.62705029e+13
5.49e-09	-2348.78209	-409.644794	14081.2692	52394.4415	0.554137509	4.62626547e+13
5.5e-09	160.723192	-884.727617	12939.0872	52927.5486	0.554186379	4.62559255e+13
5.51e-09	419.79431	-650.627448	13016.7451	53404.0948	0.553996897	4.62497965e+13
5.52e-09	912.662079	-630.050319	12904.1972	53883.2076	0.5536536	4.62433002e+13
5.53e-09	-260.150832	1546.76592	12203.8451	50703.3252	0.554020864	4.62369091e+13
5.54e-09	-152.934023	2515.9658	11609.3588	50901.4581	0.555067284	4.6233732e+13
5.55e-09	-659.197579	926.60909	10760.8512	51710.3137	0.555371682	4.62330827e+13
5.56e-09	-1974.74393	422.106745	9684.903	51330.3626	0.555719314	4.62332787e+13
5.57e-09	-2185.44619	126.056643	10317.8634	51981.9395	0.555905378	4.62346381e+13
5.58e-09	-1538.53488	-1579.88767	9048.73523	53420.4562	0.555884141	4.62361396e+13
5.59e-09	-1658.21979	-792.081042	9298.97458	52238.2936	0.555737242	4.62369325e+13
5.6e-09	493.613835	-2418.01723	10013.6562	52335.9602	0.555760002	4.62374933e+13
5.61e-09	731.935552	-2640.82145	11085.7205	51956.8531	0.555806148	4.62381907e+13
5.62e-09	1851.41833	-2526.33615	12495.2513	49579.1408	0.556249865	4.623933e+13
5.63e-09	323.085781	-3053.93544	13098.4536	51132.5392	0.556441395	4.62417196e+13
5.64e-09	306.745162	-2577.51006	12369.5443	48977.469	0.55666337	4.62440457e+13
5.65e-09	-0.86029005	-3287.75519	10813.2379	50171.6824	0.557304221	4.62480001e+13
5.66e-09	356.479492	-2918.85712	10424.5549	51527.4686	0.557366406	4.62527061e+13
5.67e-09	-1157.39714	-2606.20344	9256.77613	52444.4131	0.556915965	4.62563157e+13
5.68e-09	-1288.7415	-558.152931	9421.22017	54798.9015	0.556074489	4.62577647e+13
5.69e-09	-2102.9697	-848.300675	8389.80649	55037.9336	0.554736975	4.62554852e+13
5.7e-09	-1246.3635	359.829638	8276.14117	54351.5225	0.554352589	4.62504941e+13
5.71e-09	-1730.65901	-214.714859	7786.06915	52837.4699	0.554324289	4.62452566e+13
5.72e-09	-3061.97794	1834.63138	6595.6943	52747.8455	0.554493351	4.62410291e+13
5.73e-09	-2849.5698	1337.83671	7050.96551	53023.5146	0.554652587	4.6237665e+13
5.74e-09	-2087.98715	1925.54505	8087.31853	54189.0722	0.554471817	4.62346433e+13
5.75e-09	-1231.90343	1857.24153	7755.37628	53964.996	0.554364115	4.62312727e+13
5.76e-09	132.535678	1257.63398	8300.10686	53822.0432	0.554038841	4.62276766e+13
5.77e-09	-1402.03271	698.323931	9884.60175	51723.8892	0.554159074	4.62239337e+13
5.78e-09	-1739.85892	338.511738	9186.07479	54093.5315	0.554666944	4.62218414e+13
5.79e-09	-1339.9423	1039.28647	9158.92587	52346.2229	0.554561165	4.62201556e+13
5.8e-09	634.856248	-819.07196	9106.54926	52126.7201	0.55474026	4.62189274e+13
5.81e-09	196.111884	-836.652206	10897.4505	52470.7436	0.55502681	4.621852e+13
5.82e-09	963.429086	860.000509	11118.1794	52759.4046	0.554924295	4.6218505e+13
5.83e-09	1500.28031	1830.59711	11398.1892	54482.499	0.554471758	4.62177779e+13
5.84e-09	-129.656032	769.446093	11091.3416	54141.0891	0.554041791	4.62155454e+13
5.85e-09	-1340.82016	2175.98902	11084.3083	53700.0368	0.553857787	4.62126224e+13
5.86e-09	-1787.91589	1204.28325	10602.5883	55722.5928	0.553092673	4.62089267e+13
5.87e-09	-2967.86768	1595.54943	8036.3735	52940.8299	0.552946059	4.62032884e+13
5.88e-09	-1757.31031	284.625139	9087.99217	49899.6005	0.554010266	4.61995218e+13
5.89e-09	-7.35122425	-219.637048	8731.91764	48740.1941	0.555904625	4.62008003e+13
5.9e-09	-529.649061	-877.497159	8190.4398	48373.3289	0.557458722	4.62075453e+13
5.91e-09	-1291.18455	529.172233	6734.8857	49189.206	0.558552044	4.62179499e+13
5.92e-09	858.419425	794.496757	5318.79515	48947.438	0.558788059	4.62294589e+13
5.93e-09	-1778.60315	-367.805973	6421.04403	50636.8394	0.55920403	4.62411571e+13
5.94e-09	-685.696663	480.737138	5968.9375	49791.813	0.559417484	4.62521791e+13
5.95e-09	-992.065415	-1528.93584	6531.69957	50038.1208	0.559593383	4.62631382e+13
5.96e-09	-775.024097	-2432.10779	8619.50449	51652.8538	0.55931207	4.62730275e+13
5.97e-09	-2049.15467	-2520.90911	10039.8388	52565.529	0.558411584	4.62801875e+13
5.98e-09	-561.535416	-2472.88037	11528.8295	54265.6387	0.556881655	4.62830102e+13
5.99e-09	-207.068227	-328.831389	12336.6725	53053.9603	0.55569377	4.62810664e+13
6e-09	1017.81611	-42.1803852	14192.8553	52645.7076	0.555081166	4.62765703e+13
6.01e-09	1904.93812	862.016921	12585.5373	51543.999	0.554978928	4.62710594e+13
6.02e-09	1276.02272	-1235.06808	14960.2492	51266.1197	0.555158083	4.62664165e+13
6.03e-09	970.308926	-2582.97849	16056.2814	51543.4572	0.555018164	4.62622893e+13
6.04e-09	1371.60643	-683.143414	14795.5635	50722.2002	0.554949176	4.6258092e+13
6.05e-09	1669.96633	-401.81925	17426.504	48664.9774	0.555611513	4.62550813e+13
6.06e-09	423.459079	-243.612768	18780.4684	47096.2894	0.556554784	4.6254696e+13
6.07e-09	425.988606	-1476.31454	18151.5205	48010.1262	0.557212116	4.62571873e+13
6.08e-09	885.364593	540.085161	18817.6765	49394.3967	0.557273508	4.62607376e+13
6.09e-09	533.893726	1482.4267	18655.2255	49182.5173	0.55701209	4.62634932e+13
6.1e-09	-488.356762	2341.20863	19908.426	49080.9739	0.556709661	4.62650651e+13
6.11e-09	-906.658933	2411.91268	23213.5462	49257.7391	0.556139661	4.62653493e+13
6.12e-09	-981.765227	648.942808	22117.623	48829.4375	0.555684579	4.62637964e+13
6.13e-09	-2256.9667	529.068348	20760.035	47949.6485	0.555636521	4.62615458e+13
6.14e-09	-2425.41608	3108.64089	20043.4926	47299.3941	0.55646376	4.62606437e+13
6.15e-09	-1714.02032	2768.99036	19960.0591	48459.9646	0.556837589	4.62619987e+13
6.16e-09	-2518.69831	2546.9445	22068.7114	49984.9479	0.556560853	4.62635262e+13
6.17e-09	-3513.59692	980.758519	23122.6565	51046.4203	0.555427078	4.62626944e+13
6.18e-09	-1880.89839	309.969048	20362.7289	49504.3259	0.554753774	4.62585338e+13
6.19e-09	-2131.7557	-49.4286955	19412.0951	48055.964	0.555128195	4.62543464e+13
6.2e-09	-2260.64782	-0.186437456	18069.0969	47805.2622	0.555990748	4.62526456e+13
6.21e-09	-1641.81314	59.8566953	17127.3352	48476.9149	0.556845354	4.62538845e+13
6.22e-09	-1477.508	-1516.65843	15449.3446	48600.046	0.557531676	4.62573526e+13
6.23e-09	-1745.27693	-316.222538	15297.762	49363.0275	0.557764254	4.62620681e+13
6.24e-09	-1505.57455	1016.38345	16469.3959	50076.824	0.557750712	4.62667674e+13
6.25e-09	1070.21741	1344.32105	16472.1588	51041.3251	0.557382599	4.62703199e+13
6.26e-09	2148.96634	839.642407	16234.4886	51672.5436	0.556461603	4.62717392e+13
6.27e-09	2228.2153	936.415462	17233.3434	51173.3455	0.555854395	4.62703936e+13
6.28e-09	2545.92652	-1934.34162	19160.8626	51279.6984	0.555182079	4.62673611e+13
6.29e-09	1645.80674	-1791.49665	17438.8452	52612.3706	0.554817019	4.6262913e+13
6.3e-09	-47.1491707	-518.122803	16711.7379	53995.4501	0.553641582	4.62566714e+13
6.31e-09	-1854.64892	-1564.53648	17653.6904	54808.0418	0.552667994	4.62475802e+13
6.32e-09	-1084.97614	-990.687443	17986.4568	53098.8325	0.551940607	4.62363142e+13
6.33e-09	-3014.34918	-886.443155	15764.7105	52545.3932	0.551935014	4.62251116e+13
6.34e-09	-3230.59643	-533.297203	13234.5737	50973.2604	0.552999787	4.62163561e+13
6.35e-09	-3379.09094	-1200.66343	12752.8577	52464.1811	0.553679865	4.62115527e+13
6.36e-09	-4049.29996	-774.053024	10943.8296	52163.0481	0.553957635	4.62084322e+13
6.37e-09	-2638.67925	1540.13779	8305.46724	52241.9726	0.554536083	4.62069545e+13
6.38e-09	-2136.25138	834.204014	8785.744	52145.8603	0.554906731	4.62071662e+13
6.39e-09	-2404.55778	-286.403305	8524.21435	52625.7011	0.5552255	4.62085226e+13
6.4e-09	-3139.98459	-1645.83361	7794.77647	51388.3368	0.555587199	4.62105465e+13
6.41e-09	-1612.41225	-2338.28133	6885.4256	51236.3009	0.556502209	4.62144407e+13
6.42e-09	-2428.59116	-2878.4311	5842.1955	49957.0313	0.557216822	4.62203286e+13
6.43e-09	-2400.52374	-1205.94637	6326.69475	49597.6515	0.55817732	4.62283806e+13
6.44e-09	-3600.78846	-1520.32799	9619.83509	50651.4626	0.558737798	4.62383481e+13
6.45e-09	-1450.8697	-1189.42791	8554.82516	51756.8064	0.558215256	4.62474221e+13
6.46e-09	-2631.09147	-34.7720694	8031.7615	50947.5253	0.558134222	4.62544251e+13
6.47e-09	-826.106997	2123.18175	7854.01326	51267.0682	0.558186162	4.62609059e+13
6.48e-09	-3416.80523	1308.0007	7338.29109	51810.0602	0.557895591	4.62663612e+13
6.49e-09	-2102.54992	951.823035	7633.7766	51586.6307	0.557481995	4.62702941e+13
6.5e-09	-804.868661	-1581.29971	7366.15458	52298.058	0.557157295	4.62728054e+13
6.51e-09	-2362.6523	-1216.41543	8191.15107	52055.6088	0.55709073	4.62743406e+13
6.52e-09	-2610.55817	231.143999	9684.35212	51638.4908	0.55706969	4.62755877e+13
6.53e-09	-847.228099	-654.952722	9496.15321	52242.7262	0.556844342	4.62763493e+13
6.54e-09	1140.64236	-1248.05716	8331.48243	53756.435	0.556259265	4.62761008e+13
6.55e-09	259.234921	-1197.10165	8421.37871	53878.1065	0.555377982	4.62733905e+13
6.56e-09	-47.4281221	1482.83821	9564.82131	52169.9698	0.555232339	4.62689631e+13
6.57e-09	-1203.99859	661.537237	11430.4507	50919.2337	0.555530593	4.62653885e+13
6.58e-09	709.365035	1336.84797	10297.0368	50641.2756	0.556117441	4.62635733e+13
6.59e-09	825.895973	497.461582	10455.2946	51764.9416	0.556373354	4.62634201e+13
6.6e-09	1195.05911	1186.31163	8872.85551	52149.5043	0.55668744	4.62639648e+13
6.61e-09	2056.43348	894.626126	9117.64018	50039.3589	0.556910413	4.62650565e+13
6.62e-09	727.646125	-291.505177	9059.18555	51044.6539	0.557412983	4.62675439e+13
6.63e-09	922.586137	561.017221	9075.20471	52285.4518	0.557267818	4.62704592e+13
6.64e-09	-525.679596	1263.69018	9214.00891	53371.1914	0.556596405	4.62717465e+13
6.65e-09	-1693.30111	617.107451	8421.2281	51645.5308	0.556574376	4.62714136e+13
6.66e-09	-1446.10715	1622.16772	9864.19787	53750.814	0.556342557	4.62712059e+13
6.67e-09	-1188.23813	1137.69068	12116.5911	54337.2908	0.555305708	4.62690596e+13
6.68e-09	-1435.57574	288.02874	10378.0641	54152.0102	0.554503537	4.62639977e+13
6.69e-09	-1936.14309	-1249.53565	10738.2014	52758.6612	0.554218736	4.62575706e+13
6.7e-09	-1260.91611	-979.770045	9528.17433	52165.9647	0.55462308	4.62520303e+13
6.71e-09	-1663.89829	-979.026228	10048.0764	50212.2877	0.555506721	4.62488527e+13
6.72e-09	-695.488589	-1750.84951	7164.5178	50390.0969	0.556562988	4.62491676e+13
6.73e-09	448.584546	-1691.96531	6202.15374	50672.9599	0.557059351	4.62518978e+13
6.74e-09	-389.282036	-218.603785	5482.20201	51579.9852	0.557574188	4.62559683e+13
6.75e-09	420.388442	208.058654	6812.68468	50988.6022	0.557663365	4.62605076e+13
6.76e-09	-813.586888	-487.973528	7263.82447	50242.3082	0.557966589	4.62652266e+13
6.77e-09	2.45678642	104.096862	6867.89341	52320.0442	0.55792038	4.62702364e+13
6.78e-09	1440.91656	733.117609	8367.46754	53172.5894	0.557097728	4.62735103e+13
6.79e-09	-363.832837	1000.15844	9232.72826	53849.0644	0.556222398	4.62738034e+13
6.8e-09	1167.96275	386.200106	9984.15035	53909.4505	0.555524563	4.62713473e+13
6.81e-09	1134.02817	1081.92479	9218.79289	54880.8857	0.554898764	4.62672169e+13
6.82e-09	92.4019086	-203.892502	9746.67756	53387.1019	0.554603495	4.62616736e+13
6.83e-09	665.760914	-1050.42569	10701.6904	52693.0555	0.554642682	4.6256411e+13
6.84e-09	557.835224	-600.244057	10438.0281	51287.511	0.554954391	4.62520455e+13
6.85e-09	50.3169164	-1298.58982	10559.8357	48934.1798	0.556002547	4.62500335e+13
6.86e-09	1412.84713	-2058.06016	11955.1903	50035.7068	0.55707135	4.62521488e+13
6.87e-09	1099.49482	-9.17214899	14594.1841	49172.9687	0.557597007	4.62562398e+13
6.88e-09	27.5713582	-286.803772	15984.2367	47991.7632	0.558290883	4.62617207e+13
6.89e-09	-569.015025	1236.71891	15895.0598	47454.1399	0.558941026	4.62688744e+13
6.9e-09	-301.97177	2004.09707	15089.0697	48295.3666	0.559553391	4.62773841e+13
6.91e-09	-1062.3345	2971.04906	17545.9159	51054.2606	0.558928402	4.62855833e+13
6.92e-09	-692.384194	453.723403	19847.63	50899.8197	0.557672808	4.6289657e+13
6.93e-09	88.3167388	-76.1481277	19290.2996	49953.8215	0.556715355	4.62898776e+13
6.94e-09	-190.59224	-1464.78214	19865.4384	48761.7073	0.556622608	4.62882751e+13
6.95e-09	-96.7588765	-1563.93077	20078.5751	48416.6589	0.556995936	4.62873579e+13
6.96e-09	621.794554	-917.512314	18999.4142	48407.1771	0.55694551	4.62869974e+13
6.97e-09	760.909626	-619.702988	17841.8641	49919.4131	0.556958956	4.62868478e+13
6.98e-09	1125.46149	-1089.30727	18852.2633	49810.5662	0.556575179	4.62860149e+13
6.99e-09	-67.522389	-2020.25646	18846.9591	48250.1341	0.556500454	4.62842474e+13
7e-09	-1976.6138	-2403.2439	18173.9915	48116.7623	0.556851345	4.62833541e+13
7.01e-09	-1570.43227	-3674.83113	18086.0779	45087.9983	0.557858033	4.62843077e+13
7.02e-09	-1098.25995	-2747.38302	18642.069	46827.0907	0.559032114	4.62889965e+13
7.03e-09	887.678899	-3381.88929	16418.8943	48367.4557	0.559151444	4.62952769e+13
7.04e-09	2971.21319	-2339.98483	18804.9792	48804.7179	0.559051205	4.63009065e+13
7.05e-09	1387.06178	-702.904712	18994.4918	49771.3997	0.55855007	4.63051282e+13
7.06e-09	196.437473	-118.664947	19573.5547	50686.6299	0.557466751	4.63065953e+13
7.07e-09	-306.830733	-1777.6811	17954.4175	50962.9455	0.556937357	4.63050901e+13
7.08e-09	-1298.63194	-901.810488	17790.0752	49609.4478	0.556346803	4.63020141e+13
7.09e-09	-1508.61696	-1450.77968	16354.6218	51103.4099	0.555959672	4.62979475e+13
7.1e-09	-193.963818	-1465.18025	14936.8883	51927.7649	0.555641008	4.62931748e+13
7.11e-09	-583.7135	-1070.83568	15451.8968	51911.6876	0.555302781	4.62877047e+13
7.12e-09	-717.867087	-1762.32886	15957.3481	50922.8444	0.555354956	4.62822242e+13
7.13e-09	689.932797	-2211.91339	16852.636	50818.9052	0.555515248	4.62776388e+13
7.14e-09	-1265.82171	-762.533948	14533.6999	52212.148	0.555253577	4.62733835e+13
7.15e-09	-2089.01678	-12.1814253	11535.5536	53333.1695	0.554934264	4.6268747e+13
7.16e-09	-1422.26744	-500.851793	11970.6322	51361.4305	0.554971667	4.62636343e+13
7.17e-09	-1369.81433	373.493555	11473.9066	52536.1858	0.555057713	4.62597033e+13
7.18e-09	-1045.48709	-2443.52211	13317.3804	52573.959	0.554914725	4.62559619e+13
7.19e-09	-54.3676369	-1877.98303	12341.9956	52141.8632	0.555016665	4.62523249e+13
7.2e-09	1242.05099	-2272.7842	11725.4753	51877.7808	0.555211089	4.62495121e+13
7.21e-09	1641.65793	-1986.62106	11375.073	51172.3074	0.555605966	4.62478123e+13
7.22e-09	369.91546	-2422.31061	9315.3194	50415.2679	0.556121927	4.62476546e+13
7.23e-09	-281.683348	-2922.77733	9125.80474	49406.6638	0.556999521	4.62497463e+13
7.24e-09	660.272522	-391.189554	9874.59707	50500.3108	0.557786555	4.62544264e+13
7.25e-09	-27.4357044	-1220.51126	9295.60058	48890.9363	0.558117492	4.62601321e+13
7.26e-09	728.771593	-1749.46059	7910.60082	50020.9401	0.559032847	4.62673251e+13
7.27e-09	-155.775934	-1896.73882	7983.80492	51020.1789	0.559167892	4.6275541e+13
7.28e-09	-1361.0154	-209.565453	8808.04806	50497.2703	0.559249102	4.62831449e+13
7.29e-09	-3906.17102	-818.843384	10050.5422	51110.6276	0.558890796	4.62900652e+13
7.3e-09	-4378.09193	-1027.03157	8623.05389	52493.4622	0.558569085	4.62950925e+13
7.31e-09	-3840.61586	-641.358038	8299.57238	53162.3563	0.557577166	4.62975848e+13
7.32e-09	-1973.27557	-294.400518	7852.57246	53668.2015	0.556625356	4.62968485e+13
7.33e-09	-475.499209	-2.06493564	9061.69899	52217.7562	0.556222219	4.62938421e+13
7.34e-09	1240.07917	889.190785	9988.1116	52432.7729	0.556019673	4.62904214e+13
7.35e-09	1284.98173	481.157688	8660.89017	50964.8383	0.556271923	4.6287135e+13
7.36e-09	1237.3673	549.066564	9543.81823	51701.0025	0.556840703	4.62857029e+13
7.37e-09	660.146403	2477.37186	10128.392	52728.585	0.556476878	4.62847759e+13
7.38e-09	1076.18438	3766.05006	9660.88842	52031.4475	0.556285846	4.62827874e+13
7.39e-09	1755.69293	2898.88064	10946.5494	51328.9343	0.55657243	4.62811528e+13
7.4e-09	1228.37584	786.077915	9185.05397	49579.1244	0.557221774	4.6280948e+13
7.41e-09	405.852121	359.255981	9030.80178	48216.4268	0.558521826	4.62837558e+13
7.42e-09	-996.553396	-1477.70529	10229.5907	48061.1074	0.559686718	4.62904141e+13
7.43e-09	1639.01965	-1671.45381	11276.5642	49616.6331	0.559952838	4.62989496e+13
7.44e-09	4703.01911	-994.232605	11272.9255	49780.9035	0.559966813	4.63069632e+13
7.45e-09	3373.23047	-863.114095	12096.9296	52218.2637	0.559285356	4.63136428e+13
7.46e-09	3402.12768	-528.22016	11247.6832	51253.7667	0.558665259	4.6316817e+13
7.47e-09	4994.04439	308.776942	12042.7734	52313.1967	0.557810288	4.63179389e+13
7.48e-09	5082.31663	2082.60172	12129.9178	52943.6552	0.556842026	4.63160448e+13
7.49e-09	4970.18007	1942.40461	10837.3153	54398.2026	0.555943188	4.63114041e+13
7.5e-09	4416.92014	1856.08253	10855.1132	53882.0405	0.554989883	4.63041231e+13
7.51e-09	2245.65617	1308.07043	10209.0319	50950.09	0.555095193	4.62958909e+13
7.52e-09	-276.642533	959.526712	10183.6281	48987.6982	0.556396745	4.62906782e+13
7.53e-09	-522.32358	841.621314	10377.9058	49481.5387	0.557768663	4.62903696e+13
7.54e-09	-23.5065834	67.0208316	9040.25224	49692.5896	0.558217223	4.62929692e+13
7.55e-09	-227.645935	-245.434045	7878.1756	52505.8357	0.558136927	4.62961618e+13
7.56e-09	637.954559	-957.592173	7156.06141	52004.6627	0.557583161	4.62977892e+13
7.57e-09	616.471135	-324.263053	7895.01307	53155.1062	0.556885441	4.62976708e+13
7.58e-09	882.895994	-17.5052683	7295.48595	52747.3452	0.556765706	4.62958668e+13
7.59e-09	622.091026	-625.272537	8817.83478	52244.1416	0.556584105	4.62937908e+13
7.6e-09	1571.46417	1067.00761	8097.8288	52359.0076	0.556541875	4.6291756e+13
7.61e-09	1260.96134	47.0497865	8306.12712	52702.7587	0.556449376	4.62897167e+13
7.62e-09	1873.34994	-698.62728	8799.21173	51960.5218	0.556166375	4.62871378e+13
7.63e-09	1891.57787	247.235464	9091.0933	51740.0542	0.5562015	4.62844262e+13
7.64e-09	994.672445	-1624.08761	10385.0537	50894.7916	0.556405593	4.62822409e+13
7.65e-09	1001.82005	-1209.50071	8995.28478	51763.8625	0.5568242	4.62813509e+13
7.66e-09	939.712817	-699.976587	10354.4984	51626.3689	0.556825963	4.62811615e+13
7.67e-09	1465.07612	-1346.27112	12691.4854	51121.472	0.556842706	4.62809675e+13
7.68e-09	182.9858	-918.263092	11999.4295	51260.9751	0.556715667	4.62807743e+13
7.69e-09	-805.469595	-1658.77672	12472.2778	50515.0452	0.556697193	4.62802146e+13
7.7e-09	-339.520127	-2337.56085	12030.5285	51009.3688	0.55674151	4.62798096e+13
7.71e-09	1372.17472	-1884.72528	13255.3161	52069.9446	0.556650147	4.62794132e+13
7.72e-09	73.1064127	49.3732367	14182.4249	51405.2875	0.555891869	4.62776836e+13
7.73e-09	17.1996695	552.504539	14740.6316	52610.0091	0.555626501	4.62747589e+13
7.74e-09	345.758566	-1000.83105	14674.4256	52979.9143	0.555047176	4.62706044e+13
7.75e-09	688.424721	-1080.38827	17419.7855	52171.1511	0.554480449	4.62650291e+13
7.76e-09	-43.2618814	50.2211135	18606.3097	52664.0205	0.553885279	4.62582874e+13
7.77e-09	-917.228141	-1267.18339	17277.2405	51721.1463	0.553453464	4.6250271e+13
7.78e-09	-1086.51088	-956.24202	16601.5781	51362.9251	0.553309063	4.62424294e+13
7.79e-09	-1408.61254	-1034.23826	14881.0782	50068.4648	0.553844392	4.62356143e+13
7.8e-09	1001.03334	-1724.97488	14037.6163	50004.6963	0.554718461	4.623174e+13
7.81e-09	1341.07381	-1639.26215	14363.9147	48997.8918	0.555873217	4.62313039e+13
7.82e-09	1650.49113	-1810.16949	13765.5991	48128.0721	0.556888222	4.62342912e+13
7.83e-09	2974.12564	-834.126101	14399.2728	48621.8222	0.557991347	4.62403279e+13
7.84e-09	1252.758	-588.891501	15820.9608	47097.0391	0.558396634	4.62480897e+13
7.85e-09	1012.99936	-578.32357	17653.5477	47370.6999	0.558962306	4.6256885e+13
7.86e-09	417.042895	-253.995149	18610.2876	49274.352	0.558921459	4.62659505e+13
7.87e-09	-783.664611	-1259.48442	17640.655	51101.8992	0.557967483	4.62724567e+13
7.88e-09	-959.625859	-230.786899	16649.6488	51090.491	0.557151335	4.6275336e+13
7.89e-09	-274.666493	932.189674	16516.1035	49829.1846	0.556671796	4.62758514e+13
7.9e-09	-125.194595	-1957.96613	15972.8434	48765.3145	0.556853546	4.62758998e+13
7.91e-09	-613.779948	-2568.78916	17293.6299	48524.2323	0.557397773	4.62771379e+13
7.92e-09	-387.331501	-2841.00498	16338.9019	50253.2948	0.557546714	4.62795203e+13
7.93e-09	100.259217	-3011.37298	16472.289	49154.0234	0.55731169	4.62812116e+13
7.94e-09	-347.557534	-3006.1614	16930.0373	47979.6071	0.557552802	4.62827684e+13
7.95e-09	263.245315	-804.143819	18005.5805	47913.2822	0.558018968	4.62854369e+13
7.96e-09	1787.53546	951.97265	16641.7645	48971.6272	0.558130466	4.62888698e+13
7.97e-09	1119.16155	-1257.62373	16647.5259	50585.7493	0.557811626	4.62916949e+13
7.98e-09	-310.969721	-1231.75305	15795.2474	52526.0054	0.556941924	4.62925437e+13
7.99e-09	360.899485	-705.148649	13535.4532	51877.7048	0.556126467	4.62901943e+13
8e-09	158.498824	836.993687	12868.5759	50815.6004	0.556182623	4.62870822e+13
8.01e-09	-899.424661	1945.12772	12163.3429	50339.9305	0.556595448	4.62849057e+13
8.02e-09	-337.223534	1287.0775	14027.5902	50486.5268	0.556690315	4.62840755e+13
8.03e-09	-401.908259	1685.88587	13363.6205	52857.1333	0.556407261	4.62830672e+13
8.04e-09	1858.57192	1364.04773	11514.7965	51047.7022	0.555912314	4.6280399e+13
8.05e-09	79.5760345	862.055281	12883.9339	50651.2943	0.55642837	4.62782162e+13
8.06e-09	-1716.13363	-641.263617	12310.814	51352.5109	0.556442488	4.62772841e+13
8.07e-09	-1732.86419	600.663237	10950.2858	49789.083	0.556559696	4.62762956e+13
8.08e-09	855.601388	-832.384348	10796.6724	50981.6144	0.557044436	4.62765381e+13
8.09e-09	462.177764	-1237.94557	10358.0995	49149.0751	0.557319174	4.62776614e+13
8.1e-09	-2064.10345	-2605.83091	8345.96106	48464.2449	0.558430927	4.62809615e+13
8.11e-09	-1751.1276	-1418.00028	8850.69964	49962.61	0.558947749	4.62867722e+13
8.12e-09	-2796.29698	-847.993979	8048.17125	51757.304	0.558795913	4.62927443e+13
8.13e-09	-3714.57648	-1666.8666	8168.72477	53133.6968	0.557973435	4.62964923e+13
8.14e-09	-3738.43536	-154.626067	8875.66053	51618.3723	0.557474235	4.62974175e+13
8.15e-09	-2413.38965	1455.96814	10549.6877	52400.8428	0.557052331	4.62974577e+13
8.16e-09	-1437.30808	1316.8597	11339.83	52085.3113	0.556683102	4.62958881e+13
8.17e-09	-342.101508	1506.92295	10970.339	53626.393	0.55601535	4.62930138e+13
8.18e-09	342.515961	3373.34643	11053.6454	52581.4994	0.555399678	4.62882372e+13
8.19e-09	385.769706	1925.79573	11175.5466	51396.5963	0.555264011	4.62826227e+13
8.2e-09	916.174684	787.131182	10178.1692	51984.1215	0.555627046	4.62780832e+13
8.21e-09	3468.93369	-280.488232	11837.8933	51250.3907	0.555849167	4.62748686e+13
8.22e-09	2844.09384	-231.671823	12214.8002	49189.0822	0.556685513	4.62732803e+13
8.23e-09	487.624018	118.80905	13036.1986	49947.1426	0.557399902	4.62744628e+13
8.24e-09	1094.72631	-902.957046	12564.6135	49411.9894	0.557512421	4.62768037e+13
8.25e-09	2470.98421	-168.614357	11752.0413	49095.0406	0.558158222	4.62800535e+13
8.26e-09	461.572048	172.393493	11189.563	48518.0999	0.559029632	4.62852065e+13
8.27e-09	801.445131	-693.263715	11250.9044	50238.9549	0.55913794	4.62920962e+13
8.28e-09	-431.478695	364.436128	10316.2696	51625.0994	0.558976103	4.6297961e+13
8.29e-09	-1144.65596	782.589713	10437.3348	51575.3595	0.558384823	4.63019326e+13
8.3e-09	-1465.34394	-14.2432356	11051.0742	52153.5533	0.557488254	4.63034566e+13
8.31e-09	-1421.55103	-89.2811069	12319.9953	53170.4427	0.556661309	4.63022473e+13
8.32e-09	-2026.71942	967.540794	10038.1908	53752.9562	0.555589912	4.62979789e+13
8.33e-09	-1261.65698	2034.03673	8941.78159	50166.0799	0.555809653	4.62922916e+13
8.34e-09	-1805.97741	3033.45182	9817.31469	50267.3636	0.556746182	4.62894217e+13
8.35e-09	-2388.79688	2551.13909	11019.0716	51216.5123	0.556928779	4.62887269e+13
8.36e-09	-1918.88201	2275.56905	10005.8857	50060.7681	0.557255519	4.62884591e+13
8.37e-09	-1688.64531	2193.72916	9464.21683	52802.2634	0.557082736	4.6289161e+13
8.38e-09	-833.582161	1692.07043	8406.68559	53946.622	0.555960972	4.62874819e+13
8.39e-09	-685.383603	1594.97868	8327.96883	55047.0492	0.554973688	4.62826616e+13
8.4e-09	-926.283393	1554.88832	8139.40541	54023.8389	0.55434482	4.62755755e+13
8.41e-09	1240.73677	633.510462	7658.78561	54588.3966	0.554223725	4.6268008e+13
8.42e-09	-785.490707	1661.16189	8894.59699	53661.0283	0.554018873	4.62608257e+13
8.43e-09	125.043249	530.516682	7471.21895	53350.1207	0.554053029	4.62538837e+13
8.44e-09	-2614.02169	501.232526	7811.71936	50542.2199	0.555015297	4.6248845e+13
8.45e-09	-1312.25323	98.6253513	8718.03401	50115.0046	0.556096961	4.62477335e+13
8.46e-09	-1271.41681	1047.92267	9687.7277	50264.2179	0.556984321	4.62498455e+13
8.47e-09	-2060.00267	1098.31851	9917.46766	51351.1476	0.557305446	4.6253837e+13
8.48e-09	-3083.602	1337.13225	10393.0567	49183.5908	0.557439602	4.62576551e+13
8.49e-09	-3121.46954	2002.86883	10339.691	48748.1803	0.558128992	4.62625357e+13
8.5e-09	-2084.62572	1279.93332	8605.12135	49123.8867	0.559189895	4.6269703e+13
8.51e-09	-1678.91106	2956.7391	9554.41613	52030.7247	0.558907425	4.62779449e+13
8.52e-09	-3430.81953	2444.80826	10877.232	53643.5614	0.557527793	4.62827259e+13
8.53e-09	-3690.03328	3571.16789	11490.4183	52195.2779	0.556493311	4.62828463e+13
8.54e-09	-767.071132	1707.86929	11985.7472	51261.8857	0.55656043	4.62813084e+13
8.55e-09	1048.40292	-697.377299	12143.5252	50285.923	0.556805742	4.62805573e+13
8.56e-09	1456.09137	-2253.55827	13289.3465	51515.2945	0.556730151	4.62805843e+13
8.57e-09	-243.97054	-3156.52677	13823.502	52761.8021	0.556188095	4.62794899e+13
8.58e-09	628.394634	-413.339274	15262.0562	51552.8525	0.555442731	4.62763513e+13
8.59e-09	156.78283	-500.739272	17392.2485	51253.1962	0.555155096	4.62720119e+13
8.6e-09	185.450585	-288.560168	17216.0396	51135.9792	0.554910276	4.62671264e+13
8.61e-09	-973.930099	1314.6591	16476.194	50333.0097	0.555180477	4.62626445e+13
8.62e-09	-384.568784	-664.226463	16145.0474	49415.294	0.555636874	4.62596219e+13
8.63e-09	987.987125	-357.124157	16976.6579	48208.7759	0.556092195	4.6258314e+13
8.64e-09	1463.14237	786.595548	17883.9499	47063.4667	0.55743368	4.62597857e+13
8.65e-09	369.439109	3357.45705	16650.7835	47885.5266	0.557931777	4.62643548e+13
8.66e-09	197.351816	5191.56915	16725.1405	47489.3384	0.558542917	4.62701859e+13
8.67e-09	896.603367	3824.50599	15883.0794	49084.0532	0.558880591	4.6277048e+13
8.68e-09	865.280412	2223.38544	16348.6795	50352.9953	0.55838725	4.62831248e+13
8.69e-09	-306.504287	618.306818	17374.3669	50040.2443	0.557924374	4.62869065e+13
8.7e-09	268.943341	-719.822978	18116.5997	48935.411	0.557922618	4.62893298e+13
8.71e-09	853.023622	-654.913307	18258.5565	49682.4106	0.557653322	4.62914289e+13
8.72e-09	1263.92904	-707.688347	17019.7296	51123.24	0.557137101	4.62922588e+13
8.73e-09	-607.239817	-1551.72606	17904.5716	52090.2319	0.556257877	4.6290815e+13
8.74e-09	-1677.86044	-235.719667	18926.447	50548.7955	0.555876905	4.62871741e+13
8.75e-09	257.208553	1742.83469	18056.586	50368.1272	0.555367566	4.62826837e+13
8.76e-09	236.631472	2417.03254	17598.2027	49307.9184	0.555646949	4.62781428e+13
8.77e-09	1501.08676	3075.89715	16865.9573	48676.8452	0.556124519	4.62751979e+13
8.78e-09	551.178877	2979.84968	17600.7335	49858.7985	0.55656603	4.62742289e+13
8.79e-09	967.794455	1567.54377	18136.727	51088.4758	0.556399352	4.62737662e+13
8.8e-09	-555.541445	2704.14858	18031.336	49276.0883	0.556117004	4.62722934e+13
8.81e-09	-406.614491	1459.94007	17744.6801	48991.3586	0.556221711	4.62708532e+13
8.82e-09	-835.628673	881.945959	17053.5343	49959.7832	0.556413956	4.62701723e+13
8.83e-09	-358.975597	-769.228471	17011.6303	51221.5409	0.556436218	4.62699072e+13
8.84e-09	-661.039614	-1227.71321	16917.8642	51916.0464	0.555664646	4.62685013e+13
8.85e-09	-649.151283	-1307.24291	15858.2954	50474.5774	0.555530876	4.62654188e+13
8.86e-09	-15.9861751	-1370.47283	16815.8303	52051.4908	0.555326114	4.62626456e+13
8.87e-09	-995.264296	-1564.89319	16266.7234	51655.4964	0.555088903	4.6259215e+13
8.88e-09	211.486356	-2073.06587	15292.025	49563.5439	0.555289458	4.62557893e+13
8.89e-09	289.727065	-2118.14867	15602.5345	49987.6505	0.555895607	4.62542605e+13
8.9e-09	887.06399	-1250.15636	13449.75	50208.1309	0.556183824	4.62541918e+13
8.91e-09	1665.08382	69.9125464	12706.0107	51846.4044	0.556524156	4.62552414e+13
8.92e-09	1925.11185	1093.07918	10458.4719	51213.1747	0.556613956	4.62564404e+13
8.93e-09	3193.82309	2829.74504	9118.87356	52204.2062	0.556767277	4.6258275e+13
8.94e-09	3102.24136	1325.87616	9135.17151	52489.0715	0.556643911	4.62599037e+13
8.95e-09	3177.62278	1541.38417	9453.57791	52028.6462	0.556420406	4.62607682e+13
8.96e-09	650.599328	1468.00167	8700.15278	52245.0201	0.556437191	4.62612623e+13
8.97e-09	111.41211	376.660885	8936.09082	51731.1028	0.556542782	4.62618476e+13
8.98e-09	71.2890165	-1516.25468	11837.7327	51554.2856	0.556644356	4.62629434e+13
8.99e-09	873.482665	1384.24561	12831.3524	49366.2226	0.556934457	4.62641297e+13
9e-09	1964.35099	1867.83761	14299.3773	50113.2614	0.557131777	4.62664675e+13
9.01e-09	1433.14726	810.72233	13200.5708	50860.0378	0.557089456	4.62686189e+13
9.02e-09	1732.54232	2112.65277	14259.2056	50056.6153	0.556969846	4.62702623e+13
9.03e-09	1754.30395	2697.789	14596.4359	50327.9188	0.557017237	4.62718044e+13
9.04e-09	542.459565	1733.61105	13634.8464	50558.3144	0.556631075	4.62725349e+13
9.05e-09	-807.828807	1634.96002	14353.6818	50788.3838	0.556567299	4.62727062e+13
9.06e-09	-424.084083	1890.65495	14308.9032	49769.5581	0.556679881	4.62725e+13
9.07e-09	146.793931	737.022554	14360.0723	49900.158	0.557240371	4.62735546e+13
9.08e-09	-178.243107	1259.5216	12607.3874	50088.4668	0.557402452	4.627556e+13
9.09e-09	-960.81785	650.095783	12328.8597	51580.2177	0.557410976	4.62777993e+13
9.1e-09	-429.481677	1233.33078	12273.197	51091.7275	0.557156682	4.62792842e+13
9.11e-09	96.9264751	1502.08013	11953.8938	50811.8667	0.556808896	4.62799203e+13
9.12e-09	-494.737655	1051.35654	11772.5953	52970.7095	0.556387013	4.6279474e+13
9.13e-09	344.608332	681.398154	10311.2473	52465.8425	0.555859489	4.62771412e+13
9.14e-09	-321.937074	807.945525	10174.013	52189.1051	0.555894084	4.62744229e+13
9.15e-09	61.7752114	-52.490461	10667.2139	51563.4353	0.556017236	4.62721758e+13
9.16e-09	-82.3645768	1095.4917	9439.0392	49865.1417	0.55669753	4.62709728e+13
9.17e-09	-347.546086	-1441.05114	9017.28019	49819.8119	0.557446648	4.62725124e+13
9.18e-09	-1391.31746	-982.433701	8600.58818	50544.7535	0.558020328	4.62760698e+13
9.19e-09	-1574.2278	-1189.25871	8585.55517	52009.4903	0.558025668	4.62802653e+13
9.2e-09	-82.1862262	-1341.2583	7712.04278	51209.6991	0.557827208	4.62834419e+13
9.21e-09	607.583	-684.076482	7343.4809	53905.0405	0.557347301	4.6285791e+13
9.22e-09	692.732093	-1256.01797	7371.27779	53565.4422	0.556590473	4.62856142e+13
9.23e-09	1254.43941	-814.361898	7101.94042	53294.1959	0.555873458	4.62831339e+13
9.24e-09	145.774857	-6.86395149	8877.81757	53655.1154	0.555524524	4.62793132e+13
9.25e-09	114.822651	526.609878	9114.74259	52980.6264	0.555014281	4.6274434e+13
9.26e-09	-442.416394	-166.009776	8103.55794	52457.0158	0.555336631	4.6269653e+13
9.27e-09	599.609602	-617.60975	9470.99069	54119.4259	0.555242829	4.62659692e+13
9.28e-09	606.568711	2332.63852	11102.9736	54091.4217	0.554526654	4.62614006e+13
9.29e-09	272.704199	1529.17513	11118.7137	51632.4708	0.554582289	4.62556803e+13
9.3e-09	564.16589	1266.24328	9465.67892	48430.0743	0.555740191	4.62521577e+13
9.31e-09	760.603195	1773.3863	10716.9219	49114.8001	0.557461891	4.62539831e+13
9.32e-09	121.041662	-474.703575	9899.98171	51567.2118	0.557768118	4.62590956e+13
9.33e-09	-1161.5019	-1081.61094	11357.8703	52639.3619	0.557201624	4.62631755e+13
9.34e-09	-982.685554	-1321.80956	10290.8104	51018.5492	0.556886293	4.6265189e+13
9.35e-09	-1444.07698	-584.630138	10656.4859	50617.102	0.557138568	4.62669644e+13
9.36e-09	-952.79911	634.495801	11560.8525	50553.5003	0.557033024	4.62689963e+13
9.37e-09	-951.585697	372.444409	10987.1948	50195.8086	0.55755695	4.62713262e+13
9.38e-09	190.606915	41.0100192	12200.4442	49191.4548	0.557970166	4.62748238e+13
9.39e-09	272.130015	237.516771	12893.1991	50933.2703	0.557954458	4.62790122e+13
9.4e-09	-54.5862436	-1024.2958	15012.0027	51905.1857	0.557376816	4.62819488e+13
9.41e-09	-1014.52006	-1248.71124	14220.0634	50083.4412	0.556725308	4.6282252e+13
9.42e-09	-1465.51802	-3.43916171	16227.9669	50879.0791	0.556656532	4.62818483e+13
9.43e-09	1924.62939	-631.992623	16359.0469	51106.2686	0.556115751	4.62804279e+13
9.44e-09	-29.2479678	465.943672	15944.1423	49747.305	0.556159932	4.62779625e+13
9.45e-09	1935.67047	620.619748	16520.4806	50635.0049	0.556292801	4.62763237e+13
9.46e-09	1256.99125	968.774414	17703.125	51624.6576	0.556059662	4.62747535e+13
9.47e-09	-1013.83664	1400.27711	18231.5871	50820.6381	0.555604769	4.62719456e+13
9.48e-09	-53.6143142	1399.83757	17329.4027	49575.0879	0.555739399	4.6268872e+13
9.49e-09	-12.0168357	1615.44666	18759.0369	47947.8911	0.55624964	4.62671757e+13
9.5e-09	-895.919784	2127.2975	17175.6221	46251.6191	0.557454157	4.62680103e+13
9.51e-09	304.271079	1905.99685	17908.8032	46960.2592	0.558888739	4.62733208e+13
9.52e-09	1449.71488	1127.18854	18914.5378	46444.9975	0.559403737	4.6281114e+13
9.53e-09	1947.73471	910.73563	19580.1794	47474.4338	0.559466511	4.62891895e+13
9.54e-09	1956.2547	537.460661	20158.2473	47193.8537	0.559387529	4.62962531e+13
9.55e-09	431.068276	725.856475	22567.5464	47574.7229	0.55898377	4.63021986e+13
9.56e-09	-1160.51968	424.478403	23680.9646	48686.9466	0.558086493	4.63055923e+13
9.57e-09	-1533.77635	-899.341057	21950.101	50403.2893	0.556929729	4.6305375e+13
9.58e-09	-394.476331	-1798.89273	19616.609	50073.5586	0.556389178	4.63023765e+13
9.59e-09	220.093982	-1774.19397	22041.6063	50735.8971	0.555540678	4.62978099e+13
9.6e-09	-593.013312	-989.773995	20608.2948	50446.0947	0.554830234	4.62909176e+13
9.61e-09	-178.447898	1388.47568	18968.5314	50305.7408	0.554669338	4.62833743e+13
9.62e-09	-699.554786	374.876477	18670.3161	49177.3644	0.555228233	4.62767751e+13
9.63e-09	-1145.34771	761.960136	19347.5477	51415.2716	0.555044326	4.62720951e+13
9.64e-09	-1210.59443	-189.508018	17783.1596	53296.1112	0.554134526	4.62660733e+13
9.65e-09	-913.962045	-238.588138	18909.8586	52051.3214	0.553321163	4.62577278e+13
9.66e-09	-1397.39947	-681.480451	18501.3634	51535.6932	0.553093826	4.62484873e+13
9.67e-09	-1147.9757	-1708.50479	18517.023	49651.073	0.553548167	4.62402194e+13
9.68e-09	-27.5383223	-1823.07786	16160.9	48701.0286	0.554626447	4.62352024e+13
9.69e-09	1144.40855	-754.53369	16404.4379	49668.0339	0.555408812	4.62339466e+13
9.7e-09	592.149943	-301.179232	15745.2583	48932.009	0.555966469	4.62345668e+13
9.71e-09	-1530.93975	-39.1752641	15527.4158	49459.5416	0.556615615	4.62370257e+13
9.72e-09	-1982.44236	-720.458209	15603.9636	50102.9644	0.55673355	4.62405639e+13
9.73e-09	-3072.23917	-1001.33307	13848.4279	49536.6621	0.556990312	4.62441027e+13
9.74e-09	-1874.37097	-1591.26618	12372.1689	50541.1935	0.557212176	4.62482137e+13
9.75e-09	-262.942767	-590.181249	11542.5104	52105.239	0.556963324	4.62521883e+13
9.76e-09	-2869.18225	-614.338995	12381.9993	52976.8359	0.55628703	4.6254223e+13
9.77e-09	-2664.49532	-871.029513	11398.044	52881.8963	0.555611951	4.6253898e+13
9.78e-09	-2851.29071	-2233.15172	11497.3029	52855.5709	0.555298623	4.62521639e+13
9.79e-09	-2243.83685	-1616.33869	10503.8657	52152.6407	0.555212446	4.62497984e+13
9.8e-09	-2817.51784	-2034.91992	12130.0837	51757.6458	0.555380185	4.6247779e+13
9.81e-09	-1071.85288	-1088.32364	14686.2901	50888.4103	0.555707226	4.62467833e+13
9.82e-09	-516.229402	-590.287875	15700.7406	51973.9763	0.555514478	4.62463057e+13
9.83e-09	97.451811	-1108.09216	14901.6434	52027.1171	0.554978995	4.6244598e+13
9.84e-09	1300.30155	-1711.29445	13769.9796	52234.0155	0.5547278	4.6241809e+13
9.85e-09	1826.2449	-1857.44198	13927.5093	50689.0032	0.554978119	4.62389715e+13
9.86e-09	3880.64685	-2.58599459	16384.0112	52183.2652	0.555049832	4.62374642e+13
9.87e-09	2451.27704	-1708.43629	17543.4462	50614.1445	0.554868856	4.62354725e+13
9.88e-09	1793.57695	-1415.61413	17255.6721	49136.125	0.555321619	4.62339574e+13
9.89e-09	1905.83227	-1577.48854	17395.9899	48624.6693	0.555882245	4.62343531e+13
9.9e-09	1802.68105	-1780.26608	15104.7707	48356.6322	0.556719462	4.62368368e+13
9.91e-09	1385.37098	-803.232366	15928.5918	48513.0672	0.557514516	4.62418642e+13
9.92e-09	1516.2247	-1073.69798	16172.0126	50071.3178	0.557637862	4.62477823e+13
9.93e-09	370.367723	-340.682666	14876.7132	49943.5989	0.557504192	4.62529795e+13
9.94e-09	-396.77641	-349.284433	13908.7373	51847.624	0.557121753	4.6257143e+13
9.95e-09	-863.839918	360.530014	13206.9478	52404.5253	0.556315249	4.62589067e+13
9.96e-09	-745.396188	-926.265213	12636.3048	51154.3321	0.556099419	4.62586746e+13
9.97e-09	-669.66584	-358.669669	12504.1054	51655.7379	0.556180345	4.62584955e+13
9.98e-09	-1449.17543	1380.15248	12224.3145	51617.8785	0.556151406	4.62583755e+13
9.99e-09	-715.093563	940.169154	12427.1604	52458.7946	0.556064762	4.62582537e+13
1e-08	-2026.61126	2222.38673	12620.0469	51881.8179	0.555625343	4.62571558e+13
