# Frequency [GHz] 	Fouriercomponent
-4.99967	 0.56469
-4.99633	 0.662854
-4.993	 0.653233
-4.98967	 0.66671
-4.98633	 0.48273
-4.983	 0.525696
-4.97967	 0.591501
-4.97633	 0.446097
-4.973	 0.62465
-4.96967	 0.5727
-4.96634	 0.665427
-4.963	 0.567299
-4.95967	 0.687487
-4.95634	 0.645484
-4.953	 0.573918
-4.94967	 0.506731
-4.94634	 0.641328
-4.943	 0.693284
-4.93967	 0.697656
-4.93634	 0.485642
-4.933	 0.658317
-4.92967	 0.549156
-4.92634	 0.704223
-4.92301	 0.67371
-4.91967	 0.502371
-4.91634	 0.573813
-4.91301	 0.475776
-4.90967	 0.666502
-4.90634	 0.597427
-4.90301	 0.645296
-4.89967	 0.584883
-4.89634	 0.576083
-4.89301	 0.673037
-4.88967	 0.619826
-4.88634	 0.516255
-4.88301	 0.458418
-4.87967	 0.625951
-4.87634	 0.72869
-4.87301	 0.549605
-4.86968	 0.483941
-4.86634	 0.656645
-4.86301	 0.466311
-4.85968	 0.580693
-4.85634	 0.437798
-4.85301	 0.546783
-4.84968	 0.595106
-4.84634	 0.508753
-4.84301	 0.563621
-4.83968	 0.517163
-4.83634	 0.612882
-4.83301	 0.453296
-4.82968	 0.540005
-4.82634	 0.482668
-4.82301	 0.456281
-4.81968	 0.610838
-4.81635	 0.497522
-4.81301	 0.682828
-4.80968	 0.703001
-4.80635	 0.66516
-4.80301	 0.609843
-4.79968	 0.45315
-4.79635	 0.674887
-4.79301	 0.784192
-4.78968	 0.506455
-4.78635	 0.69026
-4.78301	 0.530353
-4.77968	 0.459946
-4.77635	 0.652034
-4.77302	 0.614092
-4.76968	 0.720582
-4.76635	 0.597363
-4.76302	 0.556619
-4.75968	 0.568427
-4.75635	 0.403319
-4.75302	 0.649883
-4.74968	 0.629517
-4.74635	 0.70433
-4.74302	 0.510986
-4.73968	 0.753746
-4.73635	 0.649729
-4.73302	 0.410778
-4.72968	 0.524468
-4.72635	 0.467835
-4.72302	 0.680153
-4.71969	 0.604916
-4.71635	 0.543401
-4.71302	 0.600722
-4.70969	 0.616145
-4.70635	 0.615199
-4.70302	 0.461874
-4.69969	 0.565645
-4.69635	 0.617794
-4.69302	 0.618253
-4.68969	 0.549579
-4.68635	 0.529104
-4.68302	 0.579045
-4.67969	 0.515041
-4.67635	 0.662177
-4.67302	 0.483763
-4.66969	 0.638464
-4.66636	 0.521198
-4.66302	 0.538809
-4.65969	 0.501703
-4.65636	 0.481961
-4.65302	 0.486023
-4.64969	 0.50692
-4.64636	 0.54094
-4.64302	 0.516306
-4.63969	 0.680543
-4.63636	 0.613112
-4.63302	 0.568346
-4.62969	 0.469369
-4.62636	 0.658831
-4.62303	 0.696043
-4.61969	 0.575948
-4.61636	 0.565525
-4.61303	 0.546043
-4.60969	 0.576078
-4.60636	 0.535893
-4.60303	 0.5527
-4.59969	 0.467093
-4.59636	 0.644211
-4.59303	 0.655049
-4.58969	 0.507416
-4.58636	 0.570925
-4.58303	 0.507048
-4.57969	 0.732495
-4.57636	 0.656397
-4.57303	 0.647498
-4.5697	 0.618052
-4.56636	 0.477255
-4.56303	 0.716596
-4.5597	 0.59723
-4.55636	 0.618335
-4.55303	 0.615001
-4.5497	 0.692038
-4.54636	 0.436389
-4.54303	 0.632612
-4.5397	 0.485596
-4.53636	 0.604773
-4.53303	 0.48575
-4.5297	 0.790942
-4.52636	 0.520188
-4.52303	 0.535335
-4.5197	 0.769656
-4.51637	 0.553277
-4.51303	 0.565275
-4.5097	 0.540368
-4.50637	 0.518486
-4.50303	 0.605845
-4.4997	 0.702575
-4.49637	 0.583927
-4.49303	 0.559308
-4.4897	 0.639393
-4.48637	 0.667691
-4.48303	 0.473919
-4.4797	 0.865862
-4.47637	 0.531976
-4.47304	 0.614891
-4.4697	 0.607388
-4.46637	 0.688425
-4.46304	 0.682371
-4.4597	 0.680408
-4.45637	 0.615525
-4.45304	 0.524357
-4.4497	 0.682445
-4.44637	 0.607046
-4.44304	 0.656001
-4.4397	 0.601399
-4.43637	 0.566266
-4.43304	 0.539427
-4.4297	 0.523964
-4.42637	 0.534134
-4.42304	 0.671496
-4.41971	 0.521272
-4.41637	 0.632669
-4.41304	 0.56266
-4.40971	 0.695445
-4.40637	 0.561206
-4.40304	 0.48802
-4.39971	 0.672165
-4.39637	 0.61717
-4.39304	 0.824983
-4.38971	 0.588062
-4.38637	 0.510382
-4.38304	 0.641042
-4.37971	 0.608856
-4.37637	 0.623608
-4.37304	 0.656628
-4.36971	 0.506656
-4.36638	 0.532389
-4.36304	 0.647465
-4.35971	 0.690103
-4.35638	 0.505747
-4.35304	 0.678204
-4.34971	 0.554151
-4.34638	 0.465749
-4.34304	 0.631609
-4.33971	 0.691727
-4.33638	 0.557084
-4.33304	 0.465595
-4.32971	 0.69452
-4.32638	 0.69358
-4.32305	 0.675047
-4.31971	 0.717227
-4.31638	 0.61045
-4.31305	 0.607774
-4.30971	 0.619677
-4.30638	 0.467802
-4.30305	 0.688818
-4.29971	 0.653636
-4.29638	 0.635107
-4.29305	 0.688073
-4.28971	 0.508341
-4.28638	 0.582811
-4.28305	 0.611764
-4.27971	 0.537669
-4.27638	 0.679955
-4.27305	 0.562118
-4.26972	 0.61628
-4.26638	 0.582171
-4.26305	 0.703813
-4.25972	 0.607884
-4.25638	 0.590449
-4.25305	 0.739286
-4.24972	 0.614971
-4.24638	 0.481453
-4.24305	 0.696951
-4.23972	 0.773752
-4.23638	 0.489222
-4.23305	 0.674542
-4.22972	 0.563736
-4.22638	 0.629545
-4.22305	 0.733879
-4.21972	 0.709946
-4.21639	 0.497592
-4.21305	 0.533462
-4.20972	 0.506861
-4.20639	 0.646344
-4.20305	 0.63094
-4.19972	 0.594102
-4.19639	 0.610094
-4.19305	 0.619377
-4.18972	 0.484096
-4.18639	 0.607616
-4.18305	 0.710024
-4.17972	 0.702148
-4.17639	 0.56595
-4.17306	 0.620174
-4.16972	 0.535102
-4.16639	 0.543842
-4.16306	 0.452958
-4.15972	 0.592984
-4.15639	 0.600691
-4.15306	 0.56606
-4.14972	 0.677958
-4.14639	 0.572064
-4.14306	 0.574616
-4.13972	 0.589947
-4.13639	 0.701575
-4.13306	 0.625807
-4.12972	 0.652029
-4.12639	 0.68728
-4.12306	 0.703603
-4.11973	 0.586764
-4.11639	 0.606105
-4.11306	 0.540376
-4.10973	 0.510613
-4.10639	 0.563238
-4.10306	 0.510806
-4.09973	 0.605257
-4.09639	 0.725293
-4.09306	 0.584179
-4.08973	 0.507115
-4.08639	 0.615797
-4.08306	 0.479312
-4.07973	 0.474329
-4.07639	 0.490216
-4.07306	 0.654639
-4.06973	 0.675522
-4.0664	 0.755692
-4.06306	 0.684495
-4.05973	 0.629385
-4.0564	 0.541384
-4.05306	 0.722069
-4.04973	 0.593722
-4.0464	 0.653127
-4.04306	 0.613614
-4.03973	 0.559391
-4.0364	 0.768564
-4.03306	 0.446347
-4.02973	 0.55901
-4.0264	 0.637346
-4.02307	 0.642333
-4.01973	 0.552628
-4.0164	 0.604278
-4.01307	 0.590484
-4.00973	 0.725492
-4.0064	 0.593982
-4.00307	 0.749288
-3.99973	 0.555604
-3.9964	 0.589552
-3.99307	 0.757058
-3.98973	 0.511668
-3.9864	 0.64203
-3.98307	 0.632267
-3.97973	 0.594272
-3.9764	 0.561828
-3.97307	 0.760237
-3.96974	 0.597704
-3.9664	 0.413225
-3.96307	 0.668103
-3.95974	 0.552959
-3.9564	 0.585514
-3.95307	 0.59345
-3.94974	 0.691521
-3.9464	 0.564722
-3.94307	 0.558064
-3.93974	 0.684107
-3.9364	 0.554637
-3.93307	 0.625827
-3.92974	 0.539292
-3.9264	 0.695335
-3.92307	 0.6804
-3.91974	 0.614422
-3.91641	 0.900489
-3.91307	 0.705509
-3.90974	 0.577773
-3.90641	 0.67769
-3.90307	 0.754922
-3.89974	 0.578613
-3.89641	 0.557008
-3.89307	 0.676106
-3.88974	 0.645815
-3.88641	 0.63403
-3.88307	 0.755048
-3.87974	 0.699142
-3.87641	 0.761631
-3.87308	 0.604503
-3.86974	 0.688117
-3.86641	 0.690899
-3.86308	 0.581012
-3.85974	 0.724764
-3.85641	 0.736623
-3.85308	 0.503618
-3.84974	 0.687296
-3.84641	 0.672003
-3.84308	 0.649779
-3.83974	 0.539255
-3.83641	 0.736149
-3.83308	 0.655602
-3.82974	 0.649561
-3.82641	 0.731551
-3.82308	 0.565222
-3.81975	 0.699731
-3.81641	 0.635223
-3.81308	 0.682181
-3.80975	 0.54574
-3.80641	 0.576609
-3.80308	 0.563121
-3.79975	 0.539199
-3.79641	 0.579964
-3.79308	 0.825452
-3.78975	 0.780593
-3.78641	 0.65691
-3.78308	 0.705052
-3.77975	 0.812726
-3.77641	 0.896694
-3.77308	 0.688194
-3.76975	 0.641713
-3.76642	 0.638023
-3.76308	 0.698645
-3.75975	 0.73202
-3.75642	 0.618714
-3.75308	 0.58815
-3.74975	 0.71035
-3.74642	 0.58709
-3.74308	 0.732808
-3.73975	 0.664781
-3.73642	 0.748706
-3.73308	 0.660942
-3.72975	 0.701792
-3.72642	 0.698533
-3.72309	 0.83066
-3.71975	 0.532647
-3.71642	 0.679835
-3.71309	 0.509113
-3.70975	 0.649164
-3.70642	 0.746439
-3.70309	 0.683169
-3.69975	 0.657446
-3.69642	 0.775878
-3.69309	 0.585674
-3.68975	 0.57939
-3.68642	 0.544024
-3.68309	 0.777061
-3.67975	 0.585222
-3.67642	 0.634149
-3.67309	 0.589552
-3.66976	 0.504275
-3.66642	 0.714842
-3.66309	 0.656701
-3.65976	 0.617453
-3.65642	 0.674544
-3.65309	 0.77409
-3.64976	 0.693291
-3.64642	 0.740458
-3.64309	 0.493831
-3.63976	 0.639658
-3.63642	 0.688138
-3.63309	 0.677788
-3.62976	 0.690796
-3.62642	 0.731822
-3.62309	 0.691168
-3.61976	 0.684386
-3.61643	 0.668166
-3.61309	 0.663229
-3.60976	 0.662273
-3.60643	 0.688369
-3.60309	 0.671019
-3.59976	 0.663389
-3.59643	 0.522615
-3.59309	 0.606028
-3.58976	 0.726562
-3.58643	 0.62831
-3.58309	 0.655067
-3.57976	 0.621317
-3.57643	 0.694486
-3.5731	 0.812879
-3.56976	 0.638106
-3.56643	 0.755419
-3.5631	 0.666964
-3.55976	 0.619142
-3.55643	 0.669104
-3.5531	 0.70999
-3.54976	 0.65842
-3.54643	 0.568811
-3.5431	 0.587688
-3.53976	 0.66937
-3.53643	 0.847305
-3.5331	 0.711096
-3.52976	 0.724811
-3.52643	 0.48307
-3.5231	 0.621242
-3.51977	 0.635954
-3.51643	 0.744472
-3.5131	 0.677483
-3.50977	 0.858745
-3.50643	 0.699651
-3.5031	 0.86241
-3.49977	 0.631057
-3.49643	 0.68464
-3.4931	 0.60498
-3.48977	 0.66024
-3.48643	 0.825807
-3.4831	 0.648123
-3.47977	 0.600884
-3.47643	 0.733051
-3.4731	 0.697904
-3.46977	 0.669159
-3.46644	 0.610892
-3.4631	 0.688043
-3.45977	 0.760495
-3.45644	 0.647416
-3.4531	 0.790201
-3.44977	 0.777156
-3.44644	 0.79271
-3.4431	 0.671419
-3.43977	 0.658447
-3.43644	 0.744211
-3.4331	 0.68339
-3.42977	 0.71925
-3.42644	 0.752963
-3.42311	 0.555503
-3.41977	 0.652145
-3.41644	 0.67983
-3.41311	 0.639428
-3.40977	 0.724161
-3.40644	 0.702853
-3.40311	 0.631257
-3.39977	 0.648496
-3.39644	 0.709007
-3.39311	 0.71386
-3.38977	 0.688676
-3.38644	 0.674996
-3.38311	 0.690551
-3.37977	 0.796051
-3.37644	 0.662005
-3.37311	 0.663808
-3.36978	 0.507947
-3.36644	 0.70301
-3.36311	 0.714468
-3.35978	 0.763407
-3.35644	 0.51591
-3.35311	 0.704728
-3.34978	 0.687081
-3.34644	 0.584502
-3.34311	 0.587109
-3.33978	 0.815109
-3.33644	 0.811416
-3.33311	 0.846909
-3.32978	 0.505171
-3.32644	 0.67256
-3.32311	 0.65552
-3.31978	 0.68002
-3.31645	 0.599528
-3.31311	 0.92453
-3.30978	 0.741272
-3.30645	 0.530955
-3.30311	 0.755905
-3.29978	 0.815354
-3.29645	 0.51552
-3.29311	 0.776688
-3.28978	 0.81528
-3.28645	 0.703277
-3.28311	 0.695355
-3.27978	 0.843258
-3.27645	 0.743958
-3.27312	 0.830224
-3.26978	 0.68267
-3.26645	 0.653243
-3.26312	 0.737049
-3.25978	 0.575999
-3.25645	 0.757809
-3.25312	 0.865638
-3.24978	 0.888957
-3.24645	 0.753781
-3.24312	 0.822479
-3.23978	 0.70156
-3.23645	 0.716204
-3.23312	 0.635399
-3.22978	 0.881639
-3.22645	 0.73232
-3.22312	 0.631312
-3.21979	 0.734744
-3.21645	 0.809896
-3.21312	 0.705696
-3.20979	 0.615377
-3.20645	 0.72034
-3.20312	 0.770598
-3.19979	 0.568641
-3.19645	 0.72794
-3.19312	 0.715686
-3.18979	 0.609027
-3.18645	 0.68425
-3.18312	 0.732396
-3.17979	 0.725094
-3.17645	 0.898068
-3.17312	 0.71609
-3.16979	 0.813916
-3.16646	 0.831239
-3.16312	 0.703465
-3.15979	 0.599513
-3.15646	 0.755416
-3.15312	 0.663365
-3.14979	 0.826459
-3.14646	 0.778895
-3.14312	 0.751216
-3.13979	 0.745591
-3.13646	 0.405832
-3.13312	 0.715585
-3.12979	 0.660186
-3.12646	 0.696632
-3.12313	 0.641436
-3.11979	 0.559002
-3.11646	 0.689051
-3.11313	 0.798212
-3.10979	 0.851824
-3.10646	 0.704599
-3.10313	 0.685874
-3.09979	 0.922459
-3.09646	 0.759898
-3.09313	 0.919118
-3.08979	 0.761619
-3.08646	 0.768413
-3.08313	 0.831629
-3.07979	 0.670411
-3.07646	 0.712596
-3.07313	 0.63449
-3.0698	 0.586384
-3.06646	 0.74123
-3.06313	 0.827011
-3.0598	 0.654771
-3.05646	 0.678753
-3.05313	 0.721637
-3.0498	 0.735268
-3.04646	 0.714289
-3.04313	 0.831952
-3.0398	 0.648531
-3.03646	 0.662942
-3.03313	 0.696666
-3.0298	 0.684428
-3.02646	 0.729102
-3.02313	 0.767675
-3.0198	 0.805925
-3.01647	 0.852139
-3.01313	 0.647948
-3.0098	 0.714952
-3.00647	 0.865673
-3.00313	 0.792332
-2.9998	 0.877846
-2.99647	 0.68684
-2.99313	 0.652555
-2.9898	 0.759063
-2.98647	 0.855124
-2.98313	 0.831546
-2.9798	 0.722446
-2.97647	 0.613511
-2.97314	 0.875689
-2.9698	 0.803043
-2.96647	 0.779231
-2.96314	 0.689051
-2.9598	 0.64272
-2.95647	 0.97799
-2.95314	 0.837827
-2.9498	 0.874685
-2.94647	 0.772667
-2.94314	 0.727373
-2.9398	 0.878852
-2.93647	 0.755512
-2.93314	 0.84567
-2.9298	 0.760061
-2.92647	 0.803697
-2.92314	 0.711278
-2.91981	 0.957143
-2.91647	 0.766554
-2.91314	 0.768638
-2.90981	 0.541427
-2.90647	 0.714403
-2.90314	 0.680967
-2.89981	 0.846753
-2.89647	 0.79072
-2.89314	 0.664608
-2.88981	 0.737335
-2.88647	 0.843957
-2.88314	 0.761591
-2.87981	 0.806346
-2.87647	 0.657064
-2.87314	 0.77966
-2.86981	 0.591719
-2.86648	 0.703178
-2.86314	 0.631729
-2.85981	 0.831046
-2.85648	 0.602292
-2.85314	 0.843139
-2.84981	 0.672202
-2.84648	 0.670575
-2.84314	 0.815114
-2.83981	 0.544202
-2.83648	 0.736528
-2.83314	 0.704116
-2.82981	 0.795397
-2.82648	 0.875762
-2.82315	 0.885902
-2.81981	 0.727327
-2.81648	 0.934973
-2.81315	 0.894801
-2.80981	 0.75847
-2.80648	 0.730098
-2.80315	 0.80542
-2.79981	 0.891328
-2.79648	 0.827522
-2.79315	 0.753945
-2.78981	 0.664132
-2.78648	 0.862229
-2.78315	 0.736858
-2.77981	 0.856012
-2.77648	 0.821484
-2.77315	 0.776039
-2.76982	 0.665168
-2.76648	 0.867852
-2.76315	 0.704375
-2.75982	 0.782777
-2.75648	 0.860866
-2.75315	 0.686015
-2.74982	 0.755561
-2.74648	 0.850972
-2.74315	 0.786136
-2.73982	 0.856521
-2.73648	 0.63141
-2.73315	 0.665321
-2.72982	 0.798621
-2.72648	 0.68077
-2.72315	 0.855714
-2.71982	 0.777675
-2.71649	 0.675147
-2.71315	 0.613778
-2.70982	 1.00447
-2.70649	 0.809561
-2.70315	 0.713914
-2.69982	 0.683113
-2.69649	 0.559258
-2.69315	 0.710607
-2.68982	 0.959486
-2.68649	 0.86481
-2.68315	 0.84652
-2.67982	 0.640429
-2.67649	 0.724377
-2.67316	 0.852895
-2.66982	 0.762649
-2.66649	 0.855751
-2.66316	 0.770457
-2.65982	 0.873411
-2.65649	 0.730413
-2.65316	 0.786448
-2.64982	 0.66557
-2.64649	 0.816348
-2.64316	 0.819802
-2.63982	 0.824437
-2.63649	 0.715295
-2.63316	 1.00383
-2.62982	 0.62294
-2.62649	 0.736286
-2.62316	 0.867443
-2.61983	 0.747611
-2.61649	 0.781497
-2.61316	 0.741153
-2.60983	 0.774401
-2.60649	 0.600889
-2.60316	 0.69673
-2.59983	 0.713914
-2.59649	 0.82803
-2.59316	 0.706963
-2.58983	 0.712815
-2.58649	 0.77998
-2.58316	 0.965596
-2.57983	 0.776724
-2.57649	 0.666396
-2.57316	 0.93534
-2.56983	 0.808696
-2.5665	 0.67347
-2.56316	 0.699172
-2.55983	 0.871827
-2.5565	 0.767547
-2.55316	 0.864902
-2.54983	 0.640356
-2.5465	 0.708278
-2.54316	 0.627381
-2.53983	 0.76383
-2.5365	 0.796688
-2.53316	 0.693262
-2.52983	 0.761778
-2.5265	 0.954468
-2.52317	 0.944811
-2.51983	 0.788712
-2.5165	 0.826228
-2.51317	 0.722681
-2.50983	 0.764167
-2.5065	 0.81174
-2.50317	 0.788302
-2.49983	 0.716289
-2.4965	 0.825286
-2.49317	 0.712501
-2.48983	 0.864167
-2.4865	 0.718651
-2.48317	 0.783028
-2.47983	 0.822789
-2.4765	 0.812067
-2.47317	 0.811526
-2.46984	 0.839049
-2.4665	 0.750465
-2.46317	 0.788945
-2.45984	 0.680889
-2.4565	 0.720505
-2.45317	 0.697205
-2.44984	 0.732304
-2.4465	 0.884039
-2.44317	 1.02094
-2.43984	 0.855963
-2.4365	 0.69296
-2.43317	 0.618046
-2.42984	 0.791665
-2.4265	 0.786868
-2.42317	 0.840728
-2.41984	 0.815916
-2.41651	 0.737213
-2.41317	 0.862509
-2.40984	 0.817548
-2.40651	 0.767139
-2.40317	 0.767597
-2.39984	 0.911883
-2.39651	 0.832007
-2.39317	 0.781016
-2.38984	 1.01005
-2.38651	 1.00492
-2.38317	 0.757649
-2.37984	 0.809476
-2.37651	 0.904841
-2.37318	 0.881785
-2.36984	 0.864205
-2.36651	 0.855063
-2.36318	 0.761376
-2.35984	 0.812279
-2.35651	 0.878743
-2.35318	 0.776662
-2.34984	 0.818885
-2.34651	 0.964076
-2.34318	 0.8221
-2.33984	 0.735712
-2.33651	 0.931876
-2.33318	 0.839094
-2.32984	 0.851175
-2.32651	 0.889003
-2.32318	 0.690863
-2.31985	 0.759979
-2.31651	 0.853029
-2.31318	 0.692474
-2.30985	 0.924865
-2.30651	 0.838695
-2.30318	 0.777426
-2.29985	 0.864014
-2.29651	 0.965607
-2.29318	 0.859545
-2.28985	 0.938505
-2.28651	 0.721188
-2.28318	 0.824136
-2.27985	 0.867463
-2.27651	 0.919593
-2.27318	 0.821818
-2.26985	 0.794516
-2.26652	 0.992755
-2.26318	 0.671043
-2.25985	 0.846919
-2.25652	 0.742888
-2.25318	 0.876116
-2.24985	 0.740188
-2.24652	 0.870317
-2.24318	 0.981977
-2.23985	 0.760865
-2.23652	 0.859471
-2.23318	 0.682937
-2.22985	 0.786374
-2.22652	 0.807184
-2.22319	 0.838502
-2.21985	 0.628847
-2.21652	 0.885815
-2.21319	 0.662414
-2.20985	 0.744008
-2.20652	 0.733547
-2.20319	 0.813728
-2.19985	 0.802797
-2.19652	 0.807045
-2.19319	 0.852143
-2.18985	 0.895769
-2.18652	 0.802999
-2.18319	 0.704724
-2.17985	 0.861513
-2.17652	 0.974625
-2.17319	 0.739529
-2.16986	 0.925287
-2.16652	 0.879385
-2.16319	 0.967592
-2.15986	 0.656204
-2.15652	 0.878142
-2.15319	 0.855723
-2.14986	 0.965034
-2.14652	 0.879588
-2.14319	 0.758252
-2.13986	 0.634936
-2.13652	 0.846095
-2.13319	 0.662457
-2.12986	 0.699952
-2.12652	 1.06439
-2.12319	 0.97687
-2.11986	 0.696502
-2.11653	 0.883415
-2.11319	 0.788166
-2.10986	 0.779387
-2.10653	 0.824352
-2.10319	 0.87383
-2.09986	 0.922884
-2.09653	 0.58196
-2.09319	 0.806026
-2.08986	 0.850699
-2.08653	 0.896484
-2.08319	 0.530177
-2.07986	 0.736063
-2.07653	 0.933528
-2.0732	 0.762712
-2.06986	 0.764029
-2.06653	 0.790153
-2.0632	 0.885889
-2.05986	 0.849971
-2.05653	 0.972657
-2.0532	 1.00871
-2.04986	 0.888475
-2.04653	 0.667821
-2.0432	 0.931817
-2.03986	 0.735215
-2.03653	 0.919145
-2.0332	 0.973653
-2.02986	 0.836982
-2.02653	 0.654218
-2.0232	 0.65749
-2.01987	 1.07916
-2.01653	 0.959937
-2.0132	 0.885572
-2.00987	 0.800417
-2.00653	 0.936491
-2.0032	 0.634695
-1.99987	 0.761761
-1.99653	 0.695725
-1.9932	 0.652631
-1.98987	 0.777163
-1.98653	 0.949972
-1.9832	 0.898116
-1.97987	 1.023
-1.97653	 0.876627
-1.9732	 0.736303
-1.96987	 0.79426
-1.96654	 0.904602
-1.9632	 0.835105
-1.95987	 0.972999
-1.95654	 1.05184
-1.9532	 0.948349
-1.94987	 1.09623
-1.94654	 0.842581
-1.9432	 0.960507
-1.93987	 0.851362
-1.93654	 0.875597
-1.9332	 0.82854
-1.92987	 0.855288
-1.92654	 0.736066
-1.92321	 0.921775
-1.91987	 0.7109
-1.91654	 0.732632
-1.91321	 1.0417
-1.90987	 0.881183
-1.90654	 0.880526
-1.90321	 1.09312
-1.89987	 0.744236
-1.89654	 0.802223
-1.89321	 0.636174
-1.88987	 0.911795
-1.88654	 0.878571
-1.88321	 0.824273
-1.87987	 0.789187
-1.87654	 0.608594
-1.87321	 0.988635
-1.86988	 0.790199
-1.86654	 0.988034
-1.86321	 0.821402
-1.85988	 0.981511
-1.85654	 0.850711
-1.85321	 0.635977
-1.84988	 0.840177
-1.84654	 0.891115
-1.84321	 0.767732
-1.83988	 0.640692
-1.83654	 1.06663
-1.83321	 0.982374
-1.82988	 0.870413
-1.82654	 0.949177
-1.82321	 0.674051
-1.81988	 0.901355
-1.81655	 0.952119
-1.81321	 0.721212
-1.80988	 0.649682
-1.80655	 0.871133
-1.80321	 0.847602
-1.79988	 0.720843
-1.79655	 0.770665
-1.79321	 0.779313
-1.78988	 0.893098
-1.78655	 0.631383
-1.78321	 0.8464
-1.77988	 0.751151
-1.77655	 0.998391
-1.77322	 0.933241
-1.76988	 0.714807
-1.76655	 0.869173
-1.76322	 0.865627
-1.75988	 0.935017
-1.75655	 0.743862
-1.75322	 1.01398
-1.74988	 0.785928
-1.74655	 0.896982
-1.74322	 0.863605
-1.73988	 0.887791
-1.73655	 0.789937
-1.73322	 0.868483
-1.72988	 0.833151
-1.72655	 0.81006
-1.72322	 0.999361
-1.71989	 0.744295
-1.71655	 0.840264
-1.71322	 0.725778
-1.70989	 0.996024
-1.70655	 1.04833
-1.70322	 0.893371
-1.69989	 0.951762
-1.69655	 0.634593
-1.69322	 0.754306
-1.68989	 0.973675
-1.68655	 0.911927
-1.68322	 0.77428
-1.67989	 0.904115
-1.67655	 0.822862
-1.67322	 0.697347
-1.66989	 0.886635
-1.66656	 0.777256
-1.66322	 0.772335
-1.65989	 0.752494
-1.65656	 1.07683
-1.65322	 0.780418
-1.64989	 1.03215
-1.64656	 0.646177
-1.64322	 1.15356
-1.63989	 0.927289
-1.63656	 0.898279
-1.63322	 0.850989
-1.62989	 0.991386
-1.62656	 0.983952
-1.62323	 0.705843
-1.61989	 0.904604
-1.61656	 0.750641
-1.61323	 0.926628
-1.60989	 0.791799
-1.60656	 0.9581
-1.60323	 0.70239
-1.59989	 0.643199
-1.59656	 0.891976
-1.59323	 0.86853
-1.58989	 0.928097
-1.58656	 0.883864
-1.58323	 0.888815
-1.57989	 0.937852
-1.57656	 1.23386
-1.57323	 0.818579
-1.5699	 0.860059
-1.56656	 0.862588
-1.56323	 0.816386
-1.5599	 0.943814
-1.55656	 1.05959
-1.55323	 0.861639
-1.5499	 0.726764
-1.54656	 0.795535
-1.54323	 0.832795
-1.5399	 0.754829
-1.53656	 0.945806
-1.53323	 0.830574
-1.5299	 0.709622
-1.52656	 0.924044
-1.52323	 0.913984
-1.5199	 1.07255
-1.51657	 0.960543
-1.51323	 0.990666
-1.5099	 0.817102
-1.50657	 0.973663
-1.50323	 0.770593
-1.4999	 0.857775
-1.49657	 1.05158
-1.49323	 0.953049
-1.4899	 0.84572
-1.48657	 0.903418
-1.48323	 0.931087
-1.4799	 0.938426
-1.47657	 0.914209
-1.47324	 0.674206
-1.4699	 0.747975
-1.46657	 0.954377
-1.46324	 0.794311
-1.4599	 1.06613
-1.45657	 0.755137
-1.45324	 0.829157
-1.4499	 0.740521
-1.44657	 1.03561
-1.44324	 0.882557
-1.4399	 0.992681
-1.43657	 0.979418
-1.43324	 0.978494
-1.4299	 0.763236
-1.42657	 0.764347
-1.42324	 0.933484
-1.41991	 0.93472
-1.41657	 1.05178
-1.41324	 0.822783
-1.40991	 0.915625
-1.40657	 0.817407
-1.40324	 0.83613
-1.39991	 0.823489
-1.39657	 0.900372
-1.39324	 0.856029
-1.38991	 1.17956
-1.38657	 0.833884
-1.38324	 0.731872
-1.37991	 0.940165
-1.37657	 1.03138
-1.37324	 0.812876
-1.36991	 1.14177
-1.36658	 1.06888
-1.36324	 0.948149
-1.35991	 0.830562
-1.35658	 0.841272
-1.35324	 0.829977
-1.34991	 0.862997
-1.34658	 0.65096
-1.34324	 0.877625
-1.33991	 0.921501
-1.33658	 0.874314
-1.33324	 0.841682
-1.32991	 0.830705
-1.32658	 0.84853
-1.32325	 0.952842
-1.31991	 0.798762
-1.31658	 0.982728
-1.31325	 0.840031
-1.30991	 0.846004
-1.30658	 0.803935
-1.30325	 1.02904
-1.29991	 1.02608
-1.29658	 0.998069
-1.29325	 0.920369
-1.28991	 0.924309
-1.28658	 1.05475
-1.28325	 1.0378
-1.27991	 1.00612
-1.27658	 0.830771
-1.27325	 0.957022
-1.26992	 1.09117
-1.26658	 0.851446
-1.26325	 0.856756
-1.25992	 0.899372
-1.25658	 0.972907
-1.25325	 0.856886
-1.24992	 0.751385
-1.24658	 0.71146
-1.24325	 0.875295
-1.23992	 0.840482
-1.23658	 1.04626
-1.23325	 0.783234
-1.22992	 0.747291
-1.22658	 0.952072
-1.22325	 1.13191
-1.21992	 1.02675
-1.21659	 1.03164
-1.21325	 1.08418
-1.20992	 0.977312
-1.20659	 0.839272
-1.20325	 0.846149
-1.19992	 0.985672
-1.19659	 1.01873
-1.19325	 1.01066
-1.18992	 0.94692
-1.18659	 0.744248
-1.18325	 0.908281
-1.17992	 0.933164
-1.17659	 0.910358
-1.17326	 0.900228
-1.16992	 0.736577
-1.16659	 1.10843
-1.16326	 1.05287
-1.15992	 0.975237
-1.15659	 0.849878
-1.15326	 0.791197
-1.14992	 0.763441
-1.14659	 0.806726
-1.14326	 1.17114
-1.13992	 0.901443
-1.13659	 0.947315
-1.13326	 0.950515
-1.12992	 0.872502
-1.12659	 0.808974
-1.12326	 0.74381
-1.11993	 0.723365
-1.11659	 0.983377
-1.11326	 0.926097
-1.10993	 1.15155
-1.10659	 0.793356
-1.10326	 0.792146
-1.09993	 1.07751
-1.09659	 0.866702
-1.09326	 0.891642
-1.08993	 0.903695
-1.08659	 0.967951
-1.08326	 0.983536
-1.07993	 0.877611
-1.07659	 0.683559
-1.07326	 0.802866
-1.06993	 0.896807
-1.0666	 1.13387
-1.06326	 1.00862
-1.05993	 1.01319
-1.0566	 0.929246
-1.05326	 1.06661
-1.04993	 0.953673
-1.0466	 1.02773
-1.04326	 1.17721
-1.03993	 0.716091
-1.0366	 1.01169
-1.03326	 1.20828
-1.02993	 1.11514
-1.0266	 0.932118
-1.02327	 0.833108
-1.01993	 0.868507
-1.0166	 1.02085
-1.01327	 1.01314
-1.00993	 0.693179
-1.0066	 1.07175
-1.00327	 1.05935
-0.999933	 0.8101
-0.9966	 1.01198
-0.993267	 0.879778
-0.989934	 0.904169
-0.986601	 0.897741
-0.983268	 0.781516
-0.979935	 0.931272
-0.976602	 0.949608
-0.973268	 0.968024
-0.969935	 1.00263
-0.966602	 0.92719
-0.963269	 1.0296
-0.959936	 0.739909
-0.956603	 0.769638
-0.95327	 1.02462
-0.949937	 0.974288
-0.946604	 0.956458
-0.94327	 1.0084
-0.939937	 0.962558
-0.936604	 1.17346
-0.933271	 0.811889
-0.929938	 1.2216
-0.926605	 0.947341
-0.923272	 0.932936
-0.919939	 0.819215
-0.916606	 0.933687
-0.913272	 0.891401
-0.909939	 0.687302
-0.906606	 1.27703
-0.903273	 0.861239
-0.89994	 0.919646
-0.896607	 0.827575
-0.893274	 0.756275
-0.889941	 0.85649
-0.886608	 1.00252
-0.883274	 0.800349
-0.879941	 0.77396
-0.876608	 0.937001
-0.873275	 0.924079
-0.869942	 0.840816
-0.866609	 0.906893
-0.863276	 0.772025
-0.859943	 0.793305
-0.85661	 1.22666
-0.853276	 1.02023
-0.849943	 0.887864
-0.84661	 1.15771
-0.843277	 0.783815
-0.839944	 0.944439
-0.836611	 0.893772
-0.833278	 0.716589
-0.829945	 1.33531
-0.826612	 0.713522
-0.823278	 0.766657
-0.819945	 0.979593
-0.816612	 1.09802
-0.813279	 1.0879
-0.809946	 1.06043
-0.806613	 1.06565
-0.80328	 0.927837
-0.799947	 1.12394
-0.796614	 1.02295
-0.79328	 0.873549
-0.789947	 0.748757
-0.786614	 0.932101
-0.783281	 1.11488
-0.779948	 0.993502
-0.776615	 0.939892
-0.773282	 0.928943
-0.769949	 0.678485
-0.766616	 1.0626
-0.763282	 1.05421
-0.759949	 0.757669
-0.756616	 1.02581
-0.753283	 0.871627
-0.74995	 0.871508
-0.746617	 0.908888
-0.743284	 1.00858
-0.739951	 0.787019
-0.736618	 0.752498
-0.733284	 1.02232
-0.729951	 1.1424
-0.726618	 1.11345
-0.723285	 0.933397
-0.719952	 0.880159
-0.716619	 1.17579
-0.713286	 0.814733
-0.709953	 0.981381
-0.70662	 1.13664
-0.703286	 0.809439
-0.699953	 0.936073
-0.69662	 0.755838
-0.693287	 0.893985
-0.689954	 1.01366
-0.686621	 0.966712
-0.683288	 1.13997
-0.679955	 0.942813
-0.676622	 0.906204
-0.673288	 0.94301
-0.669955	 0.70957
-0.666622	 0.926522
-0.663289	 0.713226
-0.659956	 0.940822
-0.656623	 0.779557
-0.65329	 0.976583
-0.649957	 0.65989
-0.646624	 0.987102
-0.64329	 0.897946
-0.639957	 0.779104
-0.636624	 1.05297
-0.633291	 1.01255
-0.629958	 0.756145
-0.626625	 0.999996
-0.623292	 1.17419
-0.619959	 0.952278
-0.616626	 0.914735
-0.613292	 0.996946
-0.609959	 1.04031
-0.606626	 1.01853
-0.603293	 0.8045
-0.59996	 1.18094
-0.596627	 0.896737
-0.593294	 0.865551
-0.589961	 1.00101
-0.586628	 0.873626
-0.583294	 0.764605
-0.579961	 0.991019
-0.576628	 1.17508
-0.573295	 0.95675
-0.569962	 0.810157
-0.566629	 1.18551
-0.563296	 0.964964
-0.559963	 0.98852
-0.55663	 1.04698
-0.553296	 1.00368
-0.549963	 1.00517
-0.54663	 0.900116
-0.543297	 1.07934
-0.539964	 0.789361
-0.536631	 1.00704
-0.533298	 0.8867
-0.529965	 1.04825
-0.526632	 0.940156
-0.523298	 0.716019
-0.519965	 0.902212
-0.516632	 0.960123
-0.513299	 0.893092
-0.509966	 0.99094
-0.506633	 1.02634
-0.5033	 1.09356
-0.499967	 0.6165
-0.496634	 1.01011
-0.4933	 0.937895
-0.489967	 0.757948
-0.486634	 0.78927
-0.483301	 0.965083
-0.479968	 0.79948
-0.476635	 0.654456
-0.473302	 0.955852
-0.469969	 0.919409
-0.466636	 0.878185
-0.463302	 0.942158
-0.459969	 1.14399
-0.456636	 1.02732
-0.453303	 1.0089
-0.44997	 1.06429
-0.446637	 0.907679
-0.443304	 0.755017
-0.439971	 1.01801
-0.436638	 0.964038
-0.433304	 0.785973
-0.429971	 0.812236
-0.426638	 0.93598
-0.423305	 0.934517
-0.419972	 1.05465
-0.416639	 0.938252
-0.413306	 1.09472
-0.409973	 0.698197
-0.40664	 0.872564
-0.403306	 0.90461
-0.399973	 1.03384
-0.39664	 0.856246
-0.393307	 0.813887
-0.389974	 1.04978
-0.386641	 0.846156
-0.383308	 1.09404
-0.379975	 1.02648
-0.376642	 0.931109
-0.373308	 0.721511
-0.369975	 0.921095
-0.366642	 0.694457
-0.363309	 0.821529
-0.359976	 0.978132
-0.356643	 0.986908
-0.35331	 1.03623
-0.349977	 0.796381
-0.346644	 0.760049
-0.34331	 1.00527
-0.339977	 0.988945
-0.336644	 0.87926
-0.333311	 0.941276
-0.329978	 1.01291
-0.326645	 0.89328
-0.323312	 0.797953
-0.319979	 0.812286
-0.316646	 1.16634
-0.313312	 1.01168
-0.309979	 0.902957
-0.306646	 1.10815
-0.303313	 0.887678
-0.29998	 0.906667
-0.296647	 0.828269
-0.293314	 0.873185
-0.289981	 1.0079
-0.286648	 0.898266
-0.283314	 0.89536
-0.279981	 0.926508
-0.276648	 0.827314
-0.273315	 1.14505
-0.269982	 1.06267
-0.266649	 1.00751
-0.263316	 0.846395
-0.259983	 0.941544
-0.25665	 1.00653
-0.253316	 0.85864
-0.249983	 1.0894
-0.24665	 1.03151
-0.243317	 0.961209
-0.239984	 1.00343
-0.236651	 1.09952
-0.233318	 0.896524
-0.229985	 0.838305
-0.226652	 0.835903
-0.223318	 0.889098
-0.219985	 0.591279
-0.216652	 0.92835
-0.213319	 0.936698
-0.209986	 1.19371
-0.206653	 0.981056
-0.20332	 0.705983
-0.199987	 0.991255
-0.196654	 0.999503
-0.19332	 1.14476
-0.189987	 1.08756
-0.186654	 1.02269
-0.183321	 0.734085
-0.179988	 0.748553
-0.176655	 0.963012
-0.173322	 1.07288
-0.169989	 0.849599
-0.166656	 1.00128
-0.163322	 1.02999
-0.159989	 1.04842
-0.156656	 1.13657
-0.153323	 0.996225
-0.14999	 0.893875
-0.146657	 0.952837
-0.143324	 0.823238
-0.139991	 0.839601
-0.136658	 0.985101
-0.133324	 1.0925
-0.129991	 1.02372
-0.126658	 0.928517
-0.123325	 0.722205
-0.119992	 0.979038
-0.116659	 1.10265
-0.113326	 0.823549
-0.109993	 1.21599
-0.10666	 1.03555
-0.103326	 0.919493
-0.0999933	 0.798374
-0.0966602	 0.935912
-0.0933271	 0.819012
-0.089994	 0.896832
-0.0866609	 1.07191
-0.0833278	 0.998227
-0.0799947	 1.22118
-0.0766616	 1.11372
-0.0733284	 1.05436
-0.0699953	 0.906762
-0.0666622	 1.08068
-0.0633291	 0.915215
-0.059996	 0.751187
-0.0566629	 1.03119
-0.0533298	 0.816365
-0.0499967	 1.09288
-0.0466636	 1.25068
-0.0433304	 0.773566
-0.0399973	 1.04309
-0.0366642	 0.829973
-0.0333311	 0.867262
-0.029998	 0.975449
-0.0266649	 0.894446
-0.0233318	 1.07481
-0.0199987	 0.844196
-0.0166656	 0.932849
-0.0133324	 1.01441
-0.00999933	 1.06791
-0.00666622	 1.1236
-0.00333311	 0.0080681
0	 1
0.00333311	 0.794806
0.00666622	 1.21407
0.00999933	 0.914145
0.0133324	 1.04146
0.0166656	 0.73696
0.0199987	 0.795376
0.0233318	 0.88899
0.0266649	 1.35037
0.029998	 1.05019
0.0333311	 0.897017
0.0366642	 1.10284
0.0399973	 1.2433
0.0433304	 1.001
0.0466636	 0.881535
0.0499967	 1.46711
0.0533298	 0.869589
0.0566629	 0.795423
0.059996	 0.900651
0.0633291	 0.963647
0.0666622	 1.0554
0.0699953	 1.17888
0.0733284	 0.957834
0.0766616	 0.868635
0.0799947	 0.918529
0.0833278	 1.18353
0.0866609	 1.00922
0.089994	 0.793405
0.0933271	 0.982224
0.0966602	 0.972544
0.0999933	 0.983489
0.103326	 0.927972
0.10666	 0.936397
0.109993	 0.983177
0.113326	 0.737173
0.116659	 1.00129
0.119992	 0.909326
0.123325	 1.21139
0.126658	 0.842838
0.129991	 0.725917
0.133324	 0.862667
0.136658	 1.01317
0.139991	 0.857284
0.143324	 1.09969
0.146657	 1.01202
0.14999	 1.07098
0.153323	 0.760857
0.156656	 1.07068
0.159989	 1.02021
0.163322	 0.861013
0.166656	 0.757894
0.169989	 1.02248
0.173322	 1.05701
0.176655	 1.20154
0.179988	 0.976356
0.183321	 0.918543
0.186654	 0.819806
0.189987	 0.772613
0.19332	 0.770735
0.196654	 1.12127
0.199987	 0.852464
0.20332	 0.89082
0.206653	 0.963149
0.209986	 0.970972
0.213319	 1.02139
0.216652	 0.691375
0.219985	 1.19592
0.223318	 0.995481
0.226652	 0.779154
0.229985	 0.870404
0.233318	 0.900562
0.236651	 1.09813
0.239984	 1.28975
0.243317	 0.918843
0.24665	 0.986952
0.249983	 0.809594
0.253316	 0.966248
0.25665	 0.819591
0.259983	 1.12586
0.263316	 0.965153
0.266649	 0.861246
0.269982	 0.957829
0.273315	 0.991283
0.276648	 0.837333
0.279981	 0.846023
0.283314	 0.981954
0.286648	 0.931594
0.289981	 0.961096
0.293314	 0.863089
0.296647	 0.742695
0.29998	 0.991528
0.303313	 0.814489
0.306646	 0.973514
0.309979	 0.994701
0.313312	 0.798522
0.316646	 1.159
0.319979	 0.89424
0.323312	 1.00623
0.326645	 0.866074
0.329978	 1.12453
0.333311	 1.10606
0.336644	 0.903125
0.339977	 0.90788
0.34331	 0.994932
0.346644	 1.00771
0.349977	 0.837777
0.35331	 0.844807
0.356643	 0.853417
0.359976	 0.898779
0.363309	 0.911272
0.366642	 0.960199
0.369975	 0.861885
0.373308	 0.80457
0.376642	 1.03905
0.379975	 1.08002
0.383308	 0.921846
0.386641	 1.05733
0.389974	 0.868835
0.393307	 1.09972
0.39664	 0.857092
0.399973	 0.853556
0.403306	 0.927846
0.40664	 0.962113
0.409973	 1.26765
0.413306	 0.902041
0.416639	 0.846795
0.419972	 1.12253
0.423305	 0.879741
0.426638	 1.00702
0.429971	 1.07853
0.433304	 0.821452
0.436638	 1.00906
0.439971	 0.930646
0.443304	 0.885337
0.446637	 0.77538
0.44997	 0.844496
0.453303	 0.878788
0.456636	 1.06088
0.459969	 1.07905
0.463302	 0.672167
0.466636	 1.04019
0.469969	 0.833397
0.473302	 1.08967
0.476635	 0.942831
0.479968	 0.842938
0.483301	 1.17951
0.486634	 1.03536
0.489967	 0.850023
0.4933	 1.01908
0.496634	 0.963102
0.499967	 1.01981
0.5033	 1.04411
0.506633	 1.00336
0.509966	 1.01877
0.513299	 0.762125
0.516632	 0.896486
0.519965	 0.97519
0.523298	 0.854156
0.526632	 0.924148
0.529965	 0.903526
0.533298	 0.905404
0.536631	 0.975595
0.539964	 0.966657
0.543297	 1.01761
0.54663	 0.745533
0.549963	 0.855821
0.553296	 0.946237
0.55663	 0.772304
0.559963	 0.729192
0.563296	 1.02949
0.566629	 1.07263
0.569962	 1.03118
0.573295	 0.829358
0.576628	 0.803536
0.579961	 0.636617
0.583294	 0.929016
0.586628	 1.08592
0.589961	 1.11336
0.593294	 0.799814
0.596627	 1.0863
0.59996	 0.896519
0.603293	 0.962507
0.606626	 0.919699
0.609959	 0.937908
0.613292	 0.987441
0.616626	 0.800367
0.619959	 0.796941
0.623292	 0.888196
0.626625	 0.968634
0.629958	 1.14464
0.633291	 0.967304
0.636624	 1.12658
0.639957	 1.04243
0.64329	 0.969155
0.646624	 0.703822
0.649957	 0.701845
0.65329	 1.12541
0.656623	 0.939441
0.659956	 0.804349
0.663289	 0.911499
0.666622	 0.884796
0.669955	 1.14645
0.673288	 0.953619
0.676622	 0.769664
0.679955	 0.9455
0.683288	 0.935872
0.686621	 0.987858
0.689954	 0.827646
0.693287	 0.991088
0.69662	 0.869136
0.699953	 0.83872
0.703286	 0.952402
0.70662	 1.19878
0.709953	 1.16713
0.713286	 0.745558
0.716619	 0.955161
0.719952	 1.3272
0.723285	 0.834074
0.726618	 0.925267
0.729951	 0.892842
0.733284	 1.02656
0.736618	 1.10152
0.739951	 0.895481
0.743284	 0.910267
0.746617	 0.781904
0.74995	 1.10185
0.753283	 0.643105
0.756616	 1.23298
0.759949	 0.851461
0.763282	 0.985627
0.766616	 0.917739
0.769949	 1.05228
0.773282	 0.922123
0.776615	 0.949869
0.779948	 1.04384
0.783281	 1.08163
0.786614	 0.855946
0.789947	 0.860222
0.79328	 1.04986
0.796614	 0.950548
0.799947	 0.978199
0.80328	 0.836384
0.806613	 0.820772
0.809946	 1.02901
0.813279	 0.954042
0.816612	 0.98766
0.819945	 0.912
0.823278	 1.2175
0.826612	 1.11176
0.829945	 0.967863
0.833278	 0.724732
0.836611	 0.815632
0.839944	 0.712531
0.843277	 0.740439
0.84661	 1.14944
0.849943	 1.00069
0.853276	 0.923403
0.85661	 0.94008
0.859943	 0.728766
0.863276	 0.986807
0.866609	 0.823672
0.869942	 0.823105
0.873275	 0.670879
0.876608	 0.982273
0.879941	 0.849808
0.883274	 0.779097
0.886608	 0.829078
0.889941	 0.795325
0.893274	 0.821951
0.896607	 0.896913
0.89994	 0.929876
0.903273	 1.14111
0.906606	 1.06766
0.909939	 1.15868
0.913272	 0.829377
0.916606	 1.07821
0.919939	 0.852257
0.923272	 0.730323
0.926605	 0.794995
0.929938	 0.940576
0.933271	 1.15776
0.936604	 0.846175
0.939937	 1.01644
0.94327	 0.870207
0.946604	 1.00503
0.949937	 0.95139
0.95327	 0.833229
0.956603	 1.12304
0.959936	 0.97093
0.963269	 0.908948
0.966602	 1.00444
0.969935	 1.18011
0.973268	 1.11672
0.976602	 1.04262
0.979935	 1.03977
0.983268	 0.65094
0.986601	 0.902216
0.989934	 0.840204
0.993267	 0.851464
0.9966	 0.877955
0.999933	 0.915239
1.00327	 0.763236
1.0066	 0.975916
1.00993	 1.19605
1.01327	 0.924484
1.0166	 0.735014
1.01993	 0.966496
1.02327	 0.85596
1.0266	 1.08431
1.02993	 0.73909
1.03326	 0.907951
1.0366	 0.930259
1.03993	 0.993298
1.04326	 0.949622
1.0466	 0.858041
1.04993	 0.802939
1.05326	 0.827796
1.0566	 1.04227
1.05993	 0.944985
1.06326	 1.04794
1.0666	 1.15129
1.06993	 1.04679
1.07326	 0.906059
1.07659	 0.985737
1.07993	 0.972653
1.08326	 0.755047
1.08659	 1.06076
1.08993	 0.775228
1.09326	 0.875921
1.09659	 0.924092
1.09993	 0.984479
1.10326	 0.632228
1.10659	 0.904108
1.10993	 0.971283
1.11326	 0.83873
1.11659	 1.04066
1.11993	 0.931615
1.12326	 0.843754
1.12659	 0.905297
1.12992	 0.881174
1.13326	 1.155
1.13659	 0.993496
1.13992	 1.01803
1.14326	 0.784446
1.14659	 0.80278
1.14992	 1.00256
1.15326	 0.975569
1.15659	 0.972038
1.15992	 0.958024
1.16326	 0.947835
1.16659	 0.980872
1.16992	 0.956258
1.17326	 0.978259
1.17659	 0.981684
1.17992	 0.760318
1.18325	 0.768454
1.18659	 0.832779
1.18992	 0.942034
1.19325	 0.85727
1.19659	 0.963079
1.19992	 0.907324
1.20325	 1.01394
1.20659	 0.698578
1.20992	 0.964234
1.21325	 0.874084
1.21659	 0.682936
1.21992	 0.831077
1.22325	 0.957486
1.22658	 0.968298
1.22992	 1.0345
1.23325	 0.818526
1.23658	 1.09028
1.23992	 0.798242
1.24325	 1.03474
1.24658	 1.06084
1.24992	 0.923929
1.25325	 0.748992
1.25658	 0.92899
1.25992	 0.730957
1.26325	 0.763574
1.26658	 1.21134
1.26992	 0.859267
1.27325	 0.966154
1.27658	 0.911772
1.27991	 0.876159
1.28325	 0.942486
1.28658	 0.89446
1.28991	 0.849433
1.29325	 0.983079
1.29658	 0.747733
1.29991	 1.11061
1.30325	 0.705859
1.30658	 0.907006
1.30991	 0.781151
1.31325	 0.832887
1.31658	 0.784125
1.31991	 1.01034
1.32325	 1.01152
1.32658	 0.983005
1.32991	 0.96091
1.33324	 0.925814
1.33658	 0.880885
1.33991	 0.843866
1.34324	 0.836446
1.34658	 0.591306
1.34991	 0.98046
1.35324	 0.979318
1.35658	 0.771491
1.35991	 0.647886
1.36324	 1.08305
1.36658	 1.03519
1.36991	 1.06729
1.37324	 0.91101
1.37657	 1.06778
1.37991	 0.737818
1.38324	 0.667371
1.38657	 0.867528
1.38991	 0.840328
1.39324	 0.696346
1.39657	 0.995645
1.39991	 0.956301
1.40324	 1.03671
1.40657	 1.032
1.40991	 0.940449
1.41324	 0.851081
1.41657	 0.91683
1.41991	 0.899279
1.42324	 0.761207
1.42657	 0.890819
1.4299	 0.765021
1.43324	 0.884801
1.43657	 1.00757
1.4399	 0.734124
1.44324	 0.857248
1.44657	 1.15716
1.4499	 0.87497
1.45324	 0.820846
1.45657	 0.833303
1.4599	 0.809559
1.46324	 0.810395
1.46657	 0.993368
1.4699	 0.805538
1.47324	 0.958237
1.47657	 0.894207
1.4799	 0.700799
1.48323	 0.654116
1.48657	 0.918315
1.4899	 1.14813
1.49323	 0.902411
1.49657	 0.768301
1.4999	 0.726554
1.50323	 1.05967
1.50657	 0.802093
1.5099	 0.633887
1.51323	 0.918438
1.51657	 0.965245
1.5199	 1.06702
1.52323	 0.942518
1.52656	 0.854831
1.5299	 1.05391
1.53323	 0.759196
1.53656	 0.718001
1.5399	 0.8533
1.54323	 0.723925
1.54656	 0.894132
1.5499	 0.66561
1.55323	 0.778433
1.55656	 0.773662
1.5599	 1.08157
1.56323	 0.792642
1.56656	 0.756103
1.5699	 0.930903
1.57323	 0.928555
1.57656	 1.02001
1.57989	 0.953718
1.58323	 0.928023
1.58656	 0.769242
1.58989	 0.826115
1.59323	 1.04017
1.59656	 1.02341
1.59989	 0.996571
1.60323	 0.758148
1.60656	 0.999719
1.60989	 1.00059
1.61323	 0.846552
1.61656	 0.86174
1.61989	 1.05218
1.62323	 0.67244
1.62656	 0.698819
1.62989	 0.819627
1.63322	 0.865188
1.63656	 1.1102
1.63989	 0.665068
1.64322	 0.879032
1.64656	 0.851345
1.64989	 1.03283
1.65322	 0.529516
1.65656	 0.922248
1.65989	 0.649226
1.66322	 0.955698
1.66656	 0.826995
1.66989	 1.05144
1.67322	 0.819782
1.67655	 0.970964
1.67989	 0.908224
1.68322	 0.916996
1.68655	 0.904876
1.68989	 0.855165
1.69322	 0.89651
1.69655	 0.859137
1.69989	 0.663789
1.70322	 1.08747
1.70655	 0.87492
1.70989	 0.925482
1.71322	 0.799448
1.71655	 0.940164
1.71989	 0.78754
1.72322	 0.793686
1.72655	 0.749561
1.72988	 0.937939
1.73322	 1.02915
1.73655	 0.922739
1.73988	 1.06343
1.74322	 0.98432
1.74655	 0.910396
1.74988	 0.839811
1.75322	 0.789993
1.75655	 1.13531
1.75988	 0.817826
1.76322	 0.753284
1.76655	 0.837769
1.76988	 0.913015
1.77322	 0.766877
1.77655	 0.75181
1.77988	 0.785944
1.78321	 0.806005
1.78655	 0.797567
1.78988	 0.915468
1.79321	 0.758616
1.79655	 0.858083
1.79988	 0.962053
1.80321	 0.613921
1.80655	 0.918708
1.80988	 0.780134
1.81321	 0.915543
1.81655	 0.748466
1.81988	 0.607521
1.82321	 0.821643
1.82654	 0.715501
1.82988	 0.662201
1.83321	 0.836989
1.83654	 0.818503
1.83988	 0.777837
1.84321	 1.02097
1.84654	 0.829641
1.84988	 0.660403
1.85321	 0.826162
1.85654	 0.780913
1.85988	 0.783897
1.86321	 0.826412
1.86654	 0.915492
1.86988	 0.833119
1.87321	 0.729741
1.87654	 0.801467
1.87987	 0.560749
1.88321	 0.831255
1.88654	 0.791249
1.88987	 0.932844
1.89321	 0.859664
1.89654	 0.941025
1.89987	 0.944996
1.90321	 0.833084
1.90654	 0.845129
1.90987	 0.634434
1.91321	 0.880615
1.91654	 0.734884
1.91987	 0.81367
1.92321	 0.971153
1.92654	 0.854967
1.92987	 0.764726
1.9332	 0.78612
1.93654	 0.808049
1.93987	 0.785243
1.9432	 0.818598
1.94654	 0.841943
1.94987	 0.897057
1.9532	 1.07806
1.95654	 0.796793
1.95987	 0.78639
1.9632	 0.874924
1.96654	 0.845331
1.96987	 1.11504
1.9732	 0.732622
1.97653	 0.593739
1.97987	 0.816489
1.9832	 0.791532
1.98653	 0.71365
1.98987	 0.902651
1.9932	 0.951335
1.99653	 0.948947
1.99987	 0.788638
2.0032	 1.14107
2.00653	 0.952199
2.00987	 0.837576
2.0132	 0.962482
2.01653	 0.805829
2.01987	 0.768454
2.0232	 0.764217
2.02653	 0.909796
2.02986	 0.916006
2.0332	 0.838317
2.03653	 0.970009
2.03986	 0.849611
2.0432	 0.88034
2.04653	 0.997502
2.04986	 0.873521
2.0532	 0.779784
2.05653	 0.847933
2.05986	 0.859948
2.0632	 0.973496
2.06653	 0.879207
2.06986	 0.751953
2.0732	 0.818336
2.07653	 0.911212
2.07986	 1.09043
2.08319	 0.656898
2.08653	 0.865523
2.08986	 0.898193
2.09319	 0.819368
2.09653	 1.06955
2.09986	 0.813374
2.10319	 0.594576
2.10653	 0.906079
2.10986	 0.931962
2.11319	 0.648765
2.11653	 0.826721
2.11986	 0.866641
2.12319	 0.5968
2.12652	 0.811094
2.12986	 0.913378
2.13319	 0.948252
2.13652	 0.952435
2.13986	 0.858899
2.14319	 0.741436
2.14652	 0.749666
2.14986	 0.705046
2.15319	 0.953579
2.15652	 0.863023
2.15986	 0.704627
2.16319	 0.851898
2.16652	 0.991813
2.16986	 0.655232
2.17319	 0.92203
2.17652	 0.962806
2.17985	 0.97001
2.18319	 0.86074
2.18652	 0.771542
2.18985	 0.913008
2.19319	 0.775164
2.19652	 0.726285
2.19985	 0.753595
2.20319	 0.791573
2.20652	 0.887731
2.20985	 0.765055
2.21319	 0.79292
2.21652	 0.7749
2.21985	 0.888864
2.22319	 0.825177
2.22652	 0.710399
2.22985	 0.825161
2.23318	 0.762375
2.23652	 0.89406
2.23985	 0.82009
2.24318	 0.795227
2.24652	 1.06497
2.24985	 0.838287
2.25318	 0.947938
2.25652	 0.636603
2.25985	 0.95367
2.26318	 0.838063
2.26652	 0.715054
2.26985	 0.841481
2.27318	 0.797278
2.27651	 0.916673
2.27985	 0.712821
2.28318	 0.618576
2.28651	 0.744266
2.28985	 0.827613
2.29318	 0.603331
2.29651	 0.780739
2.29985	 0.869082
2.30318	 0.798542
2.30651	 0.862063
2.30985	 0.525506
2.31318	 0.768079
2.31651	 0.746589
2.31985	 0.784712
2.32318	 0.938138
2.32651	 0.892339
2.32984	 0.866173
2.33318	 0.766303
2.33651	 0.958456
2.33984	 0.756393
2.34318	 0.963125
2.34651	 0.752554
2.34984	 0.763705
2.35318	 0.773135
2.35651	 0.657938
2.35984	 0.67187
2.36318	 0.762601
2.36651	 0.744938
2.36984	 0.938941
2.37318	 0.855581
2.37651	 0.817458
2.37984	 0.846877
2.38317	 0.772689
2.38651	 0.65892
2.38984	 0.908466
2.39317	 0.866699
2.39651	 0.83053
2.39984	 0.718047
2.40317	 0.857524
2.40651	 0.819344
2.40984	 1.02512
2.41317	 0.750479
2.41651	 0.940863
2.41984	 0.815425
2.42317	 0.948619
2.4265	 0.755312
2.42984	 0.92317
2.43317	 0.818793
2.4365	 0.979196
2.43984	 0.984827
2.44317	 0.948948
2.4465	 1.06402
2.44984	 1.02997
2.45317	 0.592109
2.4565	 0.691424
2.45984	 0.850825
2.46317	 0.637163
2.4665	 0.682698
2.46984	 0.848474
2.47317	 0.621443
2.4765	 0.593272
2.47983	 0.841237
2.48317	 0.706576
2.4865	 0.602288
2.48983	 0.691205
2.49317	 1.04299
2.4965	 0.909733
2.49983	 0.755092
2.50317	 0.820824
2.5065	 0.790531
2.50983	 0.72323
2.51317	 0.747645
2.5165	 0.751448
2.51983	 0.651128
2.52317	 0.886364
2.5265	 0.876063
2.52983	 0.792808
2.53316	 0.874686
2.5365	 0.721484
2.53983	 0.75001
2.54316	 0.890339
2.5465	 0.771964
2.54983	 0.8716
2.55316	 0.742836
2.5565	 0.922731
2.55983	 0.784863
2.56316	 0.710827
2.5665	 1.06806
2.56983	 0.892634
2.57316	 0.842577
2.57649	 0.995802
2.57983	 0.766434
2.58316	 0.88082
2.58649	 0.864702
2.58983	 0.852911
2.59316	 0.817165
2.59649	 0.912252
2.59983	 0.807406
2.60316	 0.77204
2.60649	 0.836839
2.60983	 0.930178
2.61316	 0.878153
2.61649	 0.956991
2.61983	 0.788925
2.62316	 0.824804
2.62649	 0.69051
2.62982	 0.831974
2.63316	 0.699149
2.63649	 0.77076
2.63982	 0.823245
2.64316	 0.722188
2.64649	 0.821879
2.64982	 0.664939
2.65316	 0.743468
2.65649	 0.778059
2.65982	 0.909099
2.66316	 0.878741
2.66649	 0.813065
2.66982	 0.803889
2.67316	 0.711248
2.67649	 0.818761
2.67982	 0.857808
2.68315	 0.765569
2.68649	 0.693571
2.68982	 0.638921
2.69315	 0.809904
2.69649	 0.831248
2.69982	 0.76466
2.70315	 0.706588
2.70649	 0.765689
2.70982	 0.830575
2.71315	 0.867015
2.71649	 0.757979
2.71982	 0.711623
2.72315	 1.01099
2.72648	 0.807147
2.72982	 0.894039
2.73315	 0.930416
2.73648	 0.693868
2.73982	 0.754174
2.74315	 0.73199
2.74648	 0.792735
2.74982	 0.632394
2.75315	 0.787095
2.75648	 0.745295
2.75982	 0.73548
2.76315	 0.750167
2.76648	 0.751344
2.76982	 0.77932
2.77315	 0.733198
2.77648	 0.619183
2.77981	 0.760122
2.78315	 1.03158
2.78648	 0.788022
2.78981	 0.810391
2.79315	 0.665804
2.79648	 0.855112
2.79981	 0.746722
2.80315	 0.712188
2.80648	 0.750199
2.80981	 0.76743
2.81315	 0.708611
2.81648	 0.95145
2.81981	 0.680594
2.82315	 1.01467
2.82648	 0.716484
2.82981	 0.712925
2.83314	 0.693374
2.83648	 0.770494
2.83981	 0.892381
2.84314	 0.615561
2.84648	 0.786815
2.84981	 0.718261
2.85314	 0.727917
2.85648	 0.825607
2.85981	 0.870095
2.86314	 0.584573
2.86648	 0.816046
2.86981	 0.805404
2.87314	 0.779402
2.87647	 0.700395
2.87981	 0.750209
2.88314	 0.911938
2.88647	 0.72582
2.88981	 0.766544
2.89314	 0.734172
2.89647	 0.722353
2.89981	 0.667847
2.90314	 0.770694
2.90647	 0.607417
2.90981	 0.753162
2.91314	 0.690989
2.91647	 0.731587
2.91981	 0.783968
2.92314	 0.652008
2.92647	 0.704276
2.9298	 0.864611
2.93314	 0.650317
2.93647	 0.603982
2.9398	 0.807304
2.94314	 0.7062
2.94647	 0.935119
2.9498	 0.849062
2.95314	 0.818294
2.95647	 0.611607
2.9598	 0.686411
2.96314	 0.719813
2.96647	 0.782776
2.9698	 0.684876
2.97314	 0.803162
2.97647	 0.660981
2.9798	 0.598966
2.98313	 0.74815
2.98647	 0.898914
2.9898	 0.69027
2.99313	 0.704128
2.99647	 0.69135
2.9998	 0.762515
3.00313	 0.693184
3.00647	 0.707291
3.0098	 0.84001
3.01313	 0.733783
3.01647	 0.663357
3.0198	 0.633141
3.02313	 0.682798
3.02646	 0.716696
3.0298	 0.614279
3.03313	 0.709416
3.03646	 0.774805
3.0398	 0.642006
3.04313	 0.790293
3.04646	 0.790559
3.0498	 0.825853
3.05313	 0.750731
3.05646	 0.692562
3.0598	 0.86693
3.06313	 0.75278
3.06646	 0.933197
3.0698	 0.644319
3.07313	 0.90681
3.07646	 0.729596
3.07979	 0.736115
3.08313	 0.683974
3.08646	 0.761485
3.08979	 0.6611
3.09313	 0.782421
3.09646	 0.682196
3.09979	 0.756255
3.10313	 0.787303
3.10646	 0.660756
3.10979	 0.862808
3.11313	 0.595544
3.11646	 0.716496
3.11979	 0.653327
3.12313	 0.69374
3.12646	 0.713192
3.12979	 0.604695
3.13312	 0.635887
3.13646	 0.793813
3.13979	 0.639239
3.14312	 0.702521
3.14646	 0.609018
3.14979	 0.761168
3.15312	 0.69166
3.15646	 0.759954
3.15979	 0.766646
3.16312	 0.838315
3.16646	 0.86807
3.16979	 0.612292
3.17312	 0.773241
3.17645	 0.598046
3.17979	 0.673218
3.18312	 0.679928
3.18645	 0.819317
3.18979	 0.696708
3.19312	 0.539247
3.19645	 0.796303
3.19979	 0.717868
3.20312	 0.616458
3.20645	 0.735855
3.20979	 0.604565
3.21312	 0.804812
3.21645	 0.698556
3.21979	 0.629384
3.22312	 0.498334
3.22645	 0.90304
3.22978	 0.714552
3.23312	 0.76566
3.23645	 0.804808
3.23978	 0.675628
3.24312	 0.760524
3.24645	 0.635911
3.24978	 0.738976
3.25312	 0.707938
3.25645	 0.56857
3.25978	 0.762814
3.26312	 0.765872
3.26645	 0.62109
3.26978	 0.672667
3.27312	 0.709173
3.27645	 0.884986
3.27978	 0.601883
3.28311	 0.782709
3.28645	 0.617634
3.28978	 0.613923
3.29311	 0.722072
3.29645	 0.712006
3.29978	 0.719434
3.30311	 0.729879
3.30645	 0.690295
3.30978	 0.669303
3.31311	 0.780052
3.31645	 0.877288
3.31978	 0.569792
3.32311	 0.623351
3.32644	 0.604937
3.32978	 0.673287
3.33311	 0.684207
3.33644	 0.792582
3.33978	 0.821343
3.34311	 0.59876
3.34644	 0.832685
3.34978	 0.723035
3.35311	 0.735631
3.35644	 0.632269
3.35978	 0.612838
3.36311	 0.817709
3.36644	 0.720104
3.36978	 0.640825
3.37311	 0.656364
3.37644	 0.482901
3.37977	 0.652302
3.38311	 0.772602
3.38644	 0.676018
3.38977	 0.730799
3.39311	 0.553879
3.39644	 0.863869
3.39977	 0.853495
3.40311	 0.675554
3.40644	 0.640983
3.40977	 0.787975
3.41311	 0.537408
3.41644	 0.685141
3.41977	 0.720505
3.42311	 0.682309
3.42644	 0.657085
3.42977	 0.819263
3.4331	 0.733951
3.43644	 0.723309
3.43977	 0.482619
3.4431	 0.823232
3.44644	 0.662716
3.44977	 0.685134
3.4531	 0.724706
3.45644	 0.751744
3.45977	 0.613667
3.4631	 0.610062
3.46644	 0.634954
3.46977	 0.788975
3.4731	 0.494181
3.47643	 0.643864
3.47977	 0.720067
3.4831	 0.755014
3.48643	 0.555353
3.48977	 0.7207
3.4931	 0.573572
3.49643	 0.569202
3.49977	 0.82443
3.5031	 0.73254
3.50643	 0.695842
3.50977	 0.727758
3.5131	 0.748964
3.51643	 0.763618
3.51977	 0.607246
3.5231	 0.819409
3.52643	 0.681957
3.52976	 0.792349
3.5331	 0.843437
3.53643	 0.620875
3.53976	 0.801077
3.5431	 0.676383
3.54643	 0.593075
3.54976	 0.581368
3.5531	 0.561536
3.55643	 0.560146
3.55976	 0.617199
3.5631	 0.496087
3.56643	 0.658904
3.56976	 0.611064
3.5731	 0.66297
3.57643	 0.643838
3.57976	 0.575948
3.58309	 0.654648
3.58643	 0.574151
3.58976	 0.822864
3.59309	 0.51426
3.59643	 0.623591
3.59976	 0.799685
3.60309	 0.569853
3.60643	 0.670614
3.60976	 0.634593
3.61309	 0.796156
3.61643	 0.879277
3.61976	 0.426386
3.62309	 0.741339
3.62642	 0.790241
3.62976	 0.596238
3.63309	 0.553509
3.63642	 0.771959
3.63976	 0.744348
3.64309	 0.542674
3.64642	 0.651605
3.64976	 0.55508
3.65309	 0.670107
3.65642	 0.758531
3.65976	 0.752558
3.66309	 0.526686
3.66642	 0.609029
3.66976	 0.611228
3.67309	 0.786997
3.67642	 0.62973
3.67975	 0.548249
3.68309	 0.841504
3.68642	 0.706486
3.68975	 0.767623
3.69309	 0.689077
3.69642	 0.726651
3.69975	 0.754226
3.70309	 0.782913
3.70642	 0.714401
3.70975	 0.649378
3.71309	 0.630137
3.71642	 0.61827
3.71975	 0.538432
3.72309	 0.558918
3.72642	 0.748566
3.72975	 0.599901
3.73308	 0.840957
3.73642	 0.630863
3.73975	 0.713591
3.74308	 0.675926
3.74642	 0.662255
3.74975	 0.559056
3.75308	 0.624125
3.75642	 0.73559
3.75975	 0.471708
3.76308	 0.653027
3.76642	 0.697078
3.76975	 0.678815
3.77308	 0.585247
3.77641	 0.658516
3.77975	 0.59663
3.78308	 0.597774
3.78641	 0.580393
3.78975	 0.83444
3.79308	 0.700097
3.79641	 0.534268
3.79975	 0.609751
3.80308	 0.686575
3.80641	 0.742171
3.80975	 0.655738
3.81308	 0.497858
3.81641	 0.555307
3.81975	 0.611246
3.82308	 0.618927
3.82641	 0.479688
3.82974	 0.677175
3.83308	 0.686199
3.83641	 0.551078
3.83974	 0.631549
3.84308	 0.605628
3.84641	 0.617419
3.84974	 0.672074
3.85308	 0.771212
3.85641	 0.743978
3.85974	 0.799801
3.86308	 0.668733
3.86641	 0.732403
3.86974	 0.613869
3.87308	 0.716577
3.87641	 0.635869
3.87974	 0.602508
3.88307	 0.685947
3.88641	 0.567512
3.88974	 0.553857
3.89307	 0.479941
3.89641	 0.777893
3.89974	 0.642822
3.90307	 0.778306
3.90641	 0.632538
3.90974	 0.515541
3.91307	 0.634059
3.91641	 0.702429
3.91974	 0.679338
3.92307	 0.76705
3.9264	 0.616022
3.92974	 0.729045
3.93307	 0.545874
3.9364	 0.674674
3.93974	 0.765212
3.94307	 0.497339
3.9464	 0.810693
3.94974	 0.533481
3.95307	 0.643665
3.9564	 0.803383
3.95974	 0.685373
3.96307	 0.602934
3.9664	 0.668945
3.96974	 0.658682
3.97307	 0.553736
3.9764	 0.584252
3.97973	 0.68746
3.98307	 0.732805
3.9864	 0.698534
3.98973	 0.477317
3.99307	 0.684222
3.9964	 0.584741
3.99973	 0.614919
4.00307	 0.590243
4.0064	 0.651177
4.00973	 0.645331
4.01307	 0.616958
4.0164	 0.627529
4.01973	 0.705467
4.02307	 0.810102
4.0264	 0.559097
4.02973	 0.821076
4.03306	 0.603011
4.0364	 0.725063
4.03973	 0.716659
4.04306	 0.861674
4.0464	 0.793489
4.04973	 0.783032
4.05306	 0.643557
4.0564	 0.564465
4.05973	 0.708832
4.06306	 0.559297
4.0664	 0.520003
4.06973	 0.763112
4.07306	 0.583024
4.07639	 0.572109
4.07973	 0.432131
4.08306	 0.55688
4.08639	 0.511794
4.08973	 0.608088
4.09306	 0.654056
4.09639	 0.690493
4.09973	 0.741088
4.10306	 0.568732
4.10639	 0.602836
4.10973	 0.557005
4.11306	 0.689475
4.11639	 0.614643
4.11973	 0.622577
4.12306	 0.753524
4.12639	 0.56141
4.12972	 0.785781
4.13306	 0.437508
4.13639	 0.600454
4.13972	 0.492625
4.14306	 0.707561
4.14639	 0.637804
4.14972	 0.54367
4.15306	 0.711368
4.15639	 0.582426
4.15972	 0.516642
4.16306	 0.673264
4.16639	 0.549026
4.16972	 0.665006
4.17306	 0.742302
4.17639	 0.520905
4.17972	 0.745699
4.18305	 0.704751
4.18639	 0.422436
4.18972	 0.656641
4.19305	 0.626114
4.19639	 0.644005
4.19972	 0.583002
4.20305	 0.535737
4.20639	 0.707934
4.20972	 0.514853
4.21305	 0.555409
4.21639	 0.575029
4.21972	 0.70977
4.22305	 0.640398
4.22638	 0.626106
4.22972	 0.590044
4.23305	 0.593907
4.23638	 0.643525
4.23972	 0.447833
4.24305	 0.689677
4.24638	 0.640973
4.24972	 0.712553
4.25305	 0.575477
4.25638	 0.489616
4.25972	 0.467536
4.26305	 0.670903
4.26638	 0.732393
4.26972	 0.587199
4.27305	 0.606511
4.27638	 0.705869
4.27971	 0.750768
4.28305	 0.557464
4.28638	 0.653761
4.28971	 0.580307
4.29305	 0.622144
4.29638	 0.624821
4.29971	 0.604767
4.30305	 0.578727
4.30638	 0.572307
4.30971	 0.641985
4.31305	 0.6591
4.31638	 0.710961
4.31971	 0.738622
4.32305	 0.651274
4.32638	 0.648606
4.32971	 0.578525
4.33304	 0.641775
4.33638	 0.536876
4.33971	 0.669821
4.34304	 0.620023
4.34638	 0.665723
4.34971	 0.52901
4.35304	 0.647035
4.35638	 0.647005
4.35971	 0.596327
4.36304	 0.666868
4.36638	 0.627249
4.36971	 0.601484
4.37304	 0.51125
4.37637	 0.610571
4.37971	 0.571204
4.38304	 0.545435
4.38637	 0.670607
4.38971	 0.814104
4.39304	 0.473666
4.39637	 0.742762
4.39971	 0.63535
4.40304	 0.458561
4.40637	 0.683414
4.40971	 0.675937
4.41304	 0.827055
4.41637	 0.644629
4.41971	 0.476459
4.42304	 0.614577
4.42637	 0.649304
4.4297	 0.613894
4.43304	 0.758593
4.43637	 0.683474
4.4397	 0.481666
4.44304	 0.541857
4.44637	 0.675421
4.4497	 0.659233
4.45304	 0.678656
4.45637	 0.528928
4.4597	 0.454958
4.46304	 0.563455
4.46637	 0.656312
4.4697	 0.516378
4.47304	 0.618535
4.47637	 0.821569
4.4797	 0.610513
4.48303	 0.63212
4.48637	 0.533221
4.4897	 0.593406
4.49303	 0.487857
4.49637	 0.718372
4.4997	 0.571602
4.50303	 0.652657
4.50637	 0.61914
4.5097	 0.650937
4.51303	 0.562905
4.51637	 0.797913
4.5197	 0.561543
4.52303	 0.57928
4.52636	 0.657268
4.5297	 0.691742
4.53303	 0.566241
4.53636	 0.577056
4.5397	 0.76268
4.54303	 0.655286
4.54636	 0.497289
4.5497	 0.66717
4.55303	 0.547613
4.55636	 0.685613
4.5597	 0.606298
4.56303	 0.600526
4.56636	 0.638082
4.5697	 0.603508
4.57303	 0.498734
4.57636	 0.582504
4.57969	 0.567991
4.58303	 0.570642
4.58636	 0.458583
4.58969	 0.522608
4.59303	 0.446561
4.59636	 0.55489
4.59969	 0.61423
4.60303	 0.534638
4.60636	 0.547309
4.60969	 0.608762
4.61303	 0.639654
4.61636	 0.6295
4.61969	 0.530504
4.62303	 0.601109
4.62636	 0.52155
4.62969	 0.573777
4.63302	 0.566455
4.63636	 0.63321
4.63969	 0.697324
4.64302	 0.584238
4.64636	 0.725336
4.64969	 0.693028
4.65302	 0.522152
4.65636	 0.472736
4.65969	 0.582648
4.66302	 0.528214
4.66636	 0.485074
4.66969	 0.501379
4.67302	 0.684075
4.67635	 0.793604
4.67969	 0.448433
4.68302	 0.46516
4.68635	 0.450402
4.68969	 0.517285
4.69302	 0.684059
4.69635	 0.671057
4.69969	 0.647723
4.70302	 0.552016
4.70635	 0.419063
4.70969	 0.473462
4.71302	 0.737157
4.71635	 0.582591
4.71969	 0.493251
4.72302	 0.656628
4.72635	 0.548179
4.72968	 0.59961
4.73302	 0.516448
4.73635	 0.60395
4.73968	 0.617773
4.74302	 0.46455
4.74635	 0.636037
4.74968	 0.584627
4.75302	 0.596632
4.75635	 0.473424
4.75968	 0.656917
4.76302	 0.605676
4.76635	 0.653862
4.76968	 0.638722
4.77302	 0.660752
4.77635	 0.649904
4.77968	 0.560711
4.78301	 0.591896
4.78635	 0.595073
4.78968	 0.523873
4.79301	 0.65489
4.79635	 0.506064
4.79968	 0.525514
4.80301	 0.567043
4.80635	 0.511213
4.80968	 0.689557
4.81301	 0.564535
4.81635	 0.374661
4.81968	 0.723517
4.82301	 0.495815
4.82634	 0.56246
4.82968	 0.485813
4.83301	 0.460711
4.83634	 0.517776
4.83968	 0.613721
4.84301	 0.619087
4.84634	 0.53933
4.84968	 0.531711
4.85301	 0.602753
4.85634	 0.613825
4.85968	 0.436628
4.86301	 0.445948
4.86634	 0.630863
4.86968	 0.49976
4.87301	 0.649268
4.87634	 0.537868
4.87967	 0.5408
4.88301	 0.595494
4.88634	 0.539697
4.88967	 0.619735
4.89301	 0.56795
4.89634	 0.583408
4.89967	 0.547643
4.90301	 0.572029
4.90634	 0.607254
4.90967	 0.55193
4.91301	 0.553495
4.91634	 0.508745
4.91967	 0.594514
4.92301	 0.590495
4.92634	 0.487925
4.92967	 0.648713
4.933	 0.699266
4.93634	 0.617018
4.93967	 0.555834
4.943	 0.524564
4.94634	 0.560771
4.94967	 0.650624
4.953	 0.709574
4.95634	 0.467148
4.95967	 0.594987
4.963	 0.533861
4.96634	 0.537029
4.96967	 0.490951
4.973	 0.529636
4.97633	 0.634426
4.97967	 0.570587
4.983	 0.365307
4.98633	 0.584985
4.98967	 0.537464
4.993	 0.609731
4.99633	 0.557389
