# Frequency [GHz] 	Fouriercomponent
-4.99967	 0.000940829
-4.99633	 0.000832464
-4.993	 0.00103913
-4.98967	 0.000963506
-4.98633	 0.00101916
-4.983	 0.00104138
-4.97967	 0.0011605
-4.97633	 0.00117919
-4.973	 0.00112632
-4.96967	 0.00125637
-4.96634	 0.00125363
-4.963	 0.0011468
-4.95967	 0.00104279
-4.95634	 0.00116142
-4.953	 0.00109963
-4.94967	 0.00116076
-4.94634	 0.0010541
-4.943	 0.00114281
-4.93967	 0.00102604
-4.93634	 0.0012785
-4.933	 0.00147977
-4.92967	 0.00128207
-4.92634	 0.00121982
-4.92301	 0.00119178
-4.91967	 0.00139921
-4.91634	 0.00152068
-4.91301	 0.00128479
-4.90967	 0.00117217
-4.90634	 0.00107833
-4.90301	 0.00144272
-4.89967	 0.00095558
-4.89634	 0.00145593
-4.89301	 0.000971175
-4.88967	 0.00166202
-4.88634	 0.00131261
-4.88301	 0.00130343
-4.87967	 0.00139121
-4.87634	 0.00164364
-4.87301	 0.00155901
-4.86968	 0.000925064
-4.86634	 0.00162449
-4.86301	 0.00134403
-4.85968	 0.0013076
-4.85634	 0.00132113
-4.85301	 0.0012055
-4.84968	 0.0016776
-4.84634	 0.00133921
-4.84301	 0.00140841
-4.83968	 0.00125345
-4.83634	 0.00166004
-4.83301	 0.00125927
-4.82968	 0.00152041
-4.82634	 0.00158084
-4.82301	 0.00140954
-4.81968	 0.00138539
-4.81635	 0.00161971
-4.81301	 0.0014503
-4.80968	 0.00150436
-4.80635	 0.00148675
-4.80301	 0.00104157
-4.79968	 0.00139868
-4.79635	 0.00142784
-4.79301	 0.00111336
-4.78968	 0.00106857
-4.78635	 0.00128513
-4.78301	 0.00135743
-4.77968	 0.00137611
-4.77635	 0.00104618
-4.77302	 0.000988997
-4.76968	 0.00139613
-4.76635	 0.00087692
-4.76302	 0.00139455
-4.75968	 0.00142595
-4.75635	 0.00135135
-4.75302	 0.0015308
-4.74968	 0.00131452
-4.74635	 0.00112806
-4.74302	 0.000990657
-4.73968	 0.00109664
-4.73635	 0.0013245
-4.73302	 0.00095679
-4.72968	 0.00131585
-4.72635	 0.00127984
-4.72302	 0.000806344
-4.71969	 0.00080017
-4.71635	 0.00110973
-4.71302	 0.00117176
-4.70969	 0.000959005
-4.70635	 0.000922454
-4.70302	 0.000890137
-4.69969	 0.0010991
-4.69635	 0.000916578
-4.69302	 0.00112663
-4.68969	 0.000780907
-4.68635	 0.000862169
-4.68302	 0.00095734
-4.67969	 0.000895078
-4.67635	 0.000916066
-4.67302	 0.000995701
-4.66969	 0.000771536
-4.66636	 0.000914958
-4.66302	 0.000847549
-4.65969	 0.000774697
-4.65636	 0.000858641
-4.65302	 0.000855215
-4.64969	 0.00105791
-4.64636	 0.000702504
-4.64302	 0.000826206
-4.63969	 0.00079596
-4.63636	 0.000669749
-4.63302	 0.000705614
-4.62969	 0.000668702
-4.62636	 0.000754447
-4.62303	 0.000817204
-4.61969	 0.000681251
-4.61636	 0.000658227
-4.61303	 0.000664586
-4.60969	 0.000628811
-4.60636	 0.000785748
-4.60303	 0.000790416
-4.59969	 0.000690648
-4.59636	 0.000539645
-4.59303	 0.000575047
-4.58969	 0.000750768
-4.58636	 0.000793089
-4.58303	 0.000586273
-4.57969	 0.000838723
-4.57636	 0.000692622
-4.57303	 0.000694845
-4.5697	 0.000692308
-4.56636	 0.000543009
-4.56303	 0.000584398
-4.5597	 0.000598398
-4.55636	 0.000616082
-4.55303	 0.000628468
-4.5497	 0.000589618
-4.54636	 0.00052715
-4.54303	 0.000722243
-4.5397	 0.000687161
-4.53636	 0.000588068
-4.53303	 0.000726647
-4.5297	 0.000631002
-4.52636	 0.000519723
-4.52303	 0.000550251
-4.5197	 0.00055788
-4.51637	 0.00053119
-4.51303	 0.000538782
-4.5097	 0.000623894
-4.50637	 0.000663244
-4.50303	 0.000631991
-4.4997	 0.000533892
-4.49637	 0.000605967
-4.49303	 0.000571722
-4.4897	 0.000586454
-4.48637	 0.000506548
-4.48303	 0.000419827
-4.4797	 0.000707257
-4.47637	 0.000467917
-4.47304	 0.00042173
-4.4697	 0.000542464
-4.46637	 0.000458947
-4.46304	 0.00045478
-4.4597	 0.000498831
-4.45637	 0.000503642
-4.45304	 0.000607585
-4.4497	 0.000643289
-4.44637	 0.000506933
-4.44304	 0.000484014
-4.4397	 0.000553661
-4.43637	 0.000463786
-4.43304	 0.000485058
-4.4297	 0.00050102
-4.42637	 0.00052895
-4.42304	 0.000401763
-4.41971	 0.000622013
-4.41637	 0.000518206
-4.41304	 0.000617706
-4.40971	 0.000498192
-4.40637	 0.000507084
-4.40304	 0.000461977
-4.39971	 0.000484535
-4.39637	 0.000514508
-4.39304	 0.000468529
-4.38971	 0.000482716
-4.38637	 0.000419717
-4.38304	 0.000481761
-4.37971	 0.000449416
-4.37637	 0.000418003
-4.37304	 0.000503062
-4.36971	 0.000604118
-4.36638	 0.000579864
-4.36304	 0.000411745
-4.35971	 0.000600766
-4.35638	 0.000480092
-4.35304	 0.000464322
-4.34971	 0.000484173
-4.34638	 0.000517824
-4.34304	 0.000470515
-4.33971	 0.000468359
-4.33638	 0.000498103
-4.33304	 0.000583672
-4.32971	 0.000440581
-4.32638	 0.000492659
-4.32305	 0.000355287
-4.31971	 0.00059413
-4.31638	 0.000418201
-4.31305	 0.000484878
-4.30971	 0.000578185
-4.30638	 0.000494556
-4.30305	 0.000434059
-4.29971	 0.000457223
-4.29638	 0.000484556
-4.29305	 0.000483008
-4.28971	 0.000483743
-4.28638	 0.000426014
-4.28305	 0.000466143
-4.27971	 0.00041308
-4.27638	 0.000428152
-4.27305	 0.000486187
-4.26972	 0.000516988
-4.26638	 0.00051582
-4.26305	 0.000486909
-4.25972	 0.000484394
-4.25638	 0.000491469
-4.25305	 0.000493195
-4.24972	 0.000533112
-4.24638	 0.000532358
-4.24305	 0.00045736
-4.23972	 0.000473124
-4.23638	 0.00048978
-4.23305	 0.000428072
-4.22972	 0.000438154
-4.22638	 0.0004164
-4.22305	 0.000348148
-4.21972	 0.000420769
-4.21639	 0.000517387
-4.21305	 0.000387771
-4.20972	 0.000510541
-4.20639	 0.000429803
-4.20305	 0.00050905
-4.19972	 0.000491971
-4.19639	 0.000487484
-4.19305	 0.000501584
-4.18972	 0.000529411
-4.18639	 0.000536309
-4.18305	 0.000501272
-4.17972	 0.000404381
-4.17639	 0.000515653
-4.17306	 0.000585511
-4.16972	 0.000630645
-4.16639	 0.000422059
-4.16306	 0.000563995
-4.15972	 0.000498189
-4.15639	 0.000352288
-4.15306	 0.000550882
-4.14972	 0.000382793
-4.14639	 0.000622374
-4.14306	 0.000445722
-4.13972	 0.000384723
-4.13639	 0.00046126
-4.13306	 0.000459407
-4.12972	 0.000456248
-4.12639	 0.000565669
-4.12306	 0.00053583
-4.11973	 0.000551578
-4.11639	 0.000437751
-4.11306	 0.000477282
-4.10973	 0.000493346
-4.10639	 0.000572523
-4.10306	 0.000479661
-4.09973	 0.000528961
-4.09639	 0.000566253
-4.09306	 0.000511773
-4.08973	 0.000465171
-4.08639	 0.000384561
-4.08306	 0.000471743
-4.07973	 0.000535233
-4.07639	 0.000487098
-4.07306	 0.000532086
-4.06973	 0.000491621
-4.0664	 0.000543175
-4.06306	 0.000527958
-4.05973	 0.000564299
-4.0564	 0.000715252
-4.05306	 0.000643243
-4.04973	 0.00040922
-4.0464	 0.000563749
-4.04306	 0.000516386
-4.03973	 0.000517996
-4.0364	 0.000503523
-4.03306	 0.000559195
-4.02973	 0.000491833
-4.0264	 0.000518403
-4.02307	 0.000538133
-4.01973	 0.000551691
-4.0164	 0.000576405
-4.01307	 0.00052944
-4.00973	 0.000623675
-4.0064	 0.000717837
-4.00307	 0.000573155
-3.99973	 0.000588726
-3.9964	 0.000503499
-3.99307	 0.00064159
-3.98973	 0.00052929
-3.9864	 0.000613656
-3.98307	 0.000603169
-3.97973	 0.000566508
-3.9764	 0.000592657
-3.97307	 0.000690471
-3.96974	 0.000615347
-3.9664	 0.000682884
-3.96307	 0.000651738
-3.95974	 0.000787273
-3.9564	 0.000536875
-3.95307	 0.000573526
-3.94974	 0.000623297
-3.9464	 0.000601968
-3.94307	 0.00067443
-3.93974	 0.000722473
-3.9364	 0.000683978
-3.93307	 0.00068999
-3.92974	 0.000613287
-3.9264	 0.000562681
-3.92307	 0.00060294
-3.91974	 0.000548837
-3.91641	 0.000590061
-3.91307	 0.000733023
-3.90974	 0.000619039
-3.90641	 0.000743772
-3.90307	 0.000636472
-3.89974	 0.000639229
-3.89641	 0.000658835
-3.89307	 0.000785184
-3.88974	 0.000641714
-3.88641	 0.000685066
-3.88307	 0.000705295
-3.87974	 0.000559525
-3.87641	 0.000646031
-3.87308	 0.000657459
-3.86974	 0.000652126
-3.86641	 0.000742107
-3.86308	 0.000661881
-3.85974	 0.000585149
-3.85641	 0.000951041
-3.85308	 0.000915348
-3.84974	 0.000747378
-3.84641	 0.00114299
-3.84308	 0.000971658
-3.83974	 0.000974853
-3.83641	 0.000546695
-3.83308	 0.000843409
-3.82974	 0.000799167
-3.82641	 0.00104328
-3.82308	 0.00094357
-3.81975	 0.000971598
-3.81641	 0.000868741
-3.81308	 0.00102094
-3.80975	 0.000880649
-3.80641	 0.000717597
-3.80308	 0.000932979
-3.79975	 0.00079529
-3.79641	 0.00113468
-3.79308	 0.00107941
-3.78975	 0.000964429
-3.78641	 0.000974358
-3.78308	 0.00101732
-3.77975	 0.0010926
-3.77641	 0.00107931
-3.77308	 0.00106791
-3.76975	 0.00109331
-3.76642	 0.00123151
-3.76308	 0.00124321
-3.75975	 0.00095928
-3.75642	 0.000940447
-3.75308	 0.00129383
-3.74975	 0.00130066
-3.74642	 0.00139867
-3.74308	 0.00138882
-3.73975	 0.00118283
-3.73642	 0.00125462
-3.73308	 0.0010788
-3.72975	 0.00143101
-3.72642	 0.00139311
-3.72309	 0.00141683
-3.71975	 0.00140537
-3.71642	 0.00128982
-3.71309	 0.00118522
-3.70975	 0.00161682
-3.70642	 0.0014383
-3.70309	 0.00149453
-3.69975	 0.00156998
-3.69642	 0.00144818
-3.69309	 0.00152936
-3.68975	 0.00148536
-3.68642	 0.00116592
-3.68309	 0.0013993
-3.67975	 0.00154069
-3.67642	 0.00126811
-3.67309	 0.00154358
-3.66976	 0.00145674
-3.66642	 0.00159074
-3.66309	 0.00133482
-3.65976	 0.00150928
-3.65642	 0.0021069
-3.65309	 0.00157824
-3.64976	 0.00161814
-3.64642	 0.001665
-3.64309	 0.00155228
-3.63976	 0.00219848
-3.63642	 0.00147998
-3.63309	 0.00173651
-3.62976	 0.00213168
-3.62642	 0.0020566
-3.62309	 0.00148516
-3.61976	 0.001642
-3.61643	 0.00254964
-3.61309	 0.00204422
-3.60976	 0.00193328
-3.60643	 0.00177282
-3.60309	 0.00190181
-3.59976	 0.00194185
-3.59643	 0.00212302
-3.59309	 0.00217763
-3.58976	 0.00199111
-3.58643	 0.00225075
-3.58309	 0.00218085
-3.57976	 0.0016892
-3.57643	 0.0021392
-3.5731	 0.00209024
-3.56976	 0.00189561
-3.56643	 0.00198111
-3.5631	 0.00219603
-3.55976	 0.00170288
-3.55643	 0.00174996
-3.5531	 0.00207355
-3.54976	 0.00190893
-3.54643	 0.00211566
-3.5431	 0.00163886
-3.53976	 0.00124021
-3.53643	 0.00154017
-3.5331	 0.00202989
-3.52976	 0.00128344
-3.52643	 0.0011597
-3.5231	 0.00130643
-3.51977	 0.00159874
-3.51643	 0.00121109
-3.5131	 0.00110232
-3.50977	 0.00112616
-3.50643	 0.00147919
-3.5031	 0.00126976
-3.49977	 0.00134623
-3.49643	 0.00116164
-3.4931	 0.00139508
-3.48977	 0.00125987
-3.48643	 0.00114826
-3.4831	 0.00118374
-3.47977	 0.00102761
-3.47643	 0.00126161
-3.4731	 0.00105262
-3.46977	 0.00106942
-3.46644	 0.00107311
-3.4631	 0.00117418
-3.45977	 0.00103012
-3.45644	 0.000929205
-3.4531	 0.00124571
-3.44977	 0.000984881
-3.44644	 0.000769555
-3.4431	 0.00113618
-3.43977	 0.000795464
-3.43644	 0.000887359
-3.4331	 0.00094012
-3.42977	 0.000878304
-3.42644	 0.00085499
-3.42311	 0.00101512
-3.41977	 0.000981894
-3.41644	 0.000921479
-3.41311	 0.000813957
-3.40977	 0.000889975
-3.40644	 0.000991458
-3.40311	 0.000707281
-3.39977	 0.00082308
-3.39644	 0.00068603
-3.39311	 0.000954403
-3.38977	 0.000864702
-3.38644	 0.000649019
-3.38311	 0.000670935
-3.37977	 0.000785058
-3.37644	 0.000904502
-3.37311	 0.000765516
-3.36978	 0.000705491
-3.36644	 0.000711787
-3.36311	 0.000786317
-3.35978	 0.000775105
-3.35644	 0.000748569
-3.35311	 0.000736001
-3.34978	 0.00064653
-3.34644	 0.000841726
-3.34311	 0.000643022
-3.33978	 0.000538736
-3.33644	 0.000723416
-3.33311	 0.000543566
-3.32978	 0.000626083
-3.32644	 0.00069058
-3.32311	 0.000553231
-3.31978	 0.000738486
-3.31645	 0.000603757
-3.31311	 0.000568062
-3.30978	 0.000753721
-3.30645	 0.000628708
-3.30311	 0.000725023
-3.29978	 0.000729305
-3.29645	 0.000621077
-3.29311	 0.000646206
-3.28978	 0.000510353
-3.28645	 0.00058683
-3.28311	 0.000631277
-3.27978	 0.000612212
-3.27645	 0.000677542
-3.27312	 0.000484315
-3.26978	 0.000687075
-3.26645	 0.00061524
-3.26312	 0.000580246
-3.25978	 0.000513225
-3.25645	 0.000735986
-3.25312	 0.000582175
-3.24978	 0.000679717
-3.24645	 0.0006548
-3.24312	 0.00054186
-3.23978	 0.000517206
-3.23645	 0.000613541
-3.23312	 0.000609881
-3.22978	 0.000654896
-3.22645	 0.000612657
-3.22312	 0.000628989
-3.21979	 0.00047121
-3.21645	 0.000595652
-3.21312	 0.00054759
-3.20979	 0.00044565
-3.20645	 0.000548853
-3.20312	 0.000416602
-3.19979	 0.000442635
-3.19645	 0.000595148
-3.19312	 0.00058479
-3.18979	 0.000496997
-3.18645	 0.000467841
-3.18312	 0.000457253
-3.17979	 0.000520982
-3.17645	 0.000461636
-3.17312	 0.000479571
-3.16979	 0.000690992
-3.16646	 0.000526359
-3.16312	 0.000505422
-3.15979	 0.000515198
-3.15646	 0.000452088
-3.15312	 0.000433554
-3.14979	 0.000507672
-3.14646	 0.000451429
-3.14312	 0.000578125
-3.13979	 0.000591354
-3.13646	 0.00039459
-3.13312	 0.000562086
-3.12979	 0.00056102
-3.12646	 0.000542509
-3.12313	 0.000535091
-3.11979	 0.000493823
-3.11646	 0.000503808
-3.11313	 0.000473257
-3.10979	 0.000458417
-3.10646	 0.000436381
-3.10313	 0.000491951
-3.09979	 0.000447784
-3.09646	 0.000564973
-3.09313	 0.000382781
-3.08979	 0.000430325
-3.08646	 0.000521666
-3.08313	 0.000454703
-3.07979	 0.000550797
-3.07646	 0.000531417
-3.07313	 0.0004952
-3.0698	 0.000471215
-3.06646	 0.000443567
-3.06313	 0.000463145
-3.0598	 0.000553769
-3.05646	 0.000541089
-3.05313	 0.000493712
-3.0498	 0.000547395
-3.04646	 0.000580617
-3.04313	 0.000496277
-3.0398	 0.00048961
-3.03646	 0.000556552
-3.03313	 0.000551651
-3.0298	 0.000577424
-3.02646	 0.000543387
-3.02313	 0.000490257
-3.0198	 0.000478394
-3.01647	 0.000625466
-3.01313	 0.000507413
-3.0098	 0.000491992
-3.00647	 0.000456557
-3.00313	 0.000478113
-2.9998	 0.000523431
-2.99647	 0.000546019
-2.99313	 0.000436611
-2.9898	 0.000449082
-2.98647	 0.000539153
-2.98313	 0.000512878
-2.9798	 0.000493253
-2.97647	 0.000429354
-2.97314	 0.000465961
-2.9698	 0.000420142
-2.96647	 0.000534026
-2.96314	 0.00044187
-2.9598	 0.000503417
-2.95647	 0.000530694
-2.95314	 0.000526373
-2.9498	 0.000446471
-2.94647	 0.000354914
-2.94314	 0.000483926
-2.9398	 0.000603277
-2.93647	 0.000536769
-2.93314	 0.00057409
-2.9298	 0.000534534
-2.92647	 0.000522858
-2.92314	 0.000501709
-2.91981	 0.000570984
-2.91647	 0.000460567
-2.91314	 0.00045992
-2.90981	 0.000646971
-2.90647	 0.000422505
-2.90314	 0.000428975
-2.89981	 0.000460467
-2.89647	 0.000547451
-2.89314	 0.000509538
-2.88981	 0.000527263
-2.88647	 0.000452036
-2.88314	 0.000433128
-2.87981	 0.000526218
-2.87647	 0.000481385
-2.87314	 0.000462292
-2.86981	 0.000457364
-2.86648	 0.000618387
-2.86314	 0.000558428
-2.85981	 0.000475895
-2.85648	 0.000525667
-2.85314	 0.000581427
-2.84981	 0.000448036
-2.84648	 0.000563149
-2.84314	 0.000632482
-2.83981	 0.000714971
-2.83648	 0.000630684
-2.83314	 0.00062817
-2.82981	 0.000546675
-2.82648	 0.00051939
-2.82315	 0.000540156
-2.81981	 0.000526048
-2.81648	 0.000535355
-2.81315	 0.000569098
-2.80981	 0.000502351
-2.80648	 0.000671079
-2.80315	 0.000746096
-2.79981	 0.000613973
-2.79648	 0.000479009
-2.79315	 0.000637325
-2.78981	 0.000565454
-2.78648	 0.0006518
-2.78315	 0.000658293
-2.77981	 0.000618059
-2.77648	 0.000674679
-2.77315	 0.000610725
-2.76982	 0.000611808
-2.76648	 0.000565413
-2.76315	 0.000852047
-2.75982	 0.000575256
-2.75648	 0.000658694
-2.75315	 0.000624939
-2.74982	 0.000658564
-2.74648	 0.000506229
-2.74315	 0.000679091
-2.73982	 0.000588762
-2.73648	 0.00065157
-2.73315	 0.000635215
-2.72982	 0.000575074
-2.72648	 0.000698762
-2.72315	 0.000604208
-2.71982	 0.000574531
-2.71649	 0.000673057
-2.71315	 0.000677539
-2.70982	 0.000671787
-2.70649	 0.000624015
-2.70315	 0.00070103
-2.69982	 0.000809157
-2.69649	 0.000766452
-2.69315	 0.000585132
-2.68982	 0.00077009
-2.68649	 0.000668604
-2.68315	 0.000685816
-2.67982	 0.000709442
-2.67649	 0.000559298
-2.67316	 0.000772391
-2.66982	 0.000709916
-2.66649	 0.000809955
-2.66316	 0.000659003
-2.65982	 0.000899083
-2.65649	 0.000775194
-2.65316	 0.000743746
-2.64982	 0.000804026
-2.64649	 0.000903174
-2.64316	 0.000719178
-2.63982	 0.000889937
-2.63649	 0.000737174
-2.63316	 0.000956106
-2.62982	 0.000893302
-2.62649	 0.000825672
-2.62316	 0.000896007
-2.61983	 0.000727165
-2.61649	 0.00122636
-2.61316	 0.000792841
-2.60983	 0.000675673
-2.60649	 0.000914679
-2.60316	 0.000979944
-2.59983	 0.000922206
-2.59649	 0.0013099
-2.59316	 0.00107767
-2.58983	 0.00116371
-2.58649	 0.000992133
-2.58316	 0.00107125
-2.57983	 0.00125317
-2.57649	 0.000889519
-2.57316	 0.00108442
-2.56983	 0.000858343
-2.5665	 0.00138284
-2.56316	 0.00106312
-2.55983	 0.000988733
-2.5565	 0.00110802
-2.55316	 0.00123332
-2.54983	 0.00133979
-2.5465	 0.00110946
-2.54316	 0.00130746
-2.53983	 0.00129224
-2.5365	 0.00135327
-2.53316	 0.00121421
-2.52983	 0.0010012
-2.5265	 0.00144939
-2.52317	 0.001513
-2.51983	 0.00135648
-2.5165	 0.00169037
-2.51317	 0.0014731
-2.50983	 0.00128371
-2.5065	 0.00164431
-2.50317	 0.00146252
-2.49983	 0.0017092
-2.4965	 0.00162913
-2.49317	 0.0016162
-2.48983	 0.00176051
-2.4865	 0.00153585
-2.48317	 0.0017773
-2.47983	 0.00169788
-2.4765	 0.00163693
-2.47317	 0.00124254
-2.46984	 0.00180357
-2.4665	 0.00189648
-2.46317	 0.00169891
-2.45984	 0.00237319
-2.4565	 0.00183107
-2.45317	 0.00236785
-2.44984	 0.00172126
-2.4465	 0.00214509
-2.44317	 0.00260463
-2.43984	 0.00220455
-2.4365	 0.00232681
-2.43317	 0.00235907
-2.42984	 0.00221924
-2.4265	 0.00238812
-2.42317	 0.00196657
-2.41984	 0.00266273
-2.41651	 0.00243944
-2.41317	 0.0024509
-2.40984	 0.00236085
-2.40651	 0.00298782
-2.40317	 0.00334901
-2.39984	 0.0035483
-2.39651	 0.00394991
-2.39317	 0.00314308
-2.38984	 0.00377896
-2.38651	 0.00327285
-2.38317	 0.00273283
-2.37984	 0.00331751
-2.37651	 0.0030322
-2.37318	 0.00382317
-2.36984	 0.00418769
-2.36651	 0.00309302
-2.36318	 0.003607
-2.35984	 0.00406052
-2.35651	 0.0036658
-2.35318	 0.00293658
-2.34984	 0.00331349
-2.34651	 0.00325911
-2.34318	 0.00233716
-2.33984	 0.0038436
-2.33651	 0.00263884
-2.33318	 0.00232998
-2.32984	 0.00236058
-2.32651	 0.00197174
-2.32318	 0.00193838
-2.31985	 0.00192223
-2.31651	 0.00211906
-2.31318	 0.00250847
-2.30985	 0.00198447
-2.30651	 0.00170253
-2.30318	 0.00191544
-2.29985	 0.0017788
-2.29651	 0.00199583
-2.29318	 0.00154245
-2.28985	 0.0018114
-2.28651	 0.00148028
-2.28318	 0.00127513
-2.27985	 0.00137172
-2.27651	 0.00127687
-2.27318	 0.00178451
-2.26985	 0.00130928
-2.26652	 0.00168166
-2.26318	 0.00135614
-2.25985	 0.00107925
-2.25652	 0.00160985
-2.25318	 0.00153023
-2.24985	 0.00126325
-2.24652	 0.00102132
-2.24318	 0.000871406
-2.23985	 0.00117383
-2.23652	 0.00079811
-2.23318	 0.00113149
-2.22985	 0.00103576
-2.22652	 0.00102448
-2.22319	 0.00103912
-2.21985	 0.00092878
-2.21652	 0.00099305
-2.21319	 0.000678142
-2.20985	 0.000986109
-2.20652	 0.00101077
-2.20319	 0.00104772
-2.19985	 0.000793841
-2.19652	 0.00100413
-2.19319	 0.000844656
-2.18985	 0.000897172
-2.18652	 0.000663318
-2.18319	 0.000847607
-2.17985	 0.000877969
-2.17652	 0.00100199
-2.17319	 0.000880923
-2.16986	 0.000686809
-2.16652	 0.00084539
-2.16319	 0.000741693
-2.15986	 0.0007331
-2.15652	 0.000984739
-2.15319	 0.000837832
-2.14986	 0.000861103
-2.14652	 0.000663997
-2.14319	 0.000806253
-2.13986	 0.000854427
-2.13652	 0.000677638
-2.13319	 0.000858287
-2.12986	 0.000743107
-2.12652	 0.000586372
-2.12319	 0.000653037
-2.11986	 0.000738978
-2.11653	 0.000706203
-2.11319	 0.000746394
-2.10986	 0.000752173
-2.10653	 0.000801548
-2.10319	 0.000620238
-2.09986	 0.000729638
-2.09653	 0.000674218
-2.09319	 0.000629094
-2.08986	 0.00053966
-2.08653	 0.000726134
-2.08319	 0.000643648
-2.07986	 0.000630449
-2.07653	 0.000658044
-2.0732	 0.00056694
-2.06986	 0.000670791
-2.06653	 0.000613105
-2.0632	 0.000572209
-2.05986	 0.000520453
-2.05653	 0.000674668
-2.0532	 0.000640313
-2.04986	 0.000547657
-2.04653	 0.00067488
-2.0432	 0.000614893
-2.03986	 0.000596931
-2.03653	 0.000582005
-2.0332	 0.000679201
-2.02986	 0.000585877
-2.02653	 0.00060015
-2.0232	 0.00063564
-2.01987	 0.000598187
-2.01653	 0.000570376
-2.0132	 0.000637777
-2.00987	 0.000539317
-2.00653	 0.000599081
-2.0032	 0.000695024
-1.99987	 0.000537268
-1.99653	 0.000477788
-1.9932	 0.000535687
-1.98987	 0.00042989
-1.98653	 0.000456292
-1.9832	 0.000561273
-1.97987	 0.000480005
-1.97653	 0.000541099
-1.9732	 0.00064525
-1.96987	 0.000590895
-1.96654	 0.000670473
-1.9632	 0.000576334
-1.95987	 0.000455264
-1.95654	 0.000580519
-1.9532	 0.000575575
-1.94987	 0.000498408
-1.94654	 0.000556132
-1.9432	 0.000587353
-1.93987	 0.000388943
-1.93654	 0.000449016
-1.9332	 0.000518071
-1.92987	 0.000618691
-1.92654	 0.00061885
-1.92321	 0.000690091
-1.91987	 0.0006977
-1.91654	 0.000496548
-1.91321	 0.000604018
-1.90987	 0.000479882
-1.90654	 0.000597503
-1.90321	 0.000542687
-1.89987	 0.00046478
-1.89654	 0.000507264
-1.89321	 0.000676945
-1.88987	 0.00045315
-1.88654	 0.000451549
-1.88321	 0.000548988
-1.87987	 0.000555782
-1.87654	 0.000518471
-1.87321	 0.000471231
-1.86988	 0.000541982
-1.86654	 0.000612581
-1.86321	 0.000554153
-1.85988	 0.000694748
-1.85654	 0.000435384
-1.85321	 0.000348961
-1.84988	 0.000502193
-1.84654	 0.000586524
-1.84321	 0.000587545
-1.83988	 0.000407369
-1.83654	 0.000487433
-1.83321	 0.000498905
-1.82988	 0.000506548
-1.82654	 0.00065312
-1.82321	 0.000543283
-1.81988	 0.000403712
-1.81655	 0.000482741
-1.81321	 0.000524623
-1.80988	 0.000497817
-1.80655	 0.000534928
-1.80321	 0.000617159
-1.79988	 0.000426827
-1.79655	 0.000619609
-1.79321	 0.000542281
-1.78988	 0.000516924
-1.78655	 0.000487655
-1.78321	 0.000585383
-1.77988	 0.000589227
-1.77655	 0.00062884
-1.77322	 0.000508197
-1.76988	 0.000450096
-1.76655	 0.000504239
-1.76322	 0.000480802
-1.75988	 0.00047697
-1.75655	 0.000425361
-1.75322	 0.000490354
-1.74988	 0.000489067
-1.74655	 0.000583973
-1.74322	 0.000523814
-1.73988	 0.00064011
-1.73655	 0.000542619
-1.73322	 0.000534828
-1.72988	 0.000567319
-1.72655	 0.000570041
-1.72322	 0.000504353
-1.71989	 0.000601358
-1.71655	 0.000472011
-1.71322	 0.000540416
-1.70989	 0.000508059
-1.70655	 0.000470483
-1.70322	 0.000517398
-1.69989	 0.000591652
-1.69655	 0.000535232
-1.69322	 0.000540383
-1.68989	 0.000588111
-1.68655	 0.000592353
-1.68322	 0.000624139
-1.67989	 0.000593932
-1.67655	 0.000623349
-1.67322	 0.000514228
-1.66989	 0.000539077
-1.66656	 0.00054574
-1.66322	 0.000477354
-1.65989	 0.000594576
-1.65656	 0.000555598
-1.65322	 0.000494604
-1.64989	 0.000485238
-1.64656	 0.000426283
-1.64322	 0.000551871
-1.63989	 0.000487018
-1.63656	 0.000519814
-1.63322	 0.000497425
-1.62989	 0.000641655
-1.62656	 0.000596332
-1.62323	 0.000692396
-1.61989	 0.000531831
-1.61656	 0.000743157
-1.61323	 0.000647794
-1.60989	 0.000703179
-1.60656	 0.000660645
-1.60323	 0.000619914
-1.59989	 0.000511913
-1.59656	 0.000638794
-1.59323	 0.000723219
-1.58989	 0.000493268
-1.58656	 0.000583803
-1.58323	 0.000556446
-1.57989	 0.000635921
-1.57656	 0.000701532
-1.57323	 0.000557753
-1.5699	 0.000533273
-1.56656	 0.000626555
-1.56323	 0.000657597
-1.5599	 0.000650829
-1.55656	 0.000609202
-1.55323	 0.000675327
-1.5499	 0.000663075
-1.54656	 0.000475282
-1.54323	 0.000547775
-1.5399	 0.000623842
-1.53656	 0.000581561
-1.53323	 0.000701261
-1.5299	 0.000762279
-1.52656	 0.000717587
-1.52323	 0.000734669
-1.5199	 0.000633892
-1.51657	 0.000785032
-1.51323	 0.000663868
-1.5099	 0.000610598
-1.50657	 0.000926383
-1.50323	 0.00077832
-1.4999	 0.000665412
-1.49657	 0.000641496
-1.49323	 0.000637212
-1.4899	 0.000716746
-1.48657	 0.000716781
-1.48323	 0.000815794
-1.4799	 0.000863474
-1.47657	 0.000631116
-1.47324	 0.000662915
-1.4699	 0.000628643
-1.46657	 0.000725334
-1.46324	 0.00057461
-1.4599	 0.0007425
-1.45657	 0.000585518
-1.45324	 0.000721007
-1.4499	 0.000617727
-1.44657	 0.000777464
-1.44324	 0.000973782
-1.4399	 0.000841349
-1.43657	 0.000844381
-1.43324	 0.000768004
-1.4299	 0.00089078
-1.42657	 0.000846146
-1.42324	 0.00095851
-1.41991	 0.00101284
-1.41657	 0.000865096
-1.41324	 0.00100856
-1.40991	 0.000730179
-1.40657	 0.00081804
-1.40324	 0.000690776
-1.39991	 0.000996729
-1.39657	 0.00118979
-1.39324	 0.00104963
-1.38991	 0.000884937
-1.38657	 0.00107145
-1.38324	 0.001059
-1.37991	 0.000923908
-1.37657	 0.000874777
-1.37324	 0.0011448
-1.36991	 0.000587313
-1.36658	 0.00113305
-1.36324	 0.00122076
-1.35991	 0.00105476
-1.35658	 0.0010889
-1.35324	 0.00128659
-1.34991	 0.000975742
-1.34658	 0.0012512
-1.34324	 0.00126051
-1.33991	 0.00129958
-1.33658	 0.00154692
-1.33324	 0.00117397
-1.32991	 0.0011387
-1.32658	 0.00132499
-1.32325	 0.00137361
-1.31991	 0.00149556
-1.31658	 0.00143653
-1.31325	 0.00136372
-1.30991	 0.00152805
-1.30658	 0.00162483
-1.30325	 0.00195437
-1.29991	 0.00213297
-1.29658	 0.00193147
-1.29325	 0.0014891
-1.28991	 0.00153203
-1.28658	 0.00220046
-1.28325	 0.0022755
-1.27991	 0.00218802
-1.27658	 0.00222772
-1.27325	 0.00209334
-1.26992	 0.00219129
-1.26658	 0.00209955
-1.26325	 0.00234266
-1.25992	 0.00268842
-1.25658	 0.00210143
-1.25325	 0.002706
-1.24992	 0.00219199
-1.24658	 0.00270557
-1.24325	 0.00295195
-1.23992	 0.00339087
-1.23658	 0.00234684
-1.23325	 0.00309419
-1.22992	 0.00383606
-1.22658	 0.00386555
-1.22325	 0.0035643
-1.21992	 0.00467093
-1.21659	 0.00454386
-1.21325	 0.00381356
-1.20992	 0.00549702
-1.20659	 0.00635494
-1.20325	 0.00572702
-1.19992	 0.00740469
-1.19659	 0.0105493
-1.19325	 0.00976402
-1.18992	 0.0117267
-1.18659	 0.0118695
-1.18325	 0.0139625
-1.17992	 0.0137478
-1.17659	 0.0095968
-1.17326	 0.00947558
-1.16992	 0.00659064
-1.16659	 0.00728884
-1.16326	 0.00593898
-1.15992	 0.00609787
-1.15659	 0.00465572
-1.15326	 0.00436366
-1.14992	 0.00357619
-1.14659	 0.0037219
-1.14326	 0.00366005
-1.13992	 0.00368426
-1.13659	 0.0036048
-1.13326	 0.00274015
-1.12992	 0.00317248
-1.12659	 0.00302694
-1.12326	 0.0030991
-1.11993	 0.00225957
-1.11659	 0.00221828
-1.11326	 0.0022196
-1.10993	 0.00212262
-1.10659	 0.00191849
-1.10326	 0.00208779
-1.09993	 0.00172117
-1.09659	 0.00155968
-1.09326	 0.00170798
-1.08993	 0.00197442
-1.08659	 0.00139774
-1.08326	 0.00163621
-1.07993	 0.00144834
-1.07659	 0.00149577
-1.07326	 0.00160709
-1.06993	 0.0015106
-1.0666	 0.00160361
-1.06326	 0.00136834
-1.05993	 0.00170385
-1.0566	 0.00136186
-1.05326	 0.000984935
-1.04993	 0.00126297
-1.0466	 0.00115027
-1.04326	 0.00109479
-1.03993	 0.00128111
-1.0366	 0.00128199
-1.03326	 0.000965496
-1.02993	 0.00102956
-1.0266	 0.00109412
-1.02327	 0.0012542
-1.01993	 0.00106291
-1.0166	 0.00105552
-1.01327	 0.00112873
-1.00993	 0.000972551
-1.0066	 0.000824131
-1.00327	 0.00079384
-0.999933	 0.000949417
-0.9966	 0.00111742
-0.993267	 0.00113425
-0.989934	 0.000959819
-0.986601	 0.000966317
-0.983268	 0.000884644
-0.979935	 0.000830482
-0.976602	 0.000920753
-0.973268	 0.000993386
-0.969935	 0.00067877
-0.966602	 0.00063418
-0.963269	 0.000828093
-0.959936	 0.000719358
-0.956603	 0.000826718
-0.95327	 0.000925948
-0.949937	 0.000987022
-0.946604	 0.00104847
-0.94327	 0.000737582
-0.939937	 0.000786634
-0.936604	 0.000583549
-0.933271	 0.00088445
-0.929938	 0.000717204
-0.926605	 0.000814853
-0.923272	 0.000804775
-0.919939	 0.00085955
-0.916606	 0.000653348
-0.913272	 0.00065597
-0.909939	 0.000782457
-0.906606	 0.000801303
-0.903273	 0.000650521
-0.89994	 0.000806047
-0.896607	 0.000634402
-0.893274	 0.000699464
-0.889941	 0.000860027
-0.886608	 0.000588506
-0.883274	 0.000801014
-0.879941	 0.000657229
-0.876608	 0.000688938
-0.873275	 0.000773774
-0.869942	 0.000590645
-0.866609	 0.000687734
-0.863276	 0.000762839
-0.859943	 0.000719213
-0.85661	 0.000769003
-0.853276	 0.000575209
-0.849943	 0.000742899
-0.84661	 0.000694257
-0.843277	 0.000686447
-0.839944	 0.000713119
-0.836611	 0.000603834
-0.833278	 0.000697418
-0.829945	 0.000551617
-0.826612	 0.000657332
-0.823278	 0.000731335
-0.819945	 0.000786583
-0.816612	 0.000568811
-0.813279	 0.000623228
-0.809946	 0.000571903
-0.806613	 0.000507191
-0.80328	 0.000514593
-0.799947	 0.000474479
-0.796614	 0.000525968
-0.79328	 0.000587452
-0.789947	 0.000721071
-0.786614	 0.000647854
-0.783281	 0.000578941
-0.779948	 0.000526072
-0.776615	 0.00063056
-0.773282	 0.000625911
-0.769949	 0.000447231
-0.766616	 0.000463427
-0.763282	 0.000593459
-0.759949	 0.0005509
-0.756616	 0.000571892
-0.753283	 0.000687922
-0.74995	 0.000486373
-0.746617	 0.00054847
-0.743284	 0.000573691
-0.739951	 0.00060157
-0.736618	 0.000614206
-0.733284	 0.0005898
-0.729951	 0.000545717
-0.726618	 0.000522866
-0.723285	 0.000605539
-0.719952	 0.000510189
-0.716619	 0.000639163
-0.713286	 0.000702612
-0.709953	 0.000471182
-0.70662	 0.00057019
-0.703286	 0.000556146
-0.699953	 0.000679613
-0.69662	 0.000733566
-0.693287	 0.000579536
-0.689954	 0.000627021
-0.686621	 0.000610696
-0.683288	 0.000604319
-0.679955	 0.00065151
-0.676622	 0.00058028
-0.673288	 0.000551431
-0.669955	 0.000558951
-0.666622	 0.000593298
-0.663289	 0.000679836
-0.659956	 0.000525118
-0.656623	 0.00046289
-0.65329	 0.000622083
-0.649957	 0.00054301
-0.646624	 0.00057704
-0.64329	 0.000577406
-0.639957	 0.000444588
-0.636624	 0.00060265
-0.633291	 0.000446134
-0.629958	 0.000512995
-0.626625	 0.000574392
-0.623292	 0.000665561
-0.619959	 0.000506219
-0.616626	 0.000620477
-0.613292	 0.000457921
-0.609959	 0.000556678
-0.606626	 0.000627104
-0.603293	 0.000636997
-0.59996	 0.000532287
-0.596627	 0.000530126
-0.593294	 0.000445216
-0.589961	 0.000689817
-0.586628	 0.000560462
-0.583294	 0.000605669
-0.579961	 0.000630565
-0.576628	 0.000611175
-0.573295	 0.000608686
-0.569962	 0.000671752
-0.566629	 0.000688552
-0.563296	 0.000556054
-0.559963	 0.000568827
-0.55663	 0.000503642
-0.553296	 0.000727344
-0.549963	 0.000596691
-0.54663	 0.000628025
-0.543297	 0.000560252
-0.539964	 0.000733818
-0.536631	 0.00079346
-0.533298	 0.000633432
-0.529965	 0.000624733
-0.526632	 0.000539615
-0.523298	 0.000608561
-0.519965	 0.000687142
-0.516632	 0.000710002
-0.513299	 0.000598731
-0.509966	 0.000676515
-0.506633	 0.000463864
-0.5033	 0.000567
-0.499967	 0.00062834
-0.496634	 0.000604697
-0.4933	 0.000512191
-0.489967	 0.000657353
-0.486634	 0.000693734
-0.483301	 0.000526039
-0.479968	 0.000638401
-0.476635	 0.000518282
-0.473302	 0.000700494
-0.469969	 0.000639338
-0.466636	 0.000626736
-0.463302	 0.000878878
-0.459969	 0.000578897
-0.456636	 0.000558012
-0.453303	 0.000711582
-0.44997	 0.000729571
-0.446637	 0.000568665
-0.443304	 0.00066551
-0.439971	 0.000538279
-0.436638	 0.000576706
-0.433304	 0.000599673
-0.429971	 0.000675198
-0.426638	 0.000644449
-0.423305	 0.000641188
-0.419972	 0.000764035
-0.416639	 0.000772219
-0.413306	 0.000629033
-0.409973	 0.00080186
-0.40664	 0.000628678
-0.403306	 0.000759542
-0.399973	 0.000713841
-0.39664	 0.0006399
-0.393307	 0.000523013
-0.389974	 0.000803089
-0.386641	 0.000604405
-0.383308	 0.000598908
-0.379975	 0.000656768
-0.376642	 0.000573924
-0.373308	 0.000775588
-0.369975	 0.000771812
-0.366642	 0.000828875
-0.363309	 0.000681506
-0.359976	 0.000929429
-0.356643	 0.000652595
-0.35331	 0.000836695
-0.349977	 0.000826968
-0.346644	 0.000793707
-0.34331	 0.000790953
-0.339977	 0.000747348
-0.336644	 0.000724524
-0.333311	 0.000749082
-0.329978	 0.000763517
-0.326645	 0.000691335
-0.323312	 0.000790454
-0.319979	 0.000850961
-0.316646	 0.000794905
-0.313312	 0.000762599
-0.309979	 0.000799099
-0.306646	 0.00077734
-0.303313	 0.000694142
-0.29998	 0.000975474
-0.296647	 0.000917634
-0.293314	 0.000809545
-0.289981	 0.00102298
-0.286648	 0.000901636
-0.283314	 0.000839554
-0.279981	 0.00106419
-0.276648	 0.000878557
-0.273315	 0.00113118
-0.269982	 0.000945389
-0.266649	 0.000876669
-0.263316	 0.00109056
-0.259983	 0.000719742
-0.25665	 0.00119288
-0.253316	 0.00111445
-0.249983	 0.000852493
-0.24665	 0.000846063
-0.243317	 0.000912216
-0.239984	 0.000846332
-0.236651	 0.00103849
-0.233318	 0.00111572
-0.229985	 0.00111886
-0.226652	 0.000844375
-0.223318	 0.00109687
-0.219985	 0.00110538
-0.216652	 0.00104595
-0.213319	 0.000964381
-0.209986	 0.00123837
-0.206653	 0.00101436
-0.20332	 0.0010745
-0.199987	 0.00112748
-0.196654	 0.0015711
-0.19332	 0.00107052
-0.189987	 0.0010667
-0.186654	 0.0011119
-0.183321	 0.00138073
-0.179988	 0.00148026
-0.176655	 0.00120931
-0.173322	 0.00145568
-0.169989	 0.001419
-0.166656	 0.00151066
-0.163322	 0.00145011
-0.159989	 0.00130275
-0.156656	 0.00141951
-0.153323	 0.00151058
-0.14999	 0.00197457
-0.146657	 0.00168921
-0.143324	 0.00129025
-0.139991	 0.00166262
-0.136658	 0.00155137
-0.133324	 0.00180343
-0.129991	 0.00156433
-0.126658	 0.00142951
-0.123325	 0.00184655
-0.119992	 0.00200143
-0.116659	 0.00183135
-0.113326	 0.00188503
-0.109993	 0.0022458
-0.10666	 0.00163627
-0.103326	 0.00274224
-0.0999933	 0.00210462
-0.0966602	 0.00230605
-0.0933271	 0.00266799
-0.089994	 0.00248617
-0.0866609	 0.0025435
-0.0833278	 0.00190766
-0.0799947	 0.00278945
-0.0766616	 0.00237197
-0.0733284	 0.00343263
-0.0699953	 0.00351798
-0.0666622	 0.00332739
-0.0633291	 0.00322334
-0.059996	 0.00373926
-0.0566629	 0.00358078
-0.0533298	 0.00439999
-0.0499967	 0.00460139
-0.0466636	 0.00420547
-0.0433304	 0.00533839
-0.0399973	 0.00483537
-0.0366642	 0.00607404
-0.0333311	 0.00647297
-0.029998	 0.0078061
-0.0266649	 0.00895749
-0.0233318	 0.0122252
-0.0199987	 0.0131612
-0.0166656	 0.0142994
-0.0133324	 0.016983
-0.00999933	 0.0300139
-0.00666622	 0.0488862
-0.00333311	 8.72828e-06
0	 1
0.00333311	 0.0488481
0.00666622	 0.0333974
0.00999933	 0.0168443
0.0133324	 0.0154217
0.0166656	 0.0127808
0.0199987	 0.0124222
0.0233318	 0.00899216
0.0266649	 0.00776598
0.029998	 0.0064089
0.0333311	 0.00607092
0.0366642	 0.0045086
0.0399973	 0.00499124
0.0433304	 0.00489588
0.0466636	 0.00441827
0.0499967	 0.00453745
0.0533298	 0.00374609
0.0566629	 0.00344309
0.059996	 0.00320574
0.0633291	 0.00354293
0.0666622	 0.00343286
0.0699953	 0.00335256
0.0733284	 0.00210285
0.0766616	 0.00307592
0.0799947	 0.00218439
0.0833278	 0.00251134
0.0866609	 0.00249351
0.089994	 0.00208038
0.0933271	 0.00221571
0.0966602	 0.00201459
0.0999933	 0.00277246
0.103326	 0.00205697
0.10666	 0.00231774
0.109993	 0.00186438
0.113326	 0.00157476
0.116659	 0.00182445
0.119992	 0.00196777
0.123325	 0.00152833
0.126658	 0.0015822
0.129991	 0.00192666
0.133324	 0.00144219
0.136658	 0.00158064
0.139991	 0.00138251
0.143324	 0.00174734
0.146657	 0.00180633
0.14999	 0.00164228
0.153323	 0.00115326
0.156656	 0.00137076
0.159989	 0.0015289
0.163322	 0.00154041
0.166656	 0.00126984
0.169989	 0.00144862
0.173322	 0.00126406
0.176655	 0.00140206
0.179988	 0.00116308
0.183321	 0.00122666
0.186654	 0.00117628
0.189987	 0.00111612
0.19332	 0.00122518
0.196654	 0.00115064
0.199987	 0.00109304
0.20332	 0.00101695
0.206653	 0.00108758
0.209986	 0.00106638
0.213319	 0.00119052
0.216652	 0.00107162
0.219985	 0.00105365
0.223318	 0.000976468
0.226652	 0.000949478
0.229985	 0.00118448
0.233318	 0.000993624
0.236651	 0.00100565
0.239984	 0.00108981
0.243317	 0.00101157
0.24665	 0.0009058
0.249983	 0.00108445
0.253316	 0.00102036
0.25665	 0.000997748
0.259983	 0.000801032
0.263316	 0.000914765
0.266649	 0.000867064
0.269982	 0.00103051
0.273315	 0.000783076
0.276648	 0.00091818
0.279981	 0.000956358
0.283314	 0.000674823
0.286648	 0.000967268
0.289981	 0.000662898
0.293314	 0.000840618
0.296647	 0.000893091
0.29998	 0.000804715
0.303313	 0.000713726
0.306646	 0.000896864
0.309979	 0.000708293
0.313312	 0.000758933
0.316646	 0.000639815
0.319979	 0.000630419
0.323312	 0.00100472
0.326645	 0.000886059
0.329978	 0.00063306
0.333311	 0.000728824
0.336644	 0.000701786
0.339977	 0.000840722
0.34331	 0.000733343
0.346644	 0.000624323
0.349977	 0.000806979
0.35331	 0.000599288
0.356643	 0.000724732
0.359976	 0.000652226
0.363309	 0.000674709
0.366642	 0.000708728
0.369975	 0.000766504
0.373308	 0.000710431
0.376642	 0.000825992
0.379975	 0.000758189
0.383308	 0.00070066
0.386641	 0.000669876
0.389974	 0.000525647
0.393307	 0.000711568
0.39664	 0.000591498
0.399973	 0.000682937
0.403306	 0.000652614
0.40664	 0.000830607
0.409973	 0.00058781
0.413306	 0.000781475
0.416639	 0.000677306
0.419972	 0.000638967
0.423305	 0.000636898
0.426638	 0.000804537
0.429971	 0.000542937
0.433304	 0.000557577
0.436638	 0.000714751
0.439971	 0.000565495
0.443304	 0.000512343
0.446637	 0.000758778
0.44997	 0.000872507
0.453303	 0.000640825
0.456636	 0.000554718
0.459969	 0.000679952
0.463302	 0.000640418
0.466636	 0.000522103
0.469969	 0.000726764
0.473302	 0.00052786
0.476635	 0.000694782
0.479968	 0.000560087
0.483301	 0.000701687
0.486634	 0.000598133
0.489967	 0.000588289
0.4933	 0.00060951
0.496634	 0.000720216
0.499967	 0.00060476
0.5033	 0.000565765
0.506633	 0.000710267
0.509966	 0.000634011
0.513299	 0.000670658
0.516632	 0.000534198
0.519965	 0.000537955
0.523298	 0.000498107
0.526632	 0.000657454
0.529965	 0.000520998
0.533298	 0.000594046
0.536631	 0.00065599
0.539964	 0.000486839
0.543297	 0.000517886
0.54663	 0.000614645
0.549963	 0.000638392
0.553296	 0.000692186
0.55663	 0.000752754
0.559963	 0.000525954
0.563296	 0.00059455
0.566629	 0.000593334
0.569962	 0.000643107
0.573295	 0.000556134
0.576628	 0.000587375
0.579961	 0.000457137
0.583294	 0.00056557
0.586628	 0.000621038
0.589961	 0.000570582
0.593294	 0.000487584
0.596627	 0.000540842
0.59996	 0.000647186
0.603293	 0.000563179
0.606626	 0.000517536
0.609959	 0.0005632
0.613292	 0.000527509
0.616626	 0.000647929
0.619959	 0.00051863
0.623292	 0.000523322
0.626625	 0.000378789
0.629958	 0.000548559
0.633291	 0.000523738
0.636624	 0.000577593
0.639957	 0.000558673
0.64329	 0.000662785
0.646624	 0.000546568
0.649957	 0.000569407
0.65329	 0.000613372
0.656623	 0.000508208
0.659956	 0.000740419
0.663289	 0.000545792
0.666622	 0.000569352
0.669955	 0.000562349
0.673288	 0.000618575
0.676622	 0.00064392
0.679955	 0.000575784
0.683288	 0.00061508
0.686621	 0.000567318
0.689954	 0.000527362
0.693287	 0.000529198
0.69662	 0.000698534
0.699953	 0.000573719
0.703286	 0.000615517
0.70662	 0.000575241
0.709953	 0.000602376
0.713286	 0.000628994
0.716619	 0.000546076
0.719952	 0.000653773
0.723285	 0.000495162
0.726618	 0.000549647
0.729951	 0.000502902
0.733284	 0.00058241
0.736618	 0.000534594
0.739951	 0.000548097
0.743284	 0.000628447
0.746617	 0.00060398
0.74995	 0.000530684
0.753283	 0.000645898
0.756616	 0.000650658
0.759949	 0.000575323
0.763282	 0.000510459
0.766616	 0.000643032
0.769949	 0.000609231
0.773282	 0.000712467
0.776615	 0.000578702
0.779948	 0.000486936
0.783281	 0.000521213
0.786614	 0.000621431
0.789947	 0.000621725
0.79328	 0.000640198
0.796614	 0.000502328
0.799947	 0.00051406
0.80328	 0.000612943
0.806613	 0.000549575
0.809946	 0.000787805
0.813279	 0.000668718
0.816612	 0.00070563
0.819945	 0.000720192
0.823278	 0.000555243
0.826612	 0.000568209
0.829945	 0.000680697
0.833278	 0.000729971
0.836611	 0.000681404
0.839944	 0.00072708
0.843277	 0.000637351
0.84661	 0.00069697
0.849943	 0.000570672
0.853276	 0.000637048
0.85661	 0.000645232
0.859943	 0.000668821
0.863276	 0.000561697
0.866609	 0.000647325
0.869942	 0.000677554
0.873275	 0.000781845
0.876608	 0.000764957
0.879941	 0.00071255
0.883274	 0.000581303
0.886608	 0.000842261
0.889941	 0.000795484
0.893274	 0.000595253
0.896607	 0.000752847
0.89994	 0.000752562
0.903273	 0.00083799
0.906606	 0.00090826
0.909939	 0.000660689
0.913272	 0.000782476
0.916606	 0.000618019
0.919939	 0.000815324
0.923272	 0.000753917
0.926605	 0.00083961
0.929938	 0.00078651
0.933271	 0.000706153
0.936604	 0.000701599
0.939937	 0.000761741
0.94327	 0.000771986
0.946604	 0.000888756
0.949937	 0.000940677
0.95327	 0.000740889
0.956603	 0.000821608
0.959936	 0.000688736
0.963269	 0.000865694
0.966602	 0.000863301
0.969935	 0.00104704
0.973268	 0.00103313
0.976602	 0.000975074
0.979935	 0.00100451
0.983268	 0.00102504
0.986601	 0.00110111
0.989934	 0.000951149
0.993267	 0.000970424
0.9966	 0.00103825
0.999933	 0.00100134
1.00327	 0.000851751
1.0066	 0.00106605
1.00993	 0.000922666
1.01327	 0.00109062
1.0166	 0.00119918
1.01993	 0.00109349
1.02327	 0.00105808
1.0266	 0.000918518
1.02993	 0.00115165
1.03326	 0.00133788
1.0366	 0.00108079
1.03993	 0.00125696
1.04326	 0.00115889
1.0466	 0.00126594
1.04993	 0.00108538
1.05326	 0.00125945
1.0566	 0.00140713
1.05993	 0.00125302
1.06326	 0.00185087
1.0666	 0.00146956
1.06993	 0.00153465
1.07326	 0.00114424
1.07659	 0.00155888
1.07993	 0.00146772
1.08326	 0.00128627
1.08659	 0.00162488
1.08993	 0.00138708
1.09326	 0.00164166
1.09659	 0.0014008
1.09993	 0.00209506
1.10326	 0.00167423
1.10659	 0.00206936
1.10993	 0.00220575
1.11326	 0.00220242
1.11659	 0.00217252
1.11993	 0.00297569
1.12326	 0.0028252
1.12659	 0.00290015
1.12992	 0.00254742
1.13326	 0.00371913
1.13659	 0.00388202
1.13992	 0.00368638
1.14326	 0.00366401
1.14659	 0.00283279
1.14992	 0.00393948
1.15326	 0.00411704
1.15659	 0.00624619
1.15992	 0.0052559
1.16326	 0.00692111
1.16659	 0.00736766
1.16992	 0.00808777
1.17326	 0.00932279
1.17659	 0.0153351
1.17992	 0.0123167
1.18325	 0.0127055
1.18659	 0.0125392
1.18992	 0.00984273
1.19325	 0.0100301
1.19659	 0.00758607
1.19992	 0.00638267
1.20325	 0.00670412
1.20659	 0.00516607
1.20992	 0.00374731
1.21325	 0.0042644
1.21659	 0.0037199
1.21992	 0.0034558
1.22325	 0.00367265
1.22658	 0.00449438
1.22992	 0.00287792
1.23325	 0.0029018
1.23658	 0.00271055
1.23992	 0.00263233
1.24325	 0.00232802
1.24658	 0.00234642
1.24992	 0.00276725
1.25325	 0.00198696
1.25658	 0.00281491
1.25992	 0.00212984
1.26325	 0.00280391
1.26658	 0.00213134
1.26992	 0.00203688
1.27325	 0.00174878
1.27658	 0.00257609
1.27991	 0.00222725
1.28325	 0.00183719
1.28658	 0.00173755
1.28991	 0.00158095
1.29325	 0.00170488
1.29658	 0.00209873
1.29991	 0.00143676
1.30325	 0.00124803
1.30658	 0.00130947
1.30991	 0.00138299
1.31325	 0.00160446
1.31658	 0.00152211
1.31991	 0.0013485
1.32325	 0.00122141
1.32658	 0.00135962
1.32991	 0.00135462
1.33324	 0.00110357
1.33658	 0.00131029
1.33991	 0.0011114
1.34324	 0.00130249
1.34658	 0.00107153
1.34991	 0.00108406
1.35324	 0.00138699
1.35658	 0.001122
1.35991	 0.000889215
1.36324	 0.000973118
1.36658	 0.00122885
1.36991	 0.00123088
1.37324	 0.000903105
1.37657	 0.00116669
1.37991	 0.00132658
1.38324	 0.000978245
1.38657	 0.000883568
1.38991	 0.000841506
1.39324	 0.000961095
1.39657	 0.000906299
1.39991	 0.00108395
1.40324	 0.000780081
1.40657	 0.000814714
1.40991	 0.000971169
1.41324	 0.000874983
1.41657	 0.00103213
1.41991	 0.000620805
1.42324	 0.000841217
1.42657	 0.000790051
1.4299	 0.000936169
1.43324	 0.000665495
1.43657	 0.000805902
1.4399	 0.00092854
1.44324	 0.000696711
1.44657	 0.000718736
1.4499	 0.000710039
1.45324	 0.000602279
1.45657	 0.00082092
1.4599	 0.000769011
1.46324	 0.000509586
1.46657	 0.000557081
1.4699	 0.000717771
1.47324	 0.000788668
1.47657	 0.000815684
1.4799	 0.000816317
1.48323	 0.000666313
1.48657	 0.000859771
1.4899	 0.000846138
1.49323	 0.000594369
1.49657	 0.000913666
1.4999	 0.000744803
1.50323	 0.000698249
1.50657	 0.000738183
1.5099	 0.000651429
1.51323	 0.00076808
1.51657	 0.000722936
1.5199	 0.000721863
1.52323	 0.000712204
1.52656	 0.000682315
1.5299	 0.000606111
1.53323	 0.000630646
1.53656	 0.000728565
1.5399	 0.00077293
1.54323	 0.000700836
1.54656	 0.000616077
1.5499	 0.000762206
1.55323	 0.000664219
1.55656	 0.000611392
1.5599	 0.000540762
1.56323	 0.000601771
1.56656	 0.000694535
1.5699	 0.000665872
1.57323	 0.00055161
1.57656	 0.000589632
1.57989	 0.000584551
1.58323	 0.000594484
1.58656	 0.00062803
1.58989	 0.000738015
1.59323	 0.000504694
1.59656	 0.000593598
1.59989	 0.000503982
1.60323	 0.000480405
1.60656	 0.000602748
1.60989	 0.000576563
1.61323	 0.000709244
1.61656	 0.000665974
1.61989	 0.000863781
1.62323	 0.00061301
1.62656	 0.000645306
1.62989	 0.00056588
1.63322	 0.000638962
1.63656	 0.000648579
1.63989	 0.00047182
1.64322	 0.000519736
1.64656	 0.000574713
1.64989	 0.000567097
1.65322	 0.000623248
1.65656	 0.000484484
1.65989	 0.000481416
1.66322	 0.00050247
1.66656	 0.000480447
1.66989	 0.000590713
1.67322	 0.000524165
1.67655	 0.000502258
1.67989	 0.000529537
1.68322	 0.000507421
1.68655	 0.000483444
1.68989	 0.000628938
1.69322	 0.000501704
1.69655	 0.000453172
1.69989	 0.000420569
1.70322	 0.000510127
1.70655	 0.000509622
1.70989	 0.000448627
1.71322	 0.000520079
1.71655	 0.000505329
1.71989	 0.000529483
1.72322	 0.000421647
1.72655	 0.000504789
1.72988	 0.000503617
1.73322	 0.000523011
1.73655	 0.000650192
1.73988	 0.000447791
1.74322	 0.000624053
1.74655	 0.000453415
1.74988	 0.000485465
1.75322	 0.000500549
1.75655	 0.000457175
1.75988	 0.000489793
1.76322	 0.000578257
1.76655	 0.00049546
1.76988	 0.00042911
1.77322	 0.000509127
1.77655	 0.000607748
1.77988	 0.000496323
1.78321	 0.000497007
1.78655	 0.000574072
1.78988	 0.000638383
1.79321	 0.00046447
1.79655	 0.000507548
1.79988	 0.000526251
1.80321	 0.000600332
1.80655	 0.00052876
1.80988	 0.000586467
1.81321	 0.000621444
1.81655	 0.000580066
1.81988	 0.000373487
1.82321	 0.000562826
1.82654	 0.000442608
1.82988	 0.000487264
1.83321	 0.00048828
1.83654	 0.000467658
1.83988	 0.000652935
1.84321	 0.000529199
1.84654	 0.00043745
1.84988	 0.000466019
1.85321	 0.000460946
1.85654	 0.000551378
1.85988	 0.000555059
1.86321	 0.000484608
1.86654	 0.000454852
1.86988	 0.000483634
1.87321	 0.000553559
1.87654	 0.000513109
1.87987	 0.00057005
1.88321	 0.000562207
1.88654	 0.000391356
1.88987	 0.000433716
1.89321	 0.000490356
1.89654	 0.000437945
1.89987	 0.000500508
1.90321	 0.000526156
1.90654	 0.000521643
1.90987	 0.000429065
1.91321	 0.00051375
1.91654	 0.000553972
1.91987	 0.000483502
1.92321	 0.000636125
1.92654	 0.000560071
1.92987	 0.000501354
1.9332	 0.000649452
1.93654	 0.000464361
1.93987	 0.000590683
1.9432	 0.000480696
1.94654	 0.000463527
1.94987	 0.000473995
1.9532	 0.000533407
1.95654	 0.000623138
1.95987	 0.000577044
1.9632	 0.000651881
1.96654	 0.000482334
1.96987	 0.000521764
1.9732	 0.000655758
1.97653	 0.000586481
1.97987	 0.000582665
1.9832	 0.000613092
1.98653	 0.00053182
1.98987	 0.00052154
1.9932	 0.000579908
1.99653	 0.000537143
1.99987	 0.000626736
2.0032	 0.000468607
2.00653	 0.000559937
2.00987	 0.000593142
2.0132	 0.000548102
2.01653	 0.000542348
2.01987	 0.000675396
2.0232	 0.000456926
2.02653	 0.000585249
2.02986	 0.000542205
2.0332	 0.000616044
2.03653	 0.000654843
2.03986	 0.000597223
2.0432	 0.000583339
2.04653	 0.000734193
2.04986	 0.000613046
2.0532	 0.000655469
2.05653	 0.000422476
2.05986	 0.000635567
2.0632	 0.00067738
2.06653	 0.000668897
2.06986	 0.000636769
2.0732	 0.000735378
2.07653	 0.000771465
2.07986	 0.000627315
2.08319	 0.000631287
2.08653	 0.00062419
2.08986	 0.000689718
2.09319	 0.000618702
2.09653	 0.000559125
2.09986	 0.000653714
2.10319	 0.00071085
2.10653	 0.000838351
2.10986	 0.000689249
2.11319	 0.000635457
2.11653	 0.000736763
2.11986	 0.000682296
2.12319	 0.000660929
2.12652	 0.000703051
2.12986	 0.000677009
2.13319	 0.000666732
2.13652	 0.0009173
2.13986	 0.000939743
2.14319	 0.00060401
2.14652	 0.000774058
2.14986	 0.000831386
2.15319	 0.000932706
2.15652	 0.000672857
2.15986	 0.000693655
2.16319	 0.000722011
2.16652	 0.000739555
2.16986	 0.000792258
2.17319	 0.00096083
2.17652	 0.000810529
2.17985	 0.00102543
2.18319	 0.000766063
2.18652	 0.000913799
2.18985	 0.000811304
2.19319	 0.000759271
2.19652	 0.000929419
2.19985	 0.000987877
2.20319	 0.000747996
2.20652	 0.00103781
2.20985	 0.00103679
2.21319	 0.00101208
2.21652	 0.00100244
2.21985	 0.00103122
2.22319	 0.00122738
2.22652	 0.000814889
2.22985	 0.00116371
2.23318	 0.00104103
2.23652	 0.0011529
2.23985	 0.00100721
2.24318	 0.00113536
2.24652	 0.00118974
2.24985	 0.00159215
2.25318	 0.00121298
2.25652	 0.00122925
2.25985	 0.00147238
2.26318	 0.00112598
2.26652	 0.00155435
2.26985	 0.00144332
2.27318	 0.00136846
2.27651	 0.00156288
2.27985	 0.00135198
2.28318	 0.0013475
2.28651	 0.00161568
2.28985	 0.00194894
2.29318	 0.00188448
2.29651	 0.0016059
2.29985	 0.00190641
2.30318	 0.00194865
2.30651	 0.00216704
2.30985	 0.00198842
2.31318	 0.00199677
2.31651	 0.00209336
2.31985	 0.00186455
2.32318	 0.00226805
2.32651	 0.00252608
2.32984	 0.00278665
2.33318	 0.00301615
2.33651	 0.00358061
2.33984	 0.00237905
2.34318	 0.00302647
2.34651	 0.00296743
2.34984	 0.00309607
2.35318	 0.00381617
2.35651	 0.00301876
2.35984	 0.00346168
2.36318	 0.00288105
2.36651	 0.00343734
2.36984	 0.00329126
2.37318	 0.00260489
2.37651	 0.00268925
2.37984	 0.00330526
2.38317	 0.00279514
2.38651	 0.00384486
2.38984	 0.00363831
2.39317	 0.00412816
2.39651	 0.00372992
2.39984	 0.00337285
2.40317	 0.00283594
2.40651	 0.00276479
2.40984	 0.00265683
2.41317	 0.00291488
2.41651	 0.00281347
2.41984	 0.00252737
2.42317	 0.00259552
2.4265	 0.00167017
2.42984	 0.00276787
2.43317	 0.00228887
2.4365	 0.00181331
2.43984	 0.0022256
2.44317	 0.0024908
2.4465	 0.00195155
2.44984	 0.00204903
2.45317	 0.00213018
2.4565	 0.00219879
2.45984	 0.0017128
2.46317	 0.00161122
2.4665	 0.00179714
2.46984	 0.00169097
2.47317	 0.00173877
2.4765	 0.00172822
2.47983	 0.00170109
2.48317	 0.00128942
2.4865	 0.0017832
2.48983	 0.00142558
2.49317	 0.00150278
2.4965	 0.00182159
2.49983	 0.00123385
2.50317	 0.00146354
2.5065	 0.00136304
2.50983	 0.00163459
2.51317	 0.00147051
2.5165	 0.0015593
2.51983	 0.00132345
2.52317	 0.00125889
2.5265	 0.00139375
2.52983	 0.0012573
2.53316	 0.00117455
2.5365	 0.00109969
2.53983	 0.00117848
2.54316	 0.000999177
2.5465	 0.00133624
2.54983	 0.0013785
2.55316	 0.00134977
2.5565	 0.000957372
2.55983	 0.000930616
2.56316	 0.00128678
2.5665	 0.00116479
2.56983	 0.00102827
2.57316	 0.00107654
2.57649	 0.00105424
2.57983	 0.0010116
2.58316	 0.00105617
2.58649	 0.00115789
2.58983	 0.00125745
2.59316	 0.00111463
2.59649	 0.000917579
2.59983	 0.00106723
2.60316	 0.00104622
2.60649	 0.000946896
2.60983	 0.000934984
2.61316	 0.00111085
2.61649	 0.000812151
2.61983	 0.000823889
2.62316	 0.000797873
2.62649	 0.000755793
2.62982	 0.000843803
2.63316	 0.000758886
2.63649	 0.000999117
2.63982	 0.000814906
2.64316	 0.00064944
2.64649	 0.000877902
2.64982	 0.000718904
2.65316	 0.000893749
2.65649	 0.000635634
2.65982	 0.000725256
2.66316	 0.000714411
2.66649	 0.000862275
2.66982	 0.00085333
2.67316	 0.000758055
2.67649	 0.000771272
2.67982	 0.000777193
2.68315	 0.000643871
2.68649	 0.000624037
2.68982	 0.000754167
2.69315	 0.000861192
2.69649	 0.000692524
2.69982	 0.000891507
2.70315	 0.000664105
2.70649	 0.000658929
2.70982	 0.000762748
2.71315	 0.000589554
2.71649	 0.000703937
2.71982	 0.000623119
2.72315	 0.000654828
2.72648	 0.000753887
2.72982	 0.000742341
2.73315	 0.000639721
2.73648	 0.000668811
2.73982	 0.000469227
2.74315	 0.000541404
2.74648	 0.000577101
2.74982	 0.000468735
2.75315	 0.000547197
2.75648	 0.000669878
2.75982	 0.000595798
2.76315	 0.000579339
2.76648	 0.000645866
2.76982	 0.000700892
2.77315	 0.000787398
2.77648	 0.000577949
2.77981	 0.000589226
2.78315	 0.000778046
2.78648	 0.00053484
2.78981	 0.00058018
2.79315	 0.000697913
2.79648	 0.000521567
2.79981	 0.000606566
2.80315	 0.000513176
2.80648	 0.0004877
2.80981	 0.000598104
2.81315	 0.000599285
2.81648	 0.000536647
2.81981	 0.000498741
2.82315	 0.000573647
2.82648	 0.000520022
2.82981	 0.00058624
2.83314	 0.000603561
2.83648	 0.000542623
2.83981	 0.000426386
2.84314	 0.000554689
2.84648	 0.000498562
2.84981	 0.000475686
2.85314	 0.000515744
2.85648	 0.000528578
2.85981	 0.000548034
2.86314	 0.00051418
2.86648	 0.000499161
2.86981	 0.000542434
2.87314	 0.00060833
2.87647	 0.000616405
2.87981	 0.000454584
2.88314	 0.000709894
2.88647	 0.000413191
2.88981	 0.00055277
2.89314	 0.000675229
2.89647	 0.0005662
2.89981	 0.00053491
2.90314	 0.00072804
2.90647	 0.000498226
2.90981	 0.00045997
2.91314	 0.000550661
2.91647	 0.00045109
2.91981	 0.000516761
2.92314	 0.000459855
2.92647	 0.000543487
2.9298	 0.000539377
2.93314	 0.000583894
2.93647	 0.000414489
2.9398	 0.000509174
2.94314	 0.000496862
2.94647	 0.000584365
2.9498	 0.000570382
2.95314	 0.000439483
2.95647	 0.00060112
2.9598	 0.000481317
2.96314	 0.000609563
2.96647	 0.000489789
2.9698	 0.000493348
2.97314	 0.000479439
2.97647	 0.000549184
2.9798	 0.000566412
2.98313	 0.000453354
2.98647	 0.000477987
2.9898	 0.000563786
2.99313	 0.000677392
2.99647	 0.000492634
2.9998	 0.000486367
3.00313	 0.000429994
3.00647	 0.000521491
3.0098	 0.000415328
3.01313	 0.000473078
3.01647	 0.000489158
3.0198	 0.000590918
3.02313	 0.000373809
3.02646	 0.000432336
3.0298	 0.00051155
3.03313	 0.00074314
3.03646	 0.000602305
3.0398	 0.000504254
3.04313	 0.000466334
3.04646	 0.00049042
3.0498	 0.000546065
3.05313	 0.000544849
3.05646	 0.000564723
3.0598	 0.00040334
3.06313	 0.00050738
3.06646	 0.000482538
3.0698	 0.000415577
3.07313	 0.000468121
3.07646	 0.000434159
3.07979	 0.000544637
3.08313	 0.000466621
3.08646	 0.000494389
3.08979	 0.000485544
3.09313	 0.000719245
3.09646	 0.000594385
3.09979	 0.000456997
3.10313	 0.000714694
3.10646	 0.000431703
3.10979	 0.000627922
3.11313	 0.000528135
3.11646	 0.000449027
3.11979	 0.000500413
3.12313	 0.00063516
3.12646	 0.000553142
3.12979	 0.000496884
3.13312	 0.000443375
3.13646	 0.000486586
3.13979	 0.000500188
3.14312	 0.000504283
3.14646	 0.000507774
3.14979	 0.000518913
3.15312	 0.000641874
3.15646	 0.00048727
3.15979	 0.000594051
3.16312	 0.000485841
3.16646	 0.000525425
3.16979	 0.000557984
3.17312	 0.000598405
3.17645	 0.000655307
3.17979	 0.000556759
3.18312	 0.000452119
3.18645	 0.000477175
3.18979	 0.000554073
3.19312	 0.000556695
3.19645	 0.000642969
3.19979	 0.000537718
3.20312	 0.000581926
3.20645	 0.000564842
3.20979	 0.00054967
3.21312	 0.000566898
3.21645	 0.000522529
3.21979	 0.000728599
3.22312	 0.000449867
3.22645	 0.00048348
3.22978	 0.000553577
3.23312	 0.000524076
3.23645	 0.000603373
3.23978	 0.000627276
3.24312	 0.000600986
3.24645	 0.000420099
3.24978	 0.000607669
3.25312	 0.000661521
3.25645	 0.000584937
3.25978	 0.000575349
3.26312	 0.000704229
3.26645	 0.000568508
3.26978	 0.000517471
3.27312	 0.000586999
3.27645	 0.000611402
3.27978	 0.000514809
3.28311	 0.000685786
3.28645	 0.000537396
3.28978	 0.000580115
3.29311	 0.000610109
3.29645	 0.00075559
3.29978	 0.000783894
3.30311	 0.000594674
3.30645	 0.000607589
3.30978	 0.000718274
3.31311	 0.000579373
3.31645	 0.000697066
3.31978	 0.00080992
3.32311	 0.000744301
3.32644	 0.000819357
3.32978	 0.000578114
3.33311	 0.000575479
3.33644	 0.000696256
3.33978	 0.000837856
3.34311	 0.00074413
3.34644	 0.000552503
3.34978	 0.000562931
3.35311	 0.000736864
3.35644	 0.000663386
3.35978	 0.000599325
3.36311	 0.000789175
3.36644	 0.000662799
3.36978	 0.000766097
3.37311	 0.000829687
3.37644	 0.000905396
3.37977	 0.000795434
3.38311	 0.000877106
3.38644	 0.000713812
3.38977	 0.000828771
3.39311	 0.000921067
3.39644	 0.000862855
3.39977	 0.00098345
3.40311	 0.000844328
3.40644	 0.00080485
3.40977	 0.00086655
3.41311	 0.0010886
3.41644	 0.00101894
3.41977	 0.000918547
3.42311	 0.000952593
3.42644	 0.000832669
3.42977	 0.000842707
3.4331	 0.00108979
3.43644	 0.00107893
3.43977	 0.00101553
3.4431	 0.000979147
3.44644	 0.00113271
3.44977	 0.00108345
3.4531	 0.00088364
3.45644	 0.000757049
3.45977	 0.00113604
3.4631	 0.00108215
3.46644	 0.00105104
3.46977	 0.00100102
3.4731	 0.00112033
3.47643	 0.00105437
3.47977	 0.0011747
3.4831	 0.000940941
3.48643	 0.00126598
3.48977	 0.00125662
3.4931	 0.00107752
3.49643	 0.00145144
3.49977	 0.00118343
3.5031	 0.00150877
3.50643	 0.00152032
3.50977	 0.00125883
3.5131	 0.00132655
3.51643	 0.00129615
3.51977	 0.00131859
3.5231	 0.00128843
3.52643	 0.00135741
3.52976	 0.00177681
3.5331	 0.0013281
3.53643	 0.00170144
3.53976	 0.00194012
3.5431	 0.00203237
3.54643	 0.0016186
3.54976	 0.00169517
3.5531	 0.00189761
3.55643	 0.0017904
3.55976	 0.00214919
3.5631	 0.00179261
3.56643	 0.0017317
3.56976	 0.00221275
3.5731	 0.0021269
3.57643	 0.00142804
3.57976	 0.00215001
3.58309	 0.00235807
3.58643	 0.00226681
3.58976	 0.00223861
3.59309	 0.00179957
3.59643	 0.00267911
3.59976	 0.00206653
3.60309	 0.00199327
3.60643	 0.00191012
3.60976	 0.00190446
3.61309	 0.00249524
3.61643	 0.00201158
3.61976	 0.00220387
3.62309	 0.00208513
3.62642	 0.00152535
3.62976	 0.00155864
3.63309	 0.00169901
3.63642	 0.00229683
3.63976	 0.00163979
3.64309	 0.00178374
3.64642	 0.00191901
3.64976	 0.00197861
3.65309	 0.0020005
3.65642	 0.00169339
3.65976	 0.00143386
3.66309	 0.00152841
3.66642	 0.00212361
3.66976	 0.00140517
3.67309	 0.0018034
3.67642	 0.00151701
3.67975	 0.00143788
3.68309	 0.00145512
3.68642	 0.00159958
3.68975	 0.00191441
3.69309	 0.00146804
3.69642	 0.00134464
3.69975	 0.00125734
3.70309	 0.00141139
3.70642	 0.00146132
3.70975	 0.0009414
3.71309	 0.00136242
3.71642	 0.00177164
3.71975	 0.001369
3.72309	 0.00123987
3.72642	 0.00129132
3.72975	 0.00120243
3.73308	 0.000929513
3.73642	 0.00138452
3.73975	 0.00135372
3.74308	 0.00136669
3.74642	 0.0011861
3.74975	 0.00133189
3.75308	 0.000801391
3.75642	 0.000994526
3.75975	 0.00122812
3.76308	 0.00147206
3.76642	 0.00121477
3.76975	 0.00101619
3.77308	 0.000943638
3.77641	 0.00137032
3.77975	 0.000904374
3.78308	 0.00116492
3.78641	 0.000927398
3.78975	 0.000708354
3.79308	 0.000894399
3.79641	 0.000960549
3.79975	 0.0011485
3.80308	 0.000929928
3.80641	 0.00102623
3.80975	 0.00112934
3.81308	 0.00103248
3.81641	 0.000856262
3.81975	 0.000830229
3.82308	 0.00107337
3.82641	 0.000753118
3.82974	 0.000832034
3.83308	 0.000960123
3.83641	 0.00090414
3.83974	 0.000951142
3.84308	 0.000847481
3.84641	 0.000831873
3.84974	 0.000727005
3.85308	 0.000813209
3.85641	 0.000629305
3.85974	 0.000691271
3.86308	 0.000758864
3.86641	 0.000727207
3.86974	 0.000806337
3.87308	 0.000682085
3.87641	 0.000690369
3.87974	 0.000697458
3.88307	 0.000686381
3.88641	 0.000638479
3.88974	 0.000787796
3.89307	 0.000701723
3.89641	 0.000738404
3.89974	 0.000605267
3.90307	 0.000735299
3.90641	 0.000625075
3.90974	 0.000728434
3.91307	 0.000786922
3.91641	 0.000641056
3.91974	 0.000744683
3.92307	 0.000769183
3.9264	 0.000633106
3.92974	 0.000700256
3.93307	 0.000816351
3.9364	 0.000624136
3.93974	 0.000624633
3.94307	 0.000559731
3.9464	 0.000632272
3.94974	 0.00069235
3.95307	 0.000580992
3.9564	 0.000592297
3.95974	 0.000517348
3.96307	 0.000688858
3.9664	 0.000574828
3.96974	 0.000626864
3.97307	 0.000498011
3.9764	 0.00076028
3.97973	 0.00056735
3.98307	 0.000662218
3.9864	 0.000530781
3.98973	 0.000614865
3.99307	 0.000423768
3.9964	 0.000620423
3.99973	 0.000560988
4.00307	 0.000512644
4.0064	 0.000733923
4.00973	 0.000608777
4.01307	 0.000506504
4.0164	 0.000520745
4.01973	 0.000594083
4.02307	 0.000496065
4.0264	 0.000629691
4.02973	 0.000446023
4.03306	 0.00047249
4.0364	 0.000413385
4.03973	 0.000546173
4.04306	 0.000568226
4.0464	 0.00057719
4.04973	 0.000489181
4.05306	 0.000506138
4.0564	 0.000405025
4.05973	 0.000514696
4.06306	 0.000391159
4.0664	 0.000456134
4.06973	 0.00045916
4.07306	 0.000581019
4.07639	 0.000503744
4.07973	 0.000485887
4.08306	 0.000667824
4.08639	 0.000503256
4.08973	 0.000463083
4.09306	 0.000491831
4.09639	 0.000520049
4.09973	 0.000477019
4.10306	 0.00043988
4.10639	 0.000483686
4.10973	 0.000561632
4.11306	 0.000515784
4.11639	 0.000463993
4.11973	 0.000506429
4.12306	 0.000577425
4.12639	 0.000496365
4.12972	 0.000498772
4.13306	 0.000557459
4.13639	 0.000497833
4.13972	 0.000556559
4.14306	 0.00056571
4.14639	 0.000435469
4.14972	 0.000466492
4.15306	 0.00046453
4.15639	 0.000468476
4.15972	 0.000578075
4.16306	 0.000575461
4.16639	 0.000469953
4.16972	 0.000445982
4.17306	 0.000493578
4.17639	 0.000424604
4.17972	 0.000508752
4.18305	 0.00049262
4.18639	 0.000466194
4.18972	 0.000494372
4.19305	 0.000526372
4.19639	 0.000535203
4.19972	 0.000462669
4.20305	 0.000392196
4.20639	 0.0005174
4.20972	 0.000411997
4.21305	 0.000538152
4.21639	 0.000428517
4.21972	 0.000444528
4.22305	 0.000592199
4.22638	 0.000558158
4.22972	 0.000502523
4.23305	 0.000457754
4.23638	 0.000445143
4.23972	 0.000361298
4.24305	 0.000398526
4.24638	 0.000482491
4.24972	 0.000456889
4.25305	 0.000481699
4.25638	 0.000438673
4.25972	 0.00050195
4.26305	 0.000551462
4.26638	 0.000496124
4.26972	 0.000420158
4.27305	 0.000498583
4.27638	 0.000401122
4.27971	 0.000604656
4.28305	 0.000490912
4.28638	 0.000315922
4.28971	 0.000562211
4.29305	 0.000468319
4.29638	 0.000526426
4.29971	 0.000482051
4.30305	 0.00042643
4.30638	 0.00052174
4.30971	 0.000441012
4.31305	 0.000435514
4.31638	 0.000473429
4.31971	 0.000512963
4.32305	 0.000502
4.32638	 0.00037461
4.32971	 0.000572776
4.33304	 0.00042735
4.33638	 0.000437484
4.33971	 0.000493405
4.34304	 0.000464568
4.34638	 0.000510201
4.34971	 0.000427974
4.35304	 0.000408267
4.35638	 0.000625693
4.35971	 0.000477868
4.36304	 0.000629346
4.36638	 0.000376171
4.36971	 0.000481609
4.37304	 0.000559096
4.37637	 0.000579891
4.37971	 0.00046793
4.38304	 0.000482378
4.38637	 0.000484666
4.38971	 0.000476096
4.39304	 0.000502227
4.39637	 0.000512865
4.39971	 0.000508104
4.40304	 0.000511336
4.40637	 0.000454921
4.40971	 0.000574481
4.41304	 0.000591906
4.41637	 0.000440203
4.41971	 0.000497758
4.42304	 0.000517039
4.42637	 0.000480916
4.4297	 0.000565332
4.43304	 0.000606321
4.43637	 0.00045322
4.4397	 0.00056623
4.44304	 0.000548903
4.44637	 0.000598232
4.4497	 0.00063061
4.45304	 0.000560271
4.45637	 0.000510466
4.4597	 0.000563722
4.46304	 0.00045073
4.46637	 0.000518846
4.4697	 0.000615518
4.47304	 0.000555225
4.47637	 0.000694177
4.4797	 0.000624499
4.48303	 0.000542729
4.48637	 0.000610873
4.4897	 0.000566462
4.49303	 0.000524825
4.49637	 0.000524087
4.4997	 0.000427569
4.50303	 0.000593225
4.50637	 0.000605062
4.5097	 0.000596643
4.51303	 0.000611494
4.51637	 0.000603425
4.5197	 0.000547268
4.52303	 0.000593445
4.52636	 0.000681508
4.5297	 0.000583909
4.53303	 0.000680284
4.53636	 0.000667208
4.5397	 0.000591634
4.54303	 0.000743217
4.54636	 0.000765372
4.5497	 0.000686741
4.55303	 0.000676681
4.55636	 0.000565616
4.5597	 0.000596609
4.56303	 0.000713097
4.56636	 0.000648775
4.5697	 0.00068008
4.57303	 0.000681233
4.57636	 0.000678381
4.57969	 0.000734207
4.58303	 0.00057286
4.58636	 0.000547657
4.58969	 0.000610643
4.59303	 0.000620222
4.59636	 0.000677385
4.59969	 0.000732573
4.60303	 0.000640872
4.60636	 0.000723141
4.60969	 0.000946272
4.61303	 0.000870237
4.61636	 0.000890516
4.61969	 0.000858065
4.62303	 0.000916268
4.62636	 0.000782464
4.62969	 0.000690162
4.63302	 0.000825411
4.63636	 0.000671805
4.63969	 0.000806103
4.64302	 0.000787446
4.64636	 0.000698615
4.64969	 0.000721442
4.65302	 0.000765495
4.65636	 0.000855032
4.65969	 0.00083388
4.66302	 0.000727381
4.66636	 0.000782549
4.66969	 0.000956736
4.67302	 0.000947788
4.67635	 0.00101819
4.67969	 0.000822236
4.68302	 0.000962902
4.68635	 0.000965301
4.68969	 0.000804315
4.69302	 0.000773275
4.69635	 0.000895692
4.69969	 0.000787963
4.70302	 0.00100461
4.70635	 0.000930403
4.70969	 0.00135184
4.71302	 0.0010217
4.71635	 0.00107083
4.71969	 0.00121205
4.72302	 0.00100928
4.72635	 0.00137022
4.72968	 0.00101015
4.73302	 0.00129976
4.73635	 0.00107214
4.73968	 0.00117579
4.74302	 0.00114953
4.74635	 0.00125646
4.74968	 0.00111571
4.75302	 0.00131424
4.75635	 0.00117772
4.75968	 0.00118693
4.76302	 0.0012904
4.76635	 0.000970341
4.76968	 0.00134809
4.77302	 0.00121158
4.77635	 0.0015701
4.77968	 0.00123184
4.78301	 0.00139141
4.78635	 0.00135837
4.78968	 0.00115939
4.79301	 0.00135271
4.79635	 0.00149482
4.79968	 0.0013462
4.80301	 0.00168601
4.80635	 0.00145785
4.80968	 0.00164335
4.81301	 0.00163703
4.81635	 0.00134957
4.81968	 0.00115345
4.82301	 0.00141801
4.82634	 0.00187155
4.82968	 0.00136082
4.83301	 0.00157414
4.83634	 0.000878366
4.83968	 0.00142804
4.84301	 0.00162886
4.84634	 0.00107774
4.84968	 0.00136571
4.85301	 0.00103535
4.85634	 0.00135528
4.85968	 0.00133541
4.86301	 0.0012717
4.86634	 0.00136957
4.86968	 0.00142506
4.87301	 0.00137226
4.87634	 0.00144917
4.87967	 0.00151763
4.88301	 0.00156767
4.88634	 0.00149924
4.88967	 0.00143529
4.89301	 0.00141284
4.89634	 0.00141167
4.89967	 0.00111815
4.90301	 0.00114253
4.90634	 0.00108786
4.90967	 0.00110608
4.91301	 0.00145498
4.91634	 0.00139673
4.91967	 0.00130227
4.92301	 0.00155806
4.92634	 0.000988758
4.92967	 0.00123022
4.933	 0.00157684
4.93634	 0.00122073
4.93967	 0.00140004
4.943	 0.00117546
4.94634	 0.00118676
4.94967	 0.00114223
4.953	 0.000937905
4.95634	 0.000999857
4.95967	 0.000822378
4.963	 0.000996049
4.96634	 0.00119829
4.96967	 0.00104431
4.973	 0.00106283
4.97633	 0.000860751
4.97967	 0.000955713
4.983	 0.00105072
4.98633	 0.000966162
4.98967	 0.00100522
4.993	 0.000751442
4.99633	 0.000895717
