#Time [1ns] 	 Re(Es) 	 Im(Es) 	 |Es|^2 	 rho 	 w
0	335.612878	-2246.07741	-4549.23272	52535.892	0.556582287	4.63102795e+13
1e-11	-847.861303	-1239.82694	-3801.41834	52686.2266	0.556542411	4.65504488e+13
2e-11	41.9532589	461.283117	-4593.89141	50975.9855	0.556983916	4.67684729e+13
3e-11	-27.7722199	1063.43585	-5090.30787	50548.2388	0.558016854	4.69684724e+13
4e-11	1641.58649	453.821506	-6836.1034	50652.8987	0.558628391	4.71526693e+13
5e-11	518.451109	-833.018232	-6558.26389	51684.8959	0.558771392	4.73209935e+13
6e-11	1346.72044	1629.6691	-9352.32099	52700.7141	0.558464779	4.74733156e+13
7e-11	1115.61964	1647.28543	-11091.4159	53571.5352	0.557791711	4.7609913e+13
8e-11	1736.66521	4092.34909	-11203.7501	52097.7662	0.557384774	4.77315664e+13
9e-11	1261.08231	3013.39128	-10625.3312	52796.6652	0.557329416	4.78413139e+13
1e-10	1751.67512	307.400275	-10221.9832	52816.2195	0.557109155	4.794028e+13
1.1e-10	1693.21937	669.264688	-11737.822	52872.9741	0.557272761	4.80299257e+13
1.2e-10	2194.36384	934.013951	-10100.5648	51035.2122	0.557515807	4.81115518e+13
1.3e-10	2242.03166	2513.5443	-9027.37461	50740.1496	0.558181384	4.81872293e+13
1.4e-10	2045.27834	191.999251	-10984.819	50652.751	0.559153556	4.82585359e+13
1.5e-10	650.416555	1706.8131	-10064.8824	51118.0897	0.559545754	4.83254168e+13
1.6e-10	484.913384	1300.25341	-9479.59427	53012.8348	0.559042574	4.83862207e+13
1.7e-10	-1098.82672	650.301433	-11366.2479	53823.5483	0.558427818	4.84394823e+13
1.8e-10	-835.68957	-25.9772215	-9804.43024	53747.8538	0.557736862	4.8485495e+13
1.9e-10	-1210.92923	-583.07407	-8250.67953	54044.5538	0.557128741	4.85251177e+13
2e-10	1739.09915	212.216734	-7521.83668	54042.8012	0.557170002	4.85597421e+13
2.1e-10	1431.80965	1203.89928	-7987.06496	55286.1889	0.55678929	4.85910329e+13
2.2e-10	1754.17441	825.014981	-10079.5626	53382.9653	0.556285844	4.86175044e+13
2.3e-10	110.173966	2082.18395	-9947.21253	53591.1488	0.556492043	4.86412323e+13
2.4e-10	1945.69526	1224.65218	-10766.2745	52701.4759	0.556797243	4.86634518e+13
2.5e-10	3630.94668	1024.00224	-9030.8382	51160.6052	0.557812397	4.86855405e+13
2.6e-10	3499.32088	-452.458447	-7609.3656	52590.6255	0.558606243	4.87089835e+13
2.7e-10	2320.48423	-2643.17162	-5835.41178	53149.3601	0.558705576	4.87316331e+13
2.8e-10	2288.56763	-2205.36391	-7985.49962	52982.5537	0.558873626	4.87525542e+13
2.9e-10	418.719216	-2015.51525	-9093.96875	52569.2513	0.558816809	4.87717978e+13
3e-10	817.923327	-2404.17433	-9216.11373	53364.3668	0.558695574	4.87888973e+13
3.1e-10	963.798651	-3258.68612	-9825.86466	51365.1497	0.558859196	4.88042162e+13
3.2e-10	576.129536	-2722.11009	-10178.3004	51706.898	0.559446865	4.88196996e+13
3.3e-10	367.183793	-3241.29065	-10523.2128	51909.8257	0.559118029	4.88339966e+13
3.4e-10	-1922.59031	-1221.0525	-8787.86663	52442.9211	0.559238692	4.88466519e+13
3.5e-10	-572.326511	-808.000361	-8874.46405	50760.6803	0.559588679	4.88586032e+13
3.6e-10	738.284724	-1472.59831	-10268.2012	52077.7358	0.55976867	4.88708229e+13
3.7e-10	63.3418734	-1457.50731	-9704.05313	53673.0707	0.559499143	4.88819607e+13
3.8e-10	-1321.18603	-371.577997	-11227.9105	53862.0372	0.558816148	4.88900874e+13
3.9e-10	182.519567	-368.936661	-11065.6338	54355.6525	0.557812132	4.88947417e+13
4e-10	-365.372496	182.536001	-10017.7002	54354.4602	0.557361301	4.8896424e+13
4.1e-10	-319.852607	-545.118323	-12061.0742	52799.0118	0.557129543	4.88966836e+13
4.2e-10	1212.98612	-787.788744	-13158.1384	53800.6322	0.556949119	4.88966618e+13
4.3e-10	-167.944899	-1193.94875	-12831.4007	54661.2952	0.556487185	4.88955574e+13
4.4e-10	51.8082271	-2194.6188	-12180.0086	53604.7463	0.556240518	4.88930541e+13
4.5e-10	1477.7657	-2275.91261	-12000.0707	52869.0377	0.556690267	4.88911301e+13
4.6e-10	849.412992	-4021.66536	-11875.4643	51279.2217	0.557258686	4.88909511e+13
4.7e-10	2232.42764	-4171.91634	-11769.4287	52075.5074	0.55799482	4.88933469e+13
4.8e-10	2532.62034	-1824.12534	-13088.5226	50936.2748	0.558430251	4.88970996e+13
4.9e-10	1223.81928	-3594.61351	-13075.7919	53335.3859	0.558514512	4.89018779e+13
5e-10	507.843244	-3018.49717	-14294.8927	52680.9329	0.558081341	4.89051766e+13
5.1e-10	-34.00652	-1807.61947	-12951.2519	51876.5527	0.558246714	4.89076779e+13
5.2e-10	-740.570581	-846.756375	-13275.63	50485.6993	0.558800961	4.89110043e+13
5.3e-10	-1594.3082	408.870822	-12248.9923	50809.5103	0.559368279	4.89161507e+13
5.4e-10	-927.102047	677.107991	-12602.5505	51209.0673	0.559982398	4.89226963e+13
5.5e-10	270.845747	500.094988	-11962.2054	50772.6406	0.560062544	4.8929817e+13
5.6e-10	-516.103729	435.449609	-12292.4729	50968.9027	0.560293317	4.89368277e+13
5.7e-10	-1715.80371	-62.1042846	-12099.0636	51102.7321	0.560479032	4.8943821e+13
5.8e-10	-3456.00672	-1033.06845	-12520.2906	53216.9704	0.559839786	4.89498032e+13
5.9e-10	-1946.16173	-547.250338	-14031.5114	54441.0704	0.558639739	4.89522775e+13
6e-10	-872.829275	-2758.81591	-15372.2148	53449.9497	0.557533765	4.89501678e+13
6.1e-10	1897.74505	-2586.5566	-14559.952	53027.5622	0.556977793	4.89455158e+13
6.2e-10	3142.30748	-950.466712	-12853.2784	51161.1111	0.557387548	4.89407853e+13
6.3e-10	2502.23604	-1710.1043	-12697.9862	51735.0777	0.558127757	4.89389419e+13
6.4e-10	2282.75934	-1137.29007	-12646.2398	51353.9537	0.55834733	4.89387057e+13
6.5e-10	1484.06948	399.476022	-11635.5213	51583.6244	0.558484036	4.89390896e+13
6.6e-10	2353.42772	1214.00445	-12894.572	52481.7884	0.558833651	4.89403676e+13
6.7e-10	1745.16309	1002.85182	-14158.5438	52818.9356	0.558411206	4.89413146e+13
6.8e-10	983.066431	743.194552	-15226.0427	53045.8613	0.557837897	4.89406585e+13
6.9e-10	2153.11767	-1329.60827	-15090.2226	51435.14	0.557647745	4.89382504e+13
7e-10	743.103659	-2386.36812	-14711.4029	52224.6367	0.558054421	4.89369395e+13
7.1e-10	282.740811	-1460.25707	-12540.8177	51903.8285	0.558074627	4.89363272e+13
7.2e-10	2183.18164	-2465.09175	-11395.637	52281.2066	0.558430144	4.89364257e+13
7.3e-10	2978.88437	-3145.0194	-11113.6689	52874.554	0.558163538	4.89366466e+13
7.4e-10	3339.9992	-677.696694	-10492.3748	53323.3139	0.558029858	4.89362848e+13
7.5e-10	-105.35398	131.666383	-12127.1378	54364.5519	0.557521172	4.89350215e+13
7.6e-10	720.592877	89.4345431	-11151.3636	54276.2927	0.557006006	4.89319278e+13
7.7e-10	237.267557	-850.645987	-11819.7771	54185.0922	0.556566475	4.8927554e+13
7.8e-10	346.510664	-99.0764088	-10552.7002	54633.3697	0.556211801	4.89223775e+13
7.9e-10	-647.264823	-1968.01399	-11218.583	54744.0577	0.556073427	4.89166582e+13
8e-10	-761.089762	-1038.65409	-10517.4863	55059.2981	0.555675849	4.89108371e+13
8.1e-10	148.822834	-206.192718	-9100.37803	55929.1782	0.555452802	4.89044945e+13
8.2e-10	-0.45477216	-1109.90063	-6853.15623	56472.5972	0.555062822	4.88978224e+13
8.3e-10	419.835476	-268.65473	-7234.91295	54604.5296	0.554944699	4.88904001e+13
8.4e-10	2453.64426	303.647855	-6613.95492	54803.6308	0.555200433	4.88842988e+13
8.5e-10	72.8831344	-58.7317893	-7293.19295	52312.144	0.555969874	4.88801838e+13
8.6e-10	-1980.58682	307.69955	-8044.46189	52470.1862	0.55727004	4.88801743e+13
8.7e-10	-2857.94098	-86.3820071	-7798.17411	52806.8723	0.558012154	4.88832769e+13
8.8e-10	-1541.97307	-629.086541	-8722.88694	52260.0099	0.5586038	4.88883931e+13
8.9e-10	-1935.60844	-1457.28523	-8769.47532	52381.6471	0.558912689	4.88946603e+13
9e-10	-1261.08991	-41.1982682	-9416.06618	54652.5372	0.55856791	4.89006482e+13
9.1e-10	-369.680375	-1084.36226	-10338.4023	56397.1293	0.557354427	4.89033154e+13
9.2e-10	-1800.01376	-1004.69943	-10976.0106	54066.9252	0.556338089	4.89015969e+13
9.3e-10	-905.172128	-1543.34786	-10574.2071	53607.8777	0.556490041	4.88987852e+13
9.4e-10	-744.046252	-1191.91683	-10512.1128	53933.0407	0.556555954	4.88967581e+13
9.5e-10	-1472.28989	686.251237	-9520.80583	53027.4435	0.5567627	4.88951795e+13
9.6e-10	-38.548814	-499.697885	-9954.65848	51947.2013	0.557311815	4.88948911e+13
9.7e-10	936.840673	-59.3800613	-9183.23975	51977.2226	0.558169375	4.88969735e+13
9.8e-10	670.449349	511.305839	-9147.71541	51777.554	0.558623367	4.89012233e+13
9.9e-10	-397.085902	-903.40407	-7043.43336	52282.5876	0.559036208	4.89064562e+13
1e-09	373.176261	972.201095	-6762.29045	52560.6512	0.559247997	4.89122626e+13
1.01e-09	1887.21246	1913.04027	-8343.4484	53729.7383	0.559080108	4.89176635e+13
1.02e-09	2644.05804	1645.176	-7789.11419	54547.0806	0.558138976	4.89207031e+13
1.03e-09	1987.3259	1469.60516	-7026.7708	54124.1328	0.557714619	4.89211426e+13
1.04e-09	1873.75573	1218.98125	-8841.03453	54503.6654	0.557452019	4.8920503e+13
1.05e-09	2829.8004	945.491173	-8785.0726	55160.6022	0.557088385	4.89189271e+13
1.06e-09	5278.7628	1219.88498	-7416.14567	55895.5154	0.556174926	4.89155147e+13
1.07e-09	5707.17296	1342.41515	-7805.90078	56595.3523	0.555475874	4.89096609e+13
1.08e-09	5121.18587	1644.72588	-7184.00765	54354.5784	0.555275934	4.8902359e+13
1.09e-09	3244.57843	1248.21139	-6761.29503	54051.9026	0.555641511	4.88964641e+13
1.1e-09	1471.1059	581.125988	-7112.37647	53660.2618	0.55638321	4.88927502e+13
1.11e-09	770.201473	1106.66366	-7531.48037	52030.3109	0.557388824	4.88919429e+13
1.12e-09	-1438.21261	578.136755	-6312.49376	51614.348	0.558491335	4.88948066e+13
1.13e-09	-72.6277344	682.091485	-6031.57964	53022.2577	0.558946093	4.89004517e+13
1.14e-09	-1036.58357	978.751319	-5800.02001	53375.864	0.559173196	4.8906508e+13
1.15e-09	-2331.00045	3471.64628	-6809.0081	54790.9032	0.55833267	4.89111812e+13
1.16e-09	-3805.27452	1944.22527	-8750.6695	53047.6459	0.558342176	4.89135655e+13
1.17e-09	-3479.51249	684.076827	-7865.63979	54066.7867	0.558001351	4.89155484e+13
1.18e-09	-2417.268	309.856332	-8300.45795	54804.5057	0.557568217	4.89161076e+13
1.19e-09	-2859.58363	-308.46781	-7569.25338	54116.0488	0.557358177	4.89152929e+13
1.2e-09	-2929.55152	-1345.17729	-7878.62337	54289.5601	0.55720849	4.89140493e+13
1.21e-09	-4175.3863	17.1818251	-8103.12892	54293.4418	0.557237348	4.89128468e+13
1.22e-09	-2124.06731	144.653675	-9194.75564	54893.507	0.557110928	4.89116577e+13
1.23e-09	-1878.37028	-2457.50354	-10167.404	54894.3002	0.556789438	4.89098119e+13
1.24e-09	-2096.13983	-2536.19505	-9147.94168	52604.8135	0.556946922	4.89073595e+13
1.25e-09	-2062.77463	-1280.67848	-9519.27498	53444.2767	0.557451007	4.89067198e+13
1.26e-09	-2466.07233	-719.866546	-10603.9035	51760.1012	0.557991334	4.89074469e+13
1.27e-09	-1972.68272	-1007.3717	-12301.3789	51498.9805	0.558611886	4.89102746e+13
1.28e-09	-1281.31017	-1140.68044	-10160.3878	52113.8514	0.55884169	4.89143658e+13
1.29e-09	-1855.51457	116.857875	-12200.3153	52976.9309	0.558892427	4.89188061e+13
1.3e-09	-2226.35469	-1075.98378	-13357.0079	52891.702	0.558425783	4.89217737e+13
1.31e-09	-3435.95073	-1714.92766	-12919.6958	52901.2916	0.557797177	4.89227696e+13
1.32e-09	-1003.92046	-2476.77909	-14719.6431	51885.5991	0.558107772	4.892293e+13
1.33e-09	-552.364438	-1173.82369	-12697.6817	51602.8452	0.558444679	4.89241077e+13
1.34e-09	1212.10803	-2128.82161	-13314.0034	50839.0761	0.558765462	4.89261973e+13
1.35e-09	-60.6143986	-1604.55371	-12869.8006	52393.859	0.558925989	4.8929288e+13
1.36e-09	-2260.72076	-1879.18498	-13332.579	53328.4368	0.558439481	4.89316526e+13
1.37e-09	-3526.40491	-2525.84827	-13665.0347	52137.9251	0.558182141	4.89322065e+13
1.38e-09	-1908.43707	-1691.29839	-14347.5208	50959.6243	0.55846338	4.893265e+13
1.39e-09	-345.084827	-1115.15348	-15511.5025	52291.1678	0.558402307	4.89338669e+13
1.4e-09	206.734112	-2102.74957	-15901.8592	53571.1083	0.557784085	4.89339159e+13
1.41e-09	781.390234	-2156.57342	-14703.6689	53884.5029	0.557072231	4.89314866e+13
1.42e-09	-71.4722724	-2728.4691	-15492.6428	53111.8449	0.556319643	4.89269866e+13
1.43e-09	-880.20223	-908.780826	-14158.3074	52073.5246	0.556560499	4.89216969e+13
1.44e-09	-860.498408	-1792.95886	-14866.6826	53517.5725	0.55674588	4.89180023e+13
1.45e-09	-1232.90406	-2272.99923	-14434.5203	54409.7006	0.556400188	4.89143294e+13
1.46e-09	-178.634313	-766.630529	-13663.7797	54941.5249	0.555876613	4.89094465e+13
1.47e-09	1368.21199	-385.791412	-13315.2745	56620.4871	0.555034908	4.89032484e+13
1.48e-09	2091.73548	-1359.97536	-15384.6168	54506.6876	0.554375409	4.88947653e+13
1.49e-09	692.17764	446.725492	-17082.6561	54065.0011	0.554185451	4.88856879e+13
1.5e-09	1282.98054	1497.92004	-16199.8699	54110.143	0.554196384	4.88771316e+13
1.51e-09	-371.163938	402.791315	-14165.9304	53230.8708	0.554343618	4.88693748e+13
1.52e-09	-348.264947	-21.3958916	-11477.3032	51523.5565	0.555653239	4.88645959e+13
1.53e-09	-535.022618	-919.491733	-12396.4059	52326.2273	0.556605224	4.88644821e+13
1.54e-09	-871.999126	220.484139	-12566.4014	52124.8555	0.557286394	4.88670154e+13
1.55e-09	-1255.10313	161.554654	-11258.1256	52555.2338	0.557627414	4.88709213e+13
1.56e-09	-1865.72279	152.348343	-13594.2154	53075.7538	0.557483902	4.88749824e+13
1.57e-09	-1565.22986	1877.94629	-11262.4214	54980.6036	0.557129216	4.88778644e+13
1.58e-09	-1425.43325	2103.78394	-11648.9186	54421.0749	0.556655103	4.88788024e+13
1.59e-09	-1828.83709	2193.15632	-11232.7179	54206.1987	0.556242051	4.88784146e+13
1.6e-09	-2794.37783	3407.65696	-12683.015	54510.6992	0.556102803	4.88771557e+13
1.61e-09	88.738369	2537.94025	-14348.2585	53703.9389	0.556006696	4.8875509e+13
1.62e-09	1228.24626	742.385445	-12520.0453	54391.9092	0.555891574	4.88736606e+13
1.63e-09	1688.56301	1286.88886	-11345.2168	54233.5996	0.555766324	4.88716085e+13
1.64e-09	1171.27329	1841.36786	-8889.10138	55418.8166	0.555614227	4.88693879e+13
1.65e-09	1427.86508	1909.86295	-9911.10958	54385.6881	0.55558145	4.88668309e+13
1.66e-09	2194.60784	2279.14392	-9536.60488	54024.2444	0.555660145	4.88647771e+13
1.67e-09	1983.70379	3984.85017	-10250.2321	54381.9159	0.555799862	4.88632166e+13
1.68e-09	1055.41852	3074.2824	-9693.1131	53075.2795	0.55598712	4.88621425e+13
1.69e-09	272.638	1732.70959	-8899.96583	52006.1618	0.556757057	4.88629184e+13
1.7e-09	510.245429	1600.37603	-8680.73736	50547.601	0.557857102	4.88665308e+13
1.71e-09	-298.054344	1166.13123	-9504.68931	50957.0465	0.559041664	4.88738071e+13
1.72e-09	929.984569	1177.22505	-9614.01094	53383.7444	0.558971973	4.88825667e+13
1.73e-09	1387.54478	643.546736	-7469.42704	54708.8918	0.558300156	4.8889191e+13
1.74e-09	243.766363	1039.22528	-9608.00735	54736.9871	0.557639105	4.88927751e+13
1.75e-09	144.965987	1530.44936	-9483.00197	54863.9046	0.557495314	4.88946287e+13
1.76e-09	-1966.17769	38.961533	-8276.46464	55044.9842	0.556632901	4.88947057e+13
1.77e-09	-1497.52464	-1421.72694	-8783.93517	53704.0584	0.556733836	4.88932625e+13
1.78e-09	-629.76936	123.198022	-9210.84682	53577.801	0.556966306	4.88926709e+13
1.79e-09	-1247.69997	67.6708888	-9254.89685	54669.2004	0.557021573	4.88927999e+13
1.8e-09	-717.892012	-1890.65981	-9849.1929	54684.5593	0.556643091	4.88921643e+13
1.81e-09	-34.3419305	1994.99297	-10330.8272	54446.0175	0.556301315	4.88904972e+13
1.82e-09	950.447794	-1575.77242	-9181.77683	54972.9897	0.556201991	4.88883328e+13
1.83e-09	218.806345	-1262.68434	-9028.33026	56124.7057	0.555948202	4.88858215e+13
1.84e-09	-460.87082	97.8616176	-9901.09819	56885.3673	0.555130642	4.88817894e+13
1.85e-09	-1761.06256	68.3905692	-10162.6669	54398.9795	0.554754172	4.88757515e+13
1.86e-09	-2721.11593	1732.34526	-9779.67327	54923.4644	0.554682307	4.8870086e+13
1.87e-09	-2746.53773	1171.66151	-8405.29753	54928.1454	0.55508238	4.88651654e+13
1.88e-09	-1221.46964	-541.971562	-8577.59368	54531.8025	0.555142164	4.8861483e+13
1.89e-09	1171.61142	-1162.03508	-9810.67212	54329.5355	0.555266767	4.88585446e+13
1.9e-09	2327.09172	-1782.21615	-8756.03839	55228.3002	0.555523065	4.8856532e+13
1.91e-09	2730.82769	-590.892332	-7351.555	53544.3726	0.555641119	4.88549661e+13
1.92e-09	2929.79607	-1130.76246	-6996.5536	52920.199	0.55639606	4.88551368e+13
1.93e-09	2810.89079	727.227913	-6349.58679	52016.2717	0.557450754	4.88581189e+13
1.94e-09	792.039681	1007.30327	-8339.05104	52161.8017	0.558061929	4.88639627e+13
1.95e-09	-445.738387	681.458894	-7789.06689	53593.3453	0.558358759	4.88708768e+13
1.96e-09	647.474244	962.909049	-7337.63102	55372.1194	0.557747052	4.88766345e+13
1.97e-09	769.80968	1840.92324	-8850.86764	55808.17	0.556386668	4.88785892e+13
1.98e-09	965.474745	875.758951	-6385.19258	54090.5265	0.555919651	4.88770305e+13
1.99e-09	1495.11684	1964.3835	-7208.01626	55318.1821	0.555959666	4.88753089e+13
2e-09	1947.72862	2490.43899	-8064.95002	54963.3592	0.555743756	4.88731663e+13
2.01e-09	2129.2393	2377.28526	-9237.57656	54647.99	0.555966625	4.88713093e+13
2.02e-09	2250.09958	1659.42153	-8059.54455	53900.9406	0.556131699	4.88700421e+13
2.03e-09	964.14109	359.973241	-8205.26348	54798.9538	0.556574727	4.8870097e+13
2.04e-09	-1280.75171	1027.83309	-9612.49291	54673.4546	0.556535398	4.88706763e+13
2.05e-09	-3114.70666	972.341773	-7791.64158	54007.3205	0.556566271	4.88711999e+13
2.06e-09	-2632.52334	1249.57529	-7581.98597	54062.3894	0.556729353	4.88720451e+13
2.07e-09	-1948.18788	2061.11325	-8660.55068	54335.9071	0.556651959	4.88730959e+13
2.08e-09	-992.478183	1011.12297	-8110.02257	54824.3139	0.556653482	4.88739354e+13
2.09e-09	-708.093702	2940.79015	-9456.95201	54302.8121	0.556543997	4.88743022e+13
2.1e-09	-318.851277	1710.00017	-11272.8675	53598.5622	0.5563921	4.88742953e+13
2.11e-09	-1408.62987	2710.92767	-11849.7731	52577.8347	0.556767151	4.8874558e+13
2.12e-09	-1305.52688	3480.27132	-12083.0818	51628.0358	0.557320458	4.88762938e+13
2.13e-09	-945.925696	4447.24223	-11373.239	52255.2102	0.557654622	4.88795249e+13
2.14e-09	116.542875	3268.41807	-13235.5433	51086.2522	0.557908823	4.88832147e+13
2.15e-09	-341.209412	2385.22835	-13809.3987	50840.0973	0.558674848	4.88883234e+13
2.16e-09	-578.019548	3772.67533	-13866.6872	50719.3169	0.559342134	4.88951432e+13
2.17e-09	-1542.70235	1623.36387	-13755.2613	50980.994	0.55980411	4.8903321e+13
2.18e-09	-1694.41521	508.63034	-14394.7886	52144.2354	0.55966501	4.89113723e+13
2.19e-09	-2566.62417	485.184287	-15538.8789	51530.1632	0.559416338	4.89180166e+13
2.2e-09	-1440.3124	525.68275	-18628.8125	52162.9874	0.559032041	4.89232534e+13
2.21e-09	-935.286136	580.997265	-18525.0091	55133.4006	0.557364064	4.89248786e+13
2.22e-09	-304.341625	683.197519	-16727.311	53952.4943	0.555968693	4.89206115e+13
2.23e-09	145.934816	1236.54017	-16415.493	52859.6204	0.555528933	4.89138724e+13
2.24e-09	776.236535	2212.94719	-15777.1043	52203.2872	0.555921245	4.89076369e+13
2.25e-09	1340.90953	3325.66236	-14701.7164	53335.0789	0.556230558	4.89032814e+13
2.26e-09	2300.77049	1931.82118	-15222.158	52822.4809	0.556229858	4.88998014e+13
2.27e-09	-73.771878	1954.28812	-13457.0139	54862.5224	0.556213925	4.88967241e+13
2.28e-09	-179.561681	2754.64572	-13814.2532	54685.5621	0.555521924	4.889269e+13
2.29e-09	-1781.10185	1920.12546	-13619.7941	54056.1207	0.555372107	4.88874608e+13
2.3e-09	-1957.23589	2156.92444	-14300.338	53911.5989	0.555281015	4.88825826e+13
2.31e-09	-2754.61888	1609.69221	-15507.3024	52649.5028	0.555832243	4.88785317e+13
2.32e-09	-686.44377	2562.63608	-14976.477	51414.9613	0.556222259	4.88764751e+13
2.33e-09	157.848001	2123.57773	-14252.5555	50637.9631	0.557076593	4.88767597e+13
2.34e-09	-605.52449	1072.81925	-12766.3965	51137.4558	0.558062742	4.88801444e+13
2.35e-09	-476.933288	1055.35919	-12687.5767	52541.3237	0.558254907	4.88853258e+13
2.36e-09	-1397.35074	598.948874	-13782.4994	52249.0835	0.557942005	4.8889765e+13
2.37e-09	257.553701	1029.09794	-13603.9507	51794.5824	0.558249194	4.88935404e+13
2.38e-09	1544.37527	404.510228	-13165.0975	53342.9266	0.558073651	4.88975927e+13
2.39e-09	-201.26012	883.466638	-13464.8156	55136.7915	0.557183982	4.88995893e+13
2.4e-09	-336.370669	1374.33897	-12175.2873	55055.7114	0.556418029	4.88982012e+13
2.41e-09	-1605.95396	3057.86939	-11810.1178	54629.0537	0.555836518	4.88947623e+13
2.42e-09	-2364.9786	1446.32294	-12662.7288	54882.4339	0.555402198	4.88901437e+13
2.43e-09	-659.992945	557.85569	-13103.7041	55487.6115	0.55518791	4.88847911e+13
2.44e-09	-1057.41326	682.178721	-13020.3507	55003.4027	0.554684084	4.88787695e+13
2.45e-09	-851.155869	995.888206	-10722.6379	55067.6433	0.554611169	4.88723259e+13
2.46e-09	-871.121464	794.708287	-10522.9612	56552.7197	0.554447224	4.88663391e+13
2.47e-09	247.72817	-1500.23088	-9908.43664	55948.2303	0.554252996	4.88600253e+13
2.48e-09	-642.982247	-2445.8694	-9163.30313	55225.6925	0.554352629	4.88541397e+13
2.49e-09	-1395.83174	-1323.22271	-7566.57467	54327.2291	0.554532577	4.88493416e+13
2.5e-09	-2000.64394	-1733.70559	-8995.3622	55249.497	0.55473608	4.88459679e+13
2.51e-09	-995.757306	977.409008	-9162.0422	52756.9331	0.555450262	4.88437952e+13
2.52e-09	-1164.41581	2231.65638	-9181.63598	53452.0199	0.556024979	4.88443501e+13
2.53e-09	-1981.29203	2648.83165	-8807.78472	53493.5162	0.556258645	4.88460357e+13
2.54e-09	-1133.45803	1509.36375	-6386.91187	54371.8241	0.556453719	4.88483954e+13
2.55e-09	-691.401879	514.384434	-9459.04036	54110.5963	0.556551006	4.88508573e+13
2.56e-09	-561.416547	538.400544	-9051.99079	54087.6976	0.556275382	4.88529067e+13
2.57e-09	-458.78777	904.788401	-7926.4119	51430.5623	0.557200883	4.88553853e+13
2.58e-09	-107.617766	690.067254	-7789.93247	51787.282	0.55838525	4.8861464e+13
2.59e-09	2358.31819	2032.5208	-7213.49189	53631.8389	0.558620503	4.88694903e+13
2.6e-09	1791.02777	1213.09616	-7740.84725	54375.4912	0.558068602	4.88762928e+13
2.61e-09	2490.36152	2742.93047	-8308.71445	53946.6153	0.557764139	4.88808788e+13
2.62e-09	2970.31262	2538.1256	-9143.18128	53979.3598	0.557667929	4.88843195e+13
2.63e-09	1527.64385	2445.24654	-8863.61561	54369.7903	0.557380479	4.88868058e+13
2.64e-09	142.0003	1203.90399	-9483.71299	55846.2882	0.556716498	4.88877624e+13
2.65e-09	-1567.53173	345.50519	-9256.0767	55128.5424	0.55612992	4.88863362e+13
2.66e-09	-2278.79381	2253.6096	-9667.04829	53455.5351	0.55631859	4.88843676e+13
2.67e-09	-1898.15184	1448.15873	-8219.77251	54130.3572	0.556668124	4.88834513e+13
2.68e-09	-2536.72233	195.314133	-7871.99538	53238.749	0.557014187	4.8883601e+13
2.69e-09	-2385.71165	-452.910818	-8607.81297	54934.3803	0.557036234	4.8884776e+13
2.7e-09	-1912.60509	415.55591	-6643.05255	55023.378	0.556623226	4.88850309e+13
2.71e-09	-1796.9633	2451.73762	-6082.67079	53838.4404	0.556838372	4.88846271e+13
2.72e-09	-708.389115	2152.15186	-5312.18077	52388.4858	0.557436032	4.88856262e+13
2.73e-09	-344.566892	116.813258	-3894.51052	50929.8715	0.558401032	4.88889845e+13
2.74e-09	105.609091	997.383047	-5289.07247	52081.2109	0.559526295	4.88959449e+13
2.75e-09	792.291189	2340.32871	-5382.90363	55187.6174	0.559193199	4.89039744e+13
2.76e-09	777.365296	1415.07758	-4436.18211	57317.8189	0.557774711	4.89080528e+13
2.77e-09	759.561966	1536.72419	-5688.48137	57609.3314	0.556208975	4.89066995e+13
2.78e-09	44.9046663	499.489126	-4881.71854	56765.3965	0.555252049	4.89012073e+13
2.79e-09	46.7697857	532.511391	-4693.81502	57131.6887	0.554841283	4.88940825e+13
2.8e-09	-1227.04599	670.214461	-5268.25566	57509.057	0.554304751	4.88860454e+13
2.81e-09	-501.503112	-613.591118	-6066.72458	56817.3468	0.553770931	4.88767889e+13
2.82e-09	-381.825313	135.668298	-6547.47112	57244.7662	0.553681832	4.88676698e+13
2.83e-09	407.452503	451.684304	-6581.12555	56021.2119	0.553781946	4.88591403e+13
2.84e-09	634.161909	-610.581818	-7159.12341	55084.8671	0.553999613	4.88519162e+13
2.85e-09	-286.680626	99.1444075	-6609.51074	54437.3904	0.554638609	4.88468177e+13
2.86e-09	-681.384907	63.1227089	-8113.6143	54391.0359	0.555180532	4.88443129e+13
2.87e-09	339.707158	-369.749144	-9025.04725	53480.0754	0.555725821	4.8843666e+13
2.88e-09	-965.795519	-468.3887	-8547.14952	53189.5352	0.556176729	4.88446886e+13
2.89e-09	532.32969	-1196.36342	-8891.50779	54258.8112	0.5565773	4.88473445e+13
2.9e-09	-2074.57625	-1204.36572	-10241.8623	52911.2072	0.556772678	4.8850323e+13
2.91e-09	-2003.88733	-1035.38206	-9948.63949	52951.9924	0.557077256	4.8854097e+13
2.92e-09	-271.414719	-2026.78996	-8330.45019	52409.9749	0.557751405	4.88588586e+13
2.93e-09	-1490.79386	-1536.92299	-9039.78863	55027.8894	0.557739159	4.88649538e+13
2.94e-09	-934.15371	315.677712	-7997.10824	55141.649	0.556901505	4.88686276e+13
2.95e-09	-1019.84618	1151.73643	-9343.37007	54179.4089	0.556514769	4.88698102e+13
2.96e-09	-858.874366	593.510686	-8931.61151	52145.6771	0.557180858	4.88710619e+13
2.97e-09	-1837.0565	-1082.14236	-9044.3028	52386.8237	0.557944122	4.88749456e+13
2.98e-09	-1654.15499	-926.070077	-10632.8747	52247.8558	0.558414172	4.88803887e+13
2.99e-09	-936.618475	-335.959998	-11047.9922	53957.1968	0.558365036	4.88863817e+13
3e-09	-27.470858	-717.996372	-11120.3251	53500.5481	0.557814136	4.88905607e+13
3.01e-09	929.684443	81.3588253	-15257.8954	53296.0905	0.557487787	4.88929664e+13
3.02e-09	-170.688648	-821.218818	-15535.5565	53485.9465	0.55701622	4.88938771e+13
3.03e-09	-319.248625	-397.344713	-18159.5151	53908.732	0.556413653	4.88929673e+13
3.04e-09	1053.78687	-139.665625	-17670.7678	53074.7821	0.555720038	4.88898366e+13
3.05e-09	556.540542	697.018762	-17185.2294	51639.438	0.555892584	4.88860189e+13
3.06e-09	243.997644	1103.91887	-17888.6441	53081.9207	0.556082085	4.88835434e+13
3.07e-09	-1160.39945	1004.28158	-15128.4114	54080.5283	0.555668452	4.88808692e+13
3.08e-09	-660.042085	2622.44559	-14593.4782	54476.8389	0.555458207	4.88773943e+13
3.09e-09	10.4336021	2330.44613	-13974.3081	53490.7765	0.555601629	4.88737505e+13
3.1e-09	-951.502409	2675.77269	-12443.4587	53955.252	0.556109751	4.88716282e+13
3.11e-09	-493.740388	2203.07819	-11942.4239	54449.2077	0.555887944	4.8870504e+13
3.12e-09	745.120717	2087.79307	-12977.6683	53842.4008	0.555911989	4.88689638e+13
3.13e-09	1360.94612	1466.66858	-11904.0556	53159.3005	0.555940533	4.88675584e+13
3.14e-09	-38.663186	3211.34385	-11562.0244	52610.6775	0.556328116	4.88669105e+13
3.15e-09	738.942715	3805.02675	-12429.4317	53080.2998	0.556655142	4.88676548e+13
3.16e-09	1220.65869	2633.94354	-13113.6987	54538.4967	0.556460645	4.88688142e+13
3.17e-09	981.587136	805.609455	-13194.9137	54580.4885	0.55576299	4.88682603e+13
3.18e-09	2204.26605	-301.182898	-13880.1734	54081.413	0.555381874	4.8865823e+13
3.19e-09	1220.44352	-1347.43123	-13623.3223	52497.7396	0.55554894	4.88631586e+13
3.2e-09	242.693194	-2083.06819	-14040.8697	52211.8442	0.556090189	4.88619702e+13
3.21e-09	944.00181	-1899.18578	-14810.6068	53085.224	0.556370395	4.88625437e+13
3.22e-09	1363.9305	-1955.14019	-14859.4897	51192.2237	0.556769056	4.88636867e+13
3.23e-09	2812.64788	-108.002524	-14118.488	54119.3076	0.557186051	4.88666543e+13
3.24e-09	105.794744	-1992.96477	-14018.0123	54498.1143	0.556600071	4.88689292e+13
3.25e-09	-1099.61033	-3329.33753	-14897.6751	54104.2853	0.555940056	4.8868948e+13
3.26e-09	-715.968084	-1747.55137	-13664.6816	54083.927	0.555517271	4.88669583e+13
3.27e-09	418.700922	-1972.98528	-12812.3995	52874.1568	0.555608857	4.88644936e+13
3.28e-09	-1714.29344	-1386.48471	-12497.0181	54259.9842	0.555803068	4.8863036e+13
3.29e-09	244.850723	-948.863451	-11825.9003	54652.9076	0.555882084	4.88620493e+13
3.3e-09	1407.75219	-321.126435	-12341.67	56182.1941	0.555236388	4.88604435e+13
3.31e-09	2798.34625	-191.180354	-11196.3233	56413.1375	0.554470368	4.88565618e+13
3.32e-09	2177.32859	1229.11451	-9620.91719	55215.8261	0.55444635	4.88512967e+13
3.33e-09	2814.8522	1045.03225	-10801.6993	53655.7328	0.554967653	4.8847433e+13
3.34e-09	2560.67186	1668.41127	-10897.9555	51984.939	0.555727061	4.88459888e+13
3.35e-09	318.761697	2293.15802	-10043.3419	52568.0817	0.556809179	4.88478231e+13
3.36e-09	820.688612	1424.62161	-10812.7824	52860.4811	0.557253671	4.88522426e+13
3.37e-09	-410.236368	618.476532	-10161.7593	52556.1557	0.557694819	4.88575365e+13
3.38e-09	-1579.86076	-531.468072	-9965.06793	53566.7217	0.557981101	4.886365e+13
3.39e-09	-2083.03587	-411.320127	-10048.2365	51884.5022	0.558290704	4.88699205e+13
3.4e-09	-2310.91596	-756.385963	-10348.4049	51219.876	0.558784303	4.88770165e+13
3.41e-09	-418.74642	-370.105547	-9386.62725	50427.0103	0.55930526	4.88852012e+13
3.42e-09	-938.079528	742.010321	-7686.01448	52046.1681	0.560120958	4.88948345e+13
3.43e-09	-234.681132	657.20907	-6078.01365	52939.915	0.559842642	4.8904621e+13
3.44e-09	-779.003712	540.932729	-5640.77947	53755.9099	0.559542787	4.89123399e+13
3.45e-09	-104.553648	-595.025005	-7361.99691	54979.5574	0.558937112	4.89179961e+13
3.46e-09	-729.5757	-812.186816	-6416.27879	54855.5989	0.557939069	4.89203688e+13
3.47e-09	-904.259265	-1551.89712	-7763.36541	53621.9793	0.557791671	4.89204564e+13
3.48e-09	-2104.51063	-1200.72326	-6032.10224	54136.6572	0.557642047	4.8920147e+13
3.49e-09	-484.730354	-1122.20727	-5615.33975	54742.2827	0.557423268	4.89195416e+13
3.5e-09	-290.222719	-2713.88526	-4848.09926	54548.8933	0.557129951	4.89180825e+13
3.51e-09	-440.823119	-2431.19336	-4619.48328	55934.9069	0.556757835	4.89157627e+13
3.52e-09	-1416.16487	-2956.40527	-5386.63011	55958.2892	0.556372139	4.89120578e+13
3.53e-09	-750.509689	-1479.22902	-4622.89295	54416.2265	0.556017892	4.89074882e+13
3.54e-09	-1282.92695	-335.042849	-5662.05324	54739.098	0.556295414	4.89034084e+13
3.55e-09	-1452.93599	876.616155	-5152.8069	54322.9502	0.556606715	4.89004611e+13
3.56e-09	-389.384861	1309.0347	-3549.70533	56629.9392	0.556251343	4.8898172e+13
3.57e-09	-1445.91527	1368.72311	-3090.83324	55421.3641	0.555491955	4.88939844e+13
3.58e-09	-1852.99516	1374.95027	-3509.11045	57559.5359	0.554923775	4.8888436e+13
3.59e-09	404.184919	-503.403671	-5439.39643	55278.7008	0.554641438	4.888117e+13
3.6e-09	-100.161894	-1575.66606	-6108.59307	56050.2617	0.554923336	4.88749825e+13
3.61e-09	307.894105	-2582.14404	-6627.42013	56517.755	0.55481878	4.88696877e+13
3.62e-09	574.489492	-2363.48466	-4982.39948	56698.0886	0.554501724	4.88641626e+13
3.63e-09	-86.9678531	-2331.08064	-4645.30581	54309.2614	0.554724317	4.88588615e+13
3.64e-09	70.6798772	-1030.19167	-4507.50249	54979.6668	0.555338153	4.88557978e+13
3.65e-09	-1342.51507	-983.882578	-1925.64456	55128.4418	0.555601777	4.8854229e+13
3.66e-09	-875.227787	3.94351717	-2752.52416	52382.2944	0.556367116	4.88541078e+13
3.67e-09	-1992.58391	1003.45315	-3733.58565	52776.2252	0.557602633	4.88575717e+13
3.68e-09	-1570.7112	-306.11552	-4854.40474	54007.5825	0.557841501	4.88633619e+13
3.69e-09	-1449.80525	-727.010611	-7408.902	53231.8457	0.558090989	4.88691033e+13
3.7e-09	-1037.4715	-140.245286	-8063.4912	54192.5736	0.557810979	4.88746539e+13
3.71e-09	-1064.01497	66.0946377	-8954.42201	55046.021	0.557585868	4.88787726e+13
3.72e-09	268.785509	1765.64831	-9208.24682	53760.8761	0.557167302	4.88810969e+13
3.73e-09	-88.5799269	2164.37731	-9009.94862	53366.6315	0.557532011	4.88832409e+13
3.74e-09	922.016641	3444.88274	-10395.5425	54545.4692	0.557438664	4.88859988e+13
3.75e-09	843.018258	3789.36368	-10068.4368	55184.6127	0.556541482	4.88867167e+13
3.76e-09	743.908902	2864.85105	-9591.33006	53472.8174	0.556228853	4.8884982e+13
3.77e-09	541.817405	1217.67862	-7617.38696	53066.2153	0.556637949	4.88837099e+13
3.78e-09	300.095945	-949.192517	-7649.12975	52736.0642	0.557025318	4.88839598e+13
3.79e-09	537.566894	257.176698	-7331.19511	52454.2656	0.557559251	4.88856404e+13
3.8e-09	570.04828	-409.936115	-8680.96757	52171.4994	0.558220796	4.88891846e+13
3.81e-09	765.761849	237.439193	-9070.34147	52710.1458	0.558617643	4.88941743e+13
3.82e-09	772.784407	-1223.34889	-9559.80158	51916.0881	0.559067797	4.88998827e+13
3.83e-09	308.958087	-875.712189	-10579.2717	52296.0728	0.55902421	4.890597e+13
3.84e-09	875.34351	-865.254493	-10856.9423	52479.9525	0.558778016	4.89109607e+13
3.85e-09	174.456865	-364.364219	-13532.2791	54227.4194	0.55830652	4.89148425e+13
3.86e-09	1166.83974	-2266.01056	-13668.8945	53682.5493	0.557684444	4.89158791e+13
3.87e-09	-105.49667	-2596.19671	-13796.1585	52650.0767	0.557179193	4.89149819e+13
3.88e-09	790.415872	-3382.01333	-12176.858	53745.4195	0.557057111	4.89133323e+13
3.89e-09	-38.1859033	-967.313599	-12904.5466	54511.2824	0.556713762	4.89112458e+13
3.9e-09	-976.858531	-894.718257	-11962.2468	52706.3327	0.556536671	4.89080426e+13
3.91e-09	-1166.85421	110.599396	-12290.5646	52000.1565	0.557176703	4.89060505e+13
3.92e-09	428.445976	-669.307298	-11457.739	52995.2182	0.557592588	4.89060435e+13
3.93e-09	1442.713	-756.509431	-11624.4826	55224.2846	0.557387819	4.89068013e+13
3.94e-09	938.801604	-548.508691	-12466.179	54527.1956	0.556884423	4.89059649e+13
3.95e-09	3380.27892	-2020.07501	-13263.5579	53394.9162	0.556737335	4.89038663e+13
3.96e-09	815.893711	-657.613429	-14153.8892	52421.9607	0.556864527	4.89020451e+13
3.97e-09	-108.327599	-383.30929	-13523.2115	52248.622	0.557503525	4.89016404e+13
3.98e-09	189.727939	86.251581	-14776.326	52721.2135	0.557765416	4.89030407e+13
3.99e-09	446.294115	-102.971518	-14836.8534	52567.7861	0.55752375	4.89041279e+13
4e-09	-944.680016	-1334.00485	-14530.0087	53593.9346	0.55727971	4.89045809e+13
4.01e-09	-1115.08214	-126.659471	-14857.5794	53629.7536	0.556756601	4.8903554e+13
4.02e-09	-1745.48437	77.1079559	-13637.9964	52730.0452	0.556551425	4.89012727e+13
4.03e-09	-2124.25415	680.640842	-14712.0111	53126.1141	0.55655597	4.8899127e+13
4.04e-09	-847.342537	879.692349	-14572.9086	53813.5855	0.556368911	4.88969937e+13
4.05e-09	1960.2529	1861.73706	-14802.2835	53239.7547	0.55633072	4.88944041e+13
4.06e-09	1590.25174	-176.564895	-13103.8683	52030.7211	0.556507787	4.88922285e+13
4.07e-09	554.920354	-88.0771371	-14875.5055	53673.1827	0.556634421	4.88911161e+13
4.08e-09	1595.39194	38.2341645	-14958.0156	54220.0315	0.55608279	4.88893212e+13
4.09e-09	-1250.38286	965.911024	-11842.7614	53484.947	0.555970117	4.88862475e+13
4.1e-09	-603.397786	-953.720889	-13113.454	52858.035	0.556225117	4.88839635e+13
4.11e-09	-2108.5032	-932.294264	-13165.5538	52689.9537	0.55675399	4.88829657e+13
4.12e-09	-926.583467	-1396.63294	-11651.9629	54686.1404	0.556607131	4.88831056e+13
4.13e-09	-454.160381	-693.294505	-12926.8735	53365.3448	0.556614731	4.88826187e+13
4.14e-09	-489.555871	-517.221759	-10938.0661	52261.8988	0.55682202	4.88824601e+13
4.15e-09	-97.0025229	-49.5251086	-10830.2836	53926.5932	0.557043117	4.88835103e+13
4.16e-09	266.622219	1128.55179	-10252.2099	55418.7423	0.556650901	4.88840909e+13
4.17e-09	262.721785	2131.86061	-9713.67419	54990.9028	0.55625841	4.88828149e+13
4.18e-09	-1538.65908	1270.0702	-9898.38754	52463.5855	0.556620259	4.88815794e+13
4.19e-09	-690.849063	1205.90895	-11126.8029	52770.7294	0.557146549	4.88823674e+13
4.2e-09	-99.4125959	746.876544	-11663.4083	52166.2345	0.55753929	4.88843483e+13
4.21e-09	-1618.42468	1665.58731	-12198.2669	51533.1958	0.558035743	4.88876826e+13
4.22e-09	-37.4096168	1374.26595	-9929.75081	53430.9845	0.557980627	4.88916766e+13
4.23e-09	329.326053	1244.66488	-9884.29392	54307.7969	0.557606689	4.88944779e+13
4.24e-09	1051.74953	1019.16262	-8357.00108	53558.6514	0.557231065	4.88956533e+13
4.25e-09	586.100331	-1982.44843	-7886.06911	53684.298	0.557382861	4.88963218e+13
4.26e-09	-1799.95995	-2334.80546	-8900.18388	52787.5066	0.557765979	4.88977899e+13
4.27e-09	-1677.49806	-1734.67953	-7300.94213	52317.824	0.558532889	4.89009408e+13
4.28e-09	-1580.78821	-1261.46124	-7751.73443	52707.8149	0.558794488	4.89056717e+13
4.29e-09	521.245398	-2369.39147	-7900.40823	53619.8479	0.558646198	4.89101095e+13
4.3e-09	-849.729249	-1706.70434	-8913.36521	52425.5983	0.558805636	4.89138236e+13
4.31e-09	-1964.13337	-2866.99925	-6744.1376	52999.1164	0.558964144	4.89181806e+13
4.32e-09	-3855.00641	-2383.60954	-4856.19723	52921.8456	0.559097875	4.89223983e+13
4.33e-09	-1908.60415	-3115.67573	-4592.55748	55025.0158	0.558594482	4.89260504e+13
4.34e-09	-1563.20354	-872.315204	-5839.80734	54502.9381	0.557995585	4.89270702e+13
4.35e-09	582.988646	793.745008	-4336.73102	53798.4949	0.55771127	4.89265377e+13
4.36e-09	-944.674022	-261.127724	-4439.28494	53813.8454	0.557899897	4.89259001e+13
4.37e-09	-1286.20323	-452.414097	-4598.46771	54591.7223	0.557941056	4.89260566e+13
4.38e-09	-63.0428241	-1289.00105	-4999.36252	54657.9624	0.557618626	4.89254959e+13
4.39e-09	-901.894508	-2703.03233	-5064.86381	56554.4472	0.556779134	4.8923254e+13
4.4e-09	587.456989	-1006.25155	-6187.17562	54933.5285	0.556055753	4.89183098e+13
4.41e-09	1126.3284	-889.498928	-5534.14002	53287.2049	0.556230689	4.89128631e+13
4.42e-09	1684.89879	627.724822	-6897.42156	53827.0379	0.556762606	4.89094185e+13
4.43e-09	1295.19403	-355.751985	-7097.888	53166.8914	0.557082667	4.89075399e+13
4.44e-09	2742.11923	1965.3757	-7701.90277	53557.1522	0.557474758	4.89071239e+13
4.45e-09	3470.65987	1759.34154	-6871.19781	52048.0821	0.557945213	4.89078519e+13
4.46e-09	1931.23835	468.236053	-4417.50498	53382.1241	0.558548266	4.8910583e+13
4.47e-09	1944.82837	353.743441	-6990.62703	52820.8175	0.558694499	4.89141765e+13
4.48e-09	2453.90209	1641.69841	-7175.32494	52453.6176	0.559140674	4.89183289e+13
4.49e-09	1852.44843	1593.88625	-6301.58229	52665.7613	0.559546777	4.89235227e+13
4.5e-09	1573.17722	289.978755	-5310.51155	52398.0831	0.559692481	4.89291712e+13
4.51e-09	741.200346	1254.48524	-5846.6173	55865.9432	0.558993751	4.89340261e+13
4.52e-09	267.039803	369.366417	-4022.90425	54312.2993	0.558326666	4.89353814e+13
4.53e-09	-425.339773	-593.891251	-4275.06119	54552.5827	0.558159692	4.89354555e+13
4.54e-09	-612.051767	-76.8726223	-6560.32403	54865.1577	0.55782958	4.89348556e+13
4.55e-09	-626.347611	-1681.82269	-8094.28685	56432.1409	0.556910731	4.89322272e+13
4.56e-09	-1631.68128	-3293.13789	-8080.15775	56802.9802	0.555787999	4.892656e+13
4.57e-09	-1681.85798	-2674.02131	-7409.0414	55492.6209	0.555569508	4.89188207e+13
4.58e-09	230.038915	86.6713787	-8838.32413	53733.0133	0.555619642	4.89115606e+13
4.59e-09	-1233.51066	-70.2477564	-8607.99069	53326.6836	0.555957481	4.89057753e+13
4.6e-09	-2005.39235	138.283782	-9433.52497	53280.4505	0.556616436	4.89021286e+13
4.61e-09	-1762.50342	362.819224	-9249.96668	52801.6533	0.557251324	4.89008506e+13
4.62e-09	-1316.47031	830.230556	-9911.50016	52412.1044	0.55761829	4.89015604e+13
4.63e-09	-829.398359	1473.27146	-8841.43866	51663.6443	0.558364545	4.89037532e+13
4.64e-09	-401.721705	886.992129	-8746.10522	53801.5373	0.558579708	4.89078959e+13
4.65e-09	-924.272236	1509.72492	-8769.5091	53573.4369	0.558209866	4.89111065e+13
4.66e-09	-29.7462511	3342.42744	-12361.5099	54292.1897	0.557906057	4.89131068e+13
4.67e-09	-1265.34855	1056.46427	-13315.6454	55164.4096	0.556925865	4.89128009e+13
4.68e-09	11.2946212	415.543133	-12577.2835	54532.2208	0.556178967	4.89093694e+13
4.69e-09	-1039.80232	392.341142	-13279.3065	55401.5152	0.555754727	4.89045992e+13
4.7e-09	632.291128	-1005.8331	-13047.948	54226.9754	0.555454187	4.88986931e+13
4.71e-09	-1250.32112	-2403.79312	-11152.2156	53473.7964	0.555581822	4.88930895e+13
4.72e-09	-325.240139	-1621.06103	-11577.7832	51264.6964	0.556422018	4.88894354e+13
4.73e-09	1105.36531	-392.316122	-11150.4344	51860.5127	0.557227988	4.88892054e+13
4.74e-09	567.792477	-1908.10675	-10568.1869	54439.7252	0.55707519	4.8890439e+13
4.75e-09	877.256947	-1189.64213	-11307.2236	53837.7909	0.556565516	4.88901643e+13
4.76e-09	-501.597773	-408.660159	-12640.9796	53269.8569	0.556553877	4.8888903e+13
4.77e-09	982.980362	426.981535	-12819.6699	52351.6399	0.556708674	4.8887915e+13
4.78e-09	-847.524423	993.105591	-12145.2041	52038.1297	0.55740309	4.88883617e+13
4.79e-09	-1135.3105	-490.894793	-12290.0356	51920.1047	0.557636491	4.8890404e+13
4.8e-09	-1914.76708	900.40077	-12937.4867	50332.9378	0.558363021	4.8893534e+13
4.81e-09	-2273.5637	1526.97977	-14509.6111	50672.8024	0.559241159	4.88994117e+13
4.82e-09	-3262.66405	-784.016034	-14284.3943	52536.3852	0.55915602	4.89061629e+13
4.83e-09	-2194.75364	-755.746259	-14591.6281	52595.2343	0.558796353	4.89114806e+13
4.84e-09	-827.699887	-2108.86156	-14598.5848	53488.3447	0.558152222	4.89146333e+13
4.85e-09	-2256.03383	-2432.56426	-12875.9159	53255.7427	0.557720044	4.89156161e+13
4.86e-09	-3767.30075	-2761.15884	-12591.4805	53254.013	0.557373001	4.89154617e+13
4.87e-09	-2123.85043	-2498.62398	-11203.9729	53686.4946	0.557208883	4.89144538e+13
4.88e-09	-835.097207	-1508.54826	-11746.5022	54632.6088	0.556884059	4.89128412e+13
4.89e-09	33.0084661	-1769.06958	-12343.5258	54281.6098	0.556542847	4.89099433e+13
4.9e-09	-1050.6139	-3884.7217	-12497.6739	55372.6096	0.556200597	4.89063097e+13
4.91e-09	-809.53201	-659.244303	-12110.7157	53577.897	0.555903777	4.89017088e+13
4.92e-09	-1375.0418	-508.60146	-12394.6797	52995.4315	0.556282917	4.88976667e+13
4.93e-09	-995.26345	-732.919743	-13407.0889	53756.9354	0.556546721	4.88954274e+13
4.94e-09	-2123.93451	-26.2978191	-12680.0813	53900.3582	0.556270272	4.88931732e+13
4.95e-09	-2156.53305	-782.983463	-11822.0563	53546.2188	0.556425306	4.88907616e+13
4.96e-09	-577.009144	-1984.36906	-10640.8752	52676.2961	0.556766623	4.88893744e+13
4.97e-09	-1654.16496	-757.298615	-9745.85178	54987.8165	0.55679678	4.88893714e+13
4.98e-09	-2309.9215	335.194388	-10811.7957	53829.4363	0.556197229	4.88879467e+13
4.99e-09	-2007.67009	-1225.59715	-10577.427	52649.1229	0.556837113	4.88866993e+13
5e-09	-1261.06511	-717.659491	-10725.4346	53038.6805	0.557197516	4.88873203e+13
5.01e-09	-519.494004	-1075.59551	-9633.22256	54200.3489	0.557183483	4.88885482e+13
5.02e-09	-814.483187	-1559.75059	-9688.03586	54052.5491	0.556960328	4.88891737e+13
5.03e-09	-1507.44337	-1819.73819	-8167.00523	54198.7547	0.557041817	4.88894462e+13
5.04e-09	-925.155467	-1626.99414	-9228.2073	55267.1956	0.556575552	4.88894119e+13
5.05e-09	955.310871	-963.378047	-8548.48685	53883.546	0.556655653	4.88881758e+13
5.06e-09	623.706797	-956.30939	-8346.39234	53287.2661	0.55696342	4.88880084e+13
5.07e-09	2364.30723	-39.781971	-7667.64792	52070.1063	0.557474426	4.88888207e+13
5.08e-09	3065.24946	1466.93961	-8641.69766	50621.3759	0.558488895	4.88921444e+13
5.09e-09	1505.47228	206.222871	-9326.35535	51355.8531	0.559576449	4.88988362e+13
5.1e-09	1465.35166	1157.46271	-7881.26384	50913.5789	0.560014301	4.89073964e+13
5.11e-09	1167.02021	1053.89727	-9084.37678	51553.0078	0.56026645	4.89165294e+13
5.12e-09	1123.15089	1373.68866	-7182.95858	54179.6537	0.559827929	4.89246455e+13
5.13e-09	78.4466469	396.717731	-7849.48729	56236.5054	0.558742752	4.89295222e+13
5.14e-09	-427.643889	-1117.66741	-7101.33924	55769.4087	0.557490261	4.89297348e+13
5.15e-09	-655.001338	-373.260039	-7068.67719	55547.452	0.556579695	4.89264084e+13
5.16e-09	-816.16288	338.512346	-6185.98014	53934.4216	0.556387735	4.89213742e+13
5.17e-09	-752.114895	359.913593	-6114.81907	53200.9898	0.557277718	4.89180027e+13
5.18e-09	-872.903532	-982.684792	-5312.07995	53955.2499	0.557656134	4.89172424e+13
5.19e-09	-374.858455	-1534.3565	-5347.3458	55133.3156	0.557380056	4.89167709e+13
5.2e-09	-542.562674	-643.176434	-4809.0039	55584.1268	0.556856735	4.89149843e+13
5.21e-09	-146.323435	-69.8577177	-4564.90175	55436.7696	0.556432073	4.89119772e+13
5.22e-09	-891.966235	470.181641	-4664.74491	54638.688	0.556257115	4.89080776e+13
5.23e-09	1121.4135	242.069752	-4277.08378	53485.6568	0.556683327	4.89047934e+13
5.24e-09	1900.70081	353.71285	-6069.6381	54467.9238	0.556730254	4.89029141e+13
5.25e-09	-375.41829	-103.063669	-6133.87742	53610.2049	0.556950292	4.89012886e+13
5.26e-09	311.688542	988.577588	-4867.66651	52951.5287	0.557371942	4.89008022e+13
5.27e-09	-106.222669	536.273719	-4661.80706	54147.5666	0.557398947	4.89016236e+13
5.28e-09	-56.3190785	696.646771	-5044.00532	53278.2375	0.557780991	4.8902537e+13
5.29e-09	-10.1744784	683.269333	-4758.31221	52662.3444	0.558178975	4.89047708e+13
5.3e-09	-824.548702	-686.091771	-3779.75929	50075.9883	0.559218481	4.89087731e+13
5.31e-09	385.579848	-593.066552	-4985.34526	50857.8996	0.560565424	4.89167132e+13
5.32e-09	635.922762	-461.436442	-3582.31283	53900.6979	0.560219296	4.89262e+13
5.33e-09	524.514606	-1264.47783	-3892.0543	55160.5988	0.559354573	4.89324949e+13
5.34e-09	1631.40532	-1706.19536	-5165.35992	56690.6761	0.557772183	4.89342879e+13
5.35e-09	1889.9392	-466.335225	-5978.93064	57188.3774	0.556401591	4.89308924e+13
5.36e-09	1636.48776	1050.47716	-5235.62944	59172.1253	0.555285124	4.89239536e+13
5.37e-09	3715.37703	1796.81178	-6108.14436	57356.809	0.55446002	4.89137806e+13
5.38e-09	3820.28747	1598.91356	-6931.09907	55041.5525	0.554268195	4.89028927e+13
5.39e-09	4259.41983	-388.407505	-6893.54951	53677.0178	0.554861074	4.88936481e+13
5.4e-09	3635.7384	773.45807	-7128.8367	53969.6338	0.556059931	4.88883494e+13
5.41e-09	4946.17509	1940.33415	-8666.36507	51317.3506	0.556929694	4.8886741e+13
5.42e-09	2203.53212	1358.06219	-9941.92483	49650.7416	0.558474188	4.88892918e+13
5.43e-09	1926.40652	-527.517692	-10765.9038	49631.6513	0.559685811	4.88965808e+13
5.44e-09	1648.42683	-658.316141	-9889.61467	49980.0497	0.560662923	4.89067418e+13
5.45e-09	-1772.8809	115.028952	-8592.07338	49591.4149	0.561437488	4.89185764e+13
5.46e-09	-1936.96697	1118.08689	-9338.75118	52283.5998	0.561479275	4.8931225e+13
5.47e-09	-1248.97315	7.31310039	-8976.88891	54759.7292	0.560177232	4.89407123e+13
5.48e-09	-305.724381	-569.072798	-9223.36826	53743.4155	0.559015573	4.89448129e+13
5.49e-09	-614.02653	90.1942294	-10370.1829	54061.6653	0.558226624	4.89453644e+13
5.5e-09	-1161.15559	-310.339829	-10824.1787	54916.7297	0.557277659	4.89432259e+13
5.51e-09	-389.045114	-1703.25938	-10513.7879	54641.1515	0.556733382	4.89384309e+13
5.52e-09	-960.05978	-1687.63425	-12256.7726	53436.8674	0.556590221	4.89330555e+13
5.53e-09	-991.989003	-2078.26468	-13728.362	53704.072	0.556381601	4.89277552e+13
5.54e-09	1364.76893	-1539.90305	-13327.3084	54110.5457	0.556250944	4.89221308e+13
5.55e-09	1652.53526	-2097.95795	-12949.4896	53880.7493	0.556196147	4.89166838e+13
5.56e-09	2490.82716	505.242592	-13400.6113	51217.578	0.556653067	4.89122393e+13
5.57e-09	2637.14096	-20.0137364	-13431.1694	52693.0365	0.557416195	4.89107164e+13
5.58e-09	2521.25858	-17.810102	-14914.5377	52853.5832	0.557371014	4.89104625e+13
5.59e-09	2532.70809	60.0908366	-13820.2898	52275.4391	0.55731751	4.89097969e+13
5.6e-09	3109.50871	-1766.85943	-13411.2177	51555.3475	0.557638243	4.89097048e+13
5.61e-09	123.536539	-1573.28589	-12475.7508	53191.9964	0.557851037	4.89107016e+13
5.62e-09	-1012.83035	-2559.48627	-12664.627	54046.0251	0.557217783	4.89110433e+13
5.63e-09	-2064.81834	-1542.33206	-13556.675	52967.9099	0.556956649	4.89096544e+13
5.64e-09	-2927.62488	-858.831212	-12494.2288	52035.5429	0.557244812	4.89082169e+13
5.65e-09	-2161.3707	-302.944707	-14192.1814	52507.1173	0.557304565	4.89078916e+13
5.66e-09	-1633.25743	-1184.43948	-13454.4825	50140.8258	0.557595275	4.89076379e+13
5.67e-09	-192.700775	1339.911	-13678.2674	51211.81	0.558572566	4.89099623e+13
5.68e-09	-20.6605978	625.540701	-12831.5948	53452.0234	0.558669897	4.89138742e+13
5.69e-09	208.643252	674.131681	-13342.9354	52869.6804	0.558050887	4.89163563e+13
5.7e-09	-2226.07262	131.699339	-14368.1916	53445.2931	0.557720928	4.89172843e+13
5.71e-09	-2089.61661	63.8332339	-15241.6033	54114.106	0.557077469	4.8916347e+13
5.72e-09	-1594.56704	-18.3970583	-14512.6799	54937.5085	0.556218856	4.89132269e+13
5.73e-09	-1099.50019	248.008538	-14537.9343	54876.7502	0.555571396	4.89077678e+13
5.74e-09	-1740.90221	530.745032	-13899.125	55255.7562	0.555141238	4.89010606e+13
5.75e-09	-2733.909	827.718706	-13182.0085	55110.6744	0.554738468	4.88935007e+13
5.76e-09	-3712.70864	1634.05416	-13170.3722	54178.0563	0.55466639	4.88859509e+13
5.77e-09	-3245.64849	948.247738	-14018.2243	54066.4258	0.554896215	4.88791701e+13
5.78e-09	-2551.59615	366.808389	-13990.9871	52395.7629	0.555137629	4.88737682e+13
5.79e-09	-4011.22716	696.278472	-14084.2563	50955.9685	0.55581531	4.88704124e+13
5.8e-09	-3540.39583	816.645718	-13513.2016	51749.7279	0.557038216	4.88706325e+13
5.81e-09	-2076.0442	2475.44948	-12052.0635	52046.52	0.557476956	4.8873546e+13
5.82e-09	-2174.50938	2565.02231	-10998.8066	52247.989	0.557670306	4.88772454e+13
5.83e-09	-1671.38555	3003.37308	-9434.42289	52529.0626	0.55798576	4.88814281e+13
5.84e-09	-109.429358	774.62391	-8866.5747	52480.1203	0.558444547	4.88864619e+13
5.85e-09	1766.50527	1032.6317	-10110.474	52202.1556	0.558655734	4.8892078e+13
5.86e-09	796.24273	2315.71607	-9972.33568	51725.0077	0.558946429	4.88980105e+13
5.87e-09	1250.40714	1272.3791	-9086.40902	52632.4778	0.559272482	4.89045325e+13
5.88e-09	1238.69772	463.691515	-8594.52085	52001.3028	0.559271831	4.89108268e+13
5.89e-09	1734.20256	1546.50564	-8822.66793	51192.5349	0.559608054	4.89170843e+13
5.9e-09	2672.03841	594.590323	-9188.68941	53039.2908	0.559566413	4.89234742e+13
5.91e-09	2572.19634	-1121.55718	-8626.18975	53407.7265	0.559476844	4.89290024e+13
5.92e-09	1600.21207	685.184503	-7426.40433	54266.5975	0.558853789	4.89328649e+13
5.93e-09	1494.16659	-79.1889775	-7127.73202	54739.7728	0.558048007	4.89341572e+13
5.94e-09	1652.8223	-398.86473	-6753.09669	56556.156	0.557302521	4.89326484e+13
5.95e-09	2024.29564	-1071.01601	-6438.10466	55772.4502	0.556516218	4.89285573e+13
5.96e-09	537.951277	-1116.43298	-6057.17738	55639.0164	0.555911872	4.89226337e+13
5.97e-09	2328.78339	-1226.85867	-7227.62377	54965.2625	0.555825398	4.89160039e+13
5.98e-09	4525.49853	-1019.7931	-8741.36044	53243.6932	0.556294472	4.89105506e+13
5.99e-09	2938.43107	-2917.54898	-9925.99006	55322.6717	0.556466121	4.89070464e+13
6e-09	1049.79147	-2518.00209	-9994.77799	53965.229	0.556250897	4.89033118e+13
6.01e-09	1248.64168	-2870.72485	-9169.28013	54404.3356	0.556148791	4.88996296e+13
6.02e-09	930.718786	-2221.79511	-9627.76485	54166.4582	0.556106925	4.88960474e+13
6.03e-09	1888.28104	-1943.2507	-7379.82819	54562.9836	0.556307304	4.88931655e+13
6.04e-09	1987.38452	-2945.85301	-7381.95925	53464.4311	0.556840923	4.88915287e+13
6.05e-09	2764.87805	-2932.31932	-6725.80639	54265.1926	0.556935223	4.88912767e+13
6.06e-09	3456.6759	-3952.35366	-7418.0904	54015.3202	0.556995577	4.88912458e+13
6.07e-09	2020.97177	-2998.44852	-6927.24724	53402.4776	0.557098069	4.88915022e+13
6.08e-09	726.308356	-1490.4267	-5049.681	54368.1899	0.55740884	4.88925104e+13
6.09e-09	886.12616	-1732.26525	-4446.15634	53856.2884	0.557253645	4.88935478e+13
6.1e-09	-423.395366	-978.201118	-6081.92129	53228.7244	0.557728126	4.88949275e+13
6.11e-09	-100.443314	102.304731	-5656.89954	54458.3387	0.557557903	4.88970393e+13
6.12e-09	989.83053	2056.356	-6022.51095	54295.873	0.557437734	4.88982434e+13
6.13e-09	2159.01578	1489.43646	-5861.02336	54235.6122	0.557259574	4.8898957e+13
6.14e-09	2942.81914	1623.6545	-5271.85853	54931.3241	0.557385191	4.88994444e+13
6.15e-09	2245.64135	213.592305	-5813.67399	55310.3405	0.55709395	4.88996399e+13
6.16e-09	1342.72928	-636.019245	-5301.86369	55906.2528	0.556521543	4.8898395e+13
6.17e-09	-341.525777	-430.921053	-4494.06521	56026.6383	0.555881778	4.88952442e+13
6.18e-09	-636.896621	-767.65078	-3612.82926	54739.6389	0.555745977	4.88908383e+13
6.19e-09	-956.869098	-2611.34448	-6196.04893	54690.9036	0.555985434	4.88874359e+13
6.2e-09	391.913091	-2138.38158	-6610.10661	55538.9328	0.556047808	4.88848072e+13
6.21e-09	488.450356	-1813.12612	-6612.6719	54435.8148	0.55588893	4.88820962e+13
6.22e-09	-1272.5425	-841.933684	-7148.25695	53766.8727	0.556081476	4.88796954e+13
6.23e-09	-1111.4879	-679.604493	-8121.51191	52083.5089	0.556957398	4.88791428e+13
6.24e-09	-605.600943	-747.290211	-8129.06406	52190.4814	0.557820101	4.88816396e+13
6.25e-09	-164.327582	-1116.15639	-7489.18193	51795.3695	0.558632513	4.88865743e+13
6.26e-09	207.017752	197.86692	-8435.17672	52172.6649	0.5590632	4.88932771e+13
6.27e-09	-180.850913	819.969488	-9108.44497	53947.7284	0.559075609	4.89002799e+13
6.28e-09	-1247.95618	870.300161	-7951.07713	52924.6644	0.558494379	4.89053362e+13
6.29e-09	-1900.43491	1220.5786	-8079.72004	52652.2281	0.558857473	4.89096543e+13
6.3e-09	-1088.70869	-9.21819413	-9783.54191	53098.9905	0.558786003	4.89141249e+13
6.31e-09	-1355.30878	-762.137589	-9184.17423	54408.676	0.558136463	4.89170698e+13
6.32e-09	-1108.12831	-586.119488	-9818.13493	54298.116	0.557686503	4.89177663e+13
6.33e-09	-1052.7186	-209.372006	-11362.419	54130.407	0.55697854	4.8916562e+13
6.34e-09	537.345743	-553.432236	-11259.9045	53365.4616	0.55684355	4.89140958e+13
6.35e-09	872.645908	427.042412	-11015.4799	53934.281	0.556674564	4.89113669e+13
6.36e-09	2091.24961	-584.248048	-10465.6887	54312.2205	0.55662084	4.89084883e+13
6.37e-09	3094.56686	-787.430522	-11790.6225	53112.9527	0.556610996	4.89056945e+13
6.38e-09	2278.62206	1658.87275	-13572.5601	53279.3453	0.556553149	4.89032988e+13
6.39e-09	2199.33516	1486.67093	-12227.848	53728.4824	0.556439695	4.89007457e+13
6.4e-09	876.536647	379.516636	-12782.8096	52496.7371	0.55670685	4.88984853e+13
6.41e-09	-589.48975	-1244.22255	-10606.2069	52632.0168	0.556972327	4.88973618e+13
6.42e-09	-2413.7115	-1479.16323	-10545.0053	54952.5192	0.557081867	4.88973527e+13
6.43e-09	-1789.16087	-2016.2741	-10579.5797	55708.0028	0.556049485	4.88956335e+13
6.44e-09	-1396.26334	-3785.1712	-11210.4091	54164.2806	0.555568293	4.88913182e+13
6.45e-09	317.152074	-1757.19643	-12420.7291	52867.6556	0.555745712	4.88869593e+13
6.46e-09	-1044.50753	-1632.58467	-12322.5702	51694.558	0.556322527	4.88842347e+13
6.47e-09	1221.47997	305.962667	-11698.887	52018.7855	0.557310049	4.88844441e+13
6.48e-09	94.6295493	1513.14258	-12615.6647	51793.9682	0.557702706	4.88867376e+13
6.49e-09	1401.70867	2231.61158	-12452.0558	52677.6214	0.557798927	4.88899199e+13
6.5e-09	1096.70675	704.073174	-13024.4022	53717.016	0.557564779	4.8892621e+13
6.51e-09	874.929304	962.114495	-15057.0378	53769.1942	0.557219781	4.88938925e+13
6.52e-09	2406.68727	1076.07355	-15964.8578	56230.0851	0.556180328	4.8893388e+13
6.53e-09	2287.66003	296.012996	-16091.0122	56567.8892	0.554629074	4.88882331e+13
6.54e-09	1364.03111	544.691793	-15754.9378	54205.6706	0.55396108	4.88795065e+13
6.55e-09	1415.52077	1218.62051	-15454.92	54177.7342	0.554169995	4.88710804e+13
6.56e-09	2141.10596	13.7833904	-15771.0583	53669.4938	0.5544805	4.88642967e+13
6.57e-09	2160.55518	-690.161545	-15963.0273	53337.9164	0.554626418	4.88589297e+13
6.58e-09	2691.30477	1941.28723	-14798.8712	52555.1071	0.555179539	4.88550273e+13
6.59e-09	1189.29835	1694.88898	-14092.9768	53250.367	0.55565248	4.88534318e+13
6.6e-09	1792.97529	408.421536	-14398.7785	52532.2707	0.55617318	4.88534521e+13
6.61e-09	3080.4399	177.161459	-15645.4494	53590.9946	0.555994515	4.88543424e+13
6.62e-09	3385.79252	-1026.41407	-16588.7061	53659.9501	0.555934478	4.88545704e+13
6.63e-09	1952.36231	-115.631833	-15841.0103	51905.5355	0.556124796	4.88547534e+13
6.64e-09	3697.57565	557.44893	-14373.2004	51373.0079	0.556607516	4.88561586e+13
6.65e-09	3933.19509	-803.707083	-13964.7085	51031.3519	0.557543499	4.88596861e+13
6.66e-09	4082.09184	-946.114545	-13767.086	50843.3234	0.558388516	4.88658785e+13
6.67e-09	3558.81448	-1013.96178	-14392.0966	50966.3476	0.558620792	4.88734823e+13
6.68e-09	3662.96349	-748.347402	-13720.1357	50153.2843	0.559044632	4.8881161e+13
6.69e-09	1977.81743	-987.305243	-13049.41	51609.3234	0.559383746	4.88897569e+13
6.7e-09	1363.83431	237.288053	-12021.6965	51556.2717	0.559292731	4.88976168e+13
6.71e-09	-191.024596	1373.87552	-11036.6468	52288.2658	0.559056076	4.89044289e+13
6.72e-09	-451.104811	908.752908	-10777.9982	52807.5712	0.559114464	4.89102253e+13
6.73e-09	-1958.2306	-13.1520465	-10942.1444	53066.1254	0.55888911	4.89152583e+13
6.74e-09	-2975.86449	-68.650045	-9938.47498	51784.5805	0.558716158	4.89189016e+13
6.75e-09	-820.80719	-72.7177229	-11216.7672	53784.3549	0.558750459	4.89223682e+13
6.76e-09	-1265.92627	126.440085	-10812.9597	54612.5162	0.55807977	4.89243523e+13
6.77e-09	-354.812945	1062.70948	-9765.78221	54333.586	0.557641824	4.89240601e+13
6.78e-09	-463.256448	2618.47247	-8737.50572	53196.112	0.557511377	4.89228598e+13
6.79e-09	-1180.60419	191.937187	-8430.50306	53135.8602	0.557788367	4.89220547e+13
6.8e-09	248.381234	786.268749	-7508.36075	53262.3812	0.558066538	4.89224678e+13
6.81e-09	631.855947	-1067.4332	-8038.19919	53983.0233	0.55774672	4.89228842e+13
6.82e-09	1314.67788	-1122.29602	-8308.7877	53202.813	0.557488709	4.89221692e+13
6.83e-09	1590.50003	-592.486515	-8027.07067	53514.723	0.557662307	4.89215115e+13
6.84e-09	2326.31854	-756.778615	-8288.04724	55771.1827	0.557124915	4.89204353e+13
6.85e-09	1326.05833	-2065.1471	-9157.89527	56592.6319	0.556319568	4.8917149e+13
6.86e-09	781.220066	-2510.87307	-9197.83551	54628.323	0.555929695	4.89116106e+13
6.87e-09	277.144599	-3305.61767	-9901.74415	52978.1263	0.556453846	4.89069222e+13
6.88e-09	567.138468	-3368.30719	-7551.67365	52104.7029	0.557241703	4.8904882e+13
6.89e-09	1352.71915	-1526.32227	-5221.82104	50865.1731	0.558447133	4.89062868e+13
6.9e-09	-150.986625	-2063.06642	-5680.09548	52399.9664	0.559199846	4.89111948e+13
6.91e-09	185.464561	-3725.98754	-4852.73897	53254.2268	0.559335857	4.89170367e+13
6.92e-09	-574.845212	-3888.87181	-4161.31081	52676.0239	0.559505444	4.89226225e+13
6.93e-09	-758.910373	-2520.63051	-2320.20911	53713.3664	0.559679316	4.89284385e+13
6.94e-09	-506.320081	-2033.17419	-1349.56931	54631.7991	0.559057973	4.89329819e+13
6.95e-09	509.64732	-772.3466	-2473.04559	54205.6483	0.558438917	4.89350708e+13
6.96e-09	117.061403	-1317.93331	-1912.96402	55098.0202	0.558210673	4.89356294e+13
6.97e-09	-458.641755	-751.008351	-2344.66786	54851.9377	0.55767612	4.8934892e+13
6.98e-09	44.9348126	-24.9289538	-4824.74516	55543.2845	0.557240135	4.89326269e+13
6.99e-09	402.401523	1578.95799	-6247.30285	54010.394	0.557154771	4.89292967e+13
7e-09	423.287766	874.779021	-6233.14735	54230.0695	0.557157608	4.89263658e+13
7.01e-09	598.596951	801.347441	-5885.18622	55233.9852	0.556649433	4.89230681e+13
7.02e-09	456.906458	526.288523	-7563.76044	56850.6685	0.556040395	4.89184083e+13
7.03e-09	-63.8765904	-463.266347	-6726.38113	55398.891	0.555647476	4.89120132e+13
7.04e-09	-542.548343	-190.773765	-7831.86161	53919.4023	0.55566222	4.89055915e+13
7.05e-09	60.4224064	1530.01188	-8444.5668	52168.8908	0.55660991	4.89012297e+13
7.06e-09	-254.974223	2831.44386	-8839.2459	52046.3137	0.557511657	4.8900561e+13
7.07e-09	106.35789	2519.38927	-10007.9786	54549.9991	0.557696413	4.8902305e+13
7.08e-09	432.263025	2451.72081	-9166.58494	54485.0633	0.557415705	4.89031249e+13
7.09e-09	852.33237	2615.0962	-6916.54324	54689.7821	0.55714164	4.89030956e+13
7.1e-09	-1250.22234	2602.54668	-7430.19095	54730.893	0.557005893	4.89023464e+13
7.11e-09	-724.857567	2797.60716	-8320.95542	55250.1195	0.556740133	4.89011585e+13
7.12e-09	-751.422286	646.56064	-7653.57033	54215.8173	0.556491013	4.88988765e+13
7.13e-09	-888.297346	1201.96999	-8629.12191	55186.9149	0.55630722	4.88965386e+13
7.14e-09	-1096.29523	662.652576	-9399.68149	54077.0433	0.556255018	4.88938015e+13
7.15e-09	-1026.55366	-356.356555	-10107.4687	53553.6285	0.556634736	4.88917286e+13
7.16e-09	273.324831	-660.869842	-10037.9589	53542.576	0.556877495	4.88910785e+13
7.17e-09	618.633827	-2224.96354	-9103.56437	54163.384	0.556705267	4.88905549e+13
7.18e-09	1409.17907	-369.146107	-9393.63779	55047.7902	0.55639559	4.88894461e+13
7.19e-09	-275.909433	287.447741	-8503.03432	55337.755	0.555771848	4.88868456e+13
7.2e-09	-591.279543	96.4625542	-8636.69005	54087.5939	0.555783492	4.88832001e+13
7.21e-09	221.302184	918.272062	-8375.94834	53834.6637	0.556224152	4.88807265e+13
7.22e-09	2586.26235	-68.1193178	-8186.14373	52998.9053	0.556683442	4.88799803e+13
7.23e-09	1460.24858	540.968825	-8154.16805	53521.8213	0.557224736	4.88811437e+13
7.24e-09	282.601806	1268.64486	-9594.89582	53572.3371	0.557198922	4.88829814e+13
7.25e-09	-5.72810035	1507.65161	-10865.1957	55650.8911	0.556662787	4.88840052e+13
7.26e-09	-828.882487	1214.61762	-12068.2884	54559.5621	0.555858213	4.88823396e+13
7.27e-09	-360.107112	1283.8047	-12501.3839	54734.7912	0.555578372	4.88791379e+13
7.28e-09	728.115092	1008.52616	-12229.7694	52787.0719	0.555541611	4.88755829e+13
7.29e-09	1184.40028	-282.98223	-13169.6816	51682.1689	0.556367678	4.88736756e+13
7.3e-09	-189.152721	-82.1946921	-11896.8838	50634.2533	0.557597565	4.88751016e+13
7.31e-09	196.010947	285.047075	-10151.0329	51609.9203	0.558404272	4.88801138e+13
7.32e-09	-151.833007	1943.02783	-11349.4702	54720.794	0.558262512	4.88860296e+13
7.33e-09	110.441824	263.359032	-13752.7233	53386.7452	0.557604917	4.88897549e+13
7.34e-09	2371.77243	330.412841	-12447.7381	55171.8956	0.55674632	4.88909554e+13
7.35e-09	1566.42007	1694.79069	-12971.6733	54992.2601	0.555772802	4.88888287e+13
7.36e-09	3527.14333	927.718474	-12835.9853	55607.27	0.555118336	4.88842293e+13
7.37e-09	1748.50687	1562.64724	-12043.0685	54928.0178	0.554988885	4.88785269e+13
7.38e-09	1703.17871	3861.0365	-11632.7404	54068.5318	0.555137923	4.88733897e+13
7.39e-09	551.22596	2480.94073	-12986.2019	52591.0392	0.555691329	4.88698516e+13
7.4e-09	970.309348	1616.21104	-13464.9174	52583.1314	0.55624391	4.88686747e+13
7.41e-09	1552.7692	128.779506	-12167.8078	52114.7529	0.556871989	4.88692413e+13
7.42e-09	2486.30073	-1338.81888	-12761.5905	50755.1446	0.557698011	4.88722175e+13
7.43e-09	2934.85846	-1041.48305	-13376.2104	52879.8962	0.558170375	4.88774087e+13
7.44e-09	860.378137	-791.238148	-12953.5491	52959.7116	0.557878083	4.88822337e+13
7.45e-09	4150.14276	-1280.17757	-12577.096	52440.4811	0.55784568	4.88859875e+13
7.46e-09	3829.78331	-1889.67621	-12652.0079	51267.7895	0.558204228	4.88897858e+13
7.47e-09	3636.51456	-1979.14473	-14306.2269	51925.9172	0.558684693	4.8894909e+13
7.48e-09	4554.44945	-2479.98858	-15055.7188	52690.8241	0.558660661	4.89002673e+13
7.49e-09	3416.72147	-782.777769	-15705.618	53933.4937	0.557723329	4.89036168e+13
7.5e-09	2081.74949	1455.82461	-14473.1901	55680.2455	0.556739552	4.89035152e+13
7.51e-09	1147.93536	1666.39001	-14838.1976	54717.5592	0.55574235	4.88998137e+13
7.52e-09	1642.23097	2361.69895	-11314.742	55008.6923	0.555320179	4.88943518e+13
7.53e-09	1115.06068	1181.17016	-11720.7921	54834.4997	0.555179139	4.88884567e+13
7.54e-09	1287.28428	479.101992	-11283.3308	54497.6183	0.555306961	4.88830293e+13
7.55e-09	808.624807	806.795621	-10763.4144	53367.1728	0.555623811	4.88787518e+13
7.56e-09	-469.581836	-1245.81428	-10865.0761	53150.8735	0.556045356	4.88762888e+13
7.57e-09	856.293222	-826.013989	-10157.9843	52822.4601	0.556950827	4.88761025e+13
7.58e-09	235.649728	-382.874721	-9159.48019	52333.7294	0.557678815	4.88785368e+13
7.59e-09	-668.900346	-793.650465	-10916.5595	52785.3048	0.557963108	4.88826253e+13
7.6e-09	-128.371633	-244.442392	-9062.59925	52329.3422	0.558303284	4.88872152e+13
7.61e-09	-314.158231	626.730251	-10521.3253	53900.6485	0.558283733	4.88923425e+13
7.62e-09	305.387855	658.956591	-10244.4995	54530.3973	0.557977036	4.88961483e+13
7.63e-09	-147.514211	1901.65731	-8882.58689	52906.0679	0.55767382	4.88983057e+13
7.64e-09	-687.795912	2100.81753	-9736.35152	51381.9622	0.55818201	4.89007145e+13
7.65e-09	-2691.01695	910.984607	-9876.37674	54184.1806	0.558621629	4.890496e+13
7.66e-09	-3227.03059	2817.18283	-7463.94516	54435.5069	0.557943666	4.89080775e+13
7.67e-09	-2892.86956	2634.26835	-7701.15521	56100.8938	0.557166571	4.89087387e+13
7.68e-09	-2227.10063	1197.10272	-8748.73301	55546.5373	0.556251193	4.89063327e+13
7.69e-09	-1883.96101	-41.4960233	-7980.78563	55413.2637	0.555682679	4.89016337e+13
7.7e-09	-2791.12648	917.387734	-7428.21569	54124.8901	0.555813848	4.88965532e+13
7.71e-09	-837.891671	323.540703	-6242.76329	54094.7316	0.556133699	4.88929482e+13
7.72e-09	-308.683807	1196.05999	-4452.92072	54076.0927	0.556266995	4.88902112e+13
7.73e-09	732.268041	586.296822	-4125.77766	52908.9796	0.556999811	4.8889191e+13
7.74e-09	-50.3821747	609.142822	-3988.92854	54558.0809	0.557269118	4.88901866e+13
7.75e-09	1230.78774	-5.04783933	-2119.81407	53818.7993	0.557333708	4.88912623e+13
7.76e-09	562.843229	385.662979	-2458.46185	55055.4843	0.557021071	4.88922825e+13
7.77e-09	957.598225	174.958275	-2357.636	54948.271	0.556724087	4.88920186e+13
7.78e-09	1398.31416	-1080.63369	-719.447868	54590.6256	0.556932519	4.88915422e+13
7.79e-09	1481.25499	-522.18049	-3291.53666	54686.6624	0.556802825	4.88912562e+13
7.8e-09	1424.95874	-344.278113	-4192.24418	55666.7884	0.556439431	4.88903379e+13
7.81e-09	2003.44218	905.028989	-2319.47543	55306.1714	0.555945648	4.88879372e+13
7.82e-09	1782.77864	1794.78264	-3433.17798	55679.8465	0.555717923	4.8884803e+13
7.83e-09	601.273846	1250.82607	-4398.52909	55556.2787	0.555623439	4.88811682e+13
7.84e-09	855.681988	707.298488	-4685.32632	55572.9847	0.555427841	4.88774069e+13
7.85e-09	1743.23578	-1492.52428	-5657.52566	54973.5604	0.555550173	4.88738253e+13
7.86e-09	2312.26679	-695.19506	-7561.95975	54404.4344	0.555512189	4.88707877e+13
7.87e-09	3217.88085	-833.391881	-9526.47799	54854.9604	0.55562146	4.88682998e+13
7.88e-09	941.360883	-526.159663	-8611.8695	53940.3932	0.555855599	4.88662694e+13
7.89e-09	1552.93623	-0.766458282	-8144.04482	53453.2784	0.556335275	4.88656983e+13
7.9e-09	1695.03983	-417.154123	-7607.45011	54122.7546	0.556744894	4.88666944e+13
7.91e-09	2341.46063	242.575412	-8506.46832	54640.4052	0.556710006	4.88683221e+13
7.92e-09	1528.33418	-1637.02719	-10141.5208	55580.8634	0.556369209	4.8869389e+13
7.93e-09	-711.773489	-666.755587	-8595.16842	55067.0889	0.55585645	4.88686299e+13
7.94e-09	135.660231	-82.331709	-9392.73609	54116.5261	0.555924463	4.88670956e+13
7.95e-09	451.051521	64.430136	-9684.13861	55315.7721	0.555872063	4.88661131e+13
7.96e-09	1990.01207	-1612.17003	-10461.9921	54866.417	0.555651099	4.88646397e+13
7.97e-09	840.389658	-2113.68279	-10011.0304	54622.7889	0.555700263	4.88627547e+13
7.98e-09	525.911375	-1018.38327	-8690.80352	54525.3531	0.555609275	4.88611518e+13
7.99e-09	1340.09593	351.718764	-8966.4219	53569.996	0.556082514	4.88602497e+13
8e-09	1917.74446	-517.865194	-7911.81209	53053.0313	0.556843754	4.88613392e+13
8.01e-09	2414.84809	598.156935	-7439.31228	53163.8549	0.557368756	4.8864609e+13
8.02e-09	1712.20136	-123.038968	-7129.64981	52706.5199	0.557865973	4.88691225e+13
8.03e-09	2088.12265	-589.358142	-7212.16474	52051.5004	0.558290284	4.88746887e+13
8.04e-09	3199.82587	-1017.05672	-7496.3253	51836.084	0.558921493	4.88816451e+13
8.05e-09	592.327615	1170.58837	-6974.15462	54653.2983	0.558970897	4.88895439e+13
8.06e-09	-961.314273	807.173978	-7071.31323	57159.5244	0.557579255	4.88943759e+13
8.07e-09	-2104.0555	935.314177	-7512.98176	57083.4236	0.556309429	4.88941188e+13
8.08e-09	-518.733305	-1501.45238	-8372.83574	57237.6444	0.555112856	4.88898376e+13
8.09e-09	-116.011357	-87.996688	-10434.3453	56249.2335	0.554402573	4.88827322e+13
8.1e-09	1896.90261	842.404151	-11212.5193	54346.122	0.554532308	4.8875165e+13
8.11e-09	677.723326	468.156925	-10367.1807	52546.9295	0.555134699	4.88696406e+13
8.12e-09	990.339041	-746.998471	-10522.044	51708.7065	0.556322892	4.88675208e+13
8.13e-09	1047.89077	1204.87234	-8933.48343	51287.9231	0.557327216	4.88691152e+13
8.14e-09	-441.806673	1863.2085	-10627.0887	52823.0315	0.55809346	4.8874008e+13
8.15e-09	-1596.52145	1068.33302	-11312.5435	53917.5547	0.557769467	4.88789401e+13
8.16e-09	-2739.69396	-224.611428	-9682.04887	53365.5237	0.557737098	4.88824936e+13
8.17e-09	-3032.09215	-749.131499	-10305.9166	53428.3911	0.557814999	4.88860249e+13
8.18e-09	-1582.25803	-1240.6468	-11962.9252	52980.6582	0.558168568	4.88897383e+13
8.19e-09	-436.298185	-1419.47178	-12522.486	53283.7932	0.558151562	4.88938606e+13
8.2e-09	1152.26041	-7.98791465	-13835.5985	52235.669	0.558004196	4.88971422e+13
8.21e-09	-1203.92497	-622.575321	-12514.82	50820.4457	0.558379763	4.89002905e+13
8.22e-09	738.649347	-493.71981	-10324.4343	52602.0864	0.55878878	4.89049706e+13
8.23e-09	866.154549	-1135.83193	-9767.05446	53194.4299	0.558579297	4.89095262e+13
8.24e-09	-125.705449	-720.226432	-9018.9228	54138.9867	0.558408844	4.89130055e+13
8.25e-09	-127.915049	1608.61905	-9437.27391	53996.8754	0.557811313	4.8914726e+13
8.26e-09	-774.877684	243.251585	-9710.1858	52518.5641	0.557806185	4.8915016e+13
8.27e-09	-1612.38425	-759.481644	-11702.6084	51128.6058	0.558405532	4.89163535e+13
8.28e-09	-2178.41461	-1887.47187	-12940.4465	51459.6615	0.558952165	4.89195965e+13
8.29e-09	-3121.70042	-2322.51201	-11538.1245	53000.8639	0.558952637	4.89236727e+13
8.3e-09	-665.654322	-4262.26456	-12564.1174	54114.7166	0.558270343	4.89262402e+13
8.31e-09	-2244.69089	-5391.98069	-13265.8673	53460.9013	0.557316116	4.89258299e+13
8.32e-09	-1881.28736	-2413.89149	-14652.3911	54075.9884	0.556850696	4.89232413e+13
8.33e-09	23.1661167	-4052.63299	-13239.8011	53802.1241	0.55661226	4.89192676e+13
8.34e-09	-1136.97116	-3043.49205	-11926.6192	52210.0185	0.556761724	4.89154466e+13
8.35e-09	-444.859315	-2597.76911	-10960.3195	54174.2045	0.556864351	4.89129074e+13
8.36e-09	36.6341219	-1158.49127	-11581.7863	55079.2549	0.556433	4.89101817e+13
8.37e-09	-71.1088729	421.449021	-12370.2876	56003.435	0.555480907	4.89053524e+13
8.38e-09	-706.031774	1154.28446	-10637.4607	54322.1666	0.55518207	4.88985207e+13
8.39e-09	-701.787432	1156.23477	-11224.7233	54369.3701	0.555396887	4.88925044e+13
8.4e-09	643.180784	1240.0914	-11065.1535	53135.6371	0.555671458	4.88875347e+13
8.41e-09	-320.28492	344.070701	-10111.4912	52558.5917	0.556447262	4.88847827e+13
8.42e-09	1167.47243	795.338994	-9833.317	52274.7367	0.557428231	4.8885164e+13
8.43e-09	16.9412958	695.45459	-10634.9593	53519.4489	0.557739601	4.88879937e+13
8.44e-09	1136.76605	-448.619552	-10503.0028	53218.373	0.557741156	4.8890823e+13
8.45e-09	661.934546	-2472.19917	-10770.8541	52960.8709	0.557780038	4.88934308e+13
8.46e-09	302.35503	-3925.71569	-10326.3357	53524.5356	0.557538947	4.88956624e+13
8.47e-09	1980.02482	-3611.14637	-9142.35672	54440.8172	0.55723029	4.8896799e+13
8.48e-09	1788.39008	-974.640218	-10006.7086	55025.4009	0.556718425	4.88965061e+13
8.49e-09	4563.84652	-299.05636	-10544.6908	54879.1234	0.556428504	4.88947409e+13
8.5e-09	4096.13301	441.513631	-8616.32829	54945.8265	0.556223681	4.88923296e+13
8.51e-09	1787.79583	1309.62896	-7024.77675	55679.8333	0.556134203	4.88897654e+13
8.52e-09	2051.42051	-343.560761	-3866.00057	53880.4505	0.556220268	4.88869856e+13
8.53e-09	2308.01194	414.35105	-4229.99206	51753.2036	0.557098344	4.88860472e+13
8.54e-09	2527.8258	1626.25224	-5236.50389	51289.8972	0.558275017	4.88888275e+13
8.55e-09	3631.30218	3296.6631	-5722.91367	50664.1922	0.559313581	4.88949162e+13
8.56e-09	1245.74954	2541.87318	-5898.91399	51622.0846	0.559934477	4.89036957e+13
8.57e-09	1861.17745	952.574387	-5284.09833	51278.9048	0.560514437	4.8913183e+13
8.58e-09	2704.23484	-52.6770697	-3746.37926	51911.6005	0.561053986	4.89237455e+13
8.59e-09	3702.52312	1096.06286	-3327.99792	53461.8432	0.560485936	4.89335896e+13
8.6e-09	3647.35608	3135.22431	-4604.89431	54598.0883	0.559818121	4.89404078e+13
8.61e-09	1754.48411	5264.38215	-3388.77007	55852.3897	0.558474574	4.89431797e+13
8.62e-09	-532.288672	4186.82287	-4114.05585	58320.9218	0.557036121	4.89413006e+13
8.63e-09	-1143.64662	2327.89694	-3172.93939	57157.838	0.555577719	4.89342353e+13
8.64e-09	-110.493841	2075.10002	-2730.38172	56341.9321	0.55488356	4.89244843e+13
8.65e-09	-1139.39944	2012.15469	-2602.37698	54881.1572	0.555345762	4.89151004e+13
8.66e-09	-661.448676	1296.50504	-2823.1754	54683.0579	0.555898438	4.89083643e+13
8.67e-09	-1455.868	-1748.15729	-1282.1004	55638.3908	0.556118222	4.89037639e+13
8.68e-09	-2289.54699	-2532.91821	-2343.42621	56073.0674	0.555763513	4.88993753e+13
8.69e-09	-1152.64103	-3573.23216	-4298.66657	54431.1295	0.555775109	4.88945514e+13
8.7e-09	-2029.18538	-3771.89495	-4923.8502	56075.9694	0.555708227	4.88905683e+13
8.71e-09	-2146.22362	-2002.25944	-4962.35577	55267.6678	0.555539102	4.88861667e+13
8.72e-09	-2313.1779	-626.504947	-4774.39929	54998.3509	0.555681294	4.88822002e+13
8.73e-09	-1551.7186	489.564527	-4828.44018	53194.5632	0.556110209	4.88793442e+13
8.74e-09	-640.134654	1526.44452	-6976.56231	54343.7703	0.556340995	4.88782844e+13
8.75e-09	-1078.50428	1928.99717	-7359.86223	53442.0049	0.556552412	4.88776305e+13
8.76e-09	-2600.7934	2416.63511	-7497.30113	53684.7762	0.556951012	4.88781222e+13
8.77e-09	-2203.73037	1718.93853	-6554.79581	56361.7562	0.556472869	4.88789785e+13
8.78e-09	-608.999856	3832.23153	-5340.3941	55787.7268	0.555849002	4.88773843e+13
8.79e-09	-680.851361	1651.75855	-5684.83077	54768.4825	0.555655851	4.88746089e+13
8.8e-09	-1586.40238	757.484389	-6183.62274	54642.5463	0.555921852	4.88722759e+13
8.81e-09	-665.164526	-91.9244764	-4575.7892	53638.2507	0.556206849	4.88710542e+13
8.82e-09	413.897481	-368.881275	-4559.09859	54553.9269	0.556695943	4.88713427e+13
8.83e-09	342.699763	-298.487615	-5230.19728	54215.0797	0.55701915	4.88726614e+13
8.84e-09	257.528781	-449.317717	-6509.42915	55782.2307	0.55671792	4.88743322e+13
8.85e-09	1138.89036	-546.816291	-8255.03091	53836.1752	0.556511975	4.88745938e+13
8.86e-09	364.827458	-711.473637	-6086.27209	53998.4601	0.556679203	4.88749062e+13
8.87e-09	571.220805	-643.815538	-6993.73787	53807.7114	0.556892199	4.88758044e+13
8.88e-09	938.061536	-2377.4085	-7515.80426	54480.1288	0.556906215	4.88772055e+13
8.89e-09	-375.302456	-2243.65523	-9053.72062	53943.331	0.557117608	4.88786326e+13
8.9e-09	-874.658628	-2751.28309	-9744.0207	54650.9224	0.556840839	4.88800146e+13
8.91e-09	-227.515301	-170.610163	-10634.5646	55427.6248	0.556339111	4.88799624e+13
8.92e-09	455.99891	-1410.85118	-9534.17471	53945.2982	0.556230628	4.88785991e+13
8.93e-09	554.512849	251.350763	-10662.3149	52975.0656	0.556703716	4.8878103e+13
8.94e-09	575.589861	9.22257876	-11909.0105	52595.1307	0.55703819	4.8879095e+13
8.95e-09	-623.333222	-678.681151	-12148.5368	52158.8114	0.557327375	4.88810589e+13
8.96e-09	1489.84632	-1269.54778	-12925.9906	54588.5111	0.557067118	4.88833403e+13
8.97e-09	1167.23853	1064.33537	-10147.73	54184.4614	0.556822962	4.88839595e+13
8.98e-09	2246.14008	1628.84805	-10091.8858	53712.4526	0.556644908	4.88838087e+13
8.99e-09	1166.63735	1691.36563	-9868.94016	52638.1964	0.557148636	4.88840732e+13
9e-09	975.824458	2222.48114	-10251.7251	51767.7862	0.557731576	4.88862048e+13
9.01e-09	2343.64659	1045.38928	-8797.97297	52542.0973	0.558522534	4.88904274e+13
9.02e-09	1277.17696	787.51981	-8877.62868	52868.8224	0.558740625	4.88958999e+13
9.03e-09	802.058904	-152.089665	-8846.99808	54740.6975	0.55842412	4.89010574e+13
9.04e-09	415.708247	64.447688	-9728.08934	54459.2841	0.557879457	4.89040569e+13
9.05e-09	291.826066	169.0853	-9706.1209	52925.6711	0.55768762	4.89054835e+13
9.06e-09	340.024174	687.869363	-8166.37386	53108.5799	0.557902978	4.8906838e+13
9.07e-09	-543.826589	1298.42976	-9291.44231	51749.6148	0.558858313	4.89098208e+13
9.08e-09	-1129.74897	1723.1732	-10335.2425	52540.3597	0.558787164	4.89143786e+13
9.09e-09	-1083.07242	-1475.45779	-10201.6212	51655.8304	0.559055608	4.89185116e+13
9.1e-09	-1724.30485	-766.906557	-10922.8691	51821.9814	0.559216229	4.89231873e+13
9.11e-09	-4661.13421	316.717168	-12546.8588	54058.0347	0.558602945	4.89270756e+13
9.12e-09	-4007.99754	-1325.84109	-13426.9491	54546.7304	0.557461273	4.89274487e+13
9.13e-09	-1499.4415	-820.703955	-13952.6583	55927.7392	0.556335612	4.89241217e+13
9.14e-09	-1061.26576	-1685.78604	-12152.1802	56079.6626	0.554831606	4.89167269e+13
9.15e-09	-105.446549	-903.430175	-11064.6033	54144.7647	0.554644992	4.89068006e+13
9.16e-09	1768.09395	-694.842046	-9978.23764	54115.4288	0.555036758	4.88983953e+13
9.17e-09	3042.45507	995.873032	-9727.66447	52095.4176	0.556046882	4.88927776e+13
9.18e-09	2063.8299	623.866288	-10000.6151	54492.666	0.556397249	4.88906511e+13
9.19e-09	2132.41368	1090.58062	-10008.5902	55997.316	0.556091716	4.88884698e+13
9.2e-09	2551.77132	1547.18572	-11573.0756	55085.9326	0.555557895	4.88849368e+13
9.21e-09	1189.56636	14.0507972	-11028.9344	53277.7034	0.555689782	4.88808069e+13
9.22e-09	767.212876	-1229.89724	-10450.1333	51630.7427	0.556620692	4.88789128e+13
9.23e-09	562.365337	-1010.93516	-9532.26028	53050.2934	0.557302784	4.88801607e+13
9.24e-09	576.747066	623.964413	-10480.1896	55496.208	0.556849999	4.8881878e+13
9.25e-09	347.616705	1166.81573	-11653.8648	55800.6769	0.556086963	4.88811275e+13
9.26e-09	768.514836	-155.438099	-11067.7399	55368.0676	0.555499912	4.88781454e+13
9.27e-09	-335.420119	-392.366739	-11159.8764	53226.1759	0.555550394	4.88744506e+13
9.28e-09	410.889618	-651.840106	-11137.8458	53109.2668	0.556251066	4.88723468e+13
9.29e-09	92.9339188	-1182.50765	-9163.76671	53645.5345	0.556470524	4.88722129e+13
9.3e-09	965.710062	-1108.97014	-9215.85076	55244.4386	0.556616819	4.88727996e+13
9.31e-09	628.660747	-926.861796	-9051.83535	55138.3091	0.556187042	4.88727266e+13
9.32e-09	730.434483	-838.728573	-8421.95609	54452.1319	0.556071899	4.88717118e+13
9.33e-09	2033.93954	-2347.69201	-7733.59281	54028.051	0.556350203	4.88709889e+13
9.34e-09	2827.83474	-1094.19626	-7472.83469	53182.7103	0.556952065	4.88717976e+13
9.35e-09	1955.41353	-1399.71222	-7600.65623	53766.2199	0.557192351	4.88740772e+13
9.36e-09	2570.83223	-210.809877	-5852.34713	53522.5263	0.557214773	4.88764926e+13
9.37e-09	2526.56198	-1381.94232	-7526.09174	51597.083	0.55803911	4.88798812e+13
9.38e-09	643.174989	1070.57552	-8631.66118	50684.0223	0.559349302	4.88863606e+13
9.39e-09	145.489404	946.973254	-8323.97547	51975.0192	0.560147834	4.88960084e+13
9.4e-09	-768.317746	945.577858	-6717.02611	52133.3219	0.560065495	4.89060465e+13
9.41e-09	-1102.19632	-307.73284	-5535.49222	54358.3317	0.559719447	4.8914573e+13
9.42e-09	-139.830527	660.303063	-5333.00815	55716.9884	0.558613651	4.89198987e+13
9.43e-09	60.2669529	503.980668	-5520.50747	56939.674	0.557095024	4.89204159e+13
9.44e-09	-1951.86173	572.901027	-5847.3324	57173.5377	0.556423439	4.89171428e+13
9.45e-09	-450.482004	2063.25691	-6037.56559	56165.5859	0.555543816	4.89114056e+13
9.46e-09	259.386357	995.573633	-4949.37057	56114.6164	0.555177027	4.89042887e+13
9.47e-09	155.85448	903.669384	-3148.59836	56950.4626	0.554855196	4.88968179e+13
9.48e-09	-77.4191533	1000.25575	-3931.51218	56005.5721	0.554585273	4.88887684e+13
9.49e-09	337.833658	193.592748	-4767.2419	53765.4833	0.555099773	4.88816645e+13
9.5e-09	2428.65827	593.426475	-5219.78854	53811.8128	0.555948809	4.88777967e+13
9.51e-09	2787.49664	702.76201	-4756.72226	53410.494	0.556675028	4.88769052e+13
9.52e-09	2118.53898	722.760261	-3752.11876	54811.7543	0.55676062	4.88777006e+13
9.53e-09	2569.82237	1073.65234	-4113.94655	54542.9864	0.556747724	4.88782672e+13
9.54e-09	3445.23754	2743.7843	-6338.01788	53930.0196	0.557220036	4.88794746e+13
9.55e-09	2704.30295	2613.09303	-5714.16116	52775.5078	0.557579319	4.88817879e+13
9.56e-09	3305.12105	2333.59119	-3597.6911	53289.6011	0.557923727	4.88854069e+13
9.57e-09	2668.12901	1516.61403	-5740.37268	53663.9636	0.558238109	4.8889749e+13
9.58e-09	1966.00095	366.107685	-6762.4694	54736.6425	0.557860224	4.88936335e+13
9.59e-09	2648.52421	1287.50771	-8349.45725	54746.3867	0.557498193	4.88958361e+13
9.6e-09	4540.22189	2799.17929	-10162.4819	54736.9924	0.556897671	4.88962356e+13
9.61e-09	4309.84099	2313.2591	-9840.89499	55404.4135	0.556321029	4.88945023e+13
9.62e-09	4028.47837	998.987035	-6667.75562	54667.4835	0.556493078	4.88922738e+13
9.63e-09	3274.69362	1245.08402	-5519.11607	52773.6749	0.556727903	4.88908765e+13
9.64e-09	2929.60491	-56.9299326	-6295.99257	54503.8779	0.557226593	4.88910461e+13
9.65e-09	1080.51919	-1262.42323	-6601.78076	54435.5069	0.557144597	4.88917796e+13
9.66e-09	1389.77279	-1262.48932	-6498.10207	53676.5138	0.557224467	4.88922467e+13
9.67e-09	-1293.49655	-796.279771	-5897.84965	52888.6736	0.557593271	4.88935765e+13
9.68e-09	-388.137222	-1020.99274	-6503.88383	52942.6275	0.55811816	4.88962808e+13
9.69e-09	1500.60076	-35.7184255	-7476.15438	54139.3135	0.558107262	4.88997228e+13
9.7e-09	773.538964	-1098.90439	-8239.87926	53350.5869	0.558007263	4.89023507e+13
9.71e-09	50.8643156	-611.850613	-8463.93153	55335.7225	0.557468253	4.89043828e+13
9.72e-09	-630.687862	-82.4076819	-9852.85148	56148.9865	0.556391053	4.89032505e+13
9.73e-09	-391.377426	227.948918	-10834.3965	57005.0101	0.555018046	4.88981857e+13
9.74e-09	2128.8976	-1229.3111	-9855.62848	56150.6278	0.554228945	4.88897201e+13
9.75e-09	1656.48195	-1486.95634	-8770.57028	56391.0946	0.554132971	4.88807618e+13
9.76e-09	1086.98171	-1709.2734	-10357.2135	55166.2345	0.554186695	4.88724302e+13
9.77e-09	1189.27835	-2581.67462	-8717.39941	54955.2141	0.554195753	4.88650151e+13
9.78e-09	357.200133	-3305.51674	-11151.8807	53432.793	0.554563414	4.885893e+13
9.79e-09	406.287475	-340.228605	-14342.9312	51801.8884	0.555438269	4.88553561e+13
9.8e-09	137.146723	356.841137	-14647.0096	52825.7101	0.55606581	4.88548767e+13
9.81e-09	-438.430075	-543.337945	-14139.1566	50802.4396	0.556930056	4.88563301e+13
9.82e-09	1528.92216	-560.280037	-13743.6027	49860.1775	0.557997739	4.88611098e+13
9.83e-09	-159.806475	144.134614	-13011.7143	50751.1832	0.558770201	4.88686746e+13
9.84e-09	-780.001185	1182.49645	-11411.7459	51482.5672	0.559160155	4.88773984e+13
9.85e-09	42.7290842	386.766355	-12497.3862	51466.8535	0.559375681	4.88863322e+13
9.86e-09	1327.37453	-2607.49481	-12000.2524	51625.0815	0.559544163	4.88950109e+13
9.87e-09	-126.40419	-1512.24921	-11457.9717	50654.6231	0.559946857	4.89034867e+13
9.88e-09	5.90605677	577.722934	-11303.3668	52539.6002	0.55981392	4.89121494e+13
9.89e-09	-1017.66962	-1538.64343	-10257.2003	52898.4081	0.55929068	4.89187698e+13
9.9e-09	-2859.24198	-859.890484	-10047.1355	53779.1185	0.558850593	4.89232476e+13
9.91e-09	-3394.19888	-892.5269	-10647.2215	54738.3442	0.558190726	4.89255085e+13
9.92e-09	-2432.44124	-2393.91725	-11079.8217	55596.4866	0.557205639	4.89249166e+13
9.93e-09	-3251.35051	-1386.76413	-13618.0491	55744.5414	0.555788375	4.89206806e+13
9.94e-09	-1263.92794	-2735.74859	-13824.9797	56413.1803	0.554706698	4.89124892e+13
9.95e-09	-1249.42453	-3156.34702	-12618.9427	56094.2693	0.554166495	4.8902172e+13
9.96e-09	-1187.44104	-2486.47929	-12895.844	54043.4836	0.554178517	4.88918267e+13
9.97e-09	-2361.33656	-2094.47892	-13635.6252	50249.7553	0.555265919	4.88839813e+13
9.98e-09	-2347.42683	-1942.73423	-14007.1809	52023.5619	0.556860609	4.88818316e+13
9.99e-09	-425.917642	-2955.12718	-14164.8304	52506.4044	0.557314934	4.88832118e+13
1e-08	319.159321	-2544.39112	-13047.0913	53977.4957	0.55694329	4.88846868e+13
