# Frequency [GHz] 	Fouriercomponent
-4.99967	 0.608888
-4.99633	 0.661326
-4.993	 0.67568
-4.98967	 0.69825
-4.98633	 0.507382
-4.983	 0.547247
-4.97967	 0.612533
-4.97633	 0.521836
-4.973	 0.606615
-4.96967	 0.595354
-4.96634	 0.66429
-4.963	 0.573951
-4.95967	 0.687867
-4.95634	 0.71786
-4.953	 0.609578
-4.94967	 0.514728
-4.94634	 0.655944
-4.943	 0.686888
-4.93967	 0.736897
-4.93634	 0.53039
-4.933	 0.625771
-4.92967	 0.534144
-4.92634	 0.716504
-4.92301	 0.678903
-4.91967	 0.483011
-4.91634	 0.573864
-4.91301	 0.481737
-4.90967	 0.659732
-4.90634	 0.590288
-4.90301	 0.634511
-4.89967	 0.582366
-4.89634	 0.571408
-4.89301	 0.675191
-4.88967	 0.638232
-4.88634	 0.509299
-4.88301	 0.507156
-4.87967	 0.636531
-4.87634	 0.726434
-4.87301	 0.569472
-4.86968	 0.509736
-4.86634	 0.672314
-4.86301	 0.474785
-4.85968	 0.556672
-4.85634	 0.472058
-4.85301	 0.530453
-4.84968	 0.61286
-4.84634	 0.535254
-4.84301	 0.631823
-4.83968	 0.562626
-4.83634	 0.623243
-4.83301	 0.491765
-4.82968	 0.529667
-4.82634	 0.517356
-4.82301	 0.510101
-4.81968	 0.60594
-4.81635	 0.533966
-4.81301	 0.675369
-4.80968	 0.697318
-4.80635	 0.672895
-4.80301	 0.656356
-4.79968	 0.479697
-4.79635	 0.648644
-4.79301	 0.734716
-4.78968	 0.508239
-4.78635	 0.707535
-4.78301	 0.542307
-4.77968	 0.5029
-4.77635	 0.654958
-4.77302	 0.595066
-4.76968	 0.737188
-4.76635	 0.644982
-4.76302	 0.597503
-4.75968	 0.6069
-4.75635	 0.457184
-4.75302	 0.631408
-4.74968	 0.664775
-4.74635	 0.672196
-4.74302	 0.54194
-4.73968	 0.760985
-4.73635	 0.671903
-4.73302	 0.414821
-4.72968	 0.557089
-4.72635	 0.508736
-4.72302	 0.730229
-4.71969	 0.607071
-4.71635	 0.642449
-4.71302	 0.640756
-4.70969	 0.62952
-4.70635	 0.606366
-4.70302	 0.464989
-4.69969	 0.608979
-4.69635	 0.627498
-4.69302	 0.596861
-4.68969	 0.566912
-4.68635	 0.519146
-4.68302	 0.60605
-4.67969	 0.525127
-4.67635	 0.650764
-4.67302	 0.486817
-4.66969	 0.662219
-4.66636	 0.511135
-4.66302	 0.595873
-4.65969	 0.542832
-4.65636	 0.512961
-4.65302	 0.539642
-4.64969	 0.522558
-4.64636	 0.593604
-4.64302	 0.528541
-4.63969	 0.675315
-4.63636	 0.594359
-4.63302	 0.596967
-4.62969	 0.477473
-4.62636	 0.696433
-4.62303	 0.712899
-4.61969	 0.593436
-4.61636	 0.599502
-4.61303	 0.555939
-4.60969	 0.652783
-4.60636	 0.583413
-4.60303	 0.591891
-4.59969	 0.490622
-4.59636	 0.693308
-4.59303	 0.655659
-4.58969	 0.500021
-4.58636	 0.63134
-4.58303	 0.546815
-4.57969	 0.764673
-4.57636	 0.701465
-4.57303	 0.629301
-4.5697	 0.661461
-4.56636	 0.501742
-4.56303	 0.730972
-4.5597	 0.613425
-4.55636	 0.639381
-4.55303	 0.623109
-4.5497	 0.707027
-4.54636	 0.458514
-4.54303	 0.62409
-4.5397	 0.571011
-4.53636	 0.635376
-4.53303	 0.523105
-4.5297	 0.817913
-4.52636	 0.54975
-4.52303	 0.563589
-4.5197	 0.767149
-4.51637	 0.57045
-4.51303	 0.653806
-4.5097	 0.564886
-4.50637	 0.528963
-4.50303	 0.651575
-4.4997	 0.686321
-4.49637	 0.598792
-4.49303	 0.573095
-4.4897	 0.640948
-4.48637	 0.672056
-4.48303	 0.507022
-4.4797	 0.845548
-4.47637	 0.56874
-4.47304	 0.605206
-4.4697	 0.614098
-4.46637	 0.701389
-4.46304	 0.674108
-4.4597	 0.757178
-4.45637	 0.623365
-4.45304	 0.539823
-4.4497	 0.63805
-4.44637	 0.596315
-4.44304	 0.679323
-4.4397	 0.631478
-4.43637	 0.607111
-4.43304	 0.628043
-4.4297	 0.554648
-4.42637	 0.564714
-4.42304	 0.689966
-4.41971	 0.533161
-4.41637	 0.673623
-4.41304	 0.577773
-4.40971	 0.683928
-4.40637	 0.589602
-4.40304	 0.491621
-4.39971	 0.666917
-4.39637	 0.614657
-4.39304	 0.781287
-4.38971	 0.618425
-4.38637	 0.51396
-4.38304	 0.649475
-4.37971	 0.601016
-4.37637	 0.624984
-4.37304	 0.641985
-4.36971	 0.490375
-4.36638	 0.542576
-4.36304	 0.635838
-4.35971	 0.651287
-4.35638	 0.534118
-4.35304	 0.69805
-4.34971	 0.575371
-4.34638	 0.47489
-4.34304	 0.647188
-4.33971	 0.696073
-4.33638	 0.615363
-4.33304	 0.513353
-4.32971	 0.70687
-4.32638	 0.743771
-4.32305	 0.690833
-4.31971	 0.731726
-4.31638	 0.629911
-4.31305	 0.644811
-4.30971	 0.631111
-4.30638	 0.481846
-4.30305	 0.68145
-4.29971	 0.67363
-4.29638	 0.63239
-4.29305	 0.734779
-4.28971	 0.537235
-4.28638	 0.582836
-4.28305	 0.588527
-4.27971	 0.5917
-4.27638	 0.668759
-4.27305	 0.575379
-4.26972	 0.626142
-4.26638	 0.569666
-4.26305	 0.696648
-4.25972	 0.586108
-4.25638	 0.599335
-4.25305	 0.735656
-4.24972	 0.644307
-4.24638	 0.492545
-4.24305	 0.711754
-4.23972	 0.723687
-4.23638	 0.560737
-4.23305	 0.689765
-4.22972	 0.604341
-4.22638	 0.660137
-4.22305	 0.767851
-4.21972	 0.712473
-4.21639	 0.528284
-4.21305	 0.645642
-4.20972	 0.534717
-4.20639	 0.634449
-4.20305	 0.654025
-4.19972	 0.631
-4.19639	 0.633488
-4.19305	 0.611123
-4.18972	 0.519344
-4.18639	 0.639612
-4.18305	 0.695665
-4.17972	 0.711851
-4.17639	 0.583054
-4.17306	 0.625347
-4.16972	 0.555029
-4.16639	 0.544998
-4.16306	 0.538532
-4.15972	 0.583406
-4.15639	 0.651804
-4.15306	 0.607691
-4.14972	 0.696755
-4.14639	 0.58187
-4.14306	 0.590636
-4.13972	 0.605882
-4.13639	 0.725547
-4.13306	 0.612427
-4.12972	 0.682781
-4.12639	 0.674886
-4.12306	 0.735389
-4.11973	 0.608191
-4.11639	 0.596494
-4.11306	 0.542968
-4.10973	 0.535962
-4.10639	 0.603942
-4.10306	 0.504186
-4.09973	 0.632148
-4.09639	 0.721171
-4.09306	 0.649129
-4.08973	 0.544528
-4.08639	 0.707936
-4.08306	 0.505491
-4.07973	 0.509145
-4.07639	 0.522434
-4.07306	 0.656526
-4.06973	 0.699355
-4.0664	 0.765215
-4.06306	 0.690503
-4.05973	 0.646351
-4.0564	 0.539323
-4.05306	 0.783898
-4.04973	 0.621078
-4.0464	 0.651487
-4.04306	 0.594397
-4.03973	 0.546438
-4.0364	 0.789215
-4.03306	 0.531319
-4.02973	 0.604921
-4.0264	 0.666767
-4.02307	 0.633575
-4.01973	 0.644548
-4.0164	 0.589438
-4.01307	 0.6515
-4.00973	 0.768505
-4.0064	 0.642778
-4.00307	 0.732375
-3.99973	 0.575714
-3.9964	 0.571526
-3.99307	 0.754732
-3.98973	 0.504436
-3.9864	 0.663235
-3.98307	 0.628649
-3.97973	 0.647015
-3.9764	 0.578788
-3.97307	 0.771738
-3.96974	 0.60089
-3.9664	 0.438434
-3.96307	 0.654131
-3.95974	 0.575792
-3.9564	 0.620792
-3.95307	 0.643136
-3.94974	 0.691988
-3.9464	 0.588925
-3.94307	 0.65817
-3.93974	 0.662194
-3.9364	 0.584064
-3.93307	 0.627947
-3.92974	 0.552896
-3.9264	 0.711832
-3.92307	 0.740548
-3.91974	 0.6149
-3.91641	 0.95305
-3.91307	 0.683884
-3.90974	 0.64992
-3.90641	 0.681669
-3.90307	 0.74479
-3.89974	 0.618291
-3.89641	 0.576139
-3.89307	 0.666836
-3.88974	 0.696003
-3.88641	 0.655468
-3.88307	 0.731841
-3.87974	 0.729935
-3.87641	 0.759066
-3.87308	 0.661241
-3.86974	 0.74484
-3.86641	 0.701864
-3.86308	 0.569614
-3.85974	 0.691275
-3.85641	 0.746343
-3.85308	 0.567074
-3.84974	 0.680752
-3.84641	 0.706923
-3.84308	 0.675298
-3.83974	 0.581635
-3.83641	 0.761418
-3.83308	 0.732389
-3.82974	 0.669531
-3.82641	 0.798273
-3.82308	 0.582892
-3.81975	 0.71118
-3.81641	 0.711724
-3.81308	 0.699164
-3.80975	 0.575471
-3.80641	 0.588811
-3.80308	 0.574339
-3.79975	 0.582791
-3.79641	 0.589528
-3.79308	 0.875955
-3.78975	 0.791756
-3.78641	 0.700617
-3.78308	 0.71624
-3.77975	 0.821826
-3.77641	 0.861863
-3.77308	 0.712029
-3.76975	 0.659265
-3.76642	 0.716103
-3.76308	 0.705809
-3.75975	 0.705445
-3.75642	 0.587297
-3.75308	 0.588423
-3.74975	 0.69674
-3.74642	 0.671542
-3.74308	 0.769165
-3.73975	 0.658435
-3.73642	 0.727296
-3.73308	 0.683829
-3.72975	 0.749421
-3.72642	 0.768195
-3.72309	 0.774769
-3.71975	 0.649224
-3.71642	 0.705907
-3.71309	 0.522921
-3.70975	 0.693791
-3.70642	 0.722979
-3.70309	 0.651186
-3.69975	 0.700123
-3.69642	 0.740663
-3.69309	 0.617278
-3.68975	 0.678381
-3.68642	 0.566212
-3.68309	 0.842727
-3.67975	 0.576689
-3.67642	 0.623222
-3.67309	 0.601838
-3.66976	 0.564163
-3.66642	 0.694134
-3.66309	 0.626524
-3.65976	 0.591679
-3.65642	 0.715806
-3.65309	 0.836479
-3.64976	 0.695052
-3.64642	 0.701507
-3.64309	 0.507563
-3.63976	 0.657511
-3.63642	 0.69827
-3.63309	 0.667448
-3.62976	 0.743562
-3.62642	 0.735508
-3.62309	 0.70397
-3.61976	 0.676044
-3.61643	 0.651816
-3.61309	 0.661485
-3.60976	 0.633309
-3.60643	 0.750545
-3.60309	 0.674805
-3.59976	 0.660514
-3.59643	 0.589551
-3.59309	 0.638214
-3.58976	 0.707906
-3.58643	 0.699354
-3.58309	 0.670193
-3.57976	 0.646472
-3.57643	 0.697969
-3.5731	 0.793054
-3.56976	 0.656524
-3.56643	 0.753928
-3.5631	 0.636189
-3.55976	 0.636631
-3.55643	 0.68044
-3.5531	 0.709083
-3.54976	 0.647468
-3.54643	 0.609932
-3.5431	 0.610993
-3.53976	 0.723332
-3.53643	 0.823416
-3.5331	 0.753743
-3.52976	 0.745594
-3.52643	 0.472925
-3.5231	 0.657209
-3.51977	 0.745369
-3.51643	 0.721648
-3.5131	 0.66147
-3.50977	 0.840949
-3.50643	 0.704503
-3.5031	 0.839643
-3.49977	 0.704593
-3.49643	 0.741486
-3.4931	 0.677943
-3.48977	 0.676414
-3.48643	 0.882524
-3.4831	 0.629364
-3.47977	 0.630575
-3.47643	 0.747621
-3.4731	 0.703155
-3.46977	 0.691986
-3.46644	 0.603137
-3.4631	 0.731491
-3.45977	 0.883401
-3.45644	 0.652153
-3.4531	 0.784722
-3.44977	 0.819753
-3.44644	 0.804961
-3.4431	 0.676377
-3.43977	 0.690779
-3.43644	 0.803548
-3.4331	 0.716432
-3.42977	 0.723149
-3.42644	 0.771128
-3.42311	 0.58629
-3.41977	 0.680801
-3.41644	 0.731629
-3.41311	 0.661985
-3.40977	 0.759744
-3.40644	 0.696108
-3.40311	 0.663791
-3.39977	 0.741379
-3.39644	 0.747758
-3.39311	 0.76669
-3.38977	 0.672701
-3.38644	 0.698557
-3.38311	 0.666715
-3.37977	 0.833071
-3.37644	 0.69817
-3.37311	 0.707137
-3.36978	 0.51883
-3.36644	 0.733082
-3.36311	 0.762784
-3.35978	 0.779897
-3.35644	 0.513343
-3.35311	 0.753601
-3.34978	 0.692246
-3.34644	 0.574319
-3.34311	 0.637777
-3.33978	 0.816592
-3.33644	 0.789285
-3.33311	 0.827926
-3.32978	 0.532247
-3.32644	 0.707307
-3.32311	 0.689111
-3.31978	 0.802843
-3.31645	 0.607402
-3.31311	 0.967143
-3.30978	 0.763084
-3.30645	 0.580358
-3.30311	 0.749708
-3.29978	 0.828662
-3.29645	 0.535231
-3.29311	 0.768898
-3.28978	 0.84498
-3.28645	 0.779498
-3.28311	 0.759839
-3.27978	 0.841388
-3.27645	 0.742457
-3.27312	 0.840047
-3.26978	 0.709172
-3.26645	 0.691601
-3.26312	 0.778214
-3.25978	 0.593033
-3.25645	 0.751205
-3.25312	 0.923997
-3.24978	 0.923789
-3.24645	 0.766137
-3.24312	 0.828004
-3.23978	 0.738955
-3.23645	 0.774382
-3.23312	 0.609822
-3.22978	 0.845053
-3.22645	 0.74098
-3.22312	 0.669665
-3.21979	 0.776937
-3.21645	 0.860671
-3.21312	 0.703006
-3.20979	 0.63307
-3.20645	 0.741489
-3.20312	 0.75635
-3.19979	 0.611454
-3.19645	 0.777326
-3.19312	 0.75707
-3.18979	 0.644007
-3.18645	 0.739466
-3.18312	 0.728428
-3.17979	 0.790015
-3.17645	 0.911766
-3.17312	 0.745767
-3.16979	 0.813917
-3.16646	 0.823344
-3.16312	 0.719662
-3.15979	 0.620753
-3.15646	 0.744598
-3.15312	 0.705947
-3.14979	 0.85997
-3.14646	 0.76829
-3.14312	 0.782821
-3.13979	 0.720323
-3.13646	 0.455834
-3.13312	 0.755967
-3.12979	 0.716229
-3.12646	 0.7789
-3.12313	 0.652689
-3.11979	 0.581538
-3.11646	 0.743616
-3.11313	 0.813343
-3.10979	 0.854423
-3.10646	 0.696566
-3.10313	 0.770857
-3.09979	 0.932097
-3.09646	 0.758677
-3.09313	 0.92369
-3.08979	 0.783823
-3.08646	 0.758638
-3.08313	 0.843646
-3.07979	 0.698003
-3.07646	 0.769556
-3.07313	 0.621409
-3.0698	 0.651795
-3.06646	 0.75548
-3.06313	 0.852323
-3.0598	 0.710221
-3.05646	 0.693986
-3.05313	 0.781522
-3.0498	 0.734468
-3.04646	 0.807886
-3.04313	 0.899327
-3.0398	 0.638698
-3.03646	 0.689469
-3.03313	 0.670316
-3.0298	 0.694895
-3.02646	 0.712047
-3.02313	 0.848518
-3.0198	 0.869035
-3.01647	 0.830131
-3.01313	 0.662675
-3.0098	 0.736804
-3.00647	 0.879805
-3.00313	 0.849071
-2.9998	 0.848097
-2.99647	 0.734087
-2.99313	 0.703687
-2.9898	 0.809968
-2.98647	 0.832764
-2.98313	 0.825038
-2.9798	 0.758969
-2.97647	 0.621494
-2.97314	 0.95959
-2.9698	 0.842203
-2.96647	 0.818671
-2.96314	 0.689894
-2.9598	 0.631122
-2.95647	 1.00827
-2.95314	 0.885212
-2.9498	 0.846848
-2.94647	 0.799748
-2.94314	 0.815553
-2.9398	 0.902952
-2.93647	 0.802382
-2.93314	 0.810426
-2.9298	 0.853174
-2.92647	 0.835905
-2.92314	 0.728667
-2.91981	 1.01901
-2.91647	 0.744376
-2.91314	 0.843747
-2.90981	 0.580836
-2.90647	 0.782655
-2.90314	 0.700607
-2.89981	 0.915014
-2.89647	 0.80587
-2.89314	 0.748063
-2.88981	 0.70146
-2.88647	 0.90779
-2.88314	 0.737217
-2.87981	 0.841803
-2.87647	 0.733414
-2.87314	 0.835219
-2.86981	 0.633003
-2.86648	 0.732594
-2.86314	 0.648163
-2.85981	 0.912516
-2.85648	 0.609824
-2.85314	 0.830386
-2.84981	 0.736912
-2.84648	 0.640129
-2.84314	 0.88208
-2.83981	 0.571032
-2.83648	 0.735135
-2.83314	 0.718934
-2.82981	 0.783076
-2.82648	 0.885578
-2.82315	 0.909196
-2.81981	 0.825195
-2.81648	 0.92178
-2.81315	 0.901079
-2.80981	 0.747182
-2.80648	 0.711266
-2.80315	 0.811761
-2.79981	 0.911669
-2.79648	 0.872156
-2.79315	 0.847694
-2.78981	 0.742789
-2.78648	 0.888398
-2.78315	 0.768035
-2.77981	 0.85812
-2.77648	 0.884121
-2.77315	 0.803423
-2.76982	 0.697549
-2.76648	 0.898714
-2.76315	 0.724226
-2.75982	 0.822929
-2.75648	 0.825291
-2.75315	 0.740484
-2.74982	 0.720616
-2.74648	 0.845089
-2.74315	 0.791934
-2.73982	 0.831879
-2.73648	 0.681516
-2.73315	 0.697913
-2.72982	 0.792704
-2.72648	 0.739737
-2.72315	 0.826939
-2.71982	 0.852396
-2.71649	 0.740664
-2.71315	 0.689855
-2.70982	 1.11364
-2.70649	 0.88108
-2.70315	 0.741201
-2.69982	 0.693659
-2.69649	 0.608365
-2.69315	 0.71917
-2.68982	 0.989905
-2.68649	 0.825761
-2.68315	 0.874636
-2.67982	 0.628738
-2.67649	 0.718028
-2.67316	 0.842848
-2.66982	 0.800952
-2.66649	 0.863138
-2.66316	 0.727524
-2.65982	 0.876251
-2.65649	 0.752834
-2.65316	 0.81944
-2.64982	 0.713948
-2.64649	 0.806937
-2.64316	 0.794598
-2.63982	 0.811012
-2.63649	 0.74081
-2.63316	 1.01823
-2.62982	 0.661104
-2.62649	 0.739776
-2.62316	 0.867269
-2.61983	 0.790333
-2.61649	 0.763603
-2.61316	 0.759349
-2.60983	 0.846311
-2.60649	 0.673614
-2.60316	 0.725805
-2.59983	 0.750264
-2.59649	 0.86205
-2.59316	 0.693618
-2.58983	 0.73069
-2.58649	 0.853223
-2.58316	 1.00728
-2.57983	 0.787342
-2.57649	 0.677642
-2.57316	 0.930765
-2.56983	 0.843906
-2.5665	 0.761334
-2.56316	 0.768581
-2.55983	 0.859787
-2.5565	 0.815528
-2.55316	 0.85068
-2.54983	 0.663554
-2.5465	 0.730679
-2.54316	 0.665934
-2.53983	 0.761561
-2.5365	 0.814824
-2.53316	 0.653138
-2.52983	 0.815219
-2.5265	 0.952451
-2.52317	 0.908173
-2.51983	 0.841877
-2.5165	 0.826669
-2.51317	 0.733286
-2.50983	 0.789598
-2.5065	 0.787377
-2.50317	 0.77874
-2.49983	 0.712131
-2.4965	 0.88355
-2.49317	 0.715708
-2.48983	 0.911075
-2.4865	 0.759535
-2.48317	 0.785225
-2.47983	 0.842329
-2.4765	 0.79251
-2.47317	 0.849332
-2.46984	 0.908244
-2.4665	 0.732038
-2.46317	 0.776711
-2.45984	 0.742115
-2.4565	 0.763238
-2.45317	 0.766048
-2.44984	 0.810549
-2.4465	 0.864683
-2.44317	 1.02373
-2.43984	 0.8458
-2.4365	 0.782402
-2.43317	 0.662014
-2.42984	 0.841468
-2.4265	 0.815228
-2.42317	 0.8291
-2.41984	 0.833091
-2.41651	 0.753223
-2.41317	 0.879023
-2.40984	 0.828908
-2.40651	 0.737146
-2.40317	 0.822321
-2.39984	 0.886917
-2.39651	 0.856342
-2.39317	 0.812985
-2.38984	 0.960447
-2.38651	 1.02435
-2.38317	 0.763445
-2.37984	 0.944001
-2.37651	 0.913869
-2.37318	 0.913711
-2.36984	 0.877987
-2.36651	 0.87464
-2.36318	 0.746656
-2.35984	 0.819172
-2.35651	 0.898211
-2.35318	 0.834764
-2.34984	 0.842559
-2.34651	 0.922523
-2.34318	 0.787623
-2.33984	 0.757072
-2.33651	 0.911585
-2.33318	 0.816411
-2.32984	 0.874408
-2.32651	 0.877752
-2.32318	 0.742594
-2.31985	 0.788209
-2.31651	 0.841104
-2.31318	 0.743837
-2.30985	 0.950257
-2.30651	 0.821874
-2.30318	 0.777033
-2.29985	 0.909938
-2.29651	 0.967044
-2.29318	 0.837478
-2.28985	 1.01551
-2.28651	 0.745854
-2.28318	 0.83572
-2.27985	 0.928089
-2.27651	 0.950367
-2.27318	 0.826155
-2.26985	 0.812922
-2.26652	 1.05591
-2.26318	 0.71611
-2.25985	 0.902361
-2.25652	 0.829426
-2.25318	 0.856595
-2.24985	 0.762795
-2.24652	 0.850191
-2.24318	 0.992979
-2.23985	 0.835504
-2.23652	 0.87467
-2.23318	 0.721902
-2.22985	 0.799476
-2.22652	 0.77974
-2.22319	 0.837957
-2.21985	 0.727585
-2.21652	 0.84615
-2.21319	 0.687856
-2.20985	 0.782406
-2.20652	 0.751764
-2.20319	 0.819157
-2.19985	 0.869977
-2.19652	 0.891361
-2.19319	 0.867888
-2.18985	 0.891004
-2.18652	 0.817684
-2.18319	 0.701596
-2.17985	 0.88061
-2.17652	 0.983176
-2.17319	 0.773282
-2.16986	 0.945033
-2.16652	 0.887795
-2.16319	 0.988748
-2.15986	 0.729691
-2.15652	 0.91096
-2.15319	 0.845976
-2.14986	 1.01938
-2.14652	 0.896406
-2.14319	 0.83309
-2.13986	 0.633096
-2.13652	 0.89812
-2.13319	 0.680719
-2.12986	 0.737353
-2.12652	 1.15271
-2.12319	 1.02339
-2.11986	 0.726779
-2.11653	 0.950322
-2.11319	 0.868629
-2.10986	 0.834665
-2.10653	 0.870812
-2.10319	 0.846548
-2.09986	 1.02843
-2.09653	 0.64238
-2.09319	 0.897683
-2.08986	 0.85716
-2.08653	 0.854524
-2.08319	 0.547166
-2.07986	 0.778268
-2.07653	 0.930663
-2.0732	 0.785368
-2.06986	 0.787556
-2.06653	 0.830546
-2.0632	 0.875992
-2.05986	 0.872497
-2.05653	 0.982884
-2.0532	 1.02302
-2.04986	 0.88179
-2.04653	 0.707709
-2.0432	 0.911198
-2.03986	 0.792529
-2.03653	 0.997067
-2.0332	 0.960507
-2.02986	 0.841674
-2.02653	 0.678036
-2.0232	 0.711507
-2.01987	 1.10066
-2.01653	 0.995879
-2.0132	 0.95973
-2.00987	 0.847054
-2.00653	 0.972279
-2.0032	 0.630276
-1.99987	 0.764073
-1.99653	 0.726739
-1.9932	 0.73868
-1.98987	 0.815226
-1.98653	 0.959333
-1.9832	 0.896864
-1.97987	 1.01649
-1.97653	 0.879245
-1.9732	 0.762218
-1.96987	 0.826791
-1.96654	 0.896169
-1.9632	 0.825512
-1.95987	 0.984162
-1.95654	 1.08479
-1.9532	 0.932092
-1.94987	 1.06334
-1.94654	 0.842664
-1.9432	 1.00513
-1.93987	 0.859156
-1.93654	 0.918326
-1.9332	 0.854096
-1.92987	 0.810119
-1.92654	 0.728761
-1.92321	 0.944721
-1.91987	 0.753063
-1.91654	 0.754851
-1.91321	 1.04055
-1.90987	 0.866676
-1.90654	 1.0086
-1.90321	 1.11639
-1.89987	 0.773772
-1.89654	 0.840437
-1.89321	 0.656509
-1.88987	 0.953254
-1.88654	 0.901063
-1.88321	 0.830495
-1.87987	 0.882451
-1.87654	 0.709851
-1.87321	 0.972794
-1.86988	 0.871007
-1.86654	 1.01706
-1.86321	 0.911791
-1.85988	 0.957259
-1.85654	 0.916514
-1.85321	 0.670348
-1.84988	 0.860929
-1.84654	 0.890407
-1.84321	 0.812268
-1.83988	 0.71971
-1.83654	 1.05512
-1.83321	 0.984448
-1.82988	 0.836734
-1.82654	 0.919804
-1.82321	 0.699873
-1.81988	 0.964272
-1.81655	 0.909497
-1.81321	 0.824205
-1.80988	 0.737658
-1.80655	 0.866762
-1.80321	 0.91823
-1.79988	 0.811663
-1.79655	 0.753712
-1.79321	 0.85112
-1.78988	 0.931287
-1.78655	 0.674529
-1.78321	 0.83376
-1.77988	 0.779498
-1.77655	 1.03869
-1.77322	 0.960636
-1.76988	 0.761821
-1.76655	 0.836926
-1.76322	 0.909676
-1.75988	 0.963159
-1.75655	 0.728126
-1.75322	 1.01063
-1.74988	 0.826314
-1.74655	 0.88517
-1.74322	 0.920589
-1.73988	 0.912122
-1.73655	 0.829699
-1.73322	 0.882762
-1.72988	 0.881534
-1.72655	 0.844114
-1.72322	 0.961534
-1.71989	 0.748207
-1.71655	 0.852709
-1.71322	 0.705236
-1.70989	 0.981314
-1.70655	 1.0097
-1.70322	 0.910174
-1.69989	 0.927287
-1.69655	 0.672467
-1.69322	 0.770012
-1.68989	 0.952784
-1.68655	 0.895831
-1.68322	 0.782443
-1.67989	 0.957849
-1.67655	 0.831857
-1.67322	 0.764973
-1.66989	 0.856129
-1.66656	 0.825348
-1.66322	 0.8098
-1.65989	 0.752394
-1.65656	 1.0637
-1.65322	 0.825852
-1.64989	 1.02074
-1.64656	 0.675097
-1.64322	 1.13862
-1.63989	 1.03556
-1.63656	 0.917371
-1.63322	 0.889695
-1.62989	 0.965914
-1.62656	 0.993581
-1.62323	 0.770974
-1.61989	 0.941839
-1.61656	 0.840165
-1.61323	 0.924267
-1.60989	 0.801272
-1.60656	 1.05703
-1.60323	 0.752564
-1.59989	 0.650224
-1.59656	 0.908602
-1.59323	 0.898949
-1.58989	 0.942594
-1.58656	 0.949973
-1.58323	 0.859225
-1.57989	 0.953433
-1.57656	 1.29061
-1.57323	 0.872797
-1.5699	 0.931361
-1.56656	 0.845783
-1.56323	 0.881984
-1.5599	 0.980057
-1.55656	 1.07702
-1.55323	 0.903032
-1.5499	 0.775584
-1.54656	 0.899001
-1.54323	 0.903482
-1.5399	 0.749948
-1.53656	 1.03553
-1.53323	 0.853863
-1.5299	 0.743328
-1.52656	 0.872407
-1.52323	 0.901059
-1.5199	 1.20244
-1.51657	 0.985931
-1.51323	 1.03362
-1.5099	 0.891458
-1.50657	 1.00884
-1.50323	 0.791571
-1.4999	 0.884858
-1.49657	 1.0668
-1.49323	 0.904854
-1.4899	 0.856657
-1.48657	 0.934331
-1.48323	 0.934725
-1.4799	 0.966664
-1.47657	 0.95068
-1.47324	 0.724363
-1.4699	 0.773021
-1.46657	 0.969096
-1.46324	 0.780499
-1.4599	 1.08727
-1.45657	 0.813225
-1.45324	 0.815711
-1.4499	 0.759029
-1.44657	 1.06538
-1.44324	 0.945574
-1.4399	 1.04311
-1.43657	 0.935122
-1.43324	 0.96979
-1.4299	 0.848329
-1.42657	 0.814774
-1.42324	 0.99013
-1.41991	 0.966328
-1.41657	 1.04024
-1.41324	 0.947218
-1.40991	 0.941449
-1.40657	 0.804539
-1.40324	 0.880898
-1.39991	 0.868193
-1.39657	 0.948573
-1.39324	 0.898535
-1.38991	 1.12737
-1.38657	 0.853858
-1.38324	 0.755587
-1.37991	 0.911895
-1.37657	 1.10312
-1.37324	 0.783068
-1.36991	 1.1927
-1.36658	 1.11249
-1.36324	 0.974527
-1.35991	 0.857968
-1.35658	 0.844062
-1.35324	 0.839037
-1.34991	 0.838444
-1.34658	 0.722418
-1.34324	 0.890632
-1.33991	 0.918428
-1.33658	 0.905085
-1.33324	 0.933333
-1.32991	 0.861318
-1.32658	 0.868211
-1.32325	 0.987079
-1.31991	 0.781081
-1.31658	 1.02472
-1.31325	 0.872031
-1.30991	 0.880684
-1.30658	 0.785826
-1.30325	 1.07522
-1.29991	 1.04065
-1.29658	 0.966106
-1.29325	 0.955213
-1.28991	 0.998329
-1.28658	 1.02112
-1.28325	 1.11752
-1.27991	 1.02174
-1.27658	 0.919122
-1.27325	 0.980905
-1.26992	 1.16776
-1.26658	 0.841442
-1.26325	 0.877434
-1.25992	 0.864616
-1.25658	 0.987939
-1.25325	 0.92858
-1.24992	 0.794791
-1.24658	 0.783573
-1.24325	 0.889946
-1.23992	 0.835671
-1.23658	 1.03799
-1.23325	 0.791101
-1.22992	 0.742921
-1.22658	 0.960676
-1.22325	 1.17608
-1.21992	 1.01474
-1.21659	 1.06509
-1.21325	 1.08172
-1.20992	 0.969649
-1.20659	 0.838092
-1.20325	 0.88521
-1.19992	 0.951641
-1.19659	 1.10494
-1.19325	 1.04681
-1.18992	 0.92781
-1.18659	 0.821097
-1.18325	 0.883821
-1.17992	 0.923771
-1.17659	 0.974262
-1.17326	 0.939672
-1.16992	 0.751792
-1.16659	 1.07601
-1.16326	 1.11718
-1.15992	 0.938864
-1.15659	 0.802364
-1.15326	 0.801111
-1.14992	 0.823762
-1.14659	 0.833302
-1.14326	 1.12631
-1.13992	 0.874381
-1.13659	 0.997053
-1.13326	 1.02342
-1.12992	 0.891216
-1.12659	 0.85499
-1.12326	 0.749255
-1.11993	 0.775665
-1.11659	 0.990986
-1.11326	 0.941165
-1.10993	 1.16157
-1.10659	 0.840109
-1.10326	 0.819004
-1.09993	 1.13688
-1.09659	 0.996849
-1.09326	 0.945547
-1.08993	 0.97128
-1.08659	 0.959929
-1.08326	 1.02719
-1.07993	 0.899031
-1.07659	 0.751351
-1.07326	 0.787375
-1.06993	 0.940354
-1.0666	 1.19138
-1.06326	 0.943704
-1.05993	 1.1487
-1.0566	 0.925066
-1.05326	 1.08426
-1.04993	 0.905858
-1.0466	 1.02705
-1.04326	 1.11815
-1.03993	 0.755135
-1.0366	 1.05624
-1.03326	 1.16955
-1.02993	 1.17121
-1.0266	 0.981221
-1.02327	 0.801149
-1.01993	 0.949687
-1.0166	 1.05495
-1.01327	 0.980107
-1.00993	 0.687127
-1.0066	 1.0479
-1.00327	 1.03533
-0.999933	 0.831169
-0.9966	 1.12922
-0.993267	 0.958924
-0.989934	 0.96455
-0.986601	 0.861077
-0.983268	 0.84653
-0.979935	 1.03499
-0.976602	 1.02474
-0.973268	 1.03602
-0.969935	 1.02078
-0.966602	 0.951412
-0.963269	 1.05738
-0.959936	 0.796037
-0.956603	 0.784126
-0.95327	 1.06389
-0.949937	 1.0051
-0.946604	 1.01654
-0.94327	 0.962861
-0.939937	 1.01446
-0.936604	 1.12276
-0.933271	 0.851137
-0.929938	 1.24054
-0.926605	 0.949834
-0.923272	 0.950377
-0.919939	 0.873614
-0.916606	 0.904574
-0.913272	 0.875819
-0.909939	 0.726197
-0.906606	 1.30623
-0.903273	 0.935895
-0.89994	 1.01497
-0.896607	 0.809891
-0.893274	 0.761953
-0.889941	 0.842051
-0.886608	 1.01447
-0.883274	 0.937864
-0.879941	 0.784782
-0.876608	 0.948374
-0.873275	 0.952616
-0.869942	 0.916562
-0.866609	 0.942991
-0.863276	 0.84996
-0.859943	 0.904316
-0.85661	 1.22616
-0.853276	 1.05843
-0.849943	 0.938635
-0.84661	 1.20166
-0.843277	 0.829351
-0.839944	 1.04578
-0.836611	 0.949205
-0.833278	 0.75455
-0.829945	 1.41252
-0.826612	 0.741829
-0.823278	 0.828144
-0.819945	 1.04039
-0.816612	 1.11983
-0.813279	 1.09546
-0.809946	 1.05096
-0.806613	 1.00494
-0.80328	 0.91968
-0.799947	 1.1429
-0.796614	 0.978773
-0.79328	 0.959282
-0.789947	 0.798627
-0.786614	 0.941351
-0.783281	 1.19575
-0.779948	 1.07699
-0.776615	 0.929207
-0.773282	 0.961123
-0.769949	 0.69391
-0.766616	 1.08044
-0.763282	 1.09346
-0.759949	 0.799517
-0.756616	 0.990336
-0.753283	 0.961523
-0.74995	 0.887099
-0.746617	 0.972577
-0.743284	 0.99183
-0.739951	 0.853442
-0.736618	 0.716879
-0.733284	 0.971496
-0.729951	 1.13569
-0.726618	 1.06799
-0.723285	 0.91955
-0.719952	 0.921908
-0.716619	 1.22509
-0.713286	 0.831325
-0.709953	 1.0941
-0.70662	 1.13691
-0.703286	 0.897342
-0.699953	 0.971809
-0.69662	 0.793409
-0.693287	 0.933299
-0.689954	 1.09692
-0.686621	 0.961544
-0.683288	 1.15297
-0.679955	 0.991316
-0.676622	 0.947879
-0.673288	 0.937672
-0.669955	 0.707827
-0.666622	 0.914103
-0.663289	 0.744758
-0.659956	 1.00514
-0.656623	 0.823055
-0.65329	 0.939355
-0.649957	 0.672952
-0.646624	 1.01133
-0.64329	 0.876404
-0.639957	 0.802786
-0.636624	 1.05411
-0.633291	 1.05799
-0.629958	 0.811687
-0.626625	 0.995699
-0.623292	 1.1839
-0.619959	 0.967721
-0.616626	 0.896762
-0.613292	 1.05788
-0.609959	 1.06001
-0.606626	 1.05668
-0.603293	 0.917726
-0.59996	 1.11926
-0.596627	 0.961772
-0.593294	 0.902804
-0.589961	 1.06197
-0.586628	 0.867601
-0.583294	 0.828459
-0.579961	 1.01496
-0.576628	 1.15133
-0.573295	 1.05939
-0.569962	 0.875528
-0.566629	 1.13795
-0.563296	 0.936643
-0.559963	 1.11339
-0.55663	 1.05979
-0.553296	 1.00887
-0.549963	 1.01399
-0.54663	 0.875536
-0.543297	 1.10378
-0.539964	 0.766781
-0.536631	 0.989201
-0.533298	 0.942295
-0.529965	 1.08815
-0.526632	 1.01857
-0.523298	 0.742806
-0.519965	 0.990541
-0.516632	 1.03544
-0.513299	 0.89675
-0.509966	 0.963127
-0.506633	 1.0394
-0.5033	 1.09108
-0.499967	 0.694605
-0.496634	 1.16874
-0.4933	 0.910677
-0.489967	 0.846439
-0.486634	 0.780293
-0.483301	 0.98296
-0.479968	 0.809958
-0.476635	 0.700592
-0.473302	 1.06507
-0.469969	 1.0335
-0.466636	 0.901332
-0.463302	 1.05749
-0.459969	 1.19577
-0.456636	 1.10928
-0.453303	 0.997111
-0.44997	 1.03489
-0.446637	 1.05252
-0.443304	 0.822451
-0.439971	 1.06493
-0.436638	 0.974361
-0.433304	 0.856774
-0.429971	 0.878812
-0.426638	 0.939574
-0.423305	 0.945564
-0.419972	 1.06189
-0.416639	 0.974264
-0.413306	 1.08319
-0.409973	 0.771564
-0.40664	 0.899166
-0.403306	 1.02932
-0.399973	 1.02726
-0.39664	 0.931785
-0.393307	 0.91674
-0.389974	 1.01798
-0.386641	 0.908691
-0.383308	 1.14929
-0.379975	 1.09296
-0.376642	 0.962127
-0.373308	 0.720156
-0.369975	 0.927787
-0.366642	 0.770041
-0.363309	 0.857151
-0.359976	 1.01046
-0.356643	 1.04062
-0.35331	 1.05943
-0.349977	 0.804931
-0.346644	 0.740893
-0.34331	 1.05429
-0.339977	 1.02755
-0.336644	 0.871908
-0.333311	 0.931172
-0.329978	 1.00744
-0.326645	 0.886943
-0.323312	 0.788713
-0.319979	 0.838679
-0.316646	 1.20211
-0.313312	 1.07358
-0.309979	 0.910767
-0.306646	 1.10239
-0.303313	 0.931746
-0.29998	 0.920668
-0.296647	 0.845308
-0.293314	 0.931194
-0.289981	 0.998825
-0.286648	 0.936646
-0.283314	 0.936558
-0.279981	 0.893597
-0.276648	 0.798021
-0.273315	 1.24184
-0.269982	 1.08559
-0.266649	 1.0537
-0.263316	 0.868971
-0.259983	 0.973314
-0.25665	 1.00453
-0.253316	 0.946468
-0.249983	 1.05944
-0.24665	 1.02951
-0.243317	 0.95597
-0.239984	 1.00848
-0.236651	 1.10249
-0.233318	 0.852093
-0.229985	 0.892281
-0.226652	 0.850522
-0.223318	 0.979472
-0.219985	 0.667555
-0.216652	 0.919289
-0.213319	 0.992858
-0.209986	 1.24541
-0.206653	 0.95205
-0.20332	 0.75752
-0.199987	 0.98636
-0.196654	 1.00174
-0.19332	 1.09746
-0.189987	 1.17237
-0.186654	 1.03788
-0.183321	 0.748571
-0.179988	 0.831529
-0.176655	 1.01938
-0.173322	 1.01198
-0.169989	 0.892801
-0.166656	 1.07735
-0.163322	 1.06423
-0.159989	 1.07284
-0.156656	 1.18987
-0.153323	 1.0431
-0.14999	 0.905936
-0.146657	 1.01906
-0.143324	 0.854016
-0.139991	 0.87039
-0.136658	 1.02375
-0.133324	 1.076
-0.129991	 1.03098
-0.126658	 0.88193
-0.123325	 0.782996
-0.119992	 1.10947
-0.116659	 1.04965
-0.113326	 0.864437
-0.109993	 1.26028
-0.10666	 1.06283
-0.103326	 0.943327
-0.0999933	 0.850737
-0.0966602	 0.951546
-0.0933271	 0.832975
-0.089994	 0.931704
-0.0866609	 1.11172
-0.0833278	 0.964692
-0.0799947	 1.25292
-0.0766616	 1.1269
-0.0733284	 1.05398
-0.0699953	 0.972847
-0.0666622	 1.07376
-0.0633291	 0.926823
-0.059996	 0.779625
-0.0566629	 1.03544
-0.0533298	 0.848668
-0.0499967	 1.08754
-0.0466636	 1.25009
-0.0433304	 0.813784
-0.0399973	 1.01473
-0.0366642	 0.821132
-0.0333311	 0.981978
-0.029998	 0.995303
-0.0266649	 0.958104
-0.0233318	 1.07158
-0.0199987	 0.825554
-0.0166656	 0.981118
-0.0133324	 1.08809
-0.00999933	 1.0876
-0.00666622	 1.14942
-0.00333311	 0.00736145
0	 1
0.00333311	 0.889522
0.00666622	 1.27596
0.00999933	 0.94749
0.0133324	 1.07943
0.0166656	 0.794627
0.0199987	 0.788301
0.0233318	 0.953148
0.0266649	 1.30691
0.029998	 1.14799
0.0333311	 0.905476
0.0366642	 1.13732
0.0399973	 1.18298
0.0433304	 1.03707
0.0466636	 0.956407
0.0499967	 1.45742
0.0533298	 0.874599
0.0566629	 0.834056
0.059996	 0.991929
0.0633291	 0.959204
0.0666622	 1.0267
0.0699953	 1.21403
0.0733284	 0.962081
0.0766616	 0.922751
0.0799947	 0.936471
0.0833278	 1.2231
0.0866609	 1.00055
0.089994	 0.797831
0.0933271	 1.00801
0.0966602	 1.05371
0.0999933	 0.978064
0.103326	 0.88876
0.10666	 0.951218
0.109993	 0.990125
0.113326	 0.767245
0.116659	 1.03813
0.119992	 0.922152
0.123325	 1.28979
0.126658	 0.892786
0.129991	 0.738469
0.133324	 0.872103
0.136658	 1.06204
0.139991	 0.919474
0.143324	 1.06157
0.146657	 1.04297
0.14999	 1.02124
0.153323	 0.793592
0.156656	 1.09374
0.159989	 1.00803
0.163322	 0.976682
0.166656	 0.798896
0.169989	 1.0887
0.173322	 1.09324
0.176655	 1.27158
0.179988	 1.01596
0.183321	 0.960957
0.186654	 0.840022
0.189987	 0.841377
0.19332	 0.838475
0.196654	 1.09682
0.199987	 0.888624
0.20332	 0.930133
0.206653	 0.992963
0.209986	 0.992151
0.213319	 1.07085
0.216652	 0.778079
0.219985	 1.20876
0.223318	 1.03091
0.226652	 0.828252
0.229985	 0.851286
0.233318	 0.903425
0.236651	 1.12028
0.239984	 1.32362
0.243317	 0.965971
0.24665	 1.03251
0.249983	 0.858019
0.253316	 0.939936
0.25665	 0.866895
0.259983	 1.14722
0.263316	 0.956936
0.266649	 0.927143
0.269982	 0.990742
0.273315	 1.01854
0.276648	 0.821512
0.279981	 0.854674
0.283314	 0.963478
0.286648	 0.967598
0.289981	 0.963223
0.293314	 0.867968
0.296647	 0.74813
0.29998	 0.98132
0.303313	 0.86335
0.306646	 1.01311
0.309979	 1.02777
0.313312	 0.784517
0.316646	 1.20907
0.319979	 0.934371
0.323312	 1.04465
0.326645	 0.883935
0.329978	 1.10759
0.333311	 1.09821
0.336644	 0.866443
0.339977	 1.01675
0.34331	 1.05969
0.346644	 0.975328
0.349977	 0.801892
0.35331	 0.888466
0.356643	 0.887908
0.359976	 0.870459
0.363309	 1.01606
0.366642	 1.01517
0.369975	 0.937153
0.373308	 0.805135
0.376642	 1.03232
0.379975	 1.04846
0.383308	 0.925483
0.386641	 1.12199
0.389974	 0.88419
0.393307	 1.17781
0.39664	 0.89067
0.399973	 0.874913
0.403306	 0.957449
0.40664	 0.958899
0.409973	 1.27592
0.413306	 0.901261
0.416639	 0.875351
0.419972	 1.07801
0.423305	 0.910215
0.426638	 1.00431
0.429971	 1.07415
0.433304	 0.83498
0.436638	 1.01751
0.439971	 0.975846
0.443304	 0.845431
0.446637	 0.858007
0.44997	 0.901841
0.453303	 1.01104
0.456636	 1.03866
0.459969	 1.18717
0.463302	 0.740423
0.466636	 1.04345
0.469969	 0.863263
0.473302	 1.1045
0.476635	 0.985154
0.479968	 0.853822
0.483301	 1.24847
0.486634	 1.03097
0.489967	 0.837517
0.4933	 1.02045
0.496634	 0.957253
0.499967	 1.03699
0.5033	 1.04426
0.506633	 1.04083
0.509966	 1.00073
0.513299	 0.768765
0.516632	 0.867874
0.519965	 0.995545
0.523298	 0.958191
0.526632	 0.948591
0.529965	 0.945403
0.533298	 0.908265
0.536631	 1.01663
0.539964	 0.929413
0.543297	 1.03448
0.54663	 0.772973
0.549963	 0.828401
0.553296	 1.0161
0.55663	 0.819707
0.559963	 0.795904
0.563296	 1.08245
0.566629	 1.12548
0.569962	 1.03571
0.573295	 0.841887
0.576628	 0.898539
0.579961	 0.676122
0.583294	 0.974662
0.586628	 1.08463
0.589961	 1.14351
0.593294	 0.810991
0.596627	 1.12485
0.59996	 0.947858
0.603293	 0.956496
0.606626	 0.979313
0.609959	 0.996141
0.613292	 1.04588
0.616626	 0.835802
0.619959	 0.855028
0.623292	 0.906082
0.626625	 0.993566
0.629958	 1.15115
0.633291	 0.988866
0.636624	 1.14607
0.639957	 1.06828
0.64329	 0.986628
0.646624	 0.770551
0.649957	 0.777409
0.65329	 1.13185
0.656623	 1.00527
0.659956	 0.933072
0.663289	 0.938948
0.666622	 0.830182
0.669955	 1.15862
0.673288	 0.911871
0.676622	 0.805698
0.679955	 0.973446
0.683288	 0.975405
0.686621	 1.01397
0.689954	 0.803111
0.693287	 1.05383
0.69662	 0.894119
0.699953	 0.837033
0.703286	 0.980929
0.70662	 1.17872
0.709953	 1.21994
0.713286	 0.756711
0.716619	 0.912407
0.719952	 1.29369
0.723285	 0.840016
0.726618	 0.909632
0.729951	 0.877402
0.733284	 1.08742
0.736618	 1.13122
0.739951	 0.938314
0.743284	 0.888485
0.746617	 0.818863
0.74995	 1.11476
0.753283	 0.675098
0.756616	 1.27779
0.759949	 0.896535
0.763282	 1.03246
0.766616	 0.881257
0.769949	 1.08452
0.773282	 0.967109
0.776615	 1.04727
0.779948	 1.12401
0.783281	 1.06178
0.786614	 0.898671
0.789947	 0.994595
0.79328	 1.07289
0.796614	 1.01801
0.799947	 0.936065
0.80328	 0.877659
0.806613	 0.805575
0.809946	 1.05744
0.813279	 1.04031
0.816612	 0.965333
0.819945	 0.950057
0.823278	 1.21683
0.826612	 1.08729
0.829945	 0.905347
0.833278	 0.7112
0.836611	 0.850551
0.839944	 0.813293
0.843277	 0.79898
0.84661	 1.06649
0.849943	 0.969586
0.853276	 0.970709
0.85661	 0.954028
0.859943	 0.757611
0.863276	 1.03857
0.866609	 0.879021
0.869942	 0.901291
0.873275	 0.679325
0.876608	 1.02993
0.879941	 0.86302
0.883274	 0.966887
0.886608	 0.864101
0.889941	 0.851149
0.893274	 0.821812
0.896607	 0.859523
0.89994	 0.969553
0.903273	 1.12016
0.906606	 1.07379
0.909939	 1.18552
0.913272	 0.878044
0.916606	 1.07055
0.919939	 0.904972
0.923272	 0.717144
0.926605	 0.795486
0.929938	 0.992142
0.933271	 1.14878
0.936604	 0.902428
0.939937	 1.05532
0.94327	 0.907355
0.946604	 1.02141
0.949937	 1.00541
0.95327	 0.888507
0.956603	 1.13934
0.959936	 0.990732
0.963269	 0.977455
0.966602	 1.01769
0.969935	 1.24721
0.973268	 1.09171
0.976602	 1.09084
0.979935	 0.985812
0.983268	 0.719922
0.986601	 0.883899
0.989934	 0.807767
0.993267	 0.854803
0.9966	 0.874779
0.999933	 1.02263
1.00327	 0.749598
1.0066	 0.980737
1.00993	 1.22371
1.01327	 0.979346
1.0166	 0.854208
1.01993	 0.938032
1.02327	 0.896677
1.0266	 1.10221
1.02993	 0.800848
1.03326	 0.902368
1.0366	 0.974568
1.03993	 1.03217
1.04326	 0.952753
1.0466	 0.865853
1.04993	 0.880679
1.05326	 0.892578
1.0566	 1.0637
1.05993	 0.93537
1.06326	 1.06044
1.0666	 1.14772
1.06993	 1.02021
1.07326	 0.911978
1.07659	 0.969622
1.07993	 0.985672
1.08326	 0.839867
1.08659	 1.07155
1.08993	 0.801707
1.09326	 0.842318
1.09659	 0.914466
1.09993	 1.0391
1.10326	 0.731472
1.10659	 0.987298
1.10993	 1.10281
1.11326	 0.818746
1.11659	 1.07786
1.11993	 0.956843
1.12326	 0.907974
1.12659	 0.891046
1.12992	 0.890206
1.13326	 1.21451
1.13659	 1.01749
1.13992	 1.03377
1.14326	 0.818597
1.14659	 0.812517
1.14992	 0.982165
1.15326	 0.988817
1.15659	 0.9637
1.15992	 0.927957
1.16326	 0.951869
1.16659	 1.03522
1.16992	 0.953031
1.17326	 1.08001
1.17659	 1.06035
1.17992	 0.747138
1.18325	 0.896779
1.18659	 0.852004
1.18992	 0.991006
1.19325	 0.868867
1.19659	 1.0145
1.19992	 0.890758
1.20325	 0.977317
1.20659	 0.79132
1.20992	 0.97431
1.21325	 0.871126
1.21659	 0.74366
1.21992	 0.862253
1.22325	 0.991072
1.22658	 0.996569
1.22992	 1.14207
1.23325	 0.871708
1.23658	 1.15844
1.23992	 0.81526
1.24325	 1.00543
1.24658	 1.14533
1.24992	 0.908216
1.25325	 0.764711
1.25658	 0.929421
1.25992	 0.717362
1.26325	 0.813408
1.26658	 1.23963
1.26992	 0.881483
1.27325	 0.932367
1.27658	 0.946156
1.27991	 0.882933
1.28325	 0.986604
1.28658	 0.930348
1.28991	 0.88905
1.29325	 1.04286
1.29658	 0.762892
1.29991	 1.16896
1.30325	 0.780166
1.30658	 0.960648
1.30991	 0.815028
1.31325	 0.897981
1.31658	 0.884354
1.31991	 1.02242
1.32325	 1.03407
1.32658	 1.06122
1.32991	 0.937047
1.33324	 0.917318
1.33658	 0.930473
1.33991	 0.914428
1.34324	 0.875019
1.34658	 0.596116
1.34991	 0.973267
1.35324	 0.977743
1.35658	 0.834772
1.35991	 0.658693
1.36324	 1.09621
1.36658	 1.0689
1.36991	 1.05622
1.37324	 0.925776
1.37657	 1.06121
1.37991	 0.749819
1.38324	 0.728292
1.38657	 0.958891
1.38991	 0.851443
1.39324	 0.745832
1.39657	 0.969004
1.39991	 0.956442
1.40324	 1.06357
1.40657	 1.01467
1.40991	 1.02837
1.41324	 0.837236
1.41657	 0.910014
1.41991	 0.941773
1.42324	 0.856327
1.42657	 0.921092
1.4299	 0.75173
1.43324	 0.858075
1.43657	 1.00095
1.4399	 0.754623
1.44324	 0.837198
1.44657	 1.12959
1.4499	 0.902705
1.45324	 0.859368
1.45657	 0.848064
1.4599	 0.820766
1.46324	 0.860519
1.46657	 0.982082
1.4699	 0.803024
1.47324	 0.993631
1.47657	 0.92784
1.4799	 0.774099
1.48323	 0.786883
1.48657	 0.962918
1.4899	 1.17079
1.49323	 0.869519
1.49657	 0.809876
1.4999	 0.73197
1.50323	 1.04896
1.50657	 0.754593
1.5099	 0.667455
1.51323	 0.984066
1.51657	 1.03811
1.5199	 1.01623
1.52323	 0.981354
1.52656	 0.863264
1.5299	 1.08958
1.53323	 0.716413
1.53656	 0.740543
1.5399	 0.844648
1.54323	 0.789501
1.54656	 0.948805
1.5499	 0.674758
1.55323	 0.785902
1.55656	 0.795919
1.5599	 1.09371
1.56323	 0.806952
1.56656	 0.777971
1.5699	 0.981607
1.57323	 0.923549
1.57656	 1.08951
1.57989	 0.965081
1.58323	 0.954524
1.58656	 0.839046
1.58989	 0.812854
1.59323	 1.10881
1.59656	 1.05395
1.59989	 0.96634
1.60323	 0.773489
1.60656	 1.0134
1.60989	 1.00017
1.61323	 0.888175
1.61656	 0.910428
1.61989	 1.05233
1.62323	 0.69642
1.62656	 0.777817
1.62989	 0.866759
1.63322	 0.859951
1.63656	 1.13993
1.63989	 0.661467
1.64322	 0.881254
1.64656	 0.876288
1.64989	 1.05108
1.65322	 0.593457
1.65656	 0.919781
1.65989	 0.677057
1.66322	 0.976329
1.66656	 0.834711
1.66989	 1.08474
1.67322	 0.806642
1.67655	 1.06148
1.67989	 0.930267
1.68322	 0.896837
1.68655	 0.95427
1.68989	 0.852635
1.69322	 0.92325
1.69655	 0.940891
1.69989	 0.742036
1.70322	 1.05496
1.70655	 0.928733
1.70989	 0.916028
1.71322	 0.78217
1.71655	 0.905271
1.71989	 0.875901
1.72322	 0.83645
1.72655	 0.804432
1.72988	 0.972688
1.73322	 1.03132
1.73655	 0.999447
1.73988	 1.03755
1.74322	 0.993258
1.74655	 0.961621
1.74988	 0.824152
1.75322	 0.823187
1.75655	 1.09964
1.75988	 0.850813
1.76322	 0.742261
1.76655	 0.854446
1.76988	 0.9031
1.77322	 0.778906
1.77655	 0.766069
1.77988	 0.798481
1.78321	 0.865719
1.78655	 0.852379
1.78988	 0.929859
1.79321	 0.77598
1.79655	 0.892255
1.79988	 0.934064
1.80321	 0.682911
1.80655	 0.92299
1.80988	 0.809541
1.81321	 0.957865
1.81655	 0.774965
1.81988	 0.622879
1.82321	 0.914676
1.82654	 0.783351
1.82988	 0.688158
1.83321	 0.871071
1.83654	 0.809348
1.83988	 0.787298
1.84321	 1.02207
1.84654	 0.869686
1.84988	 0.738978
1.85321	 0.839471
1.85654	 0.828278
1.85988	 0.812254
1.86321	 0.896888
1.86654	 1.03565
1.86988	 0.842835
1.87321	 0.827874
1.87654	 0.8107
1.87987	 0.643497
1.88321	 0.892253
1.88654	 0.888139
1.88987	 0.972005
1.89321	 0.906616
1.89654	 0.940911
1.89987	 0.966819
1.90321	 0.847381
1.90654	 0.862761
1.90987	 0.602053
1.91321	 0.865039
1.91654	 0.820312
1.91987	 0.804123
1.92321	 0.956711
1.92654	 0.943614
1.92987	 0.842844
1.9332	 0.841248
1.93654	 0.812182
1.93987	 0.809653
1.9432	 0.891161
1.94654	 0.865323
1.94987	 0.865341
1.9532	 1.09736
1.95654	 0.794983
1.95987	 0.847303
1.9632	 0.875391
1.96654	 0.847071
1.96987	 1.14563
1.9732	 0.831036
1.97653	 0.60177
1.97987	 0.829565
1.9832	 0.82531
1.98653	 0.7984
1.98987	 0.956954
1.9932	 0.947927
1.99653	 0.969448
1.99987	 0.794214
2.0032	 1.13989
2.00653	 1.001
2.00987	 0.924247
2.0132	 0.95751
2.01653	 0.814094
2.01987	 0.811656
2.0232	 0.741267
2.02653	 0.915094
2.02986	 0.964977
2.0332	 0.916635
2.03653	 0.961626
2.03986	 0.854939
2.0432	 0.884009
2.04653	 0.982019
2.04986	 0.908368
2.0532	 0.806924
2.05653	 0.869525
2.05986	 0.8973
2.0632	 1.01068
2.06653	 0.901824
2.06986	 0.760136
2.0732	 0.819556
2.07653	 0.871047
2.07986	 1.09444
2.08319	 0.639229
2.08653	 0.881494
2.08986	 0.901736
2.09319	 0.918561
2.09653	 1.08395
2.09986	 0.856931
2.10319	 0.677785
2.10653	 0.872761
2.10986	 0.929791
2.11319	 0.632183
2.11653	 0.827515
2.11986	 0.857879
2.12319	 0.643027
2.12652	 0.831069
2.12986	 0.959017
2.13319	 1.03951
2.13652	 0.970552
2.13986	 0.855668
2.14319	 0.767581
2.14652	 0.727031
2.14986	 0.767193
2.15319	 0.970864
2.15652	 0.882178
2.15986	 0.75694
2.16319	 0.894449
2.16652	 1.02002
2.16986	 0.728467
2.17319	 0.937537
2.17652	 0.924149
2.17985	 0.963767
2.18319	 0.922066
2.18652	 0.828051
2.18985	 0.907855
2.19319	 0.844777
2.19652	 0.704224
2.19985	 0.764401
2.20319	 0.854596
2.20652	 0.929543
2.20985	 0.766847
2.21319	 0.836787
2.21652	 0.739075
2.21985	 0.905499
2.22319	 0.898024
2.22652	 0.816681
2.22985	 0.808013
2.23318	 0.826224
2.23652	 0.892804
2.23985	 0.816434
2.24318	 0.834603
2.24652	 1.01485
2.24985	 0.866355
2.25318	 0.949612
2.25652	 0.655197
2.25985	 0.914463
2.26318	 0.842366
2.26652	 0.692564
2.26985	 0.955826
2.27318	 0.757422
2.27651	 0.893247
2.27985	 0.706908
2.28318	 0.678899
2.28651	 0.817898
2.28985	 0.791683
2.29318	 0.677933
2.29651	 0.812587
2.29985	 0.881965
2.30318	 0.821829
2.30651	 0.87603
2.30985	 0.615522
2.31318	 0.779121
2.31651	 0.790969
2.31985	 0.819569
2.32318	 0.895219
2.32651	 0.918827
2.32984	 0.878233
2.33318	 0.813857
2.33651	 1.02589
2.33984	 0.798423
2.34318	 0.968205
2.34651	 0.820081
2.34984	 0.756555
2.35318	 0.839879
2.35651	 0.730392
2.35984	 0.732902
2.36318	 0.781571
2.36651	 0.85425
2.36984	 0.991118
2.37318	 0.836497
2.37651	 0.827514
2.37984	 0.815766
2.38317	 0.78257
2.38651	 0.652034
2.38984	 0.955211
2.39317	 0.868477
2.39651	 0.902202
2.39984	 0.762321
2.40317	 0.916263
2.40651	 0.886139
2.40984	 1.03485
2.41317	 0.798333
2.41651	 0.937309
2.41984	 0.821479
2.42317	 0.967982
2.4265	 0.808492
2.42984	 0.922563
2.43317	 0.81447
2.4365	 0.99829
2.43984	 0.922139
2.44317	 0.939966
2.4465	 1.01656
2.44984	 1.07154
2.45317	 0.650578
2.4565	 0.740556
2.45984	 0.842696
2.46317	 0.709249
2.4665	 0.697724
2.46984	 0.823945
2.47317	 0.683327
2.4765	 0.638961
2.47983	 0.809119
2.48317	 0.781425
2.4865	 0.58707
2.48983	 0.746921
2.49317	 1.01175
2.4965	 0.940852
2.49983	 0.816653
2.50317	 0.845004
2.5065	 0.828133
2.50983	 0.764525
2.51317	 0.737822
2.5165	 0.741002
2.51983	 0.672125
2.52317	 0.873299
2.5265	 0.931186
2.52983	 0.82168
2.53316	 0.861952
2.5365	 0.70469
2.53983	 0.793429
2.54316	 0.922562
2.5465	 0.770746
2.54983	 0.853297
2.55316	 0.758498
2.5565	 0.917256
2.55983	 0.78098
2.56316	 0.744057
2.5665	 1.05211
2.56983	 0.891895
2.57316	 0.890899
2.57649	 0.933288
2.57983	 0.793154
2.58316	 0.842757
2.58649	 0.875055
2.58983	 0.892031
2.59316	 0.837924
2.59649	 0.860336
2.59983	 0.810443
2.60316	 0.815983
2.60649	 0.788704
2.60983	 0.959265
2.61316	 0.895333
2.61649	 0.959346
2.61983	 0.777439
2.62316	 0.803931
2.62649	 0.689471
2.62982	 0.868319
2.63316	 0.727485
2.63649	 0.795751
2.63982	 0.842138
2.64316	 0.743845
2.64649	 0.850962
2.64982	 0.72636
2.65316	 0.722755
2.65649	 0.879717
2.65982	 0.976022
2.66316	 0.901253
2.66649	 0.867455
2.66982	 0.804804
2.67316	 0.730718
2.67649	 0.813804
2.67982	 0.822224
2.68315	 0.821109
2.68649	 0.673193
2.68982	 0.686357
2.69315	 0.831236
2.69649	 0.866209
2.69982	 0.795953
2.70315	 0.758433
2.70649	 0.739252
2.70982	 0.844272
2.71315	 0.922767
2.71649	 0.777308
2.71982	 0.700919
2.72315	 0.983829
2.72648	 0.845749
2.72982	 0.973773
2.73315	 0.957229
2.73648	 0.707795
2.73982	 0.82627
2.74315	 0.731233
2.74648	 0.781152
2.74982	 0.641283
2.75315	 0.777481
2.75648	 0.778434
2.75982	 0.784204
2.76315	 0.814183
2.76648	 0.792873
2.76982	 0.787703
2.77315	 0.755588
2.77648	 0.685819
2.77981	 0.786694
2.78315	 1.03524
2.78648	 0.812881
2.78981	 0.812351
2.79315	 0.748869
2.79648	 0.921944
2.79981	 0.804368
2.80315	 0.744149
2.80648	 0.791085
2.80981	 0.743019
2.81315	 0.716593
2.81648	 1.01319
2.81981	 0.676848
2.82315	 1.00622
2.82648	 0.720307
2.82981	 0.745555
2.83314	 0.77757
2.83648	 0.772909
2.83981	 0.834295
2.84314	 0.620784
2.84648	 0.778956
2.84981	 0.707762
2.85314	 0.79821
2.85648	 0.783712
2.85981	 0.88533
2.86314	 0.62418
2.86648	 0.822046
2.86981	 0.806749
2.87314	 0.834339
2.87647	 0.681052
2.87981	 0.833756
2.88314	 0.932864
2.88647	 0.718999
2.88981	 0.831651
2.89314	 0.738551
2.89647	 0.768766
2.89981	 0.767666
2.90314	 0.77583
2.90647	 0.599027
2.90981	 0.805297
2.91314	 0.716906
2.91647	 0.721578
2.91981	 0.834376
2.92314	 0.667203
2.92647	 0.847002
2.9298	 0.821132
2.93314	 0.635595
2.93647	 0.63887
2.9398	 0.806769
2.94314	 0.71267
2.94647	 0.972041
2.9498	 0.859702
2.95314	 0.830304
2.95647	 0.668663
2.9598	 0.694184
2.96314	 0.713261
2.96647	 0.82753
2.9698	 0.715703
2.97314	 0.895219
2.97647	 0.686682
2.9798	 0.657073
2.98313	 0.770574
2.98647	 0.884179
2.9898	 0.751046
2.99313	 0.710849
2.99647	 0.682366
2.9998	 0.776661
3.00313	 0.680931
3.00647	 0.702463
3.0098	 0.811918
3.01313	 0.722401
3.01647	 0.712221
3.0198	 0.671851
3.02313	 0.684662
3.02646	 0.709469
3.0298	 0.664184
3.03313	 0.707241
3.03646	 0.806448
3.0398	 0.672278
3.04313	 0.766545
3.04646	 0.750592
3.0498	 0.828914
3.05313	 0.729065
3.05646	 0.705407
3.0598	 0.896189
3.06313	 0.776841
3.06646	 0.979403
3.0698	 0.658735
3.07313	 0.874753
3.07646	 0.776851
3.07979	 0.744341
3.08313	 0.713185
3.08646	 0.723172
3.08979	 0.662058
3.09313	 0.763317
3.09646	 0.7062
3.09979	 0.784474
3.10313	 0.805938
3.10646	 0.657447
3.10979	 0.828853
3.11313	 0.70137
3.11646	 0.713773
3.11979	 0.666061
3.12313	 0.710879
3.12646	 0.708566
3.12979	 0.629005
3.13312	 0.646348
3.13646	 0.775861
3.13979	 0.614282
3.14312	 0.72232
3.14646	 0.584572
3.14979	 0.784675
3.15312	 0.769281
3.15646	 0.817767
3.15979	 0.804521
3.16312	 0.831201
3.16646	 0.900029
3.16979	 0.705305
3.17312	 0.792681
3.17645	 0.615444
3.17979	 0.730014
3.18312	 0.739485
3.18645	 0.820012
3.18979	 0.703422
3.19312	 0.66724
3.19645	 0.822832
3.19979	 0.742568
3.20312	 0.689919
3.20645	 0.763877
3.20979	 0.636157
3.21312	 0.799917
3.21645	 0.69979
3.21979	 0.644661
3.22312	 0.495896
3.22645	 0.937523
3.22978	 0.701187
3.23312	 0.78822
3.23645	 0.880099
3.23978	 0.7318
3.24312	 0.75047
3.24645	 0.648318
3.24978	 0.748374
3.25312	 0.727161
3.25645	 0.618517
3.25978	 0.770078
3.26312	 0.803859
3.26645	 0.652115
3.26978	 0.686267
3.27312	 0.734745
3.27645	 0.857885
3.27978	 0.624647
3.28311	 0.810521
3.28645	 0.670601
3.28978	 0.702208
3.29311	 0.73755
3.29645	 0.74911
3.29978	 0.725416
3.30311	 0.726562
3.30645	 0.70846
3.30978	 0.699306
3.31311	 0.756156
3.31645	 0.849561
3.31978	 0.630443
3.32311	 0.655834
3.32644	 0.621231
3.32978	 0.672736
3.33311	 0.711338
3.33644	 0.846513
3.33978	 0.80163
3.34311	 0.702046
3.34644	 0.813022
3.34978	 0.732342
3.35311	 0.758869
3.35644	 0.642246
3.35978	 0.619282
3.36311	 0.816365
3.36644	 0.729249
3.36978	 0.675119
3.37311	 0.666957
3.37644	 0.506136
3.37977	 0.679103
3.38311	 0.75926
3.38644	 0.661502
3.38977	 0.770386
3.39311	 0.569841
3.39644	 0.893004
3.39977	 0.863759
3.40311	 0.698829
3.40644	 0.645228
3.40977	 0.78101
3.41311	 0.561686
3.41644	 0.673895
3.41977	 0.767637
3.42311	 0.693265
3.42644	 0.652552
3.42977	 0.847483
3.4331	 0.772356
3.43644	 0.7317
3.43977	 0.489426
3.4431	 0.834332
3.44644	 0.639958
3.44977	 0.672941
3.4531	 0.752727
3.45644	 0.739464
3.45977	 0.593431
3.4631	 0.588162
3.46644	 0.652479
3.46977	 0.828862
3.4731	 0.492025
3.47643	 0.651869
3.47977	 0.743223
3.4831	 0.817499
3.48643	 0.603564
3.48977	 0.707462
3.4931	 0.58434
3.49643	 0.570266
3.49977	 0.837037
3.5031	 0.742871
3.50643	 0.687489
3.50977	 0.746063
3.5131	 0.74808
3.51643	 0.752021
3.51977	 0.615969
3.5231	 0.832606
3.52643	 0.706371
3.52976	 0.760983
3.5331	 0.85574
3.53643	 0.643691
3.53976	 0.848413
3.5431	 0.698907
3.54643	 0.603933
3.54976	 0.573163
3.5531	 0.584343
3.55643	 0.581827
3.55976	 0.630469
3.5631	 0.532771
3.56643	 0.633738
3.56976	 0.650133
3.5731	 0.655904
3.57643	 0.675425
3.57976	 0.595019
3.58309	 0.685264
3.58643	 0.571544
3.58976	 0.811264
3.59309	 0.541719
3.59643	 0.65105
3.59976	 0.820585
3.60309	 0.576529
3.60643	 0.682939
3.60976	 0.692618
3.61309	 0.843194
3.61643	 0.876197
3.61976	 0.443976
3.62309	 0.737721
3.62642	 0.831922
3.62976	 0.599081
3.63309	 0.639964
3.63642	 0.810179
3.63976	 0.748842
3.64309	 0.605497
3.64642	 0.678721
3.64976	 0.592071
3.65309	 0.644242
3.65642	 0.761918
3.65976	 0.748397
3.66309	 0.53807
3.66642	 0.647003
3.66976	 0.620572
3.67309	 0.784222
3.67642	 0.635234
3.67975	 0.623668
3.68309	 0.830719
3.68642	 0.716609
3.68975	 0.785184
3.69309	 0.716118
3.69642	 0.728248
3.69975	 0.773382
3.70309	 0.762939
3.70642	 0.749868
3.70975	 0.63503
3.71309	 0.616306
3.71642	 0.631483
3.71975	 0.593886
3.72309	 0.567417
3.72642	 0.786855
3.72975	 0.60874
3.73308	 0.849204
3.73642	 0.664144
3.73975	 0.766359
3.74308	 0.676771
3.74642	 0.705042
3.74975	 0.575239
3.75308	 0.670249
3.75642	 0.708243
3.75975	 0.482666
3.76308	 0.632766
3.76642	 0.691293
3.76975	 0.676242
3.77308	 0.622929
3.77641	 0.705947
3.77975	 0.615754
3.78308	 0.665335
3.78641	 0.575259
3.78975	 0.808936
3.79308	 0.756584
3.79641	 0.55034
3.79975	 0.659036
3.80308	 0.670076
3.80641	 0.711615
3.80975	 0.66906
3.81308	 0.554243
3.81641	 0.549842
3.81975	 0.617188
3.82308	 0.669067
3.82641	 0.491998
3.82974	 0.709151
3.83308	 0.663228
3.83641	 0.577306
3.83974	 0.660986
3.84308	 0.654642
3.84641	 0.596544
3.84974	 0.708141
3.85308	 0.812094
3.85641	 0.740536
3.85974	 0.829765
3.86308	 0.643879
3.86641	 0.725213
3.86974	 0.648855
3.87308	 0.717886
3.87641	 0.634552
3.87974	 0.636522
3.88307	 0.666297
3.88641	 0.641243
3.88974	 0.571864
3.89307	 0.503017
3.89641	 0.746303
3.89974	 0.646731
3.90307	 0.808682
3.90641	 0.662221
3.90974	 0.591094
3.91307	 0.660853
3.91641	 0.734463
3.91974	 0.702106
3.92307	 0.777045
3.9264	 0.599181
3.92974	 0.751687
3.93307	 0.610087
3.9364	 0.711449
3.93974	 0.794076
3.94307	 0.50429
3.9464	 0.789574
3.94974	 0.53962
3.95307	 0.657354
3.9564	 0.783363
3.95974	 0.706364
3.96307	 0.611142
3.9664	 0.713598
3.96974	 0.671994
3.97307	 0.604986
3.9764	 0.587156
3.97973	 0.663937
3.98307	 0.755566
3.9864	 0.731381
3.98973	 0.469557
3.99307	 0.681966
3.9964	 0.56771
3.99973	 0.65093
4.00307	 0.64524
4.0064	 0.655726
4.00973	 0.643071
4.01307	 0.617901
4.0164	 0.61385
4.01973	 0.673601
4.02307	 0.860155
4.0264	 0.584889
4.02973	 0.853305
4.03306	 0.642722
4.0364	 0.727457
4.03973	 0.676645
4.04306	 0.848063
4.0464	 0.809751
4.04973	 0.802968
4.05306	 0.670895
4.0564	 0.64267
4.05973	 0.70248
4.06306	 0.537341
4.0664	 0.526558
4.06973	 0.819012
4.07306	 0.604115
4.07639	 0.550796
4.07973	 0.452553
4.08306	 0.558142
4.08639	 0.545363
4.08973	 0.610728
4.09306	 0.669482
4.09639	 0.71654
4.09973	 0.759001
4.10306	 0.585627
4.10639	 0.612218
4.10973	 0.580681
4.11306	 0.66863
4.11639	 0.61965
4.11973	 0.657043
4.12306	 0.761226
4.12639	 0.598275
4.12972	 0.795502
4.13306	 0.47271
4.13639	 0.593505
4.13972	 0.540369
4.14306	 0.696399
4.14639	 0.62934
4.14972	 0.619567
4.15306	 0.745708
4.15639	 0.608918
4.15972	 0.511287
4.16306	 0.674546
4.16639	 0.527387
4.16972	 0.686695
4.17306	 0.753949
4.17639	 0.536437
4.17972	 0.761237
4.18305	 0.670537
4.18639	 0.472655
4.18972	 0.681748
4.19305	 0.661292
4.19639	 0.718347
4.19972	 0.671773
4.20305	 0.554215
4.20639	 0.693629
4.20972	 0.566941
4.21305	 0.570008
4.21639	 0.605912
4.21972	 0.696931
4.22305	 0.654364
4.22638	 0.617141
4.22972	 0.612656
4.23305	 0.582602
4.23638	 0.707075
4.23972	 0.494843
4.24305	 0.692057
4.24638	 0.680942
4.24972	 0.729901
4.25305	 0.584499
4.25638	 0.534249
4.25972	 0.502363
4.26305	 0.698182
4.26638	 0.736091
4.26972	 0.608899
4.27305	 0.602985
4.27638	 0.71068
4.27971	 0.736143
4.28305	 0.592453
4.28638	 0.655682
4.28971	 0.596572
4.29305	 0.6517
4.29638	 0.649005
4.29971	 0.58786
4.30305	 0.601381
4.30638	 0.577534
4.30971	 0.747194
4.31305	 0.678476
4.31638	 0.705306
4.31971	 0.723871
4.32305	 0.66603
4.32638	 0.625545
4.32971	 0.634401
4.33304	 0.652931
4.33638	 0.56299
4.33971	 0.688685
4.34304	 0.628765
4.34638	 0.656952
4.34971	 0.591821
4.35304	 0.636862
4.35638	 0.694112
4.35971	 0.678343
4.36304	 0.711106
4.36638	 0.622438
4.36971	 0.565015
4.37304	 0.544135
4.37637	 0.678063
4.37971	 0.599263
4.38304	 0.570838
4.38637	 0.666349
4.38971	 0.799867
4.39304	 0.553181
4.39637	 0.75653
4.39971	 0.634831
4.40304	 0.464511
4.40637	 0.703933
4.40971	 0.713345
4.41304	 0.824206
4.41637	 0.645253
4.41971	 0.503076
4.42304	 0.627957
4.42637	 0.696869
4.4297	 0.662897
4.43304	 0.835637
4.43637	 0.717785
4.4397	 0.495922
4.44304	 0.562845
4.44637	 0.665459
4.4497	 0.651976
4.45304	 0.708357
4.45637	 0.565024
4.4597	 0.4535
4.46304	 0.595844
4.46637	 0.660565
4.4697	 0.549745
4.47304	 0.624574
4.47637	 0.863382
4.4797	 0.618098
4.48303	 0.687306
4.48637	 0.588235
4.4897	 0.582007
4.49303	 0.507201
4.49637	 0.694924
4.4997	 0.544101
4.50303	 0.622399
4.50637	 0.626324
4.5097	 0.613434
4.51303	 0.583836
4.51637	 0.778929
4.5197	 0.583818
4.52303	 0.611131
4.52636	 0.682977
4.5297	 0.663511
4.53303	 0.605167
4.53636	 0.5956
4.5397	 0.805437
4.54303	 0.648244
4.54636	 0.555336
4.5497	 0.657839
4.55303	 0.571224
4.55636	 0.697177
4.5597	 0.607722
4.56303	 0.617338
4.56636	 0.609218
4.5697	 0.665873
4.57303	 0.565466
4.57636	 0.584448
4.57969	 0.563913
4.58303	 0.593618
4.58636	 0.516304
4.58969	 0.549751
4.59303	 0.47912
4.59636	 0.552736
4.59969	 0.648487
4.60303	 0.543658
4.60636	 0.541607
4.60969	 0.631271
4.61303	 0.675146
4.61636	 0.620901
4.61969	 0.547352
4.62303	 0.601065
4.62636	 0.560583
4.62969	 0.632797
4.63302	 0.58383
4.63636	 0.665223
4.63969	 0.738374
4.64302	 0.590731
4.64636	 0.751953
4.64969	 0.667672
4.65302	 0.552755
4.65636	 0.519468
4.65969	 0.581121
4.66302	 0.523633
4.66636	 0.5006
4.66969	 0.486645
4.67302	 0.674565
4.67635	 0.848591
4.67969	 0.493879
4.68302	 0.494876
4.68635	 0.502979
4.68969	 0.538641
4.69302	 0.661945
4.69635	 0.6664
4.69969	 0.687957
4.70302	 0.597167
4.70635	 0.442163
4.70969	 0.502784
4.71302	 0.715239
4.71635	 0.584601
4.71969	 0.509748
4.72302	 0.659173
4.72635	 0.536915
4.72968	 0.616741
4.73302	 0.570199
4.73635	 0.577081
4.73968	 0.620545
4.74302	 0.575561
4.74635	 0.608952
4.74968	 0.617807
4.75302	 0.615537
4.75635	 0.480466
4.75968	 0.668649
4.76302	 0.600619
4.76635	 0.66588
4.76968	 0.66547
4.77302	 0.636055
4.77635	 0.668327
4.77968	 0.584962
4.78301	 0.614087
4.78635	 0.627657
4.78968	 0.540754
4.79301	 0.675824
4.79635	 0.509236
4.79968	 0.514313
4.80301	 0.605693
4.80635	 0.553661
4.80968	 0.695868
4.81301	 0.581129
4.81635	 0.427218
4.81968	 0.731915
4.82301	 0.503694
4.82634	 0.557065
4.82968	 0.479382
4.83301	 0.50695
4.83634	 0.58129
4.83968	 0.630252
4.84301	 0.623518
4.84634	 0.578228
4.84968	 0.522012
4.85301	 0.667328
4.85634	 0.601605
4.85968	 0.423011
4.86301	 0.461432
4.86634	 0.651494
4.86968	 0.506427
4.87301	 0.677796
4.87634	 0.605138
4.87967	 0.562321
4.88301	 0.604039
4.88634	 0.590081
4.88967	 0.643381
4.89301	 0.575329
4.89634	 0.577145
4.89967	 0.546279
4.90301	 0.614967
4.90634	 0.631943
4.90967	 0.564464
4.91301	 0.577643
4.91634	 0.51433
4.91967	 0.62014
4.92301	 0.589924
4.92634	 0.475799
4.92967	 0.707453
4.933	 0.719535
4.93634	 0.613528
4.93967	 0.559116
4.943	 0.523845
4.94634	 0.571501
4.94967	 0.683877
4.953	 0.71648
4.95634	 0.496153
4.95967	 0.591362
4.963	 0.577912
4.96634	 0.567465
4.96967	 0.508887
4.973	 0.522524
4.97633	 0.655551
4.97967	 0.59777
4.983	 0.372297
4.98633	 0.661771
4.98967	 0.542616
4.993	 0.609993
4.99633	 0.55254
