#Time [1ns] 	 Re(Es) 	 Im(Es) 	 |Es|^2 	 rho 	 w
0	1177.14501	-126.851766	-27869.2056	45925.8556	0.557563727	4.89209573e+13
1e-11	193.419886	2199.14659	-26877.7618	44758.5175	0.558091943	4.91645424e+13
2e-11	-252.68328	900.130584	-28504.1056	45528.4444	0.558825373	4.93879645e+13
3e-11	-1212.50428	789.207305	-29786.6888	47675.1473	0.558370957	4.95912025e+13
4e-11	-2359.09602	-542.296554	-26892.9218	49033.4849	0.557433697	4.97728189e+13
5e-11	-830.151309	249.357675	-26957.2933	47452.8385	0.557137551	4.99352451e+13
6e-11	155.739435	1718.85663	-28426.7324	47518.237	0.557517519	5.00828336e+13
7e-11	40.8963901	1092.28063	-27633.5563	47979.7999	0.557682233	5.02172817e+13
8e-11	-1078.38453	1210.55052	-29038.2444	47605.6562	0.557338989	5.03391453e+13
9e-11	-1201.38078	3555.6195	-29240.8892	46913.1772	0.557445565	5.04489621e+13
1e-10	-603.775239	2257.81094	-27894.0993	45723.0829	0.557959502	5.05493342e+13
1.1e-10	683.121354	1576.104	-29842.585	44659.3524	0.558644198	5.06426781e+13
1.2e-10	-152.288931	1573.37889	-31119.8063	44552.7395	0.559192536	5.07294001e+13
1.3e-10	-366.725329	1170.64725	-31188.3412	43751.6773	0.55949188	5.08094273e+13
1.4e-10	-823.253785	-39.8578495	-30342.2788	43266.4583	0.559777687	5.08829116e+13
1.5e-10	-983.561193	-2.37123725	-30656.2828	44961.4575	0.560279998	5.09512258e+13
1.6e-10	-1236.02647	-1724.05496	-32402.9922	44885.671	0.56007994	5.10136102e+13
1.7e-10	-267.570135	-2650.25191	-32073.5196	44171.1723	0.559626349	5.10688843e+13
1.8e-10	2811.82499	-3971.00878	-31993.0274	45286.4977	0.559189786	5.11176997e+13
1.9e-10	2621.43119	-3900.44726	-32339.0399	47140.2348	0.558673798	5.11604653e+13
2e-10	2740.77055	-3166.67499	-31132.9326	46483.5941	0.558311732	5.11971377e+13
2.1e-10	2868.40829	-3296.85407	-29978.9607	46259.1969	0.55830968	5.1229994e+13
2.2e-10	2727.84609	-2616.91501	-29742.0802	47203.1494	0.558751887	5.12605122e+13
2.3e-10	3019.15621	-1016.2616	-30260.6205	48220.8641	0.558407567	5.12885319e+13
2.4e-10	1770.50812	-1157.85962	-31133.2519	46474.4165	0.558083194	5.13122884e+13
2.5e-10	1650.88544	-1057.16522	-31641.7768	46785.9892	0.558039152	5.13334872e+13
2.6e-10	2809.89199	-261.12259	-32537.7806	45376.0442	0.558029216	5.13525122e+13
2.7e-10	2678.5625	-737.482058	-31713.1287	45767.6971	0.558124347	5.13699457e+13
2.8e-10	2676.88794	-501.381073	-30246.4464	46516.5023	0.558631928	5.13867517e+13
2.9e-10	3180.25108	-690.628251	-29494.2778	46914.7617	0.558906449	5.14035026e+13
3e-10	1204.9687	1655.77991	-28813.1532	47449.8075	0.558804181	5.14191419e+13
3.1e-10	890.60364	1544.89558	-28504.7679	48819.9389	0.558710666	5.14329737e+13
3.2e-10	1251.22482	2252.84051	-28507.0005	48923.3103	0.558450144	5.14447673e+13
3.3e-10	-539.890566	1661.66251	-28503.7823	49819.2783	0.557920085	5.14541089e+13
3.4e-10	-388.265732	1344.08264	-27856.4531	51161.4626	0.557194715	5.14604943e+13
3.5e-10	26.7625536	-537.129272	-27598.4648	50298.9742	0.556906006	5.14642931e+13
3.6e-10	-1490.61528	-131.063997	-28421.6253	50658.1808	0.556473276	5.14667652e+13
3.7e-10	-149.182255	-628.525208	-28412.4794	49283.0551	0.556165074	5.14674236e+13
3.8e-10	227.90865	74.0962634	-27846.7603	50034.1517	0.556354337	5.14679306e+13
3.9e-10	-62.4039232	427.023377	-25087.0793	50245.9502	0.556520094	5.14688552e+13
4e-10	-734.665283	2358.11133	-24877.4601	48418.6793	0.557259357	5.14713895e+13
4.1e-10	632.190148	1812.65677	-24158.3729	48745.5405	0.558346171	5.14767079e+13
4.2e-10	-955.868839	1453.79087	-22678.7869	49162.2308	0.559114282	5.14848915e+13
4.3e-10	-834.437749	2968.35156	-22910.7882	47621.3869	0.560209104	5.14951957e+13
4.4e-10	-840.307837	3537.84355	-23141.4327	48694.1196	0.56092614	5.15082082e+13
4.5e-10	-1718.22109	3204.64154	-23330.5838	48671.5771	0.561091862	5.15212575e+13
4.6e-10	-440.069584	1208.84914	-24550.2262	50286.2021	0.560601775	5.15330452e+13
4.7e-10	352.915842	80.890935	-25379.6175	49435.1732	0.559869795	5.15411672e+13
4.8e-10	-272.651515	979.047255	-25027.2819	49666.5121	0.559626464	5.15469335e+13
4.9e-10	23.7752019	-745.363261	-25821.3066	48178.1127	0.559441981	5.1551165e+13
5e-10	-927.081246	1528.92068	-26064.0971	49043.7045	0.559750072	5.15555086e+13
5.1e-10	-1134.95096	1528.67757	-25177.1431	49026.3368	0.559831637	5.15598644e+13
5.2e-10	-997.095264	406.547375	-23254.3882	48767.323	0.56044833	5.15649057e+13
5.3e-10	1636.89395	774.757592	-23081.0938	49472.1099	0.560679367	5.15712567e+13
5.4e-10	1226.95266	1204.70842	-25785.839	50873.3994	0.560251839	5.15770916e+13
5.5e-10	1529.19912	36.5936061	-27596.5599	50763.2174	0.559006641	5.15792973e+13
5.6e-10	2144.2849	-1324.88742	-28907.2325	50014.735	0.558000568	5.15771827e+13
5.7e-10	548.916458	-1332.74995	-30542.3188	49368.7611	0.55735692	5.15722652e+13
5.8e-10	-1261.35485	306.236965	-31264.079	47261.9222	0.556797832	5.1565573e+13
5.9e-10	-1587.61255	-1743.80287	-30618.7882	49415.5738	0.556841005	5.15590554e+13
6e-10	-833.84805	-1353.5173	-30753.01	48227.5822	0.556359409	5.15521213e+13
6.1e-10	-1256.51993	-1001.10865	-29279.2191	46656.4025	0.556509933	5.154511e+13
6.2e-10	-1766.59172	-1890.41326	-27165.8025	45901.3953	0.557838275	5.154119e+13
6.3e-10	-1156.26545	-2810.74283	-27836.4541	46033.7298	0.559269599	5.15427139e+13
6.4e-10	782.501693	-3452.12804	-29306.0744	44743.5442	0.56024324	5.15481705e+13
6.5e-10	-996.986651	-1846.28534	-29688.5632	44807.2924	0.560785169	5.15557834e+13
6.6e-10	-1225.5601	-2370.66003	-29443.6266	46325.5032	0.560982363	5.15642071e+13
6.7e-10	-401.44934	-769.755594	-30277.4577	45045.6924	0.561031509	5.15718983e+13
6.8e-10	-683.397615	-1248.32581	-30976.3597	45214.1461	0.56098106	5.1579167e+13
6.9e-10	1165.24072	-2380.28986	-31156.285	46645.9672	0.5604226	5.1584898e+13
7e-10	775.612208	-2026.38117	-31686.1529	45261.7417	0.560046852	5.15878423e+13
7.1e-10	1082.50308	-1813.512	-31508.1454	43491.7732	0.560266775	5.15904378e+13
7.2e-10	269.5523	-2137.93263	-33462.8651	43673.955	0.5606336	5.15941174e+13
7.3e-10	-1165.36216	-539.446151	-34164.5732	44230.5388	0.560208855	5.15975041e+13
7.4e-10	-1561.83266	-1912.78738	-34649.6635	43617.7118	0.559977013	5.1599068e+13
7.5e-10	-1172.8553	-1535.01968	-35269.6193	44449.6729	0.559119862	5.15988849e+13
7.6e-10	-542.623206	-1169.90976	-34418.571	46552.9424	0.558306561	5.15958168e+13
7.7e-10	-1217.11785	226.371666	-33620.1205	47730.4614	0.557257513	5.15896165e+13
7.8e-10	-59.7251803	974.889853	-31934.2273	45591.1778	0.557325489	5.15818723e+13
7.9e-10	150.115925	-206.400271	-32325.4126	44653.7437	0.557815884	5.15761185e+13
8e-10	104.321064	-714.972637	-32208.7526	45322.1372	0.558336343	5.15727169e+13
8.1e-10	463.921796	3.89796898	-31339.6119	45739.5017	0.558443223	5.15708037e+13
8.2e-10	774.162139	-178.475955	-29733.3053	45323.5913	0.558934903	5.15698512e+13
8.3e-10	1394.13605	-148.141433	-28429.7375	45431.0089	0.559776498	5.15713856e+13
8.4e-10	571.830626	-203.062645	-26307.1822	46937.0036	0.560350685	5.157547e+13
8.5e-10	-592.236424	973.135551	-25877.8172	48871.8938	0.56046532	5.15804487e+13
8.6e-10	700.903147	-1212.92506	-26879.6945	49791.1837	0.560043505	5.15843315e+13
8.7e-10	623.993769	-306.952486	-27497.2164	48893.9134	0.559346523	5.158567e+13
8.8e-10	1886.14508	-1111.45933	-26731.6592	49373.7435	0.559015482	5.15853575e+13
8.9e-10	353.717479	-987.929407	-26470.3971	48445.0981	0.558939615	5.15842157e+13
9e-10	-601.679231	-449.691116	-27796.8976	50293.984	0.558660317	5.15829826e+13
9.1e-10	-583.915929	1256.60979	-29506.4111	48258.7022	0.558269597	5.15801188e+13
9.2e-10	-826.083055	191.653417	-28765.2305	49179.7311	0.557814654	5.15764417e+13
9.3e-10	-811.087667	-402.746207	-28493.7694	48324.884	0.557708265	5.15717759e+13
9.4e-10	-265.776419	453.333891	-29690.979	47064.5366	0.55779233	5.15677151e+13
9.5e-10	-144.24945	-1081.23141	-28251.0435	46547.3882	0.558159169	5.15646103e+13
9.6e-10	1048.09775	-1469.4162	-29615.2355	45830.4319	0.55903947	5.15639869e+13
9.7e-10	655.875035	-2191.48158	-28660.4037	45658.8981	0.559717136	5.15662075e+13
9.8e-10	-347.796971	-2884.66602	-27787.165	45321.0116	0.56031093	5.15703107e+13
9.9e-10	-576.775247	-3036.73458	-28658.8294	46519.5366	0.560815383	5.1576315e+13
1e-09	-2511.08084	-2108.20067	-29533.8934	46934.4112	0.560563201	5.1582112e+13
1.01e-09	-3308.54147	-1596.01976	-29249.6714	47127.3584	0.560373317	5.1586505e+13
1.02e-09	-329.535102	-1874.31725	-29581.6585	46855.2686	0.559990338	5.15894271e+13
1.03e-09	180.975831	-2102.83258	-29441.7799	48055.5282	0.559558529	5.15908238e+13
1.04e-09	1529.28463	-3490.68107	-31157.8848	48091.7896	0.558879353	5.15901917e+13
1.05e-09	1897.0774	-3818.12083	-31498.3016	49701.7432	0.557667139	5.15865819e+13
1.06e-09	-73.3695835	-1742.84679	-30541.6013	48706.2682	0.556900221	5.15793628e+13
1.07e-09	-588.78197	-1810.27727	-31448.122	47200.2438	0.556806854	5.1571462e+13
1.08e-09	-275.242403	-2725.90585	-29791.9015	48565.7533	0.556902661	5.15642819e+13
1.09e-09	435.150088	-1250.31505	-28865.9098	48989.5757	0.556796793	5.1557913e+13
1.1e-09	930.813514	-1591.38755	-29466.15	48316.2359	0.556943909	5.15520838e+13
1.11e-09	-870.733653	-57.6319295	-32216.6434	47707.8947	0.556929458	5.15471222e+13
1.12e-09	-1170.2185	-2924.93235	-32441.0336	46951.342	0.556821455	5.15422185e+13
1.13e-09	-544.724994	-1385.75061	-29385.7086	48113.602	0.557144137	5.15380819e+13
1.14e-09	-909.357441	-2406.88807	-28330.4508	48941.0167	0.557409879	5.15355143e+13
1.15e-09	917.053904	356.955836	-29685.9831	48239.079	0.557543404	5.15337225e+13
1.16e-09	688.71607	-232.829478	-28312.4891	48516.271	0.55737174	5.15322363e+13
1.17e-09	1735.82776	-353.495597	-27862.3013	49737.4991	0.557288041	5.15305899e+13
1.18e-09	1961.09092	410.809295	-28085.7797	49587.1025	0.557521529	5.15291644e+13
1.19e-09	1266.15385	335.299133	-27596.3824	50285.8771	0.556989037	5.15275136e+13
1.2e-09	59.9868316	-1120.46778	-27193.2933	50925.5451	0.556752211	5.15244779e+13
1.21e-09	2408.08103	-3408.9373	-25753.7704	47993.1194	0.557099549	5.15213862e+13
1.22e-09	1336.3286	-3546.78466	-25833.8637	48891.0437	0.557909575	5.15211979e+13
1.23e-09	1164.5282	-3993.73106	-25130.109	48566.819	0.55881213	5.1523721e+13
1.24e-09	160.576657	-3094.40109	-25765.0196	48733.098	0.558967767	5.15282119e+13
1.25e-09	2.5847078	-2860.26498	-25419.4559	48163.3529	0.559360362	5.15328548e+13
1.26e-09	1414.01488	-2310.62176	-24120.9935	48156.4109	0.559886987	5.15387864e+13
1.27e-09	3179.2739	-1918.01556	-24342.5665	49137.7639	0.560207142	5.15458499e+13
1.28e-09	1751.65749	-2703.2218	-23794.5684	49494.5651	0.560203088	5.155261e+13
1.29e-09	1248.02413	-2121.98224	-24699.2793	50386.5191	0.55965017	5.15581142e+13
1.3e-09	517.272602	-3207.73813	-26658.9725	50418.1391	0.559140178	5.15611126e+13
1.31e-09	-451.098164	-2811.0072	-24714.7312	48232.4513	0.55900079	5.15620873e+13
1.32e-09	-1179.47553	-1631.48137	-25176.6153	47917.2777	0.559616913	5.15642213e+13
1.33e-09	-158.942567	-2218.28132	-26460.6841	50258.3638	0.559347962	5.15669906e+13
1.34e-09	911.895962	-1394.90994	-25149.3584	51383.1753	0.558339985	5.15672168e+13
1.35e-09	-893.72944	241.557219	-24089.1494	52166.7363	0.55775453	5.1564674e+13
1.36e-09	-1909.4111	519.128461	-22170.9695	52051.8879	0.557598894	5.15608189e+13
1.37e-09	-1524.08146	1331.78222	-24151.4003	52723.162	0.557210009	5.15569319e+13
1.38e-09	-1181.19282	-824.062778	-26346.7156	53112.7258	0.556283689	5.1550976e+13
1.39e-09	-241.632503	158.412283	-27895.4085	51383.3712	0.555900646	5.15430301e+13
1.4e-09	1251.23233	-522.503251	-27786.4884	49007.296	0.556118958	5.15354111e+13
1.41e-09	-850.988596	-412.113866	-25885.9516	49163.8986	0.556732206	5.15299677e+13
1.42e-09	942.958659	196.685639	-25462.9007	47325.71	0.557758093	5.15276873e+13
1.43e-09	738.013763	388.18353	-25702.1422	46932.5044	0.559078026	5.15298723e+13
1.44e-09	-164.195761	-1289.91729	-25567.441	49038.9517	0.559790852	5.15357659e+13
1.45e-09	259.014599	-1823.83421	-28442.5806	48033.8345	0.55996036	5.15423226e+13
1.46e-09	665.734244	-1.81956602	-29882.597	47123.2678	0.559548834	5.15478769e+13
1.47e-09	1517.21239	17.1995129	-29320.6625	47337.9732	0.55933564	5.15517164e+13
1.48e-09	1212.15692	-409.597321	-29773.3159	47418.0875	0.559036893	5.15544286e+13
1.49e-09	206.781499	1690.8883	-30384.2896	48303.542	0.558455087	5.15555117e+13
1.5e-09	1136.16212	3032.57544	-30335.2865	47345.4692	0.558054232	5.15546156e+13
1.51e-09	-100.670257	2263.74659	-30341.7157	46489.4864	0.558225883	5.15532316e+13
1.52e-09	-1285.52979	2411.65893	-30159.478	46168.6836	0.558708375	5.15531603e+13
1.53e-09	-1376.62715	2047.6192	-31642.887	47341.7165	0.558323258	5.15539624e+13
1.54e-09	-2224.08654	2387.48012	-31958.5558	47537.2381	0.557719916	5.15525882e+13
1.55e-09	-2549.02356	833.475332	-32940.6008	46742.859	0.557405817	5.154977e+13
1.56e-09	-2356.54784	2246.21924	-34431.3946	46628.8344	0.556806208	5.15456524e+13
1.57e-09	-1048.7945	1476.13895	-34645.8611	47787.7514	0.556469817	5.15402782e+13
1.58e-09	63.6081415	1715.78229	-33038.0492	49359.074	0.555558556	5.15331867e+13
1.59e-09	-297.497388	91.1463185	-33262.5077	48366.7489	0.555087503	5.1524103e+13
1.6e-09	-446.734999	480.838348	-32554.0166	45298.903	0.555418164	5.15153168e+13
1.61e-09	307.368549	2697.14474	-32355.1317	44694.0923	0.556468163	5.15101167e+13
1.62e-09	1016.86431	3548.70666	-33364.7683	44872.9806	0.55721104	5.15087224e+13
1.63e-09	-105.38537	2513.54295	-32639.4451	45757.6857	0.557518989	5.15094342e+13
1.64e-09	-428.633469	3296.80897	-31532.1903	44765.5908	0.558012106	5.15110768e+13
1.65e-09	-278.2922	2253.25199	-31490.8384	45872.5026	0.5584414	5.15145056e+13
1.66e-09	-989.624369	2555.73135	-28716.9876	46333.0029	0.55883048	5.15187301e+13
1.67e-09	-751.291813	1927.96888	-29810.334	46150.1602	0.559253088	5.15242124e+13
1.68e-09	-8.62828852	2367.5526	-28716.8764	46333.789	0.559494802	5.15302732e+13
1.69e-09	-281.841874	421.798319	-29690.2264	47356.5845	0.559260318	5.153595e+13
1.7e-09	-2754.88127	451.44776	-31075.0186	47395.1558	0.558995318	5.15401792e+13
1.71e-09	-2310.61074	154.404224	-30230.0962	46895.1224	0.558801754	5.15428938e+13
1.72e-09	-2116.48069	2348.21727	-31916.8981	45997.2541	0.558479147	5.15446569e+13
1.73e-09	-2491.23592	253.994286	-30607.7813	45277.3144	0.558601777	5.15457408e+13
1.74e-09	-3182.56013	847.200121	-30692.137	47661.5389	0.558532456	5.15472803e+13
1.75e-09	-1016.7272	1258.16054	-30562.1916	49130.8635	0.558090343	5.15474961e+13
1.76e-09	56.8193686	1708.94167	-31276.1448	48284.6103	0.557481179	5.15457123e+13
1.77e-09	233.915931	2452.30861	-32710.7786	48126.0516	0.557012384	5.15424667e+13
1.78e-09	-62.5572869	587.912938	-33150.7212	46401.9241	0.55677152	5.15380744e+13
1.79e-09	394.102941	-752.443524	-31612.0467	45273.5638	0.557132247	5.15340779e+13
1.8e-09	799.696126	-1640.92637	-31161.0673	45597.284	0.557934671	5.15327164e+13
1.81e-09	662.256062	187.174171	-30657.7563	45633.8546	0.55826204	5.1533436e+13
1.82e-09	1851.34128	-1553.83646	-30829.1261	45124.7125	0.558878414	5.15357351e+13
1.83e-09	1184.62818	-499.692369	-29954.2198	45459.9033	0.559708646	5.15402343e+13
1.84e-09	-677.372354	32.791332	-32296.2186	46108.5201	0.55947048	5.15458484e+13
1.85e-09	721.478135	-234.037053	-33168.7645	47344.9447	0.558587633	5.15488915e+13
1.86e-09	386.737029	-2020.8427	-32343.5547	48993.0224	0.5574523	5.15481069e+13
1.87e-09	735.776655	-1569.8241	-31960.2131	48672.7287	0.556334502	5.15433744e+13
1.88e-09	398.421787	-2372.36046	-29730.8913	47288.7632	0.556541642	5.15369396e+13
1.89e-09	-484.15939	-3533.52419	-30656.5218	46751.8	0.557065176	5.15329402e+13
1.9e-09	-1154.12777	-2769.32464	-31372.9946	48754.561	0.556996943	5.15301451e+13
1.91e-09	-718.38016	-2508.3288	-30634.7149	48527.8608	0.556891053	5.15271473e+13
1.92e-09	37.0503241	-1856.77282	-30404.3067	48599.489	0.556678504	5.15237236e+13
1.93e-09	532.894694	-1514.74518	-30647.8766	48980.8157	0.556444942	5.15201353e+13
1.94e-09	884.937288	106.149758	-30504.8671	48313.4978	0.556311013	5.15160613e+13
1.95e-09	-641.779581	419.851774	-30568.3065	48501.7815	0.55643121	5.15124122e+13
1.96e-09	-1616.24721	123.131423	-31619.3994	47036.3939	0.556762194	5.15096337e+13
1.97e-09	-1175.40744	338.226943	-31155.1007	47405.923	0.556809567	5.15079991e+13
1.98e-09	-261.257157	1003.39306	-30927.3643	48009.8398	0.556842572	5.15067198e+13
1.99e-09	-1277.64267	24.7723932	-29118.1791	48218.3364	0.556898497	5.15056466e+13
2e-09	513.617487	1654.58788	-28338.12	49091.6375	0.55738174	5.15056436e+13
2.01e-09	796.976892	2840.08094	-27509.2911	47713.7849	0.557757928	5.15069816e+13
2.02e-09	1935.44201	1858.80503	-26104.7875	49263.801	0.558199952	5.15098361e+13
2.03e-09	1803.15973	-258.973366	-25127.5906	48618.1602	0.558553231	5.15134768e+13
2.04e-09	2877.54927	-663.21294	-24020.1461	49001.5594	0.55916523	5.15185287e+13
2.05e-09	3025.75182	-619.022368	-23920.1482	49795.4615	0.559521946	5.15250829e+13
2.06e-09	1268.23868	192.407979	-25824.6134	49140.8206	0.559365033	5.15311742e+13
2.07e-09	-469.921209	-203.375948	-26118.3075	49283.1912	0.559211469	5.15361013e+13
2.08e-09	-352.216714	1275.59327	-25541.5971	50428.1953	0.55903212	5.15401566e+13
2.09e-09	812.37124	1117.30405	-27167.7696	49680.4546	0.558602074	5.15427107e+13
2.1e-09	277.378404	905.490673	-26354.3942	50108.4273	0.558199505	5.15436961e+13
2.11e-09	-1644.90397	276.708566	-26253.2001	49477.0327	0.55812358	5.15437173e+13
2.12e-09	-1814.84365	702.94503	-26878.4287	49196.5532	0.558176533	5.15436206e+13
2.13e-09	-1417.07247	-2016.54783	-27742.7318	49540.0459	0.558105766	5.15435842e+13
2.14e-09	-1616.88052	-995.473385	-27533.7583	50620.995	0.557808073	5.15429762e+13
2.15e-09	111.917195	301.062265	-26821.2786	51397.2601	0.557315946	5.15407187e+13
2.16e-09	-328.924563	698.982309	-25320.1869	50727.636	0.557005324	5.1537313e+13
2.17e-09	-230.013618	1808.04414	-25327.3928	51176.3876	0.556987543	5.15340486e+13
2.18e-09	10.9616622	1022.82626	-25838.1077	52441.181	0.556575865	5.15304074e+13
2.19e-09	1460.64513	1910.41215	-25095.8914	53065.4167	0.556048179	5.15251973e+13
2.2e-09	1743.26479	-62.6194727	-25761.0002	51618.9901	0.555902305	5.15193615e+13
2.21e-09	1088.91418	274.410301	-25257.0916	49447.9424	0.556238242	5.15140507e+13
2.22e-09	623.710599	-1243.53202	-26286.2549	49958.1646	0.556888595	5.15115531e+13
2.23e-09	604.442081	-1167.26609	-25126.9673	47388.3154	0.557656706	5.15111048e+13
2.24e-09	1096.9346	-829.159987	-25223.9744	48291.6848	0.558744921	5.15142525e+13
2.25e-09	975.942715	-22.2059056	-26701.7309	50606.5365	0.558575671	5.15191863e+13
2.26e-09	-191.582504	196.729296	-26954.0545	51020.0349	0.557613423	5.15216172e+13
2.27e-09	137.49852	798.47203	-26221.8569	50634.0901	0.557401881	5.1521276e+13
2.28e-09	906.772359	1077.03414	-25893.3989	49034.393	0.55766972	5.15209487e+13
2.29e-09	1055.67532	1488.29603	-26698.2938	49328.4994	0.558155863	5.15222134e+13
2.3e-09	1441.43969	-519.326666	-26260.344	49553.3588	0.558096727	5.15239344e+13
2.31e-09	-43.721539	778.964984	-27335.947	50039.4784	0.5578767	5.15252823e+13
2.32e-09	-184.136482	-80.8159273	-28457.095	48476.8239	0.55794608	5.15259032e+13
2.33e-09	597.715273	1449.60266	-29754.6865	49103.7229	0.557702659	5.15266353e+13
2.34e-09	2569.82006	1141.77124	-31188.7815	48109.1895	0.557479733	5.15262014e+13
2.35e-09	3464.75558	794.020223	-30602.0039	47710.645	0.557118643	5.15247225e+13
2.36e-09	1757.34172	1251.38202	-30990.3286	47353.5968	0.557294904	5.15230409e+13
2.37e-09	259.814764	-1065.35846	-30707.8666	46086.3734	0.557363193	5.152187e+13
2.38e-09	1252.64054	417.185449	-31571.9899	48406.2325	0.557305176	5.15214774e+13
2.39e-09	-723.456465	1123.7374	-31733.1066	48919.8169	0.556684474	5.1519706e+13
2.4e-09	-1838.0842	34.9442878	-31011.8023	47112.5893	0.556538247	5.1516355e+13
2.41e-09	-767.042906	-183.311832	-32387.3302	44429.5787	0.557144466	5.15141296e+13
2.42e-09	-1304.86618	989.071265	-33746.2149	43626.6587	0.5578117	5.15145362e+13
2.43e-09	-778.720291	1643.42622	-32439.6755	44156.488	0.558832615	5.15175535e+13
2.44e-09	-2130.3909	916.520667	-34044.1644	44611.5978	0.558897726	5.15225042e+13
2.45e-09	-2841.4868	1072.14868	-33016.4912	45054.7356	0.558866054	5.15269011e+13
2.46e-09	-1020.97676	688.537209	-33449.915	44762.5008	0.558656692	5.15305424e+13
2.47e-09	-1606.10088	970.294073	-31827.9138	44781.5516	0.559088552	5.15339023e+13
2.48e-09	-857.778988	1682.20223	-31405.9864	46070.4765	0.55907223	5.1538147e+13
2.49e-09	-2780.58747	2136.81682	-32159.6607	44806.4378	0.559156943	5.15418009e+13
2.5e-09	-2644.42728	1917.44197	-30531.958	46203.8959	0.559269246	5.15457464e+13
2.51e-09	-2148.75977	874.389196	-29392.2696	46679.7058	0.559351581	5.15493706e+13
2.52e-09	-1607.6326	-565.400086	-27935.4862	46793.6574	0.559763681	5.1553518e+13
2.53e-09	-1349.6234	-343.847608	-28986.242	47360.3996	0.559690644	5.15582191e+13
2.54e-09	-245.094837	1023.302	-29115.1498	48264.2008	0.55928452	5.156149e+13
2.55e-09	-461.318514	-1366.14171	-28356.7919	49284.6723	0.558620689	5.15626971e+13
2.56e-09	-421.867484	-1479.70405	-27858.1484	51534.3541	0.557738538	5.15612616e+13
2.57e-09	-1700.63979	-1119.51029	-27972.2714	50254.5303	0.556826132	5.15564274e+13
2.58e-09	-826.800625	-1707.92519	-29629.4751	47771.0735	0.557004315	5.15507221e+13
2.59e-09	-829.915372	-1947.3154	-29550.3243	46985.7172	0.557666995	5.15470051e+13
2.6e-09	-1243.57427	-2170.61023	-29913.1392	47073.0836	0.558155562	5.15458027e+13
2.61e-09	-1706.24011	-1822.03055	-30772.4252	46523.224	0.558708773	5.15465676e+13
2.62e-09	-2141.67572	-1380.41746	-33207.5677	45923.2567	0.55843911	5.15478101e+13
2.63e-09	-2352.11979	-875.93038	-32993.3909	45959.2834	0.558074085	5.15478689e+13
2.64e-09	-1382.85054	194.62169	-32767.3261	45018.8104	0.558292431	5.15472185e+13
2.65e-09	-2189.78283	576.208517	-31635.5967	47122.8729	0.55831081	5.1547504e+13
2.66e-09	-479.343062	1794.17419	-30842.0134	45577.8472	0.558343494	5.15474375e+13
2.67e-09	46.2961087	845.137942	-31184.0547	46160.748	0.55857229	5.15481942e+13
2.68e-09	1009.67925	1158.43033	-32905.8705	46184.4213	0.558102038	5.15485194e+13
2.69e-09	1215.39885	2644.37446	-32250.949	46409.278	0.557595986	5.15469862e+13
2.7e-09	1766.61591	1760.63983	-31494.8447	47031.8516	0.557609389	5.15447318e+13
2.71e-09	3384.66041	1778.39426	-30701.5232	47561.8162	0.557420176	5.1542426e+13
2.72e-09	3049.59756	-32.3059037	-32007.0196	48737.851	0.556967302	5.15394801e+13
2.73e-09	3726.3618	-375.855176	-34051.4971	48916.6376	0.555997567	5.15342044e+13
2.74e-09	1972.98895	-327.200999	-33683.7129	46828.3498	0.555738824	5.15266619e+13
2.75e-09	1544.68324	-1223.69116	-31614.3523	48076.6657	0.555792072	5.15198333e+13
2.76e-09	213.951784	-72.1154786	-29856.9138	47705.7435	0.556348431	5.15146179e+13
2.77e-09	-257.652956	149.102935	-30286.3164	48663.3239	0.556653557	5.15115931e+13
2.78e-09	658.026111	-1124.03565	-30553.9633	47828.3495	0.556848364	5.15095344e+13
2.79e-09	-1129.48871	-951.105128	-30705.6254	48141.6633	0.55698559	5.15083776e+13
2.8e-09	-1306.03915	-997.529315	-30630.4413	47580.1577	0.557077886	5.15076725e+13
2.81e-09	-1721.80706	-2313.20731	-29183.9935	48523.9577	0.557168027	5.15074792e+13
2.82e-09	-1102.4535	-1699.30311	-28512.269	49620.2726	0.556647434	5.15066196e+13
2.83e-09	-3365.65504	-2651.37218	-29267.1783	49527.8261	0.556628446	5.15049427e+13
2.84e-09	-3440.48749	-532.523753	-29053.8086	50469.4845	0.556231907	5.15027455e+13
2.85e-09	-3244.5306	431.343917	-29345.7043	48964.7391	0.556244917	5.1499755e+13
2.86e-09	-3597.56816	2802.9702	-31447.0839	50281.9376	0.55587308	5.14970626e+13
2.87e-09	-4292.39996	1529.52278	-29534.5814	50077.6755	0.555471698	5.14926435e+13
2.88e-09	-3532.82295	1044.28407	-27410.0035	50711.1469	0.555396298	5.14879462e+13
2.89e-09	-4028.81679	1026.15872	-26437.7068	49315.4228	0.555979213	5.14842062e+13
2.9e-09	-1840.56506	-164.654214	-26619.3058	49622.5015	0.556535453	5.14831983e+13
2.91e-09	-986.09444	-46.5727638	-26355.351	49158.6444	0.557099053	5.14840697e+13
2.92e-09	-1988.17089	1857.39684	-25867.4003	47826.0766	0.557807602	5.14868986e+13
2.93e-09	-1290.94274	1950.62545	-25875.3972	47898.9796	0.558546159	5.14921869e+13
2.94e-09	-1539.71825	1383.16776	-26352.0626	47677.7318	0.559205155	5.14994151e+13
2.95e-09	-1289.3266	907.732447	-27647.0348	47943.0288	0.559518574	5.15077111e+13
2.96e-09	-1466.13592	-351.803561	-26568.5819	49155.993	0.559154465	5.15153516e+13
2.97e-09	-808.109489	-274.406002	-25229.8979	48903.7915	0.559100109	5.15211614e+13
2.98e-09	-1106.44616	-1818.48194	-25542.5836	51030.6744	0.558849314	5.15264183e+13
2.99e-09	-951.918703	-907.800206	-24712.8949	51280.0648	0.55822551	5.15293489e+13
3e-09	-201.771347	-827.267667	-23673.3667	51202.2722	0.5581955	5.15307412e+13
3.01e-09	12.7558818	-966.761292	-23933.7759	51069.1994	0.558431007	5.15323617e+13
3.02e-09	109.144932	-2025.23493	-24904.9694	51285.6016	0.557944139	5.15336105e+13
3.03e-09	-54.3029719	-2479.99981	-24826.7445	50039.4242	0.557896287	5.15334341e+13
3.04e-09	-215.490739	-2245.17677	-25942.2865	49649.5617	0.558035108	5.15338765e+13
3.05e-09	-996.782512	-1549.09856	-26878.5997	50080.9964	0.557969059	5.15343342e+13
3.06e-09	-234.816498	-1767.52582	-26001.5347	51798.7245	0.557685267	5.15341832e+13
3.07e-09	1406.57687	-1303.14263	-26746.0263	52079.5264	0.557071471	5.15324945e+13
3.08e-09	1450.84484	-2343.21745	-27185.1826	51108.9394	0.556216208	5.15281056e+13
3.09e-09	399.570103	-1156.70639	-27505.1183	49295.2458	0.556421001	5.15229381e+13
3.1e-09	187.571184	-794.408613	-26828.2093	48232.9406	0.557026977	5.15196377e+13
3.11e-09	579.037089	-910.651937	-26071.5504	50679.2669	0.557312924	5.15185609e+13
3.12e-09	893.106125	-1070.97313	-27118.197	50136.6998	0.557380285	5.15178906e+13
3.13e-09	1126.08831	-1074.61905	-24811.2288	49481.7832	0.557629801	5.15176819e+13
3.14e-09	1819.04069	-3184.52759	-26329.0413	47642.5397	0.558262273	5.15192056e+13
3.15e-09	1539.09054	-3419.51671	-26081.0674	49857.3271	0.558779946	5.15229751e+13
3.16e-09	1829.51253	-1809.94736	-27651.4136	50979.9273	0.55813125	5.15263172e+13
3.17e-09	3096.48576	-2261.70264	-29666.0827	51356.4487	0.557007524	5.15262038e+13
3.18e-09	2613.91888	-1460.29745	-29422.4555	48746.2336	0.556538839	5.15226238e+13
3.19e-09	554.407943	-1083.59907	-29394.1917	48789.6995	0.556673605	5.15192042e+13
3.2e-09	-258.338065	-2053.31485	-27562.8455	47812.4945	0.556927404	5.15165171e+13
3.21e-09	1023.34641	-2040.17239	-28324.5581	47236.1938	0.557804283	5.15160989e+13
3.22e-09	452.161174	-3661.4435	-30350.2649	47597.765	0.558334336	5.15183681e+13
3.23e-09	-408.636873	-3275.00053	-30972.5608	47264.1773	0.558336073	5.1521234e+13
3.24e-09	-449.533137	-2073.18595	-31256.9263	46959.6249	0.55823928	5.15237349e+13
3.25e-09	-739.069045	-2196.70296	-31484.003	45650.6377	0.558018842	5.1525366e+13
3.26e-09	304.519959	-510.120448	-32803.76	45579.5023	0.558388456	5.15272651e+13
3.27e-09	1039.6372	-183.977657	-34342.8726	46182.3636	0.557783395	5.15288336e+13
3.28e-09	2206.68322	-1048.63776	-34548.5125	45390.165	0.557210999	5.15279467e+13
3.29e-09	2453.05671	-806.240616	-32743.9559	44578.0885	0.557629285	5.15263677e+13
3.3e-09	843.460346	-1613.4425	-33502.8762	42899.6577	0.558205855	5.15270004e+13
3.31e-09	-624.950279	269.052787	-31950.3964	44696.0934	0.558737644	5.15296122e+13
3.32e-09	1220.93383	1838.16341	-32409.7283	45463.9952	0.559024575	5.15335828e+13
3.33e-09	759.58167	93.1138589	-31619.3855	46928.6996	0.558832304	5.15371915e+13
3.34e-09	1805.28685	-161.027481	-31331.2855	46930.442	0.55857015	5.15395045e+13
3.35e-09	-213.177702	-11.9717157	-32164.8457	45422.9132	0.55848689	5.15409371e+13
3.36e-09	-1155.72174	42.7260833	-32659.8652	46043.9895	0.558295151	5.15422011e+13
3.37e-09	952.338529	-357.806918	-31710.2398	46976.118	0.557909553	5.15422948e+13
3.38e-09	653.955593	-1283.57813	-33595.4509	47754.6412	0.55737359	5.15408503e+13
3.39e-09	1018.68751	-368.553839	-34867.828	46238.5786	0.556661716	5.1537027e+13
3.4e-09	1680.45578	-2120.39772	-34737.2638	46107.3785	0.556121068	5.15314542e+13
3.41e-09	1547.09044	-1847.00123	-34417.2664	46391.8842	0.555820628	5.15251812e+13
3.42e-09	3013.96817	-1818.38303	-33557.2168	46726.5012	0.55584097	5.15186937e+13
3.43e-09	2040.16068	-976.210168	-34514.8649	45943.7001	0.555943134	5.15132129e+13
3.44e-09	1748.14507	-299.48449	-34072.0563	44912.8449	0.556232704	5.15087165e+13
3.45e-09	1862.64228	-1069.97904	-33090.1857	45337.8378	0.556761324	5.15061387e+13
3.46e-09	1790.05394	-870.129895	-32329.3929	44583.0865	0.557528974	5.15058972e+13
3.47e-09	1508.17146	310.541474	-30084.5792	43129.0197	0.558882743	5.15090888e+13
3.48e-09	2684.14129	536.477691	-30941.0228	44197.7815	0.559688475	5.15164584e+13
3.49e-09	1719.41557	-510.236233	-32651.1765	45036.1062	0.559815639	5.15247939e+13
3.5e-09	2123.98111	68.2163803	-32599.3591	45187.7549	0.559460944	5.15316389e+13
3.51e-09	1204.09815	-1512.78941	-34728.9457	43912.6988	0.558933263	5.15363815e+13
3.52e-09	1698.11919	-1999.20155	-32005.899	44371.6487	0.559010228	5.15396213e+13
3.53e-09	924.00115	-2626.11967	-33271.9195	45263.1835	0.558997679	5.15431752e+13
3.54e-09	-38.3693881	-2478.99938	-34664.3273	47568.2662	0.558090923	5.15450309e+13
3.55e-09	-237.367514	-1890.91495	-35432.3728	47506.2686	0.556629178	5.15423799e+13
3.56e-09	-239.847855	-2344.24675	-31857.6477	45967.2539	0.556339668	5.15361101e+13
3.57e-09	915.691839	-2630.1898	-31803.8196	47315.3816	0.556927751	5.15315971e+13
3.58e-09	-1328.59425	-2576.8397	-32931.4361	46854.0027	0.557159525	5.15287593e+13
3.59e-09	-2538.79215	-2276.38112	-31017.0187	46624.5472	0.557183641	5.15264139e+13
3.6e-09	-1326.56667	-1640.67787	-31760.4138	45687.3027	0.557652445	5.15252872e+13
3.61e-09	316.976919	-1417.80164	-33198.9518	44462.4298	0.55788821	5.15255896e+13
3.62e-09	-417.437555	-124.8117	-33215.0002	45517.261	0.558247014	5.15269398e+13
3.63e-09	-292.431296	1421.34854	-32594.1886	45258.6124	0.558456688	5.15290251e+13
3.64e-09	183.077686	2371.08707	-31107.1373	45793.5976	0.558614886	5.15315338e+13
3.65e-09	-112.902948	2054.39585	-32399.6466	47155.8621	0.558279945	5.15340056e+13
3.66e-09	-1263.30264	1494.46164	-32281.052	46331.4235	0.557845442	5.15344602e+13
3.67e-09	935.20249	2962.23139	-29561.1037	47860.927	0.557737819	5.1534055e+13
3.68e-09	254.607193	2391.82469	-28183.5537	48801.169	0.557722202	5.15335109e+13
3.69e-09	539.600201	3553.96619	-28598.4881	50252.9622	0.557354939	5.15325318e+13
3.7e-09	1043.10141	2943.62808	-28010.5268	50917.1794	0.557023075	5.15301808e+13
3.71e-09	2179.54809	3321.03812	-25012.7952	52961.2719	0.556087276	5.15259704e+13
3.72e-09	1986.05798	2629.72737	-24349.9789	52352.4834	0.555916914	5.15199223e+13
3.73e-09	1639.62334	1955.52895	-24423.8258	50946.3758	0.556062819	5.15144632e+13
3.74e-09	3379.51664	1296.55767	-26267.8136	50213.8684	0.556358853	5.15103912e+13
3.75e-09	3779.16173	740.053244	-26818.7202	49049.9564	0.557059034	5.15082507e+13
3.76e-09	3331.04106	1208.84989	-27684.974	49799.0168	0.557396883	5.15085006e+13
3.77e-09	1912.05798	39.1487684	-29134.4767	50197.1293	0.556841595	5.15083295e+13
3.78e-09	-320.83566	2070.61514	-27770.0028	49307.5437	0.557087578	5.15071047e+13
3.79e-09	-3096.50079	965.239645	-27725.7185	50139.6403	0.556977157	5.15067373e+13
3.8e-09	-2973.69262	430.061533	-26994.3888	47708.6725	0.55741235	5.15063596e+13
3.81e-09	-1285.11604	1612.18457	-27050.105	48682.7802	0.557866039	5.15082281e+13
3.82e-09	-806.461925	468.607514	-28513.3079	49011.8981	0.557743476	5.15105867e+13
3.83e-09	-803.63896	-1331.07356	-26138.746	49283.8188	0.55794757	5.15123539e+13
3.84e-09	-543.81234	-659.907606	-26955.6949	48584.6339	0.558195507	5.15149386e+13
3.85e-09	-1671.59921	557.920311	-26994.8732	49794.6814	0.558300711	5.15181004e+13
3.86e-09	-2631.52745	-1021.30025	-28433.1547	51262.4086	0.557210158	5.15194427e+13
3.87e-09	-1401.99523	158.128747	-28185.4496	50111.3725	0.556530297	5.15170529e+13
3.88e-09	-703.679377	2538.49599	-28809.32	51250.3344	0.556202884	5.1513612e+13
3.89e-09	285.873816	1843.14762	-27891.4428	49697.6424	0.556129574	5.15094004e+13
3.9e-09	194.654	1788.54955	-27485.6494	49711.0186	0.556577855	5.15062794e+13
3.91e-09	1217.927	1365.08959	-25538.9199	50706.6029	0.55663888	5.1504362e+13
3.92e-09	235.448051	818.611025	-24352.6567	50103.4029	0.557114182	5.15033422e+13
3.93e-09	1453.84919	1657.43845	-24111.0382	50175.4877	0.557814899	5.1504581e+13
3.94e-09	76.112647	2841.4644	-23928.1248	49432.1286	0.558014102	5.15072771e+13
3.95e-09	328.682397	2640.34962	-24035.5199	46381.8902	0.55913067	5.15115759e+13
3.96e-09	460.463187	2979.76132	-25670.2105	47255.2317	0.560309182	5.15200588e+13
3.97e-09	-451.127422	3746.19065	-27579.4805	49298.8011	0.559901705	5.15294567e+13
3.98e-09	171.189466	3717.82177	-29118.1142	49202.5122	0.558950468	5.15353665e+13
3.99e-09	245.671988	3949.64465	-30197.4802	50800.6421	0.557897326	5.15372874e+13
4e-09	-163.531368	4471.3405	-30250.2776	49186.4717	0.556822915	5.15350574e+13
4.01e-09	1750.08819	2208.41611	-29172.1741	47928.0246	0.556789613	5.15308881e+13
4.02e-09	2098.76522	471.412919	-29319.1912	46200.2422	0.55773618	5.152866e+13
4.03e-09	2909.23603	1056.36945	-29254.2097	46219.3928	0.558555226	5.15300447e+13
4.04e-09	2620.99767	1200.53008	-29724.4312	45973.9088	0.55917404	5.15337469e+13
4.05e-09	3073.43405	-37.4626859	-30442.4746	45773.5459	0.559758458	5.15392057e+13
4.06e-09	2593.68607	86.8385126	-31126.8439	48178.9901	0.559173316	5.15443873e+13
4.07e-09	2127.25948	756.920097	-30533.1409	47469.5621	0.558688984	5.15466968e+13
4.08e-09	302.627496	1003.93039	-31253.0119	46832.256	0.558319849	5.1547619e+13
4.09e-09	-342.594042	1005.54928	-32736.4872	46329.6833	0.557916271	5.15472235e+13
4.1e-09	-1678.08497	177.693168	-32675.1832	47934.0649	0.55751478	5.15455912e+13
4.11e-09	-1065.08246	440.293224	-32855.7942	47107.5896	0.556932166	5.15421401e+13
4.12e-09	-665.303772	19.7297408	-32677.9191	46472.721	0.556891518	5.15379438e+13
4.13e-09	-1304.61167	-1036.51449	-32041.3585	47201.2934	0.556874467	5.15341216e+13
4.14e-09	-734.927806	-985.470389	-32720.4492	44555.0929	0.557324757	5.15309809e+13
4.15e-09	454.791682	-1988.6361	-32094.8305	44555.6494	0.558190433	5.15306643e+13
4.16e-09	761.991354	-1583.75848	-33037.5372	44498.9269	0.558706748	5.15329136e+13
4.17e-09	1346.31001	-485.453718	-34987.4789	46654.1411	0.558251003	5.15354617e+13
4.18e-09	3450.65852	-705.341015	-32683.4965	47688.9934	0.557678669	5.15353529e+13
4.19e-09	3113.53755	-1009.40814	-32626.1775	47786.9649	0.55691802	5.15332421e+13
4.2e-09	3034.51802	-1273.5619	-32289.265	46500.5985	0.5570079	5.15297044e+13
4.21e-09	2594.69137	-1265.43949	-31614.8339	47636.5532	0.55695551	5.15269099e+13
4.22e-09	3099.01799	-1960.04098	-33141.6245	48373.6894	0.556592248	5.15239249e+13
4.23e-09	2599.32928	-1790.28933	-33067.9429	49242.0607	0.555690781	5.15189276e+13
4.24e-09	2542.57002	-1202.06092	-33948.3482	48290.9168	0.554726568	5.15110324e+13
4.25e-09	851.250937	-201.350064	-32493.6194	46733.7779	0.554817813	5.15021792e+13
4.26e-09	816.976356	-327.963474	-32843.0821	44880.1637	0.555756504	5.14958214e+13
4.27e-09	991.143865	-153.575364	-33206.8205	46157.0295	0.556371308	5.14931223e+13
4.28e-09	1672.08565	1223.61472	-32587.1102	45683.104	0.556767799	5.14921624e+13
4.29e-09	2566.62156	529.707578	-32396.1566	43616.4799	0.557602458	5.14931906e+13
4.3e-09	1132.91881	1698.34672	-33509.7768	44296.6648	0.558344976	5.14974198e+13
4.31e-09	-259.546498	1923.12039	-31771.4302	45459.3552	0.558738542	5.15028962e+13
4.32e-09	-928.301983	2041.11898	-30926.0708	45993.8741	0.559052835	5.15092125e+13
4.33e-09	-1448.93303	1503.69873	-31099.8501	45861.4273	0.559180372	5.1515692e+13
4.34e-09	-1723.17423	1037.46687	-31262.3841	46882.9406	0.558983938	5.1521702e+13
4.35e-09	-1238.06755	1124.7989	-32762.5509	46221.1033	0.558889985	5.15264009e+13
4.36e-09	-1718.3315	-579.61622	-32603.2711	47726.8022	0.558084665	5.15293952e+13
4.37e-09	-864.680773	1114.8086	-32008.7957	47021.7854	0.557761713	5.15297951e+13
4.38e-09	-1171.02955	1049.10812	-31844.1197	47023.9245	0.557423793	5.15289244e+13
4.39e-09	-657.100652	944.497085	-31812.2005	47735.6184	0.557191523	5.1527559e+13
4.4e-09	-899.638473	616.57733	-30578.9303	46969.9554	0.557414025	5.15256643e+13
4.41e-09	239.36223	-667.509053	-30992.1217	46494.0286	0.557830934	5.15252951e+13
4.42e-09	56.5335563	-1446.58136	-32725.5138	47764.1752	0.557650751	5.15258334e+13
4.43e-09	-136.587823	36.6703958	-31792.1428	47130.2913	0.557113252	5.15246028e+13
4.44e-09	800.988318	-908.617006	-32860.1142	48739.1914	0.556671361	5.15223599e+13
4.45e-09	1926.29365	159.636115	-32120.8639	47216.3551	0.556342298	5.15182867e+13
4.46e-09	2030.11692	-1312.76446	-32605.6854	47132.2167	0.556447549	5.15144914e+13
4.47e-09	1711.90058	2541.13185	-30362.6692	46938.2518	0.556810174	5.1511578e+13
4.48e-09	128.701912	3733.97886	-29612.2317	47190.3946	0.557242408	5.15106452e+13
4.49e-09	-792.075552	2625.19093	-28943.5895	47267.2687	0.557747759	5.15115014e+13
4.5e-09	-2047.26304	1816.53468	-27972.0025	49178.2209	0.557898929	5.15134973e+13
4.51e-09	-2162.74079	2470.18263	-29124.6714	51476.9879	0.557381292	5.15149032e+13
4.52e-09	-1697.02895	1439.45013	-29253.6443	50930.9483	0.556266495	5.15129099e+13
4.53e-09	192.979461	1048.87941	-27207.9605	51333.9522	0.555866671	5.15084815e+13
4.54e-09	334.8572	-96.0838233	-26456.1808	50302.0143	0.555906849	5.15037227e+13
4.55e-09	357.009779	447.703626	-26076.1009	50100.7046	0.5567794	5.15010156e+13
4.56e-09	-1293.71787	1983.42337	-26686.2556	50507.7399	0.5567682	5.15003728e+13
4.57e-09	-511.602005	1405.97778	-26707.1635	49606.2551	0.556843133	5.14996319e+13
4.58e-09	930.182681	1446.04797	-26792.5843	48975.3535	0.557210719	5.14997949e+13
4.59e-09	2189.02129	1182.62704	-27275.097	48079.7644	0.557694951	5.1501252e+13
4.6e-09	990.34278	1970.75	-26761.2206	49837.7536	0.557494898	5.15035542e+13
4.61e-09	1713.6326	1891.72615	-27594.4515	48702.4004	0.557696502	5.15051079e+13
4.62e-09	542.252726	259.239144	-27614.1087	48692.5109	0.557905105	5.15074224e+13
4.63e-09	993.366482	737.96629	-29946.621	49345.9368	0.557681915	5.15097855e+13
4.64e-09	-1010.43547	722.290032	-30378.6827	47266.0067	0.557431176	5.15105253e+13
4.65e-09	-1113.99221	327.984233	-28589.2748	48197.1136	0.557815627	5.15116797e+13
4.66e-09	-414.272984	245.387271	-29455.5896	50238.3899	0.557275803	5.15129729e+13
4.67e-09	-1509.06888	-491.364571	-28543.6149	50884.0293	0.556399492	5.15114289e+13
4.68e-09	-363.560696	-741.899689	-27735.7736	51957.4072	0.555687771	5.15072197e+13
4.69e-09	875.408846	156.754383	-27057.4769	51023.2899	0.555452604	5.15015816e+13
4.7e-09	2652.58574	-194.269147	-25813.0609	50097.5559	0.555791741	5.14964248e+13
4.71e-09	2425.95918	1769.13474	-25242.5502	48800.378	0.556788941	5.14940344e+13
4.72e-09	2346.56129	457.423378	-24550.1625	50527.5507	0.557466528	5.14953318e+13
4.73e-09	3101.18475	800.379421	-24857.5014	49118.2296	0.557892617	5.1498108e+13
4.74e-09	1357.04215	455.026364	-24632.164	47993.2037	0.558550566	5.1502287e+13
4.75e-09	853.03269	434.879032	-23309.938	48101.5447	0.559831495	5.15094519e+13
4.76e-09	-700.276641	1278.10054	-22932.3369	46884.9456	0.560792593	5.15199509e+13
4.77e-09	-1526.51251	603.191353	-25002.716	48434.1055	0.561287751	5.15326399e+13
4.78e-09	1279.50291	475.092852	-25740.956	49360.6627	0.560736904	5.15436878e+13
4.79e-09	-134.399758	434.309461	-27162.8195	49415.4456	0.560008181	5.15514297e+13
4.8e-09	-206.601862	-54.8621309	-28915.9225	50389.4064	0.55901521	5.15554709e+13
4.81e-09	153.164221	-1099.99706	-28901.6911	49778.8627	0.55773455	5.15550049e+13
4.82e-09	-728.97058	-1979.03781	-28003.9838	48118.9748	0.557544494	5.15520141e+13
4.83e-09	-404.255448	-287.022794	-28541.0184	47650.1867	0.558115242	5.15499184e+13
4.84e-09	-869.768288	-81.3615879	-28919.4096	47764.4886	0.558503368	5.15497394e+13
4.85e-09	618.99858	882.209406	-27939.8511	46162.61	0.558986976	5.15507329e+13
4.86e-09	476.421007	-486.370429	-30039.909	46517.2201	0.559462966	5.15541112e+13
4.87e-09	-453.988807	-397.967248	-30124.5457	46449.6455	0.559502399	5.15575352e+13
4.88e-09	1237.98248	79.373641	-28750.1351	45836.1265	0.559903334	5.15612911e+13
4.89e-09	2335.66778	-427.083325	-31721.3081	47031.1159	0.559691242	5.15657037e+13
4.9e-09	2146.34225	-1140.47293	-30966.3634	46573.7113	0.559206387	5.15679796e+13
4.91e-09	1171.20487	300.137159	-32630.3848	45741.4224	0.558680115	5.15685393e+13
4.92e-09	1949.98617	631.222941	-31009.8688	47737.3515	0.558288178	5.15673988e+13
4.93e-09	1875.85798	-87.3840312	-30565.8601	47243.0918	0.558143198	5.1565173e+13
4.94e-09	1152.72752	-498.692302	-31172.4989	47185.6403	0.557980779	5.15628261e+13
4.95e-09	987.850681	-1574.61377	-30407.254	46371.0375	0.558107866	5.15604888e+13
4.96e-09	854.877617	-776.183405	-30797.0214	47188.1386	0.558689797	5.15596992e+13
4.97e-09	459.477372	-2203.59802	-32821.3009	47146.5928	0.558281088	5.1559379e+13
4.98e-09	1976.55112	-2021.47342	-31915.8571	46424.7141	0.558049441	5.15578247e+13
4.99e-09	935.017333	-1600.39854	-33479.5333	46825.0287	0.557729739	5.15556818e+13
5e-09	-434.539766	-1604.0091	-30899.9251	45676.306	0.557736908	5.1552738e+13
5.01e-09	-233.170667	-2704.88315	-29054.4931	46381.0682	0.558292117	5.15512579e+13
5.02e-09	-1044.19612	-2880.91688	-31346.2311	46360.2966	0.558647797	5.15517517e+13
5.03e-09	-411.513816	-1914.73903	-31749.5647	45096.3349	0.558985475	5.15530925e+13
5.04e-09	919.454769	-1940.16833	-32740.0217	45259.6869	0.559074326	5.15552704e+13
5.05e-09	1636.89314	-2749.28967	-33870.1153	43921.3734	0.559021172	5.15571543e+13
5.06e-09	748.975766	-2180.8782	-33628.9935	43932.0814	0.559116588	5.1559089e+13
5.07e-09	-955.746723	-4796.60267	-32563.8402	43341.948	0.559859811	5.15619057e+13
5.08e-09	-1849.02425	-2964.17893	-33226.165	45060.6957	0.559816686	5.15663435e+13
5.09e-09	-863.423398	-3073.39935	-33097.3623	44718.0457	0.559349095	5.15691019e+13
5.1e-09	35.9429269	-2930.38539	-34584.3059	44901.0645	0.55896711	5.15703894e+13
5.11e-09	-799.269795	-3151.33161	-35288.3493	45564.1143	0.558352171	5.15697645e+13
5.12e-09	-1686.24785	-1864.69241	-34355.8872	46134.6004	0.557713696	5.15667263e+13
5.13e-09	-740.23486	-1924.71392	-33462.9935	44533.6913	0.557642082	5.15625872e+13
5.14e-09	-1516.30775	-1924.45107	-34606.6235	44423.7119	0.557829634	5.15593805e+13
5.15e-09	-2726.86961	-1373.91528	-33481.3094	45175.2221	0.558158182	5.15571309e+13
5.16e-09	-2851.88833	-2006.7787	-34959.2123	46096.1799	0.557735656	5.15554243e+13
5.17e-09	-831.924301	-838.539148	-32385.9055	48256.7051	0.556881351	5.15513633e+13
5.18e-09	-1056.74947	-209.366495	-32664.4002	48578.5441	0.556185349	5.15451822e+13
5.19e-09	407.027978	-1666.46587	-33286.6745	47892.9919	0.55575481	5.15374046e+13
5.2e-09	1853.30135	-595.674903	-32605.5125	47130.7356	0.555492862	5.1528989e+13
5.21e-09	660.945606	-650.020319	-32145.0385	47175.4816	0.556008342	5.15219758e+13
5.22e-09	209.767446	-3514.35256	-32798.869	46887.6353	0.556071916	5.15166505e+13
5.23e-09	937.875268	-2955.07061	-34210.1468	45661.8695	0.556199036	5.15121496e+13
5.24e-09	41.341129	-1581.94933	-32830.1035	44224.5423	0.556861152	5.15089814e+13
5.25e-09	-606.500254	-1673.27403	-31670.7539	45153.6113	0.557680416	5.15090023e+13
5.26e-09	-1453.80663	-2152.14978	-32427.3362	46104.3801	0.557917003	5.15112981e+13
5.27e-09	-93.4325975	-1148.5503	-31756.5796	46614.468	0.557694689	5.15129871e+13
5.28e-09	-2020.46267	-809.547732	-31079.4312	47992.8603	0.55789446	5.15147166e+13
5.29e-09	-1488.52647	410.214828	-30927.3116	47510.0891	0.557813912	5.15162615e+13
5.3e-09	-359.449579	-471.127688	-32182.1508	46584.0872	0.55760662	5.1517363e+13
5.31e-09	-1634.21807	-1772.8058	-30437.7383	46909.9116	0.557804899	5.15181603e+13
5.32e-09	-2956.97344	-1407.31271	-29242.1819	48049.4326	0.557800903	5.15193451e+13
5.33e-09	-2144.10665	-2343.77751	-30667.9708	47970.5861	0.557861193	5.15206166e+13
5.34e-09	-2636.40626	-605.50549	-28317.2786	49042.3078	0.557593721	5.15211163e+13
5.35e-09	-3238.09159	476.30991	-26455.4955	47676.5449	0.557971588	5.15216068e+13
5.36e-09	-3716.99341	-364.054224	-25345.7702	48864.2707	0.558604952	5.15241095e+13
5.37e-09	-1954.41961	1243.28175	-24664.2958	50128.5505	0.558840565	5.15278649e+13
5.38e-09	-1957.11042	341.40353	-25400.0466	50885.5713	0.558656128	5.15315255e+13
5.39e-09	26.9458832	1721.65991	-24645.779	51080.9628	0.558504243	5.15339751e+13
5.4e-09	-162.333219	956.808232	-27001.4532	51523.5951	0.557785065	5.15349903e+13
5.41e-09	584.054753	2263.32203	-26204.8811	51166.776	0.557176726	5.1533317e+13
5.42e-09	-309.093323	1091.94652	-27135.8549	50463.7203	0.557040948	5.15306723e+13
5.43e-09	-361.308025	-1387.99436	-26692.3649	50880.8158	0.55700908	5.15278933e+13
5.44e-09	-661.286002	645.989836	-26436.7625	49326.17	0.557311186	5.15256187e+13
5.45e-09	-170.793849	2095.10931	-27454.3523	45844.5376	0.557974105	5.15251945e+13
5.46e-09	-2183.54278	4246.92141	-29269.779	46957.2297	0.558597034	5.15276837e+13
5.47e-09	-1726.76187	4332.41882	-27194.7441	47722.8829	0.558970991	5.15311846e+13
5.48e-09	-271.696816	3278.59613	-27258.1914	49796.1679	0.55877939	5.15350541e+13
5.49e-09	-698.321553	2980.57821	-25953.9261	49351.8656	0.558434749	5.15372366e+13
5.5e-09	173.563895	3029.15833	-26713.3844	49799.1947	0.558264593	5.1538523e+13
5.51e-09	478.673793	2538.58079	-26010.5547	50129.2328	0.558187326	5.15391001e+13
5.52e-09	-1537.73336	2978.40353	-26958.2155	52572.3175	0.557651522	5.15391469e+13
5.53e-09	301.567309	1650.20039	-26823.9485	51835.3173	0.556397901	5.15355672e+13
5.54e-09	-866.512099	1687.77791	-25969.343	50282.8556	0.556373172	5.15299789e+13
5.55e-09	-1043.86032	270.414544	-24299.3719	49686.5413	0.556910156	5.15256149e+13
5.56e-09	-961.385986	1819.72515	-22724.0612	50209.4804	0.557867602	5.15243856e+13
5.57e-09	-551.969902	617.932176	-24318.9858	48984.0318	0.558775741	5.15265105e+13
5.58e-09	-1131.87524	2227.87625	-25213.1481	50038.1269	0.558702196	5.15303652e+13
5.59e-09	1802.15772	2207.77708	-25330.4969	49807.0677	0.558471963	5.15330515e+13
5.6e-09	964.208385	2435.01122	-25749.5155	49743.6711	0.558578437	5.15352498e+13
5.61e-09	998.766374	377.435013	-27324.7315	50205.793	0.558459157	5.15374182e+13
5.62e-09	1226.12462	-968.719722	-26175.0115	49651.6225	0.557970649	5.15379121e+13
5.63e-09	1186.26742	-1921.3758	-27422.0098	48970.0717	0.55808269	5.15380212e+13
5.64e-09	2126.71763	-1331.14858	-27006.0485	49006.9957	0.55803232	5.15381244e+13
5.65e-09	-295.89644	-1763.2717	-29406.7927	48411.7142	0.558206473	5.15385182e+13
5.66e-09	-1754.98207	-2387.29234	-30127.2425	48207.6467	0.55776863	5.1538321e+13
5.67e-09	-2033.86496	-1629.34528	-30403.8203	45659.7006	0.557917974	5.15374382e+13
5.68e-09	-3263.45062	-178.694221	-30002.6918	46874.1657	0.558275457	5.15379676e+13
5.69e-09	-3449.15605	717.391949	-31185.5625	45904.9896	0.558483957	5.15392817e+13
5.7e-09	-1994.55821	428.750773	-31642.1947	46125.8584	0.558757469	5.15412749e+13
5.71e-09	-1525.50773	-333.850626	-31805.3512	45371.2628	0.558928738	5.1543672e+13
5.72e-09	112.1501	211.294164	-31972.0801	44203.0696	0.558959124	5.15463202e+13
5.73e-09	361.637914	1563.73345	-31884.9912	44256.848	0.559205862	5.15493753e+13
5.74e-09	-864.626867	663.925558	-31415.5269	45247.1724	0.559582401	5.15530242e+13
5.75e-09	1014.11707	505.429134	-29775.4608	45032.8878	0.559968249	5.15574811e+13
5.76e-09	1678.58516	386.829175	-30590.4049	44656.8368	0.56066996	5.1563569e+13
5.77e-09	1158.5492	-639.383959	-30854.0431	47029.0458	0.560434213	5.15703551e+13
5.78e-09	-122.880336	-2435.05724	-29681.1025	46960.3082	0.559891981	5.15745466e+13
5.79e-09	-957.0405	-1248.14548	-31044.7872	46700.8936	0.559773329	5.15774212e+13
5.8e-09	-3283.66307	-2783.75643	-33217.1954	46365.2647	0.558978599	5.15785192e+13
5.81e-09	-3075.21547	-907.040184	-32685.8011	45775.7163	0.558523355	5.1577183e+13
5.82e-09	-2213.22384	-1520.86756	-31907.006	46843.8936	0.558502389	5.15751363e+13
5.83e-09	-1722.40228	-3037.15627	-32034.714	47792.9228	0.557947163	5.15723877e+13
5.84e-09	-449.591579	-1723.56062	-32111.6281	46596.0255	0.5576889	5.15683771e+13
5.85e-09	-1224.99488	-553.455225	-32868.22	46598.3948	0.557708512	5.15645219e+13
5.86e-09	775.143447	-1160.7177	-33192.316	47492.2605	0.557312529	5.15603595e+13
5.87e-09	162.829953	-380.147498	-31537.7883	47949.0402	0.556886943	5.15549643e+13
5.88e-09	34.1750442	764.655429	-31626.8809	46833.9502	0.557015889	5.15495889e+13
5.89e-09	1123.95084	1586.12353	-31388.0274	45839.4765	0.557269647	5.15453392e+13
5.9e-09	117.397479	1119.14054	-31643.7734	47302.3215	0.557670017	5.15429635e+13
5.91e-09	-22.6924275	-840.44926	-31512.6997	45434.8536	0.557816571	5.15412512e+13
5.92e-09	495.824044	-880.842918	-31693.4936	45185.5936	0.558149063	5.15408255e+13
5.93e-09	2303.32274	-254.229695	-32475.8486	45047.7239	0.558505129	5.15416303e+13
5.94e-09	3605.70107	749.405106	-32118.1713	44189.395	0.558580835	5.15430217e+13
5.95e-09	3470.02031	78.752006	-31975.3664	46365.4946	0.55866776	5.15450182e+13
5.96e-09	2303.42389	1514.65886	-30507.8863	47017.4312	0.558663641	5.15465467e+13
5.97e-09	-107.179757	975.625959	-30062.2117	48112.9439	0.558516809	5.15478554e+13
5.98e-09	-714.350346	163.687647	-31052.7785	49664.762	0.55761377	5.15474479e+13
5.99e-09	-21.6255879	161.055749	-32795.1827	49554.3562	0.556248778	5.15429683e+13
6e-09	-721.565477	-467.613369	-33278.7431	48540.0598	0.555159811	5.15345704e+13
6.01e-09	-702.004959	-129.496125	-31403.2645	47462.4917	0.555145046	5.15246597e+13
6.02e-09	-1137.58293	-2415.51969	-32154.4143	47117.1626	0.555634508	5.15168784e+13
6.03e-09	189.028304	-1010.58641	-31644.2414	47739.6705	0.556103838	5.15114332e+13
6.04e-09	1722.09453	-137.247539	-32620.9922	47929.3394	0.55614539	5.15074615e+13
6.05e-09	1481.77928	542.770383	-32053.9635	45753.4774	0.556470024	5.15040251e+13
6.06e-09	1436.36071	2044.05483	-32338.7043	47456.0272	0.556899549	5.15027986e+13
6.07e-09	-336.47919	675.136017	-31349.9857	46674.4405	0.556863334	5.15020333e+13
6.08e-09	-778.003057	1000.22603	-31683.1989	46342.069	0.557305213	5.15020854e+13
6.09e-09	-910.639317	1958.3238	-32410.0874	47077.2466	0.557602554	5.15036795e+13
6.1e-09	-1382.55605	1372.10608	-31845.5022	46866.1504	0.557309192	5.15049103e+13
6.11e-09	-3025.10403	-509.978477	-31373.2997	48512.3851	0.556942847	5.1504924e+13
6.12e-09	-3613.3918	-1667.69948	-31778.7661	48967.5837	0.556332003	5.15034754e+13
6.13e-09	-3505.59715	-1942.426	-31183.6007	49364.0105	0.55575647	5.14999025e+13
6.14e-09	-1837.84281	113.872231	-29679.8241	48605.5823	0.556000676	5.14959316e+13
6.15e-09	-316.890747	-1134.33427	-27642.8555	46056.0657	0.557221473	5.14944349e+13
6.16e-09	57.6175121	-1582.99621	-27416.7288	48393.3662	0.558330701	5.14979677e+13
6.17e-09	42.0127705	-507.888817	-27779.8606	47418.5825	0.558397591	5.15028383e+13
6.18e-09	-1527.98926	256.719379	-27719.2951	46625.7226	0.558994707	5.15084849e+13
6.19e-09	-2979.88421	-404.863396	-27967.2602	48479.3772	0.559296672	5.15153976e+13
6.2e-09	-1474.98292	1013.55315	-28961.9972	50082.4849	0.558704173	5.15213817e+13
6.21e-09	-4335.31096	2101.4586	-28544.8944	48080.6211	0.558115759	5.15239937e+13
6.22e-09	-1439.64865	2124.63092	-27811.7861	49349.5409	0.557975465	5.15256474e+13
6.23e-09	-1503.47664	2273.21086	-26891.7785	49314.4827	0.558128067	5.15267539e+13
6.24e-09	-2815.98763	1489.2568	-24932.8949	50199.7962	0.558297571	5.15284346e+13
6.25e-09	-2298.05896	2560.40333	-25943.5882	48246.3568	0.558591992	5.15306544e+13
6.26e-09	-2637.62487	2848.70223	-27118.0742	51345.2003	0.558185098	5.15331997e+13
6.27e-09	-1801.45176	1255.93991	-27624.8996	50672.56	0.557314265	5.15325876e+13
6.28e-09	-2640.11176	1343.22548	-27344.71	51112.3999	0.556998663	5.15300759e+13
6.29e-09	-1433.41645	1366.71368	-27023.6922	51197.5751	0.556643347	5.15268026e+13
6.3e-09	-1380.6944	2428.82549	-25654.8431	50255.759	0.556656966	5.15228652e+13
6.31e-09	-314.464928	2059.06628	-27056.9066	49860.6086	0.556779039	5.15198767e+13
6.32e-09	-483.846586	3462.44897	-27327.2242	50253.1492	0.556639347	5.15172011e+13
6.33e-09	-569.468328	1126.40148	-26899.1976	49788.8249	0.55655556	5.15142838e+13
6.34e-09	-277.445598	1167.59925	-27583.3574	48528.1325	0.556986144	5.15121885e+13
6.35e-09	-848.759295	1770.75563	-26772.1545	47978.1372	0.557266482	5.15114287e+13
6.36e-09	-318.756174	2924.94141	-25374.2191	49661.0871	0.557798339	5.15124388e+13
6.37e-09	1708.77863	2889.288	-24056.7627	49841.7399	0.558158947	5.15146439e+13
6.38e-09	1026.80883	1793.11268	-25082.6696	48619.7761	0.558626317	5.15180513e+13
6.39e-09	1260.78397	3088.75814	-25818.1357	48680.3765	0.559026338	5.15227865e+13
6.4e-09	1389.81462	2841.35693	-27895.1049	49028.0377	0.55868078	5.15275385e+13
6.41e-09	71.7212932	1107.72156	-27917.3715	49992.6658	0.558601651	5.1530876e+13
6.42e-09	-540.953604	1174.34418	-29715.3107	51248.7102	0.557288826	5.15317678e+13
6.43e-09	-6.58471953	2490.75749	-28646.0137	50962.4022	0.556573214	5.15284561e+13
6.44e-09	-1510.27034	229.139554	-28158.5913	51170.0834	0.555915504	5.15232999e+13
6.45e-09	-1777.81243	404.502376	-30090.0164	49340.6979	0.555763683	5.15170816e+13
6.46e-09	-2244.9496	614.257877	-30642.3624	50100.4353	0.555516746	5.15109951e+13
6.47e-09	-2606.49705	206.183983	-32114.1577	48795.6198	0.555373835	5.15044869e+13
6.48e-09	-110.673812	-1026.40041	-31604.3998	47397.2488	0.555509874	5.14984938e+13
6.49e-09	696.056121	-1425.90885	-30978.2546	46540.6453	0.556441979	5.14948152e+13
6.5e-09	656.166749	-1778.74621	-30728.0263	45665.5128	0.557427742	5.14949347e+13
6.51e-09	-1719.29044	-2346.89598	-30161.8069	46797.9832	0.558041017	5.14981645e+13
6.52e-09	-2239.58439	-3141.9588	-31018.6806	45557.8679	0.558361378	5.1502393e+13
6.53e-09	-2241.05274	-2400.7613	-31874.7434	45333.721	0.558802078	5.15075426e+13
6.54e-09	-1307.90646	-1148.25078	-30924.861	46787.3352	0.5588128	5.15131061e+13
6.55e-09	-725.22958	-1661.25827	-29330.131	47396.4797	0.558699611	5.15179621e+13
6.56e-09	-1267.11951	-1101.18193	-29856.9146	45907.932	0.558848982	5.15223623e+13
6.57e-09	-946.304152	-261.769556	-29539.7879	46555.2881	0.559371643	5.15276405e+13
6.58e-09	850.634652	-819.381901	-29994.5465	48119.4146	0.559086627	5.15331307e+13
6.59e-09	493.462572	-963.566522	-29646.9236	49217.6367	0.558188518	5.15357547e+13
6.6e-09	-100.38808	299.031746	-31317.7474	48675.6899	0.557462623	5.15353487e+13
6.61e-09	-1048.70645	-712.314379	-31892.7821	47289.937	0.557163366	5.15330261e+13
6.62e-09	-1214.45229	-1712.00263	-32819.734	46145.6283	0.557100532	5.15302212e+13
6.63e-09	-1159.64869	-2330.78719	-31471.192	47128.2924	0.557264884	5.15279537e+13
6.64e-09	773.286088	-705.665242	-32279.5157	46209.3403	0.557468739	5.15266757e+13
6.65e-09	1790.23634	-973.494398	-31119.2864	46692.1174	0.557557875	5.152596e+13
6.66e-09	1941.97978	-2503.85689	-31928.2142	45075.737	0.55812513	5.15262613e+13
6.67e-09	1694.46192	-1964.79206	-32325.7617	44695.6886	0.558413697	5.15282983e+13
6.68e-09	425.536839	-1231.17922	-31418.0858	46021.2134	0.558725604	5.153124e+13
6.69e-09	374.234784	700.976745	-32301.1247	46073.0566	0.558569204	5.15342451e+13
6.7e-09	1352.69776	70.659248	-32130.2299	45675.1987	0.558427415	5.15361592e+13
6.71e-09	702.447092	-673.889711	-33074.8259	46742.4133	0.558194832	5.15375769e+13
6.72e-09	1378.12096	-228.897921	-33062.9388	46252.684	0.557702469	5.15375106e+13
6.73e-09	1536.71771	-932.495725	-32974.3383	45428.5698	0.557411616	5.15358443e+13
6.74e-09	1384.2932	-1357.8432	-32159.5458	46330.7853	0.557721107	5.15344851e+13
6.75e-09	944.706521	-1226.25019	-32469.8013	46828.0297	0.557583287	5.15336518e+13
6.76e-09	345.436493	-1377.08908	-33955.132	45243.5198	0.557312731	5.1531954e+13
6.77e-09	295.871419	-2084.15063	-34011.1465	46549.7327	0.557205235	5.15301276e+13
6.78e-09	-637.462978	-2066.12358	-33322.9251	46721.2584	0.557014276	5.15276723e+13
6.79e-09	-161.155596	-879.088385	-33711.0061	47807.3766	0.556736475	5.15250521e+13
6.8e-09	-7.55032149	-670.120217	-35564.1414	46424.8399	0.555879697	5.1520395e+13
6.81e-09	299.23818	-1510.0284	-36146.0337	46406.5085	0.555355738	5.15137421e+13
6.82e-09	615.501357	-1543.38908	-35076.1532	46160.1102	0.555240341	5.15064977e+13
6.83e-09	-733.801467	334.485073	-33338.0108	43922.0981	0.556138981	5.15008965e+13
6.84e-09	148.671005	-188.224959	-32763.0944	44288.6223	0.556997916	5.14995503e+13
6.85e-09	806.030901	-54.1191864	-31310.6926	43603.2797	0.558115861	5.15010923e+13
6.86e-09	1542.09845	1141.27784	-31379.6063	44330.0887	0.558864674	5.15063173e+13
6.87e-09	2892.53696	145.394857	-31085.5921	44576.1419	0.559601705	5.15134406e+13
6.88e-09	2060.9072	-2375.86368	-30361.8428	45931.761	0.559859601	5.15217621e+13
6.89e-09	1437.27664	-891.721203	-29899.2424	44725.0454	0.560274939	5.1530138e+13
6.9e-09	1396.57223	-1167.3977	-31181.0789	46227.8825	0.560583133	5.15393699e+13
6.91e-09	-21.4553782	1098.05229	-31411.1713	44943.3414	0.560291761	5.15474998e+13
6.92e-09	-142.886972	-26.6150583	-31468.6134	43992.4181	0.560423674	5.15544786e+13
6.93e-09	-2138.90453	1364.92537	-31765.9728	47106.5728	0.55995363	5.1561054e+13
6.94e-09	-1831.56404	1994.89695	-32018.118	47041.7066	0.558959067	5.15639092e+13
6.95e-09	-1957.62641	1258.97087	-32834.3355	47106.5812	0.558261161	5.15637048e+13
6.96e-09	-1826.10941	418.490129	-32229.2927	47439.3535	0.557629041	5.15610659e+13
6.97e-09	384.01681	-77.8487742	-32234.3558	48216.2856	0.556993581	5.15566333e+13
6.98e-09	647.514982	1731.19141	-30837.6361	47798.1072	0.556669893	5.15506808e+13
6.99e-09	176.067931	50.8318927	-29474.7901	46306.8575	0.557219991	5.15454865e+13
7e-09	91.5907752	760.050848	-29000.0952	47073.0222	0.558314706	5.1543863e+13
7.01e-09	182.816791	1510.86421	-27477.6993	49111.046	0.558366466	5.15445966e+13
7.02e-09	-2470.5541	-363.646176	-26042.0069	49305.0587	0.558328805	5.15449737e+13
7.03e-09	-510.71571	582.01503	-25753.3615	48365.9532	0.558339605	5.15453595e+13
7.04e-09	386.098638	199.158036	-25623.2709	48486.5008	0.558865035	5.15467768e+13
7.05e-09	1321.29278	-731.677129	-24950.268	49089.8987	0.559096282	5.15493728e+13
7.06e-09	679.084048	-683.047867	-24471.9253	50507.6476	0.55913967	5.15523282e+13
7.07e-09	-43.2413666	-245.546322	-26368.3823	51148.5982	0.558273339	5.15537412e+13
7.08e-09	-2253.51792	366.964616	-25064.5399	52777.9328	0.557364349	5.1551675e+13
7.09e-09	-3102.28845	1394.02632	-24903.06	52878.6546	0.556612356	5.15468072e+13
7.1e-09	-2470.56679	3206.93288	-23850.1353	51077.0394	0.556486449	5.15406467e+13
7.11e-09	-1065.63702	1738.76828	-25651.1051	51836.5017	0.556574372	5.15354083e+13
7.12e-09	-1223.70905	957.666739	-25637.9154	52875.5932	0.556262882	5.15302299e+13
7.13e-09	-2107.90132	1077.09164	-25558.1552	53096.6746	0.555815933	5.15241125e+13
7.14e-09	-88.0398987	1434.0707	-25577.9647	52832.6643	0.55556659	5.15173091e+13
7.15e-09	614.311178	226.761443	-24735.5321	51989.5871	0.555478651	5.15104429e+13
7.16e-09	-585.446322	809.99525	-25114.6514	51684.1073	0.555766917	5.15047134e+13
7.17e-09	-780.656597	-45.9394773	-24944.2057	51314.2208	0.556013861	5.15003256e+13
7.18e-09	-2538.66327	1187.53081	-24592.4383	51543.3214	0.556283283	5.14973632e+13
7.19e-09	-1866.39431	36.2410201	-22956.7185	48527.3082	0.557204724	5.1496157e+13
7.2e-09	-95.2578658	544.929697	-23015.4482	48075.2379	0.558769066	5.14998941e+13
7.21e-09	1263.19616	23.7964234	-22814.0726	47228.9621	0.559863498	5.15078532e+13
7.22e-09	2017.06546	-562.611325	-25464.6651	47532.6141	0.560695975	5.1518661e+13
7.23e-09	2376.92771	-1561.32564	-28556.2497	47522.4953	0.560705563	5.15300945e+13
7.24e-09	1691.17304	-677.385264	-32111.9701	48355.6519	0.559454216	5.15383465e+13
7.25e-09	1156.71204	-1086.27608	-30459.9163	50988.4534	0.557815642	5.15407811e+13
7.26e-09	-479.492715	-2351.13287	-30389.6426	49388.0803	0.556639744	5.15375604e+13
7.27e-09	-1611.68104	-1316.4269	-29551.2988	49123.9062	0.556488783	5.15324858e+13
7.28e-09	-220.599511	-2294.88731	-32041.3673	48294.3183	0.556136084	5.15272733e+13
7.29e-09	43.4589228	7.28043301	-29986.8371	47955.1362	0.555871448	5.15212381e+13
7.3e-09	2152.92506	-1023.11121	-28312.974	46847.832	0.556676213	5.15163462e+13
7.31e-09	1590.24498	-2057.93547	-28789.399	46024.4454	0.558031882	5.15160757e+13
7.32e-09	1875.55009	186.617349	-29776.336	46609.2415	0.558602276	5.15193466e+13
7.33e-09	576.443311	1689.84764	-28792.1654	45626.5924	0.558803101	5.15233329e+13
7.34e-09	-196.279527	1987.87733	-29957.9476	46627.1356	0.559173041	5.15283153e+13
7.35e-09	231.573908	1734.73924	-29218.9706	46386.7572	0.559345545	5.15334218e+13
7.36e-09	1278.10826	1540.80359	-29787.1198	44986.7898	0.55991882	5.15392574e+13
7.37e-09	2076.77176	249.499704	-30111.6863	46350.5834	0.559981052	5.15460558e+13
7.38e-09	1049.36319	374.301397	-32620.7141	45874.9447	0.559732616	5.15518349e+13
7.39e-09	-42.0210025	-1660.89363	-33404.9559	46656.5677	0.558725546	5.15551696e+13
7.4e-09	760.907407	-1222.95956	-31457.3873	47739.2413	0.558195806	5.15549579e+13
7.41e-09	1457.68503	-2154.21923	-33338.8938	49169.3214	0.557281509	5.15527689e+13
7.42e-09	-809.785457	-2448.28101	-34035.8877	49150.7411	0.556206182	5.15469856e+13
7.43e-09	462.047024	-2522.07301	-34214.7142	48541.706	0.555461918	5.15384896e+13
7.44e-09	-438.359621	-2050.11044	-33836.0393	46093.2236	0.555521223	5.15292669e+13
7.45e-09	-2059.86332	-3663.57645	-32066.5673	45544.0845	0.55614932	5.15222156e+13
7.46e-09	-2892.81866	-3027.04349	-31232.9985	44490.3839	0.557357594	5.15189907e+13
7.47e-09	-1765.83631	-3072.01894	-30062.1344	42779.1772	0.558949593	5.15209234e+13
7.48e-09	-1704.75122	-3722.39373	-30717.1191	42417.3042	0.560679786	5.15287625e+13
7.49e-09	-1795.86348	-3292.8676	-30442.517	42318.7893	0.561736858	5.15406156e+13
7.5e-09	-2127.43591	-4186.18834	-32275.3335	44469.7781	0.56188096	5.15541312e+13
7.51e-09	-794.144662	-4059.10616	-34292.0332	44600.9339	0.561018272	5.15646687e+13
7.52e-09	1088.59825	-3644.39535	-33279.6261	45813.4085	0.559577431	5.1570131e+13
7.53e-09	2033.33051	-2754.12918	-34810.4531	45667.3937	0.558585539	5.15710652e+13
7.54e-09	2258.40098	-1886.84775	-34858.1084	46046.9225	0.557891	5.15688758e+13
7.55e-09	825.647294	-1050.46203	-34859.2247	47643.9045	0.557018733	5.15642304e+13
7.56e-09	896.940841	-2121.33082	-34888.8064	47313.3219	0.556211618	5.15569348e+13
7.57e-09	1096.76234	-3039.69818	-33979.9418	47308.7078	0.555757734	5.15480717e+13
7.58e-09	-1511.93346	-2563.29825	-33509.2926	45690.0413	0.556001213	5.15395882e+13
7.59e-09	-1742.23491	-986.718821	-32987.423	45783.3643	0.556435252	5.15331363e+13
7.6e-09	-603.015952	18.5631357	-32048.5178	46623.0007	0.556723159	5.15286214e+13
7.61e-09	313.24569	1138.33083	-32369.6692	47347.2219	0.556821445	5.15252734e+13
7.62e-09	294.078143	546.571086	-35404.8534	46971.76	0.556389535	5.15217565e+13
7.63e-09	542.657133	1627.10757	-34524.085	46469.1408	0.55579452	5.1516497e+13
7.64e-09	807.325223	230.680847	-35758.0556	45272.0227	0.555782963	5.15107622e+13
7.65e-09	541.550201	340.549023	-33441.3456	45001.376	0.555975791	5.15057503e+13
7.66e-09	1441.99113	-24.9995852	-31895.7442	45783.301	0.556674489	5.15028331e+13
7.67e-09	1386.94432	-867.268705	-32947.1153	46625.1048	0.556901658	5.15020806e+13
7.68e-09	522.655549	-126.894785	-31907.0386	47236.5956	0.556885956	5.15015945e+13
7.69e-09	63.9562097	-1412.95612	-30118.901	45755.3717	0.557370794	5.15015386e+13
7.7e-09	2281.8579	-780.177171	-28598.0476	44856.1953	0.558615077	5.15045572e+13
7.71e-09	1134.84712	-715.396153	-28166.7086	47114.4949	0.559419476	5.15112998e+13
7.72e-09	1577.18932	112.419227	-27083.2364	47336.8862	0.559646122	5.15188822e+13
7.73e-09	1364.34524	-294.344737	-29263.7327	46544.1892	0.559955147	5.1526875e+13
7.74e-09	1243.02482	-2779.48572	-30387.226	47852.8745	0.559269333	5.15337952e+13
7.75e-09	2063.77088	-1107.63656	-28467.1648	48437.419	0.558679867	5.15374093e+13
7.76e-09	50.8726176	-2177.28866	-29017.5516	49022.2038	0.558277459	5.1539242e+13
7.77e-09	-374.608573	-1471.85715	-30315.0135	48415.1804	0.557854	5.15393877e+13
7.78e-09	-491.405602	94.2898006	-29787.0289	47163.9472	0.557888166	5.15386403e+13
7.79e-09	286.01685	-35.073188	-30107.0893	48007.3659	0.558344226	5.15388757e+13
7.8e-09	1192.97766	-518.732814	-27778.8717	48215.8759	0.558458974	5.15399658e+13
7.81e-09	-585.144011	-403.351133	-29112.9928	48353.3017	0.558575649	5.1541581e+13
7.82e-09	-232.935333	-1846.15312	-28351.8974	49955.9087	0.557748158	5.15420211e+13
7.83e-09	-1439.30145	-1194.87894	-27525.2757	50758.8351	0.557081454	5.15395958e+13
7.84e-09	-2211.02668	-1140.32405	-26687.1499	49089.2564	0.557223903	5.15360297e+13
7.85e-09	-143.224531	-1320.08347	-26402.0181	48279.4911	0.55792044	5.15345616e+13
7.86e-09	-1181.88225	-395.553736	-28158.1388	48859.6235	0.558145908	5.15352678e+13
7.87e-09	-17.4626705	-545.745586	-28668.7134	49270.7759	0.558008943	5.15356728e+13
7.88e-09	155.652948	-1860.32696	-29015.419	48617.5642	0.558030147	5.15357137e+13
7.89e-09	419.749332	403.019715	-28213.6869	50404.147	0.557819866	5.15357457e+13
7.9e-09	-73.2988291	1205.96787	-29103.2889	50893.9618	0.557018029	5.15340324e+13
7.91e-09	-451.360724	1316.66137	-29714.3364	50300.6344	0.556188525	5.15295364e+13
7.92e-09	142.656699	2572.36957	-29830.4166	52737.3445	0.555134672	5.15225052e+13
7.93e-09	-72.7959299	2725.20118	-28031.457	52591.249	0.554550177	5.15128185e+13
7.94e-09	-167.47123	2171.17753	-27797.7171	53822.0099	0.554123653	5.15025663e+13
7.95e-09	297.432258	998.736149	-27561.3581	52195.6705	0.553925343	5.14918127e+13
7.96e-09	-1581.3262	740.003928	-26951.4047	50716.9683	0.554219465	5.1482308e+13
7.97e-09	-2357.21375	1306.80716	-27361.8935	49004.1951	0.554857912	5.1475213e+13
7.98e-09	-1196.54937	710.916128	-26256.7824	49834.7299	0.555702288	5.14715988e+13
7.99e-09	-3085.90185	-724.035838	-25187.9511	48104.2892	0.55667914	5.14712283e+13
8e-09	-1218.51066	-937.928863	-25229.8108	47217.8422	0.557835949	5.14748378e+13
8.01e-09	588.448618	-511.277927	-24907.1231	45809.0431	0.559329513	5.14824611e+13
8.02e-09	1616.74885	-1630.30722	-26294.0219	46357.5261	0.560616664	5.1494528e+13
8.03e-09	1004.28444	-2111.71649	-26685.6032	47916.4814	0.56085925	5.15082151e+13
8.04e-09	2013.54882	-3206.33003	-27574.3488	49793.1021	0.560219528	5.15201156e+13
8.05e-09	611.281304	-986.240506	-28059.3705	49256.8644	0.559114987	5.15274313e+13
8.06e-09	701.109657	-610.545358	-28035.6282	49497.4802	0.558791992	5.15316614e+13
8.07e-09	-644.921352	717.137273	-26842.7823	50008.5715	0.558226536	5.15340237e+13
8.08e-09	947.300826	1599.29848	-28507.122	48939.7125	0.558117542	5.15349664e+13
8.09e-09	440.742642	1454.4224	-27985.7754	49420.272	0.557927451	5.1535227e+13
8.1e-09	1887.3173	-432.202248	-28608.9963	49481.1946	0.557719107	5.15349329e+13
8.11e-09	284.090353	-1064.82349	-28924.7615	47853.3508	0.557736297	5.15339588e+13
8.12e-09	316.608948	-685.576503	-28491.3651	47933.7076	0.558247876	5.15343157e+13
8.13e-09	1720.93473	-56.6102525	-28414.8602	49045.8495	0.558384998	5.15358263e+13
8.14e-09	901.818632	574.800389	-28311.4251	48486.3972	0.558377717	5.15371916e+13
8.15e-09	-1079.63088	1594.81356	-28099.8284	49685.3949	0.55827859	5.15384627e+13
8.16e-09	1141.47598	1132.72973	-27175.5457	48644.9226	0.558086467	5.15389572e+13
8.17e-09	436.880286	102.590158	-28463.2296	49462.207	0.557679403	5.153863e+13
8.18e-09	1058.26122	-451.985924	-30494.4171	49027.258	0.557336204	5.15369183e+13
8.19e-09	-206.887144	136.184256	-31396.4613	47491.5942	0.557118285	5.15342413e+13
8.2e-09	-1216.8227	-631.910525	-30766.7207	47723.109	0.557164469	5.15316249e+13
8.21e-09	-1413.15182	-428.683361	-30067.2688	47739.623	0.55717069	5.15292774e+13
8.22e-09	-3279.86962	-220.888281	-31153.7285	49993.7407	0.556850215	5.1526959e+13
8.23e-09	-2999.2705	-1188.28978	-30121.3788	48926.8531	0.556145793	5.15224704e+13
8.24e-09	-1860.19151	-2350.35291	-29473.1161	47868.9936	0.556235118	5.15174301e+13
8.25e-09	-609.485702	-2244.6193	-30839.0139	48102.1516	0.556638471	5.15139464e+13
8.26e-09	-1125.88252	-3689.54472	-31043.8182	47381.1119	0.556716285	5.15114233e+13
8.27e-09	-2056.02023	-621.061967	-30775.2726	45916.9167	0.557393374	5.15104644e+13
8.28e-09	-1658.34224	-1574.27404	-31544.7405	45385.3323	0.557827118	5.15117221e+13
8.29e-09	-1223.48361	-2354.16467	-32542.1797	44818.6348	0.558163502	5.15141457e+13
8.3e-09	-9.04214938	-2609.32834	-32441.2425	43599.1888	0.558796528	5.15178104e+13
8.31e-09	276.910901	-2183.86946	-33910.4928	43480.8201	0.559207086	5.15232243e+13
8.32e-09	-138.565832	-1631.56973	-33134.8338	45307.2225	0.559148232	5.15287717e+13
8.33e-09	-1079.74454	277.475193	-32523.8882	47076.0199	0.558469988	5.15325206e+13
8.34e-09	-130.301298	-408.830173	-33283.3103	46629.7373	0.557659056	5.15333177e+13
8.35e-09	11.8723101	-716.544287	-31716.2092	47362.5811	0.557737426	5.15323279e+13
8.36e-09	-280.986776	-1765.82009	-31109.9721	47073.4588	0.557655954	5.1531853e+13
8.37e-09	573.688785	-1677.56942	-31316.7317	47485.0979	0.557674794	5.15312473e+13
8.38e-09	1926.07834	658.040114	-30821.5049	47136.3451	0.557670608	5.15305301e+13
8.39e-09	3248.99257	283.839622	-29918.6001	46733.2874	0.558059072	5.15305607e+13
8.4e-09	3793.115	763.36367	-32278.9782	45995.2844	0.55806521	5.15316044e+13
8.41e-09	2672.8495	2618.72205	-32384.6254	48607.1685	0.557491838	5.15317497e+13
8.42e-09	2314.47107	1967.50796	-33517.1484	47366.8045	0.556714605	5.15291323e+13
8.43e-09	3264.02976	1946.95813	-33396.591	49020.6206	0.556295798	5.15248595e+13
8.44e-09	2591.95476	1221.1834	-33129.1713	46510.0346	0.555698526	5.15187946e+13
8.45e-09	2548.09986	387.464904	-32020.2834	45814.0006	0.556239333	5.15132047e+13
8.46e-09	803.375642	1006.07146	-34097.75	46917.6349	0.556723639	5.15104128e+13
8.47e-09	-228.077768	20.7646064	-34191.4364	47210.1509	0.556289512	5.15078667e+13
8.48e-09	-900.188128	-1822.62191	-32014.0629	47572.0216	0.556176539	5.1504355e+13
8.49e-09	-1092.62687	-1664.93977	-31206.4729	46715.969	0.55646421	5.15013697e+13
8.5e-09	-1675.90766	-739.509425	-29864.2999	43990.5547	0.557402488	5.15004786e+13
8.51e-09	-881.793624	-1950.79801	-29075.2777	43878.1809	0.559245393	5.15048796e+13
8.52e-09	408.388013	-1798.50312	-28904.3039	45427.2363	0.560392443	5.15142256e+13
8.53e-09	1508.09221	-3330.46539	-29529.734	47093.6558	0.560376918	5.15248772e+13
8.54e-09	2367.57919	-1164.35515	-27745.2966	46870.321	0.560145336	5.15335855e+13
8.55e-09	4038.04529	-701.651073	-28999.6107	46568.8802	0.560299566	5.15417076e+13
8.56e-09	3615.40284	-1037.75621	-27806.529	49643.1143	0.559655169	5.15485488e+13
8.57e-09	1486.54063	-1673.78233	-28126.262	49765.9487	0.558550703	5.15513467e+13
8.58e-09	-796.160089	-935.283773	-29605.6566	47851.9763	0.55817282	5.15511747e+13
8.59e-09	316.320749	-967.775631	-28344.6818	49225.9104	0.557885436	5.15501128e+13
8.6e-09	-1133.15202	-1418.18108	-26697.9463	49279.9499	0.557820412	5.1548285e+13
8.61e-09	-1397.95387	-1193.94514	-28015.1601	48130.0971	0.558075759	5.15471139e+13
8.62e-09	-22.6716057	-1977.4987	-27043.8237	49270.527	0.558488458	5.15471816e+13
8.63e-09	-907.919385	-2184.08652	-26683.8339	49184.5301	0.558499121	5.1547886e+13
8.64e-09	-553.314387	-903.284725	-26037.6751	48948.9754	0.558627835	5.15488165e+13
8.65e-09	-1065.96733	943.615139	-26299.8232	49654.2239	0.55875538	5.15502958e+13
8.66e-09	-1851.04293	221.061532	-27148.4129	48229.166	0.559006418	5.15519392e+13
8.67e-09	-354.328174	1753.57767	-27803.9391	51430.3301	0.558548877	5.15537563e+13
8.68e-09	153.635078	993.0132	-26523.3979	52014.8895	0.557349076	5.15520258e+13
8.69e-09	-2432.49317	1780.82205	-25940.4354	51356.6853	0.556885688	5.15475364e+13
8.7e-09	-1948.03547	2363.89589	-26269.3177	52395.3485	0.556449366	5.15421687e+13
8.71e-09	1061.04701	1450.78193	-29275.3036	51701.2155	0.555656948	5.15352136e+13
8.72e-09	1225.82224	1406.07776	-29943.5135	51635.9162	0.554932405	5.15262686e+13
8.73e-09	1708.54569	335.031564	-28098.08	52437.5433	0.554348066	5.15157032e+13
8.74e-09	1727.14918	9.88821777	-28314.0059	52246.7848	0.554265654	5.15050255e+13
8.75e-09	370.222104	-1154.33418	-27684.7955	51121.1254	0.553998257	5.14945554e+13
8.76e-09	-892.247633	-442.564472	-28089.6428	50857.683	0.554417409	5.14854176e+13
8.77e-09	-1037.61308	94.6200251	-29105.6999	50357.3378	0.554610536	5.14780849e+13
8.78e-09	-252.335386	-280.615137	-27240.9489	48894.1824	0.555186456	5.1472601e+13
8.79e-09	-1194.64801	278.488841	-27405.2461	48079.3659	0.556381528	5.14709728e+13
8.8e-09	-317.809433	802.849587	-27169.5161	48010.5429	0.55742141	5.14733097e+13
8.81e-09	1645.26311	800.437209	-26817.908	47981.7541	0.558231318	5.14787223e+13
8.82e-09	2020.11471	1288.59237	-26128.9997	47361.3642	0.55878679	5.14857965e+13
8.83e-09	2170.31598	1006.80538	-26840.1952	46391.9194	0.559545133	5.14945723e+13
8.84e-09	2661.9798	772.54902	-28451.0725	48028.9837	0.559651594	5.15045418e+13
8.85e-09	4895.93557	-1994.87973	-29037.6493	48923.466	0.559145068	5.15125793e+13
8.86e-09	4810.85627	-995.794126	-28693.5038	48177.3959	0.558565118	5.15177664e+13
8.87e-09	4368.90217	-438.329407	-25168.9937	50064.3925	0.558448987	5.15213533e+13
8.88e-09	1788.33746	2201.68828	-23769.5437	50564.8461	0.558278839	5.15240993e+13
8.89e-09	2543.73583	2365.90393	-26117.5046	49386.3535	0.55861015	5.15267872e+13
8.9e-09	4985.17872	4523.62888	-28320.1038	49347.8753	0.558522041	5.15299378e+13
8.91e-09	3941.82341	3163.57599	-28687.1486	48775.704	0.55822814	5.15318754e+13
8.92e-09	5233.19426	2251.93089	-27717.1787	47491.0563	0.55842633	5.15333228e+13
8.93e-09	5300.23504	3095.54724	-29049.1291	48380.1294	0.558382347	5.15354175e+13
8.94e-09	4571.42845	1010.49994	-27778.5747	48551.9005	0.557949792	5.15361051e+13
8.95e-09	3856.82554	244.067551	-27679.5372	48082.7581	0.558193234	5.15363239e+13
8.96e-09	3585.23101	-1523.15545	-27500.3796	49366.7618	0.5582481	5.1537414e+13
8.97e-09	3323.8434	-2407.04828	-27002.63	50289.5675	0.557888152	5.15377168e+13
8.98e-09	2502.23857	-1936.23367	-25317.3997	50035.6698	0.557812659	5.15369731e+13
8.99e-09	1765.70946	-1822.32536	-27087.0466	49526.3239	0.557988662	5.15366023e+13
9e-09	833.941956	-2052.6922	-28529.1699	48682.8805	0.557634101	5.15360139e+13
9.01e-09	-105.715759	-1830.20962	-29157.6025	47472.2418	0.557851832	5.15350187e+13
9.02e-09	-1395.95395	855.962105	-28228.5965	46841.7883	0.558435411	5.15356563e+13
9.03e-09	-1560.59562	918.7345	-28888.2085	48511.2491	0.558473983	5.15376961e+13
9.04e-09	-961.960997	582.551127	-30071.0865	49036.7091	0.557937629	5.15386384e+13
9.05e-09	-741.095351	1530.05735	-30692.6592	47996.8233	0.557389021	5.15374436e+13
9.06e-09	-782.084363	1573.26964	-30344.4627	47222.1614	0.557318107	5.15349433e+13
9.07e-09	-81.0858383	948.902261	-29557.7911	45672.6125	0.55796476	5.15336707e+13
9.08e-09	996.259634	358.767107	-29539.6907	47053.4382	0.558624916	5.15351754e+13
9.09e-09	848.408687	-850.354478	-29382.3003	45445.6447	0.558871197	5.15377398e+13
9.1e-09	-1436.55757	546.201842	-31066.0122	44014.4987	0.559534883	5.15418615e+13
9.11e-09	-175.184815	1926.08125	-32758.3283	44500.1548	0.560067857	5.15477638e+13
9.12e-09	2157.0033	2743.13773	-34196.4408	45284.7736	0.559746749	5.15536471e+13
9.13e-09	2253.73044	2006.29253	-35034.8001	45358.8177	0.558972334	5.15569832e+13
9.14e-09	1281.28265	-294.828104	-34253.6307	44808.09	0.558274993	5.15571601e+13
9.15e-09	1913.51665	-246.261549	-32474.0361	45615.3265	0.558006173	5.15556831e+13
9.16e-09	322.241292	238.187483	-32297.8905	47115.9879	0.558014203	5.15541344e+13
9.17e-09	1916.86869	1287.82808	-32216.6021	47458.0487	0.557582292	5.15518662e+13
9.18e-09	937.323849	2790.07606	-30415.3716	46733.5483	0.557192648	5.15482158e+13
9.19e-09	220.56965	1227.63775	-31940.1554	46326.7931	0.557542411	5.15450373e+13
9.2e-09	1320.91021	1013.83178	-31000.4129	46041.1119	0.557904628	5.15432996e+13
9.21e-09	437.853695	974.257449	-31603.9381	48320.8474	0.557733074	5.15424369e+13
9.22e-09	-633.966654	1368.54702	-33501.0374	47142.1655	0.557049435	5.15397211e+13
9.23e-09	-114.301866	1306.02171	-33537.6828	46446.1837	0.556886009	5.15357862e+13
9.24e-09	559.791763	1498.35699	-33071.6339	47502.8602	0.556967253	5.1532323e+13
9.25e-09	1152.07917	1567.80368	-34607.5004	45796.0937	0.556522761	5.15284695e+13
9.26e-09	-744.932911	-776.167739	-34323.5664	45116.01	0.556775387	5.15245008e+13
9.27e-09	-172.974821	-149.426198	-33541.4289	46064.4603	0.55663953	5.15213328e+13
9.28e-09	-611.816412	-165.653857	-33886.4921	46830.2832	0.556454103	5.1517841e+13
9.29e-09	590.429415	-1298.23807	-32917.9087	45873.2921	0.556442212	5.15141507e+13
9.3e-09	179.312719	-1214.08611	-32951.4767	45818.8664	0.556793906	5.1511539e+13
9.31e-09	-1122.60156	-3841.97041	-31814.0118	43615.628	0.557679839	5.15109382e+13
9.32e-09	-821.983354	-1511.46468	-30399.1302	43120.1957	0.559189044	5.15145609e+13
9.33e-09	-259.185457	29.8516523	-30730.5187	44518.3638	0.560088294	5.15224971e+13
9.34e-09	173.365327	228.84753	-31123.2706	46195.7302	0.560162867	5.15314738e+13
9.35e-09	310.615478	654.310459	-31649.3064	47276.895	0.559544514	5.15386843e+13
9.36e-09	-935.565878	-140.321964	-33447.1148	47742.9622	0.558731121	5.15427149e+13
9.37e-09	521.323768	-3300.87573	-32487.5391	47723.8906	0.557550714	5.15427751e+13
9.38e-09	-109.445538	-1448.23983	-30326.7371	47426.597	0.55739709	5.1540194e+13
9.39e-09	-162.92476	-2888.52481	-28884.5487	47559.6729	0.557815126	5.15384138e+13
9.4e-09	-624.996236	-2025.64865	-27324.9808	47039.9871	0.558481703	5.1538606e+13
9.41e-09	1258.41369	-1044.24429	-28956.1329	46222.1457	0.559075767	5.15411672e+13
9.42e-09	1632.67141	-1269.90024	-28544.8873	46155.2595	0.559687544	5.15454904e+13
9.43e-09	-397.875263	-2606.10011	-29129.5892	47715.2049	0.559744007	5.15509297e+13
9.44e-09	71.2624874	-1181.6134	-29159.1392	48942.7726	0.559036018	5.15546681e+13
9.45e-09	-61.6718051	-2550.64415	-29798.1058	48781.9658	0.558484904	5.15557722e+13
9.46e-09	1631.37299	-1970.19409	-30820.5485	49095.4931	0.55809935	5.15551788e+13
9.47e-09	1357.72094	-2029.30384	-28262.2146	49762.0341	0.557367006	5.15526102e+13
9.48e-09	2346.91717	-1778.86313	-29427.4682	50132.8098	0.557001734	5.15487284e+13
9.49e-09	2689.36694	-2304.26132	-30010.4471	50153.2414	0.556196567	5.15430025e+13
9.5e-09	1494.99927	-3100.19326	-28369.1598	48194.3064	0.556309233	5.15361459e+13
9.51e-09	682.309618	-1616.25537	-27686.6548	48616.3561	0.556896344	5.15315546e+13
9.52e-09	-515.936189	-1564.73002	-27624.7126	48751.031	0.557554565	5.15293791e+13
9.53e-09	674.924527	-2282.70211	-29000.785	49229.4796	0.557685981	5.15289662e+13
9.54e-09	208.485623	-1215.04105	-27679.3455	48804.8676	0.557842386	5.15287114e+13
9.55e-09	-519.156705	-1186.30225	-27364.6482	49740.9335	0.557844539	5.15291621e+13
9.56e-09	-2799.97732	-527.153753	-30696.7366	48595.6245	0.557566223	5.15290265e+13
9.57e-09	-4046.61511	-2075.64152	-28430.2887	49006.0561	0.557265347	5.15275861e+13
9.58e-09	-3681.39113	-2342.43775	-29275.8481	48447.8266	0.557253359	5.15259402e+13
9.59e-09	-3278.8184	-2087.8269	-28233.7061	49220.5489	0.556944856	5.15238651e+13
9.6e-09	-2269.97688	-1893.30485	-29711.6224	47902.824	0.556926533	5.15213356e+13
9.61e-09	-1126.47594	19.5781767	-29123.6856	47020.7793	0.557462033	5.15198184e+13
9.62e-09	414.206751	-703.106209	-28989.164	47537.2444	0.557849042	5.1520326e+13
9.63e-09	81.2327538	-934.303975	-30076.2113	47359.4763	0.558048404	5.15218203e+13
9.64e-09	-570.549091	3074.57221	-30091.1687	47864.0337	0.55802093	5.15235896e+13
9.65e-09	-752.135706	3109.96677	-29544.0035	48103.6016	0.557921341	5.15247474e+13
9.66e-09	-575.959727	2625.4103	-28226.7373	46854.9307	0.55823834	5.1525761e+13
9.67e-09	1258.00933	1586.02142	-28632.9342	48053.1068	0.55881045	5.15287492e+13
9.68e-09	918.488382	1005.78379	-27332.1807	49041.2115	0.558622743	5.15321331e+13
9.69e-09	7.98168743	-376.822646	-26572.2039	47295.4437	0.558863516	5.15349934e+13
9.7e-09	1150.62997	-461.000237	-26572.3092	49007.3547	0.559314544	5.15392261e+13
9.71e-09	1845.23475	-467.295559	-24697.4076	48080.9193	0.559640728	5.15438249e+13
9.72e-09	2176.34962	-151.832905	-27629.8832	48015.9279	0.55985827	5.15494261e+13
9.73e-09	2665.27849	643.970646	-27092.3129	47880.4502	0.559805126	5.155459e+13
9.74e-09	2897.72077	-335.372258	-27744.1555	45981.6861	0.559924591	5.15593178e+13
9.75e-09	479.709454	-860.083083	-27155.3796	46718.7735	0.560342654	5.15646796e+13
9.76e-09	638.843474	1070.3529	-28358.4208	48535.0721	0.559960473	5.15699971e+13
9.77e-09	-426.254199	1176.96509	-27735.5903	50230.8788	0.559027959	5.15721828e+13
9.78e-09	-1182.96754	1720.4136	-28714.0566	52504.8075	0.557536958	5.15703707e+13
9.79e-09	-1049.3348	1409.37809	-29418.288	50367.7316	0.556487894	5.15634842e+13
9.8e-09	-1227.4144	1066.51788	-28799.2095	49863.8807	0.556123609	5.15549754e+13
9.81e-09	-745.44665	127.45646	-29397.4249	48048.4739	0.55642916	5.15472228e+13
9.82e-09	1545.19689	1644.77646	-28249.6199	46676.8665	0.557196544	5.15419745e+13
9.83e-09	451.844609	1235.94093	-28333.0721	47510.3576	0.558349108	5.15407288e+13
9.84e-09	-14.9162407	-252.523167	-28039.0567	45937.2275	0.558628674	5.15419601e+13
9.85e-09	1524.51298	-1441.14779	-27582.6846	47042.914	0.559061643	5.15445623e+13
9.86e-09	2371.1961	-1799.00263	-29063.2422	48386.4486	0.558913322	5.15476278e+13
9.87e-09	2461.5447	-1779.84476	-28110.4115	47607.0579	0.558793179	5.15495303e+13
9.88e-09	4320.4782	-1948.32216	-28448.479	46540.6205	0.559142512	5.15516413e+13
9.89e-09	3495.6822	-2829.36272	-30532.0913	48027.8891	0.558942368	5.15543399e+13
9.9e-09	4224.42922	-2615.99235	-31419.6503	46300.4324	0.558631859	5.15553122e+13
9.91e-09	4118.57966	-1934.69837	-31537.0875	45239.2982	0.558877597	5.1556174e+13
9.92e-09	1807.29917	-1563.34056	-31955.5465	43144.8144	0.559417774	5.15582384e+13
9.93e-09	820.134829	-1658.15182	-31664.0099	43258.5844	0.560317223	5.15626614e+13
9.94e-09	343.729195	124.593441	-32859.6528	43898.2956	0.560484188	5.15689156e+13
9.95e-09	362.9541	915.694664	-31985.5741	42606.9533	0.560886051	5.15749227e+13
9.96e-09	2316.13458	-1000.78527	-33385.584	44543.6547	0.560772031	5.15817133e+13
9.97e-09	1329.02928	-2036.91374	-34372.6161	44843.2015	0.559999868	5.15857938e+13
9.98e-09	922.225251	-136.155321	-34538.4463	45560.4273	0.559214476	5.1586898e+13
9.99e-09	391.673009	-1408.03408	-35140.5749	47132.6253	0.557993212	5.15845705e+13
1e-08	-623.198651	-538.060431	-34460.0279	48819.4085	0.556498324	5.15778282e+13
