# Frequency [GHz] 	Fouriercomponent
-4.99967	 0.000921839
-4.99633	 0.000794017
-4.993	 0.000973605
-4.98967	 0.000930656
-4.98633	 0.000936877
-4.983	 0.000983217
-4.97967	 0.00112378
-4.97633	 0.00112081
-4.973	 0.00105881
-4.96967	 0.00122646
-4.96634	 0.00115974
-4.963	 0.00112388
-4.95967	 0.000987036
-4.95634	 0.00109368
-4.953	 0.00103717
-4.94967	 0.0010866
-4.94634	 0.00103696
-4.943	 0.00110842
-4.93967	 0.00097217
-4.93634	 0.00117702
-4.933	 0.00139461
-4.92967	 0.00123121
-4.92634	 0.00117024
-4.92301	 0.00113724
-4.91967	 0.00130577
-4.91634	 0.00143991
-4.91301	 0.00121073
-4.90967	 0.0011195
-4.90634	 0.00104407
-4.90301	 0.00137936
-4.89967	 0.000868476
-4.89634	 0.00141109
-4.89301	 0.000924003
-4.88967	 0.00156813
-4.88634	 0.00119618
-4.88301	 0.00127514
-4.87967	 0.00132633
-4.87634	 0.00155405
-4.87301	 0.00148665
-4.86968	 0.00093116
-4.86634	 0.00155144
-4.86301	 0.00125212
-4.85968	 0.00128633
-4.85634	 0.0012362
-4.85301	 0.00110516
-4.84968	 0.00156052
-4.84634	 0.00125819
-4.84301	 0.00130544
-4.83968	 0.00117748
-4.83634	 0.00161876
-4.83301	 0.0011829
-4.82968	 0.00144789
-4.82634	 0.00147976
-4.82301	 0.00134897
-4.81968	 0.00128292
-4.81635	 0.00155042
-4.81301	 0.00137213
-4.80968	 0.00143654
-4.80635	 0.00144104
-4.80301	 0.00102728
-4.79968	 0.00132882
-4.79635	 0.00143427
-4.79301	 0.00106961
-4.78968	 0.00100358
-4.78635	 0.00122232
-4.78301	 0.00125997
-4.77968	 0.00127805
-4.77635	 0.00105377
-4.77302	 0.000935794
-4.76968	 0.00128864
-4.76635	 0.000816297
-4.76302	 0.00138968
-4.75968	 0.00135361
-4.75635	 0.00125673
-4.75302	 0.0014311
-4.74968	 0.00124738
-4.74635	 0.00107164
-4.74302	 0.000963683
-4.73968	 0.0010182
-4.73635	 0.0012596
-4.73302	 0.000893775
-4.72968	 0.00127429
-4.72635	 0.00120699
-4.72302	 0.000809578
-4.71969	 0.000815312
-4.71635	 0.00104151
-4.71302	 0.00117159
-4.70969	 0.000900122
-4.70635	 0.000875508
-4.70302	 0.000853169
-4.69969	 0.00103214
-4.69635	 0.000839333
-4.69302	 0.00104519
-4.68969	 0.000745912
-4.68635	 0.000808407
-4.68302	 0.000871657
-4.67969	 0.000914905
-4.67635	 0.000882015
-4.67302	 0.000936825
-4.66969	 0.000719814
-4.66636	 0.000871688
-4.66302	 0.000836013
-4.65969	 0.000737952
-4.65636	 0.000810157
-4.65302	 0.000830517
-4.64969	 0.000986523
-4.64636	 0.000667995
-4.64302	 0.00079718
-4.63969	 0.000724626
-4.63636	 0.000643877
-4.63302	 0.00064861
-4.62969	 0.000626358
-4.62636	 0.000710928
-4.62303	 0.000830411
-4.61969	 0.000654757
-4.61636	 0.000645392
-4.61303	 0.000694917
-4.60969	 0.0005707
-4.60636	 0.000758469
-4.60303	 0.000767363
-4.59969	 0.000633301
-4.59636	 0.000540632
-4.59303	 0.000560732
-4.58969	 0.000732266
-4.58636	 0.000773575
-4.58303	 0.000568408
-4.57969	 0.000810252
-4.57636	 0.000674649
-4.57303	 0.000657055
-4.5697	 0.000641872
-4.56636	 0.000510392
-4.56303	 0.000584731
-4.5597	 0.00055665
-4.55636	 0.000565198
-4.55303	 0.000594839
-4.5497	 0.000546892
-4.54636	 0.000500941
-4.54303	 0.000681091
-4.5397	 0.000630955
-4.53636	 0.000560135
-4.53303	 0.000674588
-4.5297	 0.000597375
-4.52636	 0.000510592
-4.52303	 0.000529012
-4.5197	 0.000545027
-4.51637	 0.000511543
-4.51303	 0.000518019
-4.5097	 0.000585832
-4.50637	 0.000620561
-4.50303	 0.000623622
-4.4997	 0.000495181
-4.49637	 0.00057123
-4.49303	 0.000539002
-4.4897	 0.000571115
-4.48637	 0.00047767
-4.48303	 0.000406858
-4.4797	 0.000676414
-4.47637	 0.000448475
-4.47304	 0.000419498
-4.4697	 0.00051673
-4.46637	 0.000478036
-4.46304	 0.00042333
-4.4597	 0.000503631
-4.45637	 0.000466106
-4.45304	 0.000561849
-4.4497	 0.000622579
-4.44637	 0.000478679
-4.44304	 0.000467222
-4.4397	 0.000522058
-4.43637	 0.000431743
-4.43304	 0.000465527
-4.4297	 0.000468654
-4.42637	 0.000496721
-4.42304	 0.000388553
-4.41971	 0.000588016
-4.41637	 0.0005155
-4.41304	 0.000570101
-4.40971	 0.000508101
-4.40637	 0.000478957
-4.40304	 0.000438031
-4.39971	 0.000458089
-4.39637	 0.0004799
-4.39304	 0.000437365
-4.38971	 0.000442674
-4.38637	 0.000400443
-4.38304	 0.000450707
-4.37971	 0.000418181
-4.37637	 0.000413879
-4.37304	 0.000483626
-4.36971	 0.00058129
-4.36638	 0.000534792
-4.36304	 0.000405916
-4.35971	 0.00058777
-4.35638	 0.000491959
-4.35304	 0.000432136
-4.34971	 0.000447963
-4.34638	 0.000501118
-4.34304	 0.000462049
-4.33971	 0.000455683
-4.33638	 0.000454288
-4.33304	 0.000571904
-4.32971	 0.000429353
-4.32638	 0.000459801
-4.32305	 0.000333995
-4.31971	 0.000564573
-4.31638	 0.000395948
-4.31305	 0.000443287
-4.30971	 0.000549169
-4.30638	 0.000468013
-4.30305	 0.000417374
-4.29971	 0.000437638
-4.29638	 0.000449035
-4.29305	 0.000471971
-4.28971	 0.000452568
-4.28638	 0.000430953
-4.28305	 0.000425578
-4.27971	 0.0004145
-4.27638	 0.000407977
-4.27305	 0.00047047
-4.26972	 0.000486845
-4.26638	 0.000486142
-4.26305	 0.00046204
-4.25972	 0.000452411
-4.25638	 0.000490663
-4.25305	 0.000458735
-4.24972	 0.000491732
-4.24638	 0.000518612
-4.24305	 0.000434476
-4.23972	 0.000459451
-4.23638	 0.000467997
-4.23305	 0.000412825
-4.22972	 0.000417913
-4.22638	 0.00039817
-4.22305	 0.000337968
-4.21972	 0.000389138
-4.21639	 0.000470268
-4.21305	 0.000365486
-4.20972	 0.000510872
-4.20639	 0.000401324
-4.20305	 0.000474786
-4.19972	 0.000458763
-4.19639	 0.000488876
-4.19305	 0.000490216
-4.18972	 0.000543821
-4.18639	 0.000500899
-4.18305	 0.000482884
-4.17972	 0.00037962
-4.17639	 0.000487614
-4.17306	 0.000573842
-4.16972	 0.00058176
-4.16639	 0.000415055
-4.16306	 0.000545575
-4.15972	 0.000471955
-4.15639	 0.000332825
-4.15306	 0.000522398
-4.14972	 0.000381174
-4.14639	 0.000594183
-4.14306	 0.000428694
-4.13972	 0.000369094
-4.13639	 0.000421079
-4.13306	 0.000434658
-4.12972	 0.000437756
-4.12639	 0.000539702
-4.12306	 0.000499359
-4.11973	 0.000525024
-4.11639	 0.0004126
-4.11306	 0.000452732
-4.10973	 0.000469081
-4.10639	 0.000546801
-4.10306	 0.000463401
-4.09973	 0.000511144
-4.09639	 0.000527182
-4.09306	 0.000485485
-4.08973	 0.000461996
-4.08639	 0.000352255
-4.08306	 0.000455691
-4.07973	 0.000497993
-4.07639	 0.000458153
-4.07306	 0.000486753
-4.06973	 0.000459826
-4.0664	 0.000501429
-4.06306	 0.00048673
-4.05973	 0.000539017
-4.0564	 0.000670959
-4.05306	 0.000597719
-4.04973	 0.000388743
-4.0464	 0.000538442
-4.04306	 0.000496009
-4.03973	 0.000478971
-4.0364	 0.000465266
-4.03306	 0.000529742
-4.02973	 0.000467332
-4.0264	 0.000479019
-4.02307	 0.000524761
-4.01973	 0.000514176
-4.0164	 0.000551926
-4.01307	 0.000499313
-4.00973	 0.000574662
-4.0064	 0.000705213
-4.00307	 0.000560419
-3.99973	 0.000589728
-3.9964	 0.000490878
-3.99307	 0.000595711
-3.98973	 0.000514246
-3.9864	 0.000582672
-3.98307	 0.000568729
-3.97973	 0.000542229
-3.9764	 0.000567792
-3.97307	 0.000667168
-3.96974	 0.00058622
-3.9664	 0.000665582
-3.96307	 0.000604242
-3.95974	 0.000722639
-3.9564	 0.000515569
-3.95307	 0.000533751
-3.94974	 0.000582821
-3.9464	 0.000598692
-3.94307	 0.000649724
-3.93974	 0.000677824
-3.9364	 0.000648472
-3.93307	 0.00064232
-3.92974	 0.000581878
-3.9264	 0.000563621
-3.92307	 0.000580018
-3.91974	 0.000523348
-3.91641	 0.000545776
-3.91307	 0.000689727
-3.90974	 0.000609466
-3.90641	 0.00068764
-3.90307	 0.000617448
-3.89974	 0.000601073
-3.89641	 0.000607153
-3.89307	 0.000721046
-3.88974	 0.000613382
-3.88641	 0.000664086
-3.88307	 0.000661972
-3.87974	 0.000516895
-3.87641	 0.000643156
-3.87308	 0.000622714
-3.86974	 0.000611036
-3.86641	 0.000697596
-3.86308	 0.000617512
-3.85974	 0.000547009
-3.85641	 0.000893519
-3.85308	 0.00088102
-3.84974	 0.000725187
-3.84641	 0.00109291
-3.84308	 0.000883894
-3.83974	 0.000931973
-3.83641	 0.000552565
-3.83308	 0.000792688
-3.82974	 0.000751937
-3.82641	 0.000974777
-3.82308	 0.000895047
-3.81975	 0.000908459
-3.81641	 0.000847499
-3.81308	 0.000997446
-3.80975	 0.000900841
-3.80641	 0.000725772
-3.80308	 0.000904909
-3.79975	 0.000745086
-3.79641	 0.00109855
-3.79308	 0.00101955
-3.78975	 0.000908119
-3.78641	 0.000990343
-3.78308	 0.000954908
-3.77975	 0.00102854
-3.77641	 0.00104655
-3.77308	 0.00108718
-3.76975	 0.000994867
-3.76642	 0.00115455
-3.76308	 0.00118846
-3.75975	 0.000928061
-3.75642	 0.000918795
-3.75308	 0.0012191
-3.74975	 0.00122011
-3.74642	 0.00132075
-3.74308	 0.00136973
-3.73975	 0.00115388
-3.73642	 0.00116337
-3.73308	 0.00103551
-3.72975	 0.0013288
-3.72642	 0.00130161
-3.72309	 0.00136319
-3.71975	 0.00130991
-3.71642	 0.00123691
-3.71309	 0.00109335
-3.70975	 0.0015293
-3.70642	 0.00136298
-3.70309	 0.00139468
-3.69975	 0.00144735
-3.69642	 0.00139314
-3.69309	 0.00146988
-3.68975	 0.00134861
-3.68642	 0.00109793
-3.68309	 0.00140391
-3.67975	 0.0014631
-3.67642	 0.00129847
-3.67309	 0.00149668
-3.66976	 0.00134413
-3.66642	 0.00147699
-3.66309	 0.00123999
-3.65976	 0.00157505
-3.65642	 0.0019898
-3.65309	 0.00147653
-3.64976	 0.00157254
-3.64642	 0.00176334
-3.64309	 0.00153616
-3.63976	 0.00208516
-3.63642	 0.00149139
-3.63309	 0.0015995
-3.62976	 0.0020028
-3.62642	 0.00194605
-3.62309	 0.00142505
-3.61976	 0.00167573
-3.61643	 0.00252013
-3.61309	 0.00196169
-3.60976	 0.00187016
-3.60643	 0.00164952
-3.60309	 0.00178254
-3.59976	 0.00186137
-3.59643	 0.0019245
-3.59309	 0.00207309
-3.58976	 0.00201095
-3.58643	 0.00215036
-3.58309	 0.00214859
-3.57976	 0.00169502
-3.57643	 0.00211126
-3.5731	 0.00197546
-3.56976	 0.00197286
-3.56643	 0.00187629
-3.5631	 0.00218686
-3.55976	 0.00169363
-3.55643	 0.00162877
-3.5531	 0.00199532
-3.54976	 0.00186908
-3.54643	 0.00198504
-3.5431	 0.00157745
-3.53976	 0.00117873
-3.53643	 0.00150877
-3.5331	 0.00189852
-3.52976	 0.00124922
-3.52643	 0.00112448
-3.5231	 0.00127832
-3.51977	 0.00152185
-3.51643	 0.00115107
-3.5131	 0.00102096
-3.50977	 0.00106222
-3.50643	 0.00146693
-3.5031	 0.00122316
-3.49977	 0.0013184
-3.49643	 0.00111183
-3.4931	 0.00135619
-3.48977	 0.00126599
-3.48643	 0.00109696
-3.4831	 0.00109471
-3.47977	 0.00101641
-3.47643	 0.00123698
-3.4731	 0.00103737
-3.46977	 0.00107979
-3.46644	 0.000990927
-3.4631	 0.00109282
-3.45977	 0.000982967
-3.45644	 0.000868482
-3.4531	 0.00118997
-3.44977	 0.000907064
-3.44644	 0.000815369
-3.4431	 0.00106701
-3.43977	 0.000767348
-3.43644	 0.000902957
-3.4331	 0.000943949
-3.42977	 0.000853443
-3.42644	 0.000778044
-3.42311	 0.00100108
-3.41977	 0.000981578
-3.41644	 0.000885172
-3.41311	 0.000763602
-3.40977	 0.000858537
-3.40644	 0.000953582
-3.40311	 0.000712231
-3.39977	 0.000804619
-3.39644	 0.000701593
-3.39311	 0.000899231
-3.38977	 0.000818527
-3.38644	 0.000633552
-3.38311	 0.000648271
-3.37977	 0.00071567
-3.37644	 0.00086851
-3.37311	 0.000742422
-3.36978	 0.000666043
-3.36644	 0.000663835
-3.36311	 0.000755991
-3.35978	 0.000714278
-3.35644	 0.000704096
-3.35311	 0.000704129
-3.34978	 0.000637323
-3.34644	 0.000814187
-3.34311	 0.000593937
-3.33978	 0.000510497
-3.33644	 0.000682477
-3.33311	 0.000554337
-3.32978	 0.000585727
-3.32644	 0.000635266
-3.32311	 0.00053541
-3.31978	 0.000715664
-3.31645	 0.000600145
-3.31311	 0.000549692
-3.30978	 0.000706918
-3.30645	 0.000591696
-3.30311	 0.000665546
-3.29978	 0.000702945
-3.29645	 0.000598728
-3.29311	 0.000630147
-3.28978	 0.000496816
-3.28645	 0.000546804
-3.28311	 0.000625491
-3.27978	 0.000584915
-3.27645	 0.000620167
-3.27312	 0.000471863
-3.26978	 0.000653031
-3.26645	 0.00057758
-3.26312	 0.000546877
-3.25978	 0.000485062
-3.25645	 0.000714597
-3.25312	 0.000563855
-3.24978	 0.000637938
-3.24645	 0.000648126
-3.24312	 0.000536675
-3.23978	 0.000480895
-3.23645	 0.000588154
-3.23312	 0.000570127
-3.22978	 0.00064099
-3.22645	 0.000609119
-3.22312	 0.000607433
-3.21979	 0.00048344
-3.21645	 0.00054936
-3.21312	 0.000518493
-3.20979	 0.000421203
-3.20645	 0.000545801
-3.20312	 0.000387295
-3.19979	 0.000454692
-3.19645	 0.000558954
-3.19312	 0.000552731
-3.18979	 0.00047249
-3.18645	 0.000475467
-3.18312	 0.000431354
-3.17979	 0.000491457
-3.17645	 0.000469742
-3.17312	 0.000451182
-3.16979	 0.000655077
-3.16646	 0.000496
-3.16312	 0.000488257
-3.15979	 0.000503146
-3.15646	 0.000445806
-3.15312	 0.000429205
-3.14979	 0.00049115
-3.14646	 0.000433962
-3.14312	 0.000537675
-3.13979	 0.000557251
-3.13646	 0.000367754
-3.13312	 0.000550501
-3.12979	 0.00052449
-3.12646	 0.000501123
-3.12313	 0.000508934
-3.11979	 0.000475629
-3.11646	 0.000472316
-3.11313	 0.000466487
-3.10979	 0.000450441
-3.10646	 0.000408031
-3.10313	 0.000476446
-3.09979	 0.000420338
-3.09646	 0.000562286
-3.09313	 0.000378728
-3.08979	 0.000392587
-3.08646	 0.000476687
-3.08313	 0.000432644
-3.07979	 0.000543352
-3.07646	 0.000496261
-3.07313	 0.000482882
-3.0698	 0.00047766
-3.06646	 0.00042805
-3.06313	 0.00043589
-3.0598	 0.000523962
-3.05646	 0.000499949
-3.05313	 0.000462389
-3.0498	 0.000525417
-3.04646	 0.0005807
-3.04313	 0.000453854
-3.0398	 0.000488363
-3.03646	 0.000536461
-3.03313	 0.000519502
-3.0298	 0.000553588
-3.02646	 0.000510394
-3.02313	 0.000498432
-3.0198	 0.000473102
-3.01647	 0.000574554
-3.01313	 0.000509658
-3.0098	 0.000449828
-3.00647	 0.000424258
-3.00313	 0.000494042
-2.9998	 0.000482557
-2.99647	 0.000495263
-2.99313	 0.000420108
-2.9898	 0.000440516
-2.98647	 0.000524982
-2.98313	 0.000475598
-2.9798	 0.000474599
-2.97647	 0.0004339
-2.97314	 0.000472768
-2.9698	 0.000421231
-2.96647	 0.000511139
-2.96314	 0.000412279
-2.9598	 0.000486404
-2.95647	 0.000498334
-2.95314	 0.000546696
-2.9498	 0.000442642
-2.94647	 0.000334559
-2.94314	 0.000459517
-2.9398	 0.000560429
-2.93647	 0.000522586
-2.93314	 0.000556569
-2.9298	 0.000497956
-2.92647	 0.000488382
-2.92314	 0.000468811
-2.91981	 0.000555272
-2.91647	 0.000435125
-2.91314	 0.000440932
-2.90981	 0.000606326
-2.90647	 0.000390026
-2.90314	 0.000434771
-2.89981	 0.000442015
-2.89647	 0.0005083
-2.89314	 0.000484917
-2.88981	 0.000518433
-2.88647	 0.000422762
-2.88314	 0.00043639
-2.87981	 0.000483375
-2.87647	 0.000459695
-2.87314	 0.000452951
-2.86981	 0.000433635
-2.86648	 0.000587077
-2.86314	 0.000536143
-2.85981	 0.000437373
-2.85648	 0.000500309
-2.85314	 0.00057258
-2.84981	 0.00042847
-2.84648	 0.000524261
-2.84314	 0.000587615
-2.83981	 0.000664915
-2.83648	 0.000594075
-2.83314	 0.000580479
-2.82981	 0.000525676
-2.82648	 0.000504506
-2.82315	 0.00049338
-2.81981	 0.000496076
-2.81648	 0.000507593
-2.81315	 0.000574319
-2.80981	 0.000502418
-2.80648	 0.000654924
-2.80315	 0.000702631
-2.79981	 0.000589079
-2.79648	 0.000459388
-2.79315	 0.000599723
-2.78981	 0.000526228
-2.78648	 0.000625753
-2.78315	 0.000599514
-2.77981	 0.000607985
-2.77648	 0.000640968
-2.77315	 0.000555011
-2.76982	 0.000579299
-2.76648	 0.000529572
-2.76315	 0.000799912
-2.75982	 0.000550271
-2.75648	 0.000662208
-2.75315	 0.00057605
-2.74982	 0.000643665
-2.74648	 0.000470714
-2.74315	 0.000659539
-2.73982	 0.000573405
-2.73648	 0.000630613
-2.73315	 0.000612868
-2.72982	 0.000580489
-2.72648	 0.000664653
-2.72315	 0.000579152
-2.71982	 0.000569204
-2.71649	 0.000626699
-2.71315	 0.000649553
-2.70982	 0.000625605
-2.70649	 0.000599975
-2.70315	 0.000653128
-2.69982	 0.000774254
-2.69649	 0.000704653
-2.69315	 0.000533887
-2.68982	 0.000710824
-2.68649	 0.000635196
-2.68315	 0.000666869
-2.67982	 0.000656415
-2.67649	 0.000514355
-2.67316	 0.000737688
-2.66982	 0.000669312
-2.66649	 0.000772821
-2.66316	 0.000616505
-2.65982	 0.000850654
-2.65649	 0.000775853
-2.65316	 0.000745243
-2.64982	 0.000752517
-2.64649	 0.000904908
-2.64316	 0.000671831
-2.63982	 0.000852334
-2.63649	 0.000723438
-2.63316	 0.000905083
-2.62982	 0.000855149
-2.62649	 0.000863097
-2.62316	 0.000826683
-2.61983	 0.000685522
-2.61649	 0.00114115
-2.61316	 0.000751026
-2.60983	 0.000674192
-2.60649	 0.00085306
-2.60316	 0.000906869
-2.59983	 0.000861091
-2.59649	 0.00123342
-2.59316	 0.00106722
-2.58983	 0.00108914
-2.58649	 0.000922398
-2.58316	 0.0010199
-2.57983	 0.00117501
-2.57649	 0.000858885
-2.57316	 0.0010604
-2.56983	 0.000805359
-2.5665	 0.00132235
-2.56316	 0.00100889
-2.55983	 0.000985111
-2.5565	 0.00103689
-2.55316	 0.00124496
-2.54983	 0.0012874
-2.5465	 0.00102812
-2.54316	 0.00122189
-2.53983	 0.00122549
-2.5365	 0.00127676
-2.53316	 0.00113393
-2.52983	 0.000936121
-2.5265	 0.00131347
-2.52317	 0.00142441
-2.51983	 0.00124873
-2.5165	 0.00153785
-2.51317	 0.00144314
-2.50983	 0.00126061
-2.5065	 0.00155839
-2.50317	 0.00138128
-2.49983	 0.00163125
-2.4965	 0.00150331
-2.49317	 0.00156093
-2.48983	 0.00166705
-2.4865	 0.00146946
-2.48317	 0.0017339
-2.47983	 0.0016202
-2.4765	 0.00158109
-2.47317	 0.00123609
-2.46984	 0.00169876
-2.4665	 0.00183403
-2.46317	 0.00159038
-2.45984	 0.00220917
-2.4565	 0.00168974
-2.45317	 0.00224944
-2.44984	 0.00171113
-2.4465	 0.00206859
-2.44317	 0.00251365
-2.43984	 0.00203797
-2.4365	 0.00216698
-2.43317	 0.00224479
-2.42984	 0.00209488
-2.4265	 0.00227191
-2.42317	 0.00186258
-2.41984	 0.0024451
-2.41651	 0.00239158
-2.41317	 0.00235343
-2.40984	 0.00225455
-2.40651	 0.00279268
-2.40317	 0.00309205
-2.39984	 0.00343096
-2.39651	 0.00371924
-2.39317	 0.00309511
-2.38984	 0.00356819
-2.38651	 0.00335984
-2.38317	 0.00261845
-2.37984	 0.00332099
-2.37651	 0.00306799
-2.37318	 0.00352357
-2.36984	 0.00388052
-2.36651	 0.00287064
-2.36318	 0.00338354
-2.35984	 0.00380868
-2.35651	 0.00367431
-2.35318	 0.00287753
-2.34984	 0.00337478
-2.34651	 0.00306073
-2.34318	 0.00222911
-2.33984	 0.00359831
-2.33651	 0.00251512
-2.33318	 0.00218716
-2.32984	 0.00227295
-2.32651	 0.00185328
-2.32318	 0.00182959
-2.31985	 0.001769
-2.31651	 0.00197316
-2.31318	 0.0023463
-2.30985	 0.00185899
-2.30651	 0.00159265
-2.30318	 0.00180296
-2.29985	 0.00170896
-2.29651	 0.00189049
-2.29318	 0.00146656
-2.28985	 0.00168156
-2.28651	 0.00144447
-2.28318	 0.00127208
-2.27985	 0.00129961
-2.27651	 0.00126858
-2.27318	 0.00165758
-2.26985	 0.00123947
-2.26652	 0.00157699
-2.26318	 0.00127435
-2.25985	 0.00100798
-2.25652	 0.00146317
-2.25318	 0.00144453
-2.24985	 0.00123632
-2.24652	 0.000961473
-2.24318	 0.000871697
-2.23985	 0.00114736
-2.23652	 0.000812919
-2.23318	 0.00110018
-2.22985	 0.00108111
-2.22652	 0.00098445
-2.22319	 0.000989476
-2.21985	 0.000863667
-2.21652	 0.000958156
-2.21319	 0.000673165
-2.20985	 0.000955766
-2.20652	 0.000959906
-2.20319	 0.000985071
-2.19985	 0.000767289
-2.19652	 0.000976135
-2.19319	 0.000796158
-2.18985	 0.000818077
-2.18652	 0.000621336
-2.18319	 0.000816096
-2.17985	 0.000840229
-2.17652	 0.000993093
-2.17319	 0.000848156
-2.16986	 0.000674533
-2.16652	 0.000789708
-2.16319	 0.00074269
-2.15986	 0.000684758
-2.15652	 0.000950821
-2.15319	 0.000853113
-2.14986	 0.000815577
-2.14652	 0.000645655
-2.14319	 0.000752704
-2.13986	 0.000786674
-2.13652	 0.000631723
-2.13319	 0.000811512
-2.12986	 0.000725235
-2.12652	 0.000618853
-2.12319	 0.000635196
-2.11986	 0.000720805
-2.11653	 0.000657793
-2.11319	 0.00069696
-2.10986	 0.000712244
-2.10653	 0.000766567
-2.10319	 0.000586084
-2.09986	 0.000686043
-2.09653	 0.000635741
-2.09319	 0.000610579
-2.08986	 0.00055224
-2.08653	 0.000725523
-2.08319	 0.00059598
-2.07986	 0.000591167
-2.07653	 0.000601763
-2.0732	 0.000579799
-2.06986	 0.000641073
-2.06653	 0.000567041
-2.0632	 0.000554799
-2.05986	 0.000508619
-2.05653	 0.00064993
-2.0532	 0.000598916
-2.04986	 0.000527802
-2.04653	 0.000629189
-2.0432	 0.000605933
-2.03986	 0.000593959
-2.03653	 0.000592449
-2.0332	 0.000626666
-2.02986	 0.000562653
-2.02653	 0.000571833
-2.0232	 0.000638341
-2.01987	 0.000587352
-2.01653	 0.00056086
-2.0132	 0.000587298
-2.00987	 0.000505661
-2.00653	 0.000588527
-2.0032	 0.000672961
-1.99987	 0.000541476
-1.99653	 0.000483013
-1.9932	 0.000514408
-1.98987	 0.000436622
-1.98653	 0.000488568
-1.9832	 0.000549257
-1.97987	 0.00047162
-1.97653	 0.000534738
-1.9732	 0.000659078
-1.96987	 0.000564574
-1.96654	 0.000624951
-1.9632	 0.000538983
-1.95987	 0.000414179
-1.95654	 0.000552295
-1.9532	 0.0005453
-1.94987	 0.000474821
-1.94654	 0.000527745
-1.9432	 0.000556614
-1.93987	 0.000356848
-1.93654	 0.000435514
-1.9332	 0.000528726
-1.92987	 0.000574964
-1.92654	 0.000577675
-1.92321	 0.000656308
-1.91987	 0.000683914
-1.91654	 0.000469767
-1.91321	 0.000553525
-1.90987	 0.000468776
-1.90654	 0.000550024
-1.90321	 0.000508262
-1.89987	 0.000451908
-1.89654	 0.000478187
-1.89321	 0.000628741
-1.88987	 0.000420853
-1.88654	 0.000451697
-1.88321	 0.00053168
-1.87987	 0.000538714
-1.87654	 0.000494693
-1.87321	 0.000434663
-1.86988	 0.000521208
-1.86654	 0.000591304
-1.86321	 0.00052197
-1.85988	 0.000643546
-1.85654	 0.000449811
-1.85321	 0.00036709
-1.84988	 0.000467633
-1.84654	 0.000559159
-1.84321	 0.000591504
-1.83988	 0.000388722
-1.83654	 0.000450116
-1.83321	 0.000478216
-1.82988	 0.000475533
-1.82654	 0.000597243
-1.82321	 0.00051859
-1.81988	 0.000370266
-1.81655	 0.000473999
-1.81321	 0.000513927
-1.80988	 0.000472525
-1.80655	 0.000523649
-1.80321	 0.000576449
-1.79988	 0.000433406
-1.79655	 0.000577461
-1.79321	 0.000493643
-1.78988	 0.000500463
-1.78655	 0.000459472
-1.78321	 0.000552339
-1.77988	 0.000551894
-1.77655	 0.00059502
-1.77322	 0.000474715
-1.76988	 0.000420379
-1.76655	 0.000489304
-1.76322	 0.000453156
-1.75988	 0.000438347
-1.75655	 0.000426753
-1.75322	 0.00046081
-1.74988	 0.000472432
-1.74655	 0.000548522
-1.74322	 0.000484295
-1.73988	 0.000586206
-1.73655	 0.00052174
-1.73322	 0.000505265
-1.72988	 0.000539635
-1.72655	 0.00053735
-1.72322	 0.00046831
-1.71989	 0.00056039
-1.71655	 0.000464309
-1.71322	 0.000517539
-1.70989	 0.000477302
-1.70655	 0.000469686
-1.70322	 0.000492741
-1.69989	 0.000567539
-1.69655	 0.000490917
-1.69322	 0.000520223
-1.68989	 0.000560856
-1.68655	 0.000566108
-1.68322	 0.000608928
-1.67989	 0.000550457
-1.67655	 0.000584475
-1.67322	 0.000494926
-1.66989	 0.000552695
-1.66656	 0.000507162
-1.66322	 0.000448038
-1.65989	 0.0005614
-1.65656	 0.000515456
-1.65322	 0.00046543
-1.64989	 0.00048423
-1.64656	 0.000392334
-1.64322	 0.00053198
-1.63989	 0.000474857
-1.63656	 0.000505098
-1.63322	 0.000508249
-1.62989	 0.000633203
-1.62656	 0.000550126
-1.62323	 0.000662517
-1.61989	 0.000495849
-1.61656	 0.00070973
-1.61323	 0.000604114
-1.60989	 0.000648882
-1.60656	 0.000622452
-1.60323	 0.000596776
-1.59989	 0.000493564
-1.59656	 0.000622362
-1.59323	 0.000656542
-1.58989	 0.0004918
-1.58656	 0.000557394
-1.58323	 0.000548742
-1.57989	 0.000585723
-1.57656	 0.000649671
-1.57323	 0.000534866
-1.5699	 0.000504188
-1.56656	 0.00058364
-1.56323	 0.000608107
-1.5599	 0.000634808
-1.55656	 0.000584562
-1.55323	 0.000659934
-1.5499	 0.000621749
-1.54656	 0.000456777
-1.54323	 0.000503494
-1.5399	 0.000620298
-1.53656	 0.000554992
-1.53323	 0.00065813
-1.5299	 0.000712354
-1.52656	 0.000686737
-1.52323	 0.00068331
-1.5199	 0.000611286
-1.51657	 0.00074786
-1.51323	 0.00065548
-1.5099	 0.00056972
-1.50657	 0.000849548
-1.50323	 0.000743606
-1.4999	 0.000616402
-1.49657	 0.000646899
-1.49323	 0.000614385
-1.4899	 0.000684928
-1.48657	 0.000671217
-1.48323	 0.000785629
-1.4799	 0.000813036
-1.47657	 0.000622991
-1.47324	 0.000612574
-1.4699	 0.000623281
-1.46657	 0.000684163
-1.46324	 0.000546774
-1.4599	 0.00072037
-1.45657	 0.000552881
-1.45324	 0.000684757
-1.4499	 0.00057148
-1.44657	 0.000777878
-1.44324	 0.000904225
-1.4399	 0.00079773
-1.43657	 0.00077282
-1.43324	 0.00077955
-1.4299	 0.000817617
-1.42657	 0.000804799
-1.42324	 0.000893395
-1.41991	 0.00094392
-1.41657	 0.000809852
-1.41324	 0.00092133
-1.40991	 0.000671574
-1.40657	 0.000774664
-1.40324	 0.000649835
-1.39991	 0.000938324
-1.39657	 0.00112146
-1.39324	 0.00101987
-1.38991	 0.000882428
-1.38657	 0.00101773
-1.38324	 0.00106609
-1.37991	 0.000919775
-1.37657	 0.000853568
-1.37324	 0.00107371
-1.36991	 0.000570357
-1.36658	 0.00105338
-1.36324	 0.00121204
-1.35991	 0.00103972
-1.35658	 0.00101274
-1.35324	 0.00129681
-1.34991	 0.00104971
-1.34658	 0.00115574
-1.34324	 0.00123036
-1.33991	 0.00128365
-1.33658	 0.00146905
-1.33324	 0.00113826
-1.32991	 0.0010414
-1.32658	 0.00123602
-1.32325	 0.00130995
-1.31991	 0.00142624
-1.31658	 0.00133516
-1.31325	 0.00127823
-1.30991	 0.00147529
-1.30658	 0.00154915
-1.30325	 0.00180099
-1.29991	 0.0020214
-1.29658	 0.00184534
-1.29325	 0.00141271
-1.28991	 0.00140607
-1.28658	 0.00206953
-1.28325	 0.0022191
-1.27991	 0.00210937
-1.27658	 0.00203177
-1.27325	 0.00196884
-1.26992	 0.00205239
-1.26658	 0.00195739
-1.26325	 0.00215241
-1.25992	 0.00246386
-1.25658	 0.00212205
-1.25325	 0.00254967
-1.24992	 0.00213942
-1.24658	 0.00250265
-1.24325	 0.00295478
-1.23992	 0.00314679
-1.23658	 0.00224442
-1.23325	 0.00304272
-1.22992	 0.00359032
-1.22658	 0.00358874
-1.22325	 0.00335704
-1.21992	 0.00460743
-1.21659	 0.00421694
-1.21325	 0.00367888
-1.20992	 0.00523584
-1.20659	 0.00654266
-1.20325	 0.00540254
-1.19992	 0.00789526
-1.19659	 0.00995786
-1.19325	 0.00959254
-1.18992	 0.0115017
-1.18659	 0.0115794
-1.18325	 0.0136743
-1.17992	 0.0130986
-1.17659	 0.00902289
-1.17326	 0.00928059
-1.16992	 0.00654263
-1.16659	 0.00733026
-1.16326	 0.00549561
-1.15992	 0.00587408
-1.15659	 0.00454863
-1.15326	 0.0043048
-1.14992	 0.00337864
-1.14659	 0.00367497
-1.14326	 0.00341635
-1.13992	 0.00334479
-1.13659	 0.00338434
-1.13326	 0.00274201
-1.12992	 0.00299022
-1.12659	 0.00296831
-1.12326	 0.00288342
-1.11993	 0.0021955
-1.11659	 0.00210514
-1.11326	 0.00212214
-1.10993	 0.00205767
-1.10659	 0.00194811
-1.10326	 0.00193804
-1.09993	 0.00163297
-1.09659	 0.00151461
-1.09326	 0.00161412
-1.08993	 0.00190578
-1.08659	 0.00133756
-1.08326	 0.00151883
-1.07993	 0.00144958
-1.07659	 0.00144654
-1.07326	 0.00155549
-1.06993	 0.00149601
-1.0666	 0.00158965
-1.06326	 0.00130724
-1.05993	 0.00160288
-1.0566	 0.0013188
-1.05326	 0.00104151
-1.04993	 0.00117675
-1.0466	 0.0011174
-1.04326	 0.00105221
-1.03993	 0.00120181
-1.0366	 0.0011952
-1.03326	 0.000900942
-1.02993	 0.00100057
-1.0266	 0.000993755
-1.02327	 0.00114918
-1.01993	 0.00101611
-1.0166	 0.0010031
-1.01327	 0.00109483
-1.00993	 0.000938063
-1.0066	 0.000818212
-1.00327	 0.000757403
-0.999933	 0.000956714
-0.9966	 0.00104255
-0.993267	 0.00109864
-0.989934	 0.000921186
-0.986601	 0.000931987
-0.983268	 0.000876274
-0.979935	 0.000845837
-0.976602	 0.000857742
-0.973268	 0.000963629
-0.969935	 0.000660918
-0.966602	 0.00063022
-0.963269	 0.000821425
-0.959936	 0.000761162
-0.956603	 0.000787011
-0.95327	 0.000870699
-0.949937	 0.000916134
-0.946604	 0.00102344
-0.94327	 0.000686609
-0.939937	 0.00072152
-0.936604	 0.000606352
-0.933271	 0.000831665
-0.929938	 0.000709986
-0.926605	 0.000761307
-0.923272	 0.000754155
-0.919939	 0.000816213
-0.916606	 0.000630357
-0.913272	 0.000644173
-0.909939	 0.000743593
-0.906606	 0.000762655
-0.903273	 0.00066825
-0.89994	 0.000751472
-0.896607	 0.000589118
-0.893274	 0.00067856
-0.889941	 0.000778996
-0.886608	 0.000573888
-0.883274	 0.000733097
-0.879941	 0.000659338
-0.876608	 0.000638553
-0.873275	 0.000786787
-0.869942	 0.000555574
-0.866609	 0.000651567
-0.863276	 0.000726344
-0.859943	 0.000665508
-0.85661	 0.000704117
-0.853276	 0.000541427
-0.849943	 0.000720742
-0.84661	 0.000645738
-0.843277	 0.000668943
-0.839944	 0.00068528
-0.836611	 0.00055338
-0.833278	 0.000669978
-0.829945	 0.000501232
-0.826612	 0.000630346
-0.823278	 0.000695909
-0.819945	 0.000752555
-0.816612	 0.000576941
-0.813279	 0.000576019
-0.809946	 0.000537702
-0.806613	 0.00052699
-0.80328	 0.00050462
-0.799947	 0.000474654
-0.796614	 0.000500444
-0.79328	 0.00054807
-0.789947	 0.00067345
-0.786614	 0.000602504
-0.783281	 0.000600264
-0.779948	 0.00049745
-0.776615	 0.000605637
-0.773282	 0.000603668
-0.769949	 0.000417761
-0.766616	 0.000459181
-0.763282	 0.000570538
-0.759949	 0.000552956
-0.756616	 0.000549715
-0.753283	 0.000641194
-0.74995	 0.000495763
-0.746617	 0.000519314
-0.743284	 0.000546095
-0.739951	 0.000573561
-0.736618	 0.000584862
-0.733284	 0.000541639
-0.729951	 0.000521617
-0.726618	 0.000500058
-0.723285	 0.000570352
-0.719952	 0.00053287
-0.716619	 0.000602984
-0.713286	 0.000648011
-0.709953	 0.000447787
-0.70662	 0.000555252
-0.703286	 0.000531162
-0.699953	 0.000627045
-0.69662	 0.000694148
-0.693287	 0.000533497
-0.689954	 0.000612121
-0.686621	 0.000605433
-0.683288	 0.000562099
-0.679955	 0.000618171
-0.676622	 0.000556959
-0.673288	 0.000515654
-0.669955	 0.000516053
-0.666622	 0.000569925
-0.663289	 0.000633178
-0.659956	 0.000500387
-0.656623	 0.000465214
-0.65329	 0.000588329
-0.649957	 0.000533702
-0.646624	 0.000545049
-0.64329	 0.000540451
-0.639957	 0.000459964
-0.636624	 0.000550631
-0.633291	 0.000429726
-0.629958	 0.000510117
-0.626625	 0.000549031
-0.623292	 0.000631047
-0.619959	 0.000462238
-0.616626	 0.000605634
-0.613292	 0.000432877
-0.609959	 0.000547675
-0.606626	 0.000574128
-0.603293	 0.000603646
-0.59996	 0.000509423
-0.596627	 0.000510661
-0.593294	 0.000436108
-0.589961	 0.000647269
-0.586628	 0.000532123
-0.583294	 0.000595166
-0.579961	 0.000599855
-0.576628	 0.000610381
-0.573295	 0.000572196
-0.569962	 0.000639251
-0.566629	 0.000641525
-0.563296	 0.000527432
-0.559963	 0.000544897
-0.55663	 0.000519109
-0.553296	 0.000670646
-0.549963	 0.00057831
-0.54663	 0.000595002
-0.543297	 0.000526071
-0.539964	 0.000689976
-0.536631	 0.000743995
-0.533298	 0.000619218
-0.529965	 0.000606006
-0.526632	 0.000503884
-0.523298	 0.000552308
-0.519965	 0.000629652
-0.516632	 0.000660824
-0.513299	 0.000585059
-0.509966	 0.000654358
-0.506633	 0.000450746
-0.5033	 0.000544321
-0.499967	 0.000598264
-0.496634	 0.000558665
-0.4933	 0.0004862
-0.489967	 0.000635543
-0.486634	 0.000664175
-0.483301	 0.000525674
-0.479968	 0.000590316
-0.476635	 0.000481513
-0.473302	 0.000693384
-0.469969	 0.000632222
-0.466636	 0.000587771
-0.463302	 0.000812853
-0.459969	 0.000584964
-0.456636	 0.000532589
-0.453303	 0.000658213
-0.44997	 0.000677638
-0.446637	 0.000541427
-0.443304	 0.000624244
-0.439971	 0.000562976
-0.436638	 0.000566457
-0.433304	 0.000551743
-0.429971	 0.000617117
-0.426638	 0.00063129
-0.423305	 0.000626981
-0.419972	 0.000710715
-0.416639	 0.000731863
-0.413306	 0.000605804
-0.409973	 0.000751913
-0.40664	 0.000592856
-0.403306	 0.00071477
-0.399973	 0.00066623
-0.39664	 0.000611862
-0.393307	 0.000534564
-0.389974	 0.000766733
-0.386641	 0.000584951
-0.383308	 0.000564346
-0.379975	 0.00062936
-0.376642	 0.0005376
-0.373308	 0.000724224
-0.369975	 0.000711314
-0.366642	 0.00079473
-0.363309	 0.000624391
-0.359976	 0.000861854
-0.356643	 0.000638403
-0.35331	 0.000818301
-0.349977	 0.000803021
-0.346644	 0.000762816
-0.34331	 0.00080232
-0.339977	 0.000682207
-0.336644	 0.000701233
-0.333311	 0.000693487
-0.329978	 0.00071484
-0.326645	 0.000695783
-0.323312	 0.000741625
-0.319979	 0.000787645
-0.316646	 0.000757571
-0.313312	 0.000710994
-0.309979	 0.000734922
-0.306646	 0.000748724
-0.303313	 0.000698312
-0.29998	 0.000919364
-0.296647	 0.00090552
-0.293314	 0.000771262
-0.289981	 0.000967702
-0.286648	 0.000837564
-0.283314	 0.00082614
-0.279981	 0.00102785
-0.276648	 0.000852269
-0.273315	 0.00105854
-0.269982	 0.000917111
-0.266649	 0.000823996
-0.263316	 0.00104507
-0.259983	 0.000668899
-0.25665	 0.00115587
-0.253316	 0.00106359
-0.249983	 0.000818474
-0.24665	 0.000841057
-0.243317	 0.000879421
-0.239984	 0.000807043
-0.236651	 0.00101019
-0.233318	 0.00103379
-0.229985	 0.00105593
-0.226652	 0.000865625
-0.223318	 0.00101158
-0.219985	 0.00108825
-0.216652	 0.00104012
-0.213319	 0.000913239
-0.209986	 0.00115903
-0.206653	 0.00095925
-0.20332	 0.00106126
-0.199987	 0.00109422
-0.196654	 0.00145835
-0.19332	 0.00101534
-0.189987	 0.00100577
-0.186654	 0.00103649
-0.183321	 0.00128928
-0.179988	 0.00138606
-0.176655	 0.00117025
-0.173322	 0.00137409
-0.169989	 0.0013153
-0.166656	 0.00137504
-0.163322	 0.00141247
-0.159989	 0.00127955
-0.156656	 0.0013144
-0.153323	 0.00144343
-0.14999	 0.00188097
-0.146657	 0.00157802
-0.143324	 0.00129743
-0.139991	 0.00152
-0.136658	 0.00155461
-0.133324	 0.0017987
-0.129991	 0.00144667
-0.126658	 0.00134064
-0.123325	 0.00173146
-0.119992	 0.00187689
-0.116659	 0.00172795
-0.113326	 0.00185364
-0.109993	 0.00208925
-0.10666	 0.0016453
-0.103326	 0.00254873
-0.0999933	 0.00191994
-0.0966602	 0.00214536
-0.0933271	 0.00245825
-0.089994	 0.00241478
-0.0866609	 0.0025419
-0.0833278	 0.00190618
-0.0799947	 0.00261798
-0.0766616	 0.002229
-0.0733284	 0.00321311
-0.0699953	 0.0032087
-0.0666622	 0.00317546
-0.0633291	 0.0030174
-0.059996	 0.00357063
-0.0566629	 0.00336965
-0.0533298	 0.00431323
-0.0499967	 0.00438407
-0.0466636	 0.00415025
-0.0433304	 0.00521437
-0.0399973	 0.0046125
-0.0366642	 0.00579377
-0.0333311	 0.0064095
-0.029998	 0.00738285
-0.0266649	 0.00875983
-0.0233318	 0.0112826
-0.0199987	 0.0131707
-0.0166656	 0.0145488
-0.0133324	 0.016872
-0.00999933	 0.0273203
-0.00666622	 0.0472985
-0.00333311	 7.89082e-06
0	 1
0.00333311	 0.0473546
0.00666622	 0.0305726
0.00999933	 0.0167919
0.0133324	 0.0155409
0.0166656	 0.0126983
0.0199987	 0.011485
0.0233318	 0.00888634
0.0266649	 0.00738019
0.029998	 0.00637777
0.0333311	 0.00581432
0.0366642	 0.00437513
0.0399973	 0.00496058
0.0433304	 0.00470202
0.0466636	 0.00424958
0.0499967	 0.00448945
0.0533298	 0.00347041
0.0566629	 0.00325906
0.059996	 0.00298909
0.0633291	 0.00333753
0.0666622	 0.00327423
0.0699953	 0.00311385
0.0733284	 0.00202297
0.0766616	 0.00290995
0.0799947	 0.00219165
0.0833278	 0.00249302
0.0866609	 0.00239691
0.089994	 0.00197095
0.0933271	 0.00215489
0.0966602	 0.00189446
0.0999933	 0.00255695
0.103326	 0.00207954
0.10666	 0.00217274
0.109993	 0.00183137
0.113326	 0.00148225
0.116659	 0.00169919
0.119992	 0.00193264
0.123325	 0.00141448
0.126658	 0.0014453
0.129991	 0.00191439
0.133324	 0.00145052
0.136658	 0.00144241
0.139991	 0.00139766
0.143324	 0.00163613
0.146657	 0.00173036
0.14999	 0.00157304
0.153323	 0.0010697
0.156656	 0.00128715
0.159989	 0.00146378
0.163322	 0.00142837
0.166656	 0.00126775
0.169989	 0.00134258
0.173322	 0.00122946
0.176655	 0.00131989
0.179988	 0.00110374
0.183321	 0.0011592
0.186654	 0.00110638
0.189987	 0.0010474
0.19332	 0.00118577
0.196654	 0.00113137
0.199987	 0.00107496
0.20332	 0.00099597
0.206653	 0.00104958
0.209986	 0.000977703
0.213319	 0.00115091
0.216652	 0.00105099
0.219985	 0.00098242
0.223318	 0.000938461
0.226652	 0.000889793
0.229985	 0.0011388
0.233318	 0.000973898
0.236651	 0.000975351
0.239984	 0.00101181
0.243317	 0.00102621
0.24665	 0.00084753
0.249983	 0.0010453
0.253316	 0.00096315
0.25665	 0.000944085
0.259983	 0.000786879
0.263316	 0.000888209
0.266649	 0.000849263
0.269982	 0.000981108
0.273315	 0.000777589
0.276648	 0.000878548
0.279981	 0.000942589
0.283314	 0.000627772
0.286648	 0.000902474
0.289981	 0.000637202
0.293314	 0.000829848
0.296647	 0.00086151
0.29998	 0.000768262
0.303313	 0.00071291
0.306646	 0.000842952
0.309979	 0.000663767
0.313312	 0.000709856
0.316646	 0.000644771
0.319979	 0.000592041
0.323312	 0.000977158
0.326645	 0.000856627
0.329978	 0.000589107
0.333311	 0.00069654
0.336644	 0.00066361
0.339977	 0.000847899
0.34331	 0.000713831
0.346644	 0.000626435
0.349977	 0.000777543
0.35331	 0.000565348
0.356643	 0.000687953
0.359976	 0.000602987
0.363309	 0.00063161
0.366642	 0.000673915
0.369975	 0.000708401
0.373308	 0.000649297
0.376642	 0.000787801
0.379975	 0.000724948
0.383308	 0.0006418
0.386641	 0.000648633
0.389974	 0.000500179
0.393307	 0.000700718
0.39664	 0.00054147
0.399973	 0.000666568
0.403306	 0.000602117
0.40664	 0.00078407
0.409973	 0.000534262
0.413306	 0.000784725
0.416639	 0.000631966
0.419972	 0.00061011
0.423305	 0.000619636
0.426638	 0.00075581
0.429971	 0.000516887
0.433304	 0.000523697
0.436638	 0.000707237
0.439971	 0.000542111
0.443304	 0.0004853
0.446637	 0.000717041
0.44997	 0.000836497
0.453303	 0.000612321
0.456636	 0.000549671
0.459969	 0.000639625
0.463302	 0.000592947
0.466636	 0.000493023
0.469969	 0.000720688
0.473302	 0.000494747
0.476635	 0.000669804
0.479968	 0.000533101
0.483301	 0.000674644
0.486634	 0.00055257
0.489967	 0.000551329
0.4933	 0.000576013
0.496634	 0.000716538
0.499967	 0.00056647
0.5033	 0.000544
0.506633	 0.00070817
0.509966	 0.00059051
0.513299	 0.000640004
0.516632	 0.000492727
0.519965	 0.000503824
0.523298	 0.000488982
0.526632	 0.000650768
0.529965	 0.000523818
0.533298	 0.000586479
0.536631	 0.000616818
0.539964	 0.000462731
0.543297	 0.000496529
0.54663	 0.000581013
0.549963	 0.000611468
0.553296	 0.000635462
0.55663	 0.000719364
0.559963	 0.000486986
0.563296	 0.000588173
0.566629	 0.000575084
0.569962	 0.000590703
0.573295	 0.00059607
0.576628	 0.000565862
0.579961	 0.000470558
0.583294	 0.000515971
0.586628	 0.000585212
0.589961	 0.000542974
0.593294	 0.000476371
0.596627	 0.000535666
0.59996	 0.000627942
0.603293	 0.000520783
0.606626	 0.000500825
0.609959	 0.000526782
0.613292	 0.000497356
0.616626	 0.000613819
0.619959	 0.000500041
0.623292	 0.000483142
0.626625	 0.000373456
0.629958	 0.000502804
0.633291	 0.000489927
0.636624	 0.000571199
0.639957	 0.000548249
0.64329	 0.000627448
0.646624	 0.000499556
0.649957	 0.000535827
0.65329	 0.000567988
0.656623	 0.000507362
0.659956	 0.000696254
0.663289	 0.000528257
0.666622	 0.000538519
0.669955	 0.000537494
0.673288	 0.000569547
0.676622	 0.000601485
0.679955	 0.000533987
0.683288	 0.000583158
0.686621	 0.000547703
0.689954	 0.000495799
0.693287	 0.000495671
0.69662	 0.000664531
0.699953	 0.000546382
0.703286	 0.00060345
0.70662	 0.000580678
0.709953	 0.000573242
0.713286	 0.000607982
0.716619	 0.000566055
0.719952	 0.000630536
0.723285	 0.00046303
0.726618	 0.000520351
0.729951	 0.000492779
0.733284	 0.000562959
0.736618	 0.000545648
0.739951	 0.000500242
0.743284	 0.000586457
0.746617	 0.000592092
0.74995	 0.000497563
0.753283	 0.000639769
0.756616	 0.000637327
0.759949	 0.000552965
0.763282	 0.000484693
0.766616	 0.000609045
0.769949	 0.000578025
0.773282	 0.00066498
0.776615	 0.000564467
0.779948	 0.00047305
0.783281	 0.000490491
0.786614	 0.000587448
0.789947	 0.000587254
0.79328	 0.000594627
0.796614	 0.000465501
0.799947	 0.000477184
0.80328	 0.000642796
0.806613	 0.000529812
0.809946	 0.0007444
0.813279	 0.000671299
0.816612	 0.000688211
0.819945	 0.000739187
0.823278	 0.000511464
0.826612	 0.000579183
0.829945	 0.000631568
0.833278	 0.000688867
0.836611	 0.000646012
0.839944	 0.000690262
0.843277	 0.00060819
0.84661	 0.000694787
0.849943	 0.000532885
0.853276	 0.000603421
0.85661	 0.000590312
0.859943	 0.000659513
0.863276	 0.000554524
0.866609	 0.000607225
0.869942	 0.000629964
0.873275	 0.000746093
0.876608	 0.0007375
0.879941	 0.000685508
0.883274	 0.000562955
0.886608	 0.000803526
0.889941	 0.00077968
0.893274	 0.000568515
0.896607	 0.000697395
0.89994	 0.000760361
0.903273	 0.000790557
0.906606	 0.000851024
0.909939	 0.000619389
0.913272	 0.000734523
0.916606	 0.000569033
0.919939	 0.000773307
0.923272	 0.00069754
0.926605	 0.000843126
0.929938	 0.000742373
0.933271	 0.000701301
0.936604	 0.00067134
0.939937	 0.000735829
0.94327	 0.000778558
0.946604	 0.000837933
0.949937	 0.000895959
0.95327	 0.000684164
0.956603	 0.000827209
0.959936	 0.000738551
0.963269	 0.000845675
0.966602	 0.000827737
0.969935	 0.000996655
0.973268	 0.000954096
0.976602	 0.000927247
0.979935	 0.000932561
0.983268	 0.00099849
0.986601	 0.00106415
0.989934	 0.000898644
0.993267	 0.00090998
0.9966	 0.00101993
0.999933	 0.000950889
1.00327	 0.000853926
1.0066	 0.0010225
1.00993	 0.000875285
1.01327	 0.00101715
1.0166	 0.00113377
1.01993	 0.00099718
1.02327	 0.000967205
1.0266	 0.000940138
1.02993	 0.00107906
1.03326	 0.00130494
1.0366	 0.00105334
1.03993	 0.00117448
1.04326	 0.00115549
1.0466	 0.00120345
1.04993	 0.00110185
1.05326	 0.00124698
1.0566	 0.0013702
1.05993	 0.00116375
1.06326	 0.00184271
1.0666	 0.00146678
1.06993	 0.00151867
1.07326	 0.00112843
1.07659	 0.00158691
1.07993	 0.00138819
1.08326	 0.00123951
1.08659	 0.0016058
1.08993	 0.00136718
1.09326	 0.00152451
1.09659	 0.00130845
1.09993	 0.00196192
1.10326	 0.0016895
1.10659	 0.00199696
1.10993	 0.00210364
1.11326	 0.00204336
1.11659	 0.00215623
1.11993	 0.00273743
1.12326	 0.00276555
1.12659	 0.00282156
1.12992	 0.00254532
1.13326	 0.00357089
1.13659	 0.00355036
1.13992	 0.00350361
1.14326	 0.0036032
1.14659	 0.00271268
1.14992	 0.00385634
1.15326	 0.00413259
1.15659	 0.00610613
1.15992	 0.00493497
1.16326	 0.00705509
1.16659	 0.00731125
1.16992	 0.00783261
1.17326	 0.00884009
1.17659	 0.0144952
1.17992	 0.0121773
1.18325	 0.012475
1.18659	 0.0121554
1.18992	 0.0097305
1.19325	 0.0095833
1.19659	 0.0079486
1.19992	 0.0061315
1.20325	 0.0067565
1.20659	 0.00503393
1.20992	 0.00360867
1.21325	 0.00414796
1.21659	 0.00377659
1.21992	 0.00326959
1.22325	 0.00342309
1.22658	 0.0042047
1.22992	 0.00291659
1.23325	 0.00278994
1.23658	 0.00259551
1.23992	 0.00263449
1.24325	 0.00225246
1.24658	 0.00231177
1.24992	 0.0025393
1.25325	 0.00199719
1.25658	 0.00258445
1.25992	 0.00200505
1.26325	 0.00258517
1.26658	 0.00202403
1.26992	 0.00194611
1.27325	 0.00164535
1.27658	 0.00245413
1.27991	 0.00208188
1.28325	 0.0017563
1.28658	 0.00160956
1.28991	 0.0014878
1.29325	 0.00164322
1.29658	 0.00197304
1.29991	 0.00130194
1.30325	 0.0011969
1.30658	 0.00128682
1.30991	 0.00130483
1.31325	 0.00149091
1.31658	 0.00149578
1.31991	 0.00130648
1.32325	 0.00120312
1.32658	 0.0013046
1.32991	 0.0013344
1.33324	 0.00105986
1.33658	 0.00120026
1.33991	 0.00103899
1.34324	 0.00120806
1.34658	 0.00106044
1.34991	 0.00104609
1.35324	 0.00128297
1.35658	 0.00103684
1.35991	 0.000855341
1.36324	 0.000989487
1.36658	 0.00121436
1.36991	 0.00116959
1.37324	 0.000858382
1.37657	 0.00111532
1.37991	 0.00128431
1.38324	 0.000971535
1.38657	 0.000868898
1.38991	 0.00077189
1.39324	 0.000929088
1.39657	 0.000839416
1.39991	 0.00103257
1.40324	 0.000742009
1.40657	 0.000780326
1.40991	 0.000905851
1.41324	 0.000840992
1.41657	 0.000997806
1.41991	 0.000605272
1.42324	 0.000824996
1.42657	 0.000737847
1.4299	 0.000898156
1.43324	 0.000632242
1.43657	 0.000752515
1.4399	 0.00090138
1.44324	 0.000659131
1.44657	 0.00069166
1.4499	 0.000717771
1.45324	 0.000571142
1.45657	 0.000770296
1.4599	 0.000755854
1.46324	 0.000467922
1.46657	 0.00055069
1.4699	 0.000656066
1.47324	 0.000786941
1.47657	 0.000800849
1.4799	 0.000802732
1.48323	 0.000670069
1.48657	 0.000786506
1.4899	 0.000802791
1.49323	 0.000572269
1.49657	 0.000844856
1.4999	 0.000706565
1.50323	 0.000652654
1.50657	 0.000689724
1.5099	 0.000631427
1.51323	 0.000718256
1.51657	 0.000693156
1.5199	 0.00066355
1.52323	 0.000678587
1.52656	 0.00063994
1.5299	 0.000605936
1.53323	 0.000605638
1.53656	 0.00066503
1.5399	 0.000734967
1.54323	 0.000653323
1.54656	 0.000621421
1.5499	 0.000702219
1.55323	 0.000648865
1.55656	 0.000576609
1.5599	 0.000509284
1.56323	 0.00059361
1.56656	 0.000641529
1.5699	 0.000622083
1.57323	 0.000505771
1.57656	 0.000534658
1.57989	 0.000567331
1.58323	 0.000558095
1.58656	 0.000614269
1.58989	 0.000698561
1.59323	 0.000497871
1.59656	 0.000559275
1.59989	 0.000484775
1.60323	 0.000485859
1.60656	 0.00058398
1.60989	 0.000542936
1.61323	 0.000664773
1.61656	 0.000611584
1.61989	 0.000801821
1.62323	 0.000586446
1.62656	 0.000637158
1.62989	 0.000569712
1.63322	 0.000609673
1.63656	 0.00061786
1.63989	 0.000454131
1.64322	 0.000502975
1.64656	 0.000548119
1.64989	 0.000542057
1.65322	 0.000570987
1.65656	 0.000476339
1.65989	 0.000470935
1.66322	 0.00048729
1.66656	 0.000451732
1.66989	 0.000553629
1.67322	 0.000493452
1.67655	 0.00049842
1.67989	 0.000481457
1.68322	 0.000476791
1.68655	 0.000458192
1.68989	 0.000588627
1.69322	 0.000499654
1.69655	 0.000439554
1.69989	 0.000415469
1.70322	 0.000469641
1.70655	 0.000478391
1.70989	 0.000446721
1.71322	 0.000490378
1.71655	 0.000493302
1.71989	 0.000527398
1.72322	 0.000419765
1.72655	 0.000462467
1.72988	 0.00048441
1.73322	 0.000503885
1.73655	 0.000649539
1.73988	 0.000422448
1.74322	 0.000609557
1.74655	 0.000457069
1.74988	 0.000451646
1.75322	 0.000505834
1.75655	 0.000450228
1.75988	 0.000469148
1.76322	 0.000567694
1.76655	 0.000458965
1.76988	 0.000405023
1.77322	 0.000476518
1.77655	 0.000561086
1.77988	 0.000465015
1.78321	 0.000479855
1.78655	 0.000526152
1.78988	 0.000601555
1.79321	 0.00044046
1.79655	 0.000472893
1.79988	 0.000488052
1.80321	 0.000559507
1.80655	 0.000500477
1.80988	 0.000570243
1.81321	 0.000607633
1.81655	 0.0005401
1.81988	 0.000365064
1.82321	 0.000546614
1.82654	 0.000427866
1.82988	 0.000470316
1.83321	 0.000482808
1.83654	 0.000461193
1.83988	 0.000616452
1.84321	 0.000487121
1.84654	 0.000424018
1.84988	 0.000482563
1.85321	 0.000449725
1.85654	 0.000513823
1.85988	 0.000535057
1.86321	 0.000454948
1.86654	 0.000432394
1.86988	 0.000452965
1.87321	 0.000517311
1.87654	 0.000510378
1.87987	 0.00054171
1.88321	 0.000532194
1.88654	 0.00037465
1.88987	 0.000413015
1.89321	 0.00045333
1.89654	 0.000420803
1.89987	 0.000476091
1.90321	 0.000501719
1.90654	 0.000488502
1.90987	 0.000409844
1.91321	 0.000497223
1.91654	 0.000525846
1.91987	 0.000491087
1.92321	 0.000615125
1.92654	 0.000531359
1.92987	 0.000496644
1.9332	 0.000596664
1.93654	 0.000439358
1.93987	 0.000571973
1.9432	 0.000441169
1.94654	 0.000443209
1.94987	 0.000451527
1.9532	 0.000505788
1.95654	 0.000578959
1.95987	 0.000559081
1.9632	 0.000598165
1.96654	 0.000449723
1.96987	 0.000529524
1.9732	 0.000616185
1.97653	 0.000568764
1.97987	 0.000563766
1.9832	 0.000593922
1.98653	 0.000529819
1.98987	 0.000476625
1.9932	 0.00056804
1.99653	 0.000520553
1.99987	 0.000587955
2.0032	 0.000436118
2.00653	 0.000552722
2.00987	 0.000566919
2.0132	 0.000547278
2.01653	 0.000517595
2.01987	 0.000618526
2.0232	 0.000469927
2.02653	 0.000551497
2.02986	 0.000507667
2.0332	 0.000589015
2.03653	 0.000651824
2.03986	 0.000571031
2.0432	 0.000546054
2.04653	 0.000707913
2.04986	 0.000611436
2.0532	 0.000640263
2.05653	 0.000399126
2.05986	 0.000623541
2.0632	 0.000638813
2.06653	 0.000661528
2.06986	 0.0006102
2.0732	 0.000692982
2.07653	 0.000720844
2.07986	 0.000580211
2.08319	 0.0006128
2.08653	 0.000575491
2.08986	 0.000688784
2.09319	 0.00061289
2.09653	 0.000541575
2.09986	 0.000618051
2.10319	 0.000678631
2.10653	 0.000790319
2.10986	 0.000641041
2.11319	 0.000605528
2.11653	 0.000701289
2.11986	 0.000650593
2.12319	 0.000659227
2.12652	 0.000692808
2.12986	 0.000623365
2.13319	 0.000618409
2.13652	 0.000862066
2.13986	 0.000855407
2.14319	 0.000553544
2.14652	 0.00071837
2.14986	 0.000796945
2.15319	 0.000882299
2.15652	 0.000630411
2.15986	 0.000691432
2.16319	 0.000682242
2.16652	 0.000731734
2.16986	 0.000730754
2.17319	 0.000911262
2.17652	 0.000747105
2.17985	 0.000966643
2.18319	 0.000711406
2.18652	 0.00088844
2.18985	 0.000774986
2.19319	 0.0007718
2.19652	 0.000880728
2.19985	 0.000922464
2.20319	 0.00072491
2.20652	 0.00098066
2.20985	 0.00100696
2.21319	 0.000927789
2.21652	 0.000924657
2.21985	 0.000996353
2.22319	 0.00116181
2.22652	 0.00085591
2.22985	 0.00115037
2.23318	 0.00107113
2.23652	 0.00112368
2.23985	 0.000945245
2.24318	 0.00110425
2.24652	 0.00117214
2.24985	 0.00150387
2.25318	 0.00115805
2.25652	 0.00115366
2.25985	 0.0014003
2.26318	 0.00108931
2.26652	 0.00154261
2.26985	 0.00138256
2.27318	 0.00130494
2.27651	 0.00147853
2.27985	 0.00133017
2.28318	 0.00129998
2.28651	 0.00146773
2.28985	 0.00184848
2.29318	 0.00177283
2.29651	 0.00160803
2.29985	 0.00182955
2.30318	 0.00183735
2.30651	 0.00200881
2.30985	 0.00187721
2.31318	 0.0018729
2.31651	 0.00192935
2.31985	 0.00175631
2.32318	 0.00210283
2.32651	 0.00237577
2.32984	 0.00253847
2.33318	 0.00289193
2.33651	 0.00339945
2.33984	 0.00224546
2.34318	 0.00287189
2.34651	 0.00309236
2.34984	 0.00299947
2.35318	 0.00369774
2.35651	 0.00286175
2.35984	 0.00326259
2.36318	 0.0026499
2.36651	 0.00320046
2.36984	 0.00304084
2.37318	 0.00270918
2.37651	 0.00273601
2.37984	 0.0031173
2.38317	 0.00293355
2.38651	 0.00360562
2.38984	 0.00363092
2.39317	 0.00385581
2.39651	 0.0035547
2.39984	 0.00310144
2.40317	 0.00262955
2.40651	 0.00263828
2.40984	 0.00266213
2.41317	 0.00283412
2.41651	 0.00260139
2.41984	 0.00238923
2.42317	 0.0024507
2.4265	 0.00164328
2.42984	 0.00268351
2.43317	 0.00212481
2.4365	 0.00173205
2.43984	 0.00210407
2.44317	 0.00235836
2.4465	 0.00187618
2.44984	 0.00192763
2.45317	 0.00206899
2.4565	 0.00199688
2.45984	 0.00159678
2.46317	 0.00147346
2.4665	 0.0016501
2.46984	 0.00160333
2.47317	 0.00166397
2.4765	 0.00158915
2.47983	 0.00160586
2.48317	 0.0012171
2.4865	 0.00165376
2.48983	 0.00139771
2.49317	 0.00141926
2.4965	 0.00173485
2.49983	 0.00114734
2.50317	 0.00136199
2.5065	 0.00130488
2.50983	 0.00159565
2.51317	 0.00137451
2.5165	 0.00145606
2.51983	 0.00131027
2.52317	 0.00122781
2.5265	 0.00132857
2.52983	 0.00119034
2.53316	 0.00109065
2.5365	 0.0010911
2.53983	 0.0010812
2.54316	 0.000977001
2.5465	 0.00122079
2.54983	 0.00133041
2.55316	 0.00128693
2.5565	 0.000975673
2.55983	 0.000847999
2.56316	 0.00119118
2.5665	 0.00112325
2.56983	 0.000976878
2.57316	 0.00102517
2.57649	 0.00102235
2.57983	 0.000940926
2.58316	 0.00101468
2.58649	 0.0011271
2.58983	 0.0012043
2.59316	 0.00104085
2.59649	 0.000863342
2.59983	 0.00100726
2.60316	 0.000998229
2.60649	 0.000884311
2.60983	 0.000942202
2.61316	 0.00105712
2.61649	 0.000789032
2.61983	 0.000762768
2.62316	 0.000768974
2.62649	 0.000725121
2.62982	 0.000820102
2.63316	 0.0007426
2.63649	 0.000950274
2.63982	 0.000801128
2.64316	 0.000631059
2.64649	 0.000842543
2.64982	 0.000663218
2.65316	 0.000845518
2.65649	 0.00062801
2.65982	 0.000672754
2.66316	 0.000666779
2.66649	 0.000801871
2.66982	 0.000795166
2.67316	 0.000709109
2.67649	 0.000713212
2.67982	 0.000736974
2.68315	 0.000613249
2.68649	 0.000643758
2.68982	 0.000706663
2.69315	 0.000813265
2.69649	 0.000652331
2.69982	 0.000851211
2.70315	 0.000629721
2.70649	 0.000616327
2.70982	 0.000736204
2.71315	 0.00055786
2.71649	 0.000669746
2.71982	 0.000580501
2.72315	 0.000609423
2.72648	 0.000703723
2.72982	 0.000717502
2.73315	 0.000605849
2.73648	 0.000636531
2.73982	 0.000445455
2.74315	 0.000533679
2.74648	 0.000553086
2.74982	 0.000449314
2.75315	 0.00052875
2.75648	 0.000641467
2.75982	 0.000568217
2.76315	 0.000534838
2.76648	 0.000636876
2.76982	 0.000653583
2.77315	 0.000725695
2.77648	 0.000545438
2.77981	 0.000585259
2.78315	 0.000726387
2.78648	 0.000511797
2.78981	 0.000533774
2.79315	 0.000655389
2.79648	 0.000485426
2.79981	 0.000562383
2.80315	 0.000494807
2.80648	 0.000466026
2.80981	 0.000573905
2.81315	 0.000572456
2.81648	 0.000508558
2.81981	 0.000467831
2.82315	 0.000556791
2.82648	 0.000531066
2.82981	 0.000568562
2.83314	 0.000560933
2.83648	 0.000515235
2.83981	 0.000405831
2.84314	 0.000544157
2.84648	 0.00047125
2.84981	 0.000497619
2.85314	 0.000498881
2.85648	 0.000492012
2.85981	 0.000536464
2.86314	 0.000493699
2.86648	 0.000466533
2.86981	 0.000524795
2.87314	 0.000572636
2.87647	 0.000583547
2.87981	 0.000434332
2.88314	 0.000649255
2.88647	 0.000405646
2.88981	 0.000523201
2.89314	 0.000650111
2.89647	 0.000518871
2.89981	 0.000510864
2.90314	 0.000667504
2.90647	 0.00051984
2.90981	 0.000449446
2.91314	 0.000557525
2.91647	 0.000466279
2.91981	 0.000485512
2.92314	 0.000476016
2.92647	 0.000520404
2.9298	 0.000511617
2.93314	 0.000564084
2.93647	 0.000400194
2.9398	 0.000487537
2.94314	 0.000495218
2.94647	 0.000552912
2.9498	 0.00055539
2.95314	 0.000425997
2.95647	 0.000579504
2.9598	 0.0004446
2.96314	 0.000570665
2.96647	 0.000469004
2.9698	 0.000477361
2.97314	 0.000461518
2.97647	 0.000532538
2.9798	 0.000532281
2.98313	 0.000433583
2.98647	 0.000464481
2.9898	 0.00052955
2.99313	 0.000659846
2.99647	 0.000472695
2.9998	 0.000458374
3.00313	 0.000457098
3.00647	 0.000490081
3.0098	 0.000401492
3.01313	 0.000446769
3.01647	 0.000474819
3.0198	 0.000554406
3.02313	 0.000361649
3.02646	 0.0004225
3.0298	 0.000476459
3.03313	 0.00070465
3.03646	 0.000578687
3.0398	 0.000466207
3.04313	 0.000445469
3.04646	 0.000487117
3.0498	 0.000520252
3.05313	 0.000529374
3.05646	 0.000521942
3.0598	 0.000384625
3.06313	 0.000471265
3.06646	 0.000462144
3.0698	 0.000408905
3.07313	 0.000429066
3.07646	 0.000442781
3.07979	 0.000534672
3.08313	 0.000448578
3.08646	 0.000463667
3.08979	 0.000452399
3.09313	 0.00070133
3.09646	 0.000579205
3.09979	 0.00043652
3.10313	 0.000685074
3.10646	 0.000405933
3.10979	 0.000587676
3.11313	 0.000519259
3.11646	 0.000422054
3.11979	 0.000467498
3.12313	 0.000609627
3.12646	 0.00053041
3.12979	 0.000478008
3.13312	 0.00043666
3.13646	 0.000476255
3.13979	 0.000484724
3.14312	 0.000475164
3.14646	 0.000485927
3.14979	 0.000497829
3.15312	 0.000606329
3.15646	 0.000473926
3.15979	 0.00059979
3.16312	 0.00047138
3.16646	 0.000492445
3.16979	 0.000518227
3.17312	 0.000558931
3.17645	 0.00060899
3.17979	 0.000511883
3.18312	 0.000443345
3.18645	 0.000449811
3.18979	 0.000545891
3.19312	 0.000515614
3.19645	 0.000600936
3.19979	 0.00050001
3.20312	 0.000541721
3.20645	 0.000533913
3.20979	 0.000517936
3.21312	 0.000539732
3.21645	 0.000512438
3.21979	 0.000686783
3.22312	 0.000437908
3.22645	 0.000494326
3.22978	 0.000519879
3.23312	 0.000505477
3.23645	 0.000569441
3.23978	 0.000575163
3.24312	 0.00058359
3.24645	 0.00041556
3.24978	 0.00057266
3.25312	 0.000620561
3.25645	 0.000557722
3.25978	 0.000530049
3.26312	 0.000659636
3.26645	 0.000536875
3.26978	 0.000519951
3.27312	 0.000557744
3.27645	 0.000566096
3.27978	 0.000511041
3.28311	 0.000671012
3.28645	 0.000523101
3.28978	 0.000556391
3.29311	 0.000583251
3.29645	 0.000707982
3.29978	 0.00075187
3.30311	 0.000565735
3.30645	 0.000581542
3.30978	 0.000681161
3.31311	 0.000540892
3.31645	 0.000668774
3.31978	 0.000759628
3.32311	 0.000724478
3.32644	 0.000819342
3.32978	 0.000549225
3.33311	 0.000561496
3.33644	 0.000668348
3.33978	 0.000786993
3.34311	 0.000735372
3.34644	 0.000558947
3.34978	 0.000560104
3.35311	 0.000688282
3.35644	 0.0006568
3.35978	 0.000597022
3.36311	 0.00075723
3.36644	 0.000639831
3.36978	 0.000712355
3.37311	 0.000771833
3.37644	 0.000859485
3.37977	 0.000761752
3.38311	 0.000858529
3.38644	 0.000690204
3.38977	 0.000780117
3.39311	 0.000867036
3.39644	 0.000824854
3.39977	 0.00093392
3.40311	 0.000797966
3.40644	 0.000746576
3.40977	 0.000800741
3.41311	 0.00104677
3.41644	 0.000991684
3.41977	 0.000875666
3.42311	 0.000886629
3.42644	 0.000781173
3.42977	 0.000791164
3.4331	 0.00101789
3.43644	 0.0010047
3.43977	 0.000949966
3.4431	 0.000912635
3.44644	 0.00104057
3.44977	 0.00102233
3.4531	 0.000834907
3.45644	 0.000719522
3.45977	 0.00106624
3.4631	 0.00101846
3.46644	 0.00104236
3.46977	 0.000990536
3.4731	 0.00109616
3.47643	 0.000964333
3.47977	 0.00112831
3.4831	 0.000867737
3.48643	 0.00120981
3.48977	 0.00123756
3.4931	 0.00103031
3.49643	 0.0013792
3.49977	 0.0011853
3.5031	 0.00148203
3.50643	 0.0013925
3.50977	 0.0011854
3.5131	 0.00122443
3.51643	 0.00125145
3.51977	 0.00128328
3.5231	 0.00126104
3.52643	 0.00133528
3.52976	 0.00168781
3.5331	 0.00129103
3.53643	 0.00159347
3.53976	 0.00179737
3.5431	 0.0019273
3.54643	 0.00165378
3.54976	 0.00157501
3.5531	 0.00174693
3.55643	 0.00173597
3.55976	 0.00212583
3.5631	 0.00176653
3.56643	 0.00181537
3.56976	 0.00205281
3.5731	 0.00207566
3.57643	 0.00139362
3.57976	 0.00213887
3.58309	 0.00225054
3.58643	 0.00226322
3.58976	 0.00213664
3.59309	 0.00164384
3.59643	 0.00259454
3.59976	 0.00192099
3.60309	 0.00185392
3.60643	 0.00175673
3.60976	 0.00175945
3.61309	 0.00245899
3.61643	 0.00204817
3.61976	 0.00217589
3.62309	 0.0020035
3.62642	 0.00142843
3.62976	 0.00145809
3.63309	 0.00164768
3.63642	 0.00216994
3.63976	 0.0015393
3.64309	 0.0017955
3.64642	 0.00179836
3.64976	 0.00185369
3.65309	 0.00189959
3.65642	 0.00159107
3.65976	 0.00136498
3.66309	 0.00142393
3.66642	 0.00195643
3.66976	 0.00132652
3.67309	 0.00172617
3.67642	 0.00140845
3.67975	 0.00130398
3.68309	 0.0013607
3.68642	 0.00148242
3.68975	 0.00184148
3.69309	 0.00140591
3.69642	 0.00127864
3.69975	 0.00120549
3.70309	 0.00131212
3.70642	 0.00139091
3.70975	 0.000889555
3.71309	 0.00128337
3.71642	 0.00165414
3.71975	 0.00129492
3.72309	 0.00117767
3.72642	 0.00121544
3.72975	 0.00120201
3.73308	 0.000889722
3.73642	 0.00135069
3.73975	 0.00127878
3.74308	 0.00128655
3.74642	 0.00114626
3.74975	 0.00123175
3.75308	 0.000794395
3.75642	 0.000914569
3.75975	 0.00115378
3.76308	 0.00138584
3.76642	 0.00114845
3.76975	 0.000951026
3.77308	 0.000916197
3.77641	 0.00130189
3.77975	 0.00089334
3.78308	 0.00108015
3.78641	 0.000874281
3.78975	 0.000691736
3.79308	 0.000828666
3.79641	 0.000904411
3.79975	 0.00108019
3.80308	 0.000904719
3.80641	 0.000960062
3.80975	 0.00105886
3.81308	 0.000999563
3.81641	 0.000824162
3.81975	 0.000833049
3.82308	 0.000998682
3.82641	 0.000727475
3.82974	 0.000789242
3.83308	 0.00088625
3.83641	 0.000877044
3.83974	 0.000902591
3.84308	 0.000829901
3.84641	 0.000819564
3.84974	 0.000679679
3.85308	 0.00078273
3.85641	 0.000576913
3.85974	 0.000667807
3.86308	 0.000712541
3.86641	 0.000689805
3.86974	 0.000775678
3.87308	 0.000658563
3.87641	 0.00065726
3.87974	 0.000653112
3.88307	 0.000627021
3.88641	 0.000615296
3.88974	 0.000745112
3.89307	 0.000660959
3.89641	 0.000685348
3.89974	 0.000616487
3.90307	 0.000707745
3.90641	 0.000582074
3.90974	 0.000700275
3.91307	 0.00072241
3.91641	 0.00064115
3.91974	 0.000723298
3.92307	 0.000750737
3.9264	 0.000610922
3.92974	 0.000655789
3.93307	 0.000741258
3.9364	 0.000575905
3.93974	 0.000608025
3.94307	 0.000527276
3.9464	 0.000606017
3.94974	 0.000668404
3.95307	 0.000562649
3.9564	 0.000568401
3.95974	 0.000504854
3.96307	 0.000668621
3.9664	 0.000550157
3.96974	 0.000598404
3.97307	 0.000531275
3.9764	 0.000736044
3.97973	 0.000547364
3.98307	 0.000621442
3.9864	 0.000506574
3.98973	 0.000577536
3.99307	 0.000417481
3.9964	 0.000572636
3.99973	 0.000551658
4.00307	 0.000518143
4.0064	 0.000697767
4.00973	 0.000583336
4.01307	 0.000489596
4.0164	 0.000512551
4.01973	 0.000567332
4.02307	 0.000482265
4.0264	 0.000596781
4.02973	 0.000437579
4.03306	 0.000443002
4.0364	 0.000410141
4.03973	 0.000501612
4.04306	 0.000526084
4.0464	 0.000551643
4.04973	 0.000469612
4.05306	 0.000465654
4.0564	 0.000371527
4.05973	 0.000473199
4.06306	 0.00035797
4.0664	 0.000422437
4.06973	 0.000433596
4.07306	 0.000549205
4.07639	 0.000513006
4.07973	 0.000458927
4.08306	 0.000625828
4.08639	 0.000488724
4.08973	 0.00042376
4.09306	 0.000447838
4.09639	 0.000517878
4.09973	 0.000464057
4.10306	 0.000421436
4.10639	 0.000442589
4.10973	 0.000548109
4.11306	 0.00050167
4.11639	 0.000426297
4.11973	 0.00049127
4.12306	 0.000544978
4.12639	 0.000483546
4.12972	 0.00048155
4.13306	 0.000508178
4.13639	 0.000484683
4.13972	 0.000524135
4.14306	 0.000523451
4.14639	 0.000404085
4.14972	 0.000456215
4.15306	 0.000448906
4.15639	 0.00044385
4.15972	 0.00052758
4.16306	 0.000534485
4.16639	 0.000460766
4.16972	 0.000424672
4.17306	 0.000497337
4.17639	 0.000399947
4.17972	 0.000501777
4.18305	 0.000485279
4.18639	 0.000467189
4.18972	 0.0004713
4.19305	 0.000519055
4.19639	 0.000492796
4.19972	 0.000450695
4.20305	 0.000376972
4.20639	 0.000514349
4.20972	 0.000380589
4.21305	 0.000512803
4.21639	 0.000414512
4.21972	 0.000432173
4.22305	 0.000543845
4.22638	 0.00053771
4.22972	 0.000467755
4.23305	 0.000442311
4.23638	 0.00043246
4.23972	 0.000338785
4.24305	 0.00038244
4.24638	 0.000463678
4.24972	 0.000435054
4.25305	 0.000461901
4.25638	 0.000410258
4.25972	 0.000473881
4.26305	 0.00051555
4.26638	 0.00045786
4.26972	 0.00041054
4.27305	 0.000457164
4.27638	 0.000379937
4.27971	 0.000564714
4.28305	 0.000468562
4.28638	 0.00031616
4.28971	 0.000527544
4.29305	 0.000459276
4.29638	 0.00048022
4.29971	 0.0004534
4.30305	 0.000404699
4.30638	 0.000498296
4.30971	 0.000426822
4.31305	 0.000429615
4.31638	 0.000449442
4.31971	 0.000480442
4.32305	 0.000477007
4.32638	 0.00037267
4.32971	 0.000553504
4.33304	 0.0004103
4.33638	 0.000416377
4.33971	 0.000458716
4.34304	 0.000445658
4.34638	 0.000480983
4.34971	 0.000402099
4.35304	 0.000396158
4.35638	 0.000592674
4.35971	 0.000450082
4.36304	 0.000582154
4.36638	 0.000367282
4.36971	 0.000456089
4.37304	 0.000524032
4.37637	 0.000543098
4.37971	 0.000461829
4.38304	 0.000475209
4.38637	 0.000446725
4.38971	 0.000449779
4.39304	 0.000495752
4.39637	 0.000497094
4.39971	 0.00048876
4.40304	 0.000523588
4.40637	 0.000433559
4.40971	 0.000534761
4.41304	 0.000567058
4.41637	 0.000427188
4.41971	 0.000469661
4.42304	 0.000489121
4.42637	 0.000470314
4.4297	 0.000538283
4.43304	 0.000569211
4.43637	 0.000425766
4.4397	 0.000545926
4.44304	 0.000513854
4.44637	 0.000583678
4.4497	 0.000578611
4.45304	 0.000558529
4.45637	 0.00049083
4.4597	 0.000548066
4.46304	 0.000419621
4.46637	 0.00049473
4.4697	 0.000567137
4.47304	 0.000518988
4.47637	 0.000664383
4.4797	 0.000589054
4.48303	 0.000523668
4.48637	 0.000589245
4.4897	 0.000540947
4.49303	 0.00051542
4.49637	 0.000503873
4.4997	 0.00042653
4.50303	 0.000580047
4.50637	 0.000563296
4.5097	 0.000580995
4.51303	 0.000594359
4.51637	 0.000573148
4.5197	 0.000530379
4.52303	 0.000562506
4.52636	 0.000642339
4.5297	 0.000590747
4.53303	 0.000660302
4.53636	 0.000621519
4.5397	 0.00056273
4.54303	 0.000705842
4.54636	 0.00071788
4.5497	 0.000625356
4.55303	 0.000635216
4.55636	 0.000536787
4.5597	 0.000573561
4.56303	 0.000682293
4.56636	 0.00060511
4.5697	 0.000633804
4.57303	 0.000622134
4.57636	 0.000673038
4.57969	 0.000714231
4.58303	 0.000546753
4.58636	 0.000507867
4.58969	 0.000601634
4.59303	 0.000635103
4.59636	 0.000646209
4.59969	 0.000703519
4.60303	 0.000616888
4.60636	 0.000683642
4.60969	 0.000915807
4.61303	 0.000824598
4.61636	 0.000831793
4.61969	 0.000850497
4.62303	 0.000882267
4.62636	 0.000731877
4.62969	 0.000659016
4.63302	 0.00077268
4.63636	 0.000616567
4.63969	 0.000763676
4.64302	 0.000737216
4.64636	 0.000668884
4.64969	 0.000778342
4.65302	 0.00069284
4.65636	 0.000781967
4.65969	 0.000801857
4.66302	 0.000711012
4.66636	 0.000747654
4.66969	 0.000882192
4.67302	 0.000894665
4.67635	 0.000987171
4.67969	 0.000771908
4.68302	 0.000900701
4.68635	 0.000889444
4.68969	 0.000762523
4.69302	 0.00074265
4.69635	 0.0008272
4.69969	 0.000748024
4.70302	 0.000940508
4.70635	 0.000905173
4.70969	 0.00135012
4.71302	 0.000987301
4.71635	 0.00105587
4.71969	 0.00112253
4.72302	 0.000986023
4.72635	 0.00130735
4.72968	 0.00101232
4.73302	 0.001234
4.73635	 0.000994823
4.73968	 0.00113048
4.74302	 0.00106562
4.74635	 0.00118084
4.74968	 0.00108536
4.75302	 0.00123842
4.75635	 0.00112786
4.75968	 0.0012336
4.76302	 0.00123793
4.76635	 0.00090084
4.76968	 0.00131138
4.77302	 0.00118602
4.77635	 0.00147491
4.77968	 0.00119087
4.78301	 0.00128029
4.78635	 0.00125037
4.78968	 0.00108833
4.79301	 0.00130536
4.79635	 0.00137605
4.79968	 0.00133055
4.80301	 0.00161681
4.80635	 0.0014244
4.80968	 0.00155206
4.81301	 0.00163888
4.81635	 0.00126374
4.81968	 0.00121055
4.82301	 0.00136641
4.82634	 0.00175878
4.82968	 0.00127501
4.83301	 0.0015253
4.83634	 0.000867881
4.83968	 0.00131636
4.84301	 0.00151266
4.84634	 0.00100147
4.84968	 0.00125778
4.85301	 0.00103972
4.85634	 0.00131726
4.85968	 0.00122183
4.86301	 0.00126917
4.86634	 0.00135028
4.86968	 0.00136842
4.87301	 0.00128958
4.87634	 0.00143328
4.87967	 0.00145657
4.88301	 0.00143712
4.88634	 0.00140047
4.88967	 0.00132343
4.89301	 0.00131808
4.89634	 0.00136915
4.89967	 0.00106229
4.90301	 0.0010778
4.90634	 0.00108228
4.90967	 0.00107018
4.91301	 0.00134081
4.91634	 0.00129163
4.91967	 0.00126066
4.92301	 0.00147621
4.92634	 0.000933122
4.92967	 0.00117416
4.933	 0.00147651
4.93634	 0.00122042
4.93967	 0.00132997
4.943	 0.00109593
4.94634	 0.00117244
4.94967	 0.00105817
4.953	 0.000937836
4.95634	 0.00096828
4.95967	 0.000818392
4.963	 0.00106992
4.96634	 0.00113948
4.96967	 0.000991598
4.973	 0.00100665
4.97633	 0.000812856
4.97967	 0.00089195
4.983	 0.00103736
4.98633	 0.000948656
4.98967	 0.000927272
4.993	 0.00070024
4.99633	 0.000846143
