# Frequency [GHz] 	Fouriercomponent
-4.99967	 0.000882465
-4.99633	 0.000736392
-4.993	 0.000916184
-4.98967	 0.000849872
-4.98633	 0.000897529
-4.983	 0.000984293
-4.97967	 0.00106293
-4.97633	 0.00102561
-4.973	 0.00101465
-4.96967	 0.00118108
-4.96634	 0.00108198
-4.963	 0.00104108
-4.95967	 0.00092416
-4.95634	 0.00107623
-4.953	 0.00101742
-4.94967	 0.00101815
-4.94634	 0.000987905
-4.943	 0.00103481
-4.93967	 0.00091172
-4.93634	 0.00108951
-4.933	 0.00133694
-4.92967	 0.00115007
-4.92634	 0.00115043
-4.92301	 0.00105026
-4.91967	 0.00120449
-4.91634	 0.0013929
-4.91301	 0.00116426
-4.90967	 0.0011032
-4.90634	 0.00100726
-4.90301	 0.00130271
-4.89967	 0.00082819
-4.89634	 0.00131688
-4.89301	 0.000909225
-4.88967	 0.00149448
-4.88634	 0.00112013
-4.88301	 0.0011755
-4.87967	 0.00123623
-4.87634	 0.00149334
-4.87301	 0.0013838
-4.86968	 0.000892323
-4.86634	 0.00143384
-4.86301	 0.00119136
-4.85968	 0.00132444
-4.85634	 0.00115603
-4.85301	 0.00108242
-4.84968	 0.00145287
-4.84634	 0.00120366
-4.84301	 0.00122678
-4.83968	 0.00107856
-4.83634	 0.00148643
-4.83301	 0.00118911
-4.82968	 0.00136365
-4.82634	 0.00146115
-4.82301	 0.00131236
-4.81968	 0.00124568
-4.81635	 0.00144585
-4.81301	 0.00129375
-4.80968	 0.00137585
-4.80635	 0.00134945
-4.80301	 0.000965676
-4.79968	 0.00123618
-4.79635	 0.00134679
-4.79301	 0.00100613
-4.78968	 0.000988018
-4.78635	 0.00115579
-4.78301	 0.0011684
-4.77968	 0.00124306
-4.77635	 0.00103743
-4.77302	 0.000900697
-4.76968	 0.0012193
-4.76635	 0.000787443
-4.76302	 0.00129022
-4.75968	 0.00132373
-4.75635	 0.00121286
-4.75302	 0.00133845
-4.74968	 0.00118407
-4.74635	 0.00102879
-4.74302	 0.000906534
-4.73968	 0.00101936
-4.73635	 0.00118602
-4.73302	 0.000849543
-4.72968	 0.0012341
-4.72635	 0.00116434
-4.72302	 0.000798399
-4.71969	 0.000743522
-4.71635	 0.000964371
-4.71302	 0.00110513
-4.70969	 0.000885093
-4.70635	 0.000810888
-4.70302	 0.000838515
-4.69969	 0.00101576
-4.69635	 0.000800125
-4.69302	 0.0010058
-4.68969	 0.000693446
-4.68635	 0.00077075
-4.68302	 0.000833629
-4.67969	 0.000865942
-4.67635	 0.000873737
-4.67302	 0.00086357
-4.66969	 0.000701094
-4.66636	 0.000801584
-4.66302	 0.000785282
-4.65969	 0.000678031
-4.65636	 0.00077111
-4.65302	 0.000812856
-4.64969	 0.000911798
-4.64636	 0.000671112
-4.64302	 0.000760409
-4.63969	 0.000673581
-4.63636	 0.000645529
-4.63302	 0.000649493
-4.62969	 0.000593405
-4.62636	 0.000660483
-4.62303	 0.000774802
-4.61969	 0.000630657
-4.61636	 0.000612163
-4.61303	 0.000704651
-4.60969	 0.000537014
-4.60636	 0.000712666
-4.60303	 0.000737956
-4.59969	 0.000595841
-4.59636	 0.000526574
-4.59303	 0.000570155
-4.58969	 0.000689405
-4.58636	 0.000762317
-4.58303	 0.000536713
-4.57969	 0.000757909
-4.57636	 0.000624415
-4.57303	 0.000663146
-4.5697	 0.000607342
-4.56636	 0.000503176
-4.56303	 0.00055163
-4.5597	 0.000526538
-4.55636	 0.000545257
-4.55303	 0.000547676
-4.5497	 0.000512721
-4.54636	 0.000489645
-4.54303	 0.000637686
-4.5397	 0.000591886
-4.53636	 0.000530018
-4.53303	 0.000643812
-4.5297	 0.000578187
-4.52636	 0.000476948
-4.52303	 0.000492885
-4.5197	 0.000514833
-4.51637	 0.000486507
-4.51303	 0.000519017
-4.5097	 0.000564059
-4.50637	 0.000577194
-4.50303	 0.000642291
-4.4997	 0.000496539
-4.49637	 0.000554629
-4.49303	 0.000496461
-4.4897	 0.000534842
-4.48637	 0.000473289
-4.48303	 0.000404894
-4.4797	 0.000633525
-4.47637	 0.000458871
-4.47304	 0.000416851
-4.4697	 0.000495197
-4.46637	 0.00044571
-4.46304	 0.00039312
-4.4597	 0.000467912
-4.45637	 0.00045558
-4.45304	 0.000549202
-4.4497	 0.000595793
-4.44637	 0.000445718
-4.44304	 0.000436014
-4.4397	 0.000486344
-4.43637	 0.000410726
-4.43304	 0.000462633
-4.4297	 0.000470227
-4.42637	 0.000498317
-4.42304	 0.000378615
-4.41971	 0.000548914
-4.41637	 0.000508738
-4.41304	 0.000534271
-4.40971	 0.000498018
-4.40637	 0.000463946
-4.40304	 0.000403767
-4.39971	 0.000439939
-4.39637	 0.000465694
-4.39304	 0.000413372
-4.38971	 0.000427122
-4.38637	 0.000406763
-4.38304	 0.000418669
-4.37971	 0.000402752
-4.37637	 0.000395423
-4.37304	 0.00046229
-4.36971	 0.000556514
-4.36638	 0.000504935
-4.36304	 0.000411798
-4.35971	 0.000561022
-4.35638	 0.000461371
-4.35304	 0.000411352
-4.34971	 0.000414655
-4.34638	 0.000488348
-4.34304	 0.000424421
-4.33971	 0.000421361
-4.33638	 0.00043267
-4.33304	 0.000550579
-4.32971	 0.00042183
-4.32638	 0.000434291
-4.32305	 0.000332028
-4.31971	 0.000523057
-4.31638	 0.000387305
-4.31305	 0.000417757
-4.30971	 0.000514164
-4.30638	 0.00043664
-4.30305	 0.000395502
-4.29971	 0.000423278
-4.29638	 0.000429531
-4.29305	 0.000459861
-4.28971	 0.000430531
-4.28638	 0.000426416
-4.28305	 0.000398974
-4.27971	 0.0004092
-4.27638	 0.000391972
-4.27305	 0.000445851
-4.26972	 0.000459622
-4.26638	 0.000462341
-4.26305	 0.00042586
-4.25972	 0.000439044
-4.25638	 0.000465879
-4.25305	 0.000433609
-4.24972	 0.000475612
-4.24638	 0.000475013
-4.24305	 0.000402727
-4.23972	 0.000430037
-4.23638	 0.00046584
-4.23305	 0.000386918
-4.22972	 0.000415862
-4.22638	 0.000369706
-4.22305	 0.000332148
-4.21972	 0.000381586
-4.21639	 0.00045287
-4.21305	 0.000336806
-4.20972	 0.000481154
-4.20639	 0.000379856
-4.20305	 0.00043782
-4.19972	 0.000436848
-4.19639	 0.000483408
-4.19305	 0.000453756
-4.18972	 0.000505784
-4.18639	 0.000481236
-4.18305	 0.000451339
-4.17972	 0.000374698
-4.17639	 0.000476726
-4.17306	 0.000542381
-4.16972	 0.000573983
-4.16639	 0.000415002
-4.16306	 0.000520787
-4.15972	 0.000452769
-4.15639	 0.000324035
-4.15306	 0.000490654
-4.14972	 0.000379673
-4.14639	 0.000559011
-4.14306	 0.000399595
-4.13972	 0.000351165
-4.13639	 0.000432423
-4.13306	 0.0004292
-4.12972	 0.0004324
-4.12639	 0.000494174
-4.12306	 0.000471196
-4.11973	 0.000502904
-4.11639	 0.000400558
-4.11306	 0.000440634
-4.10973	 0.000439133
-4.10639	 0.000505188
-4.10306	 0.000446002
-4.09973	 0.0005002
-4.09639	 0.000501295
-4.09306	 0.000454949
-4.08973	 0.000444312
-4.08639	 0.000345875
-4.08306	 0.000425777
-4.07973	 0.000477242
-4.07639	 0.000427361
-4.07306	 0.000448779
-4.06973	 0.000444852
-4.0664	 0.000479174
-4.06306	 0.000444356
-4.05973	 0.000522642
-4.0564	 0.000641583
-4.05306	 0.00056102
-4.04973	 0.000376207
-4.0464	 0.000524483
-4.04306	 0.000482674
-4.03973	 0.000467699
-4.0364	 0.000436667
-4.03306	 0.000534718
-4.02973	 0.000454557
-4.0264	 0.000468566
-4.02307	 0.000483949
-4.01973	 0.000495144
-4.0164	 0.000532578
-4.01307	 0.000481443
-4.00973	 0.000546874
-4.0064	 0.00068177
-4.00307	 0.000553884
-3.99973	 0.000547308
-3.9964	 0.000509203
-3.99307	 0.000559029
-3.98973	 0.000492098
-3.9864	 0.000569171
-3.98307	 0.000543568
-3.97973	 0.000518264
-3.9764	 0.000534772
-3.97307	 0.000625479
-3.96974	 0.00055451
-3.9664	 0.000639797
-3.96307	 0.000581799
-3.95974	 0.000676603
-3.9564	 0.00048775
-3.95307	 0.000503826
-3.94974	 0.000540089
-3.9464	 0.00056689
-3.94307	 0.000625254
-3.93974	 0.000674186
-3.9364	 0.000610655
-3.93307	 0.000610784
-3.92974	 0.000553916
-3.9264	 0.00054284
-3.92307	 0.000544385
-3.91974	 0.000537803
-3.91641	 0.000540207
-3.91307	 0.000664656
-3.90974	 0.000566589
-3.90641	 0.000664416
-3.90307	 0.000609492
-3.89974	 0.000579679
-3.89641	 0.000592283
-3.89307	 0.000673812
-3.88974	 0.00062688
-3.88641	 0.000629272
-3.88307	 0.00060445
-3.87974	 0.000496732
-3.87641	 0.000619086
-3.87308	 0.000580381
-3.86974	 0.000572132
-3.86641	 0.000683246
-3.86308	 0.000614318
-3.85974	 0.0005556
-3.85641	 0.000841181
-3.85308	 0.000879343
-3.84974	 0.000661282
-3.84641	 0.00102892
-3.84308	 0.000819078
-3.83974	 0.000897291
-3.83641	 0.000523858
-3.83308	 0.000740616
-3.82974	 0.000725411
-3.82641	 0.000910754
-3.82308	 0.000876137
-3.81975	 0.000853248
-3.81641	 0.000802654
-3.81308	 0.000929743
-3.80975	 0.000875003
-3.80641	 0.00067785
-3.80308	 0.000847182
-3.79975	 0.000746556
-3.79641	 0.0010472
-3.79308	 0.000936668
-3.78975	 0.000856955
-3.78641	 0.000908758
-3.78308	 0.000883836
-3.77975	 0.000990891
-3.77641	 0.000961503
-3.77308	 0.00100785
-3.76975	 0.000982096
-3.76642	 0.00108275
-3.76308	 0.00111638
-3.75975	 0.000865239
-3.75642	 0.000900545
-3.75308	 0.00114176
-3.74975	 0.00117104
-3.74642	 0.00125061
-3.74308	 0.0012961
-3.73975	 0.00109541
-3.73642	 0.00109794
-3.73308	 0.000984169
-3.72975	 0.00121632
-3.72642	 0.00121961
-3.72309	 0.00128457
-3.71975	 0.00123024
-3.71642	 0.00117635
-3.71309	 0.00105473
-3.70975	 0.00143019
-3.70642	 0.00125541
-3.70309	 0.00128468
-3.69975	 0.00139959
-3.69642	 0.00131138
-3.69309	 0.00139743
-3.68975	 0.00134227
-3.68642	 0.001113
-3.68309	 0.00134124
-3.67975	 0.00142816
-3.67642	 0.0012182
-3.67309	 0.00144332
-3.66976	 0.00130843
-3.66642	 0.0014171
-3.66309	 0.00117875
-3.65976	 0.00148631
-3.65642	 0.00182665
-3.65309	 0.00142564
-3.64976	 0.0014598
-3.64642	 0.00163517
-3.64309	 0.00149191
-3.63976	 0.00203396
-3.63642	 0.00143274
-3.63309	 0.00165128
-3.62976	 0.0019259
-3.62642	 0.00191813
-3.62309	 0.00135621
-3.61976	 0.0015805
-3.61643	 0.00240392
-3.61309	 0.00191984
-3.60976	 0.00176877
-3.60643	 0.00161873
-3.60309	 0.00167605
-3.59976	 0.00172635
-3.59643	 0.00190647
-3.59309	 0.0020757
-3.58976	 0.00190207
-3.58643	 0.00212253
-3.58309	 0.00200557
-3.57976	 0.00169555
-3.57643	 0.00202578
-3.5731	 0.00189138
-3.56976	 0.00193656
-3.56643	 0.00177206
-3.5631	 0.0020509
-3.55976	 0.00165817
-3.55643	 0.00151043
-3.5531	 0.00186346
-3.54976	 0.00173885
-3.54643	 0.00184534
-3.5431	 0.00154506
-3.53976	 0.00114695
-3.53643	 0.00146922
-3.5331	 0.00178959
-3.52976	 0.00120102
-3.52643	 0.00103637
-3.5231	 0.00126991
-3.51977	 0.00144802
-3.51643	 0.00119822
-3.5131	 0.00102455
-3.50977	 0.00103008
-3.50643	 0.00134189
-3.5031	 0.00115887
-3.49977	 0.00126263
-3.49643	 0.00104788
-3.4931	 0.00128898
-3.48977	 0.00121665
-3.48643	 0.00105163
-3.4831	 0.00102791
-3.47977	 0.00099898
-3.47643	 0.00114639
-3.4731	 0.00100677
-3.46977	 0.00104644
-3.46644	 0.000944862
-3.4631	 0.00105116
-3.45977	 0.000950115
-3.45644	 0.000874555
-3.4531	 0.00112013
-3.44977	 0.000900442
-3.44644	 0.000769351
-3.4431	 0.00104797
-3.43977	 0.000710676
-3.43644	 0.000917597
-3.4331	 0.000920856
-3.42977	 0.000792245
-3.42644	 0.000740935
-3.42311	 0.000981175
-3.41977	 0.000929484
-3.41644	 0.000816925
-3.41311	 0.000773734
-3.40977	 0.000817042
-3.40644	 0.000898094
-3.40311	 0.000728445
-3.39977	 0.000758587
-3.39644	 0.000661463
-3.39311	 0.000881243
-3.38977	 0.000783669
-3.38644	 0.000603418
-3.38311	 0.000611154
-3.37977	 0.000667442
-3.37644	 0.000814468
-3.37311	 0.000729397
-3.36978	 0.000707086
-3.36644	 0.000629597
-3.36311	 0.000715712
-3.35978	 0.000683246
-3.35644	 0.000667595
-3.35311	 0.000682121
-3.34978	 0.000608259
-3.34644	 0.000763282
-3.34311	 0.000614629
-3.33978	 0.000479482
-3.33644	 0.000640407
-3.33311	 0.000559914
-3.32978	 0.000556763
-3.32644	 0.000600169
-3.32311	 0.000562269
-3.31978	 0.000697017
-3.31645	 0.000576374
-3.31311	 0.000518621
-3.30978	 0.000699181
-3.30645	 0.000563226
-3.30311	 0.00065786
-3.29978	 0.000650357
-3.29645	 0.000579488
-3.29311	 0.000579894
-3.28978	 0.000484322
-3.28645	 0.00053951
-3.28311	 0.000620676
-3.27978	 0.000554515
-3.27645	 0.000615031
-3.27312	 0.000442331
-3.26978	 0.000606905
-3.26645	 0.000545805
-3.26312	 0.00053921
-3.25978	 0.000475656
-3.25645	 0.00066838
-3.25312	 0.000540013
-3.24978	 0.000611852
-3.24645	 0.000627101
-3.24312	 0.000520702
-3.23978	 0.000469351
-3.23645	 0.000546361
-3.23312	 0.000561522
-3.22978	 0.000600944
-3.22645	 0.000572122
-3.22312	 0.000576303
-3.21979	 0.000471647
-3.21645	 0.000508223
-3.21312	 0.000505831
-3.20979	 0.000392395
-3.20645	 0.000531812
-3.20312	 0.000372077
-3.19979	 0.000443208
-3.19645	 0.000546864
-3.19312	 0.000529266
-3.18979	 0.000440034
-3.18645	 0.000452491
-3.18312	 0.000404783
-3.17979	 0.000460696
-3.17645	 0.000460439
-3.17312	 0.000432147
-3.16979	 0.000636247
-3.16646	 0.00046606
-3.16312	 0.000476927
-3.15979	 0.000464964
-3.15646	 0.000433839
-3.15312	 0.000419869
-3.14979	 0.000461348
-3.14646	 0.000450077
-3.14312	 0.000511144
-3.13979	 0.000526827
-3.13646	 0.000353257
-3.13312	 0.00052181
-3.12979	 0.000487675
-3.12646	 0.000473416
-3.12313	 0.000509087
-3.11979	 0.000484214
-3.11646	 0.00047429
-3.11313	 0.000434237
-3.10979	 0.00045971
-3.10646	 0.000381452
-3.10313	 0.000461978
-3.09979	 0.000392753
-3.09646	 0.000530733
-3.09313	 0.000376926
-3.08979	 0.000387999
-3.08646	 0.000455416
-3.08313	 0.000411665
-3.07979	 0.0005272
-3.07646	 0.000487999
-3.07313	 0.000464774
-3.0698	 0.000453239
-3.06646	 0.000432541
-3.06313	 0.000405894
-3.0598	 0.000495707
-3.05646	 0.000486473
-3.05313	 0.000432941
-3.0498	 0.000514762
-3.04646	 0.000548102
-3.04313	 0.000455354
-3.0398	 0.000455263
-3.03646	 0.000498591
-3.03313	 0.000492444
-3.0298	 0.000521485
-3.02646	 0.000483923
-3.02313	 0.000461732
-3.0198	 0.000457343
-3.01647	 0.000565434
-3.01313	 0.000479516
-3.0098	 0.000446252
-3.00647	 0.000421594
-3.00313	 0.000465223
-2.9998	 0.000453649
-2.99647	 0.000482816
-2.99313	 0.000431005
-2.9898	 0.000424998
-2.98647	 0.000518048
-2.98313	 0.000459156
-2.9798	 0.000444156
-2.97647	 0.00043793
-2.97314	 0.00044754
-2.9698	 0.000387911
-2.96647	 0.000490409
-2.96314	 0.00038656
-2.9598	 0.000464096
-2.95647	 0.000479846
-2.95314	 0.000522141
-2.9498	 0.000412567
-2.94647	 0.000327023
-2.94314	 0.000441802
-2.9398	 0.000525971
-2.93647	 0.00049597
-2.93314	 0.000538036
-2.9298	 0.000492157
-2.92647	 0.000496556
-2.92314	 0.000446612
-2.91981	 0.000549481
-2.91647	 0.00041866
-2.91314	 0.000416964
-2.90981	 0.000589488
-2.90647	 0.000387042
-2.90314	 0.000408824
-2.89981	 0.000410334
-2.89647	 0.000479962
-2.89314	 0.000461191
-2.88981	 0.000488923
-2.88647	 0.000392327
-2.88314	 0.000440681
-2.87981	 0.00045311
-2.87647	 0.000452536
-2.87314	 0.000431463
-2.86981	 0.000412994
-2.86648	 0.000569088
-2.86314	 0.000513285
-2.85981	 0.000415402
-2.85648	 0.000500139
-2.85314	 0.000567705
-2.84981	 0.000414651
-2.84648	 0.000532233
-2.84314	 0.000570613
-2.83981	 0.00060561
-2.83648	 0.000548485
-2.83314	 0.000543887
-2.82981	 0.000509908
-2.82648	 0.000460903
-2.82315	 0.000466759
-2.81981	 0.000486182
-2.81648	 0.000498656
-2.81315	 0.000544869
-2.80981	 0.000484676
-2.80648	 0.000616874
-2.80315	 0.000649657
-2.79981	 0.000569801
-2.79648	 0.000456509
-2.79315	 0.000580104
-2.78981	 0.000515671
-2.78648	 0.000627882
-2.78315	 0.000575808
-2.77981	 0.00058261
-2.77648	 0.000611839
-2.77315	 0.000559745
-2.76982	 0.000555551
-2.76648	 0.000490395
-2.76315	 0.000751465
-2.75982	 0.000531671
-2.75648	 0.000615147
-2.75315	 0.000548284
-2.74982	 0.000629087
-2.74648	 0.000454535
-2.74315	 0.000639072
-2.73982	 0.00057244
-2.73648	 0.000599337
-2.73315	 0.000577996
-2.72982	 0.000568045
-2.72648	 0.000664676
-2.72315	 0.000545899
-2.71982	 0.000556927
-2.71649	 0.000626206
-2.71315	 0.000647117
-2.70982	 0.000595403
-2.70649	 0.000577622
-2.70315	 0.00064102
-2.69982	 0.000742668
-2.69649	 0.000670041
-2.69315	 0.000523977
-2.68982	 0.000655558
-2.68649	 0.00059054
-2.68315	 0.000661309
-2.67982	 0.000629987
-2.67649	 0.000518715
-2.67316	 0.000703095
-2.66982	 0.000669382
-2.66649	 0.00072067
-2.66316	 0.000623514
-2.65982	 0.000814131
-2.65649	 0.000732807
-2.65316	 0.000740928
-2.64982	 0.00072941
-2.64649	 0.000889227
-2.64316	 0.000653303
-2.63982	 0.000836407
-2.63649	 0.000733709
-2.63316	 0.000837589
-2.62982	 0.000806152
-2.62649	 0.000816643
-2.62316	 0.000784479
-2.61983	 0.000666053
-2.61649	 0.00112769
-2.61316	 0.000724509
-2.60983	 0.000657707
-2.60649	 0.000808783
-2.60316	 0.000887541
-2.59983	 0.000866492
-2.59649	 0.00114681
-2.59316	 0.00101442
-2.58983	 0.00105859
-2.58649	 0.000874811
-2.58316	 0.00096511
-2.57983	 0.00116956
-2.57649	 0.00083207
-2.57316	 0.000974331
-2.56983	 0.000774949
-2.5665	 0.00127722
-2.56316	 0.000977402
-2.55983	 0.000934103
-2.5565	 0.0010125
-2.55316	 0.00121671
-2.54983	 0.00120485
-2.5465	 0.000968063
-2.54316	 0.00113225
-2.53983	 0.00113399
-2.5365	 0.00116622
-2.53316	 0.00110099
-2.52983	 0.000886992
-2.5265	 0.00124818
-2.52317	 0.00137493
-2.51983	 0.00115139
-2.5165	 0.00154029
-2.51317	 0.00136264
-2.50983	 0.00115494
-2.5065	 0.00144168
-2.50317	 0.00128263
-2.49983	 0.00155129
-2.4965	 0.00139172
-2.49317	 0.00156348
-2.48983	 0.00159544
-2.4865	 0.00136098
-2.48317	 0.00165409
-2.47983	 0.00149934
-2.4765	 0.001509
-2.47317	 0.00122544
-2.46984	 0.00160691
-2.4665	 0.00169655
-2.46317	 0.00150802
-2.45984	 0.00207039
-2.4565	 0.00164697
-2.45317	 0.00222886
-2.44984	 0.00166795
-2.4465	 0.00208106
-2.44317	 0.00233342
-2.43984	 0.00194827
-2.4365	 0.00199504
-2.43317	 0.00211757
-2.42984	 0.00192125
-2.4265	 0.00215414
-2.42317	 0.00184598
-2.41984	 0.00224817
-2.41651	 0.0023351
-2.41317	 0.00226207
-2.40984	 0.00216607
-2.40651	 0.00282367
-2.40317	 0.0031356
-2.39984	 0.00322749
-2.39651	 0.00348154
-2.39317	 0.00307571
-2.38984	 0.00335871
-2.38651	 0.00318964
-2.38317	 0.00243451
-2.37984	 0.00318544
-2.37651	 0.00282522
-2.37318	 0.00337148
-2.36984	 0.00365046
-2.36651	 0.00272423
-2.36318	 0.00323976
-2.35984	 0.00351661
-2.35651	 0.00337951
-2.35318	 0.00285396
-2.34984	 0.00315842
-2.34651	 0.00284951
-2.34318	 0.00211184
-2.33984	 0.00330359
-2.33651	 0.00231682
-2.33318	 0.00205016
-2.32984	 0.00224594
-2.32651	 0.00182186
-2.32318	 0.00180301
-2.31985	 0.00167814
-2.31651	 0.00186808
-2.31318	 0.00222437
-2.30985	 0.00176244
-2.30651	 0.00155265
-2.30318	 0.00183298
-2.29985	 0.00167564
-2.29651	 0.00181953
-2.29318	 0.00140532
-2.28985	 0.0015986
-2.28651	 0.00144514
-2.28318	 0.00125691
-2.27985	 0.00124413
-2.27651	 0.00124185
-2.27318	 0.00156995
-2.26985	 0.00119412
-2.26652	 0.00152319
-2.26318	 0.0012094
-2.25985	 0.000939651
-2.25652	 0.00139092
-2.25318	 0.00142363
-2.24985	 0.00117699
-2.24652	 0.000940196
-2.24318	 0.000829813
-2.23985	 0.00109616
-2.23652	 0.000839887
-2.23318	 0.00103833
-2.22985	 0.00100716
-2.22652	 0.000915186
-2.22319	 0.00104408
-2.21985	 0.000822042
-2.21652	 0.000934282
-2.21319	 0.000639223
-2.20985	 0.000881099
-2.20652	 0.000949384
-2.20319	 0.000976559
-2.19985	 0.000738338
-2.19652	 0.000956072
-2.19319	 0.000747658
-2.18985	 0.000817219
-2.18652	 0.000600138
-2.18319	 0.00077919
-2.17985	 0.000812003
-2.17652	 0.000943649
-2.17319	 0.00079138
-2.16986	 0.000656877
-2.16652	 0.000798875
-2.16319	 0.000715349
-2.15986	 0.000661057
-2.15652	 0.000890101
-2.15319	 0.000780592
-2.14986	 0.000782538
-2.14652	 0.000641435
-2.14319	 0.000730912
-2.13986	 0.000734185
-2.13652	 0.000609632
-2.13319	 0.000746162
-2.12986	 0.000703921
-2.12652	 0.00060266
-2.12319	 0.000617186
-2.11986	 0.000685298
-2.11653	 0.000619906
-2.11319	 0.000664095
-2.10986	 0.000667862
-2.10653	 0.000713471
-2.10319	 0.000567474
-2.09986	 0.000677633
-2.09653	 0.000603135
-2.09319	 0.000584567
-2.08986	 0.000543951
-2.08653	 0.00067513
-2.08319	 0.000546761
-2.07986	 0.000558866
-2.07653	 0.000553901
-2.0732	 0.000565088
-2.06986	 0.000604013
-2.06653	 0.000531559
-2.0632	 0.000538311
-2.05986	 0.000478546
-2.05653	 0.00061777
-2.0532	 0.000569205
-2.04986	 0.000500186
-2.04653	 0.000603197
-2.0432	 0.000590077
-2.03986	 0.00054585
-2.03653	 0.000556021
-2.0332	 0.000603328
-2.02986	 0.000543111
-2.02653	 0.000534058
-2.0232	 0.000603665
-2.01987	 0.000577571
-2.01653	 0.000528621
-2.0132	 0.000576096
-2.00987	 0.000488878
-2.00653	 0.000565674
-2.0032	 0.000623968
-1.99987	 0.000502308
-1.99653	 0.000468864
-1.9932	 0.00047649
-1.98987	 0.00042781
-1.98653	 0.000479343
-1.9832	 0.000506308
-1.97987	 0.000446055
-1.97653	 0.000497172
-1.9732	 0.000613267
-1.96987	 0.000527725
-1.96654	 0.000593404
-1.9632	 0.000523259
-1.95987	 0.000397647
-1.95654	 0.000530485
-1.9532	 0.000520039
-1.94987	 0.000453206
-1.94654	 0.000510993
-1.9432	 0.000512541
-1.93987	 0.000352225
-1.93654	 0.000424895
-1.9332	 0.000502108
-1.92987	 0.00055897
-1.92654	 0.000528836
-1.92321	 0.00062301
-1.91987	 0.000647644
-1.91654	 0.000449581
-1.91321	 0.000533572
-1.90987	 0.000456335
-1.90654	 0.000540761
-1.90321	 0.000492794
-1.89987	 0.000422318
-1.89654	 0.000463961
-1.89321	 0.000601833
-1.88987	 0.000406753
-1.88654	 0.000431975
-1.88321	 0.00051624
-1.87987	 0.000498501
-1.87654	 0.00047595
-1.87321	 0.000405856
-1.86988	 0.000499297
-1.86654	 0.000577513
-1.86321	 0.000493402
-1.85988	 0.000593943
-1.85654	 0.000456302
-1.85321	 0.000374125
-1.84988	 0.000437027
-1.84654	 0.000517543
-1.84321	 0.000566855
-1.83988	 0.000358322
-1.83654	 0.000444239
-1.83321	 0.000469642
-1.82988	 0.000458328
-1.82654	 0.000571648
-1.82321	 0.000488576
-1.81988	 0.000371374
-1.81655	 0.000437647
-1.81321	 0.000513507
-1.80988	 0.000440959
-1.80655	 0.000501257
-1.80321	 0.000541567
-1.79988	 0.000428683
-1.79655	 0.000535264
-1.79321	 0.000470882
-1.78988	 0.000470418
-1.78655	 0.00044569
-1.78321	 0.000512199
-1.77988	 0.000542386
-1.77655	 0.000582166
-1.77322	 0.00045349
-1.76988	 0.000414831
-1.76655	 0.000462048
-1.76322	 0.000459378
-1.75988	 0.00044312
-1.75655	 0.000420802
-1.75322	 0.000428046
-1.74988	 0.000441956
-1.74655	 0.000526939
-1.74322	 0.000466933
-1.73988	 0.000587299
-1.73655	 0.000503413
-1.73322	 0.000485583
-1.72988	 0.000506896
-1.72655	 0.00051437
-1.72322	 0.000451108
-1.71989	 0.000513262
-1.71655	 0.000450987
-1.71322	 0.000503276
-1.70989	 0.000471859
-1.70655	 0.000444502
-1.70322	 0.000475257
-1.69989	 0.000528791
-1.69655	 0.000455106
-1.69322	 0.000497697
-1.68989	 0.000528588
-1.68655	 0.000533246
-1.68322	 0.000558241
-1.67989	 0.000533873
-1.67655	 0.00056668
-1.67322	 0.000498855
-1.66989	 0.000521927
-1.66656	 0.000504078
-1.66322	 0.000448459
-1.65989	 0.000524775
-1.65656	 0.000487734
-1.65322	 0.000452053
-1.64989	 0.00047052
-1.64656	 0.000381504
-1.64322	 0.000493157
-1.63989	 0.000464729
-1.63656	 0.000472346
-1.63322	 0.000502806
-1.62989	 0.000596607
-1.62656	 0.000517056
-1.62323	 0.000626686
-1.61989	 0.000471873
-1.61656	 0.000677356
-1.61323	 0.000581921
-1.60989	 0.000596969
-1.60656	 0.000577187
-1.60323	 0.000573096
-1.59989	 0.000469624
-1.59656	 0.000580173
-1.59323	 0.000625576
-1.58989	 0.000486839
-1.58656	 0.000557287
-1.58323	 0.000511199
-1.57989	 0.000560515
-1.57656	 0.000627436
-1.57323	 0.000494809
-1.5699	 0.000488118
-1.56656	 0.000573945
-1.56323	 0.000573383
-1.5599	 0.000614698
-1.55656	 0.000566616
-1.55323	 0.000615337
-1.5499	 0.000586142
-1.54656	 0.000456401
-1.54323	 0.000496887
-1.5399	 0.000618757
-1.53656	 0.000530623
-1.53323	 0.000643286
-1.5299	 0.00068584
-1.52656	 0.00068416
-1.52323	 0.000663212
-1.5199	 0.000571915
-1.51657	 0.000722306
-1.51323	 0.000613468
-1.5099	 0.000522737
-1.50657	 0.000819594
-1.50323	 0.000688943
-1.4999	 0.000589007
-1.49657	 0.000596568
-1.49323	 0.00059618
-1.4899	 0.000706017
-1.48657	 0.000643369
-1.48323	 0.000747491
-1.4799	 0.000756761
-1.47657	 0.000617049
-1.47324	 0.000595993
-1.4699	 0.000599696
-1.46657	 0.00066206
-1.46324	 0.000534984
-1.4599	 0.000667279
-1.45657	 0.000545613
-1.45324	 0.000659753
-1.4499	 0.000548141
-1.44657	 0.000726364
-1.44324	 0.000869884
-1.4399	 0.000779792
-1.43657	 0.000715631
-1.43324	 0.000757529
-1.4299	 0.000795338
-1.42657	 0.000775892
-1.42324	 0.000850973
-1.41991	 0.000904093
-1.41657	 0.000767969
-1.41324	 0.000865561
-1.40991	 0.000649841
-1.40657	 0.000723332
-1.40324	 0.000640796
-1.39991	 0.000900558
-1.39657	 0.00109078
-1.39324	 0.000992837
-1.38991	 0.000829967
-1.38657	 0.000941431
-1.38324	 0.00102512
-1.37991	 0.000913656
-1.37657	 0.000830565
-1.37324	 0.00100254
-1.36991	 0.00058264
-1.36658	 0.000997664
-1.36324	 0.00112718
-1.35991	 0.000972325
-1.35658	 0.000929506
-1.35324	 0.00128188
-1.34991	 0.000989355
-1.34658	 0.00111613
-1.34324	 0.00115776
-1.33991	 0.00119226
-1.33658	 0.00143347
-1.33324	 0.00113975
-1.32991	 0.000992354
-1.32658	 0.00118305
-1.32325	 0.00129282
-1.31991	 0.00134711
-1.31658	 0.00136084
-1.31325	 0.00121764
-1.30991	 0.00140908
-1.30658	 0.00143064
-1.30325	 0.00173045
-1.29991	 0.00197829
-1.29658	 0.00171938
-1.29325	 0.00146175
-1.28991	 0.00130505
-1.28658	 0.00207163
-1.28325	 0.00210144
-1.27991	 0.00192848
-1.27658	 0.00198694
-1.27325	 0.00196048
-1.26992	 0.00199982
-1.26658	 0.00183415
-1.26325	 0.00200723
-1.25992	 0.00227728
-1.25658	 0.00206597
-1.25325	 0.00247545
-1.24992	 0.00200626
-1.24658	 0.00249465
-1.24325	 0.00287045
-1.23992	 0.003117
-1.23658	 0.00223911
-1.23325	 0.00297411
-1.22992	 0.00341002
-1.22658	 0.00340786
-1.22325	 0.00328617
-1.21992	 0.00443691
-1.21659	 0.00390743
-1.21325	 0.00360424
-1.20992	 0.00528178
-1.20659	 0.0060645
-1.20325	 0.00537578
-1.19992	 0.00800302
-1.19659	 0.0100551
-1.19325	 0.00966509
-1.18992	 0.0114084
-1.18659	 0.011556
-1.18325	 0.0134643
-1.17992	 0.0121329
-1.17659	 0.00872637
-1.17326	 0.00875016
-1.16992	 0.00648561
-1.16659	 0.00694979
-1.16326	 0.00521445
-1.15992	 0.00540347
-1.15659	 0.0043641
-1.15326	 0.00423993
-1.14992	 0.00327547
-1.14659	 0.00369189
-1.14326	 0.00330537
-1.13992	 0.00326447
-1.13659	 0.00321366
-1.13326	 0.00266914
-1.12992	 0.00315364
-1.12659	 0.0028717
-1.12326	 0.00270901
-1.11993	 0.00200886
-1.11659	 0.00205556
-1.11326	 0.00208887
-1.10993	 0.00212062
-1.10659	 0.00187949
-1.10326	 0.00180094
-1.09993	 0.00161146
-1.09659	 0.00153561
-1.09326	 0.00149575
-1.08993	 0.00185659
-1.08659	 0.00124835
-1.08326	 0.00139708
-1.07993	 0.00152212
-1.07659	 0.00135453
-1.07326	 0.00146704
-1.06993	 0.00142409
-1.0666	 0.0014835
-1.06326	 0.00123541
-1.05993	 0.00151632
-1.0566	 0.00131798
-1.05326	 0.000962525
-1.04993	 0.00111028
-1.0466	 0.00106074
-1.04326	 0.00109716
-1.03993	 0.00116504
-1.0366	 0.00115013
-1.03326	 0.000855084
-1.02993	 0.000991873
-1.0266	 0.000941331
-1.02327	 0.00105439
-1.01993	 0.000965543
-1.0166	 0.00100227
-1.01327	 0.00108093
-1.00993	 0.000880695
-1.0066	 0.000813178
-1.00327	 0.000774293
-0.999933	 0.000905616
-0.9966	 0.000961261
-0.993267	 0.00108522
-0.989934	 0.00088747
-0.986601	 0.000931784
-0.983268	 0.000878368
-0.979935	 0.000814469
-0.976602	 0.000811732
-0.973268	 0.000946581
-0.969935	 0.000642734
-0.966602	 0.000653915
-0.963269	 0.000794178
-0.959936	 0.000700195
-0.956603	 0.000774095
-0.95327	 0.000864461
-0.949937	 0.000849719
-0.946604	 0.000993461
-0.94327	 0.000650583
-0.939937	 0.000728148
-0.936604	 0.000590591
-0.933271	 0.000793845
-0.929938	 0.00069993
-0.926605	 0.000703234
-0.923272	 0.000731789
-0.919939	 0.000748716
-0.916606	 0.000595003
-0.913272	 0.000614353
-0.909939	 0.000693584
-0.906606	 0.00073617
-0.903273	 0.00069539
-0.89994	 0.000716158
-0.896607	 0.000606173
-0.893274	 0.000641642
-0.889941	 0.000790935
-0.886608	 0.00055551
-0.883274	 0.000733264
-0.879941	 0.000620126
-0.876608	 0.000644114
-0.873275	 0.00075427
-0.869942	 0.00055167
-0.866609	 0.000647731
-0.863276	 0.000708637
-0.859943	 0.000631949
-0.85661	 0.00067282
-0.853276	 0.000506805
-0.849943	 0.000721444
-0.84661	 0.000656583
-0.843277	 0.000637944
-0.839944	 0.000635478
-0.836611	 0.000545743
-0.833278	 0.000649707
-0.829945	 0.000502845
-0.826612	 0.000613508
-0.823278	 0.000646852
-0.819945	 0.000729919
-0.816612	 0.000542867
-0.813279	 0.000548626
-0.809946	 0.000562137
-0.806613	 0.00052907
-0.80328	 0.000496089
-0.799947	 0.000485387
-0.796614	 0.000480285
-0.79328	 0.00053984
-0.789947	 0.00064491
-0.786614	 0.000568351
-0.783281	 0.000569031
-0.779948	 0.000528401
-0.776615	 0.00059174
-0.773282	 0.000576339
-0.769949	 0.000397934
-0.766616	 0.000470519
-0.763282	 0.000546327
-0.759949	 0.000559322
-0.756616	 0.00056245
-0.753283	 0.000610007
-0.74995	 0.000473966
-0.746617	 0.000496958
-0.743284	 0.000532251
-0.739951	 0.000551876
-0.736618	 0.000561582
-0.733284	 0.000522794
-0.729951	 0.000547299
-0.726618	 0.000507949
-0.723285	 0.00056452
-0.719952	 0.000506197
-0.716619	 0.000569759
-0.713286	 0.000632989
-0.709953	 0.000456657
-0.70662	 0.000531256
-0.703286	 0.000520777
-0.699953	 0.000605224
-0.69662	 0.000677773
-0.693287	 0.000517238
-0.689954	 0.000602601
-0.686621	 0.000585359
-0.683288	 0.000543467
-0.679955	 0.000627805
-0.676622	 0.000527254
-0.673288	 0.000509319
-0.669955	 0.000492825
-0.666622	 0.000571495
-0.663289	 0.000598856
-0.659956	 0.000466852
-0.656623	 0.000450248
-0.65329	 0.000579029
-0.649957	 0.000536404
-0.646624	 0.000537428
-0.64329	 0.000530526
-0.639957	 0.000435904
-0.636624	 0.000529608
-0.633291	 0.000431011
-0.629958	 0.000476973
-0.626625	 0.000516472
-0.623292	 0.000589018
-0.619959	 0.000469137
-0.616626	 0.000591944
-0.613292	 0.000406693
-0.609959	 0.000532906
-0.606626	 0.000565356
-0.603293	 0.00059595
-0.59996	 0.000509551
-0.596627	 0.000498842
-0.593294	 0.000422985
-0.589961	 0.000602237
-0.586628	 0.000514549
-0.583294	 0.00058476
-0.579961	 0.000589899
-0.576628	 0.000596518
-0.573295	 0.000572355
-0.569962	 0.000603946
-0.566629	 0.000638228
-0.563296	 0.000526665
-0.559963	 0.000540672
-0.55663	 0.000517228
-0.553296	 0.000650092
-0.549963	 0.000552916
-0.54663	 0.000571116
-0.543297	 0.000489144
-0.539964	 0.000668456
-0.536631	 0.000717012
-0.533298	 0.000589201
-0.529965	 0.000563691
-0.526632	 0.000521621
-0.523298	 0.000555263
-0.519965	 0.000614702
-0.516632	 0.000659415
-0.513299	 0.000594405
-0.509966	 0.000616104
-0.506633	 0.000438713
-0.5033	 0.000571774
-0.499967	 0.000563026
-0.496634	 0.000541237
-0.4933	 0.000486157
-0.489967	 0.000601465
-0.486634	 0.000613858
-0.483301	 0.000532529
-0.479968	 0.000549006
-0.476635	 0.000477097
-0.473302	 0.000676028
-0.469969	 0.00063652
-0.466636	 0.000581947
-0.463302	 0.000799382
-0.459969	 0.000581211
-0.456636	 0.000510294
-0.453303	 0.000629938
-0.44997	 0.000664121
-0.446637	 0.000519203
-0.443304	 0.000600743
-0.439971	 0.000545814
-0.436638	 0.000545794
-0.433304	 0.000531679
-0.429971	 0.000583095
-0.426638	 0.00061459
-0.423305	 0.000595785
-0.419972	 0.000673833
-0.416639	 0.000715425
-0.413306	 0.000614919
-0.409973	 0.000758535
-0.40664	 0.000575045
-0.403306	 0.000713372
-0.399973	 0.000640806
-0.39664	 0.000585347
-0.393307	 0.000556568
-0.389974	 0.000707768
-0.386641	 0.000570503
-0.383308	 0.000525845
-0.379975	 0.000633064
-0.376642	 0.000534008
-0.373308	 0.000687533
-0.369975	 0.000694652
-0.366642	 0.000749531
-0.363309	 0.000629708
-0.359976	 0.000834885
-0.356643	 0.000609753
-0.35331	 0.000772357
-0.349977	 0.000771193
-0.346644	 0.000714791
-0.34331	 0.000749006
-0.339977	 0.000675005
-0.336644	 0.000677219
-0.333311	 0.000681124
-0.329978	 0.000713549
-0.326645	 0.000646665
-0.323312	 0.000739599
-0.319979	 0.000777518
-0.316646	 0.000743375
-0.313312	 0.000686092
-0.309979	 0.000691829
-0.306646	 0.000724801
-0.303313	 0.000724078
-0.29998	 0.000877212
-0.296647	 0.000886452
-0.293314	 0.000750313
-0.289981	 0.000920374
-0.286648	 0.000804649
-0.283314	 0.000790913
-0.279981	 0.000998014
-0.276648	 0.000859
-0.273315	 0.00105081
-0.269982	 0.000895632
-0.266649	 0.000804823
-0.263316	 0.0010194
-0.259983	 0.000677678
-0.25665	 0.00110836
-0.253316	 0.000985171
-0.249983	 0.000820603
-0.24665	 0.000829577
-0.243317	 0.000887068
-0.239984	 0.000806806
-0.236651	 0.000981191
-0.233318	 0.00102039
-0.229985	 0.00100425
-0.226652	 0.000871648
-0.223318	 0.00100741
-0.219985	 0.00110982
-0.216652	 0.00109999
-0.213319	 0.000879999
-0.209986	 0.0011269
-0.206653	 0.000973693
-0.20332	 0.00105392
-0.199987	 0.00103395
-0.196654	 0.00143994
-0.19332	 0.00100753
-0.189987	 0.000962803
-0.186654	 0.00103505
-0.183321	 0.00124734
-0.179988	 0.00139675
-0.176655	 0.00112504
-0.173322	 0.00138824
-0.169989	 0.00131855
-0.166656	 0.001359
-0.163322	 0.00141334
-0.159989	 0.00123771
-0.156656	 0.00126862
-0.153323	 0.00136763
-0.14999	 0.00184878
-0.146657	 0.00145211
-0.143324	 0.00132046
-0.139991	 0.00154007
-0.136658	 0.00156529
-0.133324	 0.00175645
-0.129991	 0.0013643
-0.126658	 0.00134633
-0.123325	 0.0016215
-0.119992	 0.00186047
-0.116659	 0.0017377
-0.113326	 0.00176746
-0.109993	 0.00198563
-0.10666	 0.00158198
-0.103326	 0.00248601
-0.0999933	 0.00196232
-0.0966602	 0.00212534
-0.0933271	 0.0024025
-0.089994	 0.00234949
-0.0866609	 0.00252794
-0.0833278	 0.00185865
-0.0799947	 0.00262895
-0.0766616	 0.00235326
-0.0733284	 0.00315339
-0.0699953	 0.00322596
-0.0666622	 0.00307574
-0.0633291	 0.00288893
-0.059996	 0.00332473
-0.0566629	 0.0033923
-0.0533298	 0.00406896
-0.0499967	 0.00439125
-0.0466636	 0.00432908
-0.0433304	 0.004982
-0.0399973	 0.00454107
-0.0366642	 0.00561561
-0.0333311	 0.00647928
-0.029998	 0.00739371
-0.0266649	 0.00866838
-0.0233318	 0.0107151
-0.0199987	 0.0127245
-0.0166656	 0.0141554
-0.0133324	 0.0165233
-0.00999933	 0.0271229
-0.00666622	 0.0452656
-0.00333311	 7.17927e-06
0	 1
0.00333311	 0.0453974
0.00666622	 0.0303352
0.00999933	 0.0163226
0.0133324	 0.0152074
0.0166656	 0.012388
0.0199987	 0.0109193
0.0233318	 0.00876241
0.0266649	 0.0073895
0.029998	 0.00652614
0.0333311	 0.00563695
0.0366642	 0.00435507
0.0399973	 0.00483005
0.0433304	 0.0048654
0.0466636	 0.00421831
0.0499967	 0.0042337
0.0533298	 0.00344811
0.0566629	 0.00302692
0.059996	 0.00289435
0.0633291	 0.00329576
0.0666622	 0.00327363
0.0699953	 0.00301619
0.0733284	 0.00211611
0.0766616	 0.00290511
0.0799947	 0.00217321
0.0833278	 0.00246326
0.0866609	 0.00231717
0.089994	 0.0019427
0.0933271	 0.00218993
0.0966602	 0.00189762
0.0999933	 0.00243765
0.103326	 0.00194351
0.10666	 0.00205068
0.109993	 0.00174456
0.113326	 0.00146775
0.116659	 0.00172901
0.119992	 0.00178814
0.123325	 0.00148625
0.126658	 0.00141449
0.129991	 0.00188661
0.133324	 0.00142705
0.136658	 0.00146359
0.139991	 0.00143041
0.143324	 0.00156943
0.146657	 0.00168069
0.14999	 0.00150423
0.153323	 0.00110204
0.156656	 0.00128156
0.159989	 0.00144808
0.163322	 0.00138174
0.166656	 0.00126229
0.169989	 0.00137988
0.173322	 0.00117396
0.176655	 0.00133957
0.179988	 0.00106682
0.183321	 0.00111052
0.186654	 0.00108136
0.189987	 0.00110025
0.19332	 0.00112883
0.196654	 0.00105793
0.199987	 0.00103968
0.20332	 0.00095719
0.206653	 0.0010116
0.209986	 0.000984689
0.213319	 0.00119137
0.216652	 0.0010436
0.219985	 0.00101073
0.223318	 0.000941388
0.226652	 0.000828926
0.229985	 0.0010872
0.233318	 0.000959213
0.236651	 0.000985411
0.239984	 0.000994496
0.243317	 0.0010233
0.24665	 0.000818836
0.249983	 0.00097777
0.253316	 0.00098261
0.25665	 0.000937834
0.259983	 0.000808886
0.263316	 0.000852204
0.266649	 0.000852104
0.269982	 0.00100778
0.273315	 0.000774331
0.276648	 0.000860244
0.279981	 0.000897135
0.283314	 0.00061443
0.286648	 0.000898928
0.289981	 0.000668346
0.293314	 0.000824477
0.296647	 0.000869086
0.29998	 0.000744654
0.303313	 0.000692009
0.306646	 0.000780907
0.309979	 0.00061834
0.313312	 0.000687767
0.316646	 0.000652705
0.319979	 0.000561929
0.323312	 0.000921307
0.326645	 0.00086543
0.329978	 0.000606249
0.333311	 0.000671097
0.336644	 0.00066824
0.339977	 0.000813938
0.34331	 0.00066237
0.346644	 0.000593331
0.349977	 0.000753413
0.35331	 0.000554135
0.356643	 0.000687747
0.359976	 0.000625988
0.363309	 0.00060013
0.366642	 0.000654569
0.369975	 0.000669654
0.373308	 0.000628951
0.376642	 0.000720694
0.379975	 0.000712696
0.383308	 0.000626459
0.386641	 0.000603974
0.389974	 0.000524353
0.393307	 0.000671321
0.39664	 0.000533083
0.399973	 0.000623785
0.403306	 0.000601097
0.40664	 0.000736347
0.409973	 0.000548886
0.413306	 0.000754642
0.416639	 0.000621134
0.419972	 0.000566852
0.423305	 0.000615836
0.426638	 0.000757973
0.429971	 0.000552176
0.433304	 0.000536206
0.436638	 0.000671692
0.439971	 0.000540438
0.443304	 0.000484809
0.446637	 0.000686102
0.44997	 0.000796425
0.453303	 0.000570826
0.456636	 0.00053427
0.459969	 0.000609759
0.463302	 0.000578522
0.466636	 0.000484737
0.469969	 0.000704632
0.473302	 0.000476006
0.476635	 0.000624014
0.479968	 0.000553781
0.483301	 0.000648941
0.486634	 0.000515733
0.489967	 0.00052251
0.4933	 0.000556275
0.496634	 0.00069025
0.499967	 0.000565536
0.5033	 0.000562594
0.506633	 0.000662957
0.509966	 0.000563976
0.513299	 0.0006471
0.516632	 0.000476029
0.519965	 0.000500065
0.523298	 0.000496697
0.526632	 0.000603572
0.529965	 0.000520077
0.533298	 0.000580198
0.536631	 0.000588296
0.539964	 0.000450243
0.543297	 0.000484555
0.54663	 0.000565695
0.549963	 0.000594385
0.553296	 0.000612168
0.55663	 0.000677372
0.559963	 0.000493733
0.563296	 0.000577957
0.566629	 0.000563964
0.569962	 0.000613756
0.573295	 0.000561515
0.576628	 0.000555711
0.579961	 0.000452005
0.583294	 0.000502951
0.586628	 0.000553468
0.589961	 0.000540592
0.593294	 0.000449606
0.596627	 0.000523311
0.59996	 0.000626043
0.603293	 0.000516789
0.606626	 0.000496209
0.609959	 0.000491204
0.613292	 0.000491573
0.616626	 0.000587851
0.619959	 0.00048973
0.623292	 0.000464973
0.626625	 0.000398175
0.629958	 0.000504527
0.633291	 0.000503234
0.636624	 0.000564947
0.639957	 0.000535492
0.64329	 0.000604634
0.646624	 0.000477464
0.649957	 0.000566503
0.65329	 0.000566203
0.656623	 0.000480654
0.659956	 0.000661463
0.663289	 0.000517573
0.666622	 0.000513171
0.669955	 0.000532962
0.673288	 0.000553542
0.676622	 0.000616705
0.679955	 0.000524222
0.683288	 0.000587317
0.686621	 0.000520354
0.689954	 0.000486095
0.693287	 0.000472436
0.69662	 0.000626427
0.699953	 0.000500829
0.703286	 0.000571191
0.70662	 0.00054194
0.709953	 0.000568919
0.713286	 0.00057164
0.716619	 0.000549369
0.719952	 0.000625786
0.723285	 0.00044766
0.726618	 0.000527386
0.729951	 0.00048275
0.733284	 0.000520271
0.736618	 0.000511786
0.739951	 0.000494747
0.743284	 0.000570575
0.746617	 0.000597073
0.74995	 0.000474249
0.753283	 0.000598129
0.756616	 0.000628602
0.759949	 0.000516823
0.763282	 0.000469522
0.766616	 0.000577578
0.769949	 0.00054911
0.773282	 0.000651906
0.776615	 0.00055303
0.779948	 0.000457824
0.783281	 0.00045255
0.786614	 0.000569379
0.789947	 0.000550168
0.79328	 0.000548442
0.796614	 0.000462825
0.799947	 0.000461892
0.80328	 0.000649476
0.806613	 0.000527466
0.809946	 0.000708184
0.813279	 0.000622649
0.816612	 0.000659193
0.819945	 0.000708964
0.823278	 0.00047168
0.826612	 0.000564852
0.829945	 0.000602632
0.833278	 0.000662888
0.836611	 0.000611771
0.839944	 0.000652365
0.843277	 0.000587901
0.84661	 0.000671826
0.849943	 0.000516044
0.853276	 0.000573865
0.85661	 0.000567202
0.859943	 0.000661607
0.863276	 0.000542487
0.866609	 0.000582179
0.869942	 0.000622973
0.873275	 0.00073896
0.876608	 0.000688151
0.879941	 0.000671124
0.883274	 0.000560966
0.886608	 0.000788939
0.889941	 0.000756178
0.893274	 0.000556528
0.896607	 0.000641072
0.89994	 0.000789286
0.903273	 0.000760226
0.906606	 0.000797594
0.909939	 0.000582976
0.913272	 0.0007
0.916606	 0.000572946
0.919939	 0.000738585
0.923272	 0.000677784
0.926605	 0.000810527
0.929938	 0.000706223
0.933271	 0.000673198
0.936604	 0.000655031
0.939937	 0.000682392
0.94327	 0.00074083
0.946604	 0.000793042
0.949937	 0.000893386
0.95327	 0.000724734
0.956603	 0.000788608
0.959936	 0.000722648
0.963269	 0.000824623
0.966602	 0.000764645
0.969935	 0.00100976
0.973268	 0.0009318
0.976602	 0.000926078
0.979935	 0.000904998
0.983268	 0.00100672
0.986601	 0.00105148
0.989934	 0.000862436
0.993267	 0.00087888
0.9966	 0.000984533
0.999933	 0.000893029
1.00327	 0.000880722
1.0066	 0.000951703
1.00993	 0.000913192
1.01327	 0.000931372
1.0166	 0.00107289
1.01993	 0.000918867
1.02327	 0.00091352
1.0266	 0.000928575
1.02993	 0.00103107
1.03326	 0.00125208
1.0366	 0.000993452
1.03993	 0.00119932
1.04326	 0.00108683
1.0466	 0.00114052
1.04993	 0.00102561
1.05326	 0.00123721
1.0566	 0.00127465
1.05993	 0.00112035
1.06326	 0.00172693
1.0666	 0.00140919
1.06993	 0.00141818
1.07326	 0.00107728
1.07659	 0.00157008
1.07993	 0.00132919
1.08326	 0.00121173
1.08659	 0.00158839
1.08993	 0.00127087
1.09326	 0.00151509
1.09659	 0.00132085
1.09993	 0.00183025
1.10326	 0.00168091
1.10659	 0.00208533
1.10993	 0.00201136
1.11326	 0.00197676
1.11659	 0.00199414
1.11993	 0.00252564
1.12326	 0.00268079
1.12659	 0.00293463
1.12992	 0.00246854
1.13326	 0.0034347
1.13659	 0.00348712
1.13992	 0.00327978
1.14326	 0.00358217
1.14659	 0.00266023
1.14992	 0.0038108
1.15326	 0.00400035
1.15659	 0.00560627
1.15992	 0.00474115
1.16326	 0.00663846
1.16659	 0.00715643
1.16992	 0.0073842
1.17326	 0.00859372
1.17659	 0.0133496
1.17992	 0.0121164
1.18325	 0.0122715
1.18659	 0.0120192
1.18992	 0.0098905
1.19325	 0.0097374
1.19659	 0.00809695
1.19992	 0.00596073
1.20325	 0.00623292
1.20659	 0.00512682
1.20992	 0.00359596
1.21325	 0.00384385
1.21659	 0.0036074
1.21992	 0.00324298
1.22325	 0.00321092
1.22658	 0.00402351
1.22992	 0.0028093
1.23325	 0.00266523
1.23658	 0.00258581
1.23992	 0.00247635
1.24325	 0.00222901
1.24658	 0.00220614
1.24992	 0.00238489
1.25325	 0.00189047
1.25658	 0.00238919
1.25992	 0.00187396
1.26325	 0.00238405
1.26658	 0.00195177
1.26992	 0.00191645
1.27325	 0.00161264
1.27658	 0.00225916
1.27991	 0.00202057
1.28325	 0.00170531
1.28658	 0.00153166
1.28991	 0.00148755
1.29325	 0.0015529
1.29658	 0.00194183
1.29991	 0.00124029
1.30325	 0.00113484
1.30658	 0.00125234
1.30991	 0.0012575
1.31325	 0.00140454
1.31658	 0.00141578
1.31991	 0.00125128
1.32325	 0.00118422
1.32658	 0.00122077
1.32991	 0.00128883
1.33324	 0.0010899
1.33658	 0.00115234
1.33991	 0.000990613
1.34324	 0.00114301
1.34658	 0.00103026
1.34991	 0.00100566
1.35324	 0.00121764
1.35658	 0.000952242
1.35991	 0.000784498
1.36324	 0.000938842
1.36658	 0.00114634
1.36991	 0.00110685
1.37324	 0.000807896
1.37657	 0.00110906
1.37991	 0.00121322
1.38324	 0.000906529
1.38657	 0.000845208
1.38991	 0.000773172
1.39324	 0.000875429
1.39657	 0.000796002
1.39991	 0.000957212
1.40324	 0.000700623
1.40657	 0.000731944
1.40991	 0.000849055
1.41324	 0.000826554
1.41657	 0.00092515
1.41991	 0.000568333
1.42324	 0.000829953
1.42657	 0.000724616
1.4299	 0.000879076
1.43324	 0.00059064
1.43657	 0.000727559
1.4399	 0.000845395
1.44324	 0.00066566
1.44657	 0.000662315
1.4499	 0.000687909
1.45324	 0.000526252
1.45657	 0.000717639
1.4599	 0.000745098
1.46324	 0.000440728
1.46657	 0.00053514
1.4699	 0.000636855
1.47324	 0.000729546
1.47657	 0.000747841
1.4799	 0.000779566
1.48323	 0.0006359
1.48657	 0.000741713
1.4899	 0.000755243
1.49323	 0.000551524
1.49657	 0.000820699
1.4999	 0.000691808
1.50323	 0.000606252
1.50657	 0.000654325
1.5099	 0.000595832
1.51323	 0.000679849
1.51657	 0.000637015
1.5199	 0.000621989
1.52323	 0.000670771
1.52656	 0.000609794
1.5299	 0.000563875
1.53323	 0.000560038
1.53656	 0.000644542
1.5399	 0.00070524
1.54323	 0.000610105
1.54656	 0.000580445
1.5499	 0.000673127
1.55323	 0.000604321
1.55656	 0.00053945
1.5599	 0.000495256
1.56323	 0.000595545
1.56656	 0.00061903
1.5699	 0.000588264
1.57323	 0.000475596
1.57656	 0.000490682
1.57989	 0.00052295
1.58323	 0.000568654
1.58656	 0.00057939
1.58989	 0.000667836
1.59323	 0.000475465
1.59656	 0.000547713
1.59989	 0.000479388
1.60323	 0.00044979
1.60656	 0.000546109
1.60989	 0.000556231
1.61323	 0.000622285
1.61656	 0.000589147
1.61989	 0.000735178
1.62323	 0.000588247
1.62656	 0.000612947
1.62989	 0.000552051
1.63322	 0.000573218
1.63656	 0.000569759
1.63989	 0.000437689
1.64322	 0.000471766
1.64656	 0.000516733
1.64989	 0.000520278
1.65322	 0.000573926
1.65656	 0.000466397
1.65989	 0.000459903
1.66322	 0.000479266
1.66656	 0.000414203
1.66989	 0.000539592
1.67322	 0.000482209
1.67655	 0.00047726
1.67989	 0.000460307
1.68322	 0.000442051
1.68655	 0.000432311
1.68989	 0.000580933
1.69322	 0.000476678
1.69655	 0.000430855
1.69989	 0.000426248
1.70322	 0.000459693
1.70655	 0.000461033
1.70989	 0.000442874
1.71322	 0.00048334
1.71655	 0.000480973
1.71989	 0.000490775
1.72322	 0.000400078
1.72655	 0.000437444
1.72988	 0.000474613
1.73322	 0.000480237
1.73655	 0.000628815
1.73988	 0.00042017
1.74322	 0.000582599
1.74655	 0.000458381
1.74988	 0.000414
1.75322	 0.000511973
1.75655	 0.000423647
1.75988	 0.000473859
1.76322	 0.000527167
1.76655	 0.000444245
1.76988	 0.000393212
1.77322	 0.000451553
1.77655	 0.000548798
1.77988	 0.000439547
1.78321	 0.000451681
1.78655	 0.000485697
1.78988	 0.000606498
1.79321	 0.000402591
1.79655	 0.000438307
1.79988	 0.000480379
1.80321	 0.000548418
1.80655	 0.000494957
1.80988	 0.000536125
1.81321	 0.000578423
1.81655	 0.000533082
1.81988	 0.000351306
1.82321	 0.000511854
1.82654	 0.000401239
1.82988	 0.000439577
1.83321	 0.000473597
1.83654	 0.000461789
1.83988	 0.000568878
1.84321	 0.000469972
1.84654	 0.000414603
1.84988	 0.000475568
1.85321	 0.000421902
1.85654	 0.000499342
1.85988	 0.000519202
1.86321	 0.000438122
1.86654	 0.000424737
1.86988	 0.000450379
1.87321	 0.000474537
1.87654	 0.000485985
1.87987	 0.000509733
1.88321	 0.000498576
1.88654	 0.000360371
1.88987	 0.000431251
1.89321	 0.000432824
1.89654	 0.000405572
1.89987	 0.000462471
1.90321	 0.000482267
1.90654	 0.000461436
1.90987	 0.000426864
1.91321	 0.000482394
1.91654	 0.000486612
1.91987	 0.000506211
1.92321	 0.000577491
1.92654	 0.000518164
1.92987	 0.0004953
1.9332	 0.000581113
1.93654	 0.000437424
1.93987	 0.0005359
1.9432	 0.000418986
1.94654	 0.000452742
1.94987	 0.00044791
1.9532	 0.000483835
1.95654	 0.000530765
1.95987	 0.000532674
1.9632	 0.000592536
1.96654	 0.00041933
1.96987	 0.000506052
1.9732	 0.000591098
1.97653	 0.000542526
1.97987	 0.000542449
1.9832	 0.000582022
1.98653	 0.000508003
1.98987	 0.000462461
1.9932	 0.000534357
1.99653	 0.000493337
1.99987	 0.000576273
2.0032	 0.000446147
2.00653	 0.000517911
2.00987	 0.00053798
2.0132	 0.000533147
2.01653	 0.000479555
2.01987	 0.000602876
2.0232	 0.000475491
2.02653	 0.000520423
2.02986	 0.000484214
2.0332	 0.000563699
2.03653	 0.000618649
2.03986	 0.000538695
2.0432	 0.00051739
2.04653	 0.000650053
2.04986	 0.000576576
2.0532	 0.000634256
2.05653	 0.000396564
2.05986	 0.000593446
2.0632	 0.000619616
2.06653	 0.000615555
2.06986	 0.000578277
2.0732	 0.000639999
2.07653	 0.000680291
2.07986	 0.000560126
2.08319	 0.000579694
2.08653	 0.000567851
2.08986	 0.000663657
2.09319	 0.000586347
2.09653	 0.00053412
2.09986	 0.000614442
2.10319	 0.000634601
2.10653	 0.000737542
2.10986	 0.000630057
2.11319	 0.000592663
2.11653	 0.000674352
2.11986	 0.000604914
2.12319	 0.000611601
2.12652	 0.000659846
2.12986	 0.000586408
2.13319	 0.000590054
2.13652	 0.000793258
2.13986	 0.000813029
2.14319	 0.000575507
2.14652	 0.000687663
2.14986	 0.000756425
2.15319	 0.000850413
2.15652	 0.000636123
2.15986	 0.000650158
2.16319	 0.000662137
2.16652	 0.000722435
2.16986	 0.000691711
2.17319	 0.000878619
2.17652	 0.000697773
2.17985	 0.000895338
2.18319	 0.000693737
2.18652	 0.000891787
2.18985	 0.000760662
2.19319	 0.000729908
2.19652	 0.000860349
2.19985	 0.000871942
2.20319	 0.000718231
2.20652	 0.000938922
2.20985	 0.000992655
2.21319	 0.000914909
2.21652	 0.000872293
2.21985	 0.00102876
2.22319	 0.0010716
2.22652	 0.000835848
2.22985	 0.00111335
2.23318	 0.00103802
2.23652	 0.00112803
2.23985	 0.000899902
2.24318	 0.0010712
2.24652	 0.00116472
2.24985	 0.0014539
2.25318	 0.00111671
2.25652	 0.00110965
2.25985	 0.00135659
2.26318	 0.00105154
2.26652	 0.00146171
2.26985	 0.00133532
2.27318	 0.0012781
2.27651	 0.00136279
2.27985	 0.00128408
2.28318	 0.00125458
2.28651	 0.00142007
2.28985	 0.00177534
2.29318	 0.00167437
2.29651	 0.00161846
2.29985	 0.00184518
2.30318	 0.00178905
2.30651	 0.00193261
2.30985	 0.00178241
2.31318	 0.00175065
2.31651	 0.00185985
2.31985	 0.00172663
2.32318	 0.00203092
2.32651	 0.00236103
2.32984	 0.00242533
2.33318	 0.00263341
2.33651	 0.00311819
2.33984	 0.00209159
2.34318	 0.00265626
2.34651	 0.0028593
2.34984	 0.00293929
2.35318	 0.00342056
2.35651	 0.00262843
2.35984	 0.00309161
2.36318	 0.00254858
2.36651	 0.00302603
2.36984	 0.00295978
2.37318	 0.00247434
2.37651	 0.00263968
2.37984	 0.00290125
2.38317	 0.00268828
2.38651	 0.00335922
2.38984	 0.00355027
2.39317	 0.00359262
2.39651	 0.00336146
2.39984	 0.00311012
2.40317	 0.00257899
2.40651	 0.00255174
2.40984	 0.00250924
2.41317	 0.00277408
2.41651	 0.00247189
2.41984	 0.00229144
2.42317	 0.00231702
2.4265	 0.00152235
2.42984	 0.00254248
2.43317	 0.00197339
2.4365	 0.001666
2.43984	 0.00203125
2.44317	 0.00237597
2.4465	 0.00176627
2.44984	 0.00188082
2.45317	 0.00196236
2.4565	 0.00192965
2.45984	 0.0015456
2.46317	 0.00134454
2.4665	 0.00156741
2.46984	 0.0015384
2.47317	 0.00156826
2.4765	 0.00147661
2.47983	 0.00153003
2.48317	 0.00119461
2.4865	 0.00157119
2.48983	 0.00138213
2.49317	 0.00135003
2.4965	 0.00168934
2.49983	 0.00111804
2.50317	 0.00127187
2.5065	 0.00121942
2.50983	 0.00151026
2.51317	 0.00136711
2.5165	 0.00141342
2.51983	 0.00132031
2.52317	 0.00117098
2.5265	 0.00122221
2.52983	 0.00111299
2.53316	 0.00101743
2.5365	 0.00103431
2.53983	 0.00103644
2.54316	 0.000924217
2.5465	 0.0012081
2.54983	 0.00127275
2.55316	 0.00121757
2.5565	 0.000938467
2.55983	 0.000827478
2.56316	 0.0011308
2.5665	 0.00105543
2.56983	 0.000915825
2.57316	 0.00102285
2.57649	 0.00100119
2.57983	 0.00086553
2.58316	 0.000937695
2.58649	 0.00104848
2.58983	 0.00113187
2.59316	 0.000963701
2.59649	 0.000812243
2.59983	 0.000942629
2.60316	 0.00094614
2.60649	 0.000858162
2.60983	 0.00088756
2.61316	 0.00101889
2.61649	 0.00081284
2.61983	 0.00071834
2.62316	 0.000731607
2.62649	 0.000742732
2.62982	 0.000800406
2.63316	 0.000715908
2.63649	 0.000910021
2.63982	 0.000758062
2.64316	 0.000594802
2.64649	 0.000814574
2.64982	 0.000619927
2.65316	 0.000814213
2.65649	 0.000609008
2.65982	 0.000635842
2.66316	 0.000633404
2.66649	 0.000750329
2.66982	 0.000749692
2.67316	 0.000656106
2.67649	 0.000690667
2.67982	 0.000729494
2.68315	 0.000608535
2.68649	 0.000616847
2.68982	 0.000691556
2.69315	 0.000781484
2.69649	 0.000621005
2.69982	 0.000834836
2.70315	 0.00059666
2.70649	 0.000590806
2.70982	 0.000699864
2.71315	 0.000519693
2.71649	 0.00066874
2.71982	 0.00055703
2.72315	 0.000590055
2.72648	 0.000666757
2.72982	 0.000676096
2.73315	 0.000585625
2.73648	 0.00059072
2.73982	 0.000420751
2.74315	 0.000500289
2.74648	 0.000537248
2.74982	 0.000440765
2.75315	 0.000484411
2.75648	 0.000623291
2.75982	 0.000532916
2.76315	 0.00052821
2.76648	 0.000622818
2.76982	 0.000634158
2.77315	 0.000674123
2.77648	 0.000521442
2.77981	 0.000538001
2.78315	 0.000666321
2.78648	 0.0004979
2.78981	 0.000516772
2.79315	 0.000633448
2.79648	 0.000465659
2.79981	 0.000537963
2.80315	 0.000461454
2.80648	 0.000448867
2.80981	 0.000563905
2.81315	 0.000531259
2.81648	 0.000485077
2.81981	 0.000437572
2.82315	 0.000516449
2.82648	 0.000545773
2.82981	 0.000538426
2.83314	 0.000551877
2.83648	 0.000485925
2.83981	 0.000377547
2.84314	 0.000521361
2.84648	 0.000466448
2.84981	 0.000484768
2.85314	 0.000469834
2.85648	 0.000476411
2.85981	 0.000503878
2.86314	 0.000494568
2.86648	 0.000444087
2.86981	 0.000509472
2.87314	 0.000543065
2.87647	 0.000539171
2.87981	 0.000416677
2.88314	 0.000631223
2.88647	 0.000387735
2.88981	 0.000497148
2.89314	 0.000609951
2.89647	 0.000496899
2.89981	 0.000490615
2.90314	 0.000639585
2.90647	 0.000502624
2.90981	 0.00043918
2.91314	 0.000518904
2.91647	 0.000446937
2.91981	 0.000460259
2.92314	 0.000459947
2.92647	 0.00049086
2.9298	 0.000507089
2.93314	 0.000536156
2.93647	 0.000389224
2.9398	 0.000473874
2.94314	 0.000498812
2.94647	 0.00052207
2.9498	 0.000519058
2.95314	 0.000401368
2.95647	 0.000542532
2.9598	 0.000433268
2.96314	 0.000567114
2.96647	 0.000448178
2.9698	 0.000449454
2.97314	 0.000456847
2.97647	 0.000509353
2.9798	 0.00051219
2.98313	 0.000408993
2.98647	 0.000444911
2.9898	 0.000503863
2.99313	 0.000620077
2.99647	 0.000450393
2.9998	 0.000441978
3.00313	 0.000445155
3.00647	 0.000487033
3.0098	 0.000410109
3.01313	 0.000454137
3.01647	 0.000470823
3.0198	 0.000524919
3.02313	 0.000351433
3.02646	 0.000396824
3.0298	 0.000455605
3.03313	 0.000655001
3.03646	 0.000552595
3.0398	 0.000430981
3.04313	 0.000424627
3.04646	 0.000486691
3.0498	 0.00050288
3.05313	 0.000488823
3.05646	 0.000485364
3.0598	 0.000375473
3.06313	 0.000448985
3.06646	 0.000447007
3.0698	 0.000380738
3.07313	 0.00042544
3.07646	 0.000443578
3.07979	 0.000501619
3.08313	 0.000433739
3.08646	 0.000441589
3.08979	 0.000422143
3.09313	 0.000656233
3.09646	 0.000545095
3.09979	 0.000405222
3.10313	 0.000654119
3.10646	 0.000392139
3.10979	 0.000550162
3.11313	 0.000489246
3.11646	 0.000415167
3.11979	 0.000460818
3.12313	 0.000576819
3.12646	 0.000497111
3.12979	 0.000451523
3.13312	 0.000417788
3.13646	 0.000454616
3.13979	 0.000460774
3.14312	 0.000458137
3.14646	 0.000472218
3.14979	 0.000475028
3.15312	 0.00058009
3.15646	 0.000452758
3.15979	 0.000602188
3.16312	 0.000466482
3.16646	 0.000472018
3.16979	 0.000488893
3.17312	 0.000526606
3.17645	 0.00057268
3.17979	 0.000485259
3.18312	 0.000417061
3.18645	 0.000428605
3.18979	 0.0005096
3.19312	 0.000478934
3.19645	 0.00059054
3.19979	 0.000482108
3.20312	 0.000501539
3.20645	 0.000503027
3.20979	 0.000497925
3.21312	 0.000529901
3.21645	 0.000509437
3.21979	 0.000630864
3.22312	 0.000443944
3.22645	 0.000458225
3.22978	 0.000484893
3.23312	 0.000474927
3.23645	 0.000557899
3.23978	 0.00056964
3.24312	 0.00055824
3.24645	 0.000382744
3.24978	 0.000539729
3.25312	 0.000617032
3.25645	 0.000527028
3.25978	 0.000507551
3.26312	 0.000650406
3.26645	 0.000532916
3.26978	 0.000516473
3.27312	 0.000524245
3.27645	 0.00053218
3.27978	 0.000540266
3.28311	 0.000625506
3.28645	 0.000512828
3.28978	 0.00053319
3.29311	 0.000547833
3.29645	 0.000668922
3.29978	 0.000738872
3.30311	 0.000536485
3.30645	 0.000560344
3.30978	 0.000648646
3.31311	 0.000519171
3.31645	 0.00065733
3.31978	 0.000756352
3.32311	 0.00067203
3.32644	 0.000758414
3.32978	 0.000524255
3.33311	 0.000552631
3.33644	 0.000663518
3.33978	 0.000766738
3.34311	 0.000723145
3.34644	 0.000550303
3.34978	 0.000539477
3.35311	 0.000644667
3.35644	 0.000623985
3.35978	 0.000560703
3.36311	 0.000715535
3.36644	 0.000618039
3.36978	 0.000671212
3.37311	 0.000753371
3.37644	 0.000788812
3.37977	 0.00070648
3.38311	 0.000796083
3.38644	 0.000668493
3.38977	 0.000754888
3.39311	 0.000830924
3.39644	 0.000768582
3.39977	 0.00090884
3.40311	 0.00077247
3.40644	 0.000737698
3.40977	 0.000763013
3.41311	 0.000989879
3.41644	 0.000934703
3.41977	 0.000851434
3.42311	 0.000868665
3.42644	 0.00072716
3.42977	 0.000779008
3.4331	 0.00101609
3.43644	 0.000950365
3.43977	 0.000953304
3.4431	 0.00088669
3.44644	 0.00103434
3.44977	 0.000948623
3.4531	 0.000821011
3.45644	 0.000711436
3.45977	 0.000998713
3.4631	 0.000981376
3.46644	 0.00101096
3.46977	 0.000941106
3.4731	 0.00106544
3.47643	 0.000947102
3.47977	 0.00106255
3.4831	 0.000862146
3.48643	 0.00115643
3.48977	 0.00122096
3.4931	 0.000971577
3.49643	 0.00131825
3.49977	 0.00112212
3.5031	 0.00141102
3.50643	 0.00130496
3.50977	 0.00112325
3.5131	 0.00125775
3.51643	 0.00116199
3.51977	 0.00132604
3.5231	 0.00118392
3.52643	 0.00127424
3.52976	 0.00162043
3.5331	 0.00118755
3.53643	 0.00152091
3.53976	 0.00176424
3.5431	 0.00180249
3.54643	 0.00154499
3.54976	 0.0014824
3.5531	 0.00163611
3.55643	 0.00163589
3.55976	 0.00199494
3.5631	 0.00167608
3.56643	 0.00174075
3.56976	 0.00189811
3.5731	 0.00196124
3.57643	 0.00137502
3.57976	 0.00199361
3.58309	 0.00214682
3.58643	 0.00220685
3.58976	 0.00219943
3.59309	 0.00165523
3.59643	 0.00239598
3.59976	 0.00183209
3.60309	 0.0018063
3.60643	 0.00160682
3.60976	 0.00168367
3.61309	 0.00229703
3.61643	 0.00191995
3.61976	 0.00207165
3.62309	 0.00192229
3.62642	 0.00138985
3.62976	 0.00143727
3.63309	 0.00154767
3.63642	 0.00203324
3.63976	 0.00151195
3.64309	 0.00168931
3.64642	 0.00166955
3.64976	 0.0017978
3.65309	 0.00177281
3.65642	 0.00150952
3.65976	 0.0012913
3.66309	 0.00141987
3.66642	 0.00187076
3.66976	 0.00123748
3.67309	 0.00159316
3.67642	 0.00136754
3.67975	 0.00124148
3.68309	 0.00137417
3.68642	 0.00142722
3.68975	 0.00170193
3.69309	 0.00129298
3.69642	 0.0011857
3.69975	 0.00115746
3.70309	 0.00121962
3.70642	 0.00141209
3.70975	 0.000841108
3.71309	 0.0012161
3.71642	 0.00151488
3.71975	 0.00126606
3.72309	 0.00110123
3.72642	 0.00115071
3.72975	 0.00110659
3.73308	 0.000838086
3.73642	 0.00129854
3.73975	 0.0011781
3.74308	 0.00124425
3.74642	 0.00106764
3.74975	 0.00113274
3.75308	 0.000797743
3.75642	 0.000876847
3.75975	 0.00108256
3.76308	 0.00130698
3.76642	 0.00110102
3.76975	 0.000952378
3.77308	 0.000859855
3.77641	 0.00118916
3.77975	 0.000835147
3.78308	 0.00100306
3.78641	 0.000830041
3.78975	 0.000692093
3.79308	 0.000808942
3.79641	 0.000860402
3.79975	 0.00104821
3.80308	 0.000864866
3.80641	 0.000887647
3.80975	 0.00097043
3.81308	 0.000933092
3.81641	 0.000808837
3.81975	 0.000793665
3.82308	 0.000977358
3.82641	 0.00068884
3.82974	 0.000737682
3.83308	 0.000824181
3.83641	 0.000817389
3.83974	 0.000841237
3.84308	 0.000824067
3.84641	 0.000802717
3.84974	 0.000661837
3.85308	 0.000722367
3.85641	 0.000566005
3.85974	 0.000648453
3.86308	 0.000665962
3.86641	 0.000639836
3.86974	 0.000727128
3.87308	 0.000651992
3.87641	 0.000639226
3.87974	 0.00061856
3.88307	 0.000580854
3.88641	 0.000588408
3.88974	 0.000722883
3.89307	 0.00064128
3.89641	 0.000695015
3.89974	 0.000597111
3.90307	 0.000724387
3.90641	 0.000548381
3.90974	 0.000676309
3.91307	 0.000691738
3.91641	 0.000588478
3.91974	 0.000677026
3.92307	 0.000701447
3.9264	 0.000574736
3.92974	 0.000615607
3.93307	 0.000677047
3.9364	 0.000541734
3.93974	 0.000590619
3.94307	 0.00052066
3.9464	 0.000574946
3.94974	 0.000641034
3.95307	 0.000528894
3.9564	 0.000570318
3.95974	 0.000509286
3.96307	 0.000656476
3.9664	 0.000524939
3.96974	 0.000581895
3.97307	 0.000520079
3.9764	 0.000688193
3.97973	 0.000515109
3.98307	 0.000568556
3.9864	 0.000474372
3.98973	 0.000550703
3.99307	 0.000423409
3.9964	 0.000548376
3.99973	 0.000522663
4.00307	 0.000511417
4.0064	 0.000661814
4.00973	 0.000571713
4.01307	 0.000482341
4.0164	 0.000470304
4.01973	 0.000537615
4.02307	 0.000449126
4.0264	 0.000557237
4.02973	 0.000414966
4.03306	 0.000420468
4.0364	 0.000399173
4.03973	 0.000502696
4.04306	 0.000483182
4.0464	 0.000515981
4.04973	 0.000447843
4.05306	 0.00047111
4.0564	 0.00036751
4.05973	 0.000450104
4.06306	 0.000346042
4.0664	 0.000410568
4.06973	 0.000419698
4.07306	 0.000535836
4.07639	 0.000483343
4.07973	 0.000465225
4.08306	 0.000623617
4.08639	 0.000451554
4.08973	 0.000410258
4.09306	 0.000428786
4.09639	 0.000485299
4.09973	 0.000479024
4.10306	 0.000409009
4.10639	 0.000426444
4.10973	 0.000545416
4.11306	 0.000466561
4.11639	 0.000400411
4.11973	 0.000484246
4.12306	 0.000510574
4.12639	 0.000445334
4.12972	 0.000454807
4.13306	 0.000485104
4.13639	 0.000456317
4.13972	 0.000503941
4.14306	 0.000501553
4.14639	 0.000373387
4.14972	 0.000461431
4.15306	 0.000435412
4.15639	 0.000442118
4.15972	 0.000507354
4.16306	 0.000498326
4.16639	 0.000461829
4.16972	 0.000407838
4.17306	 0.000473459
4.17639	 0.000398829
4.17972	 0.000482789
4.18305	 0.000471653
4.18639	 0.000448015
4.18972	 0.000459247
4.19305	 0.000485356
4.19639	 0.000467635
4.19972	 0.000426369
4.20305	 0.000352611
4.20639	 0.000477528
4.20972	 0.000365671
4.21305	 0.00049392
4.21639	 0.000383119
4.21972	 0.000434971
4.22305	 0.000536296
4.22638	 0.0005008
4.22972	 0.000454745
4.23305	 0.000419174
4.23638	 0.000409436
4.23972	 0.00032885
4.24305	 0.00036393
4.24638	 0.000489757
4.24972	 0.000415001
4.25305	 0.000453533
4.25638	 0.000387717
4.25972	 0.000437055
4.26305	 0.000473671
4.26638	 0.000425736
4.26972	 0.000408048
4.27305	 0.000437501
4.27638	 0.000358904
4.27971	 0.000519031
4.28305	 0.000449652
4.28638	 0.000315081
4.28971	 0.000514019
4.29305	 0.000435975
4.29638	 0.000447608
4.29971	 0.000436263
4.30305	 0.000374295
4.30638	 0.000468968
4.30971	 0.000417339
4.31305	 0.000433534
4.31638	 0.000446044
4.31971	 0.000452098
4.32305	 0.000439984
4.32638	 0.000371851
4.32971	 0.000531494
4.33304	 0.000382933
4.33638	 0.000393822
4.33971	 0.000428909
4.34304	 0.000441617
4.34638	 0.000450926
4.34971	 0.000398198
4.35304	 0.000383615
4.35638	 0.000567895
4.35971	 0.000434045
4.36304	 0.000557713
4.36638	 0.000375016
4.36971	 0.000434918
4.37304	 0.000491019
4.37637	 0.000526289
4.37971	 0.00043685
4.38304	 0.000468963
4.38637	 0.000429419
4.38971	 0.000428239
4.39304	 0.000493875
4.39637	 0.00048347
4.39971	 0.000475898
4.40304	 0.000498036
4.40637	 0.00044514
4.40971	 0.000518744
4.41304	 0.000541565
4.41637	 0.000430875
4.41971	 0.00047926
4.42304	 0.000495914
4.42637	 0.000455676
4.4297	 0.000518923
4.43304	 0.000540767
4.43637	 0.000437027
4.4397	 0.000521044
4.44304	 0.000475242
4.44637	 0.000583038
4.4497	 0.000549955
4.45304	 0.000529436
4.45637	 0.000464269
4.4597	 0.000523718
4.46304	 0.00039474
4.46637	 0.000460302
4.4697	 0.000532195
4.47304	 0.000527368
4.47637	 0.000632214
4.4797	 0.000559015
4.48303	 0.000501788
4.48637	 0.000559583
4.4897	 0.000518468
4.49303	 0.000471799
4.49637	 0.000468026
4.4997	 0.00038951
4.50303	 0.000564214
4.50637	 0.000551529
4.5097	 0.000544571
4.51303	 0.000561379
4.51637	 0.000544856
4.5197	 0.000510527
4.52303	 0.000583207
4.52636	 0.000606296
4.5297	 0.000561318
4.53303	 0.00064739
4.53636	 0.000630847
4.5397	 0.000523766
4.54303	 0.000674255
4.54636	 0.000674422
4.5497	 0.000591956
4.55303	 0.000621598
4.55636	 0.000529994
4.5597	 0.000536449
4.56303	 0.000660141
4.56636	 0.000557285
4.5697	 0.000598739
4.57303	 0.00058509
4.57636	 0.000615772
4.57969	 0.000692239
4.58303	 0.000542641
4.58636	 0.000488044
4.58969	 0.000605737
4.59303	 0.000608962
4.59636	 0.000600682
4.59969	 0.000672083
4.60303	 0.000567343
4.60636	 0.000662356
4.60969	 0.000870377
4.61303	 0.000770235
4.61636	 0.000773262
4.61969	 0.000812404
4.62303	 0.000847875
4.62636	 0.000677607
4.62969	 0.000655441
4.63302	 0.000777938
4.63636	 0.000581598
4.63969	 0.000717295
4.64302	 0.000726169
4.64636	 0.000651663
4.64969	 0.000765699
4.65302	 0.000653954
4.65636	 0.000779823
4.65969	 0.000767378
4.66302	 0.000665417
4.66636	 0.000744153
4.66969	 0.000860564
4.67302	 0.000862283
4.67635	 0.000970138
4.67969	 0.000714721
4.68302	 0.000842418
4.68635	 0.000857802
4.68969	 0.000746589
4.69302	 0.000700141
4.69635	 0.00084797
4.69969	 0.000711723
4.70302	 0.000890928
4.70635	 0.000867381
4.70969	 0.00123171
4.71302	 0.000947727
4.71635	 0.00101958
4.71969	 0.00105533
4.72302	 0.000955638
4.72635	 0.00126572
4.72968	 0.00096318
4.73302	 0.00115636
4.73635	 0.000988562
4.73968	 0.00105589
4.74302	 0.000989727
4.74635	 0.00110531
4.74968	 0.00102398
4.75302	 0.00117658
4.75635	 0.00106981
4.75968	 0.00114778
4.76302	 0.0011606
4.76635	 0.000907527
4.76968	 0.00123266
4.77302	 0.00111997
4.77635	 0.00136207
4.77968	 0.00114785
4.78301	 0.00121313
4.78635	 0.00122832
4.78968	 0.00100972
4.79301	 0.00128859
4.79635	 0.00131038
4.79968	 0.00122944
4.80301	 0.00153564
4.80635	 0.00135227
4.80968	 0.00144346
4.81301	 0.00155556
4.81635	 0.00122714
4.81968	 0.00116695
4.82301	 0.00136168
4.82634	 0.00168191
4.82968	 0.00125009
4.83301	 0.00145838
4.83634	 0.000824829
4.83968	 0.00123556
4.84301	 0.00146228
4.84634	 0.000940561
4.84968	 0.00118958
4.85301	 0.000990206
4.85634	 0.0012657
4.85968	 0.00116258
4.86301	 0.00119068
4.86634	 0.0012563
4.86968	 0.00126377
4.87301	 0.0012489
4.87634	 0.00133665
4.87967	 0.00136195
4.88301	 0.0013478
4.88634	 0.0013154
4.88967	 0.00125327
4.89301	 0.00123024
4.89634	 0.00129835
4.89967	 0.00100998
4.90301	 0.00100621
4.90634	 0.00107254
4.90967	 0.00104217
4.91301	 0.00124002
4.91634	 0.00123531
4.91967	 0.00119049
4.92301	 0.00138233
4.92634	 0.000894052
4.92967	 0.0010972
4.933	 0.00138752
4.93634	 0.00112413
4.93967	 0.0012505
4.943	 0.0010385
4.94634	 0.00108676
4.94967	 0.0010105
4.953	 0.000901078
4.95634	 0.000907781
4.95967	 0.000804571
4.963	 0.000982409
4.96634	 0.00108929
4.96967	 0.000980954
4.973	 0.000968496
4.97633	 0.000763371
4.97967	 0.000919045
4.983	 0.000984323
4.98633	 0.000903833
4.98967	 0.000867936
4.993	 0.000660417
4.99633	 0.000804939
