# Frequency [GHz] 	Fouriercomponent
-4.99967	 0.582601
-4.99633	 0.62384
-4.993	 0.68977
-4.98967	 0.648324
-4.98633	 0.519347
-4.983	 0.513133
-4.97967	 0.600697
-4.97633	 0.504601
-4.973	 0.584093
-4.96967	 0.595168
-4.96634	 0.63623
-4.963	 0.531815
-4.95967	 0.67025
-4.95634	 0.67523
-4.953	 0.584793
-4.94967	 0.518688
-4.94634	 0.635697
-4.943	 0.673483
-4.93967	 0.695208
-4.93634	 0.530932
-4.933	 0.613424
-4.92967	 0.509578
-4.92634	 0.69898
-4.92301	 0.661206
-4.91967	 0.462631
-4.91634	 0.556836
-4.91301	 0.48306
-4.90967	 0.622415
-4.90634	 0.567557
-4.90301	 0.613161
-4.89967	 0.575226
-4.89634	 0.5285
-4.89301	 0.651954
-4.88967	 0.596456
-4.88634	 0.499333
-4.88301	 0.502837
-4.87967	 0.623499
-4.87634	 0.686699
-4.87301	 0.531476
-4.86968	 0.502441
-4.86634	 0.625093
-4.86301	 0.450195
-4.85968	 0.522457
-4.85634	 0.464999
-4.85301	 0.520393
-4.84968	 0.585055
-4.84634	 0.504951
-4.84301	 0.618185
-4.83968	 0.533331
-4.83634	 0.593773
-4.83301	 0.463216
-4.82968	 0.509537
-4.82634	 0.49708
-4.82301	 0.495453
-4.81968	 0.584251
-4.81635	 0.516567
-4.81301	 0.656213
-4.80968	 0.692008
-4.80635	 0.662016
-4.80301	 0.636018
-4.79968	 0.459779
-4.79635	 0.625762
-4.79301	 0.695135
-4.78968	 0.48153
-4.78635	 0.661647
-4.78301	 0.502792
-4.77968	 0.476922
-4.77635	 0.622839
-4.77302	 0.556766
-4.76968	 0.710827
-4.76635	 0.622558
-4.76302	 0.574816
-4.75968	 0.590832
-4.75635	 0.431613
-4.75302	 0.634625
-4.74968	 0.648162
-4.74635	 0.638045
-4.74302	 0.514865
-4.73968	 0.713581
-4.73635	 0.657632
-4.73302	 0.410502
-4.72968	 0.541785
-4.72635	 0.504344
-4.72302	 0.677532
-4.71969	 0.601324
-4.71635	 0.620361
-4.71302	 0.629839
-4.70969	 0.634281
-4.70635	 0.571803
-4.70302	 0.456706
-4.69969	 0.594088
-4.69635	 0.617351
-4.69302	 0.583423
-4.68969	 0.529747
-4.68635	 0.499215
-4.68302	 0.583723
-4.67969	 0.521115
-4.67635	 0.632948
-4.67302	 0.487184
-4.66969	 0.629368
-4.66636	 0.499319
-4.66302	 0.605622
-4.65969	 0.556608
-4.65636	 0.504184
-4.65302	 0.523496
-4.64969	 0.525256
-4.64636	 0.573463
-4.64302	 0.505056
-4.63969	 0.631377
-4.63636	 0.576073
-4.63302	 0.59519
-4.62969	 0.467945
-4.62636	 0.647901
-4.62303	 0.68329
-4.61969	 0.56879
-4.61636	 0.556897
-4.61303	 0.535295
-4.60969	 0.611384
-4.60636	 0.567279
-4.60303	 0.577498
-4.59969	 0.464253
-4.59636	 0.675448
-4.59303	 0.648642
-4.58969	 0.502341
-4.58636	 0.593458
-4.58303	 0.557451
-4.57969	 0.720374
-4.57636	 0.685883
-4.57303	 0.635341
-4.5697	 0.647121
-4.56636	 0.508199
-4.56303	 0.741909
-4.5597	 0.596332
-4.55636	 0.608743
-4.55303	 0.601432
-4.5497	 0.704829
-4.54636	 0.470878
-4.54303	 0.618648
-4.5397	 0.53338
-4.53636	 0.614343
-4.53303	 0.499325
-4.5297	 0.773545
-4.52636	 0.560549
-4.52303	 0.544888
-4.5197	 0.721817
-4.51637	 0.552782
-4.51303	 0.647016
-4.5097	 0.570343
-4.50637	 0.499461
-4.50303	 0.601274
-4.4997	 0.662571
-4.49637	 0.591788
-4.49303	 0.562078
-4.4897	 0.601819
-4.48637	 0.626855
-4.48303	 0.467347
-4.4797	 0.845494
-4.47637	 0.571225
-4.47304	 0.56588
-4.4697	 0.607721
-4.46637	 0.710574
-4.46304	 0.640138
-4.4597	 0.71673
-4.45637	 0.586691
-4.45304	 0.529852
-4.4497	 0.629123
-4.44637	 0.574524
-4.44304	 0.633044
-4.4397	 0.603486
-4.43637	 0.566379
-4.43304	 0.629695
-4.4297	 0.539372
-4.42637	 0.528594
-4.42304	 0.647155
-4.41971	 0.527971
-4.41637	 0.672059
-4.41304	 0.569678
-4.40971	 0.647623
-4.40637	 0.564124
-4.40304	 0.488437
-4.39971	 0.65908
-4.39637	 0.593051
-4.39304	 0.731987
-4.38971	 0.576999
-4.38637	 0.492169
-4.38304	 0.639561
-4.37971	 0.616662
-4.37637	 0.623618
-4.37304	 0.604227
-4.36971	 0.480757
-4.36638	 0.516856
-4.36304	 0.618047
-4.35971	 0.623325
-4.35638	 0.49495
-4.35304	 0.700565
-4.34971	 0.547279
-4.34638	 0.47545
-4.34304	 0.624629
-4.33971	 0.672519
-4.33638	 0.595227
-4.33304	 0.515529
-4.32971	 0.695625
-4.32638	 0.730584
-4.32305	 0.671706
-4.31971	 0.685038
-4.31638	 0.584438
-4.31305	 0.606428
-4.30971	 0.59369
-4.30638	 0.459589
-4.30305	 0.67765
-4.29971	 0.685484
-4.29638	 0.625274
-4.29305	 0.681072
-4.28971	 0.537458
-4.28638	 0.575067
-4.28305	 0.563533
-4.27971	 0.59109
-4.27638	 0.656818
-4.27305	 0.554854
-4.26972	 0.615612
-4.26638	 0.553545
-4.26305	 0.654932
-4.25972	 0.560956
-4.25638	 0.618574
-4.25305	 0.6878
-4.24972	 0.604466
-4.24638	 0.471506
-4.24305	 0.693603
-4.23972	 0.691352
-4.23638	 0.576506
-4.23305	 0.668658
-4.22972	 0.585276
-4.22638	 0.640552
-4.22305	 0.750001
-4.21972	 0.719724
-4.21639	 0.521861
-4.21305	 0.624837
-4.20972	 0.524542
-4.20639	 0.591751
-4.20305	 0.636672
-4.19972	 0.618969
-4.19639	 0.614534
-4.19305	 0.600199
-4.18972	 0.483524
-4.18639	 0.607992
-4.18305	 0.65786
-4.17972	 0.690128
-4.17639	 0.563971
-4.17306	 0.647736
-4.16972	 0.557032
-4.16639	 0.581727
-4.16306	 0.531986
-4.15972	 0.557978
-4.15639	 0.643724
-4.15306	 0.610876
-4.14972	 0.676402
-4.14639	 0.58579
-4.14306	 0.59191
-4.13972	 0.566334
-4.13639	 0.709864
-4.13306	 0.605333
-4.12972	 0.660637
-4.12639	 0.67454
-4.12306	 0.706085
-4.11973	 0.591823
-4.11639	 0.570519
-4.11306	 0.551361
-4.10973	 0.525863
-4.10639	 0.590542
-4.10306	 0.479547
-4.09973	 0.594613
-4.09639	 0.699375
-4.09306	 0.653011
-4.08973	 0.531051
-4.08639	 0.671153
-4.08306	 0.481848
-4.07973	 0.500971
-4.07639	 0.495577
-4.07306	 0.62406
-4.06973	 0.651387
-4.0664	 0.749772
-4.06306	 0.679667
-4.05973	 0.662615
-4.0564	 0.546979
-4.05306	 0.732896
-4.04973	 0.607705
-4.0464	 0.652317
-4.04306	 0.59619
-4.03973	 0.588019
-4.0364	 0.756692
-4.03306	 0.504825
-4.02973	 0.566546
-4.0264	 0.67147
-4.02307	 0.605922
-4.01973	 0.621294
-4.0164	 0.5793
-4.01307	 0.603099
-4.00973	 0.731359
-4.0064	 0.623183
-4.00307	 0.722501
-3.99973	 0.534362
-3.9964	 0.552789
-3.99307	 0.765469
-3.98973	 0.501523
-3.9864	 0.636721
-3.98307	 0.619636
-3.97973	 0.606864
-3.9764	 0.545604
-3.97307	 0.754356
-3.96974	 0.589416
-3.9664	 0.411681
-3.96307	 0.626381
-3.95974	 0.571598
-3.9564	 0.615209
-3.95307	 0.618231
-3.94974	 0.719922
-3.9464	 0.554475
-3.94307	 0.630516
-3.93974	 0.657115
-3.9364	 0.568818
-3.93307	 0.619421
-3.92974	 0.554172
-3.9264	 0.675337
-3.92307	 0.706541
-3.91974	 0.608513
-3.91641	 0.933175
-3.91307	 0.650052
-3.90974	 0.621763
-3.90641	 0.642223
-3.90307	 0.697084
-3.89974	 0.614869
-3.89641	 0.562112
-3.89307	 0.636071
-3.88974	 0.663644
-3.88641	 0.616318
-3.88307	 0.715948
-3.87974	 0.6966
-3.87641	 0.729353
-3.87308	 0.662895
-3.86974	 0.720008
-3.86641	 0.658053
-3.86308	 0.559967
-3.85974	 0.673726
-3.85641	 0.701743
-3.85308	 0.559903
-3.84974	 0.658427
-3.84641	 0.70501
-3.84308	 0.634977
-3.83974	 0.562175
-3.83641	 0.742778
-3.83308	 0.710175
-3.82974	 0.63763
-3.82641	 0.754815
-3.82308	 0.538786
-3.81975	 0.69014
-3.81641	 0.666326
-3.81308	 0.651602
-3.80975	 0.579253
-3.80641	 0.580721
-3.80308	 0.56307
-3.79975	 0.580214
-3.79641	 0.61574
-3.79308	 0.823429
-3.78975	 0.743527
-3.78641	 0.672189
-3.78308	 0.664196
-3.77975	 0.782284
-3.77641	 0.812021
-3.77308	 0.705956
-3.76975	 0.652656
-3.76642	 0.710451
-3.76308	 0.679772
-3.75975	 0.687537
-3.75642	 0.583754
-3.75308	 0.590893
-3.74975	 0.681054
-3.74642	 0.658436
-3.74308	 0.759283
-3.73975	 0.620717
-3.73642	 0.717203
-3.73308	 0.674521
-3.72975	 0.746946
-3.72642	 0.797121
-3.72309	 0.749834
-3.71975	 0.625669
-3.71642	 0.700484
-3.71309	 0.522103
-3.70975	 0.687029
-3.70642	 0.717473
-3.70309	 0.61002
-3.69975	 0.698372
-3.69642	 0.70454
-3.69309	 0.658369
-3.68975	 0.645308
-3.68642	 0.558227
-3.68309	 0.7949
-3.67975	 0.549124
-3.67642	 0.627505
-3.67309	 0.587795
-3.66976	 0.551895
-3.66642	 0.654965
-3.66309	 0.619041
-3.65976	 0.585694
-3.65642	 0.68299
-3.65309	 0.845104
-3.64976	 0.648575
-3.64642	 0.687083
-3.64309	 0.51768
-3.63976	 0.679538
-3.63642	 0.65347
-3.63309	 0.630858
-3.62976	 0.705096
-3.62642	 0.700133
-3.62309	 0.703372
-3.61976	 0.639404
-3.61643	 0.638387
-3.61309	 0.657738
-3.60976	 0.632509
-3.60643	 0.721054
-3.60309	 0.654742
-3.59976	 0.639837
-3.59643	 0.579311
-3.59309	 0.618074
-3.58976	 0.666927
-3.58643	 0.692132
-3.58309	 0.654733
-3.57976	 0.643351
-3.57643	 0.659725
-3.5731	 0.736581
-3.56976	 0.636783
-3.56643	 0.766761
-3.5631	 0.614323
-3.55976	 0.623901
-3.55643	 0.65874
-3.5531	 0.69994
-3.54976	 0.616986
-3.54643	 0.58305
-3.5431	 0.579886
-3.53976	 0.708968
-3.53643	 0.804669
-3.5331	 0.715372
-3.52976	 0.720841
-3.52643	 0.455647
-3.5231	 0.621677
-3.51977	 0.75137
-3.51643	 0.68414
-3.5131	 0.632901
-3.50977	 0.797247
-3.50643	 0.693683
-3.5031	 0.815023
-3.49977	 0.703122
-3.49643	 0.693373
-3.4931	 0.66435
-3.48977	 0.687019
-3.48643	 0.870121
-3.4831	 0.626142
-3.47977	 0.601823
-3.47643	 0.730741
-3.4731	 0.652463
-3.46977	 0.696948
-3.46644	 0.592884
-3.4631	 0.710878
-3.45977	 0.843855
-3.45644	 0.632915
-3.4531	 0.739227
-3.44977	 0.796341
-3.44644	 0.787531
-3.4431	 0.638793
-3.43977	 0.699341
-3.43644	 0.800446
-3.4331	 0.692937
-3.42977	 0.699027
-3.42644	 0.727178
-3.42311	 0.5755
-3.41977	 0.701841
-3.41644	 0.696426
-3.41311	 0.625473
-3.40977	 0.741245
-3.40644	 0.657566
-3.40311	 0.635128
-3.39977	 0.733593
-3.39644	 0.708915
-3.39311	 0.740139
-3.38977	 0.655639
-3.38644	 0.657036
-3.38311	 0.670846
-3.37977	 0.792846
-3.37644	 0.670999
-3.37311	 0.665946
-3.36978	 0.489456
-3.36644	 0.700823
-3.36311	 0.747006
-3.35978	 0.724746
-3.35644	 0.537575
-3.35311	 0.734697
-3.34978	 0.683618
-3.34644	 0.592529
-3.34311	 0.670752
-3.33978	 0.847215
-3.33644	 0.742872
-3.33311	 0.796313
-3.32978	 0.516999
-3.32644	 0.68628
-3.32311	 0.669847
-3.31978	 0.785538
-3.31645	 0.618416
-3.31311	 0.891345
-3.30978	 0.771565
-3.30645	 0.572462
-3.30311	 0.732114
-3.29978	 0.780573
-3.29645	 0.546886
-3.29311	 0.733367
-3.28978	 0.818345
-3.28645	 0.771358
-3.28311	 0.73396
-3.27978	 0.810154
-3.27645	 0.723983
-3.27312	 0.798469
-3.26978	 0.687384
-3.26645	 0.664918
-3.26312	 0.754851
-3.25978	 0.57743
-3.25645	 0.741595
-3.25312	 0.924536
-3.24978	 0.88291
-3.24645	 0.720532
-3.24312	 0.80119
-3.23978	 0.701657
-3.23645	 0.753955
-3.23312	 0.610062
-3.22978	 0.801334
-3.22645	 0.704317
-3.22312	 0.679785
-3.21979	 0.745064
-3.21645	 0.861901
-3.21312	 0.70508
-3.20979	 0.616828
-3.20645	 0.705187
-3.20312	 0.716757
-3.19979	 0.586247
-3.19645	 0.729151
-3.19312	 0.735019
-3.18979	 0.650955
-3.18645	 0.695737
-3.18312	 0.698259
-3.17979	 0.770468
-3.17645	 0.883198
-3.17312	 0.718754
-3.16979	 0.786689
-3.16646	 0.831093
-3.16312	 0.700787
-3.15979	 0.650695
-3.15646	 0.731158
-3.15312	 0.695593
-3.14979	 0.850573
-3.14646	 0.72601
-3.14312	 0.73081
-3.13979	 0.704502
-3.13646	 0.438208
-3.13312	 0.747783
-3.12979	 0.674293
-3.12646	 0.749489
-3.12313	 0.624335
-3.11979	 0.564559
-3.11646	 0.742911
-3.11313	 0.78056
-3.10979	 0.806266
-3.10646	 0.695589
-3.10313	 0.774647
-3.09979	 0.902966
-3.09646	 0.730321
-3.09313	 0.861839
-3.08979	 0.757031
-3.08646	 0.759526
-3.08313	 0.86377
-3.07979	 0.680134
-3.07646	 0.723212
-3.07313	 0.606179
-3.0698	 0.637953
-3.06646	 0.734321
-3.06313	 0.845238
-3.0598	 0.726968
-3.05646	 0.657711
-3.05313	 0.787631
-3.0498	 0.689758
-3.04646	 0.801352
-3.04313	 0.854515
-3.0398	 0.607483
-3.03646	 0.65931
-3.03313	 0.675531
-3.0298	 0.701748
-3.02646	 0.68892
-3.02313	 0.809644
-3.0198	 0.866223
-3.01647	 0.792303
-3.01313	 0.640806
-3.0098	 0.717124
-3.00647	 0.873811
-3.00313	 0.829216
-2.9998	 0.86083
-2.99647	 0.690995
-2.99313	 0.697758
-2.9898	 0.782721
-2.98647	 0.818951
-2.98313	 0.770255
-2.9798	 0.721261
-2.97647	 0.577951
-2.97314	 0.95972
-2.9698	 0.815023
-2.96647	 0.791393
-2.96314	 0.679543
-2.9598	 0.656459
-2.95647	 0.97307
-2.95314	 0.839101
-2.9498	 0.80697
-2.94647	 0.7625
-2.94314	 0.789242
-2.9398	 0.882892
-2.93647	 0.775454
-2.93314	 0.790554
-2.9298	 0.847537
-2.92647	 0.808153
-2.92314	 0.739658
-2.91981	 0.951135
-2.91647	 0.733703
-2.91314	 0.800605
-2.90981	 0.576661
-2.90647	 0.759932
-2.90314	 0.665108
-2.89981	 0.884709
-2.89647	 0.777145
-2.89314	 0.70768
-2.88981	 0.691612
-2.88647	 0.900333
-2.88314	 0.715216
-2.87981	 0.823496
-2.87647	 0.713852
-2.87314	 0.807803
-2.86981	 0.625246
-2.86648	 0.729148
-2.86314	 0.661272
-2.85981	 0.857125
-2.85648	 0.618513
-2.85314	 0.829788
-2.84981	 0.693759
-2.84648	 0.605706
-2.84314	 0.837375
-2.83981	 0.56361
-2.83648	 0.715338
-2.83314	 0.72445
-2.82981	 0.776525
-2.82648	 0.839764
-2.82315	 0.895929
-2.81981	 0.76667
-2.81648	 0.866065
-2.81315	 0.900839
-2.80981	 0.741474
-2.80648	 0.687985
-2.80315	 0.762409
-2.79981	 0.876876
-2.79648	 0.840116
-2.79315	 0.810991
-2.78981	 0.7453
-2.78648	 0.859362
-2.78315	 0.755078
-2.77981	 0.84264
-2.77648	 0.859821
-2.77315	 0.753572
-2.76982	 0.745731
-2.76648	 0.860535
-2.76315	 0.691217
-2.75982	 0.796073
-2.75648	 0.800221
-2.75315	 0.707159
-2.74982	 0.681836
-2.74648	 0.841629
-2.74315	 0.763143
-2.73982	 0.786857
-2.73648	 0.700466
-2.73315	 0.671899
-2.72982	 0.769246
-2.72648	 0.734088
-2.72315	 0.765234
-2.71982	 0.808877
-2.71649	 0.731101
-2.71315	 0.663591
-2.70982	 1.05723
-2.70649	 0.837469
-2.70315	 0.70962
-2.69982	 0.678993
-2.69649	 0.569465
-2.69315	 0.687123
-2.68982	 0.959052
-2.68649	 0.799001
-2.68315	 0.822939
-2.67982	 0.594413
-2.67649	 0.669251
-2.67316	 0.809494
-2.66982	 0.776709
-2.66649	 0.848714
-2.66316	 0.699896
-2.65982	 0.826343
-2.65649	 0.743758
-2.65316	 0.821606
-2.64982	 0.675183
-2.64649	 0.774149
-2.64316	 0.752045
-2.63982	 0.777626
-2.63649	 0.717972
-2.63316	 0.951634
-2.62982	 0.629631
-2.62649	 0.705818
-2.62316	 0.839028
-2.61983	 0.74883
-2.61649	 0.728468
-2.61316	 0.720241
-2.60983	 0.812033
-2.60649	 0.670758
-2.60316	 0.712059
-2.59983	 0.737202
-2.59649	 0.856326
-2.59316	 0.654152
-2.58983	 0.700594
-2.58649	 0.815478
-2.58316	 0.979771
-2.57983	 0.781692
-2.57649	 0.652946
-2.57316	 0.906765
-2.56983	 0.78474
-2.5665	 0.719996
-2.56316	 0.749992
-2.55983	 0.827699
-2.5565	 0.766697
-2.55316	 0.855773
-2.54983	 0.630574
-2.5465	 0.681724
-2.54316	 0.658851
-2.53983	 0.739942
-2.5365	 0.786661
-2.53316	 0.644698
-2.52983	 0.797611
-2.5265	 0.923857
-2.52317	 0.89879
-2.51983	 0.811038
-2.5165	 0.776732
-2.51317	 0.706369
-2.50983	 0.744615
-2.5065	 0.762804
-2.50317	 0.771976
-2.49983	 0.710291
-2.4965	 0.83689
-2.49317	 0.689873
-2.48983	 0.881302
-2.4865	 0.741345
-2.48317	 0.742371
-2.47983	 0.825455
-2.4765	 0.768479
-2.47317	 0.830689
-2.46984	 0.88473
-2.4665	 0.695103
-2.46317	 0.754417
-2.45984	 0.738156
-2.4565	 0.738532
-2.45317	 0.764475
-2.44984	 0.825582
-2.4465	 0.833399
-2.44317	 0.990299
-2.43984	 0.81664
-2.4365	 0.823653
-2.43317	 0.675873
-2.42984	 0.806009
-2.4265	 0.782351
-2.42317	 0.815807
-2.41984	 0.803746
-2.41651	 0.718433
-2.41317	 0.84857
-2.40984	 0.787053
-2.40651	 0.700625
-2.40317	 0.803376
-2.39984	 0.856762
-2.39651	 0.876582
-2.39317	 0.764553
-2.38984	 0.906386
-2.38651	 1.00324
-2.38317	 0.715513
-2.37984	 0.887797
-2.37651	 0.881254
-2.37318	 0.882035
-2.36984	 0.837614
-2.36651	 0.834307
-2.36318	 0.725225
-2.35984	 0.807991
-2.35651	 0.835853
-2.35318	 0.821095
-2.34984	 0.82318
-2.34651	 0.881125
-2.34318	 0.760102
-2.33984	 0.74298
-2.33651	 0.848887
-2.33318	 0.806744
-2.32984	 0.847315
-2.32651	 0.838648
-2.32318	 0.727297
-2.31985	 0.799069
-2.31651	 0.801517
-2.31318	 0.690198
-2.30985	 0.918905
-2.30651	 0.835314
-2.30318	 0.758257
-2.29985	 0.880804
-2.29651	 0.934585
-2.29318	 0.834439
-2.28985	 0.96462
-2.28651	 0.734498
-2.28318	 0.829262
-2.27985	 0.878881
-2.27651	 0.914771
-2.27318	 0.790963
-2.26985	 0.785346
-2.26652	 1.05551
-2.26318	 0.754578
-2.25985	 0.854243
-2.25652	 0.80207
-2.25318	 0.833215
-2.24985	 0.746887
-2.24652	 0.818302
-2.24318	 0.941347
-2.23985	 0.80848
-2.23652	 0.841915
-2.23318	 0.697915
-2.22985	 0.804643
-2.22652	 0.746363
-2.22319	 0.81104
-2.21985	 0.722562
-2.21652	 0.847996
-2.21319	 0.65748
-2.20985	 0.785477
-2.20652	 0.725776
-2.20319	 0.781373
-2.19985	 0.832318
-2.19652	 0.839282
-2.19319	 0.812611
-2.18985	 0.850606
-2.18652	 0.784483
-2.18319	 0.686574
-2.17985	 0.889402
-2.17652	 0.923227
-2.17319	 0.800673
-2.16986	 0.903679
-2.16652	 0.842913
-2.16319	 0.969333
-2.15986	 0.695997
-2.15652	 0.96358
-2.15319	 0.824443
-2.14986	 0.96041
-2.14652	 0.882139
-2.14319	 0.771828
-2.13986	 0.681037
-2.13652	 0.871145
-2.13319	 0.648556
-2.12986	 0.735512
-2.12652	 1.10159
-2.12319	 1.00722
-2.11986	 0.707131
-2.11653	 0.945155
-2.11319	 0.842031
-2.10986	 0.812576
-2.10653	 0.813572
-2.10319	 0.857324
-2.09986	 0.977411
-2.09653	 0.618783
-2.09319	 0.907467
-2.08986	 0.856871
-2.08653	 0.810338
-2.08319	 0.556595
-2.07986	 0.764936
-2.07653	 0.911313
-2.0732	 0.790425
-2.06986	 0.765301
-2.06653	 0.793612
-2.0632	 0.833439
-2.05986	 0.812294
-2.05653	 0.979539
-2.0532	 0.966351
-2.04986	 0.875679
-2.04653	 0.69177
-2.0432	 0.908034
-2.03986	 0.741658
-2.03653	 1.03325
-2.0332	 0.94966
-2.02986	 0.808129
-2.02653	 0.703982
-2.0232	 0.711441
-2.01987	 1.04705
-2.01653	 0.946973
-2.0132	 0.946398
-2.00987	 0.864217
-2.00653	 0.941899
-2.0032	 0.66134
-1.99987	 0.713348
-1.99653	 0.6994
-1.9932	 0.711285
-1.98987	 0.770906
-1.98653	 0.896011
-1.9832	 0.888796
-1.97987	 0.973698
-1.97653	 0.850365
-1.9732	 0.744148
-1.96987	 0.768367
-1.96654	 0.917297
-1.9632	 0.871391
-1.95987	 0.951581
-1.95654	 0.999693
-1.9532	 0.895576
-1.94987	 1.00696
-1.94654	 0.795114
-1.9432	 0.992469
-1.93987	 0.802899
-1.93654	 0.862351
-1.9332	 0.800963
-1.92987	 0.779881
-1.92654	 0.710384
-1.92321	 0.90291
-1.91987	 0.727117
-1.91654	 0.713195
-1.91321	 1.02698
-1.90987	 0.810951
-1.90654	 0.958685
-1.90321	 1.04611
-1.89987	 0.759886
-1.89654	 0.85187
-1.89321	 0.65087
-1.88987	 0.889938
-1.88654	 0.862624
-1.88321	 0.809944
-1.87987	 0.837774
-1.87654	 0.670765
-1.87321	 0.965626
-1.86988	 0.823406
-1.86654	 0.959969
-1.86321	 0.89155
-1.85988	 0.929032
-1.85654	 0.854571
-1.85321	 0.663676
-1.84988	 0.822277
-1.84654	 0.873481
-1.84321	 0.807305
-1.83988	 0.724835
-1.83654	 1.03703
-1.83321	 0.940522
-1.82988	 0.813111
-1.82654	 0.85273
-1.82321	 0.688938
-1.81988	 0.897504
-1.81655	 0.860928
-1.81321	 0.847004
-1.80988	 0.726778
-1.80655	 0.830503
-1.80321	 0.877177
-1.79988	 0.782349
-1.79655	 0.762306
-1.79321	 0.858638
-1.78988	 0.913182
-1.78655	 0.655033
-1.78321	 0.822603
-1.77988	 0.774053
-1.77655	 1.00243
-1.77322	 0.971831
-1.76988	 0.74248
-1.76655	 0.825621
-1.76322	 0.874465
-1.75988	 0.976487
-1.75655	 0.732418
-1.75322	 0.974532
-1.74988	 0.803586
-1.74655	 0.886698
-1.74322	 0.894349
-1.73988	 0.870197
-1.73655	 0.800605
-1.73322	 0.844358
-1.72988	 0.843633
-1.72655	 0.848377
-1.72322	 0.913299
-1.71989	 0.717841
-1.71655	 0.85812
-1.71322	 0.694503
-1.70989	 0.944567
-1.70655	 0.992314
-1.70322	 0.850658
-1.69989	 0.922197
-1.69655	 0.708709
-1.69322	 0.782268
-1.68989	 0.964937
-1.68655	 0.837526
-1.68322	 0.745046
-1.67989	 0.945694
-1.67655	 0.805572
-1.67322	 0.770362
-1.66989	 0.848603
-1.66656	 0.819059
-1.66322	 0.770554
-1.65989	 0.699025
-1.65656	 1.00634
-1.65322	 0.812347
-1.64989	 0.967125
-1.64656	 0.659213
-1.64322	 1.06183
-1.63989	 1.0544
-1.63656	 0.869556
-1.63322	 0.85638
-1.62989	 0.969122
-1.62656	 0.970141
-1.62323	 0.729384
-1.61989	 0.913455
-1.61656	 0.801878
-1.61323	 0.911024
-1.60989	 0.798539
-1.60656	 1.00132
-1.60323	 0.718471
-1.59989	 0.663118
-1.59656	 0.864091
-1.59323	 0.876768
-1.58989	 0.886264
-1.58656	 0.879026
-1.58323	 0.82863
-1.57989	 0.892731
-1.57656	 1.23613
-1.57323	 0.869443
-1.5699	 0.867068
-1.56656	 0.816179
-1.56323	 0.843486
-1.5599	 0.943911
-1.55656	 1.03185
-1.55323	 0.835501
-1.5499	 0.736017
-1.54656	 0.878287
-1.54323	 0.915589
-1.5399	 0.750841
-1.53656	 1.00255
-1.53323	 0.84093
-1.5299	 0.732977
-1.52656	 0.866654
-1.52323	 0.873788
-1.5199	 1.17079
-1.51657	 0.938416
-1.51323	 0.971073
-1.5099	 0.92793
-1.50657	 0.989631
-1.50323	 0.783966
-1.4999	 0.884118
-1.49657	 1.05573
-1.49323	 0.873426
-1.4899	 0.823546
-1.48657	 0.942415
-1.48323	 0.90666
-1.4799	 0.944966
-1.47657	 0.919799
-1.47324	 0.742776
-1.4699	 0.763207
-1.46657	 0.965636
-1.46324	 0.732608
-1.4599	 1.03776
-1.45657	 0.801165
-1.45324	 0.780658
-1.4499	 0.762014
-1.44657	 1.06292
-1.44324	 0.944668
-1.4399	 0.984407
-1.43657	 0.914876
-1.43324	 0.92582
-1.4299	 0.820293
-1.42657	 0.770442
-1.42324	 0.95332
-1.41991	 0.924009
-1.41657	 1.01247
-1.41324	 0.891321
-1.40991	 0.923723
-1.40657	 0.797575
-1.40324	 0.905107
-1.39991	 0.870132
-1.39657	 0.891463
-1.39324	 0.887219
-1.38991	 1.10851
-1.38657	 0.797897
-1.38324	 0.730742
-1.37991	 0.848257
-1.37657	 1.11265
-1.37324	 0.759429
-1.36991	 1.15895
-1.36658	 1.06703
-1.36324	 0.933567
-1.35991	 0.875258
-1.35658	 0.804807
-1.35324	 0.81014
-1.34991	 0.855818
-1.34658	 0.712125
-1.34324	 0.861317
-1.33991	 0.894114
-1.33658	 0.887012
-1.33324	 0.892002
-1.32991	 0.837102
-1.32658	 0.86427
-1.32325	 0.931275
-1.31991	 0.748287
-1.31658	 0.98136
-1.31325	 0.862092
-1.30991	 0.917413
-1.30658	 0.757119
-1.30325	 1.04343
-1.29991	 0.997847
-1.29658	 0.922953
-1.29325	 0.967655
-1.28991	 1.00072
-1.28658	 1.03971
-1.28325	 1.06626
-1.27991	 1.00134
-1.27658	 0.879073
-1.27325	 1.02582
-1.26992	 1.13579
-1.26658	 0.819157
-1.26325	 0.87495
-1.25992	 0.885849
-1.25658	 0.952395
-1.25325	 0.882446
-1.24992	 0.789886
-1.24658	 0.752482
-1.24325	 0.834186
-1.23992	 0.835299
-1.23658	 1.01622
-1.23325	 0.812457
-1.22992	 0.722849
-1.22658	 0.951751
-1.22325	 1.1153
-1.21992	 0.971513
-1.21659	 1.0377
-1.21325	 1.02634
-1.20992	 0.945476
-1.20659	 0.803189
-1.20325	 0.849868
-1.19992	 0.908956
-1.19659	 1.06903
-1.19325	 0.974973
-1.18992	 0.931304
-1.18659	 0.816645
-1.18325	 0.924968
-1.17992	 0.86337
-1.17659	 0.953019
-1.17326	 1.00009
-1.16992	 0.780252
-1.16659	 1.07276
-1.16326	 1.04806
-1.15992	 0.903359
-1.15659	 0.766107
-1.15326	 0.785816
-1.14992	 0.788093
-1.14659	 0.816915
-1.14326	 1.06496
-1.13992	 0.838069
-1.13659	 0.978326
-1.13326	 0.988301
-1.12992	 0.874917
-1.12659	 0.812199
-1.12326	 0.731709
-1.11993	 0.724733
-1.11659	 0.975845
-1.11326	 0.934067
-1.10993	 1.1548
-1.10659	 0.792938
-1.10326	 0.792388
-1.09993	 1.08757
-1.09659	 0.964177
-1.09326	 0.919734
-1.08993	 0.92475
-1.08659	 0.937187
-1.08326	 1.02148
-1.07993	 0.882749
-1.07659	 0.742099
-1.07326	 0.787207
-1.06993	 0.935572
-1.0666	 1.14537
-1.06326	 0.906921
-1.05993	 1.08271
-1.0566	 0.909038
-1.05326	 1.06336
-1.04993	 0.899282
-1.0466	 0.990399
-1.04326	 1.09869
-1.03993	 0.748145
-1.0366	 1.07178
-1.03326	 1.14919
-1.02993	 1.08759
-1.0266	 0.989253
-1.02327	 0.810858
-1.01993	 0.96834
-1.0166	 1.03213
-1.01327	 0.935302
-1.00993	 0.666804
-1.0066	 1.00366
-1.00327	 1.00767
-0.999933	 0.794549
-0.9966	 1.10849
-0.993267	 0.932262
-0.989934	 0.972768
-0.986601	 0.842376
-0.983268	 0.885224
-0.979935	 0.968363
-0.976602	 1.0058
-0.973268	 1.03384
-0.969935	 0.97472
-0.966602	 0.924739
-0.963269	 1.05791
-0.959936	 0.778116
-0.956603	 0.761011
-0.95327	 1.07326
-0.949937	 1.01024
-0.946604	 0.975313
-0.94327	 0.9482
-0.939937	 1.00429
-0.936604	 1.08047
-0.933271	 0.872115
-0.929938	 1.19806
-0.926605	 0.902167
-0.923272	 0.924207
-0.919939	 0.884898
-0.916606	 0.862675
-0.913272	 0.857513
-0.909939	 0.728015
-0.906606	 1.23459
-0.903273	 0.911272
-0.89994	 0.957825
-0.896607	 0.828362
-0.893274	 0.77265
-0.889941	 0.791201
-0.886608	 1.00809
-0.883274	 0.93233
-0.879941	 0.732476
-0.876608	 0.923302
-0.873275	 0.932311
-0.869942	 0.892273
-0.866609	 0.94197
-0.863276	 0.870482
-0.859943	 0.884863
-0.85661	 1.18261
-0.853276	 1.08236
-0.849943	 0.956698
-0.84661	 1.16794
-0.843277	 0.82479
-0.839944	 1.0201
-0.836611	 0.906868
-0.833278	 0.748979
-0.829945	 1.31969
-0.826612	 0.766516
-0.823278	 0.825819
-0.819945	 1.04308
-0.816612	 1.10066
-0.813279	 1.048
-0.809946	 1.00211
-0.806613	 0.971328
-0.80328	 0.907098
-0.799947	 1.09339
-0.796614	 1.01026
-0.79328	 0.911508
-0.789947	 0.765246
-0.786614	 0.943284
-0.783281	 1.14335
-0.779948	 1.03158
-0.776615	 0.941933
-0.773282	 0.919934
-0.769949	 0.653289
-0.766616	 1.03297
-0.763282	 1.14423
-0.759949	 0.794349
-0.756616	 0.938936
-0.753283	 0.939277
-0.74995	 0.836693
-0.746617	 0.989709
-0.743284	 0.956353
-0.739951	 0.871464
-0.736618	 0.714616
-0.733284	 0.979375
-0.729951	 1.08501
-0.726618	 1.04193
-0.723285	 0.912022
-0.719952	 0.893298
-0.716619	 1.18406
-0.713286	 0.881339
-0.709953	 1.04954
-0.70662	 1.11736
-0.703286	 0.854356
-0.699953	 0.945563
-0.69662	 0.788861
-0.693287	 0.955343
-0.689954	 1.0537
-0.686621	 0.927635
-0.683288	 1.11141
-0.679955	 0.996895
-0.676622	 0.900288
-0.673288	 0.916008
-0.669955	 0.699267
-0.666622	 0.884326
-0.663289	 0.796199
-0.659956	 0.975058
-0.656623	 0.782718
-0.65329	 0.892147
-0.649957	 0.687625
-0.646624	 0.960164
-0.64329	 0.849685
-0.639957	 0.765183
-0.636624	 1.04825
-0.633291	 0.988725
-0.629958	 0.768124
-0.626625	 0.962082
-0.623292	 1.16282
-0.619959	 0.922368
-0.616626	 0.877768
-0.613292	 0.994817
-0.609959	 1.04552
-0.606626	 0.987854
-0.603293	 0.871774
-0.59996	 1.05086
-0.596627	 0.944545
-0.593294	 0.891415
-0.589961	 1.02281
-0.586628	 0.817193
-0.583294	 0.845431
-0.579961	 0.998897
-0.576628	 1.11848
-0.573295	 1.01405
-0.569962	 0.885308
-0.566629	 1.07719
-0.563296	 0.92673
-0.559963	 1.07318
-0.55663	 1.02755
-0.553296	 0.95275
-0.549963	 0.999888
-0.54663	 0.847546
-0.543297	 1.08117
-0.539964	 0.763902
-0.536631	 0.977038
-0.533298	 0.894882
-0.529965	 1.03847
-0.526632	 0.964813
-0.523298	 0.740361
-0.519965	 0.959312
-0.516632	 1.02392
-0.513299	 0.862454
-0.509966	 0.911976
-0.506633	 1.02354
-0.5033	 1.03808
-0.499967	 0.665598
-0.496634	 1.14565
-0.4933	 0.933201
-0.489967	 0.833656
-0.486634	 0.783832
-0.483301	 1.00953
-0.479968	 0.795196
-0.476635	 0.665714
-0.473302	 0.986529
-0.469969	 1.00948
-0.466636	 0.847384
-0.463302	 0.991426
-0.459969	 1.12796
-0.456636	 1.0552
-0.453303	 0.942192
-0.44997	 1.00706
-0.446637	 0.992596
-0.443304	 0.778498
-0.439971	 1.0393
-0.436638	 0.928577
-0.433304	 0.83066
-0.429971	 0.82687
-0.426638	 0.884435
-0.423305	 0.923398
-0.419972	 1.01367
-0.416639	 0.916134
-0.413306	 1.05734
-0.409973	 0.73841
-0.40664	 0.874079
-0.403306	 1.03378
-0.399973	 1.04674
-0.39664	 0.941313
-0.393307	 0.929285
-0.389974	 0.966163
-0.386641	 0.890782
-0.383308	 1.12494
-0.379975	 1.05197
-0.376642	 0.934689
-0.373308	 0.742874
-0.369975	 0.912028
-0.366642	 0.732797
-0.363309	 0.852858
-0.359976	 0.974664
-0.356643	 0.990945
-0.35331	 1.01417
-0.349977	 0.796346
-0.346644	 0.707592
-0.34331	 1.01914
-0.339977	 0.981276
-0.336644	 0.84928
-0.333311	 0.915175
-0.329978	 0.969843
-0.326645	 0.848763
-0.323312	 0.768335
-0.319979	 0.870073
-0.316646	 1.17245
-0.313312	 1.09209
-0.309979	 0.948516
-0.306646	 1.08001
-0.303313	 0.904653
-0.29998	 0.899692
-0.296647	 0.908523
-0.293314	 0.902323
-0.289981	 0.974491
-0.286648	 0.929763
-0.283314	 0.939843
-0.279981	 0.837585
-0.276648	 0.811254
-0.273315	 1.20029
-0.269982	 1.02631
-0.266649	 1.00129
-0.263316	 0.895154
-0.259983	 0.950603
-0.25665	 0.972327
-0.253316	 0.920562
-0.249983	 1.03539
-0.24665	 1.01926
-0.243317	 0.913298
-0.239984	 0.977406
-0.236651	 1.07174
-0.233318	 0.819138
-0.229985	 0.86291
-0.226652	 0.835893
-0.223318	 0.952154
-0.219985	 0.649486
-0.216652	 0.965856
-0.213319	 0.998058
-0.209986	 1.19155
-0.206653	 0.906643
-0.20332	 0.72262
-0.199987	 0.972521
-0.196654	 1.01961
-0.19332	 1.03638
-0.189987	 1.13446
-0.186654	 0.994429
-0.183321	 0.76037
-0.179988	 0.798933
-0.176655	 1.02758
-0.173322	 0.978275
-0.169989	 0.888555
-0.166656	 1.0388
-0.163322	 1.00137
-0.159989	 1.05869
-0.156656	 1.15162
-0.153323	 0.999253
-0.14999	 0.912713
-0.146657	 0.973306
-0.143324	 0.854022
-0.139991	 0.818811
-0.136658	 0.998534
-0.133324	 1.01572
-0.129991	 1.04309
-0.126658	 0.879991
-0.123325	 0.803316
-0.119992	 1.05673
-0.116659	 1.00854
-0.113326	 0.831108
-0.109993	 1.27543
-0.10666	 1.06958
-0.103326	 0.908852
-0.0999933	 0.830657
-0.0966602	 0.930056
-0.0933271	 0.797945
-0.089994	 0.893336
-0.0866609	 1.06196
-0.0833278	 0.960361
-0.0799947	 1.18437
-0.0766616	 1.0717
-0.0733284	 1.03362
-0.0699953	 0.968861
-0.0666622	 1.03778
-0.0633291	 0.916226
-0.059996	 0.750322
-0.0566629	 1.00641
-0.0533298	 0.857724
-0.0499967	 1.05309
-0.0466636	 1.18836
-0.0433304	 0.778494
-0.0399973	 0.989734
-0.0366642	 0.813245
-0.0333311	 0.95973
-0.029998	 0.976606
-0.0266649	 0.925574
-0.0233318	 1.01801
-0.0199987	 0.872349
-0.0166656	 0.951329
-0.0133324	 1.02555
-0.00999933	 1.03817
-0.00666622	 1.16944
-0.00333311	 0.00677645
0	 1
0.00333311	 0.852404
0.00666622	 1.26845
0.00999933	 0.906333
0.0133324	 1.07727
0.0166656	 0.816911
0.0199987	 0.741583
0.0233318	 0.933294
0.0266649	 1.2482
0.029998	 1.10465
0.0333311	 0.851035
0.0366642	 1.11633
0.0399973	 1.18384
0.0433304	 0.981741
0.0466636	 0.924267
0.0499967	 1.4132
0.0533298	 0.841765
0.0566629	 0.809793
0.059996	 0.927425
0.0633291	 0.988608
0.0666622	 0.961154
0.0699953	 1.14972
0.0733284	 0.914126
0.0766616	 0.89377
0.0799947	 0.934627
0.0833278	 1.14899
0.0866609	 0.962525
0.089994	 0.760184
0.0933271	 0.953705
0.0966602	 1.03308
0.0999933	 0.951951
0.103326	 0.870593
0.10666	 0.927616
0.109993	 0.935793
0.113326	 0.757373
0.116659	 0.967096
0.119992	 0.91108
0.123325	 1.20585
0.126658	 0.834992
0.129991	 0.686779
0.133324	 0.867834
0.136658	 1.04951
0.139991	 0.85584
0.143324	 1.03853
0.146657	 0.979292
0.14999	 0.97999
0.153323	 0.785845
0.156656	 1.03739
0.159989	 0.963783
0.163322	 0.997522
0.166656	 0.760414
0.169989	 1.02066
0.173322	 1.07486
0.176655	 1.18834
0.179988	 0.98709
0.183321	 0.914017
0.186654	 0.830592
0.189987	 0.798701
0.19332	 0.879221
0.196654	 1.04564
0.199987	 0.84144
0.20332	 0.877808
0.206653	 0.931918
0.209986	 0.973522
0.213319	 1.01481
0.216652	 0.789206
0.219985	 1.20792
0.223318	 1.03607
0.226652	 0.774763
0.229985	 0.830402
0.233318	 0.897542
0.236651	 1.03979
0.239984	 1.28552
0.243317	 0.977988
0.24665	 1.0404
0.249983	 0.855616
0.253316	 0.920795
0.25665	 0.857488
0.259983	 1.12887
0.263316	 0.965776
0.266649	 0.920654
0.269982	 0.955026
0.273315	 0.967875
0.276648	 0.85924
0.279981	 0.821729
0.283314	 0.96753
0.286648	 0.977593
0.289981	 0.934405
0.293314	 0.855946
0.296647	 0.707282
0.29998	 0.972672
0.303313	 0.803925
0.306646	 0.958638
0.309979	 0.959287
0.313312	 0.791485
0.316646	 1.16933
0.319979	 0.922309
0.323312	 1.08782
0.326645	 0.882832
0.329978	 1.04446
0.333311	 1.05786
0.336644	 0.899298
0.339977	 1.00902
0.34331	 1.00932
0.346644	 0.937827
0.349977	 0.801469
0.35331	 0.852019
0.356643	 0.852953
0.359976	 0.858948
0.363309	 0.965875
0.366642	 0.977814
0.369975	 0.886303
0.373308	 0.766527
0.376642	 0.985311
0.379975	 1.04458
0.383308	 0.941378
0.386641	 1.0904
0.389974	 0.850953
0.393307	 1.12011
0.39664	 0.868294
0.399973	 0.86128
0.403306	 0.935058
0.40664	 0.892528
0.409973	 1.23023
0.413306	 0.839966
0.416639	 0.839656
0.419972	 1.05754
0.423305	 0.85537
0.426638	 0.95367
0.429971	 1.02623
0.433304	 0.809605
0.436638	 0.997924
0.439971	 0.985593
0.443304	 0.831402
0.446637	 0.837189
0.44997	 0.874314
0.453303	 0.989159
0.456636	 0.991312
0.459969	 1.13454
0.463302	 0.708281
0.466636	 0.982124
0.469969	 0.880452
0.473302	 1.04028
0.476635	 0.94279
0.479968	 0.839755
0.483301	 1.17407
0.486634	 0.971087
0.489967	 0.805687
0.4933	 1.00366
0.496634	 0.953585
0.499967	 1.00084
0.5033	 0.980233
0.506633	 0.986843
0.509966	 0.961949
0.513299	 0.790808
0.516632	 0.866024
0.519965	 0.99094
0.523298	 0.939461
0.526632	 0.884233
0.529965	 0.906561
0.533298	 0.887678
0.536631	 0.965307
0.539964	 0.885049
0.543297	 0.979172
0.54663	 0.715517
0.549963	 0.767249
0.553296	 0.957136
0.55663	 0.837903
0.559963	 0.783477
0.563296	 1.05926
0.566629	 1.10223
0.569962	 0.963935
0.573295	 0.8201
0.576628	 0.903338
0.579961	 0.682871
0.583294	 0.969942
0.586628	 1.06277
0.589961	 1.08323
0.593294	 0.778747
0.596627	 1.09461
0.59996	 0.912912
0.603293	 0.919038
0.606626	 0.978337
0.609959	 0.983998
0.613292	 1.02494
0.616626	 0.813003
0.619959	 0.833857
0.623292	 0.854797
0.626625	 0.94466
0.629958	 1.1594
0.633291	 0.93358
0.636624	 1.10208
0.639957	 1.0007
0.64329	 0.981685
0.646624	 0.71443
0.649957	 0.812261
0.65329	 1.0741
0.656623	 0.964195
0.659956	 0.945868
0.663289	 0.914516
0.666622	 0.770068
0.669955	 1.12619
0.673288	 0.87001
0.676622	 0.795916
0.679955	 0.930705
0.683288	 0.910307
0.686621	 0.96104
0.689954	 0.756804
0.693287	 0.985144
0.69662	 0.837178
0.699953	 0.805481
0.703286	 0.956194
0.70662	 1.15872
0.709953	 1.18274
0.713286	 0.712996
0.716619	 0.876438
0.719952	 1.27997
0.723285	 0.874188
0.726618	 0.87884
0.729951	 0.859541
0.733284	 1.04566
0.736618	 1.0659
0.739951	 0.944428
0.743284	 0.860764
0.746617	 0.841609
0.74995	 1.08652
0.753283	 0.647749
0.756616	 1.25545
0.759949	 0.888604
0.763282	 0.972251
0.766616	 0.841928
0.769949	 1.04529
0.773282	 0.95179
0.776615	 1.01027
0.779948	 1.08439
0.783281	 1.0456
0.786614	 0.890777
0.789947	 0.92969
0.79328	 0.99208
0.796614	 0.949415
0.799947	 0.897965
0.80328	 0.854076
0.806613	 0.792112
0.809946	 1.05258
0.813279	 1.00792
0.816612	 0.962339
0.819945	 0.937025
0.823278	 1.19481
0.826612	 1.0484
0.829945	 0.933723
0.833278	 0.67809
0.836611	 0.807704
0.839944	 0.807499
0.843277	 0.771411
0.84661	 1.0253
0.849943	 0.976336
0.853276	 0.930942
0.85661	 0.917982
0.859943	 0.722088
0.863276	 0.975295
0.866609	 0.831874
0.869942	 0.925884
0.873275	 0.636303
0.876608	 0.993794
0.879941	 0.851061
0.883274	 0.933901
0.886608	 0.847697
0.889941	 0.852352
0.893274	 0.790688
0.896607	 0.881725
0.89994	 0.95482
0.903273	 1.11243
0.906606	 1.00521
0.909939	 1.1964
0.913272	 0.830517
0.916606	 1.00276
0.919939	 0.856291
0.923272	 0.67546
0.926605	 0.74093
0.929938	 1.01454
0.933271	 1.1168
0.936604	 0.901427
0.939937	 0.996796
0.94327	 0.869069
0.946604	 0.983224
0.949937	 0.969585
0.95327	 0.895007
0.956603	 1.11148
0.959936	 0.952885
0.963269	 0.916744
0.966602	 1.0294
0.969935	 1.21992
0.973268	 1.03087
0.976602	 1.02265
0.979935	 0.965011
0.983268	 0.695528
0.986601	 0.849158
0.989934	 0.766259
0.993267	 0.849743
0.9966	 0.864122
0.999933	 0.960376
1.00327	 0.703548
1.0066	 0.983687
1.00993	 1.1806
1.01327	 0.998635
1.0166	 0.79348
1.01993	 0.902802
1.02327	 0.86194
1.0266	 1.10503
1.02993	 0.781834
1.03326	 0.89997
1.0366	 0.932377
1.03993	 0.977895
1.04326	 0.943467
1.0466	 0.877262
1.04993	 0.852973
1.05326	 0.872796
1.0566	 1.0095
1.05993	 0.909261
1.06326	 1.0583
1.0666	 1.14254
1.06993	 0.984723
1.07326	 0.862365
1.07659	 0.92654
1.07993	 0.942219
1.08326	 0.80296
1.08659	 1.08499
1.08993	 0.81817
1.09326	 0.851235
1.09659	 0.88227
1.09993	 1.02017
1.10326	 0.697524
1.10659	 0.925442
1.10993	 1.04402
1.11326	 0.760772
1.11659	 1.03851
1.11993	 0.93436
1.12326	 0.894995
1.12659	 0.887901
1.12992	 0.8779
1.13326	 1.15167
1.13659	 0.979154
1.13992	 1.02827
1.14326	 0.773848
1.14659	 0.753366
1.14992	 0.924456
1.15326	 0.9206
1.15659	 0.917098
1.15992	 0.869304
1.16326	 0.938173
1.16659	 1.0152
1.16992	 0.935441
1.17326	 1.03893
1.17659	 1.01435
1.17992	 0.702248
1.18325	 0.893554
1.18659	 0.819674
1.18992	 0.922292
1.19325	 0.873458
1.19659	 0.97728
1.19992	 0.841811
1.20325	 0.935621
1.20659	 0.808562
1.20992	 0.972131
1.21325	 0.855154
1.21659	 0.737753
1.21992	 0.834488
1.22325	 0.955041
1.22658	 0.977949
1.22992	 1.094
1.23325	 0.844801
1.23658	 1.10375
1.23992	 0.792917
1.24325	 0.974296
1.24658	 1.10233
1.24992	 0.868916
1.25325	 0.791513
1.25658	 0.918846
1.25992	 0.676584
1.26325	 0.791487
1.26658	 1.16652
1.26992	 0.828315
1.27325	 0.919006
1.27658	 0.900268
1.27991	 0.888928
1.28325	 0.973399
1.28658	 0.895398
1.28991	 0.849709
1.29325	 1.02564
1.29658	 0.705967
1.29991	 1.16226
1.30325	 0.727473
1.30658	 0.91262
1.30991	 0.820853
1.31325	 0.86768
1.31658	 0.89109
1.31991	 0.982065
1.32325	 1.01208
1.32658	 1.02924
1.32991	 0.888268
1.33324	 0.894638
1.33658	 0.900452
1.33991	 0.877718
1.34324	 0.855048
1.34658	 0.580103
1.34991	 0.912304
1.35324	 0.920977
1.35658	 0.819879
1.35991	 0.668053
1.36324	 1.05936
1.36658	 0.990834
1.36991	 1.02341
1.37324	 0.866059
1.37657	 1.06026
1.37991	 0.752577
1.38324	 0.67531
1.38657	 1.00073
1.38991	 0.826082
1.39324	 0.729896
1.39657	 0.931934
1.39991	 0.915635
1.40324	 1.03117
1.40657	 1.02688
1.40991	 0.977945
1.41324	 0.823034
1.41657	 0.864855
1.41991	 0.946485
1.42324	 0.849033
1.42657	 0.899794
1.4299	 0.749153
1.43324	 0.821461
1.43657	 0.998968
1.4399	 0.72662
1.44324	 0.79346
1.44657	 1.08822
1.4499	 0.853875
1.45324	 0.836928
1.45657	 0.809843
1.4599	 0.813204
1.46324	 0.80017
1.46657	 0.921458
1.4699	 0.806218
1.47324	 0.937307
1.47657	 0.878406
1.4799	 0.790367
1.48323	 0.761565
1.48657	 0.908361
1.4899	 1.13776
1.49323	 0.849232
1.49657	 0.788458
1.4999	 0.710236
1.50323	 1.00837
1.50657	 0.735111
1.5099	 0.718529
1.51323	 0.907369
1.51657	 0.999578
1.5199	 0.96287
1.52323	 0.955587
1.52656	 0.855699
1.5299	 1.03573
1.53323	 0.679739
1.53656	 0.764248
1.5399	 0.809253
1.54323	 0.76638
1.54656	 0.88712
1.5499	 0.658393
1.55323	 0.735301
1.55656	 0.772502
1.5599	 1.03843
1.56323	 0.772213
1.56656	 0.747839
1.5699	 0.924521
1.57323	 0.906298
1.57656	 1.05688
1.57989	 0.902977
1.58323	 0.910809
1.58656	 0.845173
1.58989	 0.791326
1.59323	 1.0679
1.59656	 1.00436
1.59989	 0.923416
1.60323	 0.759593
1.60656	 0.955371
1.60989	 0.955152
1.61323	 0.854642
1.61656	 0.902367
1.61989	 1.03526
1.62323	 0.710081
1.62656	 0.784265
1.62989	 0.841283
1.63322	 0.842369
1.63656	 1.09307
1.63989	 0.672842
1.64322	 0.890178
1.64656	 0.866201
1.64989	 0.99681
1.65322	 0.589577
1.65656	 0.935272
1.65989	 0.651971
1.66322	 0.926303
1.66656	 0.789542
1.66989	 1.02595
1.67322	 0.803938
1.67655	 0.989448
1.67989	 0.871645
1.68322	 0.861861
1.68655	 0.963559
1.68989	 0.84768
1.69322	 0.914063
1.69655	 0.890543
1.69989	 0.705305
1.70322	 1.01336
1.70655	 0.905345
1.70989	 0.875631
1.71322	 0.779016
1.71655	 0.850201
1.71989	 0.890678
1.72322	 0.83238
1.72655	 0.764319
1.72988	 0.958159
1.73322	 0.972912
1.73655	 0.95169
1.73988	 0.999537
1.74322	 0.97308
1.74655	 0.968231
1.74988	 0.78185
1.75322	 0.829276
1.75655	 1.06108
1.75988	 0.837957
1.76322	 0.710993
1.76655	 0.817123
1.76988	 0.890465
1.77322	 0.752369
1.77655	 0.730455
1.77988	 0.793381
1.78321	 0.810155
1.78655	 0.887491
1.78988	 0.877925
1.79321	 0.743121
1.79655	 0.834473
1.79988	 0.895053
1.80321	 0.6602
1.80655	 0.925517
1.80988	 0.81304
1.81321	 0.94234
1.81655	 0.767452
1.81988	 0.621842
1.82321	 0.860412
1.82654	 0.730197
1.82988	 0.666672
1.83321	 0.845135
1.83654	 0.759733
1.83988	 0.766558
1.84321	 0.987685
1.84654	 0.843778
1.84988	 0.728997
1.85321	 0.8279
1.85654	 0.797703
1.85988	 0.786215
1.86321	 0.842538
1.86654	 1.01135
1.86988	 0.80011
1.87321	 0.839064
1.87654	 0.809585
1.87987	 0.677263
1.88321	 0.862656
1.88654	 0.833948
1.88987	 0.918134
1.89321	 0.852385
1.89654	 0.918425
1.89987	 0.953823
1.90321	 0.857689
1.90654	 0.833903
1.90987	 0.607971
1.91321	 0.902063
1.91654	 0.780483
1.91987	 0.767937
1.92321	 0.919422
1.92654	 0.916049
1.92987	 0.827124
1.9332	 0.824391
1.93654	 0.771835
1.93987	 0.762292
1.9432	 0.86307
1.94654	 0.851142
1.94987	 0.82192
1.9532	 1.01841
1.95654	 0.801886
1.95987	 0.882319
1.9632	 0.849598
1.96654	 0.804305
1.96987	 1.14757
1.9732	 0.792292
1.97653	 0.580345
1.97987	 0.784427
1.9832	 0.77838
1.98653	 0.850228
1.98987	 0.903889
1.9932	 0.922587
1.99653	 0.903814
1.99987	 0.756517
2.0032	 1.06333
2.00653	 0.959441
2.00987	 0.882064
2.0132	 0.921269
2.01653	 0.788228
2.01987	 0.772502
2.0232	 0.697602
2.02653	 0.85843
2.02986	 0.902881
2.0332	 0.880311
2.03653	 1.03931
2.03986	 0.818608
2.0432	 0.839991
2.04653	 0.93291
2.04986	 0.899795
2.0532	 0.757958
2.05653	 0.854979
2.05986	 0.903471
2.0632	 0.997366
2.06653	 0.884808
2.06986	 0.731771
2.0732	 0.858415
2.07653	 0.857442
2.07986	 1.06003
2.08319	 0.641333
2.08653	 0.839574
2.08986	 0.864483
2.09319	 0.890974
2.09653	 1.06346
2.09986	 0.83849
2.10319	 0.659862
2.10653	 0.867854
2.10986	 0.905468
2.11319	 0.628291
2.11653	 0.774795
2.11986	 0.810795
2.12319	 0.602705
2.12652	 0.82408
2.12986	 0.92394
2.13319	 1.01815
2.13652	 0.913426
2.13986	 0.816375
2.14319	 0.767165
2.14652	 0.682495
2.14986	 0.711576
2.15319	 1.00831
2.15652	 0.853113
2.15986	 0.803107
2.16319	 0.870971
2.16652	 0.986995
2.16986	 0.743982
2.17319	 0.91041
2.17652	 0.904071
2.17985	 0.887585
2.18319	 0.88353
2.18652	 0.77265
2.18985	 0.868547
2.19319	 0.833546
2.19652	 0.685322
2.19985	 0.762629
2.20319	 0.805159
2.20652	 0.875606
2.20985	 0.754916
2.21319	 0.816564
2.21652	 0.722526
2.21985	 0.843412
2.22319	 0.85176
2.22652	 0.785944
2.22985	 0.757158
2.23318	 0.795731
2.23652	 0.917897
2.23985	 0.764837
2.24318	 0.783569
2.24652	 0.968364
2.24985	 0.851015
2.25318	 0.921777
2.25652	 0.618227
2.25985	 0.870068
2.26318	 0.85118
2.26652	 0.706572
2.26985	 0.90512
2.27318	 0.758314
2.27651	 0.839171
2.27985	 0.66136
2.28318	 0.64403
2.28651	 0.764747
2.28985	 0.7441
2.29318	 0.644148
2.29651	 0.794118
2.29985	 0.876491
2.30318	 0.794591
2.30651	 0.860276
2.30985	 0.614178
2.31318	 0.772103
2.31651	 0.762131
2.31985	 0.783709
2.32318	 0.866951
2.32651	 0.865657
2.32984	 0.817617
2.33318	 0.797505
2.33651	 0.970217
2.33984	 0.747296
2.34318	 0.964594
2.34651	 0.780423
2.34984	 0.70942
2.35318	 0.862052
2.35651	 0.689424
2.35984	 0.703932
2.36318	 0.771364
2.36651	 0.81515
2.36984	 0.945867
2.37318	 0.833436
2.37651	 0.819347
2.37984	 0.859741
2.38317	 0.76448
2.38651	 0.636405
2.38984	 0.909566
2.39317	 0.834722
2.39651	 0.855666
2.39984	 0.720288
2.40317	 0.866039
2.40651	 0.874393
2.40984	 0.996773
2.41317	 0.798699
2.41651	 0.945911
2.41984	 0.858727
2.42317	 0.935411
2.4265	 0.808953
2.42984	 0.903656
2.43317	 0.793544
2.4365	 0.934341
2.43984	 0.860111
2.44317	 0.906915
2.4465	 0.961782
2.44984	 0.991972
2.45317	 0.655241
2.4565	 0.71552
2.45984	 0.812675
2.46317	 0.678585
2.4665	 0.652717
2.46984	 0.801275
2.47317	 0.697459
2.4765	 0.633583
2.47983	 0.770312
2.48317	 0.765946
2.4865	 0.570906
2.48983	 0.699366
2.49317	 0.963587
2.4965	 0.954687
2.49983	 0.829613
2.50317	 0.792039
2.5065	 0.788801
2.50983	 0.758668
2.51317	 0.684906
2.5165	 0.701696
2.51983	 0.673423
2.52317	 0.86058
2.5265	 0.900234
2.52983	 0.820269
2.53316	 0.839037
2.5365	 0.755249
2.53983	 0.811392
2.54316	 0.893727
2.5465	 0.746115
2.54983	 0.805324
2.55316	 0.775874
2.5565	 0.946532
2.55983	 0.730535
2.56316	 0.735791
2.5665	 1.02249
2.56983	 0.858971
2.57316	 0.858125
2.57649	 0.943856
2.57983	 0.779624
2.58316	 0.815627
2.58649	 0.898888
2.58983	 0.838904
2.59316	 0.822207
2.59649	 0.835973
2.59983	 0.82408
2.60316	 0.773996
2.60649	 0.761957
2.60983	 0.94564
2.61316	 0.86345
2.61649	 0.901877
2.61983	 0.772792
2.62316	 0.758101
2.62649	 0.71493
2.62982	 0.821318
2.63316	 0.675914
2.63649	 0.796796
2.63982	 0.797492
2.64316	 0.754467
2.64649	 0.803442
2.64982	 0.713795
2.65316	 0.699978
2.65649	 0.860026
2.65982	 0.905603
2.66316	 0.847822
2.66649	 0.838033
2.66982	 0.820506
2.67316	 0.682295
2.67649	 0.816737
2.67982	 0.799522
2.68315	 0.812626
2.68649	 0.650277
2.68982	 0.663249
2.69315	 0.782325
2.69649	 0.806243
2.69982	 0.756188
2.70315	 0.732996
2.70649	 0.708113
2.70982	 0.821042
2.71315	 0.933535
2.71649	 0.721001
2.71982	 0.721136
2.72315	 0.927839
2.72648	 0.837315
2.72982	 0.924234
2.73315	 0.953387
2.73648	 0.668591
2.73982	 0.789819
2.74315	 0.679406
2.74648	 0.776331
2.74982	 0.618398
2.75315	 0.782436
2.75648	 0.795032
2.75982	 0.801683
2.76315	 0.77427
2.76648	 0.824496
2.76982	 0.750301
2.77315	 0.746749
2.77648	 0.671088
2.77981	 0.776206
2.78315	 0.978461
2.78648	 0.823685
2.78981	 0.81322
2.79315	 0.722667
2.79648	 0.887648
2.79981	 0.759491
2.80315	 0.763184
2.80648	 0.838474
2.80981	 0.716882
2.81315	 0.707394
2.81648	 0.970875
2.81981	 0.630778
2.82315	 0.934519
2.82648	 0.709404
2.82981	 0.713743
2.83314	 0.742058
2.83648	 0.71297
2.83981	 0.847744
2.84314	 0.589801
2.84648	 0.765416
2.84981	 0.679988
2.85314	 0.818227
2.85648	 0.770615
2.85981	 0.872676
2.86314	 0.601584
2.86648	 0.763266
2.86981	 0.807523
2.87314	 0.793989
2.87647	 0.69301
2.87981	 0.812944
2.88314	 0.890265
2.88647	 0.687182
2.88981	 0.83213
2.89314	 0.723659
2.89647	 0.735304
2.89981	 0.730685
2.90314	 0.747306
2.90647	 0.604864
2.90981	 0.767021
2.91314	 0.686561
2.91647	 0.671398
2.91981	 0.821494
2.92314	 0.677605
2.92647	 0.819457
2.9298	 0.861893
2.93314	 0.647196
2.93647	 0.655607
2.9398	 0.801569
2.94314	 0.692395
2.94647	 0.947945
2.9498	 0.85027
2.95314	 0.81375
2.95647	 0.640756
2.9598	 0.684476
2.96314	 0.687266
2.96647	 0.814579
2.9698	 0.706095
2.97314	 0.870476
2.97647	 0.654963
2.9798	 0.630787
2.98313	 0.737491
2.98647	 0.852769
2.9898	 0.742768
2.99313	 0.707071
2.99647	 0.648837
2.9998	 0.742737
3.00313	 0.650877
3.00647	 0.680221
3.0098	 0.786441
3.01313	 0.730522
3.01647	 0.689795
3.0198	 0.640354
3.02313	 0.657895
3.02646	 0.694915
3.0298	 0.636688
3.03313	 0.685551
3.03646	 0.766241
3.0398	 0.630279
3.04313	 0.709949
3.04646	 0.726576
3.0498	 0.777587
3.05313	 0.705493
3.05646	 0.664166
3.0598	 0.859218
3.06313	 0.737854
3.06646	 0.920645
3.0698	 0.653311
3.07313	 0.852301
3.07646	 0.731991
3.07979	 0.753818
3.08313	 0.713707
3.08646	 0.72436
3.08979	 0.628048
3.09313	 0.721755
3.09646	 0.68911
3.09979	 0.787124
3.10313	 0.750284
3.10646	 0.631005
3.10979	 0.79341
3.11313	 0.686946
3.11646	 0.724475
3.11979	 0.631699
3.12313	 0.69201
3.12646	 0.679509
3.12979	 0.617334
3.13312	 0.658734
3.13646	 0.792126
3.13979	 0.5949
3.14312	 0.683214
3.14646	 0.579543
3.14979	 0.767434
3.15312	 0.782886
3.15646	 0.790769
3.15979	 0.752116
3.16312	 0.78642
3.16646	 0.858166
3.16979	 0.6953
3.17312	 0.770851
3.17645	 0.608808
3.17979	 0.698715
3.18312	 0.701748
3.18645	 0.776079
3.18979	 0.668062
3.19312	 0.70278
3.19645	 0.808555
3.19979	 0.720239
3.20312	 0.665161
3.20645	 0.720851
3.20979	 0.623795
3.21312	 0.784948
3.21645	 0.684569
3.21979	 0.607553
3.22312	 0.492202
3.22645	 0.880387
3.22978	 0.724869
3.23312	 0.731477
3.23645	 0.854395
3.23978	 0.731024
3.24312	 0.7508
3.24645	 0.618275
3.24978	 0.704943
3.25312	 0.70262
3.25645	 0.595625
3.25978	 0.713258
3.26312	 0.763473
3.26645	 0.609911
3.26978	 0.666458
3.27312	 0.709198
3.27645	 0.82122
3.27978	 0.598526
3.28311	 0.783732
3.28645	 0.660676
3.28978	 0.682054
3.29311	 0.735423
3.29645	 0.761759
3.29978	 0.689773
3.30311	 0.75519
3.30645	 0.66854
3.30978	 0.69753
3.31311	 0.720499
3.31645	 0.833741
3.31978	 0.621792
3.32311	 0.639295
3.32644	 0.585488
3.32978	 0.641208
3.33311	 0.671558
3.33644	 0.858852
3.33978	 0.761345
3.34311	 0.721247
3.34644	 0.76266
3.34978	 0.758024
3.35311	 0.736608
3.35644	 0.638794
3.35978	 0.580098
3.36311	 0.78942
3.36644	 0.698007
3.36978	 0.685897
3.37311	 0.653774
3.37644	 0.510061
3.37977	 0.672774
3.38311	 0.770629
3.38644	 0.637578
3.38977	 0.76195
3.39311	 0.539728
3.39644	 0.877486
3.39977	 0.818489
3.40311	 0.675374
3.40644	 0.602321
3.40977	 0.743193
3.41311	 0.524101
3.41644	 0.648951
3.41977	 0.751076
3.42311	 0.662183
3.42644	 0.621786
3.42977	 0.805226
3.4331	 0.738635
3.43644	 0.732406
3.43977	 0.538329
3.4431	 0.788303
3.44644	 0.63958
3.44977	 0.686768
3.4531	 0.732791
3.45644	 0.720187
3.45977	 0.559859
3.4631	 0.59874
3.46644	 0.646234
3.46977	 0.805735
3.4731	 0.521525
3.47643	 0.620111
3.47977	 0.754887
3.4831	 0.790403
3.48643	 0.654717
3.48977	 0.727844
3.4931	 0.588291
3.49643	 0.602256
3.49977	 0.838578
3.5031	 0.719638
3.50643	 0.679144
3.50977	 0.74359
3.5131	 0.722986
3.51643	 0.701443
3.51977	 0.59876
3.5231	 0.788649
3.52643	 0.683355
3.52976	 0.766633
3.5331	 0.838392
3.53643	 0.620712
3.53976	 0.79531
3.5431	 0.655159
3.54643	 0.567031
3.54976	 0.587214
3.5531	 0.616198
3.55643	 0.58506
3.55976	 0.610774
3.5631	 0.529407
3.56643	 0.672989
3.56976	 0.64032
3.5731	 0.618688
3.57643	 0.655729
3.57976	 0.607648
3.58309	 0.664327
3.58643	 0.586416
3.58976	 0.784237
3.59309	 0.508504
3.59643	 0.641175
3.59976	 0.805409
3.60309	 0.565863
3.60643	 0.67866
3.60976	 0.66852
3.61309	 0.831261
3.61643	 0.887362
3.61976	 0.422476
3.62309	 0.728281
3.62642	 0.794235
3.62976	 0.557435
3.63309	 0.615797
3.63642	 0.818408
3.63976	 0.705614
3.64309	 0.612492
3.64642	 0.662053
3.64976	 0.551066
3.65309	 0.690831
3.65642	 0.71052
3.65976	 0.722081
3.66309	 0.565758
3.66642	 0.614381
3.66976	 0.590053
3.67309	 0.798208
3.67642	 0.61685
3.67975	 0.63149
3.68309	 0.808107
3.68642	 0.686683
3.68975	 0.740102
3.69309	 0.717294
3.69642	 0.692145
3.69975	 0.737947
3.70309	 0.763107
3.70642	 0.696479
3.70975	 0.618774
3.71309	 0.621269
3.71642	 0.615645
3.71975	 0.58571
3.72309	 0.565824
3.72642	 0.741499
3.72975	 0.598982
3.73308	 0.79004
3.73642	 0.654563
3.73975	 0.721838
3.74308	 0.651543
3.74642	 0.680431
3.74975	 0.565139
3.75308	 0.640623
3.75642	 0.707721
3.75975	 0.450586
3.76308	 0.632016
3.76642	 0.695636
3.76975	 0.661642
3.77308	 0.595952
3.77641	 0.674733
3.77975	 0.601644
3.78308	 0.624731
3.78641	 0.574332
3.78975	 0.774489
3.79308	 0.747179
3.79641	 0.53888
3.79975	 0.674939
3.80308	 0.69228
3.80641	 0.703667
3.80975	 0.628104
3.81308	 0.531692
3.81641	 0.545941
3.81975	 0.627695
3.82308	 0.655723
3.82641	 0.495379
3.82974	 0.71453
3.83308	 0.628679
3.83641	 0.582478
3.83974	 0.651237
3.84308	 0.680881
3.84641	 0.583763
3.84974	 0.686704
3.85308	 0.752516
3.85641	 0.707547
3.85974	 0.776857
3.86308	 0.623253
3.86641	 0.680334
3.86974	 0.604673
3.87308	 0.714309
3.87641	 0.589997
3.87974	 0.681588
3.88307	 0.639908
3.88641	 0.615287
3.88974	 0.567019
3.89307	 0.486802
3.89641	 0.713263
3.89974	 0.647539
3.90307	 0.781133
3.90641	 0.616085
3.90974	 0.565743
3.91307	 0.61665
3.91641	 0.688659
3.91974	 0.6797
3.92307	 0.731589
3.9264	 0.606296
3.92974	 0.732762
3.93307	 0.584212
3.9364	 0.711403
3.93974	 0.749899
3.94307	 0.537123
3.9464	 0.75994
3.94974	 0.548432
3.95307	 0.638703
3.9564	 0.742939
3.95974	 0.658549
3.96307	 0.589025
3.9664	 0.676017
3.96974	 0.65766
3.97307	 0.597544
3.9764	 0.575451
3.97973	 0.651584
3.98307	 0.742248
3.9864	 0.711708
3.98973	 0.471927
3.99307	 0.656049
3.9964	 0.586741
3.99973	 0.638534
4.00307	 0.649859
4.0064	 0.671469
4.00973	 0.59231
4.01307	 0.638622
4.0164	 0.655422
4.01973	 0.643409
4.02307	 0.83447
4.0264	 0.585577
4.02973	 0.816079
4.03306	 0.629245
4.0364	 0.698696
4.03973	 0.648815
4.04306	 0.810372
4.0464	 0.797817
4.04973	 0.781146
4.05306	 0.62348
4.0564	 0.609666
4.05973	 0.717568
4.06306	 0.540318
4.0664	 0.558012
4.06973	 0.774451
4.07306	 0.599888
4.07639	 0.525068
4.07973	 0.459537
4.08306	 0.569226
4.08639	 0.555342
4.08973	 0.585582
4.09306	 0.635639
4.09639	 0.709924
4.09973	 0.741421
4.10306	 0.573051
4.10639	 0.581758
4.10973	 0.585291
4.11306	 0.659717
4.11639	 0.580091
4.11973	 0.643705
4.12306	 0.738444
4.12639	 0.586087
4.12972	 0.751822
4.13306	 0.459974
4.13639	 0.573191
4.13972	 0.532595
4.14306	 0.656169
4.14639	 0.626783
4.14972	 0.595374
4.15306	 0.710677
4.15639	 0.566172
4.15972	 0.520365
4.16306	 0.631873
4.16639	 0.557221
4.16972	 0.701985
4.17306	 0.707457
4.17639	 0.525384
4.17972	 0.726797
4.18305	 0.642989
4.18639	 0.496233
4.18972	 0.642256
4.19305	 0.64785
4.19639	 0.708182
4.19972	 0.628424
4.20305	 0.55172
4.20639	 0.671113
4.20972	 0.591862
4.21305	 0.551628
4.21639	 0.576204
4.21972	 0.647396
4.22305	 0.624143
4.22638	 0.601998
4.22972	 0.595766
4.23305	 0.572839
4.23638	 0.703254
4.23972	 0.503302
4.24305	 0.693471
4.24638	 0.648139
4.24972	 0.721861
4.25305	 0.569898
4.25638	 0.525581
4.25972	 0.510079
4.26305	 0.673448
4.26638	 0.708344
4.26972	 0.593557
4.27305	 0.582425
4.27638	 0.715622
4.27971	 0.692708
4.28305	 0.587617
4.28638	 0.661801
4.28971	 0.571399
4.29305	 0.627029
4.29638	 0.617112
4.29971	 0.570765
4.30305	 0.609519
4.30638	 0.560954
4.30971	 0.751243
4.31305	 0.674683
4.31638	 0.674406
4.31971	 0.720441
4.32305	 0.638276
4.32638	 0.583436
4.32971	 0.598776
4.33304	 0.609338
4.33638	 0.551971
4.33971	 0.669964
4.34304	 0.595609
4.34638	 0.64192
4.34971	 0.578235
4.35304	 0.595376
4.35638	 0.691566
4.35971	 0.689848
4.36304	 0.698588
4.36638	 0.594782
4.36971	 0.543332
4.37304	 0.550201
4.37637	 0.646726
4.37971	 0.580942
4.38304	 0.608634
4.38637	 0.623346
4.38971	 0.782554
4.39304	 0.543545
4.39637	 0.728288
4.39971	 0.60159
4.40304	 0.465536
4.40637	 0.667712
4.40971	 0.687266
4.41304	 0.768576
4.41637	 0.614637
4.41971	 0.48099
4.42304	 0.650352
4.42637	 0.685062
4.4297	 0.630629
4.43304	 0.822437
4.43637	 0.70663
4.4397	 0.514388
4.44304	 0.560113
4.44637	 0.678805
4.4497	 0.609788
4.45304	 0.679245
4.45637	 0.550443
4.4597	 0.438169
4.46304	 0.579434
4.46637	 0.661116
4.4697	 0.5201
4.47304	 0.60296
4.47637	 0.808161
4.4797	 0.602754
4.48303	 0.667966
4.48637	 0.567442
4.4897	 0.582401
4.49303	 0.522114
4.49637	 0.659968
4.4997	 0.527458
4.50303	 0.6457
4.50637	 0.631203
4.5097	 0.579392
4.51303	 0.577357
4.51637	 0.732097
4.5197	 0.561251
4.52303	 0.577927
4.52636	 0.636836
4.5297	 0.673264
4.53303	 0.569635
4.53636	 0.555425
4.5397	 0.76095
4.54303	 0.613255
4.54636	 0.538727
4.5497	 0.629473
4.55303	 0.550479
4.55636	 0.68397
4.5597	 0.608139
4.56303	 0.621355
4.56636	 0.59986
4.5697	 0.634212
4.57303	 0.56661
4.57636	 0.591147
4.57969	 0.552435
4.58303	 0.586307
4.58636	 0.522636
4.58969	 0.517392
4.59303	 0.46119
4.59636	 0.513016
4.59969	 0.676417
4.60303	 0.507591
4.60636	 0.513527
4.60969	 0.640077
4.61303	 0.641685
4.61636	 0.612711
4.61969	 0.525567
4.62303	 0.582239
4.62636	 0.535381
4.62969	 0.600924
4.63302	 0.562932
4.63636	 0.662124
4.63969	 0.712137
4.64302	 0.558158
4.64636	 0.708684
4.64969	 0.652982
4.65302	 0.526125
4.65636	 0.493318
4.65969	 0.578055
4.66302	 0.504423
4.66636	 0.473782
4.66969	 0.492417
4.67302	 0.664131
4.67635	 0.822875
4.67969	 0.483377
4.68302	 0.466559
4.68635	 0.508239
4.68969	 0.544898
4.69302	 0.648323
4.69635	 0.648246
4.69969	 0.67301
4.70302	 0.568836
4.70635	 0.427482
4.70969	 0.494006
4.71302	 0.711183
4.71635	 0.558809
4.71969	 0.496034
4.72302	 0.627895
4.72635	 0.507007
4.72968	 0.645185
4.73302	 0.58564
4.73635	 0.541364
4.73968	 0.63142
4.74302	 0.568918
4.74635	 0.613947
4.74968	 0.572802
4.75302	 0.591047
4.75635	 0.471253
4.75968	 0.626014
4.76302	 0.601574
4.76635	 0.641694
4.76968	 0.643918
4.77302	 0.634187
4.77635	 0.653349
4.77968	 0.566919
4.78301	 0.577402
4.78635	 0.607773
4.78968	 0.525268
4.79301	 0.681461
4.79635	 0.4854
4.79968	 0.512053
4.80301	 0.585269
4.80635	 0.539557
4.80968	 0.698756
4.81301	 0.57519
4.81635	 0.426974
4.81968	 0.68915
4.82301	 0.527034
4.82634	 0.57715
4.82968	 0.499812
4.83301	 0.473908
4.83634	 0.559908
4.83968	 0.623747
4.84301	 0.590994
4.84634	 0.574122
4.84968	 0.506169
4.85301	 0.627108
4.85634	 0.606201
4.85968	 0.428724
4.86301	 0.429082
4.86634	 0.634167
4.86968	 0.50408
4.87301	 0.659204
4.87634	 0.5763
4.87967	 0.538525
4.88301	 0.59742
4.88634	 0.557724
4.88967	 0.635953
4.89301	 0.562223
4.89634	 0.572085
4.89967	 0.522314
4.90301	 0.600107
4.90634	 0.584687
4.90967	 0.584818
4.91301	 0.545001
4.91634	 0.503608
4.91967	 0.63335
4.92301	 0.59626
4.92634	 0.475675
4.92967	 0.656805
4.933	 0.676968
4.93634	 0.578412
4.93967	 0.551356
4.943	 0.504626
4.94634	 0.568841
4.94967	 0.657679
4.953	 0.667071
4.95634	 0.483496
4.95967	 0.578791
4.963	 0.568459
4.96634	 0.543115
4.96967	 0.490539
4.973	 0.496094
4.97633	 0.624395
4.97967	 0.578889
4.983	 0.399678
4.98633	 0.643064
4.98967	 0.502823
4.993	 0.607362
4.99633	 0.537756
