#Time [1ns] 	 Re(Es) 	 Im(Es) 	 |Es|^2 	 rho 	 w
0	-2263.04233	-4087.16735	-18877.8637	52240.3039	0.557421726	5.41498577e+13
1e-11	-1275.0279	-1677.07385	-19160.2714	51953.7103	0.55898577	5.43940968e+13
2e-11	-299.421187	-364.855143	-19962.6635	53732.2465	0.5597486	5.46200986e+13
3e-11	1243.68646	141.543396	-20309.2995	52688.1961	0.560050043	5.48265406e+13
4e-11	786.627196	241.360656	-20953.3622	53656.2129	0.560313285	5.50151428e+13
5e-11	1656.53603	524.898138	-21087.6154	53481.1787	0.560417571	5.5186531e+13
6e-11	2726.07034	-330.817401	-21859.5637	53294.732	0.560682682	5.5342657e+13
7e-11	2623.4231	232.88516	-20012.7619	54440.271	0.560603633	5.54847059e+13
8e-11	3846.92139	-2882.07734	-20984.9843	54278.1195	0.560462442	5.56130995e+13
9e-11	2463.03445	-1842.38456	-19048.9875	54853.6544	0.560233216	5.57288427e+13
1e-10	2638.96641	-1773.81966	-19905.258	54801.3812	0.560499453	5.58336407e+13
1.1e-10	1788.94072	-1703.97123	-18719.0409	54832.9116	0.560140987	5.59286051e+13
1.2e-10	-101.885326	-2171.08453	-19354.0432	56144.8747	0.55976347	5.6013628e+13
1.3e-10	-1252.29547	-3592.36284	-19886.671	56249.7494	0.559367758	5.60888118e+13
1.4e-10	-1614.06277	-4957.22993	-19357.4012	56615.4567	0.558895574	5.6155447e+13
1.5e-10	-165.717226	-3367.93026	-18527.2718	55888.7934	0.558997975	5.62150249e+13
1.6e-10	891.215254	-1838.49445	-18812.4935	53714.7402	0.55950135	5.62699556e+13
1.7e-10	1386.72966	1039.31675	-19538.5804	53573.9216	0.560297754	5.63226085e+13
1.8e-10	916.044474	1412.26252	-19781.9794	53986.3738	0.56078632	5.63728139e+13
1.9e-10	1394.562	1510.32499	-20314.4924	53961.4343	0.561122001	5.64196732e+13
2e-10	1095.25972	2236.79168	-19045.9987	54528.3922	0.561210761	5.64630326e+13
2.1e-10	378.916285	1348.71118	-18514.8965	54897.4664	0.561404562	5.65030923e+13
2.2e-10	822.586034	-201.766304	-18873.5023	54270.9645	0.561634779	5.65399667e+13
2.3e-10	2410.70711	-658.76279	-19920.9436	53643.6269	0.561652404	5.65741131e+13
2.4e-10	1820.65044	323.991241	-20424.2325	55856.5286	0.561416102	5.66052022e+13
2.5e-10	1949.92201	1093.22457	-21280.6041	56469.7388	0.560571369	5.66310213e+13
2.6e-10	3525.4117	17.8950248	-21970.6398	56042.2704	0.559588173	5.66506874e+13
2.7e-10	2403.77641	-235.563542	-21636.9298	55781.8233	0.559078525	5.66656123e+13
2.8e-10	361.542406	-588.495821	-20691.5981	55316.8542	0.559237764	5.66783398e+13
2.9e-10	-631.140466	-864.082807	-20277.3239	55683.21	0.559568114	5.66908473e+13
3e-10	-1262.81829	-18.0482372	-19428.7514	56601.8057	0.559586305	5.67030473e+13
3.1e-10	-29.9981495	417.242285	-20551.6764	56001.1708	0.559576078	5.67138456e+13
3.2e-10	1317.08449	238.250752	-21709.0893	55722.92	0.559233523	5.67232963e+13
3.3e-10	214.220053	61.2322608	-22459.4523	56771.1913	0.559113395	5.67310343e+13
3.4e-10	-1713.32376	-375.126471	-22152.6243	56362.3124	0.55866444	5.67366868e+13
3.5e-10	-868.866251	-481.863397	-21376.52	57078.2654	0.558254928	5.67404292e+13
3.6e-10	-1621.23538	-319.720398	-20497.7433	57827.3535	0.557941724	5.67423447e+13
3.7e-10	-2181.98037	-1891.13755	-20352.7331	56479.8098	0.557595035	5.67425596e+13
3.8e-10	-2460.69394	-2089.7801	-19441.6719	54877.6939	0.558556258	5.67438497e+13
3.9e-10	-1487.07318	-2831.82482	-18952.7809	55461.1642	0.559202831	5.67483653e+13
4e-10	-1224.20314	-2410.08348	-19346.3551	55853.5107	0.559625458	5.67545988e+13
4.1e-10	-660.291582	-1901.9389	-20642.4043	55926.1978	0.559516282	5.67608287e+13
4.2e-10	-1328.20229	-1918.076	-21441.2371	56361.2399	0.559107387	5.67656391e+13
4.3e-10	1579.12329	-1150.3012	-22591.568	56534.6401	0.558646476	5.6768296e+13
4.4e-10	3128.84329	-408.802131	-23341.5714	55967.1409	0.558358021	5.67689609e+13
4.5e-10	2491.17879	1099.92654	-21306.179	54811.0938	0.558582164	5.67693062e+13
4.6e-10	2565.42378	-564.660366	-19967.7301	55623.0592	0.558891274	5.67709831e+13
4.7e-10	3842.1129	2229.21065	-21003.4911	54773.0926	0.559396258	5.67739539e+13
4.8e-10	3360.55009	2871.34099	-18424.0159	54960.7315	0.559850472	5.67782532e+13
4.9e-10	2981.49176	4307.6782	-18400.0931	54328.2479	0.560571097	5.67845789e+13
5e-10	2188.33742	763.154232	-19600.9739	53634.597	0.561501831	5.67933369e+13
5.1e-10	2502.74364	816.572251	-20170.8445	53721.9539	0.562014143	5.68041884e+13
5.2e-10	2582.76944	236.135007	-20708.5995	54669.872	0.56177008	5.68146563e+13
5.3e-10	2501.10854	729.27642	-20466.209	54845.4397	0.561183845	5.68225542e+13
5.4e-10	1411.02154	-1874.89997	-19561.7032	57534.0165	0.560593448	5.68278019e+13
5.5e-10	1468.51479	-2747.42221	-19866.1318	57835.923	0.5598366	5.68296558e+13
5.6e-10	1483.80611	-2890.91748	-20901.9054	57996.5097	0.558584629	5.68276317e+13
5.7e-10	662.923991	-1594.74681	-19402.1603	58982.5405	0.557618408	5.68215085e+13
5.8e-10	-1045.21085	1185.93445	-19595.5841	58271.221	0.55728446	5.68130189e+13
5.9e-10	-1510.58758	660.223316	-19329.8975	59482.6046	0.556805501	5.68044677e+13
6e-10	-633.428638	-507.412807	-17881.1195	57523.7605	0.556674255	5.67948824e+13
6.1e-10	259.315327	-857.161012	-17131.6304	57018.1663	0.557292323	5.67873993e+13
6.2e-10	-275.429866	-1058.54992	-14865.8214	57233.4364	0.557910937	5.67829479e+13
6.3e-10	1719.44896	-2930.82506	-14394.3894	58023.0753	0.55846123	5.67812132e+13
6.4e-10	1345.89907	-2694.57501	-14361.3256	57769.4718	0.558597307	5.67810112e+13
6.5e-10	484.114075	-1405.04252	-13246.7738	58132.3825	0.558968392	5.6781598e+13
6.6e-10	999.263763	-1538.54865	-13074.9591	58183.1066	0.559021558	5.67830124e+13
6.7e-10	1453.44151	998.166569	-13796.6679	58145.4235	0.559068	5.67845581e+13
6.8e-10	719.119504	-1164.54962	-13132.259	59531.6411	0.55865467	5.67854669e+13
6.9e-10	286.724665	-540.258042	-12942.3341	59438.5519	0.558441955	5.67847153e+13
7e-10	156.317699	-1477.19771	-12537.6088	58768.0608	0.558376872	5.67832672e+13
7.1e-10	1456.74399	-490.862797	-12197.4474	56933.258	0.558908087	5.67828793e+13
7.2e-10	1691.8181	-381.576668	-14529.982	58163.9614	0.559520974	5.67852302e+13
7.3e-10	302.004113	435.887265	-12964.0528	55977.4676	0.559747133	5.67882891e+13
7.4e-10	682.85222	1642.31231	-14114.6073	55721.425	0.560575796	5.67935411e+13
7.5e-10	639.025687	1201.8915	-15658.4649	55470.4472	0.560999393	5.68008024e+13
7.6e-10	-240.32024	1581.48579	-18805.5499	56024.1065	0.561066926	5.680851e+13
7.7e-10	100.300107	1441.17067	-18717.2435	55044.2028	0.560803983	5.68147246e+13
7.8e-10	-1010.73739	-891.434037	-19946.926	56614.9143	0.560725906	5.68201261e+13
7.9e-10	1204.87233	-1558.52672	-20712.5602	55820.9074	0.560114452	5.68232391e+13
8e-10	326.49918	-165.023133	-18752.5703	55922.4178	0.559942323	5.6824663e+13
8.1e-10	-354.329772	157.33218	-18007.9268	55465.6675	0.560229158	5.68260816e+13
8.2e-10	-1570.03458	-743.857622	-18189.3962	55215.5531	0.560467386	5.68284755e+13
8.3e-10	-1455.99499	1360.55602	-17986.7243	55020.9585	0.560989551	5.68320036e+13
8.4e-10	-376.243362	1298.81372	-18706.7166	55168.8796	0.561059019	5.6836638e+13
8.5e-10	-701.707102	3894.13722	-18450.9104	55670.3165	0.560942043	5.68405986e+13
8.6e-10	786.898469	2718.59249	-19175.4273	56843.5927	0.560627231	5.68435458e+13
8.7e-10	1099.91902	3322.90924	-18977.9258	56683.3521	0.560138995	5.68444218e+13
8.8e-10	229.290112	3667.60796	-19300.4957	54636.3741	0.56020078	5.68441591e+13
8.9e-10	-1205.89706	2891.89915	-18170.2429	54698.7237	0.560648944	5.6845016e+13
9e-10	-2511.26505	3108.20048	-18946.1228	54019.9942	0.56127851	5.68481062e+13
9.1e-10	-2553.47185	2926.65517	-18726.4631	54575.1862	0.561617091	5.68527702e+13
9.2e-10	-2218.37493	2346.51786	-18718.2571	53692.8028	0.562155936	5.68582951e+13
9.3e-10	-1528.95406	1581.88947	-19518.4052	54695.2751	0.56200101	5.68647792e+13
9.4e-10	-1371.84021	804.04492	-19885.6321	55121.3972	0.561594739	5.68694417e+13
9.5e-10	392.407103	720.176568	-20543.2212	56466.2129	0.560725665	5.68713174e+13
9.6e-10	1406.80046	279.468062	-19632.1644	55893.3187	0.560157025	5.68698039e+13
9.7e-10	-268.175019	1883.78842	-19461.282	56845.8067	0.559930595	5.6867288e+13
9.8e-10	-490.515256	571.721384	-20229.5113	55986.2521	0.559859637	5.68640932e+13
9.9e-10	503.822219	1727.27211	-20733.7619	57096.3058	0.559251477	5.68603653e+13
1e-09	673.108276	3368.33772	-19727.6711	55789.2827	0.559063802	5.6855063e+13
1.01e-09	1623.01801	4243.41328	-22405.9522	55070.4689	0.559694967	5.68511183e+13
1.02e-09	1740.88725	2076.51717	-24327.6368	56156.0676	0.559008203	5.68478055e+13
1.03e-09	509.56148	924.254674	-22577.5222	53593.1148	0.5590857	5.68426948e+13
1.04e-09	1798.7555	209.140013	-21836.6105	53963.2803	0.559907392	5.68402104e+13
1.05e-09	-82.7468991	-770.317994	-23679.9288	53394.6463	0.560287085	5.68404476e+13
1.06e-09	1140.059	-483.01305	-23332.4581	53686.1183	0.560597945	5.68417527e+13
1.07e-09	-315.696214	-565.379489	-23525.3491	55154.6083	0.560744166	5.684411e+13
1.08e-09	1295.53101	-136.236848	-22565.5331	55054.4356	0.560439999	5.6845827e+13
1.09e-09	887.809205	-1664.8026	-21884.8938	54079.0955	0.560605138	5.68468614e+13
1.1e-09	69.9111181	128.104697	-21217.8205	56674.6043	0.560328996	5.68483525e+13
1.11e-09	838.530078	38.0104965	-20822.9235	56433.6358	0.559777551	5.68477084e+13
1.12e-09	905.188563	-82.2380085	-20684.985	57161.2241	0.559139991	5.68448035e+13
1.13e-09	551.013711	-1486.30862	-21261.7154	55929.4344	0.559179115	5.68407102e+13
1.14e-09	-320.580615	-819.620921	-20405.4346	55957.3279	0.559137233	5.68370505e+13
1.15e-09	-943.493784	-800.663443	-21995.6372	57718.3869	0.558709535	5.68335197e+13
1.16e-09	359.984958	-1020.39083	-22450.2391	56934.6728	0.557988215	5.68274536e+13
1.17e-09	-1068.80466	327.526229	-23168.5552	56586.2623	0.557752855	5.68203102e+13
1.18e-09	-543.179526	-245.152473	-22357.591	55535.3134	0.557847586	5.68133111e+13
1.19e-09	615.543098	-180.192354	-21515.6926	55637.1617	0.55864747	5.68089697e+13
1.2e-09	2118.69303	-160.471349	-21723.2435	55316.4361	0.559052261	5.6807307e+13
1.21e-09	1092.98624	767.51417	-22000.1794	55782.8111	0.559254156	5.68070927e+13
1.22e-09	171.78721	489.299142	-20499.5307	55009.4873	0.559350213	5.68070861e+13
1.23e-09	-1557.87481	-1342.57105	-22660.1064	55809.6952	0.559386418	5.68078461e+13
1.24e-09	-1467.11705	-448.613683	-23159.1351	54616.1129	0.559283466	5.68078684e+13
1.25e-09	264.44259	71.0980664	-23538.7954	54969.486	0.559393449	5.68081273e+13
1.26e-09	-1049.31	-429.700701	-22605.6444	55574.5839	0.55911103	5.68082236e+13
1.27e-09	-2147.59868	-1166.08692	-23945.4579	56314.0113	0.558585079	5.68070316e+13
1.28e-09	-2296.85615	867.294274	-21592.3321	56086.3636	0.55840277	5.68038794e+13
1.29e-09	-862.838351	795.297428	-21179.5971	55762.8468	0.558601312	5.6801226e+13
1.3e-09	-825.388905	1307.0021	-21381.3978	52863.2439	0.559298719	5.68001027e+13
1.31e-09	-1982.31833	864.659079	-22081.3787	54195.0332	0.560222947	5.68027597e+13
1.32e-09	-486.038114	1639.82583	-23127.7864	55840.7749	0.559955844	5.68068003e+13
1.33e-09	-3232.28559	-34.2321196	-22143.184	56569.2988	0.559445115	5.68085567e+13
1.34e-09	-2483.60133	-121.122207	-22165.4147	57425.1913	0.558578292	5.68078728e+13
1.35e-09	-1189.94837	-160.929647	-23193.5695	57379.5945	0.558012915	5.68041536e+13
1.36e-09	-1148.6597	2098.94873	-22722.536	56001.3724	0.55764823	5.67987566e+13
1.37e-09	768.280635	-29.4854513	-20629.0035	55456.2843	0.558216825	5.67942017e+13
1.38e-09	228.923974	-1451.59458	-21231.2855	57774.3029	0.55814829	5.67918154e+13
1.39e-09	1007.80917	-3501.6398	-20443.0537	58821.5457	0.557503566	5.67878547e+13
1.4e-09	-300.468667	-2935.6138	-19968.1989	58150.4021	0.557002771	5.67818467e+13
1.41e-09	198.086267	-1379.8319	-19209.3225	58484.3604	0.556861048	5.67755104e+13
1.42e-09	1088.80773	-3482.40283	-18853.1868	58804.1885	0.556574408	5.67689137e+13
1.43e-09	844.260874	-4510.83682	-18501.4564	58108.9949	0.556586626	5.67623358e+13
1.44e-09	844.221002	-3234.42697	-16885.0121	58620.5278	0.556779905	5.6756695e+13
1.45e-09	-1208.33375	-180.369325	-15760.1239	57757.2111	0.557241761	5.67529632e+13
1.46e-09	-3795.29352	-931.551829	-14611.6622	58809.7041	0.557693155	5.6751417e+13
1.47e-09	-2731.72959	-1208.9228	-13291.3556	57674.918	0.557694593	5.67506296e+13
1.48e-09	-3746.66484	-2705.0087	-12314.3103	59926.0487	0.557802759	5.67505839e+13
1.49e-09	-848.258241	-2489.34784	-12385.9431	58922.5627	0.557824657	5.6750484e+13
1.5e-09	-280.549518	-1611.56445	-14099.9556	58924.9915	0.55762529	5.67501639e+13
1.51e-09	-828.18727	978.187015	-11240.1627	58084.5663	0.557909999	5.67497225e+13
1.52e-09	-3076.03261	1583.0979	-12985.3294	56528.5509	0.558648244	5.67513017e+13
1.53e-09	-3136.04485	158.549054	-14129.7191	56733.0544	0.559080932	5.67552153e+13
1.54e-09	-3780.07988	-212.885031	-13533.9894	56515.2112	0.559422734	5.67599849e+13
1.55e-09	-2795.68765	-976.578062	-14090.6735	58065.9295	0.559669744	5.67656988e+13
1.56e-09	-2761.47679	-926.247241	-15478.9382	58506.1157	0.559157575	5.67704442e+13
1.57e-09	-1838.58886	-2281.35697	-16657.9829	59312.5485	0.558861765	5.67730575e+13
1.58e-09	-365.551546	-1403.86343	-17906.412	58440.2679	0.558075946	5.67732324e+13
1.59e-09	-1156.08098	-1646.05705	-16798.9077	58277.1727	0.557857033	5.67714893e+13
1.6e-09	-1146.74078	-1102.13949	-17883.6086	56987.7782	0.558066804	5.67698068e+13
1.61e-09	818.353499	-444.491199	-18246.9517	54331.509	0.559131048	5.67703832e+13
1.62e-09	2092.75855	-89.1443103	-16830.8682	54322.8196	0.560585766	5.67760309e+13
1.63e-09	1039.80905	-384.704108	-16342.232	54397.0898	0.561570844	5.67858154e+13
1.64e-09	1124.26732	-76.2661448	-17471.54	56033.6151	0.56177148	5.67972183e+13
1.65e-09	-565.243901	-1443.92743	-19406.5824	58769.6653	0.560711021	5.68064798e+13
1.66e-09	1250.18839	-1645.83181	-18696.3701	59069.109	0.5590115	5.68090483e+13
1.67e-09	1657.4808	-998.762839	-19184.2819	57734.1412	0.558138993	5.68060378e+13
1.68e-09	666.184752	-1480.37359	-18209.872	57562.099	0.557805565	5.6801209e+13
1.69e-09	199.628558	241.177999	-18142.3144	57062.0181	0.558099931	5.67967046e+13
1.7e-09	1138.02037	-36.1099034	-18100.7926	58856.3089	0.55790551	5.67931514e+13
1.71e-09	823.361766	135.187429	-16897.9089	58682.9811	0.557571049	5.67887627e+13
1.72e-09	631.586874	391.964085	-17938.4682	57075.5878	0.557560153	5.67839505e+13
1.73e-09	474.902866	2330.6249	-17147.6835	56414.2673	0.558126302	5.67805663e+13
1.74e-09	403.844735	1361.5799	-15929.1279	56134.2934	0.558898966	5.67802275e+13
1.75e-09	-905.258658	846.679789	-17901.6295	57096.9836	0.559300082	5.67821618e+13
1.76e-09	-2988.04149	943.064398	-19621.7289	57154.7069	0.558943665	5.67842163e+13
1.77e-09	-1668.09567	1421.0545	-19406.9823	58296.4805	0.558666351	5.67847526e+13
1.78e-09	-2123.17525	74.5780146	-19679.5671	58380.6219	0.558066273	5.67834338e+13
1.79e-09	-2398.02945	-830.768554	-20576.1984	57795.3013	0.557830477	5.67805959e+13
1.8e-09	-2399.70625	-1009.93111	-21518.1172	56582.798	0.557725359	5.6777274e+13
1.81e-09	-2269.98457	-1436.95369	-23314.4808	57541.5116	0.557339692	5.67738308e+13
1.82e-09	-852.570612	-1689.43858	-22816.429	57271.5132	0.556991756	5.676906e+13
1.83e-09	-694.337359	-1344.67578	-22610.713	55597.1519	0.557386886	5.67645291e+13
1.84e-09	-495.517453	-230.606045	-21512.3392	55433.3426	0.557754447	5.67620867e+13
1.85e-09	-439.57427	-856.740869	-22982.8438	56766.2834	0.557733335	5.67608943e+13
1.86e-09	1016.80069	815.506473	-22788.0738	57145.4484	0.557356826	5.6758796e+13
1.87e-09	1993.35056	719.222233	-22620.16	57770.319	0.557183658	5.67559568e+13
1.88e-09	2320.50708	592.152768	-20328.6858	57186.73	0.556856554	5.67522647e+13
1.89e-09	2460.58323	1826.12441	-20633.9547	57013.0083	0.55729253	5.67492005e+13
1.9e-09	1305.13659	2033.75907	-21230.985	55862.3696	0.557442182	5.67472266e+13
1.91e-09	243.507587	465.725152	-22237.2619	54920.1875	0.558054881	5.67469997e+13
1.92e-09	60.5463521	-1912.68191	-22741.0559	54054.9829	0.559008742	5.67497695e+13
1.93e-09	-761.211129	-404.168314	-22832.7266	55080.577	0.559147276	5.67546063e+13
1.94e-09	-230.03658	-2429.26206	-21530.6796	55363.3793	0.559401473	5.67595613e+13
1.95e-09	1143.07336	-3057.43477	-22108.5284	58317.9087	0.558619105	5.67636054e+13
1.96e-09	1054.71133	-2881.44573	-21092.7225	59130.1315	0.557613248	5.67632496e+13
1.97e-09	1185.27328	-2024.66764	-19806.2065	58580.9526	0.556873763	5.67596062e+13
1.98e-09	721.656873	-1993.43032	-20893.7819	56838.8803	0.556724168	5.67545298e+13
1.99e-09	1774.21826	-1378.68338	-19602.6074	55142.9286	0.557547754	5.67509459e+13
2e-09	2652.52947	1190.0462	-20678.5039	54110.759	0.558841299	5.67520314e+13
2.01e-09	753.235651	2220.74048	-20891.077	55459.9598	0.559258576	5.67567082e+13
2.02e-09	1134.09218	2079.44973	-20986.7923	55841.0336	0.559294563	5.67615641e+13
2.03e-09	1734.51883	2138.79186	-21251.7958	54919.8258	0.559650197	5.67665174e+13
2.04e-09	2678.31202	3373.71778	-20648.5684	55473.5571	0.559686503	5.6771876e+13
2.05e-09	579.094652	3488.49934	-22189.9101	55122.7391	0.559557347	5.67766393e+13
2.06e-09	916.655373	3051.52761	-20946.6027	55878.8097	0.559363811	5.67803314e+13
2.07e-09	2039.96933	4389.70725	-22879.4714	56470.1507	0.558744331	5.67824977e+13
2.08e-09	170.611376	5111.53128	-21119.8342	55010.1593	0.558728411	5.67823661e+13
2.09e-09	364.779052	4902.86529	-20323.652	54647.5038	0.559337152	5.67838386e+13
2.1e-09	-43.5069035	5081.13391	-21258.9363	53885.3812	0.559823184	5.67871655e+13
2.11e-09	-1032.30907	3463.06335	-21354.5147	54544.5606	0.56022305	5.67919445e+13
2.12e-09	-282.322738	1190.88354	-21690.7576	54380.7936	0.560401943	5.67973553e+13
2.13e-09	1408.49671	1346.21193	-23056.7241	55179.0932	0.56012965	5.68023058e+13
2.14e-09	-208.909134	184.784522	-21256.6419	56063.1404	0.559743714	5.68054803e+13
2.15e-09	420.879477	1023.86991	-22863.7872	56247.7215	0.558989927	5.68064068e+13
2.16e-09	-856.48974	2329.26076	-22747.1868	57393.8004	0.558142701	5.68040763e+13
2.17e-09	-1345.681	-27.3344138	-22581.4749	56507.7728	0.5577761	5.67993436e+13
2.18e-09	-1869.72132	-478.037675	-23210.0196	56575.2363	0.557819206	5.67944653e+13
2.19e-09	-2122.09998	618.042448	-21231.3749	56836.9584	0.557959068	5.67903923e+13
2.2e-09	-528.484486	-426.539307	-21845.4591	57581.8737	0.557567987	5.67866713e+13
2.21e-09	-1552.15814	1563.79191	-22730.6856	56375.274	0.557381699	5.67816083e+13
2.22e-09	-1307.11926	-349.609977	-20731.436	56617.6364	0.557624212	5.67772334e+13
2.23e-09	-1452.98733	-572.488501	-18387.4751	57781.9057	0.557680887	5.67739771e+13
2.24e-09	-1088.87605	-119.912811	-19642.0228	56474.6693	0.557996863	5.67714774e+13
2.25e-09	-1316.71326	1120.78078	-19791.0892	56427.3208	0.558303074	5.67706903e+13
2.26e-09	-2342.44575	-687.376751	-19135.7097	57629.0028	0.558400244	5.67708279e+13
2.27e-09	-2048.00324	-1130.53805	-18943.9888	57171.6322	0.558097407	5.67703607e+13
2.28e-09	-2731.72974	-2035.48762	-16669.5987	57591.0721	0.558313392	5.67698167e+13
2.29e-09	-2671.6827	-4116.21764	-16789.6384	56666.0204	0.558522567	5.67698724e+13
2.3e-09	-3937.63742	-4068.31155	-16857.3276	57114.3153	0.558940103	5.67714828e+13
2.31e-09	-2620.06939	-3421.50225	-17204.0088	55578.9025	0.559093377	5.67737022e+13
2.32e-09	-1556.54114	-3800.14191	-16372.879	56063.1138	0.55990245	5.67777957e+13
2.33e-09	-1756.23355	-1238.63331	-14270.2179	56871.4911	0.559878178	5.6783073e+13
2.34e-09	-1543.23809	-340.88299	-14894.2867	56151.0235	0.560354763	5.67884888e+13
2.35e-09	-395.321205	215.05482	-14703.5795	56862.7334	0.560436363	5.67948293e+13
2.36e-09	276.892911	1327.53112	-13314.2303	54635.5797	0.560957869	5.68010359e+13
2.37e-09	1154.18299	2843.58003	-14989.0558	56734.5411	0.561242208	5.68091134e+13
2.38e-09	1925.09746	2397.33332	-15262.183	58878.6115	0.560330235	5.68149902e+13
2.39e-09	984.745068	2039.52035	-16844.1185	59036.574	0.559280939	5.68166576e+13
2.4e-09	638.512908	1103.74383	-17770.1413	58361.4812	0.558709786	5.68146319e+13
2.41e-09	219.999533	2366.61752	-17202.4195	56518.4796	0.558892957	5.68119049e+13
2.42e-09	1228.87517	2165.85981	-17358.7362	54307.1399	0.559849857	5.68116304e+13
2.43e-09	866.723804	2656.23489	-15607.6143	54011.465	0.561282294	5.6816053e+13
2.44e-09	2358.45123	6.03347614	-14813.3896	53878.3652	0.562328502	5.6824744e+13
2.45e-09	1703.29113	-2212.51591	-15433.1665	55617.093	0.562743616	5.68359781e+13
2.46e-09	2068.75477	-1801.43515	-15766.5463	57868.1812	0.561853051	5.68455837e+13
2.47e-09	2136.53867	-2651.25923	-17134.9024	59453.0291	0.560539787	5.68497244e+13
2.48e-09	2197.48637	-56.6270671	-18222.1984	57525.512	0.559243752	5.68480419e+13
2.49e-09	2977.37603	-374.323758	-19375.6178	58268.944	0.558628542	5.68431606e+13
2.5e-09	3781.53398	-576.211102	-17522.0496	55414.9075	0.558584653	5.68367413e+13
2.51e-09	3249.45801	-1083.65749	-17615.4747	55012.1491	0.559479621	5.68330933e+13
2.52e-09	1862.06626	-110.721893	-18585.2557	55690.3165	0.559932458	5.68326739e+13
2.53e-09	53.8433744	-170.976352	-18760.9982	56718.3247	0.559829648	5.68329756e+13
2.54e-09	-403.485571	-1191.68797	-19336.0357	54820.1569	0.55970173	5.68323498e+13
2.55e-09	925.780997	-109.145282	-18388.7822	55029.3217	0.560500532	5.6833175e+13
2.56e-09	740.907519	10.0819139	-17527.7598	54788.4132	0.56077831	5.68359817e+13
2.57e-09	498.873692	273.625576	-17050.099	55246.9454	0.561157388	5.68400521e+13
2.58e-09	2264.05167	-104.421687	-17100.8039	54180.7912	0.561343436	5.68446083e+13
2.59e-09	1945.66022	-9.11837553	-17685.0041	56468.6595	0.561199264	5.6849359e+13
2.6e-09	648.299534	1047.78021	-18302.8476	57767.6086	0.560429938	5.68516997e+13
2.61e-09	-194.703232	-419.712993	-20562.6204	57112.4544	0.559608764	5.68505709e+13
2.62e-09	-266.038362	-356.40814	-21973.0996	56994.9329	0.558769667	5.68464206e+13
2.63e-09	278.092474	-1119.58187	-21840.7599	55593.8233	0.558714076	5.6840602e+13
2.64e-09	-732.049306	-1833.09085	-20583.4958	54481.411	0.559342608	5.68361596e+13
2.65e-09	-1906.5746	-127.801984	-19633.7096	54564.0198	0.560071475	5.68350752e+13
2.66e-09	-1653.40114	-156.914044	-21279.8718	54128.129	0.560278598	5.68361463e+13
2.67e-09	-727.600118	15.052952	-22286.6803	55313.513	0.560318944	5.68376811e+13
2.68e-09	-919.159173	-550.882287	-21630.5266	58086.9315	0.559499305	5.68378776e+13
2.69e-09	-901.276338	697.792442	-20775.6916	58252.2092	0.558497684	5.6834075e+13
2.7e-09	-411.262192	-834.576275	-21110.7754	58617.3463	0.557894489	5.68276677e+13
2.71e-09	861.095591	-1437.89665	-20246.026	55483.37	0.557932042	5.68199044e+13
2.72e-09	972.728949	-1422.0883	-20311.3869	55148.6454	0.558536508	5.68148555e+13
2.73e-09	162.221257	-2028.72278	-20840.3921	56396.3641	0.558752553	5.68120633e+13
2.74e-09	313.087029	-3747.26015	-18861.2786	57533.2005	0.558583669	5.68094474e+13
2.75e-09	-64.9758014	-3010.5498	-19863.0777	56625.1645	0.558279505	5.68060787e+13
2.76e-09	-43.871872	-2760.87824	-20616.5419	56285.5664	0.558075003	5.68023694e+13
2.77e-09	-144.864361	-3248.13202	-18353.4485	57364.7212	0.558358504	5.67989029e+13
2.78e-09	396.135092	-3776.17972	-18831.7534	56179.7831	0.558626553	5.67966422e+13
2.79e-09	1547.78366	-2793.89209	-20268.3872	54862.2224	0.559283252	5.67962997e+13
2.8e-09	644.320669	-3361.73333	-19011.6026	56272.5965	0.559778482	5.67983383e+13
2.81e-09	792.09064	-1486.83376	-21528.993	55048.7055	0.559670115	5.68010964e+13
2.82e-09	-366.177111	-1307.05438	-23384.798	53841.2485	0.559757429	5.68033852e+13
2.83e-09	1604.13195	190.997597	-22828.5833	55053.7587	0.559928777	5.68062228e+13
2.84e-09	303.86058	287.525	-23679.1583	55889.0419	0.559619803	5.68085072e+13
2.85e-09	951.200476	-1956.73358	-23009.4212	55690.2131	0.559227668	5.68089448e+13
2.86e-09	-135.305475	-1035.51398	-25277.4496	55657.51	0.558793716	5.68079581e+13
2.87e-09	1298.09053	-1264.25843	-24536.9702	56152.3578	0.558297685	5.68054013e+13
2.88e-09	1600.79576	259.89037	-23943.4709	57077.5713	0.557868333	5.6801208e+13
2.89e-09	793.143704	-676.949762	-23939.0972	56889.8277	0.557340078	5.67955186e+13
2.9e-09	112.512031	-1061.86093	-21990.2267	55996.4009	0.557520816	5.67894801e+13
2.91e-09	-97.5746297	-86.3065878	-21968.0789	54814.6839	0.557978372	5.67852135e+13
2.92e-09	-1482.62987	-1081.01623	-20142.0885	53570.8579	0.558761446	5.67836823e+13
2.93e-09	-364.310673	-1570.14814	-21517.3273	54117.2616	0.559621674	5.67858111e+13
2.94e-09	-6.15714019	-1480.81605	-20937.1638	53499.1796	0.560246684	5.67902622e+13
2.95e-09	-832.72916	543.559272	-21777.2989	54217.6265	0.56072505	5.67967895e+13
2.96e-09	-1359.51558	-1197.73794	-21178.5636	54585.2892	0.561062289	5.68040276e+13
2.97e-09	-2915.77193	-1857.95069	-23023.3808	55859.8133	0.560483709	5.68104333e+13
2.98e-09	-4174.71442	-1958.186	-23292.6739	56693.6197	0.559387923	5.68128976e+13
2.99e-09	-3768.39098	-449.516127	-23421.3411	57971.0588	0.558014778	5.68106533e+13
3e-09	-3907.29431	1834.47167	-20791.0972	57539.6582	0.557245015	5.68038375e+13
3.01e-09	-2804.31974	1831.39724	-20599.8327	55660.5564	0.557600727	5.67968811e+13
3.02e-09	-1411.0859	402.212602	-22837.4619	56010.4471	0.557881961	5.67921811e+13
3.03e-09	-1462.17138	1736.51302	-22418.1997	56050.517	0.55781256	5.6788349e+13
3.04e-09	-616.23104	809.180473	-21713.533	54124.7601	0.558551053	5.67855938e+13
3.05e-09	633.055754	1821.37619	-20727.8686	53190.4	0.559716995	5.67868884e+13
3.06e-09	377.900969	591.305686	-21524.3971	53990.4844	0.560826736	5.67925679e+13
3.07e-09	-1182.8456	729.322429	-20211.9143	56216.4628	0.560966332	5.68004488e+13
3.08e-09	-680.419639	1182.95951	-20078.6131	56391.3708	0.560490869	5.68067236e+13
3.09e-09	-918.8423	1670.25325	-21353.3003	57052.255	0.559671094	5.68101724e+13
3.1e-09	-968.431441	1876.38951	-20285.9541	57347.1717	0.558936222	5.68101611e+13
3.11e-09	-1744.78889	1540.85263	-20922.6563	57237.7563	0.558554677	5.68079608e+13
3.12e-09	-2402.34864	1506.63929	-19765.9206	57977.4112	0.558184318	5.68046379e+13
3.13e-09	-3563.38015	3682.1469	-19820.6436	57889.148	0.557862457	5.68002083e+13
3.14e-09	-3541.66899	2825.73917	-18235.9667	56848.2426	0.558166834	5.67958273e+13
3.15e-09	-3925.53482	3029.84623	-19204.961	57962.5592	0.55812957	5.67930244e+13
3.16e-09	-2793.94362	2097.32453	-17686.8375	57017.1012	0.558176352	5.6789948e+13
3.17e-09	-2185.92333	908.705581	-16867.9875	55696.7139	0.558836686	5.67885068e+13
3.18e-09	-1829.0079	-335.472363	-15608.1216	54939.4421	0.559544998	5.6789908e+13
3.19e-09	-569.033158	-1313.41833	-17195.7505	58521.4512	0.560103438	5.67944453e+13
3.2e-09	-890.852802	-120.10242	-16367.1952	59909.344	0.558767036	5.67967075e+13
3.21e-09	-462.998222	-742.916114	-16610.7404	58011.1562	0.55807678	5.67942997e+13
3.22e-09	2030.48397	-1059.30673	-16328.097	56721.4916	0.558454046	5.67916221e+13
3.23e-09	1685.77675	-372.265378	-17849.7536	57248.0121	0.558649233	5.67906927e+13
3.24e-09	2797.93016	-1264.69274	-17945.4482	58362.2796	0.55841593	5.67897697e+13
3.25e-09	2261.77943	-1115.9212	-17760.1078	57383.7339	0.558394531	5.67878978e+13
3.26e-09	2249.76143	-984.150527	-17138.6919	57482.0904	0.558487445	5.67866001e+13
3.27e-09	2268.07908	1953.39089	-16745.2777	57319.0767	0.558523465	5.67855504e+13
3.28e-09	2618.38375	2589.28456	-15980.4617	55386.785	0.559229027	5.67857979e+13
3.29e-09	354.28989	1071.57982	-17486.0583	55522.9352	0.559926185	5.67892115e+13
3.3e-09	699.10408	1073.14063	-16532.9482	58230.2031	0.560150626	5.67943092e+13
3.31e-09	-1801.92802	751.892055	-17826.5012	58550.308	0.559414352	5.67975358e+13
3.32e-09	-2952.22647	1749.1308	-18503.3006	57096.07	0.559173892	5.67984764e+13
3.33e-09	-1761.28255	1248.26493	-17763.5858	56014.3064	0.559445679	5.67993476e+13
3.34e-09	-794.75085	414.641478	-16681.3875	55791.2323	0.560204622	5.68021186e+13
3.35e-09	-1130.23195	1004.43527	-17702.7629	54565.3775	0.560608938	5.68067754e+13
3.36e-09	-419.783976	178.267865	-17804.2451	53799.9556	0.56113298	5.68128639e+13
3.37e-09	196.623462	-556.32812	-17609.9219	52876.363	0.561933713	5.68209695e+13
3.38e-09	545.470409	-842.175645	-16508.6246	56678.9928	0.56231248	5.68312867e+13
3.39e-09	-471.428643	-1941.48458	-17600.77	56238.7596	0.56138446	5.68390413e+13
3.4e-09	-2484.87921	-2652.35777	-18399.1602	56105.2351	0.561582847	5.68444052e+13
3.41e-09	-2970.95668	-208.982575	-19620.3136	57035.8584	0.560486846	5.68479489e+13
3.42e-09	-786.031736	-573.167192	-19506.1556	57207.1028	0.559478837	5.68471661e+13
3.43e-09	685.159427	-437.40401	-20470.4494	57714.4308	0.558938641	5.6843311e+13
3.44e-09	-89.5006386	71.818927	-20326.6647	58259.1398	0.558034312	5.68370704e+13
3.45e-09	654.548887	-1138.99509	-19117.2046	58521.3761	0.557362708	5.68282168e+13
3.46e-09	1940.45548	-272.600437	-17787.658	58095.5049	0.557309738	5.68189101e+13
3.47e-09	2260.43214	84.4291437	-17650.1043	57070.9318	0.557708409	5.68109347e+13
3.48e-09	3257.36045	162.506852	-19520.2384	55091.4294	0.558379657	5.68058855e+13
3.49e-09	1186.44713	-156.366278	-22149.5023	57694.331	0.558269476	5.68032271e+13
3.5e-09	-906.388629	573.172527	-21886.2324	56397.3772	0.557735248	5.67986346e+13
3.51e-09	-176.220048	-2476.09193	-21617.0766	56608.7016	0.557779288	5.67937328e+13
3.52e-09	-870.405965	-947.927485	-20728.9838	56353.7309	0.557915994	5.67893345e+13
3.53e-09	-2107.40999	-1056.45088	-20158.3743	56872.1892	0.558220148	5.67865267e+13
3.54e-09	-1821.19976	1073.1074	-19227.1838	56980.3659	0.558091399	5.67842983e+13
3.55e-09	-941.59617	788.020415	-20194.97	58144.3345	0.558021195	5.67820728e+13
3.56e-09	272.27428	1562.59136	-18955.9938	58991.7012	0.557474491	5.67788884e+13
3.57e-09	1441.67317	1476.55705	-18630.6701	57367.3756	0.557272826	5.67742972e+13
3.58e-09	736.671295	1319.13209	-17238.4794	57689.3684	0.55786022	5.67708751e+13
3.59e-09	1099.55146	1580.88182	-18563.1794	56404.1211	0.558076335	5.67693409e+13
3.6e-09	482.776033	876.144418	-17506.6669	56062.8187	0.558732857	5.67696268e+13
3.61e-09	-271.577656	1453.11666	-17275.8624	56253.6187	0.559203755	5.6772085e+13
3.62e-09	-1938.15843	2185.15864	-17908.1761	56692.1087	0.55939945	5.67756674e+13
3.63e-09	-220.682139	2089.23274	-20698.3771	56427.1608	0.559294733	5.67790139e+13
3.64e-09	174.993948	1649.51543	-23098.1058	56808.875	0.558619363	5.67807357e+13
3.65e-09	-173.238133	1886.75282	-23279.4095	57652.0433	0.558130817	5.6779937e+13
3.66e-09	-182.25922	1762.48826	-24409.2854	57252.5702	0.55726528	5.67766641e+13
3.67e-09	90.6216717	1635.36591	-22894.833	56573.5287	0.556963274	5.6771286e+13
3.68e-09	1266.25248	2629.2544	-21784.4627	56452.5632	0.557210791	5.67663655e+13
3.69e-09	-111.916466	1930.05129	-20233.6338	57818.0321	0.557173557	5.67625499e+13
3.7e-09	214.125133	3177.02633	-20336.7888	58161.9484	0.556978046	5.67586585e+13
3.71e-09	-336.281976	2857.71749	-20930.8837	56206.5484	0.557371284	5.67550812e+13
3.72e-09	-243.163509	1839.50061	-18923.6054	55937.2683	0.557778689	5.67534797e+13
3.73e-09	-1364.38767	733.307624	-18036.1676	56461.8808	0.558529376	5.675432e+13
3.74e-09	-2821.29215	-807.971986	-17473.7616	55170.6688	0.559388712	5.67578652e+13
3.75e-09	-3061.64931	-1772.97006	-19214.695	54386.9481	0.560358568	5.67647262e+13
3.76e-09	-3754.72297	-404.264482	-21784.4494	54062.9573	0.560678944	5.67735839e+13
3.77e-09	-4121.36805	-242.070959	-20662.3441	55263.3018	0.560353118	5.67818108e+13
3.78e-09	-1628.53819	-1362.62751	-21704.4285	56497.006	0.559896669	5.67877916e+13
3.79e-09	-907.564098	-1730.17735	-22113.7543	57358.7978	0.558889435	5.67903478e+13
3.8e-09	-1428.88526	-2149.02529	-22702.9848	56669.5661	0.557967672	5.67888182e+13
3.81e-09	-832.761364	-1229.15198	-22445.7849	55194.3185	0.55781895	5.67853409e+13
3.82e-09	-1243.35732	-170.564012	-21506.1375	54619.9048	0.558167544	5.67827687e+13
3.83e-09	-2376.54267	486.242082	-21827.9969	56935.6156	0.55823977	5.67815879e+13
3.84e-09	-587.722861	325.109823	-22511.047	56181.4424	0.557994185	5.67796556e+13
3.85e-09	-1222.47348	676.468432	-22916.6727	56087.9094	0.55808714	5.67776527e+13
3.86e-09	-1186.29532	336.928607	-23963.4265	56949.1022	0.557625782	5.67753722e+13
3.87e-09	-1625.26517	-1734.35382	-25068.7192	55697.9529	0.5571809	5.67712364e+13
3.88e-09	-828.794852	9.1709959	-23424.84	56439.1899	0.557063519	5.67664897e+13
3.89e-09	-1820.64776	-510.840881	-22511.1397	56885.1185	0.557405979	5.67624993e+13
3.9e-09	-1277.08041	468.996755	-22161.6496	56999.6376	0.557379174	5.67594395e+13
3.91e-09	-389.374921	-519.894189	-23386.3676	56717.6203	0.557158475	5.67564765e+13
3.92e-09	356.223928	-343.764932	-23456.713	57294.5332	0.557137271	5.67531835e+13
3.93e-09	46.6655793	554.516599	-23074.5942	57774.0717	0.556733545	5.67495866e+13
3.94e-09	966.638981	372.902342	-22557.4259	56248.7699	0.556529716	5.674488e+13
3.95e-09	1295.48429	-1346.55558	-20916.0844	55980.1139	0.556959461	5.67410569e+13
3.96e-09	1174.89303	-2016.27253	-20090.2527	56329.3756	0.557631863	5.6739679e+13
3.97e-09	951.230864	-3426.87711	-19745.0584	55899.5748	0.557919866	5.67402659e+13
3.98e-09	1284.92659	-4189.7577	-18388.5911	57055.9196	0.558415551	5.67424397e+13
3.99e-09	342.290939	-5298.55964	-17427.7328	55468.1338	0.558879346	5.67458939e+13
4e-09	1058.82421	-2754.79218	-16748.9164	55377.3187	0.559738389	5.67518024e+13
4.01e-09	1182.82092	-2820.85219	-17162.4176	54881.9118	0.560181117	5.67594953e+13
4.02e-09	1081.22834	-3263.34502	-17430.9185	55821.0842	0.560812945	5.67689196e+13
4.03e-09	-878.505338	-3165.4929	-16294.0453	56967.1527	0.560637197	5.6778114e+13
4.04e-09	-9.79417188	-3662.87155	-17971.5807	59030.1037	0.560122437	5.67854787e+13
4.05e-09	-676.888174	-2837.07621	-19032.1914	59546.2962	0.558396319	5.67877988e+13
4.06e-09	904.532663	-1901.34607	-18858.2109	59030.6758	0.557426994	5.67843449e+13
4.07e-09	537.429851	-1604.82573	-18073.8829	58380.8914	0.557186261	5.67790202e+13
4.08e-09	1204.97532	1329.85529	-18388.0972	58743.1608	0.557149294	5.67738107e+13
4.09e-09	743.014937	1809.96369	-17263.3596	58206.6526	0.557063183	5.6768754e+13
4.1e-09	-590.959594	1325.93015	-17580.303	59070.3454	0.557149064	5.67642896e+13
4.11e-09	-966.629564	2758.94443	-18153.6625	58612.1153	0.557011909	5.67599808e+13
4.12e-09	363.321896	2746.33773	-17787.5457	60561.1986	0.556396487	5.67550004e+13
4.13e-09	492.886317	2497.18275	-17186.0811	58467.6355	0.555937144	5.67478693e+13
4.14e-09	2410.86928	1926.90429	-17507.2109	58884.8729	0.556237839	5.67415213e+13
4.15e-09	742.065106	1664.07333	-17415.9887	57118.8521	0.556688343	5.67367835e+13
4.16e-09	-46.2754992	2291.21867	-16371.8135	57686.4324	0.557424199	5.67351082e+13
4.17e-09	981.162507	252.526322	-17047.1485	54975.1073	0.558483686	5.67365047e+13
4.18e-09	170.112493	580.398913	-15726.0174	54474.0078	0.559975871	5.6742726e+13
4.19e-09	1830.02738	1791.6034	-15320.6656	54669.611	0.561240415	5.67538664e+13
4.2e-09	799.96423	1082.43144	-15193.5942	54667.437	0.562245179	5.67682939e+13
4.21e-09	-680.520317	-86.3540373	-16184.8	57158.7484	0.562285878	5.67840106e+13
4.22e-09	-336.921854	799.252124	-16566.3005	57843.2097	0.561216362	5.67959012e+13
4.23e-09	371.072603	-494.042497	-17600.5481	59271.2541	0.560067091	5.68026858e+13
4.24e-09	-2914.6673	-1301.00189	-16956.6872	60178.325	0.558373717	5.68031951e+13
4.25e-09	-1160.47124	-2984.27916	-17889.2413	60267.6923	0.557209599	5.67980014e+13
4.26e-09	1024.65918	-1428.62121	-18808.0258	59862.6548	0.556035805	5.67890047e+13
4.27e-09	515.446448	-669.639882	-19164.309	58313.2248	0.555733624	5.67776597e+13
4.28e-09	-115.440184	-691.053594	-17631.1469	57522.4366	0.556436755	5.67680854e+13
4.29e-09	416.572475	-2500.67914	-18787.5433	57170.0316	0.557064807	5.67622422e+13
4.3e-09	2808.35394	-1270.81193	-17470.8798	57655.9331	0.557505885	5.67588804e+13
4.31e-09	1072.07919	-1162.6409	-18533.5172	57918.3096	0.55753939	5.67569216e+13
4.32e-09	2784.9164	-1578.71122	-19159.8436	59222.788	0.557208973	5.67546332e+13
4.33e-09	1879.47407	-177.950384	-18442.6024	56984.8454	0.55712424	5.67513191e+13
4.34e-09	3601.93736	-135.413852	-19051.3794	55353.782	0.558276449	5.67502441e+13
4.35e-09	2190.67932	-103.045836	-17376.6828	56883.5966	0.558939179	5.67533857e+13
4.36e-09	480.209337	1229.75329	-19122.5466	58055.2612	0.558811849	5.67572817e+13
4.37e-09	648.257004	-560.870207	-19949.5091	58355.9796	0.55817035	5.6759213e+13
4.38e-09	-365.338892	-965.53409	-20470.0438	59336.3005	0.5573465	5.67581721e+13
4.39e-09	-867.332503	-1549.0955	-19592.8151	58883.7847	0.556690094	5.67542784e+13
4.4e-09	-416.95128	163.054347	-18151.2747	57764.5578	0.556613399	5.67490801e+13
4.41e-09	430.047067	887.308579	-18869.0471	58448.3649	0.556936882	5.67452837e+13
4.42e-09	292.03809	2164.13988	-18486.2646	57724.8293	0.556775213	5.67419733e+13
4.43e-09	-227.999044	1612.57048	-18781.1969	58176.8797	0.557338398	5.67396058e+13
4.44e-09	1360.07707	2937.06518	-18211.4525	55904.3022	0.558014837	5.67393644e+13
4.45e-09	202.938016	826.863252	-18454.7821	56021.896	0.558613795	5.67422218e+13
4.46e-09	-468.43664	89.7298142	-19920.4485	56857.7195	0.558909137	5.67467227e+13
4.47e-09	-110.137369	1694.14808	-20553.13	56978.6927	0.558599154	5.67505056e+13
4.48e-09	2048.92273	1195.3212	-20480.9793	58981.2866	0.558071529	5.67526095e+13
4.49e-09	2376.33138	2293.70714	-20920.6528	58663.8034	0.557160532	5.6751433e+13
4.5e-09	3798.20467	1556.01039	-20462.3184	57357.9116	0.557107399	5.67483878e+13
4.51e-09	2346.02132	1176.86431	-21803.4307	55830.5106	0.557719636	5.67466221e+13
4.52e-09	1016.60391	1672.75738	-19416.8654	56457.4835	0.558300716	5.6747503e+13
4.53e-09	208.635005	1060.27411	-17420.942	56154.1992	0.558738329	5.67500783e+13
4.54e-09	140.411209	-101.279897	-17583.5335	55949.5157	0.559500237	5.67549391e+13
4.55e-09	-211.224991	701.815332	-17756.2574	55504.3865	0.559962291	5.67615826e+13
4.56e-09	168.341773	2382.67626	-18441.0812	56340.3798	0.560373345	5.6769557e+13
4.57e-09	-2937.98952	3934.82006	-20036.8013	56010.4914	0.560078902	5.67767568e+13
4.58e-09	-2854.60861	2931.94309	-22327.5386	56562.2754	0.559599341	5.67820797e+13
4.59e-09	-2974.65938	598.200483	-21246.4581	58905.068	0.558565942	5.67841016e+13
4.6e-09	-3456.08508	58.9960768	-21157.6172	57646.7242	0.557654003	5.67817214e+13
4.61e-09	-1190.42627	-1123.85338	-21386.9534	57304.8598	0.557495124	5.67778299e+13
4.62e-09	-1050.07261	-2675.33775	-21692.1746	57829.1945	0.557176744	5.67735541e+13
4.63e-09	-1074.88633	-1928.80987	-21832.298	57494.5184	0.556837671	5.67682498e+13
4.64e-09	-405.2312	-1504.03712	-21429.946	57369.0301	0.556771432	5.67626504e+13
4.65e-09	-742.646679	356.497914	-23201.911	55876.9237	0.557148313	5.6757941e+13
4.66e-09	-144.439827	335.656787	-22165.5953	55959.1526	0.557507128	5.67551412e+13
4.67e-09	-1327.10739	4.78401296	-22486.7301	57074.3102	0.55755297	5.6753716e+13
4.68e-09	-2969.34431	435.622798	-20382.2929	55961.3622	0.557794888	5.67524284e+13
4.69e-09	-4221.63783	84.8019994	-20227.8242	55280.1916	0.558374867	5.67531893e+13
4.7e-09	-3445.11554	-702.456493	-21347.5491	55340.8044	0.559014902	5.67562523e+13
4.71e-09	-3451.74295	1916.22139	-22801.5412	53468.45	0.559449772	5.67608586e+13
4.72e-09	-2907.1003	927.167896	-23943.0204	54792.8625	0.559810033	5.67668269e+13
4.73e-09	-2865.88032	-423.760232	-25693.6141	55115.0176	0.559341237	5.67722055e+13
4.74e-09	-2495.23819	-1007.77584	-23220.478	56677.5334	0.558609481	5.67744039e+13
4.75e-09	-2767.39303	-1285.76879	-22307.6122	57315.9102	0.557762888	5.67736152e+13
4.76e-09	-664.871671	-1083.17793	-20564.4201	57526.8924	0.557382079	5.67703772e+13
4.77e-09	933.340606	-538.149425	-19724.5666	56320.398	0.557357926	5.67664359e+13
4.78e-09	498.450467	-106.866008	-19304.1787	55467.8086	0.558290567	5.67644825e+13
4.79e-09	541.943526	1701.38247	-20740.1859	57357.8418	0.558404805	5.67655097e+13
4.8e-09	-448.485761	1280.40081	-19732.083	57142.8859	0.558257801	5.67658036e+13
4.81e-09	-182.411957	1583.8187	-18836.9491	55289.2889	0.558549944	5.67660449e+13
4.82e-09	-1000.05629	1786.61017	-16806.0862	54669.8903	0.559465083	5.67687028e+13
4.83e-09	-412.049255	89.7418825	-16296.8884	55624.755	0.560551101	5.67751952e+13
4.84e-09	-522.71819	930.157017	-16649.6036	56436.2971	0.560695178	5.67837195e+13
4.85e-09	-33.8486444	664.259216	-17130.6155	58168.4566	0.560240573	5.67908278e+13
4.86e-09	-16.2608878	894.223372	-17415.4741	58399.0624	0.558997971	5.67938958e+13
4.87e-09	182.786614	1534.66225	-16338.3368	57531.2332	0.55861664	5.67933438e+13
4.88e-09	-161.279481	686.986513	-16140.1914	58178.9789	0.558488445	5.67920757e+13
4.89e-09	41.2536984	1583.94041	-16923.176	56967.8047	0.558648811	5.6790688e+13
4.9e-09	-850.881212	1300.32313	-17505.7429	57112.2216	0.558994212	5.67906439e+13
4.91e-09	-2392.68664	-1716.02923	-15732.4576	59130.4076	0.558928042	5.67914628e+13
4.92e-09	-2025.36147	-1252.62202	-14173.3011	59100.2001	0.558645999	5.67910238e+13
4.93e-09	-1706.75689	-338.306333	-16818.6411	60029.9491	0.55800792	5.67894448e+13
4.94e-09	-1292.97609	2387.51637	-15816.2779	60157.899	0.557137617	5.67847746e+13
4.95e-09	-217.951844	211.769594	-17489.1145	57049.1687	0.556834831	5.67780046e+13
4.96e-09	27.4000683	-116.383094	-17501.3212	56792.0052	0.557552459	5.67727315e+13
4.97e-09	89.5992465	161.240136	-18956.5563	55848.253	0.558121424	5.67706727e+13
4.98e-09	930.292637	1433.45016	-18627.633	57693.4278	0.558704982	5.67709911e+13
4.99e-09	-620.593797	1180.57741	-17220.4355	55939.2718	0.558719868	5.67719256e+13
5e-09	246.877011	1169.24819	-17015.1809	53991.1161	0.559588491	5.67746724e+13
5.01e-09	923.466102	1071.22574	-17381.1599	54823.9843	0.560658515	5.67812636e+13
5.02e-09	825.130475	1946.40291	-17105.0131	55085.7968	0.561166506	5.67900247e+13
5.03e-09	758.30085	1286.12346	-16447.7948	53243.3182	0.56201125	5.68001046e+13
5.04e-09	-439.501433	-580.327367	-17309.0837	56337.3719	0.562349999	5.68125514e+13
5.05e-09	335.247696	-386.65804	-16637.6254	56529.8251	0.562092663	5.68232451e+13
5.06e-09	1547.19055	-1501.99872	-17718.4797	58924.7105	0.561005813	5.68309684e+13
5.07e-09	3237.00166	359.580893	-16499.5757	59619.5355	0.559449559	5.68326402e+13
5.08e-09	1725.92076	1376.12344	-16505.2223	60008.72	0.558030728	5.68284768e+13
5.09e-09	-44.7532521	1473.87489	-16306.488	58258.921	0.557505085	5.6820647e+13
5.1e-09	107.4603	661.808709	-16803.5881	57604.7342	0.557672415	5.68130002e+13
5.11e-09	665.939105	198.120858	-18486.8415	57112.7129	0.557849127	5.68067807e+13
5.12e-09	777.540521	-1170.75197	-19278.483	58400.3408	0.557810941	5.68017597e+13
5.13e-09	1687.00753	-1418.09119	-18200.0362	58634.984	0.557325128	5.67958608e+13
5.14e-09	1130.0959	-792.32566	-18276.647	57963.4558	0.557327559	5.67895565e+13
5.15e-09	1026.88943	442.374003	-15449.4503	56763.5186	0.557854696	5.67845644e+13
5.16e-09	541.362806	784.891021	-16596.2142	57401.9935	0.558263157	5.67822894e+13
5.17e-09	591.706713	-991.20736	-17701.2105	57461.9248	0.558496378	5.67812299e+13
5.18e-09	-324.598219	-1085.08962	-17770.9184	58698.6282	0.55789532	5.67800044e+13
5.19e-09	566.080846	-675.890796	-17890.5937	59523.2451	0.557707827	5.67771513e+13
5.2e-09	274.713787	-26.2890595	-19949.8814	59080.4537	0.556826173	5.67724944e+13
5.21e-09	554.856277	-1424.01554	-19787.4946	58842.5564	0.556470509	5.67658403e+13
5.22e-09	599.066817	-2536.36371	-21034.6387	58969.3059	0.556118108	5.67584717e+13
5.23e-09	1122.1283	-2779.81209	-19620.912	58314.4947	0.556204984	5.67511004e+13
5.24e-09	1496.15902	-3362.51868	-19695.3799	58741.7665	0.55636564	5.67449988e+13
5.25e-09	1898.40627	-3697.31713	-18572.8768	57412.5872	0.556770082	5.67403699e+13
5.26e-09	2781.65207	-4172.13387	-19195.9973	56637.4617	0.557172294	5.67379484e+13
5.27e-09	1798.10115	-2198.086	-20006.0655	57465.8452	0.55746489	5.67373519e+13
5.28e-09	1014.12861	-2926.03939	-20076.2774	56802.9956	0.557490277	5.67369296e+13
5.29e-09	1428.30322	-2169.26784	-19847.2561	56930.5771	0.557789346	5.67374138e+13
5.3e-09	-40.0491798	-1142.00305	-19148.264	59357.1488	0.55757932	5.67383074e+13
5.31e-09	1158.21992	-2565.55774	-18407.4571	58815.4642	0.556984956	5.67371751e+13
5.32e-09	1736.23076	-3915.64836	-18727.8538	57254.4446	0.557156981	5.67352546e+13
5.33e-09	-775.235893	-2604.78445	-19321.3311	57061.9483	0.557486943	5.67346894e+13
5.34e-09	-487.167795	-2663.18691	-17416.2318	56628.0836	0.558097946	5.67357309e+13
5.35e-09	703.835668	-2152.60945	-17345.2209	56234.8105	0.55871444	5.67391293e+13
5.36e-09	238.167509	-120.239001	-18043.9409	54740.847	0.559544585	5.67449745e+13
5.37e-09	1073.71127	-1946.03381	-19678.8351	55160.6861	0.560406041	5.67535375e+13
5.38e-09	320.028186	-920.660438	-21731.433	55135.8539	0.560522967	5.67633082e+13
5.39e-09	-235.523791	-1206.70637	-21417.1653	56309.3567	0.559961929	5.67713842e+13
5.4e-09	-1857.6988	-1661.36741	-21776.0414	55999.2514	0.559235053	5.67758854e+13
5.41e-09	-2949.19195	-2072.50264	-21006.8735	56017.3676	0.558967218	5.67782438e+13
5.42e-09	-3199.68649	-3585.07636	-21334.1948	54313.369	0.559354447	5.67803592e+13
5.43e-09	-2442.54998	-3972.36101	-22406.9171	55054.7941	0.559935979	5.67844758e+13
5.44e-09	-2071.30344	-2707.65262	-21246.6116	57516.2309	0.559349056	5.67884345e+13
5.45e-09	-1570.74158	-3263.88891	-20224.9309	56964.7728	0.558776766	5.67893665e+13
5.46e-09	-907.556242	-1881.07251	-19701.9643	57414.717	0.558155596	5.6788188e+13
5.47e-09	-1274.13902	-1992.26287	-22041.858	59376.1042	0.557444618	5.67850144e+13
5.48e-09	-521.261614	-2692.45404	-21655.4708	59119.1068	0.556353936	5.67780628e+13
5.49e-09	203.381907	-1778.87848	-21289.3515	57082.9572	0.556151581	5.67691072e+13
5.5e-09	319.090505	-526.548014	-20505.5469	56331.7538	0.557009179	5.67622755e+13
5.51e-09	-213.862945	-1495.58154	-20870.6288	53816.7146	0.557950387	5.6759293e+13
5.52e-09	-1178.76527	-934.992549	-21944.8275	54682.2466	0.558902476	5.67608781e+13
5.53e-09	-235.480512	-1405.08188	-22610.0113	53499.4704	0.559423088	5.67646993e+13
5.54e-09	1364.92991	-1132.232	-22784.1149	54450.2516	0.559985648	5.67705808e+13
5.55e-09	1334.59683	-1001.13473	-22943.3045	54904.4417	0.559566621	5.67762071e+13
5.56e-09	1379.05132	-435.468411	-22043.1257	56639.5885	0.559169366	5.67796875e+13
5.57e-09	1857.86938	-213.908091	-19472.0059	58588.8594	0.558488508	5.67808011e+13
5.58e-09	-136.700785	404.390231	-17758.5862	57880.6555	0.557961014	5.67792036e+13
5.59e-09	774.153214	-542.853325	-16542.3062	57051.4847	0.558434168	5.67776258e+13
5.6e-09	1405.56049	-1428.81401	-17818.5252	57568.229	0.558768315	5.67779555e+13
5.61e-09	988.078085	-2474.87488	-17643.0677	58083.7472	0.558028674	5.67777338e+13
5.62e-09	-366.620952	-3004.91711	-17896.2609	55480.9702	0.558249353	5.67759821e+13
5.63e-09	-740.277369	-3843.98231	-18159.1621	54924.8246	0.559490587	5.67772537e+13
5.64e-09	-721.092653	-2566.95385	-16975.0078	57110.5395	0.560114052	5.67822719e+13
5.65e-09	-895.173822	-1875.04081	-15543.7775	58045.8797	0.559840965	5.67874247e+13
5.66e-09	-891.22216	-1725.32347	-13595.7463	57331.8226	0.560014566	5.67916737e+13
5.67e-09	668.830213	-4163.0823	-15360.2834	58228.6193	0.559624183	5.67956589e+13
5.68e-09	-544.219548	-3365.23201	-15910.4333	56983.7315	0.55926877	5.67973997e+13
5.69e-09	-846.468453	-2967.95203	-16093.7762	57579.0356	0.559321066	5.67987969e+13
5.7e-09	-1514.61964	-1909.8226	-15987.1187	59123.999	0.558722301	5.6798841e+13
5.71e-09	-786.583807	-1489.31481	-16064.9078	59536.4671	0.557918942	5.6796032e+13
5.72e-09	1394.68541	-819.635147	-16058.38	58562.563	0.557679782	5.67913774e+13
5.73e-09	2147.91763	-1238.14543	-16700.2193	59096.1786	0.557683749	5.67869841e+13
5.74e-09	2416.31808	-118.670508	-15182.8461	59818.7482	0.557045273	5.67817226e+13
5.75e-09	2800.01437	1627.92498	-15786.7448	58253.9981	0.557156483	5.67756574e+13
5.76e-09	1860.08917	8.25007514	-16997.2812	57895.669	0.557562005	5.67713948e+13
5.77e-09	2305.53142	1341.17928	-16716.6905	57829.1873	0.557987845	5.6769069e+13
5.78e-09	1725.21351	1096.10339	-18457.0114	57598.0363	0.558258281	5.6768141e+13
5.79e-09	2053.14543	1598.29197	-19775.4485	57136.9352	0.558140368	5.67677014e+13
5.8e-09	2612.8282	849.241687	-18952.1666	57918.6167	0.557965569	5.67669785e+13
5.81e-09	630.026352	613.080586	-20195.0455	55825.7507	0.558216948	5.67659353e+13
5.82e-09	335.877916	-194.719013	-18601.3705	56173.0759	0.558675571	5.67667158e+13
5.83e-09	-1288.68291	1169.16369	-19474.1487	55050.0248	0.559490851	5.67696572e+13
5.84e-09	-144.225738	-1491.48055	-18376.0524	54092.6911	0.560443708	5.67753297e+13
5.85e-09	-423.245577	-1760.45142	-18450.0591	54940.3162	0.560986505	5.67837655e+13
5.86e-09	-338.857733	951.899977	-18485.5401	56589.1183	0.561139412	5.67931531e+13
5.87e-09	2134.56437	1383.4591	-18913.3834	57581.8214	0.560416307	5.68003171e+13
5.88e-09	2770.53348	1623.20187	-19626.1383	58657.2562	0.558911383	5.68027568e+13
5.89e-09	3186.79903	551.777642	-18861.3942	59967.157	0.557819382	5.68000588e+13
5.9e-09	2268.17083	1129.44985	-19169.6764	60250.4838	0.556543337	5.6792958e+13
5.91e-09	3312.78871	31.6922397	-18384.1222	59426.1586	0.556161279	5.67832392e+13
5.92e-09	2786.62573	1250.39359	-16307.4193	58176.7811	0.556410818	5.67739858e+13
5.93e-09	1912.5864	389.377553	-14885.5293	58905.8645	0.55692744	5.67673316e+13
5.94e-09	-803.352645	1614.20773	-14039.474	59308.8418	0.557319466	5.67629927e+13
5.95e-09	-1927.72763	49.1022902	-15198.3208	58778.2262	0.557467766	5.676014e+13
5.96e-09	-262.163332	-70.8649	-16510.5477	57629.7098	0.557694222	5.67579318e+13
5.97e-09	-356.075856	990.82294	-16232.4262	56316.3987	0.558467762	5.67579447e+13
5.98e-09	551.886993	1273.8912	-15461.4469	56865.0765	0.559187216	5.67610421e+13
5.99e-09	-1266.05964	1726.63024	-16911.0316	58017.4939	0.559233434	5.67655982e+13
6e-09	-1380.7005	648.746952	-18352.6571	58315.6438	0.558439087	5.67682019e+13
6.01e-09	200.536811	341.899581	-17992.9426	57503.4943	0.558344802	5.67684006e+13
6.02e-09	-955.409356	-1227.71787	-18101.0342	57241.0275	0.558280537	5.67682287e+13
6.03e-09	-136.290455	-539.613674	-18754.4163	57227.0989	0.558236073	5.67683312e+13
6.04e-09	135.400639	-727.262447	-19037.1267	55434.3427	0.558773136	5.67689481e+13
6.05e-09	-40.4840125	-2057.19193	-18260.0878	56475.0013	0.559411084	5.67720694e+13
6.06e-09	-277.20727	-2453.57951	-18180.3233	57332.5826	0.559349252	5.67760028e+13
6.07e-09	36.9844612	-3366.0588	-19682.7004	56522.86	0.559109302	5.67789775e+13
6.08e-09	204.38673	-5617.73117	-19761.3022	55535.1544	0.55921868	5.67810078e+13
6.09e-09	361.52163	-2151.60278	-20872.346	55618.2735	0.559457087	5.67838062e+13
6.1e-09	268.604808	-260.845625	-17927.3037	57492.8054	0.559068111	5.67863743e+13
6.11e-09	981.246234	-1265.76482	-17940.6164	58098.3587	0.558663175	5.67869785e+13
6.12e-09	1153.61225	-2685.07584	-17797.113	57762.9268	0.558315574	5.67860084e+13
6.13e-09	1060.98245	-1980.57969	-18636.9402	56654.7998	0.558265643	5.67841392e+13
6.14e-09	409.524311	-1946.72256	-17323.8095	54350.6715	0.55917588	5.67836107e+13
6.15e-09	502.346174	-1459.03419	-15575.6515	54986.8003	0.560554299	5.67881388e+13
6.16e-09	312.374766	-653.627867	-14894.5304	55621.8082	0.561033479	5.67959413e+13
6.17e-09	-673.562246	-880.914237	-14859.0026	55509.5384	0.561480088	5.6804577e+13
6.18e-09	-336.62496	-1664.76492	-15163.1906	56046.7313	0.56178764	5.68140501e+13
6.19e-09	-857.957146	-955.550619	-15387.4464	56695.5097	0.561560339	5.68227443e+13
6.2e-09	-396.433642	-218.394479	-18373.8352	57305.2403	0.560710973	5.68287966e+13
6.21e-09	742.210485	1588.22992	-19358.4328	57945.8167	0.559675154	5.68304558e+13
6.22e-09	439.750878	1418.72811	-19523.9587	55994.7383	0.559287402	5.68288372e+13
6.23e-09	1651.73686	-380.455842	-18264.8019	56329.6072	0.559220861	5.68270917e+13
6.24e-09	1001.60655	686.602946	-19615.8491	56140.1115	0.55947022	5.68256608e+13
6.25e-09	-1366.97196	-174.068043	-18205.5137	56378.0219	0.559572525	5.68249825e+13
6.26e-09	-1044.93031	-349.365112	-17957.4678	54677.0414	0.559844897	5.6824795e+13
6.27e-09	-1505.33571	-77.074915	-17244.3325	55517.2062	0.560589728	5.68268136e+13
6.28e-09	-747.930558	367.982395	-18429.2565	58535.0151	0.560049935	5.68296017e+13
6.29e-09	-2203.05535	1230.71522	-20075.9207	59710.1702	0.558484019	5.68279307e+13
6.3e-09	-2253.25101	-174.381334	-18905.4623	59849.4773	0.557077198	5.6820365e+13
6.31e-09	-2291.14442	-723.852298	-20198.1771	58447.8468	0.556641627	5.68098942e+13
6.32e-09	-3666.84771	-345.116278	-20346.5888	57055.6386	0.556638063	5.67995527e+13
6.33e-09	-3007.81718	-578.889102	-19999.221	56362.5431	0.557007827	5.67911244e+13
6.34e-09	-2367.87243	122.588009	-20997.4771	54296.2326	0.558156423	5.67859531e+13
6.35e-09	-2952.96363	1091.32035	-22199.0239	54003.3824	0.558875257	5.67852117e+13
6.36e-09	-2570.67629	633.687345	-22776.3531	55718.8401	0.559158525	5.67868379e+13
6.37e-09	-1681.75724	1260.28237	-20658.0801	54777.5568	0.559232494	5.67883423e+13
6.38e-09	-255.954007	389.949993	-20560.323	54273.6157	0.55987099	5.67911687e+13
6.39e-09	-668.340455	424.692152	-20916.8277	55071.5238	0.560296515	5.67961945e+13
6.4e-09	-934.155734	547.423481	-20478.8732	55052.8689	0.560056923	5.68008898e+13
6.41e-09	-565.17055	-876.619796	-21331.6362	54120.6675	0.560327065	5.68048452e+13
6.42e-09	1459.81064	-1612.37378	-21114.9972	55837.5841	0.560533112	5.68097738e+13
6.43e-09	2046.64347	-865.461232	-19151.4749	55216.4246	0.560197187	5.68136602e+13
6.44e-09	1028.25232	-1101.98555	-20262.7995	56742.4125	0.55982073	5.68163016e+13
6.45e-09	1194.66349	-1758.14177	-19460.9303	57145.4905	0.559461622	5.68168159e+13
6.46e-09	75.9935104	-1848.77172	-19716.1916	56613.6827	0.558927785	5.68158871e+13
6.47e-09	-306.539219	-1199.99293	-19189.7973	56644.971	0.558964635	5.68138946e+13
6.48e-09	877.962101	-1706.5339	-19219.9899	57931.415	0.558781201	5.681214e+13
6.49e-09	1849.79474	-391.331495	-18747.0043	58602.3864	0.558319859	5.68090389e+13
6.5e-09	1615.80694	-2840.64173	-17151.2541	59362.0332	0.557744757	5.68042961e+13
6.51e-09	1406.34545	-1721.35425	-17375.1986	59153.0965	0.557281885	5.67979018e+13
6.52e-09	790.987748	-1004.16374	-18140.9913	57187.4907	0.557238781	5.67909253e+13
6.53e-09	1528.26675	-1473.79717	-16541.0556	57432.193	0.557953571	5.6786027e+13
6.54e-09	2174.2083	-1435.80738	-16218.2081	59447.6073	0.557991995	5.67834655e+13
6.55e-09	1457.40665	239.76193	-18217.4388	60324.5369	0.557242003	5.67797434e+13
6.56e-09	-679.141563	96.975712	-17420.3326	57806.8775	0.557019796	5.67739738e+13
6.57e-09	-1660.55626	-103.630839	-16856.948	56532.5693	0.557393056	5.67691844e+13
6.58e-09	-1608.13915	535.756863	-14664.6102	57924.1415	0.55807973	5.67670437e+13
6.59e-09	-823.637109	524.427337	-15813.163	56866.7089	0.558679585	5.67672849e+13
6.6e-09	759.385367	751.357043	-18687.3513	56371.6127	0.559107807	5.67698268e+13
6.61e-09	161.156659	57.1148461	-17537.8794	57055.9505	0.559106023	5.67728613e+13
6.62e-09	1951.58063	-80.2452164	-17857.0127	57767.8308	0.558882574	5.67752343e+13
6.63e-09	1260.38761	50.6106891	-16311.1117	56332.8205	0.558877216	5.67764373e+13
6.64e-09	2953.85717	-382.633936	-17806.9139	54266.1799	0.559970526	5.6779793e+13
6.65e-09	2570.5387	-231.284276	-18163.1305	53090.5202	0.561295211	5.67874213e+13
6.66e-09	1930.27739	438.466184	-17191.8696	54819.3146	0.562042655	5.6798729e+13
6.67e-09	1922.41652	156.240218	-18752.4992	55814.0145	0.561848684	5.68101696e+13
6.68e-09	3826.41344	616.031249	-18714.6665	56348.9174	0.561550865	5.68192639e+13
6.69e-09	3520.80908	1088.4934	-19491.4789	58619.2909	0.560534955	5.68255289e+13
6.7e-09	3333.85633	2256.00492	-19767.9799	62657.3538	0.558231889	5.68249307e+13
6.71e-09	2942.49091	2454.93478	-20948.7714	60319.0239	0.556218045	5.68152893e+13
6.72e-09	1750.66091	2209.60102	-20310.6309	56894.8794	0.556145277	5.68022267e+13
6.73e-09	2015.01534	117.899977	-18776.3506	57952.1041	0.556659418	5.67919246e+13
6.74e-09	3745.44917	492.876512	-16824.7611	56660.5173	0.557249896	5.67843023e+13
6.75e-09	3029.09213	-355.340904	-16535.536	55828.6819	0.558101705	5.67802469e+13
6.76e-09	2730.64305	-431.893666	-15510.236	55407.3335	0.559243426	5.67804168e+13
6.77e-09	1525.10337	-1124.38394	-16488.5756	56112.4576	0.560101724	5.67846454e+13
6.78e-09	1633.09592	-962.425072	-17366.3419	57245.1293	0.559853085	5.67896882e+13
6.79e-09	-416.582109	1284.01005	-16822.5028	58899.9643	0.559287561	5.67927188e+13
6.8e-09	-931.24438	1388.46936	-16681.5514	58807.9422	0.558602253	5.67929807e+13
6.81e-09	-263.194411	2062.31312	-18014.4316	59499.5087	0.557847939	5.67906389e+13
6.82e-09	28.2827253	-819.390574	-17358.3184	57434.7513	0.557441814	5.67858494e+13
6.83e-09	-631.770444	-833.654969	-18836.3736	57646.9016	0.557550083	5.67812599e+13
6.84e-09	-3461.80462	-1121.09468	-18347.1353	56052.3679	0.557668021	5.67773759e+13
6.85e-09	-709.964245	-2395.34114	-19947.3211	55637.882	0.558533382	5.6775813e+13
6.86e-09	-1493.20539	-1402.70547	-19483.7411	53218.6748	0.559438539	5.67773012e+13
6.87e-09	-3473.3617	-1480.25144	-20325.9369	53879.4569	0.560458364	5.67831273e+13
6.88e-09	-5685.36125	-1164.8479	-19620.9731	55194.4403	0.560889042	5.67909432e+13
6.89e-09	-5161.7399	-796.481021	-21346.3396	56016.215	0.560634633	5.67984823e+13
6.9e-09	-5527.41354	-1868.33702	-20448.3832	57422.4098	0.559545558	5.6802793e+13
6.91e-09	-4015.51279	-2326.79189	-20841.7956	57405.3358	0.558536673	5.68025446e+13
6.92e-09	-4890.85813	-1667.48352	-20655.7906	57499.3957	0.558274948	5.67998209e+13
6.93e-09	-4495.18486	-1644.81647	-20394.5648	56321.1488	0.558096294	5.67961196e+13
6.94e-09	-2654.77379	-1538.42036	-19151.4746	54600.2463	0.558772871	5.6793604e+13
6.95e-09	-3624.0619	178.798143	-16762.3513	53575.2438	0.560124344	5.67952285e+13
6.96e-09	-679.936095	90.5499261	-16576.5434	55947.8168	0.560876116	5.68014741e+13
6.97e-09	-1651.15458	336.718201	-16305.5362	57227.4106	0.5605906	5.6808035e+13
6.98e-09	-981.503103	686.288597	-17887.9909	56615.5184	0.560108939	5.68122597e+13
6.99e-09	-1302.45661	2546.03219	-18318.2191	58353.5741	0.559592758	5.6814307e+13
7e-09	-1786.13022	2240.3668	-17394.5129	59727.4912	0.55850177	5.68130027e+13
7.01e-09	-1475.48945	1810.40585	-19907.6151	59563.4589	0.557197389	5.68072622e+13
7.02e-09	-1580.87483	-142.806452	-17920.7625	59575.5207	0.556536102	5.6797992e+13
7.03e-09	-2753.98816	354.11049	-17305.5995	57385.6601	0.556713963	5.67884796e+13
7.04e-09	-4067.13025	-890.58665	-17090.9063	55986.2752	0.557751008	5.67822787e+13
7.05e-09	-2360.0209	-806.385058	-18289.9479	54697.7743	0.558854506	5.67807363e+13
7.06e-09	-4705.29383	-1016.91553	-17262.2631	56349.1948	0.559919283	5.67838747e+13
7.07e-09	-4770.6442	16.0023881	-18362.3422	56351.6748	0.56018148	5.67892476e+13
7.08e-09	-5024.07559	1143.43557	-18933.7395	54581.7795	0.560523198	5.67947139e+13
7.09e-09	-5308.67587	298.032652	-18916.4563	55659.1069	0.560913321	5.68014344e+13
7.1e-09	-3279.96515	117.705327	-20569.654	55572.5434	0.560787637	5.68081424e+13
7.11e-09	-2991.01192	-1499.00419	-21718.5213	58137.4198	0.5599434	5.68128321e+13
7.12e-09	-4034.04221	-2506.48991	-22649.4022	58008.3755	0.558124877	5.68117738e+13
7.13e-09	-3467.22887	-2918.23291	-21245.8602	57190.5503	0.557361988	5.68054015e+13
7.14e-09	-2662.06133	-3868.78601	-21226.1988	56253.4007	0.55776366	5.67988319e+13
7.15e-09	-985.195232	-3757.73623	-21934.9386	54845.4329	0.558448425	5.67950303e+13
7.16e-09	231.844905	-2972.59017	-21682.8706	53507.1851	0.559268369	5.6794352e+13
7.17e-09	429.228998	-3557.64578	-20936.7235	54551.7173	0.560059041	5.67971915e+13
7.18e-09	123.622247	-1735.43107	-22121.4515	57451.8092	0.559711349	5.68010428e+13
7.19e-09	391.167879	-1626.25432	-21884.8758	55709.3501	0.55901597	5.68018027e+13
7.2e-09	330.539274	-1895.79322	-21789.6722	56931.4548	0.558696539	5.68010857e+13
7.21e-09	480.173027	-1376.22911	-22709.2293	57104.4428	0.558144897	5.67987878e+13
7.22e-09	2202.70557	-1105.3484	-21068.3499	57154.6494	0.557974096	5.67949254e+13
7.23e-09	1664.58631	-1525.81462	-21581.2995	57514.0011	0.557705838	5.67908669e+13
7.24e-09	1381.60509	-1785.31421	-21945.2369	56256.2032	0.557840184	5.67865592e+13
7.25e-09	1002.70457	-1786.75647	-20000.9749	55793.8538	0.558554163	5.67841509e+13
7.26e-09	1934.44078	-1424.05276	-18328.4316	53910.6182	0.55951264	5.67850479e+13
7.27e-09	987.570788	410.175019	-18313.6958	54795.2858	0.560328117	5.67900066e+13
7.28e-09	1540.36286	-1088.23399	-20677.1178	57028.3408	0.560184529	5.67960326e+13
7.29e-09	2909.22701	-256.163552	-20368.705	57760.2103	0.559280196	5.67990907e+13
7.3e-09	2152.74041	920.048161	-20814.9759	58386.9051	0.558413674	5.67983403e+13
7.31e-09	672.378585	-457.845199	-17637.8095	57124.5143	0.558263186	5.67952994e+13
7.32e-09	517.028072	702.457334	-18239.5345	57080.0542	0.558125572	5.67924446e+13
7.33e-09	-1424.4477	1967.62584	-18110.5916	57592.2437	0.558280126	5.67900535e+13
7.34e-09	-1811.12875	2105.58958	-17037.2351	57648.6786	0.558099452	5.67875263e+13
7.35e-09	-1581.18141	1814.63089	-17305.7779	58636.9379	0.558095253	5.67852158e+13
7.36e-09	-2938.6988	1001.73917	-17812.7701	57991.0281	0.558156461	5.67829022e+13
7.37e-09	-2498.26956	940.154305	-17884.5174	57416.1354	0.558303212	5.67813221e+13
7.38e-09	-1328.92839	-6.99472127	-17934.6921	59559.5567	0.557839399	5.67795333e+13
7.39e-09	-2128.31224	808.642545	-17123.0027	59519.8222	0.557250039	5.67756518e+13
7.4e-09	-2061.3963	154.097088	-16224.4161	57991.8261	0.557291031	5.67706425e+13
7.41e-09	-733.584019	-1012.82454	-17031.4064	56800.9351	0.557716739	5.67672929e+13
7.42e-09	-1113.79755	-1978.78951	-16029.9288	54840.4608	0.558943841	5.67671035e+13
7.43e-09	-239.325002	-438.440326	-15228.8083	53304.3168	0.560627595	5.67724655e+13
7.44e-09	-1662.85598	-146.324845	-13560.8646	55451.6916	0.561719148	5.67832501e+13
7.45e-09	-1520.17387	786.640307	-13112.471	58332.6379	0.561573239	5.67951265e+13
7.46e-09	-1570.03967	1457.90251	-14470.3222	59168.7142	0.56025357	5.68028293e+13
7.47e-09	570.33831	398.931032	-13933.4985	57760.2526	0.559665459	5.68054209e+13
7.48e-09	1711.31407	-1702.80736	-14903.3938	56048.1679	0.560103221	5.68077023e+13
7.49e-09	1120.56574	-1955.18099	-16222.7432	56977.7448	0.560114189	5.68113283e+13
7.5e-09	651.449175	-1928.92922	-17464.0003	60407.8847	0.558951178	5.68126216e+13
7.51e-09	363.791168	-1308.40964	-18241.8745	61177.8779	0.557381495	5.68081762e+13
7.52e-09	1681.84238	-561.871096	-16785.3068	60151.5268	0.556173245	5.67985268e+13
7.53e-09	1274.2319	-1619.40033	-16657.2326	60157.1892	0.556107524	5.67874929e+13
7.54e-09	1962.16488	-1234.7486	-16884.4559	60177.3469	0.555531209	5.67764086e+13
7.55e-09	2383.05497	-930.36866	-15981.2324	59563.6575	0.555434357	5.67649839e+13
7.56e-09	3455.65518	-933.739145	-15452.9733	60293.4892	0.555730109	5.67550553e+13
7.57e-09	1933.07353	94.7556043	-14327.9941	60018.2692	0.555938066	5.67467761e+13
7.58e-09	1329.43266	602.985363	-14057.1776	58602.6548	0.55657177	5.67408497e+13
7.59e-09	162.144611	-1375.67576	-15948.6484	57835.3561	0.557059825	5.6737739e+13
7.6e-09	-245.289394	162.669459	-14503.3718	59575.7206	0.55750895	5.67369457e+13
7.61e-09	520.769543	-343.273646	-15714.3875	58635.1316	0.557318401	5.67365629e+13
7.62e-09	-279.648607	-291.518621	-16053.9999	56823.1277	0.557751933	5.6736414e+13
7.63e-09	-207.988726	-313.876491	-17022.8887	55877.0212	0.558640506	5.67389243e+13
7.64e-09	1146.10564	-533.426666	-17869.4597	56103.6322	0.559137455	5.67441047e+13
7.65e-09	-1585.84284	-1222.77585	-18819.4735	55977.2319	0.559400654	5.67500177e+13
7.66e-09	-974.506213	-2281.99301	-20645.9222	56536.7105	0.559351954	5.6756057e+13
7.67e-09	262.681748	-2888.86505	-20683.0209	54331.0514	0.559564837	5.6761286e+13
7.68e-09	794.941069	-1059.99082	-19210.9148	54314.7136	0.560336283	5.67681517e+13
7.69e-09	1466.04845	-422.521716	-20437.6576	55028.3983	0.560331999	5.67761827e+13
7.7e-09	2947.6276	-1679.1608	-21820.9255	55762.4309	0.560195565	5.6783137e+13
7.71e-09	3151.04294	-1308.8337	-20735.1215	56462.0747	0.559618057	5.67880526e+13
7.72e-09	1607.15791	-1673.58794	-19400.9856	55325.5823	0.559491205	5.67908046e+13
7.73e-09	1224.51173	1049.05061	-19518.9486	55604.9132	0.560035663	5.6794387e+13
7.74e-09	566.267136	3002.74695	-19663.5691	56562.317	0.559914919	5.67983635e+13
7.75e-09	21.4294456	3325.32069	-19913.3734	58584.1897	0.558999103	5.68003699e+13
7.76e-09	-1132.82723	1977.95633	-18834.3372	57759.6744	0.558164907	5.67983573e+13
7.77e-09	597.584081	3152.42866	-17154.4803	56675.9261	0.558174865	5.67948247e+13
7.78e-09	1914.10706	1675.01155	-17023.1072	57060.0051	0.558628424	5.67926976e+13
7.79e-09	486.685217	2349.14774	-16622.7709	58174.1753	0.55848262	5.6791533e+13
7.8e-09	2034.32742	1271.85676	-16664.3454	57174.1133	0.558671257	5.67903242e+13
7.81e-09	2007.73373	833.19202	-19178.502	58240.7709	0.558232177	5.6789439e+13
7.82e-09	2891.85936	-395.155176	-19651.9344	59419.6371	0.55753933	5.67862125e+13
7.83e-09	3241.61431	-880.997695	-19166.9784	60271.6361	0.556316604	5.67796211e+13
7.84e-09	1765.63659	-821.818215	-19837.4049	59347.4548	0.555951369	5.67702281e+13
7.85e-09	-421.550594	478.70887	-18135.8094	57060.5981	0.556190035	5.67610375e+13
7.86e-09	-718.366719	-1563.39816	-18767.6212	55232.3511	0.557501856	5.67558842e+13
7.87e-09	-2358.26722	-276.902206	-18509.9248	56376.4551	0.558277288	5.67557149e+13
7.88e-09	-3950.38699	-343.358086	-19404.6881	57126.5485	0.55852741	5.67574075e+13
7.89e-09	-3947.93794	536.702831	-20507.4878	56580.0698	0.558336135	5.67589775e+13
7.9e-09	-3043.91708	-577.583542	-20039.541	54136.7658	0.559015173	5.67607708e+13
7.91e-09	-1789.83451	-844.907908	-19710.1823	55458.7462	0.559631429	5.67655022e+13
7.92e-09	-1474.88151	1370.4826	-20416.4534	56584.4535	0.559390371	5.67707326e+13
7.93e-09	-2312.79521	2139.41661	-19483.5019	55851.5577	0.559126038	5.67739774e+13
7.94e-09	-1336.58955	932.945462	-18630.4042	57237.9421	0.559050562	5.67766622e+13
7.95e-09	462.246821	2999.95964	-20265.6905	57805.7387	0.558574387	5.67782061e+13
7.96e-09	738.411192	487.711109	-20182.9489	58065.2035	0.558013416	5.67771998e+13
7.97e-09	1085.06861	-1578.47128	-21214.3386	56542.0797	0.557599461	5.6774461e+13
7.98e-09	1286.64513	-807.127025	-22999.9364	57484.8497	0.557134348	5.67708547e+13
7.99e-09	273.142708	-852.504505	-23898.374	55751.8512	0.557348957	5.6766181e+13
8e-09	-428.218428	918.460464	-22243.1689	54687.3559	0.557970128	5.6763536e+13
8.01e-09	-200.903986	1783.85429	-23940.2119	55995.7867	0.558279364	5.67636615e+13
8.02e-09	-187.534444	-942.271527	-22787.8193	56316.2615	0.557855849	5.67632106e+13
8.03e-09	909.335895	-405.520159	-22555.8072	55727.7921	0.557942969	5.67621105e+13
8.04e-09	1105.2444	-968.758837	-23698.7829	56156.1509	0.557953181	5.67615743e+13
8.05e-09	1255.68206	-1103.13811	-22803.8908	55572.7655	0.558121335	5.67611664e+13
8.06e-09	-120.598081	-182.161493	-23331.065	55993.7327	0.558178224	5.67612099e+13
8.07e-09	-612.594741	-1315.10859	-22952.4789	54067.7887	0.558440174	5.67616193e+13
8.08e-09	-108.335499	-1659.09384	-21226.4723	53833.1855	0.559229921	5.67640643e+13
8.09e-09	434.842764	-500.680832	-20123.7811	54401.5118	0.560002732	5.67695286e+13
8.1e-09	1015.51742	-243.414307	-19858.966	54443.4763	0.560716992	5.67771626e+13
8.11e-09	1527.28575	1554.03621	-19367.3332	57153.458	0.56047813	5.67854678e+13
8.12e-09	833.512035	-581.096213	-19534.8379	56826.3612	0.559962264	5.67911576e+13
8.13e-09	965.969426	811.29487	-18046.595	55892.6384	0.559707746	5.67947445e+13
8.14e-09	-186.471571	881.172834	-16730.4941	57884.9788	0.559585408	5.67977877e+13
8.15e-09	483.880303	1115.30255	-17680.0086	58217.6604	0.559410216	5.67996695e+13
8.16e-09	1577.56398	1409.31257	-17982.6785	58934.6379	0.558490504	5.67995623e+13
8.17e-09	1104.9334	872.816348	-18043.7319	59846.0231	0.557629353	5.67959146e+13
8.18e-09	1071.48197	-572.132741	-18746.7255	59815.5152	0.556699249	5.67891223e+13
8.19e-09	1028.44676	636.265542	-18080.0484	59178.7213	0.556303608	5.67802194e+13
8.2e-09	-364.826471	568.380333	-16652.326	59851.4489	0.556226923	5.67713913e+13
8.21e-09	-806.444253	1029.31446	-18207.2288	59876.1011	0.556019701	5.67628133e+13
8.22e-09	-381.689799	990.284522	-17854.87	58746.4105	0.556130709	5.67544988e+13
8.23e-09	-1070.59212	860.102174	-16161.7628	57225.9962	0.556659421	5.67481738e+13
8.24e-09	-1956.79063	356.815055	-17227.3559	56139.3788	0.55770867	5.67455306e+13
8.25e-09	-3305.3478	1237.16774	-16751.5217	55655.5665	0.558838017	5.67473623e+13
8.26e-09	-2595.30622	1045.09145	-16779.0069	56647.6357	0.559366012	5.67525397e+13
8.27e-09	-2642.65656	948.338126	-16328.7695	55633.793	0.559897123	5.67588812e+13
8.28e-09	-4220.22442	643.868609	-13340.1074	56523.9684	0.56028751	5.67666945e+13
8.29e-09	-2273.48199	523.137626	-12748.269	57415.0812	0.560756622	5.67754603e+13
8.3e-09	-1673.62449	1233.05406	-12813.2353	60053.9153	0.560349268	5.67839294e+13
8.31e-09	-38.7388356	893.074897	-12990.2164	59363.9645	0.559335511	5.67883149e+13
8.32e-09	824.851539	2585.10597	-13235.149	60982.524	0.558473936	5.67891714e+13
8.33e-09	106.778504	1319.87094	-14092.1004	60540.5562	0.557557962	5.6786232e+13
8.34e-09	-279.411395	2566.63522	-15230.0235	59702.3068	0.557130856	5.67808902e+13
8.35e-09	-1862.93645	1747.47191	-14775.8285	59594.3669	0.557019202	5.67749814e+13
8.36e-09	-1784.03358	924.967447	-12930.9291	59759.0989	0.557115374	5.67695202e+13
8.37e-09	-330.650428	693.611011	-13305.5683	60186.265	0.557057684	5.67647622e+13
8.38e-09	512.758753	-924.636183	-15390.9252	59061.0086	0.55702048	5.67601679e+13
8.39e-09	649.447256	-350.906533	-14525.4676	60162.0058	0.556799528	5.67559452e+13
8.4e-09	889.544756	126.009266	-14794.1317	58453.0092	0.556790647	5.67511211e+13
8.41e-09	-1383.20126	1842.27782	-14856.2814	60308.3661	0.556898529	5.67475759e+13
8.42e-09	-1348.35502	2497.39959	-13763.4792	59448.9467	0.556836951	5.6743821e+13
8.43e-09	653.70095	1627.11083	-16693.627	58940.6478	0.556773548	5.67404498e+13
8.44e-09	275.41453	1617.95417	-18474.7243	60164.0751	0.556368053	5.67368514e+13
8.45e-09	-899.171091	1445.29972	-19100.9862	58240.5937	0.556175296	5.67317221e+13
8.46e-09	-1543.78843	2776.31049	-17728.3299	58989.9063	0.556474909	5.67277243e+13
8.47e-09	578.991154	2034.62533	-17808.7033	55108.9545	0.557156011	5.67251882e+13
8.48e-09	-37.2267223	1797.12463	-17715.1119	55428.7288	0.558658563	5.67276632e+13
8.49e-09	-1848.77945	1228.32928	-17109.2077	56239.4894	0.559377432	5.6734413e+13
8.5e-09	-1721.20735	305.075718	-18187.6446	55656.8984	0.559523203	5.67420913e+13
8.51e-09	-3264.60884	-1496.5088	-18522.1144	57768.7859	0.559320869	5.67493704e+13
8.52e-09	-630.747493	-924.035171	-17689.8606	55420.6426	0.55905647	5.67540158e+13
8.53e-09	-404.824982	-535.837281	-18643.6995	55475.6903	0.559811681	5.67597667e+13
8.54e-09	1118.58413	203.978931	-18615.9354	54712.9614	0.560375555	5.6767337e+13
8.55e-09	2874.5447	-439.664946	-18104.4023	57924.9084	0.560141552	5.67754016e+13
8.56e-09	3467.59472	600.891301	-18297.4928	57435.3645	0.559303475	5.67803043e+13
8.57e-09	2357.33786	275.035461	-17755.3461	56702.8284	0.55931337	5.6782948e+13
8.58e-09	600.013942	1149.07927	-20574.6672	57370.611	0.5589729	5.67853026e+13
8.59e-09	-831.570655	1768.64787	-21250.789	57471.3136	0.558434817	5.67853838e+13
8.6e-09	130.416625	1125.70341	-20945.8213	56354.6747	0.558262473	5.67837211e+13
8.61e-09	-2061.22272	1154.74813	-20375.9628	56388.3868	0.558485213	5.67825868e+13
8.62e-09	-1206.8901	2544.75576	-19571.0048	57362.6195	0.558415367	5.67819146e+13
8.63e-09	-865.174911	3526.15455	-18514.7256	56824.2549	0.558328375	5.67809062e+13
8.64e-09	-896.399438	2942.64492	-19354.4067	57024.5055	0.558620081	5.6780559e+13
8.65e-09	-19.6327383	1364.64539	-20251.3825	56648.3103	0.558279738	5.678006e+13
8.66e-09	1153.71725	491.600205	-20896.3345	57049.2467	0.558258627	5.67789929e+13
8.67e-09	812.791491	1347.55721	-19847.222	59060.0146	0.558310352	5.67780262e+13
8.68e-09	759.501703	1585.44496	-19853.7284	57938.1527	0.557694849	5.67759084e+13
8.69e-09	1023.33355	1185.88018	-19394.7743	58117.0276	0.557611412	5.67728324e+13
8.7e-09	1420.42459	966.198844	-18464.2449	58219.1277	0.557265025	5.67691471e+13
8.71e-09	457.544258	209.385287	-18887.256	56988.4481	0.557460461	5.67654285e+13
8.72e-09	-1620.76373	2192.53465	-19888.3192	56612.7999	0.557957406	5.67635269e+13
8.73e-09	-2587.27415	1906.26866	-19668.9243	57258.9803	0.558200453	5.67632113e+13
8.74e-09	-1912.12919	2024.00492	-19391.5782	58003.9905	0.55799011	5.67628659e+13
8.75e-09	-1194.34267	1576.39676	-19007.0745	58166.2602	0.557569292	5.67615574e+13
8.76e-09	-885.853994	2296.87961	-17942.442	58972.955	0.557406143	5.6759141e+13
8.77e-09	-639.324034	1638.36916	-18082.9021	59871.815	0.556685696	5.6755545e+13
8.78e-09	-1690.06316	1363.25795	-18582.6494	58344.1333	0.556580034	5.6750245e+13
8.79e-09	-2764.04281	1038.57985	-20160.5994	58080.804	0.556689893	5.67457019e+13
8.8e-09	-1223.36323	200.433198	-21202.7407	57014.9281	0.556823187	5.67417001e+13
8.81e-09	-194.376406	-285.441285	-22597.4142	55022.881	0.557447605	5.67395059e+13
8.82e-09	-813.141281	-369.61478	-22656.4424	54250.7221	0.558258006	5.67403198e+13
8.83e-09	-922.830457	114.496131	-23187.8734	55718.1056	0.558527284	5.67435285e+13
8.84e-09	-782.679156	167.806511	-22197.8663	56095.5405	0.558461658	5.67466897e+13
8.85e-09	-516.440945	61.1141562	-21695.7457	56258.7394	0.558206081	5.67489196e+13
8.86e-09	-1749.14042	358.269239	-19875.9212	59122.0947	0.557828487	5.67500328e+13
8.87e-09	-1822.41991	1561.58381	-21715.4113	57543.7215	0.557203082	5.67486306e+13
8.88e-09	-1598.17178	-201.625164	-23408.5413	54985.8774	0.557224025	5.67459571e+13
8.89e-09	-811.506709	1309.30135	-23082.2662	54959.3579	0.557991563	5.67452969e+13
8.9e-09	-364.587247	-6.32490861	-24185.7371	55204.2566	0.558362841	5.6747045e+13
8.91e-09	-2703.31232	-1815.13339	-22486.7016	57509.6391	0.558030115	5.67489768e+13
8.92e-09	-1065.60504	-759.003666	-21518.7376	58508.3674	0.557310529	5.67484672e+13
8.93e-09	-1639.66611	-430.09405	-20748.9369	58773.5598	0.557026557	5.67460116e+13
8.94e-09	-1449.51227	-396.49934	-19870.1114	57586.6425	0.556779804	5.67424361e+13
8.95e-09	-491.049593	-478.474257	-17763.8984	57311.4916	0.556998581	5.67394242e+13
8.96e-09	-420.728676	-388.907076	-16687.7101	57057.2438	0.557858201	5.67387455e+13
8.97e-09	862.112933	85.5620919	-17195.9993	59731.0391	0.557595952	5.67399231e+13
8.98e-09	884.276422	-81.4537131	-16688.186	58566.8473	0.557306356	5.67391008e+13
8.99e-09	-154.23647	-51.9301712	-15248.6263	57533.55	0.557622028	5.67384096e+13
9e-09	105.503315	1134.41405	-15207.7239	56154.7007	0.558584894	5.67402532e+13
9.01e-09	-266.678107	1308.36611	-15159.7469	56487.3976	0.559508374	5.67455811e+13
9.02e-09	508.699508	3008.69041	-17442.5431	58046.8481	0.559057205	5.67519427e+13
9.03e-09	-1085.11021	2765.3384	-16985.8155	58362.8381	0.558603561	5.67556792e+13
9.04e-09	-1166.85167	1078.05633	-17879.3246	59356.0079	0.558030797	5.67572068e+13
9.05e-09	-1608.8426	1156.81319	-17085.1373	58849.4986	0.557471314	5.67560288e+13
9.06e-09	-3077.23639	-416.353981	-16630.9801	58606.4993	0.5576313	5.67541515e+13
9.07e-09	-2721.35874	98.9664589	-16554.069	57254.4716	0.55796799	5.67532344e+13
9.08e-09	-2337.48881	-1747.38394	-16335.4429	58440.8804	0.55829523	5.67542205e+13
9.09e-09	-2102.60914	-1883.2389	-17120.551	58713.5446	0.557893083	5.67549877e+13
9.1e-09	-2500.21568	-2380.20504	-17831.9153	59083.7937	0.557362061	5.67539012e+13
9.11e-09	-1940.22386	-2724.93584	-15937.2662	58958.686	0.557374205	5.6751631e+13
9.12e-09	703.312051	-2134.36859	-15349.8196	59486.7809	0.557351177	5.67497766e+13
9.13e-09	1785.40015	-3288.41223	-12624.504	58841.8654	0.557394837	5.67476496e+13
9.14e-09	2532.6114	-2248.47581	-14193.2361	61165.6525	0.557031369	5.67458665e+13
9.15e-09	2136.71495	-2286.78955	-13021.0269	59880.1305	0.556670307	5.67421968e+13
9.16e-09	203.285197	-813.071	-14159.2018	59918.8692	0.556540435	5.67383782e+13
9.17e-09	613.473103	-701.944529	-14660.2991	57671.3156	0.557074361	5.67350165e+13
9.18e-09	1572.46522	-932.847659	-14369.6766	57435.7742	0.557805196	5.6734811e+13
9.19e-09	779.248804	-262.283077	-14358.7115	56837.4753	0.558716246	5.67375792e+13
9.2e-09	848.435589	-170.165201	-14973.0524	57970.7177	0.558931107	5.67428102e+13
9.21e-09	297.167087	-46.5988513	-15516.5538	59330.3995	0.55846749	5.67470337e+13
9.22e-09	430.971553	-1726.01337	-15056.3599	59527.3808	0.557868513	5.67486025e+13
9.23e-09	-520.316753	-3143.56105	-16422.6761	60914.7569	0.557234858	5.67477448e+13
9.24e-09	-656.537239	-4747.52527	-15636.9938	59286.077	0.556737945	5.67445364e+13
9.25e-09	-2067.11665	-3410.55927	-15326.1389	61173.1371	0.556423838	5.6740488e+13
9.26e-09	-1232.80204	-2777.50451	-15714.8513	60365.4485	0.555854197	5.67347559e+13
9.27e-09	-1126.01059	-3709.26568	-15454.755	60041.9546	0.555774601	5.67284994e+13
9.28e-09	948.079546	-1700.03281	-14966.0915	59364.05	0.555821507	5.6722601e+13
9.29e-09	380.059162	-2571.27432	-16385.1602	58331.921	0.556343324	5.67183417e+13
9.3e-09	145.512031	-2339.5797	-15741.898	58361.0559	0.557180056	5.67169165e+13
9.31e-09	477.527563	-1062.99675	-17903.6469	55010.2608	0.558334649	5.67191594e+13
9.32e-09	375.690349	-71.4116851	-18021.791	55007.0734	0.559549784	5.67260664e+13
9.33e-09	1131.83971	1318.81651	-18037.5466	55455.7795	0.560201062	5.67358982e+13
9.34e-09	-781.574478	2082.26985	-19907.8242	54388.8472	0.560605158	5.67468057e+13
9.35e-09	-327.495531	1144.48859	-19709.9454	54958.3449	0.561076572	5.67584936e+13
9.36e-09	-514.132247	1483.66118	-17478.2439	57518.4259	0.560813368	5.67696546e+13
9.37e-09	-1191.54236	305.026511	-18303.5382	55578.5467	0.560268013	5.67779729e+13
9.38e-09	141.183877	-1344.94557	-18012.6055	55667.0319	0.560573913	5.67851701e+13
9.39e-09	141.895914	-502.493869	-19344.3335	54125.6242	0.56082987	5.67925259e+13
9.4e-09	742.1059	-335.423651	-19807.6385	54882.9838	0.561055777	5.68005585e+13
9.41e-09	2274.03034	-1077.80178	-19490.501	54765.7608	0.561329835	5.68084929e+13
9.42e-09	893.830408	254.855483	-18457.8893	57423.3249	0.560869128	5.68160401e+13
9.43e-09	-45.1025169	-1318.25057	-19812.7779	57449.9967	0.559615381	5.68192152e+13
9.44e-09	-710.87579	364.822663	-19095.8917	58751.4256	0.558630121	5.68178466e+13
9.45e-09	-1073.37295	145.42994	-18946.5284	57900.0155	0.557968393	5.68132104e+13
9.46e-09	-392.507729	-320.707718	-19278.6748	58710.3603	0.557913512	5.68078191e+13
9.47e-09	147.536395	261.718372	-20192.2208	58655.9493	0.557456811	5.68018628e+13
9.48e-09	-166.971467	2417.96556	-18070.826	57012.2723	0.557555271	5.67953061e+13
9.49e-09	938.78111	2231.63711	-19087.677	56976.3497	0.557968369	5.6790698e+13
9.5e-09	2354.87763	1119.64922	-20170.6622	56750.9434	0.558084439	5.67875665e+13
9.51e-09	2618.15017	-437.330373	-20208.5287	57579.1913	0.5580427	5.67849419e+13
9.52e-09	1210.63976	1576.43238	-19666.486	57630.7763	0.557744498	5.67819633e+13
9.53e-09	1174.54765	493.491679	-19249.0885	58269.2827	0.557367437	5.67781074e+13
9.54e-09	12.1003306	-542.690634	-19947.9694	59132.1742	0.556804572	5.67728322e+13
9.55e-09	1479.70249	640.032032	-20065.8076	58036.5276	0.556398202	5.67659122e+13
9.56e-09	1518.53552	371.300172	-18486.2568	57369.5375	0.556888089	5.67594128e+13
9.57e-09	1691.31107	148.619968	-18056.6614	57608.2682	0.557193304	5.67554577e+13
9.58e-09	2373.62693	-1096.36635	-17751.2745	56308.86	0.55804721	5.67537964e+13
9.59e-09	2071.01513	-2928.93045	-17629.665	55807.9272	0.558581586	5.67551865e+13
9.6e-09	2172.73689	-2602.00094	-19592.5426	56855.6135	0.558977053	5.67585299e+13
9.61e-09	2534.04039	-1931.28561	-20254.5169	57391.0876	0.558809979	5.6762025e+13
9.62e-09	1985.29225	-1106.06562	-21295.7001	55792.6732	0.558439816	5.67636601e+13
9.63e-09	217.709177	-383.736365	-21641.9162	56635.4409	0.558732659	5.67652022e+13
9.64e-09	1202.111	532.846089	-22613.7749	57231.2291	0.557920407	5.67658792e+13
9.65e-09	1951.40333	1587.76458	-21556.7053	56756.174	0.557512332	5.67636537e+13
9.66e-09	1424.23966	2744.52466	-21003.2216	54567.392	0.558094381	5.67619846e+13
9.67e-09	948.993517	3400.70165	-22639.9267	55218.1085	0.55865482	5.67630106e+13
9.68e-09	1302.59233	2488.03554	-24241.3938	55973.3504	0.558492713	5.67647806e+13
9.69e-09	2182.27807	2234.9715	-24745.0299	56852.0626	0.557703212	5.67645123e+13
9.7e-09	1319.23042	2889.16578	-24962.8541	57490.4717	0.557070125	5.67616025e+13
9.71e-09	866.450908	739.112075	-25531.2983	56550.5539	0.556371871	5.67561496e+13
9.72e-09	-546.201767	-1253.4027	-23729.1207	54540.7188	0.556693317	5.67501412e+13
9.73e-09	-343.375975	198.730804	-24294.6185	55448.5575	0.557305339	5.6747104e+13
9.74e-09	-1775.63535	380.560489	-22352.1488	55646.6512	0.557548524	5.67455995e+13
9.75e-09	-1388.99304	-15.3283511	-21007.8294	55791.1586	0.558063766	5.67456438e+13
9.76e-09	-3081.43351	1010.04672	-20479.3034	55541.6163	0.558806537	5.67481878e+13
9.77e-09	-4482.80299	1323.04955	-19754.1612	56862.0047	0.558773484	5.67521324e+13
9.78e-09	-4486.00238	1630.13759	-18748.2826	56628.0022	0.558723798	5.67552763e+13
9.79e-09	-4220.72246	1103.2242	-17128.9515	54995.234	0.559341348	5.67590069e+13
9.8e-09	-3418.62228	-594.174405	-17423.6034	56528.8516	0.559494201	5.67645272e+13
9.81e-09	-2089.38208	713.036924	-17304.7098	57112.1996	0.559856127	5.67700213e+13
9.82e-09	-2369.47493	-218.930128	-17438.177	57915.8184	0.559509791	5.67753775e+13
9.83e-09	-3116.05035	-879.039291	-17621.4435	57261.8678	0.558962495	5.67782925e+13
9.84e-09	-2675.06883	-994.048967	-17773.4274	59063.8468	0.558461698	5.67795638e+13
9.85e-09	-4400.0441	-1962.53765	-19913.3469	58497.3013	0.557442576	5.6777252e+13
9.86e-09	-2779.51815	-1574.1489	-18458.75	58167.4543	0.557012144	5.67721562e+13
9.87e-09	-2044.96763	-2079.14064	-16630.7659	57023.8683	0.55749846	5.67676174e+13
9.88e-09	-2666.02247	-2380.16264	-16898.9037	57993.7559	0.558156377	5.67660645e+13
9.89e-09	-1783.9448	-2531.75266	-16831.8528	55877.0754	0.558433051	5.67658418e+13
9.9e-09	-1084.01801	-1965.68904	-16737.2875	56891.0945	0.55919315	5.67681059e+13
9.91e-09	-2537.26927	-1425.7281	-15319.0201	56298.5902	0.559787499	5.67725245e+13
9.92e-09	-110.85729	-1348.03397	-15164.4497	56505.4058	0.560368871	5.67788713e+13
9.93e-09	898.54607	-1236.16516	-15575.3959	57230.1482	0.560473937	5.67861393e+13
9.94e-09	-426.645365	-144.149075	-14784.4793	59426.7758	0.559794875	5.67919393e+13
9.95e-09	-366.329143	151.322738	-13420.3772	60680.7996	0.55884043	5.67939044e+13
9.96e-09	-814.931575	1636.22098	-11736.6888	61369.7168	0.557776344	5.67916166e+13
9.97e-09	-727.289961	3233.64922	-13633.1395	62312.113	0.556616973	5.67855078e+13
9.98e-09	-1180.45721	784.633527	-13926.1659	59186.4107	0.556488745	5.67768794e+13
9.99e-09	-974.223389	-498.241374	-13857.987	57386.3517	0.557184089	5.67702953e+13
1e-08	-450.082483	-611.441974	-13355.2269	57585.994	0.557805144	5.67670549e+13
