# Frequency [GHz] 	Fouriercomponent
-4.99967	 0.000829466
-4.99633	 0.000727242
-4.993	 0.000855029
-4.98967	 0.00083704
-4.98633	 0.000847448
-4.983	 0.000944524
-4.97967	 0.00105197
-4.97633	 0.000984076
-4.973	 0.000971534
-4.96967	 0.00112311
-4.96634	 0.00105129
-4.963	 0.000975342
-4.95967	 0.000877603
-4.95634	 0.00104377
-4.953	 0.000968893
-4.94967	 0.000992501
-4.94634	 0.000921805
-4.943	 0.0010409
-4.93967	 0.000907444
-4.93634	 0.00102191
-4.933	 0.00128142
-4.92967	 0.00108655
-4.92634	 0.00107909
-4.92301	 0.00100545
-4.91967	 0.00116511
-4.91634	 0.00131196
-4.91301	 0.00110401
-4.90967	 0.00108744
-4.90634	 0.000976406
-4.90301	 0.00126923
-4.89967	 0.000852557
-4.89634	 0.00123221
-4.89301	 0.00091401
-4.88967	 0.0014081
-4.88634	 0.00106559
-4.88301	 0.00110839
-4.87967	 0.00115689
-4.87634	 0.00138724
-4.87301	 0.00128531
-4.86968	 0.000890181
-4.86634	 0.00141139
-4.86301	 0.00110396
-4.85968	 0.00124693
-4.85634	 0.00110265
-4.85301	 0.0010234
-4.84968	 0.00138692
-4.84634	 0.00112221
-4.84301	 0.00114838
-4.83968	 0.00105816
-4.83634	 0.00140084
-4.83301	 0.00114494
-4.82968	 0.00128607
-4.82634	 0.00137873
-4.82301	 0.00123114
-4.81968	 0.00118215
-4.81635	 0.00137971
-4.81301	 0.0012596
-4.80968	 0.00129485
-4.80635	 0.00125577
-4.80301	 0.00091598
-4.79968	 0.00116984
-4.79635	 0.00128014
-4.79301	 0.00100526
-4.78968	 0.000971461
-4.78635	 0.0010888
-4.78301	 0.00112249
-4.77968	 0.00117975
-4.77635	 0.000992017
-4.77302	 0.000844304
-4.76968	 0.001171
-4.76635	 0.000791307
-4.76302	 0.00123099
-4.75968	 0.00123345
-4.75635	 0.00115741
-4.75302	 0.00126534
-4.74968	 0.00109166
-4.74635	 0.00101148
-4.74302	 0.000873007
-4.73968	 0.000983484
-4.73635	 0.0010874
-4.73302	 0.000824778
-4.72968	 0.00116418
-4.72635	 0.00116691
-4.72302	 0.000772478
-4.71969	 0.00073115
-4.71635	 0.000938092
-4.71302	 0.00104513
-4.70969	 0.000845277
-4.70635	 0.000794355
-4.70302	 0.00087153
-4.69969	 0.000946408
-4.69635	 0.000767089
-4.69302	 0.000950463
-4.68969	 0.0007113
-4.68635	 0.000772591
-4.68302	 0.000776902
-4.67969	 0.000813987
-4.67635	 0.000881025
-4.67302	 0.000807844
-4.66969	 0.000674802
-4.66636	 0.000756447
-4.66302	 0.000732084
-4.65969	 0.000651204
-4.65636	 0.000750308
-4.65302	 0.000798446
-4.64969	 0.000851875
-4.64636	 0.000660183
-4.64302	 0.000716332
-4.63969	 0.000649978
-4.63636	 0.00063569
-4.63302	 0.000625667
-4.62969	 0.00060825
-4.62636	 0.000623017
-4.62303	 0.000725629
-4.61969	 0.000590114
-4.61636	 0.000605735
-4.61303	 0.000669255
-4.60969	 0.000507424
-4.60636	 0.000670745
-4.60303	 0.000723884
-4.59969	 0.000587921
-4.59636	 0.000487866
-4.59303	 0.000572698
-4.58969	 0.000680266
-4.58636	 0.000709544
-4.58303	 0.000507804
-4.57969	 0.000708077
-4.57636	 0.000640666
-4.57303	 0.000668595
-4.5697	 0.000577699
-4.56636	 0.000482159
-4.56303	 0.000524717
-4.5597	 0.000536926
-4.55636	 0.000542059
-4.55303	 0.000515422
-4.5497	 0.000504314
-4.54636	 0.000476626
-4.54303	 0.000594959
-4.5397	 0.000562133
-4.53636	 0.000514448
-4.53303	 0.000615088
-4.5297	 0.000556213
-4.52636	 0.000498801
-4.52303	 0.00047598
-4.5197	 0.000519902
-4.51637	 0.000461939
-4.51303	 0.00049302
-4.5097	 0.000539732
-4.50637	 0.000583641
-4.50303	 0.000619954
-4.4997	 0.000480816
-4.49637	 0.000512133
-4.49303	 0.000491757
-4.4897	 0.000499891
-4.48637	 0.000475698
-4.48303	 0.000401389
-4.4797	 0.00059872
-4.47637	 0.000428947
-4.47304	 0.000397474
-4.4697	 0.000478444
-4.46637	 0.000423092
-4.46304	 0.000397893
-4.4597	 0.000476576
-4.45637	 0.000437759
-4.45304	 0.000534791
-4.4497	 0.000587934
-4.44637	 0.000422671
-4.44304	 0.000431028
-4.4397	 0.000482145
-4.43637	 0.000388736
-4.43304	 0.000442152
-4.4297	 0.000447877
-4.42637	 0.000465971
-4.42304	 0.000376013
-4.41971	 0.000509171
-4.41637	 0.000500352
-4.41304	 0.000500258
-4.40971	 0.000458469
-4.40637	 0.000464928
-4.40304	 0.000395657
-4.39971	 0.000422007
-4.39637	 0.000464937
-4.39304	 0.000408465
-4.38971	 0.000399348
-4.38637	 0.000380951
-4.38304	 0.000401877
-4.37971	 0.00038378
-4.37637	 0.000368003
-4.37304	 0.000447934
-4.36971	 0.000518074
-4.36638	 0.000498994
-4.36304	 0.00038604
-4.35971	 0.000522019
-4.35638	 0.00042429
-4.35304	 0.000393273
-4.34971	 0.00042648
-4.34638	 0.000472575
-4.34304	 0.000418261
-4.33971	 0.000396767
-4.33638	 0.000401406
-4.33304	 0.000529751
-4.32971	 0.00039618
-4.32638	 0.00041446
-4.32305	 0.000322691
-4.31971	 0.000498275
-4.31638	 0.000383886
-4.31305	 0.000409499
-4.30971	 0.000501481
-4.30638	 0.000412252
-4.30305	 0.000391584
-4.29971	 0.000427021
-4.29638	 0.000407783
-4.29305	 0.000428396
-4.28971	 0.000425335
-4.28638	 0.000397665
-4.28305	 0.000372386
-4.27971	 0.000384442
-4.27638	 0.000382024
-4.27305	 0.000418942
-4.26972	 0.00043065
-4.26638	 0.000429641
-4.26305	 0.000411316
-4.25972	 0.000414276
-4.25638	 0.000438508
-4.25305	 0.000419392
-4.24972	 0.000442034
-4.24638	 0.000465553
-4.24305	 0.000379082
-4.23972	 0.000406938
-4.23638	 0.000434826
-4.23305	 0.000373138
-4.22972	 0.00042039
-4.22638	 0.000349696
-4.22305	 0.000320314
-4.21972	 0.000384425
-4.21639	 0.000434724
-4.21305	 0.000326076
-4.20972	 0.000451115
-4.20639	 0.000349654
-4.20305	 0.000420523
-4.19972	 0.000431387
-4.19639	 0.000452482
-4.19305	 0.00041882
-4.18972	 0.000498652
-4.18639	 0.000442943
-4.18305	 0.000445964
-4.17972	 0.000352038
-4.17639	 0.000487605
-4.17306	 0.000512137
-4.16972	 0.000548673
-4.16639	 0.000383871
-4.16306	 0.000494963
-4.15972	 0.000430819
-4.15639	 0.000315402
-4.15306	 0.000461602
-4.14972	 0.000364634
-4.14639	 0.000544571
-4.14306	 0.000396657
-4.13972	 0.000337996
-4.13639	 0.000413546
-4.13306	 0.000414237
-4.12972	 0.000429415
-4.12639	 0.000480747
-4.12306	 0.000451587
-4.11973	 0.000475949
-4.11639	 0.000390387
-4.11306	 0.000436561
-4.10973	 0.000441104
-4.10639	 0.000482865
-4.10306	 0.000424561
-4.09973	 0.000488065
-4.09639	 0.000484435
-4.09306	 0.000432971
-4.08973	 0.000430682
-4.08639	 0.000347588
-4.08306	 0.000398446
-4.07973	 0.000457997
-4.07639	 0.000405266
-4.07306	 0.000417944
-4.06973	 0.000421726
-4.0664	 0.000471887
-4.06306	 0.000438891
-4.05973	 0.000493278
-4.0564	 0.000624223
-4.05306	 0.000542345
-4.04973	 0.000375138
-4.0464	 0.000498636
-4.04306	 0.000446672
-4.03973	 0.000446954
-4.0364	 0.000417318
-4.03306	 0.000506192
-4.02973	 0.000450035
-4.0264	 0.000445567
-4.02307	 0.00045905
-4.01973	 0.000463905
-4.0164	 0.000510021
-4.01307	 0.000498024
-4.00973	 0.000507125
-4.0064	 0.000657312
-4.00307	 0.000556311
-3.99973	 0.000505587
-3.9964	 0.000479399
-3.99307	 0.000570904
-3.98973	 0.000465466
-3.9864	 0.000539756
-3.98307	 0.000536519
-3.97973	 0.000499104
-3.9764	 0.000514641
-3.97307	 0.000600434
-3.96974	 0.000529756
-3.9664	 0.000628828
-3.96307	 0.000575192
-3.95974	 0.00066387
-3.9564	 0.000468715
-3.95307	 0.000503008
-3.94974	 0.00052592
-3.9464	 0.00053364
-3.94307	 0.000604447
-3.93974	 0.000633013
-3.9364	 0.000603045
-3.93307	 0.000589952
-3.92974	 0.000541273
-3.9264	 0.000539264
-3.92307	 0.000537789
-3.91974	 0.000507003
-3.91641	 0.000534177
-3.91307	 0.000622271
-3.90974	 0.000550504
-3.90641	 0.000611627
-3.90307	 0.000577696
-3.89974	 0.000551676
-3.89641	 0.000577955
-3.89307	 0.000644997
-3.88974	 0.000596781
-3.88641	 0.00061174
-3.88307	 0.000563736
-3.87974	 0.000486734
-3.87641	 0.000587092
-3.87308	 0.000548427
-3.86974	 0.000589292
-3.86641	 0.000676109
-3.86308	 0.000605353
-3.85974	 0.000514262
-3.85641	 0.000786455
-3.85308	 0.000815205
-3.84974	 0.00062597
-3.84641	 0.000971233
-3.84308	 0.000761528
-3.83974	 0.000874746
-3.83641	 0.000509248
-3.83308	 0.000750091
-3.82974	 0.000671904
-3.82641	 0.000875129
-3.82308	 0.00084659
-3.81975	 0.000840053
-3.81641	 0.000756339
-3.81308	 0.000867473
-3.80975	 0.000840491
-3.80641	 0.000663913
-3.80308	 0.00084225
-3.79975	 0.000749761
-3.79641	 0.000995725
-3.79308	 0.000874027
-3.78975	 0.000841428
-3.78641	 0.000854274
-3.78308	 0.000844806
-3.77975	 0.000924364
-3.77641	 0.00093003
-3.77308	 0.000954137
-3.76975	 0.000965415
-3.76642	 0.00100404
-3.76308	 0.00110828
-3.75975	 0.000859555
-3.75642	 0.000839065
-3.75308	 0.00107453
-3.74975	 0.0010763
-3.74642	 0.00116675
-3.74308	 0.0012248
-3.73975	 0.00103493
-3.73642	 0.00103232
-3.73308	 0.00090984
-3.72975	 0.00116299
-3.72642	 0.00117626
-3.72309	 0.00121901
-3.71975	 0.00116488
-3.71642	 0.00113472
-3.71309	 0.00102539
-3.70975	 0.00138603
-3.70642	 0.00121306
-3.70309	 0.00121831
-3.69975	 0.00130172
-3.69642	 0.00125481
-3.69309	 0.00138153
-3.68975	 0.00127029
-3.68642	 0.0010637
-3.68309	 0.00124792
-3.67975	 0.00135668
-3.67642	 0.00120456
-3.67309	 0.00139276
-3.66976	 0.00131124
-3.66642	 0.00132572
-3.66309	 0.00108414
-3.65976	 0.00140318
-3.65642	 0.00173108
-3.65309	 0.00138122
-3.64976	 0.00140744
-3.64642	 0.00156868
-3.64309	 0.00140852
-3.63976	 0.00187723
-3.63642	 0.00140991
-3.63309	 0.00160145
-3.62976	 0.00183222
-3.62642	 0.00191091
-3.62309	 0.00127592
-3.61976	 0.00156077
-3.61643	 0.0022915
-3.61309	 0.00180464
-3.60976	 0.00167689
-3.60643	 0.00161115
-3.60309	 0.00156205
-3.59976	 0.00163971
-3.59643	 0.00183468
-3.59309	 0.0019572
-3.58976	 0.0018361
-3.58643	 0.00202655
-3.58309	 0.00187594
-3.57976	 0.00175384
-3.57643	 0.00188541
-3.5731	 0.00174327
-3.56976	 0.00195277
-3.56643	 0.00171158
-3.5631	 0.00198045
-3.55976	 0.00160352
-3.55643	 0.00145144
-3.5531	 0.00180281
-3.54976	 0.00168521
-3.54643	 0.0018256
-3.5431	 0.00150305
-3.53976	 0.00122938
-3.53643	 0.00141843
-3.5331	 0.00167749
-3.52976	 0.00124485
-3.52643	 0.00100583
-3.5231	 0.00125923
-3.51977	 0.00134943
-3.51643	 0.00113382
-3.5131	 0.000995154
-3.50977	 0.000962942
-3.50643	 0.00126509
-3.5031	 0.00110185
-3.49977	 0.00123259
-3.49643	 0.0010072
-3.4931	 0.00125771
-3.48977	 0.00120019
-3.48643	 0.000986164
-3.4831	 0.000954337
-3.47977	 0.000985465
-3.47643	 0.00109743
-3.4731	 0.000948334
-3.46977	 0.00103449
-3.46644	 0.000904849
-3.4631	 0.00102738
-3.45977	 0.000907196
-3.45644	 0.000814864
-3.4531	 0.00106904
-3.44977	 0.000866431
-3.44644	 0.000736341
-3.4431	 0.000970277
-3.43977	 0.000753162
-3.43644	 0.000886204
-3.4331	 0.000857729
-3.42977	 0.00076461
-3.42644	 0.000726006
-3.42311	 0.000920257
-3.41977	 0.000874692
-3.41644	 0.000777911
-3.41311	 0.000765809
-3.40977	 0.000792348
-3.40644	 0.000840643
-3.40311	 0.000704305
-3.39977	 0.000777289
-3.39644	 0.000657211
-3.39311	 0.000845389
-3.38977	 0.000738112
-3.38644	 0.000600663
-3.38311	 0.000580674
-3.37977	 0.000621561
-3.37644	 0.00080883
-3.37311	 0.000699193
-3.36978	 0.00071659
-3.36644	 0.000619432
-3.36311	 0.000665256
-3.35978	 0.000662854
-3.35644	 0.000641502
-3.35311	 0.000657891
-3.34978	 0.00058029
-3.34644	 0.000760167
-3.34311	 0.0005946
-3.33978	 0.000482456
-3.33644	 0.000600258
-3.33311	 0.000533929
-3.32978	 0.000548449
-3.32644	 0.000571549
-3.32311	 0.00054217
-3.31978	 0.000694271
-3.31645	 0.000535639
-3.31311	 0.000495096
-3.30978	 0.00065689
-3.30645	 0.000560111
-3.30311	 0.000610721
-3.29978	 0.0006534
-3.29645	 0.000561202
-3.29311	 0.000588701
-3.28978	 0.000459369
-3.28645	 0.000509315
-3.28311	 0.000618798
-3.27978	 0.000530346
-3.27645	 0.000594394
-3.27312	 0.000415286
-3.26978	 0.00056756
-3.26645	 0.000529763
-3.26312	 0.000532433
-3.25978	 0.000488482
-3.25645	 0.000648164
-3.25312	 0.000544399
-3.24978	 0.000589047
-3.24645	 0.000594128
-3.24312	 0.00051766
-3.23978	 0.000450401
-3.23645	 0.000513584
-3.23312	 0.0005326
-3.22978	 0.000581803
-3.22645	 0.000552641
-3.22312	 0.000544028
-3.21979	 0.000449911
-3.21645	 0.000477435
-3.21312	 0.000480109
-3.20979	 0.00037106
-3.20645	 0.000546772
-3.20312	 0.000373897
-3.19979	 0.000447616
-3.19645	 0.00052438
-3.19312	 0.000520913
-3.18979	 0.00044712
-3.18645	 0.000423902
-3.18312	 0.000378888
-3.17979	 0.000462192
-3.17645	 0.000429277
-3.17312	 0.000414829
-3.16979	 0.000593606
-3.16646	 0.000441225
-3.16312	 0.000460067
-3.15979	 0.00045462
-3.15646	 0.000416511
-3.15312	 0.000429543
-3.14979	 0.000469519
-3.14646	 0.00043475
-3.14312	 0.000481835
-3.13979	 0.000501654
-3.13646	 0.0003467
-3.13312	 0.000518818
-3.12979	 0.000457558
-3.12646	 0.000461751
-3.12313	 0.000485562
-3.11979	 0.000448426
-3.11646	 0.00044431
-3.11313	 0.000407934
-3.10979	 0.000433894
-3.10646	 0.000374109
-3.10313	 0.000455455
-3.09979	 0.000388926
-3.09646	 0.000515817
-3.09313	 0.000356002
-3.08979	 0.000382213
-3.08646	 0.000446862
-3.08313	 0.000397133
-3.07979	 0.000497698
-3.07646	 0.000460431
-3.07313	 0.000436233
-3.0698	 0.000444016
-3.06646	 0.000406532
-3.06313	 0.000395169
-3.0598	 0.000486417
-3.05646	 0.000465464
-3.05313	 0.000430807
-3.0498	 0.000476027
-3.04646	 0.000541224
-3.04313	 0.000444749
-3.0398	 0.000427227
-3.03646	 0.000503879
-3.03313	 0.000476554
-3.0298	 0.000515434
-3.02646	 0.000453792
-3.02313	 0.000454159
-3.0198	 0.000432572
-3.01647	 0.000527288
-3.01313	 0.00045244
-3.0098	 0.000439884
-3.00647	 0.000433329
-3.00313	 0.000446781
-2.9998	 0.000435106
-2.99647	 0.000461336
-2.99313	 0.000424689
-2.9898	 0.000408735
-2.98647	 0.000491543
-2.98313	 0.000432343
-2.9798	 0.000441257
-2.97647	 0.000420299
-2.97314	 0.000426669
-2.9698	 0.000383643
-2.96647	 0.000464081
-2.96314	 0.000392217
-2.9598	 0.000472184
-2.95647	 0.000442864
-2.95314	 0.000494549
-2.9498	 0.000403824
-2.94647	 0.000317724
-2.94314	 0.000464302
-2.9398	 0.000486411
-2.93647	 0.000476093
-2.93314	 0.000504331
-2.9298	 0.000454719
-2.92647	 0.00049517
-2.92314	 0.000423635
-2.91981	 0.000523064
-2.91647	 0.000402456
-2.91314	 0.00040822
-2.90981	 0.00056066
-2.90647	 0.000391953
-2.90314	 0.000391989
-2.89981	 0.000410679
-2.89647	 0.000461505
-2.89314	 0.000442262
-2.88981	 0.000462939
-2.88647	 0.000386915
-2.88314	 0.000411958
-2.87981	 0.000420263
-2.87647	 0.00042812
-2.87314	 0.000445074
-2.86981	 0.000389867
-2.86648	 0.000556389
-2.86314	 0.000502787
-2.85981	 0.000389516
-2.85648	 0.000478907
-2.85314	 0.000532804
-2.84981	 0.000391794
-2.84648	 0.000518188
-2.84314	 0.000544942
-2.83981	 0.000562548
-2.83648	 0.000525866
-2.83314	 0.000531087
-2.82981	 0.000472357
-2.82648	 0.000446001
-2.82315	 0.000470784
-2.81981	 0.000469392
-2.81648	 0.000483253
-2.81315	 0.000525812
-2.80981	 0.000464194
-2.80648	 0.000572924
-2.80315	 0.000634931
-2.79981	 0.000549887
-2.79648	 0.000459341
-2.79315	 0.000544402
-2.78981	 0.000509289
-2.78648	 0.000600649
-2.78315	 0.00056172
-2.77981	 0.000542716
-2.77648	 0.000568091
-2.77315	 0.000528628
-2.76982	 0.000532463
-2.76648	 0.000491983
-2.76315	 0.000696478
-2.75982	 0.000504451
-2.75648	 0.000613037
-2.75315	 0.000517284
-2.74982	 0.00061523
-2.74648	 0.000429196
-2.74315	 0.000632778
-2.73982	 0.000566446
-2.73648	 0.000574494
-2.73315	 0.000533845
-2.72982	 0.000541857
-2.72648	 0.000617903
-2.72315	 0.000523994
-2.71982	 0.000542513
-2.71649	 0.000607666
-2.71315	 0.000608679
-2.70982	 0.0005724
-2.70649	 0.000549284
-2.70315	 0.000610405
-2.69982	 0.000702391
-2.69649	 0.000621537
-2.69315	 0.000501986
-2.68982	 0.000638573
-2.68649	 0.000573042
-2.68315	 0.000639459
-2.67982	 0.000590885
-2.67649	 0.000505924
-2.67316	 0.00066896
-2.66982	 0.000632567
-2.66649	 0.000706579
-2.66316	 0.000613208
-2.65982	 0.000758851
-2.65649	 0.00069596
-2.65316	 0.000690922
-2.64982	 0.000707364
-2.64649	 0.000836046
-2.64316	 0.000622166
-2.63982	 0.000806466
-2.63649	 0.000735821
-2.63316	 0.000780512
-2.62982	 0.000762951
-2.62649	 0.000751511
-2.62316	 0.000729597
-2.61983	 0.000662609
-2.61649	 0.00108353
-2.61316	 0.000713798
-2.60983	 0.000663414
-2.60649	 0.000773381
-2.60316	 0.000865677
-2.59983	 0.000830023
-2.59649	 0.00113868
-2.59316	 0.000957153
-2.58983	 0.00100738
-2.58649	 0.000888615
-2.58316	 0.000922111
-2.57983	 0.0010993
-2.57649	 0.000803719
-2.57316	 0.000948845
-2.56983	 0.000764098
-2.5665	 0.00125391
-2.56316	 0.000904222
-2.55983	 0.00092606
-2.5565	 0.000959469
-2.55316	 0.00119041
-2.54983	 0.00120809
-2.5465	 0.000917377
-2.54316	 0.00108407
-2.53983	 0.00107701
-2.5365	 0.00108858
-2.53316	 0.00103164
-2.52983	 0.000884933
-2.5265	 0.00118723
-2.52317	 0.00132422
-2.51983	 0.00107728
-2.5165	 0.00143745
-2.51317	 0.0012815
-2.50983	 0.00107728
-2.5065	 0.00133749
-2.50317	 0.00121765
-2.49983	 0.00148062
-2.4965	 0.00128553
-2.49317	 0.00145935
-2.48983	 0.00151232
-2.4865	 0.00129139
-2.48317	 0.00155462
-2.47983	 0.00144327
-2.4765	 0.001443
-2.47317	 0.00118779
-2.46984	 0.00152055
-2.4665	 0.00162339
-2.46317	 0.00144025
-2.45984	 0.00194391
-2.4565	 0.00158867
-2.45317	 0.00210057
-2.44984	 0.00162579
-2.4465	 0.00200306
-2.44317	 0.00217649
-2.43984	 0.00183556
-2.4365	 0.00199567
-2.43317	 0.00198628
-2.42984	 0.00182655
-2.4265	 0.00202771
-2.42317	 0.00174417
-2.41984	 0.00213168
-2.41651	 0.00220567
-2.41317	 0.0021569
-2.40984	 0.00217381
-2.40651	 0.00276623
-2.40317	 0.00302097
-2.39984	 0.00309724
-2.39651	 0.00329813
-2.39317	 0.00297737
-2.38984	 0.00310636
-2.38651	 0.00310794
-2.38317	 0.00257078
-2.37984	 0.00338529
-2.37651	 0.00279985
-2.37318	 0.00317324
-2.36984	 0.00355665
-2.36651	 0.00276308
-2.36318	 0.00302975
-2.35984	 0.00343796
-2.35651	 0.00334148
-2.35318	 0.00275084
-2.34984	 0.00316276
-2.34651	 0.00273611
-2.34318	 0.0019831
-2.33984	 0.00318015
-2.33651	 0.00231045
-2.33318	 0.00209416
-2.32984	 0.00208411
-2.32651	 0.00177975
-2.32318	 0.00174795
-2.31985	 0.00156673
-2.31651	 0.00176035
-2.31318	 0.00212935
-2.30985	 0.00170458
-2.30651	 0.00142687
-2.30318	 0.00170739
-2.29985	 0.00166144
-2.29651	 0.00169708
-2.29318	 0.00137084
-2.28985	 0.00151545
-2.28651	 0.00135836
-2.28318	 0.00119205
-2.27985	 0.00120522
-2.27651	 0.00125316
-2.27318	 0.0015785
-2.26985	 0.00112659
-2.26652	 0.00142732
-2.26318	 0.0011634
-2.25985	 0.000915157
-2.25652	 0.00131084
-2.25318	 0.00137703
-2.24985	 0.00115772
-2.24652	 0.000895568
-2.24318	 0.000830598
-2.23985	 0.00106379
-2.23652	 0.000789933
-2.23318	 0.00102731
-2.22985	 0.000955238
-2.22652	 0.000873235
-2.22319	 0.00100638
-2.21985	 0.000808053
-2.21652	 0.000934007
-2.21319	 0.000640742
-2.20985	 0.000864816
-2.20652	 0.000903113
-2.20319	 0.00093306
-2.19985	 0.000716823
-2.19652	 0.00090807
-2.19319	 0.000750432
-2.18985	 0.000759906
-2.18652	 0.000593742
-2.18319	 0.000760742
-2.17985	 0.000744994
-2.17652	 0.000902934
-2.17319	 0.000731608
-2.16986	 0.000694074
-2.16652	 0.000784696
-2.16319	 0.000656881
-2.15986	 0.000654158
-2.15652	 0.000859219
-2.15319	 0.000738466
-2.14986	 0.000735178
-2.14652	 0.000636734
-2.14319	 0.000674986
-2.13986	 0.000705307
-2.13652	 0.00062437
-2.13319	 0.0007091
-2.12986	 0.000684548
-2.12652	 0.000569417
-2.12319	 0.000588721
-2.11986	 0.000660813
-2.11653	 0.000591896
-2.11319	 0.000646273
-2.10986	 0.000621165
-2.10653	 0.000656054
-2.10319	 0.000562173
-2.09986	 0.000644259
-2.09653	 0.000592549
-2.09319	 0.000565736
-2.08986	 0.000512754
-2.08653	 0.000620518
-2.08319	 0.000527632
-2.07986	 0.000553037
-2.07653	 0.00051382
-2.0732	 0.000536506
-2.06986	 0.00060305
-2.06653	 0.00053524
-2.0632	 0.000534331
-2.05986	 0.000478999
-2.05653	 0.000569215
-2.0532	 0.000558929
-2.04986	 0.000494223
-2.04653	 0.000568911
-2.0432	 0.000580873
-2.03986	 0.000513134
-2.03653	 0.000536781
-2.0332	 0.000569796
-2.02986	 0.000521721
-2.02653	 0.000517717
-2.0232	 0.000559391
-2.01987	 0.000557872
-2.01653	 0.000487221
-2.0132	 0.000561498
-2.00987	 0.000475943
-2.00653	 0.000554993
-2.0032	 0.000593606
-1.99987	 0.000475496
-1.99653	 0.000436902
-1.9932	 0.000456726
-1.98987	 0.00042505
-1.98653	 0.000467124
-1.9832	 0.000486493
-1.97987	 0.000454578
-1.97653	 0.000458934
-1.9732	 0.000603494
-1.96987	 0.000498563
-1.96654	 0.000564811
-1.9632	 0.00049387
-1.95987	 0.000372108
-1.95654	 0.000494432
-1.9532	 0.000493701
-1.94987	 0.000426925
-1.94654	 0.000508632
-1.9432	 0.000498103
-1.93987	 0.000333391
-1.93654	 0.000403237
-1.9332	 0.000469104
-1.92987	 0.00054318
-1.92654	 0.000525593
-1.92321	 0.000590961
-1.91987	 0.000614831
-1.91654	 0.00042263
-1.91321	 0.000501201
-1.90987	 0.000434556
-1.90654	 0.000511068
-1.90321	 0.00047918
-1.89987	 0.000414013
-1.89654	 0.000438941
-1.89321	 0.000573475
-1.88987	 0.000405061
-1.88654	 0.000419301
-1.88321	 0.000484732
-1.87987	 0.000477325
-1.87654	 0.000450378
-1.87321	 0.000422365
-1.86988	 0.000480278
-1.86654	 0.000565341
-1.86321	 0.000493268
-1.85988	 0.000571503
-1.85654	 0.000435954
-1.85321	 0.000345905
-1.84988	 0.000412312
-1.84654	 0.000503797
-1.84321	 0.000524724
-1.83988	 0.000343552
-1.83654	 0.000422615
-1.83321	 0.00044169
-1.82988	 0.000442335
-1.82654	 0.000548815
-1.82321	 0.000469233
-1.81988	 0.000351665
-1.81655	 0.00041421
-1.81321	 0.000483575
-1.80988	 0.00045406
-1.80655	 0.00048787
-1.80321	 0.000527505
-1.79988	 0.000401019
-1.79655	 0.000505535
-1.79321	 0.000440536
-1.78988	 0.00045925
-1.78655	 0.000417876
-1.78321	 0.000475069
-1.77988	 0.000530965
-1.77655	 0.000555054
-1.77322	 0.000461605
-1.76988	 0.000382941
-1.76655	 0.00046944
-1.76322	 0.000445152
-1.75988	 0.000408068
-1.75655	 0.000408042
-1.75322	 0.000407393
-1.74988	 0.000422848
-1.74655	 0.000485957
-1.74322	 0.000459744
-1.73988	 0.000548654
-1.73655	 0.000486486
-1.73322	 0.000473245
-1.72988	 0.000484504
-1.72655	 0.00048109
-1.72322	 0.000443588
-1.71989	 0.000494372
-1.71655	 0.00043224
-1.71322	 0.000475197
-1.70989	 0.00045917
-1.70655	 0.000426978
-1.70322	 0.000438805
-1.69989	 0.000505228
-1.69655	 0.000447403
-1.69322	 0.000483874
-1.68989	 0.000496221
-1.68655	 0.000522749
-1.68322	 0.000535601
-1.67989	 0.000532748
-1.67655	 0.00053379
-1.67322	 0.000467211
-1.66989	 0.000524028
-1.66656	 0.000474618
-1.66322	 0.000444143
-1.65989	 0.000493054
-1.65656	 0.000461389
-1.65322	 0.000441806
-1.64989	 0.000452135
-1.64656	 0.000370422
-1.64322	 0.000508375
-1.63989	 0.000466235
-1.63656	 0.000447782
-1.63322	 0.000471134
-1.62989	 0.000585857
-1.62656	 0.000501829
-1.62323	 0.00061034
-1.61989	 0.000460189
-1.61656	 0.000627597
-1.61323	 0.000548793
-1.60989	 0.000564056
-1.60656	 0.000547755
-1.60323	 0.000546227
-1.59989	 0.000471869
-1.59656	 0.000558864
-1.59323	 0.000647126
-1.58989	 0.000478071
-1.58656	 0.00052813
-1.58323	 0.000526415
-1.57989	 0.000536055
-1.57656	 0.000602399
-1.57323	 0.000475229
-1.5699	 0.000462305
-1.56656	 0.000583205
-1.56323	 0.000544232
-1.5599	 0.000581169
-1.55656	 0.000526866
-1.55323	 0.000594029
-1.5499	 0.000558045
-1.54656	 0.000443956
-1.54323	 0.000499019
-1.5399	 0.000596694
-1.53656	 0.000529378
-1.53323	 0.000608059
-1.5299	 0.000670413
-1.52656	 0.000701242
-1.52323	 0.000649136
-1.5199	 0.000548281
-1.51657	 0.000691502
-1.51323	 0.000579575
-1.5099	 0.00051417
-1.50657	 0.000782863
-1.50323	 0.000652531
-1.4999	 0.000607678
-1.49657	 0.000585812
-1.49323	 0.000568713
-1.4899	 0.000717321
-1.48657	 0.000630033
-1.48323	 0.000757652
-1.4799	 0.000756757
-1.47657	 0.000584607
-1.47324	 0.000579013
-1.4699	 0.00058844
-1.46657	 0.000632167
-1.46324	 0.00050478
-1.4599	 0.000667681
-1.45657	 0.000516955
-1.45324	 0.000665435
-1.4499	 0.000551733
-1.44657	 0.000724459
-1.44324	 0.000832028
-1.4399	 0.000767069
-1.43657	 0.000696622
-1.43324	 0.000727885
-1.4299	 0.000781784
-1.42657	 0.000750288
-1.42324	 0.000791732
-1.41991	 0.00085318
-1.41657	 0.000756076
-1.41324	 0.000818306
-1.40991	 0.00060815
-1.40657	 0.000739071
-1.40324	 0.000643116
-1.39991	 0.000849584
-1.39657	 0.00104132
-1.39324	 0.000951929
-1.38991	 0.000826058
-1.38657	 0.000891413
-1.38324	 0.00100183
-1.37991	 0.000848789
-1.37657	 0.000830958
-1.37324	 0.00092759
-1.36991	 0.000563335
-1.36658	 0.000938804
-1.36324	 0.00105138
-1.35991	 0.000922928
-1.35658	 0.000878155
-1.35324	 0.00121351
-1.34991	 0.000961201
-1.34658	 0.00105035
-1.34324	 0.00110188
-1.33991	 0.00113117
-1.33658	 0.00135751
-1.33324	 0.00104822
-1.32991	 0.000956665
-1.32658	 0.00116212
-1.32325	 0.00123259
-1.31991	 0.00127434
-1.31658	 0.00131983
-1.31325	 0.00121549
-1.30991	 0.00140338
-1.30658	 0.00142174
-1.30325	 0.00166513
-1.29991	 0.00184204
-1.29658	 0.00169331
-1.29325	 0.00138817
-1.28991	 0.00127909
-1.28658	 0.00191755
-1.28325	 0.00198772
-1.27991	 0.00182907
-1.27658	 0.00185506
-1.27325	 0.00182301
-1.26992	 0.00186775
-1.26658	 0.00169675
-1.26325	 0.0019333
-1.25992	 0.0023347
-1.25658	 0.00196482
-1.25325	 0.00243873
-1.24992	 0.00187837
-1.24658	 0.0023613
-1.24325	 0.00274811
-1.23992	 0.00297456
-1.23658	 0.00215697
-1.23325	 0.00284341
-1.22992	 0.00323004
-1.22658	 0.0032126
-1.22325	 0.00314579
-1.21992	 0.00424555
-1.21659	 0.00394863
-1.21325	 0.00342667
-1.20992	 0.0053752
-1.20659	 0.00583888
-1.20325	 0.00528134
-1.19992	 0.00738666
-1.19659	 0.00943384
-1.19325	 0.00903366
-1.18992	 0.0113637
-1.18659	 0.0113599
-1.18325	 0.0125436
-1.17992	 0.0114709
-1.17659	 0.00839619
-1.17326	 0.00882005
-1.16992	 0.00655439
-1.16659	 0.00673881
-1.16326	 0.00506806
-1.15992	 0.00528984
-1.15659	 0.00426627
-1.15326	 0.00396352
-1.14992	 0.00319272
-1.14659	 0.0035082
-1.14326	 0.00327433
-1.13992	 0.00301963
-1.13659	 0.00299812
-1.13326	 0.0025554
-1.12992	 0.00303977
-1.12659	 0.00282192
-1.12326	 0.00253903
-1.11993	 0.00188297
-1.11659	 0.00200153
-1.11326	 0.00196841
-1.10993	 0.00202002
-1.10659	 0.00176557
-1.10326	 0.00173828
-1.09993	 0.00150046
-1.09659	 0.00151721
-1.09326	 0.00142737
-1.08993	 0.00178203
-1.08659	 0.00129314
-1.08326	 0.00138235
-1.07993	 0.00147814
-1.07659	 0.00125389
-1.07326	 0.00142435
-1.06993	 0.00135576
-1.0666	 0.00136058
-1.06326	 0.00121349
-1.05993	 0.00144403
-1.0566	 0.00126395
-1.05326	 0.000944807
-1.04993	 0.00102874
-1.0466	 0.00102005
-1.04326	 0.00106021
-1.03993	 0.00108375
-1.0366	 0.00107381
-1.03326	 0.000854862
-1.02993	 0.000914976
-1.0266	 0.000930085
-1.02327	 0.00102126
-1.01993	 0.000905554
-1.0166	 0.000957909
-1.01327	 0.00100753
-1.00993	 0.000867065
-1.0066	 0.000807749
-1.00327	 0.000775543
-0.999933	 0.000875432
-0.9966	 0.000961254
-0.993267	 0.00101657
-0.989934	 0.000875381
-0.986601	 0.000880477
-0.983268	 0.000844668
-0.979935	 0.000788687
-0.976602	 0.000765691
-0.973268	 0.000892762
-0.969935	 0.000622586
-0.966602	 0.000656497
-0.963269	 0.000733293
-0.959936	 0.000706551
-0.956603	 0.000730655
-0.95327	 0.000820065
-0.949937	 0.000837744
-0.946604	 0.000913981
-0.94327	 0.000617875
-0.939937	 0.000681177
-0.936604	 0.00056963
-0.933271	 0.000767053
-0.929938	 0.000671034
-0.926605	 0.000687232
-0.923272	 0.000708337
-0.919939	 0.000713532
-0.916606	 0.000556887
-0.913272	 0.000578499
-0.909939	 0.000644529
-0.906606	 0.000734096
-0.903273	 0.000654314
-0.89994	 0.000675588
-0.896607	 0.000608759
-0.893274	 0.000660517
-0.889941	 0.000779565
-0.886608	 0.000528977
-0.883274	 0.000688685
-0.879941	 0.000622311
-0.876608	 0.000626576
-0.873275	 0.000739423
-0.869942	 0.00052367
-0.866609	 0.000632913
-0.863276	 0.000690222
-0.859943	 0.000621663
-0.85661	 0.000682327
-0.853276	 0.00049578
-0.849943	 0.00067702
-0.84661	 0.000614869
-0.843277	 0.000591314
-0.839944	 0.000617524
-0.836611	 0.0005592
-0.833278	 0.00061417
-0.829945	 0.000476579
-0.826612	 0.000592044
-0.823278	 0.000614304
-0.819945	 0.0007094
-0.816612	 0.000528323
-0.813279	 0.000510493
-0.809946	 0.000540806
-0.806613	 0.000516009
-0.80328	 0.000502992
-0.799947	 0.000461996
-0.796614	 0.000446016
-0.79328	 0.000512895
-0.789947	 0.000601546
-0.786614	 0.00057223
-0.783281	 0.000570331
-0.779948	 0.000492903
-0.776615	 0.000574016
-0.773282	 0.000561238
-0.769949	 0.000425668
-0.766616	 0.000480128
-0.763282	 0.000531409
-0.759949	 0.000537451
-0.756616	 0.000551019
-0.753283	 0.000567592
-0.74995	 0.000444905
-0.746617	 0.000484433
-0.743284	 0.00050731
-0.739951	 0.000535627
-0.736618	 0.000557101
-0.733284	 0.000498925
-0.729951	 0.00050923
-0.726618	 0.000522503
-0.723285	 0.000549301
-0.719952	 0.000511786
-0.716619	 0.000574454
-0.713286	 0.000618871
-0.709953	 0.000445154
-0.70662	 0.000527303
-0.703286	 0.000520349
-0.699953	 0.000571123
-0.69662	 0.000642305
-0.693287	 0.000486813
-0.689954	 0.000570552
-0.686621	 0.000573002
-0.683288	 0.000559876
-0.679955	 0.000595344
-0.676622	 0.000509957
-0.673288	 0.000478096
-0.669955	 0.00047251
-0.666622	 0.000545742
-0.663289	 0.000576088
-0.659956	 0.000430321
-0.656623	 0.000455041
-0.65329	 0.000552154
-0.649957	 0.00051462
-0.646624	 0.000531119
-0.64329	 0.000502089
-0.639957	 0.000415641
-0.636624	 0.000519458
-0.633291	 0.000428581
-0.629958	 0.000451434
-0.626625	 0.00052442
-0.623292	 0.000596044
-0.619959	 0.000452911
-0.616626	 0.000565223
-0.613292	 0.000398218
-0.609959	 0.000522059
-0.606626	 0.000537973
-0.603293	 0.000563603
-0.59996	 0.000521585
-0.596627	 0.000493254
-0.593294	 0.000411042
-0.589961	 0.000581138
-0.586628	 0.000501664
-0.583294	 0.000582023
-0.579961	 0.000567306
-0.576628	 0.000585109
-0.573295	 0.000555006
-0.569962	 0.000570669
-0.566629	 0.000653584
-0.563296	 0.000513974
-0.559963	 0.000533321
-0.55663	 0.000512596
-0.553296	 0.000636679
-0.549963	 0.000509219
-0.54663	 0.000559983
-0.543297	 0.000473586
-0.539964	 0.000655846
-0.536631	 0.000685438
-0.533298	 0.000570197
-0.529965	 0.000554805
-0.526632	 0.000505744
-0.523298	 0.000532514
-0.519965	 0.000578743
-0.516632	 0.000615757
-0.513299	 0.000569884
-0.509966	 0.000602726
-0.506633	 0.000415505
-0.5033	 0.000562531
-0.499967	 0.000553088
-0.496634	 0.000537127
-0.4933	 0.000484625
-0.489967	 0.000610855
-0.486634	 0.00060161
-0.483301	 0.000548848
-0.479968	 0.000534682
-0.476635	 0.000476741
-0.473302	 0.000659172
-0.469969	 0.000604884
-0.466636	 0.000564467
-0.463302	 0.000810186
-0.459969	 0.000558633
-0.456636	 0.000521065
-0.453303	 0.000582162
-0.44997	 0.000641779
-0.446637	 0.000495747
-0.443304	 0.000591357
-0.439971	 0.000537931
-0.436638	 0.000537763
-0.433304	 0.000523058
-0.429971	 0.000557091
-0.426638	 0.000582895
-0.423305	 0.000566723
-0.419972	 0.000639029
-0.416639	 0.000691126
-0.413306	 0.000610362
-0.409973	 0.000744521
-0.40664	 0.000574877
-0.403306	 0.000720317
-0.399973	 0.000602703
-0.39664	 0.000545791
-0.393307	 0.000522358
-0.389974	 0.000667421
-0.386641	 0.000586145
-0.383308	 0.000518413
-0.379975	 0.000604284
-0.376642	 0.000521914
-0.373308	 0.000657503
-0.369975	 0.000680764
-0.366642	 0.000744776
-0.363309	 0.000641991
-0.359976	 0.000828155
-0.356643	 0.00059739
-0.35331	 0.000741243
-0.349977	 0.000753755
-0.346644	 0.000700698
-0.34331	 0.00071133
-0.339977	 0.000670682
-0.336644	 0.000688486
-0.333311	 0.000659672
-0.329978	 0.000696703
-0.326645	 0.000650667
-0.323312	 0.000693764
-0.319979	 0.000758192
-0.316646	 0.000719955
-0.313312	 0.00068582
-0.309979	 0.000665919
-0.306646	 0.000726629
-0.303313	 0.000708997
-0.29998	 0.000847011
-0.296647	 0.000850058
-0.293314	 0.000741036
-0.289981	 0.000878126
-0.286648	 0.000790264
-0.283314	 0.000758811
-0.279981	 0.000939518
-0.276648	 0.000801504
-0.273315	 0.00104807
-0.269982	 0.000877067
-0.266649	 0.000747411
-0.263316	 0.000986421
-0.259983	 0.000645806
-0.25665	 0.00115519
-0.253316	 0.000940936
-0.249983	 0.000852883
-0.24665	 0.000838812
-0.243317	 0.000830027
-0.239984	 0.000818507
-0.236651	 0.000949019
-0.233318	 0.000994316
-0.229985	 0.00105138
-0.226652	 0.000837369
-0.223318	 0.000993493
-0.219985	 0.00106311
-0.216652	 0.00102766
-0.213319	 0.000862799
-0.209986	 0.00106337
-0.206653	 0.000961122
-0.20332	 0.00109955
-0.199987	 0.000993313
-0.196654	 0.00143397
-0.19332	 0.000971541
-0.189987	 0.00095305
-0.186654	 0.00103219
-0.183321	 0.00122446
-0.179988	 0.00134513
-0.176655	 0.00105743
-0.173322	 0.00134123
-0.169989	 0.00125199
-0.166656	 0.0013236
-0.163322	 0.00138093
-0.159989	 0.0011817
-0.156656	 0.00131426
-0.153323	 0.00141421
-0.14999	 0.00174458
-0.146657	 0.00142829
-0.143324	 0.00129126
-0.139991	 0.00159664
-0.136658	 0.00151561
-0.133324	 0.00166575
-0.129991	 0.00131948
-0.126658	 0.00131642
-0.123325	 0.00158908
-0.119992	 0.00188071
-0.116659	 0.00168203
-0.113326	 0.00171548
-0.109993	 0.00196584
-0.10666	 0.00159394
-0.103326	 0.0023999
-0.0999933	 0.00194444
-0.0966602	 0.00200672
-0.0933271	 0.00232417
-0.089994	 0.00238555
-0.0866609	 0.00252516
-0.0833278	 0.0018925
-0.0799947	 0.00264515
-0.0766616	 0.0024777
-0.0733284	 0.00310422
-0.0699953	 0.00314395
-0.0666622	 0.00304681
-0.0633291	 0.00294019
-0.059996	 0.00315912
-0.0566629	 0.00344409
-0.0533298	 0.00393037
-0.0499967	 0.00420067
-0.0466636	 0.00423298
-0.0433304	 0.00479666
-0.0399973	 0.00436538
-0.0366642	 0.00545752
-0.0333311	 0.00604091
-0.029998	 0.00719527
-0.0266649	 0.00811704
-0.0233318	 0.010505
-0.0199987	 0.0126994
-0.0166656	 0.0134225
-0.0133324	 0.0166128
-0.00999933	 0.0261331
-0.00666622	 0.0436489
-0.00333311	 0.00355339
0	 1
0.00333311	 0.0448345
0.00666622	 0.0298566
0.00999933	 0.0161901
0.0133324	 0.0154175
0.0166656	 0.0119058
0.0199987	 0.0110295
0.0233318	 0.00878214
0.0266649	 0.00700916
0.029998	 0.0064398
0.0333311	 0.00527752
0.0366642	 0.00424405
0.0399973	 0.00467568
0.0433304	 0.00468818
0.0466636	 0.00412954
0.0499967	 0.00400088
0.0533298	 0.00335847
0.0566629	 0.00306952
0.059996	 0.00277394
0.0633291	 0.00330593
0.0666622	 0.00319678
0.0699953	 0.00294295
0.0733284	 0.00214334
0.0766616	 0.00296882
0.0799947	 0.00224354
0.0833278	 0.00244191
0.0866609	 0.00230493
0.089994	 0.00198319
0.0933271	 0.00214539
0.0966602	 0.00187127
0.0999933	 0.00233833
0.103326	 0.00190386
0.10666	 0.00197232
0.109993	 0.00177276
0.113326	 0.00143445
0.116659	 0.00169893
0.119992	 0.00177417
0.123325	 0.00142466
0.126658	 0.00140324
0.129991	 0.00179504
0.133324	 0.00137501
0.136658	 0.00143748
0.139991	 0.00150507
0.143324	 0.00147344
0.146657	 0.00162571
0.14999	 0.00145142
0.153323	 0.00117863
0.156656	 0.00134983
0.159989	 0.00137101
0.163322	 0.00136468
0.166656	 0.00125185
0.169989	 0.00131997
0.173322	 0.00119549
0.176655	 0.00128305
0.179988	 0.00102194
0.183321	 0.00111539
0.186654	 0.00107942
0.189987	 0.00109583
0.19332	 0.00111462
0.196654	 0.00106923
0.199987	 0.00101106
0.20332	 0.00100168
0.206653	 0.00103191
0.209986	 0.000919949
0.213319	 0.00118146
0.216652	 0.000998773
0.219985	 0.000953914
0.223318	 0.000969262
0.226652	 0.000838468
0.229985	 0.00109192
0.233318	 0.000916273
0.236651	 0.000971326
0.239984	 0.000982415
0.243317	 0.00096269
0.24665	 0.000807272
0.249983	 0.000953948
0.253316	 0.000927255
0.25665	 0.000950447
0.259983	 0.000780955
0.263316	 0.000840133
0.266649	 0.000818292
0.269982	 0.000969004
0.273315	 0.000751214
0.276648	 0.000839481
0.279981	 0.000890877
0.283314	 0.000576426
0.286648	 0.000922915
0.289981	 0.00066416
0.293314	 0.000798556
0.296647	 0.00084923
0.29998	 0.000709069
0.303313	 0.000699187
0.306646	 0.000755824
0.309979	 0.000604678
0.313312	 0.000698604
0.316646	 0.000613878
0.319979	 0.000566625
0.323312	 0.000919485
0.326645	 0.000829866
0.329978	 0.000571527
0.333311	 0.000653046
0.336644	 0.000653489
0.339977	 0.000788945
0.34331	 0.000661945
0.346644	 0.000607456
0.349977	 0.000715342
0.35331	 0.000546464
0.356643	 0.00067266
0.359976	 0.000614566
0.363309	 0.000602178
0.366642	 0.000644819
0.369975	 0.00066655
0.373308	 0.000613825
0.376642	 0.000684206
0.379975	 0.000663386
0.383308	 0.000651651
0.386641	 0.000590334
0.389974	 0.00052891
0.393307	 0.00063449
0.39664	 0.000514454
0.399973	 0.000625819
0.403306	 0.000598126
0.40664	 0.000723854
0.409973	 0.000530655
0.413306	 0.000733659
0.416639	 0.000616363
0.419972	 0.000562642
0.423305	 0.000635302
0.426638	 0.000711217
0.429971	 0.00053727
0.433304	 0.000543973
0.436638	 0.00067651
0.439971	 0.000526579
0.443304	 0.000451142
0.446637	 0.000661122
0.44997	 0.000737811
0.453303	 0.000537997
0.456636	 0.00053649
0.459969	 0.00060042
0.463302	 0.000593391
0.466636	 0.000481171
0.469969	 0.000700665
0.473302	 0.000474677
0.476635	 0.000615491
0.479968	 0.000537448
0.483301	 0.000622829
0.486634	 0.000500621
0.489967	 0.000503483
0.4933	 0.000531118
0.496634	 0.000672389
0.499967	 0.000554971
0.5033	 0.000556912
0.506633	 0.00063064
0.509966	 0.000562101
0.513299	 0.000638163
0.516632	 0.000461002
0.519965	 0.000472434
0.523298	 0.000465179
0.526632	 0.000568934
0.529965	 0.000501131
0.533298	 0.000572035
0.536631	 0.000541934
0.539964	 0.000421336
0.543297	 0.000484796
0.54663	 0.000541747
0.549963	 0.000568356
0.553296	 0.00060294
0.55663	 0.000657142
0.559963	 0.000494022
0.563296	 0.000557979
0.566629	 0.000578261
0.569962	 0.000583591
0.573295	 0.000526063
0.576628	 0.000537227
0.579961	 0.000439156
0.583294	 0.000467851
0.586628	 0.000528989
0.589961	 0.000556215
0.593294	 0.000458819
0.596627	 0.000492297
0.59996	 0.000616498
0.603293	 0.000489445
0.606626	 0.000485057
0.609959	 0.000496026
0.613292	 0.00046026
0.616626	 0.000553842
0.619959	 0.000460377
0.623292	 0.000453987
0.626625	 0.000395497
0.629958	 0.000473551
0.633291	 0.000493738
0.636624	 0.000548823
0.639957	 0.000509139
0.64329	 0.000558395
0.646624	 0.000449301
0.649957	 0.000536438
0.65329	 0.000570956
0.656623	 0.000468322
0.659956	 0.0006293
0.663289	 0.000503363
0.666622	 0.000492768
0.669955	 0.00051379
0.673288	 0.000560646
0.676622	 0.000597637
0.679955	 0.000506415
0.683288	 0.000575061
0.686621	 0.000505911
0.689954	 0.000481546
0.693287	 0.000478832
0.69662	 0.000607885
0.699953	 0.000472781
0.703286	 0.000579583
0.70662	 0.000523614
0.709953	 0.000530687
0.713286	 0.000547009
0.716619	 0.000533063
0.719952	 0.000618342
0.723285	 0.000440063
0.726618	 0.000526131
0.729951	 0.000453667
0.733284	 0.000489812
0.736618	 0.000526052
0.739951	 0.000482449
0.743284	 0.000548772
0.746617	 0.000561386
0.74995	 0.000454362
0.753283	 0.000580098
0.756616	 0.000591873
0.759949	 0.000475738
0.763282	 0.000461127
0.766616	 0.000569162
0.769949	 0.000523043
0.773282	 0.000632493
0.776615	 0.000507173
0.779948	 0.000450568
0.783281	 0.000439784
0.786614	 0.000576114
0.789947	 0.000549518
0.79328	 0.000520698
0.796614	 0.000438726
0.799947	 0.000437628
0.80328	 0.000632724
0.806613	 0.000539787
0.809946	 0.000650768
0.813279	 0.000602932
0.816612	 0.000656986
0.819945	 0.000705023
0.823278	 0.000447848
0.826612	 0.000542401
0.829945	 0.000571627
0.833278	 0.000626579
0.836611	 0.000579074
0.839944	 0.00062254
0.843277	 0.000552201
0.84661	 0.00064475
0.849943	 0.000498406
0.853276	 0.000526548
0.85661	 0.000525472
0.859943	 0.000660292
0.863276	 0.000515334
0.866609	 0.000566365
0.869942	 0.000597667
0.873275	 0.00069491
0.876608	 0.000667553
0.879941	 0.00066011
0.883274	 0.000525662
0.886608	 0.000726109
0.889941	 0.000732851
0.893274	 0.000564783
0.896607	 0.000640926
0.89994	 0.000760017
0.903273	 0.00072594
0.906606	 0.000766495
0.909939	 0.00055956
0.913272	 0.000686462
0.916606	 0.000561887
0.919939	 0.000704521
0.923272	 0.000648467
0.926605	 0.000789929
0.929938	 0.000679288
0.933271	 0.000645545
0.936604	 0.00063789
0.939937	 0.000685252
0.94327	 0.000680782
0.946604	 0.000733203
0.949937	 0.000851365
0.95327	 0.000679462
0.956603	 0.000756406
0.959936	 0.000695873
0.963269	 0.000762593
0.966602	 0.000740817
0.969935	 0.000961007
0.973268	 0.000873561
0.976602	 0.00086786
0.979935	 0.000880088
0.983268	 0.000966653
0.986601	 0.000997021
0.989934	 0.000854738
0.993267	 0.000838285
0.9966	 0.000968183
0.999933	 0.000827965
1.00327	 0.000830506
1.0066	 0.000911954
1.00993	 0.00088299
1.01327	 0.000880828
1.0166	 0.00103586
1.01993	 0.000918138
1.02327	 0.000894124
1.0266	 0.000903104
1.02993	 0.000969715
1.03326	 0.00118693
1.0366	 0.000969491
1.03993	 0.00115237
1.04326	 0.00101894
1.0466	 0.00112151
1.04993	 0.000964804
1.05326	 0.00118726
1.0566	 0.00122079
1.05993	 0.00106071
1.06326	 0.00165128
1.0666	 0.00130058
1.06993	 0.00130942
1.07326	 0.0010895
1.07659	 0.00145695
1.07993	 0.00127692
1.08326	 0.00118252
1.08659	 0.00159805
1.08993	 0.00123433
1.09326	 0.00145015
1.09659	 0.00129109
1.09993	 0.0016881
1.10326	 0.00166087
1.10659	 0.00194304
1.10993	 0.00185134
1.11326	 0.00183051
1.11659	 0.00192912
1.11993	 0.00234173
1.12326	 0.00251049
1.12659	 0.00284984
1.12992	 0.00240502
1.13326	 0.00324804
1.13659	 0.00325293
1.13992	 0.00303629
1.14326	 0.00352207
1.14659	 0.00254227
1.14992	 0.00369441
1.15326	 0.00372008
1.15659	 0.00534378
1.15992	 0.00471207
1.16326	 0.00637803
1.16659	 0.0068918
1.16992	 0.00741213
1.17326	 0.00868216
1.17659	 0.0126657
1.17992	 0.0114035
1.18325	 0.0114372
1.18659	 0.0117405
1.18992	 0.00994522
1.19325	 0.00912055
1.19659	 0.0076701
1.19992	 0.00555381
1.20325	 0.00611402
1.20659	 0.00496989
1.20992	 0.00378028
1.21325	 0.00370908
1.21659	 0.00365327
1.21992	 0.00324377
1.22325	 0.00301398
1.22658	 0.00373502
1.22992	 0.0026913
1.23325	 0.00258134
1.23658	 0.00252539
1.23992	 0.00245186
1.24325	 0.00216506
1.24658	 0.00212901
1.24992	 0.00227756
1.25325	 0.00182279
1.25658	 0.00226459
1.25992	 0.00190587
1.26325	 0.00229601
1.26658	 0.00189149
1.26992	 0.0017853
1.27325	 0.00155501
1.27658	 0.00213494
1.27991	 0.00192722
1.28325	 0.00158202
1.28658	 0.0014379
1.28991	 0.00144946
1.29325	 0.0014476
1.29658	 0.00192761
1.29991	 0.00116122
1.30325	 0.00110871
1.30658	 0.00122307
1.30991	 0.00125937
1.31325	 0.00137229
1.31658	 0.00140411
1.31991	 0.00120918
1.32325	 0.00114305
1.32658	 0.00115422
1.32991	 0.00120289
1.33324	 0.001053
1.33658	 0.00108952
1.33991	 0.000943416
1.34324	 0.00113815
1.34658	 0.000978864
1.34991	 0.000987813
1.35324	 0.00116462
1.35658	 0.000918691
1.35991	 0.000773342
1.36324	 0.000899816
1.36658	 0.00110711
1.36991	 0.00105532
1.37324	 0.000781164
1.37657	 0.00106549
1.37991	 0.0011636
1.38324	 0.000851401
1.38657	 0.000795546
1.38991	 0.000778196
1.39324	 0.000858691
1.39657	 0.000762051
1.39991	 0.000914615
1.40324	 0.0006508
1.40657	 0.000749855
1.40991	 0.000784647
1.41324	 0.000761939
1.41657	 0.000891269
1.41991	 0.00054921
1.42324	 0.00078497
1.42657	 0.000722264
1.4299	 0.000850629
1.43324	 0.000545777
1.43657	 0.00071723
1.4399	 0.000825999
1.44324	 0.000669166
1.44657	 0.000633763
1.4499	 0.000702642
1.45324	 0.000532861
1.45657	 0.000694647
1.4599	 0.000721303
1.46324	 0.00041564
1.46657	 0.000510796
1.4699	 0.000606293
1.47324	 0.000690067
1.47657	 0.000702732
1.4799	 0.000774617
1.48323	 0.000663358
1.48657	 0.000727203
1.4899	 0.000731
1.49323	 0.000551461
1.49657	 0.000790624
1.4999	 0.000654397
1.50323	 0.000585556
1.50657	 0.000631242
1.5099	 0.000613772
1.51323	 0.000645658
1.51657	 0.000589039
1.5199	 0.000600373
1.52323	 0.00065374
1.52656	 0.000591581
1.5299	 0.000563102
1.53323	 0.000520754
1.53656	 0.00061445
1.5399	 0.000676834
1.54323	 0.000587837
1.54656	 0.000539233
1.5499	 0.000623854
1.55323	 0.000571584
1.55656	 0.000539217
1.5599	 0.000479453
1.56323	 0.000580802
1.56656	 0.000594392
1.5699	 0.000572101
1.57323	 0.000456307
1.57656	 0.000473029
1.57989	 0.000496998
1.58323	 0.000585062
1.58656	 0.00054858
1.58989	 0.000652872
1.59323	 0.000486616
1.59656	 0.000526737
1.59989	 0.000506672
1.60323	 0.000444508
1.60656	 0.000521116
1.60989	 0.000535846
1.61323	 0.000612187
1.61656	 0.000560721
1.61989	 0.000679212
1.62323	 0.000545848
1.62656	 0.000582724
1.62989	 0.000522059
1.63322	 0.00054344
1.63656	 0.00055064
1.63989	 0.000414061
1.64322	 0.000463254
1.64656	 0.000491342
1.64989	 0.000504274
1.65322	 0.000567244
1.65656	 0.000441443
1.65989	 0.00046635
1.66322	 0.000445295
1.66656	 0.000408733
1.66989	 0.000507993
1.67322	 0.000454551
1.67655	 0.000453339
1.67989	 0.000442681
1.68322	 0.000415352
1.68655	 0.00044104
1.68989	 0.000550701
1.69322	 0.000442513
1.69655	 0.000419799
1.69989	 0.000412145
1.70322	 0.000426547
1.70655	 0.000435019
1.70989	 0.000415752
1.71322	 0.000466156
1.71655	 0.000455677
1.71989	 0.000457778
1.72322	 0.00038425
1.72655	 0.00040787
1.72988	 0.000446858
1.73322	 0.000450452
1.73655	 0.000582155
1.73988	 0.000396213
1.74322	 0.000548884
1.74655	 0.000429883
1.74988	 0.000417178
1.75322	 0.000501279
1.75655	 0.000410701
1.75988	 0.000440394
1.76322	 0.000518506
1.76655	 0.000439088
1.76988	 0.000380482
1.77322	 0.000446039
1.77655	 0.000520417
1.77988	 0.000418967
1.78321	 0.000431852
1.78655	 0.000463656
1.78988	 0.000577152
1.79321	 0.000386817
1.79655	 0.000422853
1.79988	 0.000464555
1.80321	 0.000516961
1.80655	 0.00047941
1.80988	 0.00052083
1.81321	 0.000551609
1.81655	 0.000500926
1.81988	 0.000347244
1.82321	 0.000501727
1.82654	 0.000384448
1.82988	 0.000437525
1.83321	 0.000451688
1.83654	 0.000431776
1.83988	 0.000538831
1.84321	 0.000438001
1.84654	 0.000404855
1.84988	 0.000446976
1.85321	 0.000409928
1.85654	 0.000463733
1.85988	 0.000500914
1.86321	 0.000422234
1.86654	 0.000408552
1.86988	 0.000424644
1.87321	 0.000457068
1.87654	 0.000501206
1.87987	 0.000494344
1.88321	 0.000499117
1.88654	 0.000362767
1.88987	 0.000435072
1.89321	 0.00041202
1.89654	 0.000411599
1.89987	 0.000428717
1.90321	 0.000466719
1.90654	 0.000446682
1.90987	 0.00041876
1.91321	 0.000468419
1.91654	 0.000473697
1.91987	 0.000505836
1.92321	 0.000544611
1.92654	 0.000501948
1.92987	 0.000497437
1.9332	 0.000575893
1.93654	 0.00041912
1.93987	 0.000520061
1.9432	 0.000402621
1.94654	 0.000435944
1.94987	 0.000430047
1.9532	 0.000479348
1.95654	 0.000518785
1.95987	 0.000518592
1.9632	 0.00057543
1.96654	 0.000399064
1.96987	 0.000523244
1.9732	 0.000544771
1.97653	 0.000500681
1.97987	 0.000515126
1.9832	 0.000547606
1.98653	 0.000494107
1.98987	 0.000439113
1.9932	 0.000511576
1.99653	 0.000464632
1.99987	 0.000557073
2.0032	 0.000441435
2.00653	 0.000512633
2.00987	 0.000523892
2.0132	 0.000536762
2.01653	 0.000449394
2.01987	 0.000593721
2.0232	 0.000449296
2.02653	 0.000521481
2.02986	 0.000488939
2.0332	 0.000540244
2.03653	 0.000581381
2.03986	 0.000505489
2.0432	 0.000533993
2.04653	 0.000602886
2.04986	 0.000543385
2.0532	 0.000614816
2.05653	 0.000365473
2.05986	 0.000583825
2.0632	 0.000593613
2.06653	 0.000600827
2.06986	 0.000589968
2.0732	 0.000597181
2.07653	 0.000650207
2.07986	 0.000531719
2.08319	 0.000569939
2.08653	 0.000546777
2.08986	 0.000632728
2.09319	 0.000547602
2.09653	 0.000515292
2.09986	 0.000587288
2.10319	 0.000582934
2.10653	 0.000697476
2.10986	 0.000602872
2.11319	 0.000588211
2.11653	 0.000641298
2.11986	 0.000575115
2.12319	 0.000637523
2.12652	 0.000611127
2.12986	 0.000566752
2.13319	 0.000584488
2.13652	 0.000784023
2.13986	 0.000758587
2.14319	 0.000550382
2.14652	 0.000642123
2.14986	 0.000716166
2.15319	 0.000792177
2.15652	 0.000610892
2.15986	 0.000668095
2.16319	 0.000620687
2.16652	 0.000684564
2.16986	 0.000666003
2.17319	 0.000839373
2.17652	 0.000659138
2.17985	 0.000838083
2.18319	 0.000672788
2.18652	 0.000866285
2.18985	 0.00071594
2.19319	 0.000703974
2.19652	 0.000800959
2.19985	 0.000837854
2.20319	 0.000712294
2.20652	 0.000897567
2.20985	 0.000932174
2.21319	 0.00089043
2.21652	 0.000845499
2.21985	 0.00100681
2.22319	 0.00105771
2.22652	 0.000775393
2.22985	 0.00105473
2.23318	 0.00103733
2.23652	 0.00108154
2.23985	 0.000898101
2.24318	 0.00105959
2.24652	 0.00108652
2.24985	 0.00138755
2.25318	 0.00106853
2.25652	 0.00105666
2.25985	 0.00131162
2.26318	 0.00104529
2.26652	 0.00138122
2.26985	 0.00125709
2.27318	 0.00129527
2.27651	 0.00137627
2.27985	 0.00122887
2.28318	 0.0011835
2.28651	 0.00134218
2.28985	 0.00168155
2.29318	 0.00159409
2.29651	 0.00152358
2.29985	 0.00173323
2.30318	 0.00167518
2.30651	 0.00186265
2.30985	 0.00171115
2.31318	 0.00171809
2.31651	 0.0018004
2.31985	 0.00166781
2.32318	 0.00193392
2.32651	 0.00224965
2.32984	 0.00229967
2.33318	 0.00264506
2.33651	 0.00307098
2.33984	 0.00212066
2.34318	 0.00245739
2.34651	 0.00278597
2.34984	 0.0029054
2.35318	 0.0032417
2.35651	 0.00255179
2.35984	 0.003061
2.36318	 0.00241877
2.36651	 0.00305325
2.36984	 0.00278503
2.37318	 0.0024351
2.37651	 0.00267042
2.37984	 0.00311793
2.38317	 0.00283569
2.38651	 0.00326743
2.38984	 0.00330175
2.39317	 0.00344994
2.39651	 0.0031307
2.39984	 0.00298249
2.40317	 0.00258195
2.40651	 0.00247839
2.40984	 0.00246817
2.41317	 0.00267868
2.41651	 0.00230261
2.41984	 0.00221079
2.42317	 0.00218365
2.4265	 0.00148233
2.42984	 0.00243351
2.43317	 0.00186422
2.4365	 0.00167719
2.43984	 0.001929
2.44317	 0.00219223
2.4465	 0.00171446
2.44984	 0.00177858
2.45317	 0.00190843
2.4565	 0.0018014
2.45984	 0.00147679
2.46317	 0.00125954
2.4665	 0.00155264
2.46984	 0.00146997
2.47317	 0.00150028
2.4765	 0.00144013
2.47983	 0.00148517
2.48317	 0.00115348
2.4865	 0.00149898
2.48983	 0.00133889
2.49317	 0.00129033
2.4965	 0.0015657
2.49983	 0.0011319
2.50317	 0.00123179
2.5065	 0.00117139
2.50983	 0.00143719
2.51317	 0.0012862
2.5165	 0.00135694
2.51983	 0.00126631
2.52317	 0.00113588
2.5265	 0.00121459
2.52983	 0.00109135
2.53316	 0.00100054
2.5365	 0.00104112
2.53983	 0.000994749
2.54316	 0.000874575
2.5465	 0.00111931
2.54983	 0.00119863
2.55316	 0.00115147
2.5565	 0.000943365
2.55983	 0.000790826
2.56316	 0.00105872
2.5665	 0.00100079
2.56983	 0.000874625
2.57316	 0.00097537
2.57649	 0.000990365
2.57983	 0.000807918
2.58316	 0.00097196
2.58649	 0.000974141
2.58983	 0.00106774
2.59316	 0.000971484
2.59649	 0.000759093
2.59983	 0.000877475
2.60316	 0.000928879
2.60649	 0.000809456
2.60983	 0.000854698
2.61316	 0.000973445
2.61649	 0.000779726
2.61983	 0.00069422
2.62316	 0.000685467
2.62649	 0.000741346
2.62982	 0.00076064
2.63316	 0.00068304
2.63649	 0.000845518
2.63982	 0.000696311
2.64316	 0.000572746
2.64649	 0.000808833
2.64982	 0.000602759
2.65316	 0.000770914
2.65649	 0.00058824
2.65982	 0.000624599
2.66316	 0.000632366
2.66649	 0.000739538
2.66982	 0.000723928
2.67316	 0.00063785
2.67649	 0.000640422
2.67982	 0.000712774
2.68315	 0.000581878
2.68649	 0.000590438
2.68982	 0.000658473
2.69315	 0.000763431
2.69649	 0.000626702
2.69982	 0.000784235
2.70315	 0.000583487
2.70649	 0.000556979
2.70982	 0.000647864
2.71315	 0.000501345
2.71649	 0.000654759
2.71982	 0.000549674
2.72315	 0.000559497
2.72648	 0.000620892
2.72982	 0.000641944
2.73315	 0.000570419
2.73648	 0.000546396
2.73982	 0.000392991
2.74315	 0.000503522
2.74648	 0.000521029
2.74982	 0.000441527
2.75315	 0.000454401
2.75648	 0.000613445
2.75982	 0.000498246
2.76315	 0.000501514
2.76648	 0.000575944
2.76982	 0.000614237
2.77315	 0.000631687
2.77648	 0.000493378
2.77981	 0.000530269
2.78315	 0.000628443
2.78648	 0.000497814
2.78981	 0.000522493
2.79315	 0.00060787
2.79648	 0.000447395
2.79981	 0.000510869
2.80315	 0.000458478
2.80648	 0.000421673
2.80981	 0.000546314
2.81315	 0.000496085
2.81648	 0.000454616
2.81981	 0.000444475
2.82315	 0.000491
2.82648	 0.000536424
2.82981	 0.000509075
2.83314	 0.000529576
2.83648	 0.000458325
2.83981	 0.000362255
2.84314	 0.000503349
2.84648	 0.000434174
2.84981	 0.000462249
2.85314	 0.000439494
2.85648	 0.000456858
2.85981	 0.000492014
2.86314	 0.00046544
2.86648	 0.000427215
2.86981	 0.000489572
2.87314	 0.000538564
2.87647	 0.000511895
2.87981	 0.000395674
2.88314	 0.000592248
2.88647	 0.000376151
2.88981	 0.000472251
2.89314	 0.000570864
2.89647	 0.000455657
2.89981	 0.00045682
2.90314	 0.000622987
2.90647	 0.000473857
2.90981	 0.000409702
2.91314	 0.000514931
2.91647	 0.0004146
2.91981	 0.000444955
2.92314	 0.000458917
2.92647	 0.00047826
2.9298	 0.0004718
2.93314	 0.000498231
2.93647	 0.000371929
2.9398	 0.000451473
2.94314	 0.000478319
2.94647	 0.000500455
2.9498	 0.000489861
2.95314	 0.00037582
2.95647	 0.000510636
2.9598	 0.000404082
2.96314	 0.000552487
2.96647	 0.000451807
2.9698	 0.000434789
2.97314	 0.000442595
2.97647	 0.00047528
2.9798	 0.000478317
2.98313	 0.00039189
2.98647	 0.000412479
2.9898	 0.000483232
2.99313	 0.000602046
2.99647	 0.00043884
2.9998	 0.000415099
3.00313	 0.000443525
3.00647	 0.000452138
3.0098	 0.000396339
3.01313	 0.000422237
3.01647	 0.000436904
3.0198	 0.000491586
3.02313	 0.000334142
3.02646	 0.000376847
3.0298	 0.000442186
3.03313	 0.000646732
3.03646	 0.000514334
3.0398	 0.00042582
3.04313	 0.000414183
3.04646	 0.000466995
3.0498	 0.000489741
3.05313	 0.000480548
3.05646	 0.000451655
3.0598	 0.000364032
3.06313	 0.000422304
3.06646	 0.000427685
3.0698	 0.00038755
3.07313	 0.000426918
3.07646	 0.000420585
3.07979	 0.00047558
3.08313	 0.000406264
3.08646	 0.000421456
3.08979	 0.000402009
3.09313	 0.000618667
3.09646	 0.000528832
3.09979	 0.000407766
3.10313	 0.000639631
3.10646	 0.000368713
3.10979	 0.00054712
3.11313	 0.000455604
3.11646	 0.000387075
3.11979	 0.000452902
3.12313	 0.000566473
3.12646	 0.000487115
3.12979	 0.000420236
3.13312	 0.000413804
3.13646	 0.000420321
3.13979	 0.000448433
3.14312	 0.000438085
3.14646	 0.000461117
3.14979	 0.000444283
3.15312	 0.000574049
3.15646	 0.00043139
3.15979	 0.00056754
3.16312	 0.000469448
3.16646	 0.000472906
3.16979	 0.000483731
3.17312	 0.000516319
3.17645	 0.000526498
3.17979	 0.000445152
3.18312	 0.000396913
3.18645	 0.000412492
3.18979	 0.000498303
3.19312	 0.000475369
3.19645	 0.000554208
3.19979	 0.000473618
3.20312	 0.00050145
3.20645	 0.00049758
3.20979	 0.00047415
3.21312	 0.000494662
3.21645	 0.00050684
3.21979	 0.0005842
3.22312	 0.000423314
3.22645	 0.00046349
3.22978	 0.000481015
3.23312	 0.000438481
3.23645	 0.000534723
3.23978	 0.000579128
3.24312	 0.000540942
3.24645	 0.000357051
3.24978	 0.000497835
3.25312	 0.000597448
3.25645	 0.000501865
3.25978	 0.000536396
3.26312	 0.000626709
3.26645	 0.000497248
3.26978	 0.000508996
3.27312	 0.000486504
3.27645	 0.000510647
3.27978	 0.000532071
3.28311	 0.000618234
3.28645	 0.000484472
3.28978	 0.000506628
3.29311	 0.000536741
3.29645	 0.00064343
3.29978	 0.00071589
3.30311	 0.000508414
3.30645	 0.000543957
3.30978	 0.000617389
3.31311	 0.00050533
3.31645	 0.00061759
3.31978	 0.000717932
3.32311	 0.000630101
3.32644	 0.000742555
3.32978	 0.000537291
3.33311	 0.00053553
3.33644	 0.000621606
3.33978	 0.000781402
3.34311	 0.000688038
3.34644	 0.00056346
3.34978	 0.000506607
3.35311	 0.000612665
3.35644	 0.000580279
3.35978	 0.000556582
3.36311	 0.000676538
3.36644	 0.000608538
3.36978	 0.000646213
3.37311	 0.000705891
3.37644	 0.000789266
3.37977	 0.000694354
3.38311	 0.000741281
3.38644	 0.000672616
3.38977	 0.000714661
3.39311	 0.000791093
3.39644	 0.000729457
3.39977	 0.000884465
3.40311	 0.000737972
3.40644	 0.000681943
3.40977	 0.00073843
3.41311	 0.000950701
3.41644	 0.000885874
3.41977	 0.000798601
3.42311	 0.000822499
3.42644	 0.00068241
3.42977	 0.000764474
3.4331	 0.000936835
3.43644	 0.000897617
3.43977	 0.000927627
3.4431	 0.000856781
3.44644	 0.000990299
3.44977	 0.000907876
3.4531	 0.000780026
3.45644	 0.00070342
3.45977	 0.000948284
3.4631	 0.000974637
3.46644	 0.000984878
3.46977	 0.000909752
3.4731	 0.00100936
3.47643	 0.000940723
3.47977	 0.00103622
3.4831	 0.000847294
3.48643	 0.00111693
3.48977	 0.00119746
3.4931	 0.000999405
3.49643	 0.00124653
3.49977	 0.00105581
3.5031	 0.0013668
3.50643	 0.00129731
3.50977	 0.00107449
3.5131	 0.00118064
3.51643	 0.00111768
3.51977	 0.00121836
3.5231	 0.00118151
3.52643	 0.00124493
3.52976	 0.00156966
3.5331	 0.00115245
3.53643	 0.00146673
3.53976	 0.00177335
3.5431	 0.00172109
3.54643	 0.00158436
3.54976	 0.001474
3.5531	 0.00162874
3.55643	 0.00155541
3.55976	 0.00193893
3.5631	 0.00162531
3.56643	 0.00170544
3.56976	 0.00187186
3.5731	 0.00182601
3.57643	 0.00131429
3.57976	 0.0019776
3.58309	 0.00203244
3.58643	 0.00213947
3.58976	 0.00211237
3.59309	 0.00164143
3.59643	 0.00226005
3.59976	 0.00178837
3.60309	 0.00171662
3.60643	 0.00158937
3.60976	 0.00161328
3.61309	 0.00211155
3.61643	 0.00184897
3.61976	 0.00196082
3.62309	 0.00180562
3.62642	 0.00139044
3.62976	 0.00137055
3.63309	 0.00147408
3.63642	 0.00189104
3.63976	 0.00149344
3.64309	 0.00161363
3.64642	 0.00158094
3.64976	 0.00175189
3.65309	 0.00165753
3.65642	 0.00143708
3.65976	 0.00128453
3.66309	 0.00137351
3.66642	 0.00172215
3.66976	 0.00117713
3.67309	 0.00154461
3.67642	 0.00129836
3.67975	 0.00121798
3.68309	 0.00132507
3.68642	 0.00134691
3.68975	 0.00163437
3.69309	 0.00120877
3.69642	 0.0011045
3.69975	 0.00111159
3.70309	 0.00117192
3.70642	 0.00139016
3.70975	 0.000858703
3.71309	 0.0011996
3.71642	 0.00146233
3.71975	 0.00116764
3.72309	 0.0010196
3.72642	 0.00111603
3.72975	 0.00108735
3.73308	 0.000806106
3.73642	 0.00127197
3.73975	 0.0011175
3.74308	 0.001156
3.74642	 0.00102548
3.74975	 0.00108056
3.75308	 0.000743874
3.75642	 0.000822658
3.75975	 0.00102618
3.76308	 0.00121874
3.76642	 0.00103632
3.76975	 0.000952286
3.77308	 0.000846381
3.77641	 0.00113681
3.77975	 0.00078061
3.78308	 0.000985703
3.78641	 0.000799446
3.78975	 0.000669605
3.79308	 0.000747062
3.79641	 0.000820005
3.79975	 0.00097073
3.80308	 0.000847054
3.80641	 0.00085622
3.80975	 0.000920486
3.81308	 0.000878463
3.81641	 0.000781091
3.81975	 0.000764485
3.82308	 0.000962507
3.82641	 0.000645091
3.82974	 0.000698266
3.83308	 0.00078947
3.83641	 0.000824314
3.83974	 0.00079132
3.84308	 0.000802104
3.84641	 0.000755624
3.84974	 0.000619022
3.85308	 0.000667664
3.85641	 0.000553418
3.85974	 0.000652872
3.86308	 0.000657515
3.86641	 0.000642445
3.86974	 0.000695024
3.87308	 0.00061922
3.87641	 0.000592043
3.87974	 0.000569695
3.88307	 0.000556373
3.88641	 0.000565861
3.88974	 0.000719814
3.89307	 0.000611238
3.89641	 0.000653693
3.89974	 0.000559403
3.90307	 0.000672174
3.90641	 0.000534117
3.90974	 0.000636021
3.91307	 0.000645846
3.91641	 0.000596364
3.91974	 0.00063036
3.92307	 0.000679959
3.9264	 0.000545264
3.92974	 0.000590478
3.93307	 0.000625699
3.9364	 0.000539121
3.93974	 0.000561787
3.94307	 0.000483507
3.9464	 0.000530728
3.94974	 0.000641164
3.95307	 0.000502121
3.9564	 0.000551961
3.95974	 0.000487625
3.96307	 0.000626739
3.9664	 0.000486719
3.96974	 0.000569997
3.97307	 0.000489886
3.9764	 0.000634526
3.97973	 0.000480736
3.98307	 0.000532262
3.9864	 0.000461751
3.98973	 0.000543656
3.99307	 0.00039694
3.9964	 0.000510571
3.99973	 0.000492482
4.00307	 0.000494585
4.0064	 0.000637009
4.00973	 0.000542224
4.01307	 0.000460585
4.0164	 0.000450678
4.01973	 0.000510645
4.02307	 0.000430034
4.0264	 0.000534658
4.02973	 0.000391364
4.03306	 0.000419064
4.0364	 0.000407863
4.03973	 0.000470545
4.04306	 0.000480757
4.0464	 0.000492053
4.04973	 0.000434279
4.05306	 0.000460496
4.0564	 0.000367682
4.05973	 0.000413062
4.06306	 0.000346649
4.0664	 0.000403377
4.06973	 0.000410661
4.07306	 0.000510289
4.07639	 0.000448365
4.07973	 0.000442245
4.08306	 0.000583899
4.08639	 0.000442365
4.08973	 0.000405198
4.09306	 0.000409954
4.09639	 0.000478801
4.09973	 0.000450366
4.10306	 0.000396412
4.10639	 0.000411008
4.10973	 0.000511745
4.11306	 0.000437743
4.11639	 0.000374748
4.11973	 0.000456029
4.12306	 0.000483569
4.12639	 0.000432046
4.12972	 0.000459834
4.13306	 0.00047048
4.13639	 0.000441491
4.13972	 0.000495366
4.14306	 0.000482454
4.14639	 0.000374882
4.14972	 0.00042987
4.15306	 0.000412916
4.15639	 0.000419679
4.15972	 0.000502865
4.16306	 0.000482982
4.16639	 0.000449084
4.16972	 0.000392689
4.17306	 0.000471931
4.17639	 0.000411602
4.17972	 0.000484725
4.18305	 0.00046017
4.18639	 0.000429062
4.18972	 0.000426748
4.19305	 0.000456705
4.19639	 0.000450612
4.19972	 0.000394304
4.20305	 0.0003582
4.20639	 0.000454021
4.20972	 0.000341165
4.21305	 0.000475462
4.21639	 0.000368056
4.21972	 0.000423566
4.22305	 0.000517169
4.22638	 0.000474786
4.22972	 0.00043727
4.23305	 0.000394711
4.23638	 0.00041029
4.23972	 0.000314328
4.24305	 0.000365165
4.24638	 0.000469295
4.24972	 0.00038927
4.25305	 0.000436118
4.25638	 0.000358856
4.25972	 0.000409647
4.26305	 0.000463175
4.26638	 0.000408946
4.26972	 0.000388599
4.27305	 0.000413487
4.27638	 0.000357401
4.27971	 0.000486727
4.28305	 0.000420634
4.28638	 0.000295813
4.28971	 0.000492387
4.29305	 0.0004245
4.29638	 0.000439844
4.29971	 0.000419041
4.30305	 0.000357816
4.30638	 0.000433187
4.30971	 0.000416671
4.31305	 0.000421193
4.31638	 0.000424706
4.31971	 0.000435325
4.32305	 0.000408753
4.32638	 0.00037544
4.32971	 0.000508384
4.33304	 0.00038646
4.33638	 0.000390442
4.33971	 0.000406851
4.34304	 0.000423756
4.34638	 0.000446255
4.34971	 0.000392312
4.35304	 0.000385878
4.35638	 0.00052472
4.35971	 0.000405312
4.36304	 0.000559501
4.36638	 0.000373766
4.36971	 0.000448351
4.37304	 0.000459163
4.37637	 0.000510831
4.37971	 0.000429726
4.38304	 0.000444964
4.38637	 0.000407182
4.38971	 0.000412335
4.39304	 0.000465118
4.39637	 0.000461087
4.39971	 0.000471802
4.40304	 0.000461002
4.40637	 0.000432299
4.40971	 0.000500307
4.41304	 0.000516219
4.41637	 0.000407455
4.41971	 0.000454306
4.42304	 0.000475765
4.42637	 0.000423575
4.4297	 0.000486954
4.43304	 0.000518065
4.43637	 0.00041286
4.4397	 0.000482097
4.44304	 0.000470462
4.44637	 0.000550933
4.4497	 0.000514613
4.45304	 0.000523604
4.45637	 0.000447574
4.4597	 0.000501171
4.46304	 0.000371918
4.46637	 0.0004236
4.4697	 0.000509344
4.47304	 0.000539305
4.47637	 0.000604968
4.4797	 0.000519207
4.48303	 0.000484979
4.48637	 0.000533715
4.4897	 0.000492688
4.49303	 0.00046224
4.49637	 0.000447224
4.4997	 0.000391543
4.50303	 0.000535028
4.50637	 0.000526552
4.5097	 0.000558482
4.51303	 0.000525929
4.51637	 0.000529653
4.5197	 0.000511373
4.52303	 0.000561682
4.52636	 0.000601172
4.5297	 0.000538069
4.53303	 0.000643284
4.53636	 0.000611081
4.5397	 0.000530999
4.54303	 0.000648953
4.54636	 0.000646447
4.5497	 0.000579385
4.55303	 0.000580164
4.55636	 0.000497269
4.5597	 0.000571054
4.56303	 0.000635642
4.56636	 0.000529303
4.5697	 0.000563941
4.57303	 0.000562334
4.57636	 0.000605822
4.57969	 0.000643771
4.58303	 0.000528931
4.58636	 0.000463085
4.58969	 0.000578381
4.59303	 0.000620851
4.59636	 0.0005832
4.59969	 0.000643786
4.60303	 0.000565011
4.60636	 0.00063004
4.60969	 0.000811811
4.61303	 0.000725113
4.61636	 0.000731656
4.61969	 0.000799004
4.62303	 0.000787163
4.62636	 0.000630079
4.62969	 0.0006229
4.63302	 0.000752227
4.63636	 0.00054432
4.63969	 0.000687292
4.64302	 0.000690946
4.64636	 0.000613076
4.64969	 0.000727748
4.65302	 0.000627063
4.65636	 0.000751386
4.65969	 0.000747737
4.66302	 0.000625589
4.66636	 0.000711969
4.66969	 0.000811738
4.67302	 0.00082755
4.67635	 0.000925246
4.67969	 0.000667535
4.68302	 0.00079121
4.68635	 0.000814136
4.68969	 0.000790127
4.69302	 0.000647442
4.69635	 0.000785623
4.69969	 0.000672417
4.70302	 0.000884097
4.70635	 0.000798539
4.70969	 0.00114647
4.71302	 0.00088664
4.71635	 0.000992027
4.71969	 0.00100564
4.72302	 0.000910025
4.72635	 0.00126773
4.72968	 0.000922584
4.73302	 0.00108268
4.73635	 0.000939875
4.73968	 0.00104363
4.74302	 0.000989391
4.74635	 0.00104505
4.74968	 0.000989103
4.75302	 0.00114658
4.75635	 0.00102613
4.75968	 0.00111013
4.76302	 0.00111393
4.76635	 0.000918487
4.76968	 0.00119692
4.77302	 0.00110438
4.77635	 0.00126666
4.77968	 0.00110985
4.78301	 0.00117098
4.78635	 0.00116576
4.78968	 0.00100854
4.79301	 0.00122305
4.79635	 0.00124782
4.79968	 0.0011612
4.80301	 0.00144126
4.80635	 0.0012779
4.80968	 0.00138684
4.81301	 0.00152255
4.81635	 0.00113489
4.81968	 0.00111656
4.82301	 0.00134222
4.82634	 0.0015982
4.82968	 0.00117252
4.83301	 0.0014295
4.83634	 0.0008524
4.83968	 0.00115586
4.84301	 0.00138177
4.84634	 0.000884798
4.84968	 0.00110501
4.85301	 0.000931595
4.85634	 0.00118692
4.85968	 0.00113872
4.86301	 0.00110689
4.86634	 0.00122223
4.86968	 0.00117597
4.87301	 0.00115193
4.87634	 0.00129409
4.87967	 0.00133716
4.88301	 0.00130603
4.88634	 0.00122416
4.88967	 0.0011902
4.89301	 0.00120617
4.89634	 0.00125025
4.89967	 0.00100964
4.90301	 0.000956533
4.90634	 0.00104028
4.90967	 0.00097264
4.91301	 0.00119054
4.91634	 0.00118702
4.91967	 0.00112239
4.92301	 0.00129924
4.92634	 0.000838338
4.92967	 0.00103816
4.933	 0.00129025
4.93634	 0.00105615
4.93967	 0.00119099
4.943	 0.000978765
4.94634	 0.00103971
4.94967	 0.000992705
4.953	 0.000891918
4.95634	 0.00088002
4.95967	 0.000776239
4.963	 0.000940077
4.96634	 0.00105301
4.96967	 0.000938075
4.973	 0.000900583
4.97633	 0.000741566
4.97967	 0.000900671
4.983	 0.000939863
4.98633	 0.000855271
4.98967	 0.000805352
4.993	 0.00062215
4.99633	 0.000764205
