# Frequency [GHz] 	Fouriercomponent
-4.99967	 0.594929
-4.99633	 0.58306
-4.993	 0.680774
-4.98967	 0.62129
-4.98633	 0.51138
-4.983	 0.501948
-4.97967	 0.613616
-4.97633	 0.507591
-4.973	 0.564215
-4.96967	 0.569219
-4.96634	 0.603403
-4.963	 0.527494
-4.95967	 0.642495
-4.95634	 0.634957
-4.953	 0.593316
-4.94967	 0.499356
-4.94634	 0.598382
-4.943	 0.661187
-4.93967	 0.68978
-4.93634	 0.510363
-4.933	 0.597284
-4.92967	 0.494612
-4.92634	 0.670979
-4.92301	 0.629339
-4.91967	 0.47638
-4.91634	 0.53731
-4.91301	 0.482491
-4.90967	 0.584358
-4.90634	 0.536576
-4.90301	 0.589542
-4.89967	 0.543935
-4.89634	 0.516544
-4.89301	 0.637793
-4.88967	 0.560629
-4.88634	 0.499297
-4.88301	 0.481834
-4.87967	 0.593524
-4.87634	 0.649375
-4.87301	 0.503782
-4.86968	 0.478721
-4.86634	 0.621326
-4.86301	 0.42902
-4.85968	 0.508054
-4.85634	 0.465129
-4.85301	 0.507463
-4.84968	 0.602373
-4.84634	 0.481149
-4.84301	 0.612649
-4.83968	 0.527836
-4.83634	 0.578298
-4.83301	 0.432038
-4.82968	 0.501297
-4.82634	 0.49422
-4.82301	 0.478824
-4.81968	 0.550024
-4.81635	 0.516835
-4.81301	 0.644118
-4.80968	 0.688405
-4.80635	 0.650868
-4.80301	 0.611985
-4.79968	 0.443521
-4.79635	 0.605048
-4.79301	 0.673746
-4.78968	 0.487295
-4.78635	 0.625404
-4.78301	 0.494509
-4.77968	 0.461311
-4.77635	 0.637194
-4.77302	 0.548214
-4.76968	 0.702987
-4.76635	 0.627662
-4.76302	 0.549214
-4.75968	 0.560729
-4.75635	 0.420694
-4.75302	 0.618722
-4.74968	 0.613648
-4.74635	 0.609774
-4.74302	 0.522278
-4.73968	 0.684495
-4.73635	 0.640744
-4.73302	 0.417479
-4.72968	 0.515113
-4.72635	 0.499038
-4.72302	 0.672009
-4.71969	 0.566477
-4.71635	 0.604273
-4.71302	 0.602594
-4.70969	 0.618516
-4.70635	 0.553201
-4.70302	 0.450462
-4.69969	 0.561731
-4.69635	 0.578569
-4.69302	 0.565018
-4.68969	 0.507308
-4.68635	 0.473399
-4.68302	 0.605867
-4.67969	 0.50534
-4.67635	 0.601398
-4.67302	 0.484478
-4.66969	 0.599337
-4.66636	 0.473562
-4.66302	 0.589515
-4.65969	 0.567033
-4.65636	 0.478918
-4.65302	 0.507336
-4.64969	 0.501118
-4.64636	 0.587343
-4.64302	 0.503942
-4.63969	 0.616261
-4.63636	 0.563936
-4.63302	 0.57578
-4.62969	 0.465129
-4.62636	 0.629669
-4.62303	 0.660074
-4.61969	 0.567478
-4.61636	 0.518969
-4.61303	 0.513897
-4.60969	 0.598086
-4.60636	 0.534418
-4.60303	 0.56132
-4.59969	 0.442517
-4.59636	 0.640277
-4.59303	 0.625581
-4.58969	 0.499954
-4.58636	 0.578894
-4.58303	 0.550844
-4.57969	 0.675413
-4.57636	 0.693889
-4.57303	 0.596376
-4.5697	 0.639932
-4.56636	 0.506774
-4.56303	 0.703345
-4.5597	 0.570947
-4.55636	 0.587012
-4.55303	 0.568473
-4.5497	 0.675809
-4.54636	 0.452138
-4.54303	 0.59091
-4.5397	 0.522152
-4.53636	 0.593512
-4.53303	 0.471071
-4.5297	 0.742311
-4.52636	 0.54728
-4.52303	 0.560732
-4.5197	 0.673722
-4.51637	 0.543561
-4.51303	 0.609157
-4.5097	 0.549012
-4.50637	 0.466815
-4.50303	 0.58769
-4.4997	 0.65311
-4.49637	 0.552716
-4.49303	 0.545222
-4.4897	 0.586446
-4.48637	 0.617984
-4.48303	 0.457417
-4.4797	 0.835201
-4.47637	 0.570683
-4.47304	 0.547014
-4.4697	 0.579534
-4.46637	 0.661944
-4.46304	 0.614721
-4.4597	 0.692121
-4.45637	 0.608862
-4.45304	 0.506751
-4.4497	 0.651939
-4.44637	 0.57934
-4.44304	 0.61719
-4.4397	 0.583269
-4.43637	 0.539513
-4.43304	 0.617197
-4.4297	 0.555766
-4.42637	 0.539664
-4.42304	 0.610384
-4.41971	 0.564256
-4.41637	 0.639139
-4.41304	 0.580031
-4.40971	 0.620182
-4.40637	 0.526402
-4.40304	 0.48516
-4.39971	 0.643078
-4.39637	 0.566575
-4.39304	 0.708403
-4.38971	 0.590345
-4.38637	 0.476283
-4.38304	 0.636906
-4.37971	 0.595808
-4.37637	 0.591034
-4.37304	 0.580907
-4.36971	 0.450486
-4.36638	 0.494707
-4.36304	 0.597401
-4.35971	 0.604561
-4.35638	 0.506068
-4.35304	 0.668135
-4.34971	 0.55355
-4.34638	 0.447266
-4.34304	 0.609913
-4.33971	 0.659485
-4.33638	 0.588342
-4.33304	 0.521754
-4.32971	 0.660903
-4.32638	 0.685132
-4.32305	 0.651964
-4.31971	 0.669513
-4.31638	 0.599369
-4.31305	 0.579103
-4.30971	 0.569292
-4.30638	 0.465857
-4.30305	 0.659698
-4.29971	 0.673405
-4.29638	 0.650729
-4.29305	 0.694653
-4.28971	 0.520228
-4.28638	 0.553111
-4.28305	 0.537244
-4.27971	 0.608624
-4.27638	 0.655848
-4.27305	 0.552199
-4.26972	 0.592564
-4.26638	 0.549882
-4.26305	 0.658148
-4.25972	 0.539957
-4.25638	 0.605842
-4.25305	 0.660521
-4.24972	 0.5866
-4.24638	 0.472151
-4.24305	 0.704566
-4.23972	 0.677953
-4.23638	 0.568068
-4.23305	 0.647294
-4.22972	 0.57131
-4.22638	 0.629073
-4.22305	 0.728733
-4.21972	 0.701732
-4.21639	 0.518482
-4.21305	 0.624754
-4.20972	 0.499832
-4.20639	 0.573671
-4.20305	 0.656115
-4.19972	 0.581115
-4.19639	 0.57873
-4.19305	 0.561757
-4.18972	 0.480987
-4.18639	 0.58845
-4.18305	 0.642553
-4.17972	 0.660584
-4.17639	 0.552247
-4.17306	 0.610923
-4.16972	 0.541468
-4.16639	 0.58997
-4.16306	 0.550178
-4.15972	 0.541569
-4.15639	 0.623886
-4.15306	 0.591171
-4.14972	 0.653125
-4.14639	 0.590704
-4.14306	 0.560875
-4.13972	 0.580499
-4.13639	 0.676739
-4.13306	 0.56973
-4.12972	 0.669498
-4.12639	 0.644915
-4.12306	 0.684786
-4.11973	 0.582609
-4.11639	 0.554057
-4.11306	 0.52918
-4.10973	 0.550444
-4.10639	 0.619296
-4.10306	 0.486877
-4.09973	 0.587406
-4.09639	 0.662333
-4.09306	 0.621346
-4.08973	 0.532257
-4.08639	 0.645933
-4.08306	 0.491742
-4.07973	 0.524728
-4.07639	 0.464848
-4.07306	 0.592791
-4.06973	 0.626155
-4.0664	 0.735635
-4.06306	 0.662264
-4.05973	 0.684945
-4.0564	 0.533783
-4.05306	 0.688792
-4.04973	 0.58591
-4.0464	 0.617377
-4.04306	 0.575309
-4.03973	 0.565694
-4.0364	 0.766898
-4.03306	 0.523148
-4.02973	 0.575005
-4.0264	 0.681997
-4.02307	 0.567026
-4.01973	 0.614466
-4.0164	 0.56029
-4.01307	 0.582659
-4.00973	 0.70698
-4.0064	 0.599958
-4.00307	 0.683275
-3.99973	 0.536542
-3.9964	 0.554048
-3.99307	 0.736894
-3.98973	 0.491303
-3.9864	 0.628063
-3.98307	 0.607748
-3.97973	 0.590224
-3.9764	 0.546797
-3.97307	 0.750055
-3.96974	 0.592242
-3.9664	 0.418188
-3.96307	 0.61346
-3.95974	 0.569584
-3.9564	 0.6239
-3.95307	 0.62485
-3.94974	 0.752809
-3.9464	 0.575659
-3.94307	 0.592101
-3.93974	 0.623012
-3.9364	 0.553509
-3.93307	 0.621927
-3.92974	 0.548994
-3.9264	 0.67793
-3.92307	 0.677323
-3.91974	 0.578205
-3.91641	 0.915474
-3.91307	 0.624004
-3.90974	 0.594327
-3.90641	 0.61999
-3.90307	 0.703257
-3.89974	 0.625511
-3.89641	 0.565011
-3.89307	 0.623991
-3.88974	 0.646119
-3.88641	 0.605181
-3.88307	 0.690935
-3.87974	 0.690619
-3.87641	 0.70789
-3.87308	 0.637848
-3.86974	 0.715776
-3.86641	 0.624225
-3.86308	 0.540992
-3.85974	 0.63976
-3.85641	 0.691145
-3.85308	 0.520132
-3.84974	 0.649237
-3.84641	 0.685877
-3.84308	 0.622369
-3.83974	 0.537199
-3.83641	 0.707489
-3.83308	 0.72646
-3.82974	 0.629943
-3.82641	 0.753523
-3.82308	 0.56273
-3.81975	 0.6697
-3.81641	 0.643816
-3.81308	 0.623653
-3.80975	 0.542513
-3.80641	 0.543528
-3.80308	 0.564667
-3.79975	 0.569165
-3.79641	 0.610817
-3.79308	 0.804136
-3.78975	 0.712603
-3.78641	 0.632285
-3.78308	 0.631966
-3.77975	 0.763748
-3.77641	 0.765043
-3.77308	 0.721073
-3.76975	 0.662178
-3.76642	 0.684778
-3.76308	 0.680387
-3.75975	 0.652614
-3.75642	 0.596164
-3.75308	 0.554577
-3.74975	 0.656676
-3.74642	 0.641124
-3.74308	 0.736085
-3.73975	 0.603906
-3.73642	 0.684636
-3.73308	 0.645501
-3.72975	 0.724447
-3.72642	 0.783735
-3.72309	 0.702759
-3.71975	 0.584508
-3.71642	 0.708876
-3.71309	 0.516707
-3.70975	 0.679858
-3.70642	 0.684733
-3.70309	 0.597678
-3.69975	 0.668935
-3.69642	 0.661228
-3.69309	 0.625673
-3.68975	 0.599986
-3.68642	 0.530087
-3.68309	 0.782756
-3.67975	 0.527863
-3.67642	 0.609974
-3.67309	 0.567052
-3.66976	 0.549389
-3.66642	 0.640754
-3.66309	 0.590452
-3.65976	 0.566089
-3.65642	 0.667102
-3.65309	 0.80469
-3.64976	 0.657496
-3.64642	 0.727861
-3.64309	 0.502128
-3.63976	 0.66693
-3.63642	 0.633142
-3.63309	 0.594647
-3.62976	 0.665847
-3.62642	 0.695508
-3.62309	 0.695222
-3.61976	 0.611159
-3.61643	 0.606451
-3.61309	 0.66738
-3.60976	 0.610545
-3.60643	 0.676222
-3.60309	 0.644293
-3.59976	 0.616445
-3.59643	 0.540805
-3.59309	 0.599019
-3.58976	 0.637588
-3.58643	 0.678604
-3.58309	 0.649163
-3.57976	 0.628036
-3.57643	 0.63187
-3.5731	 0.741489
-3.56976	 0.620397
-3.56643	 0.767787
-3.5631	 0.588956
-3.55976	 0.613008
-3.55643	 0.666308
-3.5531	 0.660413
-3.54976	 0.602087
-3.54643	 0.597137
-3.5431	 0.61447
-3.53976	 0.689389
-3.53643	 0.770953
-3.5331	 0.716311
-3.52976	 0.696453
-3.52643	 0.45505
-3.5231	 0.589948
-3.51977	 0.709126
-3.51643	 0.64347
-3.5131	 0.624847
-3.50977	 0.772419
-3.50643	 0.662236
-3.5031	 0.792618
-3.49977	 0.682976
-3.49643	 0.659975
-3.4931	 0.699756
-3.48977	 0.700662
-3.48643	 0.855866
-3.4831	 0.607624
-3.47977	 0.574525
-3.47643	 0.712285
-3.4731	 0.642127
-3.46977	 0.670064
-3.46644	 0.613207
-3.4631	 0.703236
-3.45977	 0.804702
-3.45644	 0.616396
-3.4531	 0.720603
-3.44977	 0.761051
-3.44644	 0.748044
-3.4431	 0.647649
-3.43977	 0.699995
-3.43644	 0.762708
-3.4331	 0.681349
-3.42977	 0.696773
-3.42644	 0.697319
-3.42311	 0.596756
-3.41977	 0.676873
-3.41644	 0.666189
-3.41311	 0.595435
-3.40977	 0.710783
-3.40644	 0.636769
-3.40311	 0.630451
-3.39977	 0.705449
-3.39644	 0.715247
-3.39311	 0.710635
-3.38977	 0.617985
-3.38644	 0.641204
-3.38311	 0.651125
-3.37977	 0.759699
-3.37644	 0.666685
-3.37311	 0.651975
-3.36978	 0.52922
-3.36644	 0.662154
-3.36311	 0.731077
-3.35978	 0.744664
-3.35644	 0.513698
-3.35311	 0.694519
-3.34978	 0.662689
-3.34644	 0.609401
-3.34311	 0.632553
-3.33978	 0.804356
-3.33644	 0.720385
-3.33311	 0.765749
-3.32978	 0.528316
-3.32644	 0.673206
-3.32311	 0.687401
-3.31978	 0.795043
-3.31645	 0.60246
-3.31311	 0.83622
-3.30978	 0.719945
-3.30645	 0.547978
-3.30311	 0.713979
-3.29978	 0.772077
-3.29645	 0.547035
-3.29311	 0.690374
-3.28978	 0.829922
-3.28645	 0.747317
-3.28311	 0.700685
-3.27978	 0.776741
-3.27645	 0.685904
-3.27312	 0.763306
-3.26978	 0.667288
-3.26645	 0.659988
-3.26312	 0.729867
-3.25978	 0.553539
-3.25645	 0.734629
-3.25312	 0.88816
-3.24978	 0.825582
-3.24645	 0.709044
-3.24312	 0.758014
-3.23978	 0.681019
-3.23645	 0.746345
-3.23312	 0.566552
-3.22978	 0.791668
-3.22645	 0.67493
-3.22312	 0.656747
-3.21979	 0.717811
-3.21645	 0.813038
-3.21312	 0.688336
-3.20979	 0.62063
-3.20645	 0.694728
-3.20312	 0.702542
-3.19979	 0.587075
-3.19645	 0.717134
-3.19312	 0.713113
-3.18979	 0.652287
-3.18645	 0.67604
-3.18312	 0.702225
-3.17979	 0.758273
-3.17645	 0.834813
-3.17312	 0.700701
-3.16979	 0.788944
-3.16646	 0.819121
-3.16312	 0.676489
-3.15979	 0.613261
-3.15646	 0.704688
-3.15312	 0.67212
-3.14979	 0.817505
-3.14646	 0.713317
-3.14312	 0.702625
-3.13979	 0.697563
-3.13646	 0.462589
-3.13312	 0.712347
-3.12979	 0.656515
-3.12646	 0.720732
-3.12313	 0.639051
-3.11979	 0.591275
-3.11646	 0.697225
-3.11313	 0.770854
-3.10979	 0.769101
-3.10646	 0.670267
-3.10313	 0.80119
-3.09979	 0.842165
-3.09646	 0.718517
-3.09313	 0.86223
-3.08979	 0.723972
-3.08646	 0.729473
-3.08313	 0.804784
-3.07979	 0.650658
-3.07646	 0.709605
-3.07313	 0.642616
-3.0698	 0.651446
-3.06646	 0.697478
-3.06313	 0.857013
-3.0598	 0.686578
-3.05646	 0.678769
-3.05313	 0.76081
-3.0498	 0.69548
-3.04646	 0.773667
-3.04313	 0.820201
-3.0398	 0.578459
-3.03646	 0.645741
-3.03313	 0.655692
-3.0298	 0.696003
-3.02646	 0.68903
-3.02313	 0.811948
-3.0198	 0.834659
-3.01647	 0.781581
-3.01313	 0.613344
-3.0098	 0.732813
-3.00647	 0.813624
-3.00313	 0.796331
-2.9998	 0.821529
-2.99647	 0.682453
-2.99313	 0.676341
-2.9898	 0.74456
-2.98647	 0.79205
-2.98313	 0.733737
-2.9798	 0.689177
-2.97647	 0.574046
-2.97314	 0.920435
-2.9698	 0.799535
-2.96647	 0.769873
-2.96314	 0.664873
-2.9598	 0.662186
-2.95647	 0.955819
-2.95314	 0.828996
-2.9498	 0.784742
-2.94647	 0.767425
-2.94314	 0.750993
-2.9398	 0.852867
-2.93647	 0.760997
-2.93314	 0.790036
-2.9298	 0.807455
-2.92647	 0.790764
-2.92314	 0.704143
-2.91981	 0.91723
-2.91647	 0.709197
-2.91314	 0.819618
-2.90981	 0.575298
-2.90647	 0.723806
-2.90314	 0.661586
-2.89981	 0.858371
-2.89647	 0.738117
-2.89314	 0.690302
-2.88981	 0.668287
-2.88647	 0.865794
-2.88314	 0.7118
-2.87981	 0.810999
-2.87647	 0.676198
-2.87314	 0.779309
-2.86981	 0.629946
-2.86648	 0.692778
-2.86314	 0.631664
-2.85981	 0.811111
-2.85648	 0.606625
-2.85314	 0.813407
-2.84981	 0.680822
-2.84648	 0.595392
-2.84314	 0.809191
-2.83981	 0.580339
-2.83648	 0.674973
-2.83314	 0.693941
-2.82981	 0.797595
-2.82648	 0.826285
-2.82315	 0.892274
-2.81981	 0.770479
-2.81648	 0.849763
-2.81315	 0.857546
-2.80981	 0.713337
-2.80648	 0.669625
-2.80315	 0.717628
-2.79981	 0.833723
-2.79648	 0.831305
-2.79315	 0.76796
-2.78981	 0.761754
-2.78648	 0.810255
-2.78315	 0.750342
-2.77981	 0.817498
-2.77648	 0.813797
-2.77315	 0.746895
-2.76982	 0.769074
-2.76648	 0.88195
-2.76315	 0.659283
-2.75982	 0.755677
-2.75648	 0.793291
-2.75315	 0.717725
-2.74982	 0.648602
-2.74648	 0.795994
-2.74315	 0.797296
-2.73982	 0.805443
-2.73648	 0.709088
-2.73315	 0.660914
-2.72982	 0.748648
-2.72648	 0.695956
-2.72315	 0.755718
-2.71982	 0.780269
-2.71649	 0.686254
-2.71315	 0.674603
-2.70982	 1.0145
-2.70649	 0.787551
-2.70315	 0.715609
-2.69982	 0.666285
-2.69649	 0.562306
-2.69315	 0.69495
-2.68982	 0.924352
-2.68649	 0.769901
-2.68315	 0.794082
-2.67982	 0.61227
-2.67649	 0.645121
-2.67316	 0.779774
-2.66982	 0.734917
-2.66649	 0.814352
-2.66316	 0.704648
-2.65982	 0.804289
-2.65649	 0.739151
-2.65316	 0.806417
-2.64982	 0.65684
-2.64649	 0.73691
-2.64316	 0.753984
-2.63982	 0.744139
-2.63649	 0.683925
-2.63316	 0.95756
-2.62982	 0.629216
-2.62649	 0.693354
-2.62316	 0.804268
-2.61983	 0.734077
-2.61649	 0.698203
-2.61316	 0.705071
-2.60983	 0.777597
-2.60649	 0.647571
-2.60316	 0.722423
-2.59983	 0.715388
-2.59649	 0.826258
-2.59316	 0.620173
-2.58983	 0.724414
-2.58649	 0.786476
-2.58316	 0.947926
-2.57983	 0.756955
-2.57649	 0.634563
-2.57316	 0.866246
-2.56983	 0.782949
-2.5665	 0.719394
-2.56316	 0.770302
-2.55983	 0.779965
-2.5565	 0.76978
-2.55316	 0.841323
-2.54983	 0.593967
-2.5465	 0.685571
-2.54316	 0.637908
-2.53983	 0.732957
-2.5365	 0.732191
-2.53316	 0.648167
-2.52983	 0.764603
-2.5265	 0.909629
-2.52317	 0.870186
-2.51983	 0.812168
-2.5165	 0.760153
-2.51317	 0.686362
-2.50983	 0.707426
-2.5065	 0.736834
-2.50317	 0.745836
-2.49983	 0.693836
-2.4965	 0.828001
-2.49317	 0.661743
-2.48983	 0.831481
-2.4865	 0.716879
-2.48317	 0.722613
-2.47983	 0.800213
-2.4765	 0.786707
-2.47317	 0.8062
-2.46984	 0.859631
-2.4665	 0.704435
-2.46317	 0.748357
-2.45984	 0.692394
-2.4565	 0.69446
-2.45317	 0.738846
-2.44984	 0.857543
-2.4465	 0.828823
-2.44317	 0.989355
-2.43984	 0.790837
-2.4365	 0.80429
-2.43317	 0.655498
-2.42984	 0.806117
-2.4265	 0.766175
-2.42317	 0.803151
-2.41984	 0.757059
-2.41651	 0.696485
-2.41317	 0.820683
-2.40984	 0.766968
-2.40651	 0.697636
-2.40317	 0.796813
-2.39984	 0.836581
-2.39651	 0.822799
-2.39317	 0.790726
-2.38984	 0.872462
-2.38651	 0.975313
-2.38317	 0.686178
-2.37984	 0.840479
-2.37651	 0.835984
-2.37318	 0.835632
-2.36984	 0.821085
-2.36651	 0.824724
-2.36318	 0.722971
-2.35984	 0.771989
-2.35651	 0.805719
-2.35318	 0.814282
-2.34984	 0.799579
-2.34651	 0.824287
-2.34318	 0.753456
-2.33984	 0.728795
-2.33651	 0.811017
-2.33318	 0.762292
-2.32984	 0.805867
-2.32651	 0.83594
-2.32318	 0.705743
-2.31985	 0.799831
-2.31651	 0.760494
-2.31318	 0.724928
-2.30985	 0.907231
-2.30651	 0.786521
-2.30318	 0.782401
-2.29985	 0.852314
-2.29651	 0.898954
-2.29318	 0.803741
-2.28985	 0.928269
-2.28651	 0.780037
-2.28318	 0.854683
-2.27985	 0.865911
-2.27651	 0.875574
-2.27318	 0.792849
-2.26985	 0.752187
-2.26652	 1.0167
-2.26318	 0.713927
-2.25985	 0.824345
-2.25652	 0.764962
-2.25318	 0.840203
-2.24985	 0.723865
-2.24652	 0.842251
-2.24318	 0.913852
-2.23985	 0.784264
-2.23652	 0.819027
-2.23318	 0.701737
-2.22985	 0.781079
-2.22652	 0.708438
-2.22319	 0.775721
-2.21985	 0.690361
-2.21652	 0.799671
-2.21319	 0.631491
-2.20985	 0.764009
-2.20652	 0.708079
-2.20319	 0.804737
-2.19985	 0.831584
-2.19652	 0.875596
-2.19319	 0.769367
-2.18985	 0.827958
-2.18652	 0.767346
-2.18319	 0.677257
-2.17985	 0.885095
-2.17652	 0.867499
-2.17319	 0.783998
-2.16986	 0.881965
-2.16652	 0.806031
-2.16319	 0.931334
-2.15986	 0.739398
-2.15652	 0.928268
-2.15319	 0.812188
-2.14986	 0.951873
-2.14652	 0.855182
-2.14319	 0.728384
-2.13986	 0.69474
-2.13652	 0.832279
-2.13319	 0.631169
-2.12986	 0.703575
-2.12652	 1.04567
-2.12319	 0.978482
-2.11986	 0.661617
-2.11653	 0.923372
-2.11319	 0.840757
-2.10986	 0.791519
-2.10653	 0.83859
-2.10319	 0.833121
-2.09986	 0.937095
-2.09653	 0.607194
-2.09319	 0.880849
-2.08986	 0.821406
-2.08653	 0.781322
-2.08319	 0.573441
-2.07986	 0.757202
-2.07653	 0.88327
-2.0732	 0.760439
-2.06986	 0.759597
-2.06653	 0.79667
-2.0632	 0.813414
-2.05986	 0.795447
-2.05653	 0.958275
-2.0532	 0.917752
-2.04986	 0.831583
-2.04653	 0.720153
-2.0432	 0.874306
-2.03986	 0.735905
-2.03653	 0.990532
-2.0332	 0.934465
-2.02986	 0.800024
-2.02653	 0.703568
-2.0232	 0.69294
-2.01987	 1.00233
-2.01653	 0.891751
-2.0132	 0.914418
-2.00987	 0.81125
-2.00653	 0.936197
-2.0032	 0.644446
-1.99987	 0.731147
-1.99653	 0.668329
-1.9932	 0.70276
-1.98987	 0.766223
-1.98653	 0.881412
-1.9832	 0.850824
-1.97987	 0.947427
-1.97653	 0.83486
-1.9732	 0.705749
-1.96987	 0.744884
-1.96654	 0.884168
-1.9632	 0.844224
-1.95987	 0.915224
-1.95654	 0.953528
-1.9532	 0.855342
-1.94987	 0.951799
-1.94654	 0.781644
-1.9432	 0.970293
-1.93987	 0.795777
-1.93654	 0.832329
-1.9332	 0.814414
-1.92987	 0.749186
-1.92654	 0.71553
-1.92321	 0.88719
-1.91987	 0.678326
-1.91654	 0.697597
-1.91321	 1.00174
-1.90987	 0.806459
-1.90654	 0.896468
-1.90321	 1.02558
-1.89987	 0.745397
-1.89654	 0.858356
-1.89321	 0.647453
-1.88987	 0.860369
-1.88654	 0.859076
-1.88321	 0.767748
-1.87987	 0.809998
-1.87654	 0.679602
-1.87321	 0.933039
-1.86988	 0.777102
-1.86654	 0.946328
-1.86321	 0.881033
-1.85988	 0.891511
-1.85654	 0.825571
-1.85321	 0.658594
-1.84988	 0.806249
-1.84654	 0.82716
-1.84321	 0.783076
-1.83988	 0.720305
-1.83654	 0.983625
-1.83321	 0.923521
-1.82988	 0.77275
-1.82654	 0.811013
-1.82321	 0.678209
-1.81988	 0.880618
-1.81655	 0.823546
-1.81321	 0.864785
-1.80988	 0.71926
-1.80655	 0.818477
-1.80321	 0.838929
-1.79988	 0.75149
-1.79655	 0.712559
-1.79321	 0.853034
-1.78988	 0.948587
-1.78655	 0.641713
-1.78321	 0.826777
-1.77988	 0.736609
-1.77655	 0.967784
-1.77322	 0.949142
-1.76988	 0.717118
-1.76655	 0.798568
-1.76322	 0.908444
-1.75988	 0.942719
-1.75655	 0.705468
-1.75322	 0.914264
-1.74988	 0.804898
-1.74655	 0.838878
-1.74322	 0.879478
-1.73988	 0.825938
-1.73655	 0.766144
-1.73322	 0.794598
-1.72988	 0.825772
-1.72655	 0.826338
-1.72322	 0.879244
-1.71989	 0.667734
-1.71655	 0.812481
-1.71322	 0.678986
-1.70989	 0.952958
-1.70655	 0.970786
-1.70322	 0.816253
-1.69989	 0.875334
-1.69655	 0.671088
-1.69322	 0.780833
-1.68989	 0.932273
-1.68655	 0.837591
-1.68322	 0.711955
-1.67989	 0.899677
-1.67655	 0.808971
-1.67322	 0.766566
-1.66989	 0.802755
-1.66656	 0.796431
-1.66322	 0.735845
-1.65989	 0.699883
-1.65656	 0.961505
-1.65322	 0.785967
-1.64989	 0.957213
-1.64656	 0.710343
-1.64322	 1.04072
-1.63989	 1.01764
-1.63656	 0.818535
-1.63322	 0.801937
-1.62989	 0.985253
-1.62656	 0.918104
-1.62323	 0.703057
-1.61989	 0.892884
-1.61656	 0.758481
-1.61323	 0.855662
-1.60989	 0.775147
-1.60656	 0.941359
-1.60323	 0.682058
-1.59989	 0.638757
-1.59656	 0.861921
-1.59323	 0.848846
-1.58989	 0.835874
-1.58656	 0.874282
-1.58323	 0.784838
-1.57989	 0.859261
-1.57656	 1.15768
-1.57323	 0.903015
-1.5699	 0.841486
-1.56656	 0.831824
-1.56323	 0.821357
-1.5599	 0.951971
-1.55656	 0.993585
-1.55323	 0.845442
-1.5499	 0.699226
-1.54656	 0.854733
-1.54323	 0.907818
-1.5399	 0.778723
-1.53656	 0.951432
-1.53323	 0.801553
-1.5299	 0.718128
-1.52656	 0.855516
-1.52323	 0.883026
-1.5199	 1.16775
-1.51657	 0.945907
-1.51323	 0.982354
-1.5099	 0.979411
-1.50657	 0.943149
-1.50323	 0.75421
-1.4999	 0.873235
-1.49657	 1.02018
-1.49323	 0.82962
-1.4899	 0.813383
-1.48657	 0.904243
-1.48323	 0.858483
-1.4799	 0.931545
-1.47657	 0.902715
-1.47324	 0.755941
-1.4699	 0.763893
-1.46657	 0.939847
-1.46324	 0.718668
-1.4599	 0.986502
-1.45657	 0.810613
-1.45324	 0.768544
-1.4499	 0.752999
-1.44657	 1.00967
-1.44324	 0.939884
-1.4399	 0.987123
-1.43657	 0.875886
-1.43324	 0.864048
-1.4299	 0.813593
-1.42657	 0.748761
-1.42324	 0.927262
-1.41991	 0.904283
-1.41657	 0.959796
-1.41324	 0.851706
-1.40991	 0.885467
-1.40657	 0.800544
-1.40324	 0.883167
-1.39991	 0.857425
-1.39657	 0.872983
-1.39324	 0.895138
-1.38991	 1.06169
-1.38657	 0.763616
-1.38324	 0.765416
-1.37991	 0.839387
-1.37657	 1.08546
-1.37324	 0.723466
-1.36991	 1.09337
-1.36658	 0.998719
-1.36324	 0.870531
-1.35991	 0.834215
-1.35658	 0.780773
-1.35324	 0.786372
-1.34991	 0.858565
-1.34658	 0.686545
-1.34324	 0.821314
-1.33991	 0.860995
-1.33658	 0.870934
-1.33324	 0.853974
-1.32991	 0.80228
-1.32658	 0.81699
-1.32325	 0.871524
-1.31991	 0.727603
-1.31658	 0.940979
-1.31325	 0.836016
-1.30991	 0.885286
-1.30658	 0.737192
-1.30325	 1.04208
-1.29991	 0.975742
-1.29658	 0.889601
-1.29325	 0.99177
-1.28991	 0.965755
-1.28658	 0.978768
-1.28325	 0.995016
-1.27991	 0.989783
-1.27658	 0.844126
-1.27325	 1.0233
-1.26992	 1.07247
-1.26658	 0.771432
-1.26325	 0.852946
-1.25992	 0.857551
-1.25658	 0.953728
-1.25325	 0.856625
-1.24992	 0.792069
-1.24658	 0.790773
-1.24325	 0.804243
-1.23992	 0.865347
-1.23658	 0.992147
-1.23325	 0.806448
-1.22992	 0.693839
-1.22658	 0.958907
-1.22325	 1.09762
-1.21992	 0.957335
-1.21659	 1.04206
-1.21325	 0.970041
-1.20992	 0.921514
-1.20659	 0.795376
-1.20325	 0.87916
-1.19992	 0.942766
-1.19659	 1.00626
-1.19325	 0.971537
-1.18992	 0.894045
-1.18659	 0.815082
-1.18325	 0.908415
-1.17992	 0.825118
-1.17659	 0.927557
-1.17326	 0.968902
-1.16992	 0.733298
-1.16659	 1.05368
-1.16326	 1.02059
-1.15992	 0.865045
-1.15659	 0.777582
-1.15326	 0.758854
-1.14992	 0.748894
-1.14659	 0.791446
-1.14326	 1.0466
-1.13992	 0.790417
-1.13659	 0.96164
-1.13326	 0.944008
-1.12992	 0.823269
-1.12659	 0.776934
-1.12326	 0.747618
-1.11993	 0.757489
-1.11659	 0.941739
-1.11326	 0.941577
-1.10993	 1.10763
-1.10659	 0.768299
-1.10326	 0.770127
-1.09993	 1.08401
-1.09659	 0.927249
-1.09326	 0.882462
-1.08993	 0.888984
-1.08659	 0.915419
-1.08326	 1.0421
-1.07993	 0.917812
-1.07659	 0.738543
-1.07326	 0.775904
-1.06993	 0.896619
-1.0666	 1.13797
-1.06326	 0.858421
-1.05993	 1.05538
-1.0566	 0.89368
-1.05326	 1.05526
-1.04993	 0.911438
-1.0466	 0.955228
-1.04326	 1.04864
-1.03993	 0.722044
-1.0366	 1.04131
-1.03326	 1.13834
-1.02993	 1.03465
-1.0266	 0.96469
-1.02327	 0.786734
-1.01993	 0.918123
-1.0166	 0.968747
-1.01327	 0.934299
-1.00993	 0.648306
-1.0066	 1.03713
-1.00327	 0.992909
-0.999933	 0.820208
-0.9966	 1.08765
-0.993267	 0.885923
-0.989934	 0.922605
-0.986601	 0.818546
-0.983268	 0.890007
-0.979935	 1.01418
-0.976602	 0.96865
-0.973268	 0.969989
-0.969935	 0.914198
-0.966602	 0.896218
-0.963269	 1.00105
-0.959936	 0.725615
-0.956603	 0.749382
-0.95327	 1.08776
-0.949937	 0.998933
-0.946604	 0.944289
-0.94327	 0.894762
-0.939937	 1.03089
-0.936604	 1.09029
-0.933271	 0.844496
-0.929938	 1.15583
-0.926605	 0.867481
-0.923272	 0.89866
-0.919939	 0.835332
-0.916606	 0.841853
-0.913272	 0.807524
-0.909939	 0.70744
-0.906606	 1.19334
-0.903273	 0.897856
-0.89994	 0.937603
-0.896607	 0.850083
-0.893274	 0.738784
-0.889941	 0.834361
-0.886608	 0.957333
-0.883274	 0.90013
-0.879941	 0.703892
-0.876608	 0.913457
-0.873275	 0.918664
-0.869942	 0.889856
-0.866609	 0.91629
-0.863276	 0.89506
-0.859943	 0.828944
-0.85661	 1.11432
-0.853276	 1.0549
-0.849943	 0.951371
-0.84661	 1.10965
-0.843277	 0.799046
-0.839944	 0.956959
-0.836611	 0.874592
-0.833278	 0.779691
-0.829945	 1.25861
-0.826612	 0.723234
-0.823278	 0.840939
-0.819945	 0.989542
-0.816612	 1.06245
-0.813279	 1.05557
-0.809946	 0.971097
-0.806613	 0.939862
-0.80328	 0.910108
-0.799947	 1.04296
-0.796614	 0.987957
-0.79328	 0.897473
-0.789947	 0.771434
-0.786614	 0.893853
-0.783281	 1.09504
-0.779948	 1.01028
-0.776615	 1.00816
-0.773282	 0.890192
-0.769949	 0.668458
-0.766616	 1.02251
-0.763282	 1.12141
-0.759949	 0.79792
-0.756616	 0.939078
-0.753283	 0.911128
-0.74995	 0.776749
-0.746617	 0.969909
-0.743284	 0.922852
-0.739951	 0.843549
-0.736618	 0.681582
-0.733284	 0.94241
-0.729951	 1.03326
-0.726618	 0.994379
-0.723285	 0.911526
-0.719952	 0.878674
-0.716619	 1.15812
-0.713286	 0.83586
-0.709953	 1.00748
-0.70662	 1.09056
-0.703286	 0.832524
-0.699953	 0.900867
-0.69662	 0.780277
-0.693287	 0.925649
-0.689954	 1.02124
-0.686621	 0.942547
-0.683288	 1.10287
-0.679955	 0.948967
-0.676622	 0.884996
-0.673288	 0.879271
-0.669955	 0.690883
-0.666622	 0.891791
-0.663289	 0.763268
-0.659956	 0.928905
-0.656623	 0.758553
-0.65329	 0.87223
-0.649957	 0.670577
-0.646624	 0.909484
-0.64329	 0.859194
-0.639957	 0.768088
-0.636624	 1.00643
-0.633291	 0.973395
-0.629958	 0.794276
-0.626625	 0.925343
-0.623292	 1.11009
-0.619959	 0.88995
-0.616626	 0.841332
-0.613292	 0.949296
-0.609959	 1.07024
-0.606626	 0.975894
-0.603293	 0.831701
-0.59996	 1.02384
-0.596627	 0.908834
-0.593294	 0.877767
-0.589961	 0.97633
-0.586628	 0.789095
-0.583294	 0.811163
-0.579961	 0.945041
-0.576628	 1.07127
-0.573295	 0.966795
-0.569962	 0.892603
-0.566629	 1.02005
-0.563296	 0.909305
-0.559963	 1.04498
-0.55663	 0.994995
-0.553296	 0.912955
-0.549963	 0.998741
-0.54663	 0.827823
-0.543297	 1.03519
-0.539964	 0.763083
-0.536631	 0.95945
-0.533298	 0.874784
-0.529965	 0.993102
-0.526632	 0.949581
-0.523298	 0.721691
-0.519965	 0.943334
-0.516632	 0.97948
-0.513299	 0.837432
-0.509966	 0.892661
-0.506633	 0.968634
-0.5033	 1.00537
-0.499967	 0.662867
-0.496634	 1.14772
-0.4933	 0.891137
-0.489967	 0.802341
-0.486634	 0.770976
-0.483301	 0.96911
-0.479968	 0.795419
-0.476635	 0.639985
-0.473302	 0.987588
-0.469969	 1.02714
-0.466636	 0.839903
-0.463302	 0.934853
-0.459969	 1.123
-0.456636	 1.0165
-0.453303	 0.914936
-0.44997	 0.99125
-0.446637	 0.964508
-0.443304	 0.806328
-0.439971	 0.981696
-0.436638	 0.95155
-0.433304	 0.827399
-0.429971	 0.807815
-0.426638	 0.832751
-0.423305	 0.897557
-0.419972	 0.994188
-0.416639	 0.899377
-0.413306	 0.983293
-0.409973	 0.74192
-0.40664	 0.884608
-0.403306	 1.04234
-0.399973	 0.972202
-0.39664	 0.896719
-0.393307	 0.893457
-0.389974	 0.959762
-0.386641	 0.864923
-0.383308	 1.06315
-0.379975	 1.04596
-0.376642	 0.909246
-0.373308	 0.726312
-0.369975	 0.866053
-0.366642	 0.804281
-0.363309	 0.825226
-0.359976	 0.939297
-0.356643	 0.96731
-0.35331	 1.0141
-0.349977	 0.783572
-0.346644	 0.705794
-0.34331	 0.974795
-0.339977	 0.93059
-0.336644	 0.826465
-0.333311	 0.920148
-0.329978	 0.959555
-0.326645	 0.812127
-0.323312	 0.781313
-0.319979	 0.834158
-0.316646	 1.12794
-0.313312	 1.06576
-0.309979	 0.905043
-0.306646	 1.04599
-0.303313	 0.88347
-0.29998	 0.888326
-0.296647	 0.863484
-0.293314	 0.896371
-0.289981	 0.930369
-0.286648	 0.932233
-0.283314	 0.924051
-0.279981	 0.798197
-0.276648	 0.844284
-0.273315	 1.19305
-0.269982	 1.00938
-0.266649	 0.957118
-0.263316	 0.875169
-0.259983	 0.929384
-0.25665	 0.949986
-0.253316	 0.918173
-0.249983	 0.984046
-0.24665	 1.02712
-0.243317	 0.950047
-0.239984	 0.966526
-0.236651	 1.02818
-0.233318	 0.798346
-0.229985	 0.834429
-0.226652	 0.8613
-0.223318	 0.90565
-0.219985	 0.641433
-0.216652	 0.946605
-0.213319	 0.961663
-0.209986	 1.20122
-0.206653	 0.890009
-0.20332	 0.731792
-0.199987	 0.944708
-0.196654	 0.98354
-0.19332	 1.03336
-0.189987	 1.1361
-0.186654	 1.00023
-0.183321	 0.756755
-0.179988	 0.853658
-0.176655	 0.983466
-0.173322	 0.989468
-0.169989	 0.872164
-0.166656	 1.01744
-0.163322	 1.09192
-0.159989	 1.03871
-0.156656	 1.14137
-0.153323	 0.962815
-0.14999	 0.89005
-0.146657	 0.922784
-0.143324	 0.819644
-0.139991	 0.820603
-0.136658	 0.968362
-0.133324	 0.994001
-0.129991	 0.975225
-0.126658	 0.865608
-0.123325	 0.773343
-0.119992	 0.996161
-0.116659	 1.00724
-0.113326	 0.792622
-0.109993	 1.22242
-0.10666	 1.0109
-0.103326	 0.845956
-0.0999933	 0.836819
-0.0966602	 0.921522
-0.0933271	 0.805915
-0.089994	 0.865569
-0.0866609	 1.0197
-0.0833278	 0.906876
-0.0799947	 1.11258
-0.0766616	 1.02094
-0.0733284	 0.982942
-0.0699953	 0.957655
-0.0666622	 1.01298
-0.0633291	 0.911623
-0.059996	 0.723173
-0.0566629	 0.936953
-0.0533298	 0.832009
-0.0499967	 1.00219
-0.0466636	 1.16595
-0.0433304	 0.753153
-0.0399973	 0.960834
-0.0366642	 0.796246
-0.0333311	 0.913699
-0.029998	 0.966315
-0.0266649	 0.910478
-0.0233318	 1.01628
-0.0199987	 0.839354
-0.0166656	 0.941323
-0.0133324	 0.979209
-0.00999933	 0.998437
-0.00666622	 1.09926
-0.00333311	 0.0720654
0	 1
0.00333311	 0.827779
0.00666622	 1.22298
0.00999933	 0.922629
0.0133324	 1.03393
0.0166656	 0.802343
0.0199987	 0.794865
0.0233318	 0.900774
0.0266649	 1.20409
0.029998	 1.05952
0.0333311	 0.826542
0.0366642	 1.08832
0.0399973	 1.15419
0.0433304	 0.912913
0.0466636	 0.896004
0.0499967	 1.37999
0.0533298	 0.826841
0.0566629	 0.792303
0.059996	 0.911844
0.0633291	 0.940923
0.0666622	 0.930185
0.0699953	 1.13895
0.0733284	 0.878451
0.0766616	 0.845385
0.0799947	 0.885323
0.0833278	 1.16959
0.0866609	 0.935946
0.089994	 0.756178
0.0933271	 0.904303
0.0966602	 0.997958
0.0999933	 0.969616
0.103326	 0.910341
0.10666	 0.905268
0.109993	 0.957625
0.113326	 0.768757
0.116659	 0.902513
0.119992	 0.906199
0.123325	 1.13558
0.126658	 0.820044
0.129991	 0.652258
0.133324	 0.820417
0.136658	 1.01304
0.139991	 0.836085
0.143324	 0.980511
0.146657	 0.972151
0.14999	 0.927897
0.153323	 0.77001
0.156656	 1.0063
0.159989	 0.969539
0.163322	 0.950551
0.166656	 0.752387
0.169989	 1.00716
0.173322	 1.06795
0.176655	 1.16275
0.179988	 0.953539
0.183321	 0.895877
0.186654	 0.798554
0.189987	 0.761354
0.19332	 0.882141
0.196654	 1.00898
0.199987	 0.841104
0.20332	 0.875716
0.206653	 0.937783
0.209986	 0.986153
0.213319	 0.963356
0.216652	 0.742085
0.219985	 1.15926
0.223318	 0.970148
0.226652	 0.726256
0.229985	 0.854726
0.233318	 0.855095
0.236651	 1.02166
0.239984	 1.23337
0.243317	 0.951465
0.24665	 1.016
0.249983	 0.871978
0.253316	 0.908228
0.25665	 0.830212
0.259983	 1.08548
0.263316	 0.940795
0.266649	 0.896526
0.269982	 0.948669
0.273315	 0.935466
0.276648	 0.845091
0.279981	 0.800329
0.283314	 0.939903
0.286648	 0.948685
0.289981	 0.884211
0.293314	 0.817693
0.296647	 0.72421
0.29998	 1.00751
0.303313	 0.80541
0.306646	 0.988891
0.309979	 0.905604
0.313312	 0.762197
0.316646	 1.10843
0.319979	 0.919292
0.323312	 1.07631
0.326645	 0.85569
0.329978	 0.987135
0.333311	 1.04075
0.336644	 0.947245
0.339977	 0.987543
0.34331	 0.987636
0.346644	 0.968919
0.349977	 0.766736
0.35331	 0.824982
0.356643	 0.816534
0.359976	 0.853
0.363309	 0.90707
0.366642	 0.918246
0.369975	 0.827841
0.373308	 0.762209
0.376642	 0.938621
0.379975	 1.01006
0.383308	 0.934555
0.386641	 1.04448
0.389974	 0.808245
0.393307	 1.07349
0.39664	 0.821506
0.399973	 0.838028
0.403306	 0.931056
0.40664	 0.843448
0.409973	 1.16944
0.413306	 0.841498
0.416639	 0.795459
0.419972	 1.0045
0.423305	 0.801311
0.426638	 0.964027
0.429971	 1.0199
0.433304	 0.787974
0.436638	 0.935115
0.439971	 0.962729
0.443304	 0.820913
0.446637	 0.833862
0.44997	 0.848357
0.453303	 1.01253
0.456636	 0.934728
0.459969	 1.08565
0.463302	 0.679342
0.466636	 0.947325
0.469969	 0.833966
0.473302	 1.00304
0.476635	 0.901679
0.479968	 0.805416
0.483301	 1.10407
0.486634	 0.918351
0.489967	 0.777814
0.4933	 0.996233
0.496634	 0.931402
0.499967	 0.976632
0.5033	 0.937737
0.506633	 0.964812
0.509966	 0.922458
0.513299	 0.765462
0.516632	 0.843847
0.519965	 1.00705
0.523298	 0.889631
0.526632	 0.847366
0.529965	 0.874198
0.533298	 0.867971
0.536631	 0.95839
0.539964	 0.913735
0.543297	 1.00039
0.54663	 0.685464
0.549963	 0.74686
0.553296	 0.916497
0.55663	 0.809595
0.559963	 0.733246
0.563296	 1.01809
0.566629	 1.05906
0.569962	 0.921168
0.573295	 0.788332
0.576628	 0.872962
0.579961	 0.692676
0.583294	 0.932306
0.586628	 1.07056
0.589961	 1.04199
0.593294	 0.785096
0.596627	 1.06098
0.59996	 0.910026
0.603293	 0.908231
0.606626	 0.999703
0.609959	 0.932265
0.613292	 0.978079
0.616626	 0.806749
0.619959	 0.824466
0.623292	 0.853865
0.626625	 0.89476
0.629958	 1.11136
0.633291	 0.911477
0.636624	 1.05551
0.639957	 0.963022
0.64329	 1.02628
0.646624	 0.6865
0.649957	 0.848262
0.65329	 1.0549
0.656623	 0.965091
0.659956	 0.950704
0.663289	 0.863965
0.666622	 0.792741
0.669955	 1.10776
0.673288	 0.819405
0.676622	 0.749282
0.679955	 0.922613
0.683288	 0.87806
0.686621	 0.939413
0.689954	 0.737149
0.693287	 0.981239
0.69662	 0.823396
0.699953	 0.782388
0.703286	 0.916206
0.70662	 1.11339
0.709953	 1.15252
0.713286	 0.702113
0.716619	 0.873601
0.719952	 1.22184
0.723285	 0.878633
0.726618	 0.834895
0.729951	 0.823137
0.733284	 1.06627
0.736618	 1.04349
0.739951	 0.923227
0.743284	 0.844077
0.746617	 0.834097
0.74995	 1.07152
0.753283	 0.624958
0.756616	 1.2715
0.759949	 0.849622
0.763282	 0.969005
0.766616	 0.82214
0.769949	 1.00542
0.773282	 0.915909
0.776615	 0.954449
0.779948	 1.08518
0.783281	 0.990215
0.786614	 0.857531
0.789947	 0.884322
0.79328	 0.921008
0.796614	 0.965074
0.799947	 0.905009
0.80328	 0.825637
0.806613	 0.764466
0.809946	 0.990314
0.813279	 0.996427
0.816612	 0.928679
0.819945	 0.901218
0.823278	 1.17397
0.826612	 1.03552
0.829945	 0.895959
0.833278	 0.653494
0.836611	 0.75474
0.839944	 0.798678
0.843277	 0.779025
0.84661	 0.994653
0.849943	 0.917906
0.853276	 0.890399
0.85661	 0.878475
0.859943	 0.699338
0.863276	 0.93149
0.866609	 0.849871
0.869942	 0.899739
0.873275	 0.658312
0.876608	 0.994713
0.879941	 0.856733
0.883274	 0.921486
0.886608	 0.808938
0.889941	 0.849331
0.893274	 0.8263
0.896607	 0.853537
0.89994	 0.920915
0.903273	 1.07318
0.906606	 0.946395
0.909939	 1.14501
0.913272	 0.800484
0.916606	 0.959847
0.919939	 0.874807
0.923272	 0.732378
0.926605	 0.739581
0.929938	 0.99928
0.933271	 1.0998
0.936604	 0.873195
0.939937	 0.954601
0.94327	 0.82815
0.946604	 0.933145
0.949937	 0.928242
0.95327	 0.855773
0.956603	 1.07003
0.959936	 0.90609
0.963269	 0.915542
0.966602	 1.0184
0.969935	 1.16549
0.973268	 0.967218
0.976602	 1.04588
0.979935	 0.92292
0.983268	 0.709147
0.986601	 0.845142
0.989934	 0.769115
0.993267	 0.842488
0.9966	 0.872938
0.999933	 0.937264
1.00327	 0.698251
1.0066	 0.983251
1.00993	 1.13986
1.01327	 0.956146
1.0166	 0.752401
1.01993	 0.854033
1.02327	 0.841384
1.0266	 1.10427
1.02993	 0.79281
1.03326	 0.857072
1.0366	 0.893452
1.03993	 0.946684
1.04326	 0.909304
1.0466	 0.865773
1.04993	 0.840657
1.05326	 0.87598
1.0566	 0.957739
1.05993	 0.865144
1.06326	 0.990725
1.0666	 1.09988
1.06993	 0.97984
1.07326	 0.867439
1.07659	 0.898972
1.07993	 0.897087
1.08326	 0.765215
1.08659	 1.01715
1.08993	 0.855587
1.09326	 0.831282
1.09659	 0.853936
1.09993	 0.964145
1.10326	 0.684699
1.10659	 0.910272
1.10993	 0.999967
1.11326	 0.783709
1.11659	 1.03905
1.11993	 0.873399
1.12326	 0.876219
1.12659	 0.84986
1.12992	 0.898447
1.13326	 1.11226
1.13659	 0.934751
1.13992	 1.00839
1.14326	 0.753001
1.14659	 0.736078
1.14992	 0.908447
1.15326	 0.860035
1.15659	 0.870872
1.15992	 0.810967
1.16326	 0.932006
1.16659	 1.01621
1.16992	 0.904841
1.17326	 1.05205
1.17659	 0.954444
1.17992	 0.681592
1.18325	 0.866853
1.18659	 0.809989
1.18992	 0.88974
1.19325	 0.859048
1.19659	 0.913495
1.19992	 0.851341
1.20325	 0.895268
1.20659	 0.812795
1.20992	 0.934356
1.21325	 0.831497
1.21659	 0.752483
1.21992	 0.801407
1.22325	 0.959579
1.22658	 0.935464
1.22992	 1.0357
1.23325	 0.800017
1.23658	 1.0797
1.23992	 0.745587
1.24325	 0.925486
1.24658	 1.0602
1.24992	 0.819772
1.25325	 0.775446
1.25658	 0.870282
1.25992	 0.666498
1.26325	 0.780647
1.26658	 1.11717
1.26992	 0.805123
1.27325	 0.892064
1.27658	 0.883317
1.27991	 0.870972
1.28325	 0.961653
1.28658	 0.847085
1.28991	 0.839526
1.29325	 0.987355
1.29658	 0.691605
1.29991	 1.09984
1.30325	 0.724372
1.30658	 0.89134
1.30991	 0.780257
1.31325	 0.830433
1.31658	 0.864773
1.31991	 0.935978
1.32325	 0.989056
1.32658	 1.01259
1.32991	 0.900547
1.33324	 0.867229
1.33658	 0.913495
1.33991	 0.855317
1.34324	 0.825938
1.34658	 0.576953
1.34991	 0.889263
1.35324	 0.902352
1.35658	 0.767862
1.35991	 0.678175
1.36324	 0.995473
1.36658	 1.00629
1.36991	 1.00467
1.37324	 0.835752
1.37657	 1.01686
1.37991	 0.711905
1.38324	 0.693957
1.38657	 0.929872
1.38991	 0.800517
1.39324	 0.72403
1.39657	 0.893433
1.39991	 0.869812
1.40324	 0.990655
1.40657	 0.965445
1.40991	 0.923216
1.41324	 0.802532
1.41657	 0.832309
1.41991	 0.890286
1.42324	 0.810554
1.42657	 0.898265
1.4299	 0.702933
1.43324	 0.790948
1.43657	 0.970136
1.4399	 0.704889
1.44324	 0.8018
1.44657	 1.02925
1.4499	 0.857293
1.45324	 0.830531
1.45657	 0.807534
1.4599	 0.80073
1.46324	 0.792312
1.46657	 0.869031
1.4699	 0.7793
1.47324	 0.921917
1.47657	 0.858729
1.4799	 0.783574
1.48323	 0.771206
1.48657	 0.876762
1.4899	 1.10484
1.49323	 0.844236
1.49657	 0.823642
1.4999	 0.689465
1.50323	 1.0176
1.50657	 0.689922
1.5099	 0.722556
1.51323	 0.856752
1.51657	 0.952151
1.5199	 0.928157
1.52323	 0.970194
1.52656	 0.851425
1.5299	 1.02023
1.53323	 0.701971
1.53656	 0.75871
1.5399	 0.76173
1.54323	 0.728263
1.54656	 0.866157
1.5499	 0.669879
1.55323	 0.723866
1.55656	 0.719189
1.5599	 1.00886
1.56323	 0.75922
1.56656	 0.736657
1.5699	 0.871439
1.57323	 0.874705
1.57656	 1.04148
1.57989	 0.884949
1.58323	 0.877485
1.58656	 0.81414
1.58989	 0.791009
1.59323	 1.00015
1.59656	 0.959821
1.59989	 0.877522
1.60323	 0.7439
1.60656	 0.892482
1.60989	 0.941452
1.61323	 0.839135
1.61656	 0.887445
1.61989	 1.02589
1.62323	 0.729764
1.62656	 0.760636
1.62989	 0.797912
1.63322	 0.830124
1.63656	 1.07704
1.63989	 0.64419
1.64322	 0.913874
1.64656	 0.858302
1.64989	 0.946718
1.65322	 0.608574
1.65656	 0.910313
1.65989	 0.625801
1.66322	 0.871294
1.66656	 0.773357
1.66989	 0.969517
1.67322	 0.80042
1.67655	 0.925062
1.67989	 0.82685
1.68322	 0.839059
1.68655	 0.906638
1.68989	 0.810286
1.69322	 0.87848
1.69655	 0.839328
1.69989	 0.684558
1.70322	 0.963208
1.70655	 0.874813
1.70989	 0.837068
1.71322	 0.778032
1.71655	 0.80327
1.71989	 0.828682
1.72322	 0.816816
1.72655	 0.745049
1.72988	 0.951901
1.73322	 0.97658
1.73655	 0.999004
1.73988	 0.990562
1.74322	 0.911701
1.74655	 0.924317
1.74988	 0.796279
1.75322	 0.868714
1.75655	 1.02131
1.75988	 0.797123
1.76322	 0.711956
1.76655	 0.819691
1.76988	 0.852111
1.77322	 0.733341
1.77655	 0.73206
1.77988	 0.763227
1.78321	 0.809011
1.78655	 0.846965
1.78988	 0.837327
1.79321	 0.741385
1.79655	 0.83883
1.79988	 0.912342
1.80321	 0.628961
1.80655	 0.885664
1.80988	 0.772593
1.81321	 0.884964
1.81655	 0.754815
1.81988	 0.609982
1.82321	 0.826472
1.82654	 0.700843
1.82988	 0.731337
1.83321	 0.833936
1.83654	 0.760663
1.83988	 0.777439
1.84321	 0.983295
1.84654	 0.857623
1.84988	 0.718709
1.85321	 0.802426
1.85654	 0.773313
1.85988	 0.758121
1.86321	 0.84165
1.86654	 0.961882
1.86988	 0.774146
1.87321	 0.816654
1.87654	 0.798454
1.87987	 0.69678
1.88321	 0.839574
1.88654	 0.844375
1.88987	 0.905215
1.89321	 0.821019
1.89654	 0.886354
1.89987	 0.908165
1.90321	 0.811142
1.90654	 0.842658
1.90987	 0.670822
1.91321	 0.848049
1.91654	 0.747702
1.91987	 0.740291
1.92321	 0.8935
1.92654	 0.904232
1.92987	 0.806048
1.9332	 0.783245
1.93654	 0.755429
1.93987	 0.784399
1.9432	 0.828514
1.94654	 0.856924
1.94987	 0.816462
1.9532	 0.958724
1.95654	 0.784151
1.95987	 0.836546
1.9632	 0.845051
1.96654	 0.762851
1.96987	 1.07836
1.9732	 0.769713
1.97653	 0.574331
1.97987	 0.755701
1.9832	 0.73562
1.98653	 0.795093
1.98987	 0.878537
1.9932	 0.888164
1.99653	 0.884609
1.99987	 0.733899
2.0032	 1.02042
2.00653	 0.913473
2.00987	 0.850272
2.0132	 0.906327
2.01653	 0.805814
2.01987	 0.778573
2.0232	 0.665624
2.02653	 0.820114
2.02986	 0.867263
2.0332	 0.8223
2.03653	 0.97648
2.03986	 0.780195
2.0432	 0.842318
2.04653	 0.89366
2.04986	 0.870844
2.0532	 0.764274
2.05653	 0.856869
2.05986	 0.86492
2.0632	 1.00684
2.06653	 0.838244
2.06986	 0.716089
2.0732	 0.797937
2.07653	 0.839671
2.07986	 1.08456
2.08319	 0.60679
2.08653	 0.829025
2.08986	 0.820317
2.09319	 0.855591
2.09653	 1.00824
2.09986	 0.820743
2.10319	 0.647504
2.10653	 0.854371
2.10986	 0.882184
2.11319	 0.629126
2.11653	 0.783655
2.11986	 0.805438
2.12319	 0.595066
2.12652	 0.777757
2.12986	 0.884856
2.13319	 0.967678
2.13652	 0.894876
2.13986	 0.771274
2.14319	 0.797939
2.14652	 0.658497
2.14986	 0.733674
2.15319	 0.946447
2.15652	 0.859909
2.15986	 0.795173
2.16319	 0.853436
2.16652	 0.944226
2.16986	 0.733202
2.17319	 0.86376
2.17652	 0.903119
2.17985	 0.847897
2.18319	 0.888092
2.18652	 0.766078
2.18985	 0.83381
2.19319	 0.846428
2.19652	 0.675802
2.19985	 0.759374
2.20319	 0.802523
2.20652	 0.852886
2.20985	 0.73454
2.21319	 0.782664
2.21652	 0.688471
2.21985	 0.79636
2.22319	 0.810999
2.22652	 0.76566
2.22985	 0.786197
2.23318	 0.780787
2.23652	 0.872988
2.23985	 0.738558
2.24318	 0.740789
2.24652	 0.934531
2.24985	 0.850339
2.25318	 0.876206
2.25652	 0.581014
2.25985	 0.846168
2.26318	 0.824384
2.26652	 0.696769
2.26985	 0.86309
2.27318	 0.713635
2.27651	 0.813062
2.27985	 0.620146
2.28318	 0.605199
2.28651	 0.756974
2.28985	 0.764171
2.29318	 0.622729
2.29651	 0.781661
2.29985	 0.834486
2.30318	 0.820704
2.30651	 0.831161
2.30985	 0.615088
2.31318	 0.744711
2.31651	 0.751147
2.31985	 0.765063
2.32318	 0.85265
2.32651	 0.842646
2.32984	 0.792836
2.33318	 0.753735
2.33651	 0.944223
2.33984	 0.71329
2.34318	 0.911453
2.34651	 0.773785
2.34984	 0.742532
2.35318	 0.8552
2.35651	 0.669417
2.35984	 0.720258
2.36318	 0.769066
2.36651	 0.823846
2.36984	 0.917666
2.37318	 0.804276
2.37651	 0.808577
2.37984	 0.855189
2.38317	 0.729464
2.38651	 0.632193
2.38984	 0.85564
2.39317	 0.839836
2.39651	 0.845727
2.39984	 0.671036
2.40317	 0.828188
2.40651	 0.837949
2.40984	 0.930279
2.41317	 0.816579
2.41651	 0.935051
2.41984	 0.806873
2.42317	 0.893245
2.4265	 0.753599
2.42984	 0.85219
2.43317	 0.767229
2.4365	 0.870503
2.43984	 0.828585
2.44317	 0.867318
2.4465	 0.912201
2.44984	 0.970788
2.45317	 0.676782
2.4565	 0.696722
2.45984	 0.7679
2.46317	 0.656776
2.4665	 0.651864
2.46984	 0.810244
2.47317	 0.686797
2.4765	 0.61409
2.47983	 0.79032
2.48317	 0.742851
2.4865	 0.584244
2.48983	 0.682372
2.49317	 0.943857
2.4965	 0.8889
2.49983	 0.846082
2.50317	 0.764838
2.5065	 0.768035
2.50983	 0.760278
2.51317	 0.713208
2.5165	 0.686772
2.51983	 0.66701
2.52317	 0.859437
2.5265	 0.859141
2.52983	 0.785185
2.53316	 0.838405
2.5365	 0.748656
2.53983	 0.793099
2.54316	 0.856424
2.5465	 0.734209
2.54983	 0.76795
2.55316	 0.727448
2.5565	 0.92941
2.55983	 0.731272
2.56316	 0.708772
2.5665	 1.01937
2.56983	 0.832306
2.57316	 0.81146
2.57649	 0.946281
2.57983	 0.772862
2.58316	 0.765727
2.58649	 0.877066
2.58983	 0.822953
2.59316	 0.830329
2.59649	 0.808677
2.59983	 0.786713
2.60316	 0.74901
2.60649	 0.739375
2.60983	 0.895593
2.61316	 0.82348
2.61649	 0.901394
2.61983	 0.752462
2.62316	 0.744384
2.62649	 0.720632
2.62982	 0.785056
2.63316	 0.688933
2.63649	 0.775988
2.63982	 0.762637
2.64316	 0.758178
2.64649	 0.757561
2.64982	 0.683131
2.65316	 0.689566
2.65649	 0.807938
2.65982	 0.879047
2.66316	 0.789009
2.66649	 0.870851
2.66982	 0.79219
2.67316	 0.674294
2.67649	 0.824991
2.67982	 0.758599
2.68315	 0.790547
2.68649	 0.628432
2.68982	 0.647857
2.69315	 0.739865
2.69649	 0.788809
2.69982	 0.757049
2.70315	 0.689796
2.70649	 0.753005
2.70982	 0.799345
2.71315	 0.882952
2.71649	 0.720202
2.71982	 0.714213
2.72315	 0.89713
2.72648	 0.79351
2.72982	 0.89647
2.73315	 0.935451
2.73648	 0.667286
2.73982	 0.778768
2.74315	 0.653673
2.74648	 0.75271
2.74982	 0.600798
2.75315	 0.77262
2.75648	 0.782232
2.75982	 0.780177
2.76315	 0.76044
2.76648	 0.80633
2.76982	 0.717509
2.77315	 0.729604
2.77648	 0.627521
2.77981	 0.7786
2.78315	 0.939236
2.78648	 0.771119
2.78981	 0.812051
2.79315	 0.714966
2.79648	 0.861534
2.79981	 0.712899
2.80315	 0.737964
2.80648	 0.866153
2.80981	 0.70298
2.81315	 0.67198
2.81648	 0.92598
2.81981	 0.607379
2.82315	 0.914471
2.82648	 0.694373
2.82981	 0.715577
2.83314	 0.703098
2.83648	 0.689264
2.83981	 0.814961
2.84314	 0.580931
2.84648	 0.736097
2.84981	 0.648801
2.85314	 0.813852
2.85648	 0.740616
2.85981	 0.858264
2.86314	 0.596972
2.86648	 0.7676
2.86981	 0.798237
2.87314	 0.760502
2.87647	 0.678182
2.87981	 0.789446
2.88314	 0.841389
2.88647	 0.664981
2.88981	 0.821182
2.89314	 0.680729
2.89647	 0.691486
2.89981	 0.700356
2.90314	 0.746464
2.90647	 0.585302
2.90981	 0.737147
2.91314	 0.693878
2.91647	 0.653904
2.91981	 0.781667
2.92314	 0.668121
2.92647	 0.770458
2.9298	 0.833643
2.93314	 0.628585
2.93647	 0.637985
2.9398	 0.764061
2.94314	 0.668405
2.94647	 0.930233
2.9498	 0.817252
2.95314	 0.788945
2.95647	 0.633478
2.9598	 0.668638
2.96314	 0.677828
2.96647	 0.779341
2.9698	 0.726799
2.97314	 0.863881
2.97647	 0.620377
2.9798	 0.611677
2.98313	 0.739792
2.98647	 0.842991
2.9898	 0.715548
2.99313	 0.719101
2.99647	 0.643746
2.9998	 0.71578
3.00313	 0.623332
3.00647	 0.655298
3.0098	 0.776444
3.01313	 0.688715
3.01647	 0.687573
3.0198	 0.637751
3.02313	 0.704951
3.02646	 0.691175
3.0298	 0.635486
3.03313	 0.668496
3.03646	 0.73209
3.0398	 0.616038
3.04313	 0.729706
3.04646	 0.700371
3.0498	 0.743535
3.05313	 0.718383
3.05646	 0.672104
3.0598	 0.816031
3.06313	 0.710176
3.06646	 0.912509
3.0698	 0.694307
3.07313	 0.836505
3.07646	 0.703652
3.07979	 0.73003
3.08313	 0.727397
3.08646	 0.742408
3.08979	 0.622265
3.09313	 0.708407
3.09646	 0.669667
3.09979	 0.773219
3.10313	 0.705295
3.10646	 0.636092
3.10979	 0.751264
3.11313	 0.666004
3.11646	 0.690751
3.11979	 0.621935
3.12313	 0.663466
3.12646	 0.675848
3.12979	 0.582867
3.13312	 0.645534
3.13646	 0.780955
3.13979	 0.589239
3.14312	 0.668752
3.14646	 0.574898
3.14979	 0.748329
3.15312	 0.754967
3.15646	 0.766372
3.15979	 0.70816
3.16312	 0.76145
3.16646	 0.835884
3.16979	 0.685341
3.17312	 0.75858
3.17645	 0.575918
3.17979	 0.689899
3.18312	 0.692832
3.18645	 0.781905
3.18979	 0.670495
3.19312	 0.699381
3.19645	 0.765869
3.19979	 0.699315
3.20312	 0.644558
3.20645	 0.690769
3.20979	 0.594696
3.21312	 0.778538
3.21645	 0.651394
3.21979	 0.578492
3.22312	 0.482861
3.22645	 0.869317
3.22978	 0.701296
3.23312	 0.719208
3.23645	 0.843299
3.23978	 0.6909
3.24312	 0.729811
3.24645	 0.606795
3.24978	 0.731793
3.25312	 0.705302
3.25645	 0.572379
3.25978	 0.683891
3.26312	 0.71486
3.26645	 0.61097
3.26978	 0.641423
3.27312	 0.710005
3.27645	 0.775556
3.27978	 0.587606
3.28311	 0.748101
3.28645	 0.677138
3.28978	 0.642221
3.29311	 0.699707
3.29645	 0.753619
3.29978	 0.668397
3.30311	 0.746633
3.30645	 0.671427
3.30978	 0.69502
3.31311	 0.715588
3.31645	 0.807743
3.31978	 0.634873
3.32311	 0.618756
3.32644	 0.562966
3.32978	 0.644445
3.33311	 0.6324
3.33644	 0.830408
3.33978	 0.716539
3.34311	 0.688906
3.34644	 0.751997
3.34978	 0.73747
3.35311	 0.709362
3.35644	 0.603028
3.35978	 0.553038
3.36311	 0.760485
3.36644	 0.669672
3.36978	 0.669264
3.37311	 0.667731
3.37644	 0.521213
3.37977	 0.65193
3.38311	 0.76084
3.38644	 0.613973
3.38977	 0.74794
3.39311	 0.559858
3.39644	 0.852173
3.39977	 0.80249
3.40311	 0.642143
3.40644	 0.584064
3.40977	 0.737382
3.41311	 0.533583
3.41644	 0.634881
3.41977	 0.727609
3.42311	 0.672182
3.42644	 0.606026
3.42977	 0.792574
3.4331	 0.729071
3.43644	 0.720379
3.43977	 0.52787
3.4431	 0.749754
3.44644	 0.61334
3.44977	 0.720322
3.4531	 0.721569
3.45644	 0.712235
3.45977	 0.542575
3.4631	 0.586326
3.46644	 0.631149
3.46977	 0.794513
3.4731	 0.521004
3.47643	 0.598485
3.47977	 0.730262
3.4831	 0.782666
3.48643	 0.624143
3.48977	 0.712058
3.4931	 0.587595
3.49643	 0.59831
3.49977	 0.80767
3.5031	 0.703864
3.50643	 0.639791
3.50977	 0.724351
3.5131	 0.7097
3.51643	 0.659435
3.51977	 0.594814
3.5231	 0.768005
3.52643	 0.690261
3.52976	 0.756729
3.5331	 0.833266
3.53643	 0.618243
3.53976	 0.756433
3.5431	 0.6472
3.54643	 0.558023
3.54976	 0.577807
3.5531	 0.63712
3.55643	 0.585739
3.55976	 0.577582
3.5631	 0.503933
3.56643	 0.641669
3.56976	 0.65594
3.5731	 0.594396
3.57643	 0.675773
3.57976	 0.613405
3.58309	 0.658935
3.58643	 0.555067
3.58976	 0.768536
3.59309	 0.500412
3.59643	 0.60218
3.59976	 0.768635
3.60309	 0.585397
3.60643	 0.639799
3.60976	 0.647497
3.61309	 0.798473
3.61643	 0.846956
3.61976	 0.413041
3.62309	 0.716347
3.62642	 0.750706
3.62976	 0.531349
3.63309	 0.616049
3.63642	 0.805047
3.63976	 0.665389
3.64309	 0.60433
3.64642	 0.644383
3.64976	 0.543705
3.65309	 0.691047
3.65642	 0.713373
3.65976	 0.672166
3.66309	 0.561739
3.66642	 0.627597
3.66976	 0.607803
3.67309	 0.754859
3.67642	 0.612067
3.67975	 0.604123
3.68309	 0.804155
3.68642	 0.648866
3.68975	 0.708281
3.69309	 0.680377
3.69642	 0.69001
3.69975	 0.729506
3.70309	 0.719374
3.70642	 0.701051
3.70975	 0.587897
3.71309	 0.603562
3.71642	 0.59932
3.71975	 0.598549
3.72309	 0.574682
3.72642	 0.707952
3.72975	 0.595614
3.73308	 0.767885
3.73642	 0.633795
3.73975	 0.700913
3.74308	 0.694272
3.74642	 0.691802
3.74975	 0.542072
3.75308	 0.634979
3.75642	 0.668801
3.75975	 0.464893
3.76308	 0.59707
3.76642	 0.6788
3.76975	 0.623758
3.77308	 0.597709
3.77641	 0.679234
3.77975	 0.601563
3.78308	 0.600062
3.78641	 0.534097
3.78975	 0.778899
3.79308	 0.744388
3.79641	 0.506861
3.79975	 0.644638
3.80308	 0.675247
3.80641	 0.66815
3.80975	 0.628603
3.81308	 0.51487
3.81641	 0.518723
3.81975	 0.604849
3.82308	 0.61619
3.82641	 0.484184
3.82974	 0.701864
3.83308	 0.608514
3.83641	 0.547438
3.83974	 0.639521
3.84308	 0.661234
3.84641	 0.564942
3.84974	 0.704054
3.85308	 0.719096
3.85641	 0.667395
3.85974	 0.7382
3.86308	 0.591363
3.86641	 0.673398
3.86974	 0.570829
3.87308	 0.699002
3.87641	 0.586667
3.87974	 0.656216
3.88307	 0.623524
3.88641	 0.606028
3.88974	 0.589502
3.89307	 0.4881
3.89641	 0.707984
3.89974	 0.620312
3.90307	 0.766585
3.90641	 0.588981
3.90974	 0.587728
3.91307	 0.58256
3.91641	 0.679702
3.91974	 0.651026
3.92307	 0.68909
3.9264	 0.607234
3.92974	 0.729474
3.93307	 0.576028
3.9364	 0.705116
3.93974	 0.716253
3.94307	 0.533288
3.9464	 0.746956
3.94974	 0.579265
3.95307	 0.649575
3.9564	 0.696581
3.95974	 0.6282
3.96307	 0.595616
3.9664	 0.663429
3.96974	 0.630465
3.97307	 0.648418
3.9764	 0.546702
3.97973	 0.62633
3.98307	 0.73519
3.9864	 0.67873
3.98973	 0.490973
3.99307	 0.63043
3.9964	 0.581191
3.99973	 0.6064
4.00307	 0.623072
4.0064	 0.652595
4.00973	 0.598149
4.01307	 0.598276
4.0164	 0.622008
4.01973	 0.628777
4.02307	 0.808845
4.0264	 0.557345
4.02973	 0.79472
4.03306	 0.595572
4.0364	 0.693974
4.03973	 0.663148
4.04306	 0.792794
4.0464	 0.762148
4.04973	 0.761929
4.05306	 0.646391
4.0564	 0.579843
4.05973	 0.680614
4.06306	 0.563649
4.0664	 0.557956
4.06973	 0.73646
4.07306	 0.574724
4.07639	 0.50182
4.07973	 0.487412
4.08306	 0.562816
4.08639	 0.548507
4.08973	 0.572028
4.09306	 0.607018
4.09639	 0.67267
4.09973	 0.750658
4.10306	 0.549517
4.10639	 0.549165
4.10973	 0.593764
4.11306	 0.668286
4.11639	 0.553826
4.11973	 0.619918
4.12306	 0.733688
4.12639	 0.56204
4.12972	 0.705231
4.13306	 0.436774
4.13639	 0.568905
4.13972	 0.571413
4.14306	 0.627569
4.14639	 0.584015
4.14972	 0.592347
4.15306	 0.6756
4.15639	 0.545251
4.15972	 0.516086
4.16306	 0.605996
4.16639	 0.549444
4.16972	 0.677373
4.17306	 0.67664
4.17639	 0.526213
4.17972	 0.679779
4.18305	 0.616081
4.18639	 0.49346
4.18972	 0.613536
4.19305	 0.610707
4.19639	 0.694274
4.19972	 0.622647
4.20305	 0.533677
4.20639	 0.650382
4.20972	 0.578826
4.21305	 0.548353
4.21639	 0.560882
4.21972	 0.652374
4.22305	 0.603569
4.22638	 0.583723
4.22972	 0.585428
4.23305	 0.561417
4.23638	 0.662098
4.23972	 0.493433
4.24305	 0.671936
4.24638	 0.633128
4.24972	 0.703959
4.25305	 0.603916
4.25638	 0.552687
4.25972	 0.501697
4.26305	 0.648611
4.26638	 0.668353
4.26972	 0.586735
4.27305	 0.564319
4.27638	 0.694704
4.27971	 0.71999
4.28305	 0.550316
4.28638	 0.666123
4.28971	 0.553109
4.29305	 0.637094
4.29638	 0.615653
4.29971	 0.564133
4.30305	 0.597181
4.30638	 0.574603
4.30971	 0.739138
4.31305	 0.669172
4.31638	 0.653713
4.31971	 0.708583
4.32305	 0.607545
4.32638	 0.571064
4.32971	 0.588285
4.33304	 0.60785
4.33638	 0.548397
4.33971	 0.663271
4.34304	 0.596557
4.34638	 0.620457
4.34971	 0.565019
4.35304	 0.60727
4.35638	 0.668171
4.35971	 0.663329
4.36304	 0.692196
4.36638	 0.595462
4.36971	 0.557963
4.37304	 0.548505
4.37637	 0.614256
4.37971	 0.577944
4.38304	 0.597073
4.38637	 0.614468
4.38971	 0.754344
4.39304	 0.533166
4.39637	 0.726401
4.39971	 0.594169
4.40304	 0.458964
4.40637	 0.649391
4.40971	 0.665732
4.41304	 0.723398
4.41637	 0.579351
4.41971	 0.477083
4.42304	 0.636564
4.42637	 0.639491
4.4297	 0.597455
4.43304	 0.821461
4.43637	 0.685235
4.4397	 0.515691
4.44304	 0.552954
4.44637	 0.639771
4.4497	 0.579675
4.45304	 0.647591
4.45637	 0.538713
4.4597	 0.444537
4.46304	 0.605921
4.46637	 0.676487
4.4697	 0.509068
4.47304	 0.596267
4.47637	 0.778086
4.4797	 0.604975
4.48303	 0.643823
4.48637	 0.571251
4.4897	 0.571337
4.49303	 0.489988
4.49637	 0.65656
4.4997	 0.493936
4.50303	 0.658928
4.50637	 0.593609
4.5097	 0.586955
4.51303	 0.553183
4.51637	 0.706947
4.5197	 0.536874
4.52303	 0.582437
4.52636	 0.60382
4.5297	 0.659373
4.53303	 0.547063
4.53636	 0.524007
4.5397	 0.733037
4.54303	 0.593138
4.54636	 0.533258
4.5497	 0.628782
4.55303	 0.542341
4.55636	 0.695702
4.5597	 0.622108
4.56303	 0.606844
4.56636	 0.576603
4.5697	 0.604571
4.57303	 0.555749
4.57636	 0.576839
4.57969	 0.537883
4.58303	 0.562408
4.58636	 0.505679
4.58969	 0.495527
4.59303	 0.471692
4.59636	 0.490075
4.59969	 0.652429
4.60303	 0.491128
4.60636	 0.52097
4.60969	 0.633443
4.61303	 0.612661
4.61636	 0.609683
4.61969	 0.51827
4.62303	 0.598252
4.62636	 0.527085
4.62969	 0.600194
4.63302	 0.541651
4.63636	 0.638407
4.63969	 0.699121
4.64302	 0.532863
4.64636	 0.705089
4.64969	 0.642587
4.65302	 0.527035
4.65636	 0.499002
4.65969	 0.5623
4.66302	 0.492209
4.66636	 0.481253
4.66969	 0.473631
4.67302	 0.639946
4.67635	 0.792495
4.67969	 0.466736
4.68302	 0.46066
4.68635	 0.521795
4.68969	 0.550687
4.69302	 0.608794
4.69635	 0.646993
4.69969	 0.668947
4.70302	 0.559296
4.70635	 0.445324
4.70969	 0.519818
4.71302	 0.674065
4.71635	 0.536839
4.71969	 0.509104
4.72302	 0.62133
4.72635	 0.484642
4.72968	 0.649622
4.73302	 0.572778
4.73635	 0.513224
4.73968	 0.601436
4.74302	 0.54855
4.74635	 0.584799
4.74968	 0.536729
4.75302	 0.577358
4.75635	 0.474436
4.75968	 0.614796
4.76302	 0.584092
4.76635	 0.615329
4.76968	 0.620474
4.77302	 0.607735
4.77635	 0.649715
4.77968	 0.549183
4.78301	 0.558046
4.78635	 0.581461
4.78968	 0.54007
4.79301	 0.653742
4.79635	 0.462066
4.79968	 0.485329
4.80301	 0.573508
4.80635	 0.571615
4.80968	 0.699139
4.81301	 0.556752
4.81635	 0.419265
4.81968	 0.654397
4.82301	 0.505711
4.82634	 0.574687
4.82968	 0.49343
4.83301	 0.465916
4.83634	 0.553052
4.83968	 0.608072
4.84301	 0.571477
4.84634	 0.556196
4.84968	 0.518338
4.85301	 0.615957
4.85634	 0.609841
4.85968	 0.43031
4.86301	 0.406577
4.86634	 0.595556
4.86968	 0.488845
4.87301	 0.620058
4.87634	 0.555419
4.87967	 0.522091
4.88301	 0.574169
4.88634	 0.574859
4.88967	 0.616663
4.89301	 0.554667
4.89634	 0.579653
4.89967	 0.508462
4.90301	 0.579303
4.90634	 0.568565
4.90967	 0.551373
4.91301	 0.509238
4.91634	 0.509903
4.91967	 0.60009
4.92301	 0.574003
4.92634	 0.462598
4.92967	 0.631735
4.933	 0.665112
4.93634	 0.552694
4.93967	 0.550696
4.943	 0.497916
4.94634	 0.565815
4.94967	 0.641141
4.953	 0.650071
4.95634	 0.481597
4.95967	 0.566118
4.963	 0.548745
4.96634	 0.535707
4.96967	 0.470719
4.973	 0.475306
4.97633	 0.612021
4.97967	 0.565606
4.983	 0.414348
4.98633	 0.622736
4.98967	 0.510862
4.993	 0.606147
4.99633	 0.546659
