# Frequency [GHz] 	Fouriercomponent
-4.99967	 0.000848619
-4.99633	 0.00067882
-4.993	 0.000820045
-4.98967	 0.000809133
-4.98633	 0.000834559
-4.983	 0.000888702
-4.97967	 0.00097196
-4.97633	 0.000967004
-4.973	 0.000938122
-4.96967	 0.00107617
-4.96634	 0.00101057
-4.963	 0.00091253
-4.95967	 0.000870822
-4.95634	 0.000992358
-4.953	 0.000944541
-4.94967	 0.000941467
-4.94634	 0.000915709
-4.943	 0.00101348
-4.93967	 0.00085707
-4.93634	 0.000981689
-4.933	 0.00120056
-4.92967	 0.0010219
-4.92634	 0.00102213
-4.92301	 0.00094326
-4.91967	 0.00111357
-4.91634	 0.00120963
-4.91301	 0.00104484
-4.90967	 0.00101014
-4.90634	 0.000934809
-4.90301	 0.00121065
-4.89967	 0.000807216
-4.89634	 0.00120107
-4.89301	 0.00088441
-4.88967	 0.0013133
-4.88634	 0.00106143
-4.88301	 0.00104296
-4.87967	 0.00113803
-4.87634	 0.00132617
-4.87301	 0.00124836
-4.86968	 0.000865601
-4.86634	 0.00134562
-4.86301	 0.00103169
-4.85968	 0.00120072
-4.85634	 0.00103365
-4.85301	 0.000963735
-4.84968	 0.00132909
-4.84634	 0.00112081
-4.84301	 0.00109336
-4.83968	 0.00107554
-4.83634	 0.00132885
-4.83301	 0.00107102
-4.82968	 0.00124744
-4.82634	 0.00135385
-4.82301	 0.00116315
-4.81968	 0.00108854
-4.81635	 0.00131159
-4.81301	 0.00122952
-4.80968	 0.00126948
-4.80635	 0.00118629
-4.80301	 0.000885799
-4.79968	 0.00115023
-4.79635	 0.00127616
-4.79301	 0.000940658
-4.78968	 0.000944706
-4.78635	 0.00105185
-4.78301	 0.00107967
-4.77968	 0.00114288
-4.77635	 0.00100548
-4.77302	 0.000830984
-4.76968	 0.00120935
-4.76635	 0.000790094
-4.76302	 0.00118018
-4.75968	 0.00117682
-4.75635	 0.00108579
-4.75302	 0.00120593
-4.74968	 0.00103706
-4.74635	 0.00101732
-4.74302	 0.000866865
-4.73968	 0.000956963
-4.73635	 0.00103506
-4.73302	 0.000794769
-4.72968	 0.00111803
-4.72635	 0.00114172
-4.72302	 0.000751414
-4.71969	 0.000702239
-4.71635	 0.000870677
-4.71302	 0.00100642
-4.70969	 0.000786058
-4.70635	 0.000774763
-4.70302	 0.000825973
-4.69969	 0.000912419
-4.69635	 0.00079686
-4.69302	 0.000926081
-4.68969	 0.000735062
-4.68635	 0.000743651
-4.68302	 0.000732891
-4.67969	 0.000770978
-4.67635	 0.000857628
-4.67302	 0.000766305
-4.66969	 0.000641046
-4.66636	 0.00072435
-4.66302	 0.00073788
-4.65969	 0.000623695
-4.65636	 0.000757764
-4.65302	 0.000742473
-4.64969	 0.00084918
-4.64636	 0.000630863
-4.64302	 0.000693977
-4.63969	 0.000626757
-4.63636	 0.000654455
-4.63302	 0.000593214
-4.62969	 0.000604972
-4.62636	 0.000586958
-4.62303	 0.000705636
-4.61969	 0.000573282
-4.61636	 0.000562805
-4.61303	 0.000635137
-4.60969	 0.000477707
-4.60636	 0.000631481
-4.60303	 0.000689928
-4.59969	 0.000570653
-4.59636	 0.0004586
-4.59303	 0.000567582
-4.58969	 0.000664158
-4.58636	 0.000694974
-4.58303	 0.000514961
-4.57969	 0.000685971
-4.57636	 0.000629161
-4.57303	 0.000636297
-4.5697	 0.000543901
-4.56636	 0.000467418
-4.56303	 0.000499152
-4.5597	 0.000522584
-4.55636	 0.000510346
-4.55303	 0.000499199
-4.5497	 0.00048813
-4.54636	 0.000466086
-4.54303	 0.000557135
-4.5397	 0.000540824
-4.53636	 0.000476699
-4.53303	 0.000614813
-4.5297	 0.000526726
-4.52636	 0.000491978
-4.52303	 0.000461172
-4.5197	 0.000498934
-4.51637	 0.000446194
-4.51303	 0.000461838
-4.5097	 0.000525021
-4.50637	 0.000551513
-4.50303	 0.000577103
-4.4997	 0.000463081
-4.49637	 0.000486624
-4.49303	 0.000478154
-4.4897	 0.000468051
-4.48637	 0.000472522
-4.48303	 0.000410259
-4.4797	 0.000573825
-4.47637	 0.000409821
-4.47304	 0.000377534
-4.4697	 0.000450996
-4.46637	 0.000398241
-4.46304	 0.000393814
-4.4597	 0.000464004
-4.45637	 0.000424754
-4.45304	 0.00050199
-4.4497	 0.000553733
-4.44637	 0.000419149
-4.44304	 0.000412503
-4.4397	 0.000466119
-4.43637	 0.000377825
-4.43304	 0.000424177
-4.4297	 0.000429352
-4.42637	 0.000458899
-4.42304	 0.000353071
-4.41971	 0.000490383
-4.41637	 0.000476374
-4.41304	 0.000489556
-4.40971	 0.00043966
-4.40637	 0.000464617
-4.40304	 0.00037984
-4.39971	 0.00040596
-4.39637	 0.00044741
-4.39304	 0.000387598
-4.38971	 0.0003841
-4.38637	 0.000360027
-4.38304	 0.000394691
-4.37971	 0.000371533
-4.37637	 0.000361893
-4.37304	 0.000443444
-4.36971	 0.000495615
-4.36638	 0.000483699
-4.36304	 0.000372671
-4.35971	 0.000488516
-4.35638	 0.000419529
-4.35304	 0.000378931
-4.34971	 0.000430692
-4.34638	 0.000462101
-4.34304	 0.000394997
-4.33971	 0.000382033
-4.33638	 0.000405457
-4.33304	 0.000490323
-4.32971	 0.000379662
-4.32638	 0.000415671
-4.32305	 0.000344571
-4.31971	 0.000466729
-4.31638	 0.000370059
-4.31305	 0.000379537
-4.30971	 0.00048641
-4.30638	 0.000416379
-4.30305	 0.000372389
-4.29971	 0.000406975
-4.29638	 0.000391369
-4.29305	 0.000422827
-4.28971	 0.000425374
-4.28638	 0.000385841
-4.28305	 0.000363718
-4.27971	 0.000363088
-4.27638	 0.000360458
-4.27305	 0.000406839
-4.26972	 0.000404914
-4.26638	 0.000409988
-4.26305	 0.000398862
-4.25972	 0.00038529
-4.25638	 0.00040902
-4.25305	 0.000390236
-4.24972	 0.00043824
-4.24638	 0.000442211
-4.24305	 0.000375546
-4.23972	 0.000381056
-4.23638	 0.000404562
-4.23305	 0.000375449
-4.22972	 0.000406103
-4.22638	 0.000333449
-4.22305	 0.000326276
-4.21972	 0.0003673
-4.21639	 0.000446454
-4.21305	 0.000306321
-4.20972	 0.000424661
-4.20639	 0.000357336
-4.20305	 0.000398649
-4.19972	 0.000413125
-4.19639	 0.000443872
-4.19305	 0.000399725
-4.18972	 0.000463627
-4.18639	 0.000437421
-4.18305	 0.000431976
-4.17972	 0.000340274
-4.17639	 0.000490965
-4.17306	 0.000491476
-4.16972	 0.000530726
-4.16639	 0.000364241
-4.16306	 0.0004655
-4.15972	 0.000408268
-4.15639	 0.000315662
-4.15306	 0.000462893
-4.14972	 0.000345684
-4.14639	 0.000512519
-4.14306	 0.000390245
-4.13972	 0.000326
-4.13639	 0.00039924
-4.13306	 0.000402849
-4.12972	 0.000406701
-4.12639	 0.000454581
-4.12306	 0.000457073
-4.11973	 0.000463341
-4.11639	 0.000372461
-4.11306	 0.00041889
-4.10973	 0.000427573
-4.10639	 0.000489081
-4.10306	 0.000408384
-4.09973	 0.00046232
-4.09639	 0.000466411
-4.09306	 0.00040475
-4.08973	 0.000424878
-4.08639	 0.000359812
-4.08306	 0.000395329
-4.07973	 0.000432346
-4.07639	 0.000390108
-4.07306	 0.000396511
-4.06973	 0.000403502
-4.0664	 0.000467174
-4.06306	 0.000412741
-4.05973	 0.000474822
-4.0564	 0.000594041
-4.05306	 0.000505953
-4.04973	 0.000364634
-4.0464	 0.000469439
-4.04306	 0.000448667
-4.03973	 0.000440173
-4.0364	 0.000411624
-4.03306	 0.000474696
-4.02973	 0.000438015
-4.0264	 0.000422099
-4.02307	 0.00046445
-4.01973	 0.00043508
-4.0164	 0.000487635
-4.01307	 0.000494631
-4.00973	 0.000524263
-4.0064	 0.000620311
-4.00307	 0.000532855
-3.99973	 0.000499953
-3.9964	 0.000473604
-3.99307	 0.000545738
-3.98973	 0.000460898
-3.9864	 0.000519444
-3.98307	 0.000532316
-3.97973	 0.000479012
-3.9764	 0.000490099
-3.97307	 0.000582067
-3.96974	 0.000498074
-3.9664	 0.000598298
-3.96307	 0.000539231
-3.95974	 0.000628072
-3.9564	 0.000471291
-3.95307	 0.000499409
-3.94974	 0.00050523
-3.9464	 0.000524478
-3.94307	 0.000569675
-3.93974	 0.000624786
-3.9364	 0.00056916
-3.93307	 0.000594864
-3.92974	 0.000505642
-3.9264	 0.000512986
-3.92307	 0.000521693
-3.91974	 0.000492898
-3.91641	 0.000501025
-3.91307	 0.000616912
-3.90974	 0.000535698
-3.90641	 0.000580902
-3.90307	 0.000552965
-3.89974	 0.000524264
-3.89641	 0.00056349
-3.89307	 0.000633577
-3.88974	 0.000574774
-3.88641	 0.000618549
-3.88307	 0.000565003
-3.87974	 0.00048104
-3.87641	 0.000565111
-3.87308	 0.000538768
-3.86974	 0.000562092
-3.86641	 0.000667066
-3.86308	 0.000583005
-3.85974	 0.000500681
-3.85641	 0.00076235
-3.85308	 0.000773908
-3.84974	 0.000593912
-3.84641	 0.000904973
-3.84308	 0.000725524
-3.83974	 0.000857359
-3.83641	 0.000504062
-3.83308	 0.000710102
-3.82974	 0.000654968
-3.82641	 0.000831373
-3.82308	 0.000803993
-3.81975	 0.000804203
-3.81641	 0.000729533
-3.81308	 0.000858559
-3.80975	 0.000794698
-3.80641	 0.000619017
-3.80308	 0.000819063
-3.79975	 0.00072031
-3.79641	 0.000986282
-3.79308	 0.000818172
-3.78975	 0.000821484
-3.78641	 0.000844016
-3.78308	 0.000807589
-3.77975	 0.000882956
-3.77641	 0.000911454
-3.77308	 0.000920411
-3.76975	 0.000908979
-3.76642	 0.000987259
-3.76308	 0.0010636
-3.75975	 0.000811543
-3.75642	 0.000810402
-3.75308	 0.00100075
-3.74975	 0.00108269
-3.74642	 0.00109545
-3.74308	 0.00115333
-3.73975	 0.000956268
-3.73642	 0.000961573
-3.73308	 0.000920558
-3.72975	 0.00110086
-3.72642	 0.00110649
-3.72309	 0.00115471
-3.71975	 0.00112566
-3.71642	 0.00111331
-3.71309	 0.00100844
-3.70975	 0.00132282
-3.70642	 0.00113271
-3.70309	 0.00115806
-3.69975	 0.00122199
-3.69642	 0.00117791
-3.69309	 0.00131554
-3.68975	 0.00120297
-3.68642	 0.000996897
-3.68309	 0.0011809
-3.67975	 0.00130241
-3.67642	 0.00121345
-3.67309	 0.00130292
-3.66976	 0.00124266
-3.66642	 0.00123009
-3.66309	 0.00104772
-3.65976	 0.00140808
-3.65642	 0.00162747
-3.65309	 0.00138271
-3.64976	 0.0013818
-3.64642	 0.00151304
-3.64309	 0.0013597
-3.63976	 0.00185318
-3.63642	 0.00135686
-3.63309	 0.00148958
-3.62976	 0.00180335
-3.62642	 0.00184336
-3.62309	 0.00124027
-3.61976	 0.0015432
-3.61643	 0.00217387
-3.61309	 0.00169227
-3.60976	 0.00169641
-3.60643	 0.00160534
-3.60309	 0.00150671
-3.59976	 0.00165086
-3.59643	 0.00178539
-3.59309	 0.0018908
-3.58976	 0.00173192
-3.58643	 0.00201999
-3.58309	 0.00174864
-3.57976	 0.00163693
-3.57643	 0.00179639
-3.5731	 0.00165798
-3.56976	 0.00186198
-3.56643	 0.00169033
-3.5631	 0.00196999
-3.55976	 0.00149544
-3.55643	 0.00137438
-3.5531	 0.0017297
-3.54976	 0.00165584
-3.54643	 0.00171004
-3.5431	 0.00142354
-3.53976	 0.00118417
-3.53643	 0.00135036
-3.5331	 0.00164482
-3.52976	 0.00118377
-3.52643	 0.000965439
-3.5231	 0.00127428
-3.51977	 0.00125097
-3.51643	 0.00108911
-3.5131	 0.000959813
-3.50977	 0.000976778
-3.50643	 0.00118329
-3.5031	 0.00108872
-3.49977	 0.00113852
-3.49643	 0.000980782
-3.4931	 0.00122372
-3.48977	 0.0011489
-3.48643	 0.000921995
-3.4831	 0.000903403
-3.47977	 0.000943254
-3.47643	 0.00104238
-3.4731	 0.00090948
-3.46977	 0.000974247
-3.46644	 0.000848078
-3.4631	 0.00100122
-3.45977	 0.000849897
-3.45644	 0.000758047
-3.4531	 0.00104207
-3.44977	 0.000826386
-3.44644	 0.000733416
-3.4431	 0.000958244
-3.43977	 0.000742989
-3.43644	 0.00086044
-3.4331	 0.000843612
-3.42977	 0.000715555
-3.42644	 0.000709413
-3.42311	 0.000875464
-3.41977	 0.00087313
-3.41644	 0.00073988
-3.41311	 0.000739009
-3.40977	 0.000757247
-3.40644	 0.000836776
-3.40311	 0.000658024
-3.39977	 0.0007524
-3.39644	 0.000622186
-3.39311	 0.000804045
-3.38977	 0.000691331
-3.38644	 0.000612068
-3.38311	 0.000557477
-3.37977	 0.000593584
-3.37644	 0.000797989
-3.37311	 0.000685998
-3.36978	 0.000720244
-3.36644	 0.00060198
-3.36311	 0.000629023
-3.35978	 0.000675157
-3.35644	 0.00065152
-3.35311	 0.000644389
-3.34978	 0.000554217
-3.34644	 0.000738042
-3.34311	 0.000562335
-3.33978	 0.000479852
-3.33644	 0.000599829
-3.33311	 0.000529182
-3.32978	 0.000531481
-3.32644	 0.000535881
-3.32311	 0.000549883
-3.31978	 0.000660886
-3.31645	 0.000524443
-3.31311	 0.000472779
-3.30978	 0.000635618
-3.30645	 0.000539848
-3.30311	 0.000594311
-3.29978	 0.000616822
-3.29645	 0.000546708
-3.29311	 0.000575015
-3.28978	 0.000443921
-3.28645	 0.000501871
-3.28311	 0.000592
-3.27978	 0.000500005
-3.27645	 0.000560092
-3.27312	 0.000399617
-3.26978	 0.000537521
-3.26645	 0.000512064
-3.26312	 0.000497726
-3.25978	 0.000468448
-3.25645	 0.000653595
-3.25312	 0.000534057
-3.24978	 0.000572013
-3.24645	 0.000568294
-3.24312	 0.000505743
-3.23978	 0.000429778
-3.23645	 0.000508626
-3.23312	 0.000515329
-3.22978	 0.000553086
-3.22645	 0.000516036
-3.22312	 0.000516644
-3.21979	 0.00044731
-3.21645	 0.00047834
-3.21312	 0.000455893
-3.20979	 0.000354193
-3.20645	 0.000535756
-3.20312	 0.00035708
-3.19979	 0.000437672
-3.19645	 0.000508645
-3.19312	 0.000497419
-3.18979	 0.000418151
-3.18645	 0.00040109
-3.18312	 0.000360468
-3.17979	 0.000445225
-3.17645	 0.000403133
-3.17312	 0.000422767
-3.16979	 0.00057299
-3.16646	 0.000422101
-3.16312	 0.000456156
-3.15979	 0.000441947
-3.15646	 0.000407669
-3.15312	 0.000414917
-3.14979	 0.000443023
-3.14646	 0.000427277
-3.14312	 0.000465165
-3.13979	 0.000488294
-3.13646	 0.000340452
-3.13312	 0.000495067
-3.12979	 0.000434852
-3.12646	 0.000465995
-3.12313	 0.000462617
-3.11979	 0.000437363
-3.11646	 0.000415453
-3.11313	 0.000396958
-3.10979	 0.000414
-3.10646	 0.000355082
-3.10313	 0.000438691
-3.09979	 0.000374687
-3.09646	 0.00048865
-3.09313	 0.000337556
-3.08979	 0.000379646
-3.08646	 0.000428813
-3.08313	 0.000388743
-3.07979	 0.000473979
-3.07646	 0.000445573
-3.07313	 0.000407881
-3.0698	 0.000437771
-3.06646	 0.000383933
-3.06313	 0.000366174
-3.0598	 0.000455233
-3.05646	 0.000465699
-3.05313	 0.000422138
-3.0498	 0.000459824
-3.04646	 0.000503189
-3.04313	 0.000412695
-3.0398	 0.000402218
-3.03646	 0.000473451
-3.03313	 0.000465643
-3.0298	 0.000487631
-3.02646	 0.000444618
-3.02313	 0.000418702
-3.0198	 0.000420596
-3.01647	 0.00049293
-3.01313	 0.000448919
-3.0098	 0.000428575
-3.00647	 0.000406174
-3.00313	 0.000458369
-2.9998	 0.000431032
-2.99647	 0.000449272
-2.99313	 0.000398697
-2.9898	 0.000409759
-2.98647	 0.000477388
-2.98313	 0.000417784
-2.9798	 0.000429594
-2.97647	 0.000404424
-2.97314	 0.000403173
-2.9698	 0.000363009
-2.96647	 0.000439638
-2.96314	 0.000369459
-2.9598	 0.00046487
-2.95647	 0.000419525
-2.95314	 0.000471221
-2.9498	 0.000384768
-2.94647	 0.0003105
-2.94314	 0.000459695
-2.9398	 0.000484774
-2.93647	 0.000440853
-2.93314	 0.000477572
-2.9298	 0.00042299
-2.92647	 0.000471705
-2.92314	 0.000406066
-2.91981	 0.000503375
-2.91647	 0.000387394
-2.91314	 0.000396917
-2.90981	 0.000535929
-2.90647	 0.000363335
-2.90314	 0.000365135
-2.89981	 0.000408414
-2.89647	 0.000437888
-2.89314	 0.000428149
-2.88981	 0.000437272
-2.88647	 0.000392269
-2.88314	 0.000393721
-2.87981	 0.000414411
-2.87647	 0.000427101
-2.87314	 0.000447986
-2.86981	 0.000374664
-2.86648	 0.000537332
-2.86314	 0.000496571
-2.85981	 0.000401473
-2.85648	 0.000450044
-2.85314	 0.000522532
-2.84981	 0.000375034
-2.84648	 0.000505877
-2.84314	 0.00053275
-2.83981	 0.000538497
-2.83648	 0.000503389
-2.83314	 0.000523041
-2.82981	 0.000452541
-2.82648	 0.000423117
-2.82315	 0.000442685
-2.81981	 0.000462368
-2.81648	 0.00046707
-2.81315	 0.000528225
-2.80981	 0.000463319
-2.80648	 0.000530735
-2.80315	 0.000600984
-2.79981	 0.000530811
-2.79648	 0.000451642
-2.79315	 0.000528235
-2.78981	 0.000493967
-2.78648	 0.000583815
-2.78315	 0.000532432
-2.77981	 0.000543472
-2.77648	 0.000558561
-2.77315	 0.000511408
-2.76982	 0.000519974
-2.76648	 0.000479145
-2.76315	 0.000666274
-2.75982	 0.000468696
-2.75648	 0.000603624
-2.75315	 0.000494121
-2.74982	 0.000599518
-2.74648	 0.000413397
-2.74315	 0.000629661
-2.73982	 0.000540166
-2.73648	 0.000540057
-2.73315	 0.000507164
-2.72982	 0.000536458
-2.72648	 0.000576046
-2.72315	 0.000489683
-2.71982	 0.000544311
-2.71649	 0.000585491
-2.71315	 0.00060081
-2.70982	 0.000590614
-2.70649	 0.00056462
-2.70315	 0.000586088
-2.69982	 0.000684089
-2.69649	 0.00058324
-2.69315	 0.000473512
-2.68982	 0.000617927
-2.68649	 0.000560342
-2.68315	 0.00061972
-2.67982	 0.000574161
-2.67649	 0.000473956
-2.67316	 0.000637117
-2.66982	 0.000619333
-2.66649	 0.000698305
-2.66316	 0.00058216
-2.65982	 0.000736367
-2.65649	 0.000661576
-2.65316	 0.000653001
-2.64982	 0.000670836
-2.64649	 0.000795194
-2.64316	 0.000627374
-2.63982	 0.00077861
-2.63649	 0.000693955
-2.63316	 0.000768065
-2.62982	 0.00072105
-2.62649	 0.000715073
-2.62316	 0.000694057
-2.61983	 0.000637015
-2.61649	 0.00102109
-2.61316	 0.000683142
-2.60983	 0.000647553
-2.60649	 0.00075458
-2.60316	 0.000838641
-2.59983	 0.000799511
-2.59649	 0.00107789
-2.59316	 0.000897537
-2.58983	 0.000988291
-2.58649	 0.000838946
-2.58316	 0.000867065
-2.57983	 0.00103876
-2.57649	 0.000785802
-2.57316	 0.000885825
-2.56983	 0.000762628
-2.5665	 0.00118419
-2.56316	 0.000841359
-2.55983	 0.000875451
-2.5565	 0.000931006
-2.55316	 0.0011157
-2.54983	 0.00116641
-2.5465	 0.000852359
-2.54316	 0.00104077
-2.53983	 0.0010513
-2.5365	 0.00103476
-2.53316	 0.001022
-2.52983	 0.000867608
-2.5265	 0.00117002
-2.52317	 0.00127362
-2.51983	 0.000999536
-2.5165	 0.00133504
-2.51317	 0.0012154
-2.50983	 0.00103117
-2.5065	 0.00132164
-2.50317	 0.00117996
-2.49983	 0.00140549
-2.4965	 0.00128167
-2.49317	 0.00135056
-2.48983	 0.00143036
-2.4865	 0.00123147
-2.48317	 0.0015012
-2.47983	 0.0013778
-2.4765	 0.00139701
-2.47317	 0.00112992
-2.46984	 0.00149402
-2.4665	 0.00155776
-2.46317	 0.00142184
-2.45984	 0.00185734
-2.4565	 0.00151081
-2.45317	 0.00209687
-2.44984	 0.00152876
-2.4465	 0.00192772
-2.44317	 0.00208459
-2.43984	 0.00181797
-2.4365	 0.00196313
-2.43317	 0.00190865
-2.42984	 0.00174801
-2.4265	 0.00195468
-2.42317	 0.00173972
-2.41984	 0.00205967
-2.41651	 0.00218272
-2.41317	 0.0022029
-2.40984	 0.0023426
-2.40651	 0.00263013
-2.40317	 0.00299645
-2.39984	 0.00318188
-2.39651	 0.00311489
-2.39317	 0.0029344
-2.38984	 0.00298883
-2.38651	 0.00295944
-2.38317	 0.00244091
-2.37984	 0.00337351
-2.37651	 0.00291907
-2.37318	 0.00306762
-2.36984	 0.00337093
-2.36651	 0.0028801
-2.36318	 0.00298272
-2.35984	 0.00327859
-2.35651	 0.00315064
-2.35318	 0.00254677
-2.34984	 0.00301049
-2.34651	 0.00261566
-2.34318	 0.00195103
-2.33984	 0.00299725
-2.33651	 0.00238314
-2.33318	 0.00202702
-2.32984	 0.00193816
-2.32651	 0.00175791
-2.32318	 0.001686
-2.31985	 0.00150365
-2.31651	 0.00170377
-2.31318	 0.00204109
-2.30985	 0.0016745
-2.30651	 0.00136674
-2.30318	 0.00161553
-2.29985	 0.00166204
-2.29651	 0.00160249
-2.29318	 0.00135217
-2.28985	 0.00152294
-2.28651	 0.00127978
-2.28318	 0.00119763
-2.27985	 0.00115886
-2.27651	 0.00118189
-2.27318	 0.0015207
-2.26985	 0.00104582
-2.26652	 0.0013693
-2.26318	 0.0011438
-2.25985	 0.000883605
-2.25652	 0.00124975
-2.25318	 0.00131887
-2.24985	 0.00115211
-2.24652	 0.000889571
-2.24318	 0.000852716
-2.23985	 0.00100337
-2.23652	 0.000772342
-2.23318	 0.000993397
-2.22985	 0.00089948
-2.22652	 0.00085141
-2.22319	 0.000958419
-2.21985	 0.000776916
-2.21652	 0.000873438
-2.21319	 0.000620884
-2.20985	 0.000846554
-2.20652	 0.000885469
-2.20319	 0.000903837
-2.19985	 0.000710936
-2.19652	 0.000862781
-2.19319	 0.000709853
-2.18985	 0.000723954
-2.18652	 0.000599707
-2.18319	 0.000747974
-2.17985	 0.000736025
-2.17652	 0.000879707
-2.17319	 0.000699731
-2.16986	 0.00069692
-2.16652	 0.00075905
-2.16319	 0.000659517
-2.15986	 0.000650613
-2.15652	 0.000815609
-2.15319	 0.000711848
-2.14986	 0.000708769
-2.14652	 0.000611519
-2.14319	 0.00063057
-2.13986	 0.000674607
-2.13652	 0.00061336
-2.13319	 0.000683863
-2.12986	 0.0006856
-2.12652	 0.000540514
-2.12319	 0.000574078
-2.11986	 0.000635252
-2.11653	 0.000583577
-2.11319	 0.000618653
-2.10986	 0.000571812
-2.10653	 0.000658633
-2.10319	 0.000563478
-2.09986	 0.00062259
-2.09653	 0.000566228
-2.09319	 0.000534386
-2.08986	 0.000495067
-2.08653	 0.000589722
-2.08319	 0.000512795
-2.07986	 0.000555871
-2.07653	 0.0004967
-2.0732	 0.000509114
-2.06986	 0.000571797
-2.06653	 0.00050703
-2.0632	 0.000514293
-2.05986	 0.000449076
-2.05653	 0.000546504
-2.0532	 0.000533677
-2.04986	 0.000475907
-2.04653	 0.0005415
-2.0432	 0.000549987
-2.03986	 0.000482516
-2.03653	 0.000512595
-2.0332	 0.000558195
-2.02986	 0.00049263
-2.02653	 0.000490453
-2.0232	 0.00052417
-2.01987	 0.000523427
-2.01653	 0.00046779
-2.0132	 0.000555721
-2.00987	 0.00045274
-2.00653	 0.000545514
-2.0032	 0.000601401
-1.99987	 0.000459096
-1.99653	 0.000420769
-1.9932	 0.000426324
-1.98987	 0.000411444
-1.98653	 0.000454588
-1.9832	 0.000463751
-1.97987	 0.000441341
-1.97653	 0.000440618
-1.9732	 0.000584415
-1.96987	 0.000488469
-1.96654	 0.000547555
-1.9632	 0.00046492
-1.95987	 0.000367135
-1.95654	 0.000475832
-1.9532	 0.000477729
-1.94987	 0.000421515
-1.94654	 0.000488817
-1.9432	 0.000503696
-1.93987	 0.000313274
-1.93654	 0.000388582
-1.9332	 0.000455513
-1.92987	 0.000514808
-1.92654	 0.000491941
-1.92321	 0.000565593
-1.91987	 0.000598465
-1.91654	 0.000396606
-1.91321	 0.000490825
-1.90987	 0.000422314
-1.90654	 0.000485906
-1.90321	 0.000450621
-1.89987	 0.000400638
-1.89654	 0.000419706
-1.89321	 0.000540222
-1.88987	 0.000393674
-1.88654	 0.000414829
-1.88321	 0.000470793
-1.87987	 0.000444596
-1.87654	 0.000448956
-1.87321	 0.000431824
-1.86988	 0.000475914
-1.86654	 0.000553567
-1.86321	 0.000458819
-1.85988	 0.000541102
-1.85654	 0.000415164
-1.85321	 0.000344192
-1.84988	 0.000392403
-1.84654	 0.000475014
-1.84321	 0.000501574
-1.83988	 0.000334385
-1.83654	 0.000415129
-1.83321	 0.000427926
-1.82988	 0.000411123
-1.82654	 0.000523798
-1.82321	 0.00044883
-1.81988	 0.000344568
-1.81655	 0.000400339
-1.81321	 0.000485035
-1.80988	 0.000435428
-1.80655	 0.000459082
-1.80321	 0.000505795
-1.79988	 0.000393961
-1.79655	 0.000475273
-1.79321	 0.000415745
-1.78988	 0.000432951
-1.78655	 0.000406852
-1.78321	 0.000440738
-1.77988	 0.00049715
-1.77655	 0.000534967
-1.77322	 0.00044266
-1.76988	 0.0003616
-1.76655	 0.000455836
-1.76322	 0.000422187
-1.75988	 0.000384698
-1.75655	 0.000381396
-1.75322	 0.000384101
-1.74988	 0.000412045
-1.74655	 0.0004781
-1.74322	 0.00044584
-1.73988	 0.000510565
-1.73655	 0.000480954
-1.73322	 0.000452927
-1.72988	 0.000457069
-1.72655	 0.000458851
-1.72322	 0.000425047
-1.71989	 0.000486936
-1.71655	 0.000422312
-1.71322	 0.000470414
-1.70989	 0.000450814
-1.70655	 0.000419773
-1.70322	 0.000421023
-1.69989	 0.000495365
-1.69655	 0.00043271
-1.69322	 0.000463809
-1.68989	 0.000515188
-1.68655	 0.000513551
-1.68322	 0.000511937
-1.67989	 0.000522785
-1.67655	 0.000517315
-1.67322	 0.000471254
-1.66989	 0.000515236
-1.66656	 0.000471796
-1.66322	 0.00042154
-1.65989	 0.000468039
-1.65656	 0.000457079
-1.65322	 0.000412062
-1.64989	 0.000427016
-1.64656	 0.000348725
-1.64322	 0.000487855
-1.63989	 0.000442165
-1.63656	 0.000438466
-1.63322	 0.000451446
-1.62989	 0.000541803
-1.62656	 0.000485154
-1.62323	 0.000582767
-1.61989	 0.000454388
-1.61656	 0.00062285
-1.61323	 0.000528139
-1.60989	 0.000561943
-1.60656	 0.000521749
-1.60323	 0.000529408
-1.59989	 0.000438424
-1.59656	 0.000531922
-1.59323	 0.000606026
-1.58989	 0.000458481
-1.58656	 0.000514529
-1.58323	 0.000502669
-1.57989	 0.000511605
-1.57656	 0.000582987
-1.57323	 0.000463598
-1.5699	 0.000442218
-1.56656	 0.000578368
-1.56323	 0.000525247
-1.5599	 0.000592482
-1.55656	 0.000518457
-1.55323	 0.000570813
-1.5499	 0.000519898
-1.54656	 0.000426773
-1.54323	 0.000507013
-1.5399	 0.00059021
-1.53656	 0.000506433
-1.53323	 0.000602592
-1.5299	 0.00061965
-1.52656	 0.000680138
-1.52323	 0.00062319
-1.5199	 0.000528519
-1.51657	 0.000662245
-1.51323	 0.000574034
-1.5099	 0.000496879
-1.50657	 0.00074045
-1.50323	 0.000653169
-1.4999	 0.000577452
-1.49657	 0.000551176
-1.49323	 0.000553596
-1.4899	 0.000677235
-1.48657	 0.000611583
-1.48323	 0.000779957
-1.4799	 0.000737799
-1.47657	 0.000574205
-1.47324	 0.000550564
-1.4699	 0.00055615
-1.46657	 0.000592378
-1.46324	 0.000488284
-1.4599	 0.000646934
-1.45657	 0.000508043
-1.45324	 0.000668989
-1.4499	 0.000519154
-1.44657	 0.000695259
-1.44324	 0.000797246
-1.4399	 0.000735355
-1.43657	 0.000669781
-1.43324	 0.000686677
-1.4299	 0.000743745
-1.42657	 0.000707468
-1.42324	 0.000742911
-1.41991	 0.000808668
-1.41657	 0.000705144
-1.41324	 0.000758412
-1.40991	 0.000614177
-1.40657	 0.000696447
-1.40324	 0.000620387
-1.39991	 0.000819574
-1.39657	 0.00100096
-1.39324	 0.000929834
-1.38991	 0.000780462
-1.38657	 0.000827928
-1.38324	 0.000942177
-1.37991	 0.000815237
-1.37657	 0.000835109
-1.37324	 0.000894233
-1.36991	 0.000550359
-1.36658	 0.000916208
-1.36324	 0.000993312
-1.35991	 0.000893774
-1.35658	 0.000834637
-1.35324	 0.00113588
-1.34991	 0.000915413
-1.34658	 0.0010018
-1.34324	 0.0010547
-1.33991	 0.00111176
-1.33658	 0.00126912
-1.33324	 0.00100738
-1.32991	 0.00090256
-1.32658	 0.00110665
-1.32325	 0.00120343
-1.31991	 0.00117986
-1.31658	 0.00126802
-1.31325	 0.00120079
-1.30991	 0.00132651
-1.30658	 0.00135056
-1.30325	 0.00160147
-1.29991	 0.00171867
-1.29658	 0.00161118
-1.29325	 0.00143206
-1.28991	 0.00122704
-1.28658	 0.00184107
-1.28325	 0.00184384
-1.27991	 0.00170451
-1.27658	 0.00177701
-1.27325	 0.00170835
-1.26992	 0.00174454
-1.26658	 0.00158737
-1.26325	 0.00182512
-1.25992	 0.00216048
-1.25658	 0.00184696
-1.25325	 0.00234289
-1.24992	 0.00185342
-1.24658	 0.00231765
-1.24325	 0.00265491
-1.23992	 0.00284236
-1.23658	 0.00216763
-1.23325	 0.00296351
-1.22992	 0.00304921
-1.22658	 0.00311292
-1.22325	 0.00309636
-1.21992	 0.00398991
-1.21659	 0.00377769
-1.21325	 0.00332375
-1.20992	 0.00511662
-1.20659	 0.00553068
-1.20325	 0.00523873
-1.19992	 0.00706766
-1.19659	 0.00904489
-1.19325	 0.00869824
-1.18992	 0.0112983
-1.18659	 0.0110636
-1.18325	 0.0116745
-1.17992	 0.0115041
-1.17659	 0.00797443
-1.17326	 0.00859446
-1.16992	 0.00623807
-1.16659	 0.0067202
-1.16326	 0.00490999
-1.15992	 0.00495117
-1.15659	 0.0041327
-1.15326	 0.00393627
-1.14992	 0.0030681
-1.14659	 0.00346233
-1.14326	 0.00310606
-1.13992	 0.00286558
-1.13659	 0.00285311
-1.13326	 0.00238361
-1.12992	 0.00300721
-1.12659	 0.00265827
-1.12326	 0.00254083
-1.11993	 0.0017875
-1.11659	 0.00199017
-1.11326	 0.00190168
-1.10993	 0.00195478
-1.10659	 0.00177996
-1.10326	 0.00169585
-1.09993	 0.00142781
-1.09659	 0.00146821
-1.09326	 0.00136423
-1.08993	 0.00172432
-1.08659	 0.00127729
-1.08326	 0.00132379
-1.07993	 0.0014404
-1.07659	 0.00118871
-1.07326	 0.00136948
-1.06993	 0.00128376
-1.0666	 0.0013108
-1.06326	 0.00121801
-1.05993	 0.00139201
-1.0566	 0.0012275
-1.05326	 0.000886227
-1.04993	 0.00101792
-1.0466	 0.000956017
-1.04326	 0.00103615
-1.03993	 0.0010558
-1.0366	 0.00100978
-1.03326	 0.000809831
-1.02993	 0.000888656
-1.0266	 0.000902735
-1.02327	 0.00099841
-1.01993	 0.000846452
-1.0166	 0.000942443
-1.01327	 0.000997107
-1.00993	 0.000882914
-1.0066	 0.000800096
-1.00327	 0.000745073
-0.999933	 0.000840378
-0.9966	 0.000937256
-0.993267	 0.000969964
-0.989934	 0.000871012
-0.986601	 0.000850671
-0.983268	 0.000820834
-0.979935	 0.000808074
-0.976602	 0.000749288
-0.973268	 0.000848513
-0.969935	 0.000607502
-0.966602	 0.000666046
-0.963269	 0.000713761
-0.959936	 0.000717397
-0.956603	 0.000684126
-0.95327	 0.000787153
-0.949937	 0.000784245
-0.946604	 0.00088317
-0.94327	 0.000609587
-0.939937	 0.000654263
-0.936604	 0.000578981
-0.933271	 0.000752413
-0.929938	 0.000675014
-0.926605	 0.000673907
-0.923272	 0.000720387
-0.919939	 0.000702174
-0.916606	 0.000516436
-0.913272	 0.00057734
-0.909939	 0.000616634
-0.906606	 0.000721006
-0.903273	 0.000682568
-0.89994	 0.000649558
-0.896607	 0.000572071
-0.893274	 0.00064799
-0.889941	 0.000727094
-0.886608	 0.000503216
-0.883274	 0.000666748
-0.879941	 0.000588901
-0.876608	 0.000596263
-0.873275	 0.000695634
-0.869942	 0.000500397
-0.866609	 0.000603031
-0.863276	 0.000673177
-0.859943	 0.000581078
-0.85661	 0.000663254
-0.853276	 0.000502458
-0.849943	 0.000645278
-0.84661	 0.000594167
-0.843277	 0.000584639
-0.839944	 0.000602295
-0.836611	 0.000536807
-0.833278	 0.000578657
-0.829945	 0.000462449
-0.826612	 0.000589539
-0.823278	 0.000567017
-0.819945	 0.000708111
-0.816612	 0.000506948
-0.813279	 0.000488419
-0.809946	 0.000518483
-0.806613	 0.000503944
-0.80328	 0.000492942
-0.799947	 0.000437182
-0.796614	 0.000432413
-0.79328	 0.000494286
-0.789947	 0.000564734
-0.786614	 0.000572299
-0.783281	 0.000565902
-0.779948	 0.00046454
-0.776615	 0.00053692
-0.773282	 0.000539225
-0.769949	 0.000412966
-0.766616	 0.000454431
-0.763282	 0.000534289
-0.759949	 0.000544487
-0.756616	 0.000511981
-0.753283	 0.000544077
-0.74995	 0.000423502
-0.746617	 0.000467671
-0.743284	 0.000491654
-0.739951	 0.000520704
-0.736618	 0.000530187
-0.733284	 0.000502644
-0.729951	 0.000476663
-0.726618	 0.000512643
-0.723285	 0.00052946
-0.719952	 0.000513835
-0.716619	 0.000560318
-0.713286	 0.000576376
-0.709953	 0.000433206
-0.70662	 0.000494824
-0.703286	 0.000492543
-0.699953	 0.000546644
-0.69662	 0.000626847
-0.693287	 0.000467803
-0.689954	 0.000551492
-0.686621	 0.0005298
-0.683288	 0.000536779
-0.679955	 0.00056578
-0.676622	 0.000500431
-0.673288	 0.000490894
-0.669955	 0.000451428
-0.666622	 0.000510227
-0.663289	 0.000535802
-0.659956	 0.000443227
-0.656623	 0.00043955
-0.65329	 0.000518012
-0.649957	 0.000484232
-0.646624	 0.000492503
-0.64329	 0.000499852
-0.639957	 0.000422114
-0.636624	 0.000496837
-0.633291	 0.000403057
-0.629958	 0.000436659
-0.626625	 0.000503227
-0.623292	 0.000624697
-0.619959	 0.000441321
-0.616626	 0.000539024
-0.613292	 0.000384137
-0.609959	 0.000528403
-0.606626	 0.000524185
-0.603293	 0.000541684
-0.59996	 0.000551997
-0.596627	 0.000493148
-0.593294	 0.000388449
-0.589961	 0.000546248
-0.586628	 0.000478899
-0.583294	 0.00055126
-0.579961	 0.000542151
-0.576628	 0.000541882
-0.573295	 0.000533697
-0.569962	 0.000540624
-0.566629	 0.000610992
-0.563296	 0.000521848
-0.559963	 0.000506335
-0.55663	 0.000494374
-0.553296	 0.000597314
-0.549963	 0.000496135
-0.54663	 0.000523575
-0.543297	 0.000457942
-0.539964	 0.000636607
-0.536631	 0.000683135
-0.533298	 0.000545609
-0.529965	 0.000545372
-0.526632	 0.000495891
-0.523298	 0.000532775
-0.519965	 0.00056077
-0.516632	 0.00060639
-0.513299	 0.000543818
-0.509966	 0.00060639
-0.506633	 0.000403781
-0.5033	 0.00054504
-0.499967	 0.000534505
-0.496634	 0.000540294
-0.4933	 0.00047535
-0.489967	 0.000580537
-0.486634	 0.000581949
-0.483301	 0.000528559
-0.479968	 0.0004976
-0.476635	 0.000459735
-0.473302	 0.000640376
-0.469969	 0.000602315
-0.466636	 0.000526679
-0.463302	 0.000760751
-0.459969	 0.00051699
-0.456636	 0.000505782
-0.453303	 0.00059491
-0.44997	 0.000601131
-0.446637	 0.000476354
-0.443304	 0.00056974
-0.439971	 0.000538204
-0.436638	 0.000518251
-0.433304	 0.00050402
-0.429971	 0.000575077
-0.426638	 0.000577068
-0.423305	 0.000545687
-0.419972	 0.000594784
-0.416639	 0.000642203
-0.413306	 0.000578418
-0.409973	 0.000716222
-0.40664	 0.000573661
-0.403306	 0.000676675
-0.399973	 0.000591146
-0.39664	 0.000526203
-0.393307	 0.000488033
-0.389974	 0.000636926
-0.386641	 0.000542127
-0.383308	 0.000485794
-0.379975	 0.000573003
-0.376642	 0.000508453
-0.373308	 0.000633489
-0.369975	 0.000671035
-0.366642	 0.000695374
-0.363309	 0.000632109
-0.359976	 0.000792443
-0.356643	 0.000561893
-0.35331	 0.000691876
-0.349977	 0.000745223
-0.346644	 0.000688633
-0.34331	 0.000684882
-0.339977	 0.000663605
-0.336644	 0.000661163
-0.333311	 0.000644475
-0.329978	 0.000688672
-0.326645	 0.000627833
-0.323312	 0.000675995
-0.319979	 0.000723972
-0.316646	 0.000685174
-0.313312	 0.00065453
-0.309979	 0.00063364
-0.306646	 0.000702186
-0.303313	 0.000723696
-0.29998	 0.000811905
-0.296647	 0.000820433
-0.293314	 0.000684637
-0.289981	 0.000857108
-0.286648	 0.000770137
-0.283314	 0.000724316
-0.279981	 0.00091834
-0.276648	 0.000765267
-0.273315	 0.000979945
-0.269982	 0.000824664
-0.266649	 0.000757297
-0.263316	 0.000946181
-0.259983	 0.000659042
-0.25665	 0.00109458
-0.253316	 0.000925567
-0.249983	 0.000791133
-0.24665	 0.000781774
-0.243317	 0.00078121
-0.239984	 0.000848541
-0.236651	 0.000883587
-0.233318	 0.000915647
-0.229985	 0.00100656
-0.226652	 0.000789793
-0.223318	 0.000927107
-0.219985	 0.001027
-0.216652	 0.000952115
-0.213319	 0.000854629
-0.209986	 0.00105111
-0.206653	 0.000922988
-0.20332	 0.00106071
-0.199987	 0.000947144
-0.196654	 0.00137549
-0.19332	 0.00096666
-0.189987	 0.000924186
-0.186654	 0.000988341
-0.183321	 0.00117498
-0.179988	 0.00132665
-0.176655	 0.000994762
-0.173322	 0.00128739
-0.169989	 0.00120343
-0.166656	 0.0012716
-0.163322	 0.00132046
-0.159989	 0.00115714
-0.156656	 0.0012587
-0.153323	 0.00136528
-0.14999	 0.00167162
-0.146657	 0.00144675
-0.143324	 0.00124438
-0.139991	 0.00149152
-0.136658	 0.00147187
-0.133324	 0.00164511
-0.129991	 0.00127877
-0.126658	 0.00126145
-0.123325	 0.0015085
-0.119992	 0.001843
-0.116659	 0.0015779
-0.113326	 0.00164911
-0.109993	 0.00197458
-0.10666	 0.00149396
-0.103326	 0.00231414
-0.0999933	 0.00187236
-0.0966602	 0.00195479
-0.0933271	 0.0023425
-0.089994	 0.00226976
-0.0866609	 0.00233228
-0.0833278	 0.00189483
-0.0799947	 0.00248379
-0.0766616	 0.00235949
-0.0733284	 0.00289591
-0.0699953	 0.00302109
-0.0666622	 0.0029163
-0.0633291	 0.0028382
-0.059996	 0.00295334
-0.0566629	 0.00354146
-0.0533298	 0.00389227
-0.0499967	 0.00403222
-0.0466636	 0.00418234
-0.0433304	 0.00485475
-0.0399973	 0.00414588
-0.0366642	 0.0052644
-0.0333311	 0.00579771
-0.029998	 0.00708014
-0.0266649	 0.00766901
-0.0233318	 0.0100543
-0.0199987	 0.0123177
-0.0166656	 0.0128539
-0.0133324	 0.0161043
-0.00999933	 0.0245605
-0.00666622	 0.0440544
-0.00333311	 0.00326762
0	 1
0.00333311	 0.0450417
0.00666622	 0.0280379
0.00999933	 0.0156875
0.0133324	 0.0146187
0.0166656	 0.0115904
0.0199987	 0.0105738
0.0233318	 0.00833417
0.0266649	 0.00686637
0.029998	 0.00619531
0.0333311	 0.00512982
0.0366642	 0.00395416
0.0399973	 0.00473605
0.0433304	 0.00460458
0.0466636	 0.00395665
0.0499967	 0.00400411
0.0533298	 0.0035261
0.0566629	 0.00288804
0.059996	 0.00266989
0.0633291	 0.00318546
0.0666622	 0.00305862
0.0699953	 0.00279797
0.0733284	 0.00203878
0.0766616	 0.00283098
0.0799947	 0.00220054
0.0833278	 0.00226854
0.0866609	 0.00218284
0.089994	 0.00196997
0.0933271	 0.00209501
0.0966602	 0.00177568
0.0999933	 0.00227735
0.103326	 0.00181209
0.10666	 0.00190791
0.109993	 0.00169194
0.113326	 0.00134917
0.116659	 0.00168624
0.119992	 0.00172124
0.123325	 0.00135608
0.126658	 0.00134788
0.129991	 0.0017787
0.133324	 0.00133392
0.136658	 0.00136965
0.139991	 0.00145601
0.143324	 0.0014695
0.146657	 0.00154612
0.14999	 0.00139694
0.153323	 0.0011126
0.156656	 0.00132187
0.159989	 0.00127644
0.163322	 0.00130557
0.166656	 0.00124893
0.169989	 0.00126557
0.173322	 0.00115351
0.176655	 0.00119941
0.179988	 0.000983375
0.183321	 0.0010355
0.186654	 0.00102061
0.189987	 0.00103226
0.19332	 0.00108857
0.196654	 0.00104433
0.199987	 0.000968286
0.20332	 0.000933641
0.206653	 0.000996827
0.209986	 0.000899967
0.213319	 0.00112707
0.216652	 0.000955629
0.219985	 0.000888942
0.223318	 0.000896306
0.226652	 0.0007899
0.229985	 0.00105486
0.233318	 0.000848859
0.236651	 0.000929276
0.239984	 0.000930143
0.243317	 0.0009177
0.24665	 0.000756954
0.249983	 0.000903599
0.253316	 0.000882582
0.25665	 0.000908232
0.259983	 0.000756434
0.263316	 0.000822957
0.266649	 0.000780101
0.269982	 0.000909614
0.273315	 0.000706607
0.276648	 0.000835164
0.279981	 0.000859127
0.283314	 0.000577008
0.286648	 0.000886657
0.289981	 0.000622344
0.293314	 0.000775645
0.296647	 0.000804341
0.29998	 0.000719835
0.303313	 0.000677113
0.306646	 0.000748752
0.309979	 0.000579868
0.313312	 0.000688179
0.316646	 0.000593795
0.319979	 0.000564075
0.323312	 0.000874762
0.326645	 0.000784806
0.329978	 0.000543855
0.333311	 0.00061245
0.336644	 0.000635059
0.339977	 0.00076094
0.34331	 0.000665074
0.346644	 0.000587822
0.349977	 0.000679136
0.35331	 0.000534627
0.356643	 0.000644209
0.359976	 0.000585654
0.363309	 0.00059228
0.366642	 0.00065799
0.369975	 0.000630549
0.373308	 0.000588897
0.376642	 0.000650817
0.379975	 0.000645186
0.383308	 0.00062009
0.386641	 0.00057548
0.389974	 0.00050603
0.393307	 0.000605688
0.39664	 0.000495825
0.399973	 0.000581926
0.403306	 0.000593827
0.40664	 0.000700365
0.409973	 0.000506412
0.413306	 0.000683385
0.416639	 0.000602439
0.419972	 0.00054261
0.423305	 0.000638564
0.426638	 0.000679476
0.429971	 0.000545257
0.433304	 0.000509787
0.436638	 0.000655364
0.439971	 0.000509045
0.443304	 0.000421192
0.446637	 0.000624245
0.44997	 0.000709322
0.453303	 0.000501357
0.456636	 0.000512638
0.459969	 0.00056419
0.463302	 0.000567677
0.466636	 0.000464283
0.469969	 0.000654311
0.473302	 0.000449964
0.476635	 0.000588253
0.479968	 0.000517988
0.483301	 0.000594464
0.486634	 0.000475459
0.489967	 0.000481631
0.4933	 0.000531121
0.496634	 0.000654193
0.499967	 0.000540873
0.5033	 0.000556692
0.506633	 0.0006017
0.509966	 0.000535577
0.513299	 0.000613228
0.516632	 0.000430186
0.519965	 0.000475084
0.523298	 0.000465779
0.526632	 0.000554403
0.529965	 0.000486754
0.533298	 0.000572042
0.536631	 0.000545645
0.539964	 0.00040078
0.543297	 0.000473608
0.54663	 0.000531153
0.549963	 0.000555759
0.553296	 0.000578883
0.55663	 0.000619902
0.559963	 0.000477992
0.563296	 0.000524564
0.566629	 0.000566115
0.569962	 0.000556806
0.573295	 0.000513944
0.576628	 0.000510112
0.579961	 0.000424078
0.583294	 0.000447444
0.586628	 0.000510564
0.589961	 0.000533188
0.593294	 0.000440637
0.596627	 0.000506015
0.59996	 0.000612465
0.603293	 0.000466809
0.606626	 0.000499344
0.609959	 0.000481666
0.613292	 0.000435992
0.616626	 0.000528204
0.619959	 0.000472276
0.623292	 0.000444406
0.626625	 0.000383308
0.629958	 0.000459109
0.633291	 0.000500534
0.636624	 0.000513595
0.639957	 0.000475619
0.64329	 0.000537472
0.646624	 0.000437274
0.649957	 0.000519421
0.65329	 0.000541883
0.656623	 0.000452552
0.659956	 0.000588661
0.663289	 0.000483237
0.666622	 0.000468335
0.669955	 0.000503203
0.673288	 0.000526484
0.676622	 0.000571154
0.679955	 0.000476508
0.683288	 0.000552187
0.686621	 0.000480297
0.689954	 0.000467389
0.693287	 0.0004532
0.69662	 0.000574781
0.699953	 0.000452641
0.703286	 0.000540532
0.70662	 0.000500456
0.709953	 0.000498241
0.713286	 0.000543215
0.716619	 0.000531196
0.719952	 0.000575445
0.723285	 0.000443994
0.726618	 0.000499138
0.729951	 0.000474049
0.733284	 0.000475558
0.736618	 0.000501324
0.739951	 0.0004676
0.743284	 0.000531474
0.746617	 0.000536471
0.74995	 0.000433358
0.753283	 0.000556492
0.756616	 0.000567142
0.759949	 0.000494128
0.763282	 0.00047276
0.766616	 0.000550675
0.769949	 0.000485717
0.773282	 0.000601083
0.776615	 0.000473822
0.779948	 0.000461975
0.783281	 0.000422066
0.786614	 0.000545594
0.789947	 0.000518799
0.79328	 0.000518014
0.796614	 0.000433246
0.799947	 0.000426316
0.80328	 0.000607125
0.806613	 0.000530109
0.809946	 0.000641234
0.813279	 0.00057459
0.816612	 0.000628094
0.819945	 0.00068578
0.823278	 0.000434356
0.826612	 0.000527762
0.829945	 0.000565571
0.833278	 0.000583078
0.836611	 0.00058187
0.839944	 0.000589203
0.843277	 0.000528957
0.84661	 0.000625677
0.849943	 0.000520855
0.853276	 0.00053002
0.85661	 0.000525018
0.859943	 0.000648166
0.863276	 0.000523688
0.866609	 0.000527513
0.869942	 0.000587624
0.873275	 0.000694804
0.876608	 0.000641582
0.879941	 0.000620609
0.883274	 0.000503098
0.886608	 0.000687564
0.889941	 0.0007269
0.893274	 0.000541016
0.896607	 0.000664162
0.89994	 0.00073107
0.903273	 0.000708968
0.906606	 0.000746455
0.909939	 0.000585434
0.913272	 0.000641181
0.916606	 0.000554319
0.919939	 0.000710006
0.923272	 0.000672917
0.926605	 0.000775327
0.929938	 0.000662432
0.933271	 0.000649814
0.936604	 0.000588672
0.939937	 0.000640414
0.94327	 0.00067541
0.946604	 0.000702922
0.949937	 0.000798705
0.95327	 0.000645211
0.956603	 0.000753019
0.959936	 0.000693291
0.963269	 0.000768162
0.966602	 0.000695714
0.969935	 0.000908975
0.973268	 0.000825248
0.976602	 0.000841271
0.979935	 0.000833944
0.983268	 0.000944114
0.986601	 0.000980916
0.989934	 0.00081583
0.993267	 0.000789935
0.9966	 0.000911664
0.999933	 0.000770025
1.00327	 0.000850835
1.0066	 0.000896475
1.00993	 0.000864942
1.01327	 0.00090093
1.0166	 0.00099901
1.01993	 0.000920435
1.02327	 0.000836166
1.0266	 0.000881025
1.02993	 0.00090178
1.03326	 0.00112975
1.0366	 0.000937789
1.03993	 0.00110763
1.04326	 0.000968085
1.0466	 0.0010729
1.04993	 0.000995715
1.05326	 0.00117551
1.0566	 0.00118382
1.05993	 0.00105924
1.06326	 0.0015559
1.0666	 0.00125285
1.06993	 0.00131645
1.07326	 0.00105224
1.07659	 0.00142353
1.07993	 0.0012093
1.08326	 0.00118631
1.08659	 0.00158286
1.08993	 0.00119218
1.09326	 0.00141812
1.09659	 0.00123187
1.09993	 0.00161733
1.10326	 0.0016654
1.10659	 0.00186332
1.10993	 0.00181346
1.11326	 0.00188188
1.11659	 0.00182895
1.11993	 0.00238415
1.12326	 0.00238133
1.12659	 0.00286458
1.12992	 0.00226115
1.13326	 0.00309606
1.13659	 0.00308684
1.13992	 0.00289048
1.14326	 0.00353732
1.14659	 0.00248364
1.14992	 0.00369492
1.15326	 0.00359178
1.15659	 0.00503112
1.15992	 0.00454681
1.16326	 0.00638223
1.16659	 0.00665402
1.16992	 0.00725184
1.17326	 0.00812727
1.17659	 0.0126235
1.17992	 0.0105778
1.18325	 0.0110641
1.18659	 0.0116233
1.18992	 0.00956549
1.19325	 0.0087948
1.19659	 0.00730549
1.19992	 0.0055362
1.20325	 0.00574803
1.20659	 0.00470739
1.20992	 0.00365492
1.21325	 0.00352629
1.21659	 0.00343098
1.21992	 0.00318572
1.22325	 0.00290409
1.22658	 0.00360309
1.22992	 0.00277565
1.23325	 0.00250115
1.23658	 0.00237269
1.23992	 0.00240654
1.24325	 0.00214609
1.24658	 0.00209125
1.24992	 0.00220834
1.25325	 0.001738
1.25658	 0.00213248
1.25992	 0.00183269
1.26325	 0.002122
1.26658	 0.00179728
1.26992	 0.00172266
1.27325	 0.00152323
1.27658	 0.00201598
1.27991	 0.00178732
1.28325	 0.00153972
1.28658	 0.00133505
1.28991	 0.00146143
1.29325	 0.00139167
1.29658	 0.00180211
1.29991	 0.00112742
1.30325	 0.00107265
1.30658	 0.00117648
1.30991	 0.00119126
1.31325	 0.00129544
1.31658	 0.0013046
1.31991	 0.00117095
1.32325	 0.00111393
1.32658	 0.00108472
1.32991	 0.00117556
1.33324	 0.00103686
1.33658	 0.00108241
1.33991	 0.000886345
1.34324	 0.00110617
1.34658	 0.000928824
1.34991	 0.000951338
1.35324	 0.00113343
1.35658	 0.000881153
1.35991	 0.000723506
1.36324	 0.000851226
1.36658	 0.00102951
1.36991	 0.00099937
1.37324	 0.000779691
1.37657	 0.000988219
1.37991	 0.00112226
1.38324	 0.000792565
1.38657	 0.000812371
1.38991	 0.000771279
1.39324	 0.000812308
1.39657	 0.000734388
1.39991	 0.000886129
1.40324	 0.000643791
1.40657	 0.00076303
1.40991	 0.000730994
1.41324	 0.000745741
1.41657	 0.000852711
1.41991	 0.000541421
1.42324	 0.000745115
1.42657	 0.000699205
1.4299	 0.000859636
1.43324	 0.000531138
1.43657	 0.000682469
1.4399	 0.000816437
1.44324	 0.000637298
1.44657	 0.000597708
1.4499	 0.000679618
1.45324	 0.00052992
1.45657	 0.000672351
1.4599	 0.000698821
1.46324	 0.000403324
1.46657	 0.000502328
1.4699	 0.000586227
1.47324	 0.000685868
1.47657	 0.000669123
1.4799	 0.000757932
1.48323	 0.000627195
1.48657	 0.000697639
1.4899	 0.000689976
1.49323	 0.000519058
1.49657	 0.000750379
1.4999	 0.000663543
1.50323	 0.000577046
1.50657	 0.000603525
1.5099	 0.000579393
1.51323	 0.000599075
1.51657	 0.000554009
1.5199	 0.000569431
1.52323	 0.000622057
1.52656	 0.000586884
1.5299	 0.000552775
1.53323	 0.000502495
1.53656	 0.000602077
1.5399	 0.000655282
1.54323	 0.000570223
1.54656	 0.000503232
1.5499	 0.000607084
1.55323	 0.000542509
1.55656	 0.000523998
1.5599	 0.000463561
1.56323	 0.000554215
1.56656	 0.000567207
1.5699	 0.0005367
1.57323	 0.000428756
1.57656	 0.000465622
1.57989	 0.000479528
1.58323	 0.000557545
1.58656	 0.000530019
1.58989	 0.000619512
1.59323	 0.000468256
1.59656	 0.000503884
1.59989	 0.000476357
1.60323	 0.000431701
1.60656	 0.000495179
1.60989	 0.000508694
1.61323	 0.000611204
1.61656	 0.000537758
1.61989	 0.000654351
1.62323	 0.000510108
1.62656	 0.000553111
1.62989	 0.000497977
1.63322	 0.000511358
1.63656	 0.00052579
1.63989	 0.000415973
1.64322	 0.000447668
1.64656	 0.000462317
1.64989	 0.000502035
1.65322	 0.000541048
1.65656	 0.00042956
1.65989	 0.000439338
1.66322	 0.000420163
1.66656	 0.000407726
1.66989	 0.000491199
1.67322	 0.000476199
1.67655	 0.00042915
1.67989	 0.000448546
1.68322	 0.000393904
1.68655	 0.000437762
1.68989	 0.000535233
1.69322	 0.000417307
1.69655	 0.0003911
1.69989	 0.000405173
1.70322	 0.000427236
1.70655	 0.000445509
1.70989	 0.000425178
1.71322	 0.000457108
1.71655	 0.000435856
1.71989	 0.000440821
1.72322	 0.000387727
1.72655	 0.000403783
1.72988	 0.000427156
1.73322	 0.000458051
1.73655	 0.000566853
1.73988	 0.000379357
1.74322	 0.000533086
1.74655	 0.000424811
1.74988	 0.000406729
1.75322	 0.00050811
1.75655	 0.000386876
1.75988	 0.00044107
1.76322	 0.000500598
1.76655	 0.000415165
1.76988	 0.00036483
1.77322	 0.000424702
1.77655	 0.000482126
1.77988	 0.000399657
1.78321	 0.000425734
1.78655	 0.000449765
1.78988	 0.000545451
1.79321	 0.000366111
1.79655	 0.000399964
1.79988	 0.000444827
1.80321	 0.000498373
1.80655	 0.000466504
1.80988	 0.00048821
1.81321	 0.000532424
1.81655	 0.000467988
1.81988	 0.000343005
1.82321	 0.000506838
1.82654	 0.000363482
1.82988	 0.000449422
1.83321	 0.000440536
1.83654	 0.000437171
1.83988	 0.000506404
1.84321	 0.000405286
1.84654	 0.00041147
1.84988	 0.000435822
1.85321	 0.00038363
1.85654	 0.000456034
1.85988	 0.000467601
1.86321	 0.000413045
1.86654	 0.000398891
1.86988	 0.000446773
1.87321	 0.000431212
1.87654	 0.000467324
1.87987	 0.000486287
1.88321	 0.000470635
1.88654	 0.000344215
1.88987	 0.000405915
1.89321	 0.00038152
1.89654	 0.000399171
1.89987	 0.000419896
1.90321	 0.000432622
1.90654	 0.000427239
1.90987	 0.000404244
1.91321	 0.000465593
1.91654	 0.000459785
1.91987	 0.000491047
1.92321	 0.000518161
1.92654	 0.000467214
1.92987	 0.000464244
1.9332	 0.000552565
1.93654	 0.000393995
1.93987	 0.000511245
1.9432	 0.000383166
1.94654	 0.000411696
1.94987	 0.000421923
1.9532	 0.000468885
1.95654	 0.000496698
1.95987	 0.000492383
1.9632	 0.0005342
1.96654	 0.000398071
1.96987	 0.000513313
1.9732	 0.000516842
1.97653	 0.000480797
1.97987	 0.000477999
1.9832	 0.000523605
1.98653	 0.000470372
1.98987	 0.000410123
1.9932	 0.000478797
1.99653	 0.000442288
1.99987	 0.000524025
2.0032	 0.000411648
2.00653	 0.000501426
2.00987	 0.000517745
2.0132	 0.000532722
2.01653	 0.000456626
2.01987	 0.000569932
2.0232	 0.000419817
2.02653	 0.000492817
2.02986	 0.000489284
2.0332	 0.000525853
2.03653	 0.000541837
2.03986	 0.000473477
2.0432	 0.000554546
2.04653	 0.000574881
2.04986	 0.000539721
2.0532	 0.000579581
2.05653	 0.000369888
2.05986	 0.000577173
2.0632	 0.000579974
2.06653	 0.000572054
2.06986	 0.000570206
2.0732	 0.000581113
2.07653	 0.000619677
2.07986	 0.000521074
2.08319	 0.000538645
2.08653	 0.000514756
2.08986	 0.000604335
2.09319	 0.000527641
2.09653	 0.000510424
2.09986	 0.000577681
2.10319	 0.00055831
2.10653	 0.000656925
2.10986	 0.000596903
2.11319	 0.000576251
2.11653	 0.000645126
2.11986	 0.00053194
2.12319	 0.000610063
2.12652	 0.000621458
2.12986	 0.000550129
2.13319	 0.000569003
2.13652	 0.000748557
2.13986	 0.000704755
2.14319	 0.000523435
2.14652	 0.000641724
2.14986	 0.00071995
2.15319	 0.000748885
2.15652	 0.000591466
2.15986	 0.000625132
2.16319	 0.000596465
2.16652	 0.000675865
2.16986	 0.000626451
2.17319	 0.000780027
2.17652	 0.000676268
2.17985	 0.000825341
2.18319	 0.000666747
2.18652	 0.000819695
2.18985	 0.000695223
2.19319	 0.000653446
2.19652	 0.00080354
2.19985	 0.000815351
2.20319	 0.000707794
2.20652	 0.000902367
2.20985	 0.000881373
2.21319	 0.000847225
2.21652	 0.000812828
2.21985	 0.000965809
2.22319	 0.00102581
2.22652	 0.000757785
2.22985	 0.000994505
2.23318	 0.000993231
2.23652	 0.000999873
2.23985	 0.000880353
2.24318	 0.00109013
2.24652	 0.001064
2.24985	 0.00132683
2.25318	 0.00104467
2.25652	 0.00105178
2.25985	 0.0012824
2.26318	 0.0010179
2.26652	 0.00130683
2.26985	 0.00120563
2.27318	 0.00121366
2.27651	 0.00134231
2.27985	 0.00116793
2.28318	 0.00114102
2.28651	 0.00133205
2.28985	 0.00160855
2.29318	 0.00151939
2.29651	 0.00148966
2.29985	 0.00166807
2.30318	 0.00162166
2.30651	 0.00180057
2.30985	 0.00168394
2.31318	 0.00168255
2.31651	 0.00169162
2.31985	 0.00158751
2.32318	 0.00187362
2.32651	 0.00210065
2.32984	 0.00218268
2.33318	 0.00269912
2.33651	 0.00297101
2.33984	 0.00212782
2.34318	 0.00237246
2.34651	 0.00266887
2.34984	 0.00272192
2.35318	 0.00310441
2.35651	 0.00242241
2.35984	 0.00308043
2.36318	 0.00255319
2.36651	 0.00297395
2.36984	 0.00271935
2.37318	 0.00261544
2.37651	 0.0026843
2.37984	 0.00297122
2.38317	 0.00266436
2.38651	 0.00315396
2.38984	 0.00325395
2.39317	 0.00329854
2.39651	 0.00314924
2.39984	 0.00291959
2.40317	 0.00248629
2.40651	 0.00259282
2.40984	 0.00253134
2.41317	 0.00258655
2.41651	 0.00216603
2.41984	 0.00213282
2.42317	 0.00207404
2.4265	 0.0014115
2.42984	 0.00234262
2.43317	 0.0017894
2.4365	 0.00163492
2.43984	 0.00182742
2.44317	 0.00208085
2.4465	 0.00164266
2.44984	 0.00180505
2.45317	 0.00184138
2.4565	 0.00180101
2.45984	 0.00139466
2.46317	 0.00118994
2.4665	 0.00149427
2.46984	 0.0013814
2.47317	 0.00147112
2.4765	 0.00137897
2.47983	 0.00142186
2.48317	 0.00111281
2.4865	 0.00141599
2.48983	 0.00129046
2.49317	 0.0012819
2.4965	 0.00150076
2.49983	 0.0011121
2.50317	 0.00122323
2.5065	 0.0011369
2.50983	 0.00136334
2.51317	 0.00125214
2.5165	 0.00127136
2.51983	 0.00119995
2.52317	 0.00111922
2.5265	 0.00117166
2.52983	 0.00108302
2.53316	 0.000976906
2.5365	 0.00100423
2.53983	 0.000928368
2.54316	 0.000843863
2.5465	 0.00106748
2.54983	 0.00112878
2.55316	 0.00110581
2.5565	 0.000893736
2.55983	 0.000747795
2.56316	 0.00100928
2.5665	 0.000975772
2.56983	 0.000826932
2.57316	 0.000958117
2.57649	 0.000956401
2.57983	 0.000792167
2.58316	 0.000899051
2.58649	 0.000932566
2.58983	 0.00103292
2.59316	 0.000941772
2.59649	 0.00073749
2.59983	 0.000857623
2.60316	 0.000884622
2.60649	 0.000748378
2.60983	 0.000835881
2.61316	 0.000916945
2.61649	 0.000752462
2.61983	 0.000652846
2.62316	 0.000655878
2.62649	 0.000714785
2.62982	 0.000746262
2.63316	 0.000638976
2.63649	 0.000805146
2.63982	 0.000686032
2.64316	 0.000569345
2.64649	 0.000765024
2.64982	 0.000596092
2.65316	 0.000718586
2.65649	 0.000579003
2.65982	 0.000602476
2.66316	 0.00060921
2.66649	 0.000720554
2.66982	 0.000701264
2.67316	 0.000618404
2.67649	 0.000607058
2.67982	 0.000679819
2.68315	 0.000559237
2.68649	 0.000552288
2.68982	 0.000632109
2.69315	 0.00073113
2.69649	 0.000587738
2.69982	 0.000755584
2.70315	 0.000578788
2.70649	 0.000546866
2.70982	 0.00061585
2.71315	 0.000474195
2.71649	 0.000621977
2.71982	 0.000555847
2.72315	 0.000541844
2.72648	 0.000629249
2.72982	 0.000605993
2.73315	 0.000581047
2.73648	 0.000527446
2.73982	 0.000376156
2.74315	 0.000499586
2.74648	 0.000497796
2.74982	 0.000429196
2.75315	 0.000473028
2.75648	 0.000611498
2.75982	 0.000482244
2.76315	 0.000486138
2.76648	 0.000545691
2.76982	 0.000570069
2.77315	 0.000604403
2.77648	 0.000462965
2.77981	 0.000520629
2.78315	 0.000615322
2.78648	 0.000469108
2.78981	 0.000498846
2.79315	 0.000587463
2.79648	 0.000445938
2.79981	 0.000480782
2.80315	 0.000429769
2.80648	 0.000401005
2.80981	 0.000528694
2.81315	 0.000473838
2.81648	 0.000431091
2.81981	 0.000424695
2.82315	 0.00048889
2.82648	 0.000515721
2.82981	 0.00048094
2.83314	 0.000529655
2.83648	 0.000438987
2.83981	 0.000380937
2.84314	 0.000480062
2.84648	 0.000399721
2.84981	 0.00043567
2.85314	 0.000438731
2.85648	 0.000458758
2.85981	 0.00047413
2.86314	 0.00044914
2.86648	 0.000403309
2.86981	 0.000456488
2.87314	 0.00051812
2.87647	 0.000483134
2.87981	 0.000404769
2.88314	 0.000559289
2.88647	 0.000369332
2.88981	 0.000453528
2.89314	 0.000530235
2.89647	 0.000423418
2.89981	 0.000424928
2.90314	 0.000583631
2.90647	 0.00046819
2.90981	 0.000398856
2.91314	 0.000479261
2.91647	 0.000412292
2.91981	 0.000428724
2.92314	 0.000460378
2.92647	 0.000453282
2.9298	 0.000464215
2.93314	 0.000490011
2.93647	 0.000372538
2.9398	 0.000438483
2.94314	 0.000476802
2.94647	 0.000480908
2.9498	 0.000470387
2.95314	 0.000376603
2.95647	 0.000497449
2.9598	 0.000384733
2.96314	 0.0005389
2.96647	 0.000416394
2.9698	 0.000436687
2.97314	 0.000431444
2.97647	 0.000445433
2.9798	 0.000454757
2.98313	 0.00038319
2.98647	 0.000405836
2.9898	 0.000460218
2.99313	 0.000581072
2.99647	 0.000431811
2.9998	 0.000392969
3.00313	 0.000428501
3.00647	 0.000424359
3.0098	 0.000388489
3.01313	 0.000408958
3.01647	 0.000428995
3.0198	 0.000472721
3.02313	 0.000327863
3.02646	 0.000354217
3.0298	 0.000429561
3.03313	 0.000618907
3.03646	 0.000501249
3.0398	 0.000411102
3.04313	 0.000408453
3.04646	 0.000445963
3.0498	 0.000458722
3.05313	 0.00048304
3.05646	 0.000439182
3.0598	 0.00034616
3.06313	 0.000403883
3.06646	 0.000407816
3.0698	 0.000373611
3.07313	 0.000406718
3.07646	 0.000422422
3.07979	 0.000475277
3.08313	 0.000392351
3.08646	 0.000408766
3.08979	 0.000378672
3.09313	 0.000581718
3.09646	 0.00050722
3.09979	 0.00040093
3.10313	 0.00061688
3.10646	 0.000365816
3.10979	 0.000522683
3.11313	 0.000424796
3.11646	 0.00037244
3.11979	 0.000437243
3.12313	 0.000555404
3.12646	 0.000478667
3.12979	 0.000414512
3.13312	 0.000408782
3.13646	 0.000415474
3.13979	 0.000417379
3.14312	 0.000420113
3.14646	 0.000440385
3.14979	 0.00042457
3.15312	 0.000548408
3.15646	 0.000413056
3.15979	 0.000549812
3.16312	 0.000465293
3.16646	 0.000455268
3.16979	 0.000454711
3.17312	 0.000488269
3.17645	 0.000503421
3.17979	 0.000413097
3.18312	 0.000379965
3.18645	 0.00039896
3.18979	 0.000482906
3.19312	 0.000452609
3.19645	 0.000523341
3.19979	 0.000445977
3.20312	 0.000487846
3.20645	 0.000491197
3.20979	 0.000449956
3.21312	 0.000475472
3.21645	 0.000511003
3.21979	 0.000544282
3.22312	 0.000391935
3.22645	 0.000451307
3.22978	 0.000471513
3.23312	 0.000454945
3.23645	 0.000496078
3.23978	 0.000569038
3.24312	 0.000508914
3.24645	 0.000371434
3.24978	 0.000495998
3.25312	 0.000579664
3.25645	 0.000477383
3.25978	 0.000514918
3.26312	 0.000582359
3.26645	 0.000494811
3.26978	 0.000522106
3.27312	 0.000453168
3.27645	 0.000485799
3.27978	 0.00050071
3.28311	 0.000586174
3.28645	 0.000466268
3.28978	 0.000517174
3.29311	 0.000528401
3.29645	 0.000628348
3.29978	 0.000665732
3.30311	 0.000490235
3.30645	 0.000521244
3.30978	 0.00058414
3.31311	 0.000523444
3.31645	 0.000586013
3.31978	 0.000698802
3.32311	 0.000583584
3.32644	 0.000694789
3.32978	 0.000529551
3.33311	 0.000560288
3.33644	 0.000607885
3.33978	 0.000739095
3.34311	 0.00066431
3.34644	 0.000534116
3.34978	 0.000487693
3.35311	 0.000600518
3.35644	 0.000562977
3.35978	 0.00054745
3.36311	 0.000646366
3.36644	 0.000591969
3.36978	 0.00065403
3.37311	 0.000712102
3.37644	 0.000752154
3.37977	 0.000669435
3.38311	 0.000715583
3.38644	 0.000635959
3.38977	 0.00070073
3.39311	 0.000748052
3.39644	 0.000699393
3.39977	 0.000863565
3.40311	 0.000725527
3.40644	 0.000689065
3.40977	 0.000718295
3.41311	 0.000884034
3.41644	 0.000821875
3.41977	 0.000745435
3.42311	 0.00081049
3.42644	 0.000669487
3.42977	 0.000759402
3.4331	 0.000888283
3.43644	 0.000883498
3.43977	 0.000924168
3.4431	 0.000814267
3.44644	 0.000943949
3.44977	 0.000881511
3.4531	 0.000754448
3.45644	 0.000648986
3.45977	 0.000907094
3.4631	 0.000929809
3.46644	 0.000946025
3.46977	 0.000896108
3.4731	 0.00096463
3.47643	 0.000890143
3.47977	 0.000977994
3.4831	 0.000807172
3.48643	 0.00104606
3.48977	 0.00113172
3.4931	 0.000996661
3.49643	 0.00120162
3.49977	 0.00102526
3.5031	 0.00127469
3.50643	 0.00127722
3.50977	 0.00106696
3.5131	 0.00111912
3.51643	 0.00105642
3.51977	 0.00126507
3.5231	 0.00112778
3.52643	 0.00118275
3.52976	 0.00153137
3.5331	 0.00110573
3.53643	 0.00144009
3.53976	 0.00168737
3.5431	 0.00159644
3.54643	 0.0016079
3.54976	 0.00141962
3.5531	 0.00152547
3.55643	 0.00150141
3.55976	 0.0019485
3.5631	 0.00155045
3.56643	 0.00166774
3.56976	 0.00182207
3.5731	 0.00174264
3.57643	 0.00127162
3.57976	 0.00188926
3.58309	 0.00197448
3.58643	 0.00204821
3.58976	 0.00201101
3.59309	 0.00163369
3.59643	 0.00220125
3.59976	 0.00170917
3.60309	 0.00174419
3.60643	 0.00155743
3.60976	 0.00158413
3.61309	 0.00199046
3.61643	 0.00179321
3.61976	 0.00185454
3.62309	 0.00173933
3.62642	 0.00143649
3.62976	 0.0012743
3.63309	 0.00153413
3.63642	 0.00183083
3.63976	 0.0014395
3.64309	 0.00153562
3.64642	 0.00149658
3.64976	 0.00168489
3.65309	 0.00160606
3.65642	 0.0013943
3.65976	 0.00126953
3.66309	 0.00131635
3.66642	 0.00166244
3.66976	 0.00116568
3.67309	 0.00146943
3.67642	 0.00122444
3.67975	 0.00116148
3.68309	 0.00123407
3.68642	 0.00125922
3.68975	 0.00156438
3.69309	 0.00120406
3.69642	 0.00105436
3.69975	 0.00104485
3.70309	 0.00115807
3.70642	 0.00130996
3.70975	 0.000805674
3.71309	 0.00120193
3.71642	 0.00136413
3.71975	 0.00110936
3.72309	 0.000966907
3.72642	 0.00108205
3.72975	 0.00103431
3.73308	 0.000779606
3.73642	 0.00119562
3.73975	 0.00105047
3.74308	 0.00109285
3.74642	 0.000972225
3.74975	 0.00100421
3.75308	 0.000690677
3.75642	 0.000782147
3.75975	 0.00101631
3.76308	 0.00115729
3.76642	 0.00097727
3.76975	 0.000894462
3.77308	 0.000863665
3.77641	 0.00107165
3.77975	 0.00077032
3.78308	 0.000930746
3.78641	 0.000757451
3.78975	 0.000657381
3.79308	 0.000703854
3.79641	 0.000791765
3.79975	 0.0009483
3.80308	 0.000810774
3.80641	 0.000791584
3.80975	 0.000902237
3.81308	 0.000821405
3.81641	 0.000773932
3.81975	 0.000747638
3.82308	 0.000907509
3.82641	 0.000617096
3.82974	 0.000654623
3.83308	 0.000748311
3.83641	 0.000796614
3.83974	 0.000751995
3.84308	 0.000760182
3.84641	 0.000715945
3.84974	 0.000573717
3.85308	 0.000627384
3.85641	 0.000576554
3.85974	 0.000632819
3.86308	 0.000632666
3.86641	 0.000643393
3.86974	 0.000660774
3.87308	 0.000608244
3.87641	 0.000550927
3.87974	 0.000544952
3.88307	 0.00054005
3.88641	 0.000540074
3.88974	 0.000702963
3.89307	 0.000569463
3.89641	 0.000620824
3.89974	 0.000531447
3.90307	 0.00063315
3.90641	 0.000543023
3.90974	 0.000599794
3.91307	 0.000611616
3.91641	 0.000613129
3.91974	 0.000593853
3.92307	 0.000647332
3.9264	 0.000545273
3.92974	 0.000553076
3.93307	 0.000612611
3.9364	 0.000519107
3.93974	 0.000544459
3.94307	 0.000489357
3.9464	 0.000509307
3.94974	 0.000600492
3.95307	 0.000506503
3.9564	 0.00053179
3.95974	 0.000507715
3.96307	 0.000590928
3.9664	 0.000459696
3.96974	 0.00054053
3.97307	 0.000487737
3.9764	 0.000600256
3.97973	 0.000458895
3.98307	 0.000498449
3.9864	 0.0004395
3.98973	 0.000523537
3.99307	 0.000378526
3.9964	 0.000488149
3.99973	 0.000473107
4.00307	 0.000487825
4.0064	 0.000628077
4.00973	 0.000517232
4.01307	 0.000435294
4.0164	 0.000444362
4.01973	 0.000495573
4.02307	 0.000407666
4.0264	 0.000501158
4.02973	 0.000371144
4.03306	 0.000393108
4.0364	 0.000383014
4.03973	 0.000457258
4.04306	 0.000469635
4.0464	 0.000464799
4.04973	 0.000410912
4.05306	 0.000429682
4.0564	 0.000345112
4.05973	 0.000402516
4.06306	 0.000340456
4.0664	 0.000400027
4.06973	 0.000399745
4.07306	 0.000507292
4.07639	 0.000427003
4.07973	 0.000415808
4.08306	 0.000553209
4.08639	 0.000440272
4.08973	 0.000415628
4.09306	 0.000383176
4.09639	 0.000454299
4.09973	 0.000443824
4.10306	 0.000381835
4.10639	 0.000392023
4.10973	 0.000490152
4.11306	 0.000421172
4.11639	 0.000352811
4.11973	 0.000442083
4.12306	 0.000457317
4.12639	 0.000432568
4.12972	 0.00043673
4.13306	 0.00044291
4.13639	 0.000451289
4.13972	 0.000466235
4.14306	 0.00045743
4.14639	 0.00038297
4.14972	 0.000413903
4.15306	 0.00038603
4.15639	 0.000405657
4.15972	 0.000482959
4.16306	 0.000476291
4.16639	 0.000431408
4.16972	 0.000377554
4.17306	 0.000439296
4.17639	 0.000402711
4.17972	 0.000476362
4.18305	 0.000445501
4.18639	 0.000409146
4.18972	 0.000407181
4.19305	 0.000444199
4.19639	 0.000432623
4.19972	 0.000367687
4.20305	 0.00033478
4.20639	 0.000448959
4.20972	 0.000331197
4.21305	 0.000441638
4.21639	 0.000348357
4.21972	 0.000409045
4.22305	 0.000489476
4.22638	 0.000456395
4.22972	 0.000418874
4.23305	 0.000374101
4.23638	 0.000397963
4.23972	 0.000303378
4.24305	 0.000360872
4.24638	 0.000450611
4.24972	 0.000387606
4.25305	 0.000410278
4.25638	 0.000348043
4.25972	 0.000406136
4.26305	 0.000437431
4.26638	 0.000407326
4.26972	 0.000364946
4.27305	 0.000408238
4.27638	 0.000361184
4.27971	 0.000462753
4.28305	 0.000424872
4.28638	 0.000287723
4.28971	 0.00046485
4.29305	 0.000412099
4.29638	 0.000435599
4.29971	 0.000414395
4.30305	 0.000353287
4.30638	 0.000425259
4.30971	 0.000394544
4.31305	 0.000400054
4.31638	 0.000408746
4.31971	 0.000450386
4.32305	 0.000392467
4.32638	 0.00037983
4.32971	 0.00047327
4.33304	 0.000371258
4.33638	 0.000387836
4.33971	 0.000388429
4.34304	 0.000407501
4.34638	 0.000427554
4.34971	 0.000386954
4.35304	 0.000373523
4.35638	 0.00048893
4.35971	 0.000412936
4.36304	 0.000532231
4.36638	 0.000350023
4.36971	 0.000439053
4.37304	 0.000438802
4.37637	 0.000480426
4.37971	 0.000414143
4.38304	 0.000429157
4.38637	 0.000402437
4.38971	 0.000391801
4.39304	 0.000433508
4.39637	 0.000436525
4.39971	 0.000460589
4.40304	 0.000426533
4.40637	 0.000417186
4.40971	 0.000486195
4.41304	 0.000486473
4.41637	 0.000406976
4.41971	 0.000439469
4.42304	 0.000440819
4.42637	 0.000416275
4.4297	 0.000476325
4.43304	 0.000506983
4.43637	 0.000390567
4.4397	 0.000464246
4.44304	 0.000449774
4.44637	 0.000550042
4.4497	 0.000481299
4.45304	 0.00051634
4.45637	 0.000433792
4.4597	 0.000473683
4.46304	 0.000352787
4.46637	 0.000427594
4.4697	 0.000491916
4.47304	 0.000522891
4.47637	 0.000584871
4.4797	 0.00050531
4.48303	 0.000454136
4.48637	 0.000513165
4.4897	 0.000466656
4.49303	 0.000449894
4.49637	 0.000427962
4.4997	 0.000368808
4.50303	 0.000513259
4.50637	 0.000525433
4.5097	 0.000529022
4.51303	 0.000500983
4.51637	 0.000508867
4.5197	 0.000471158
4.52303	 0.000545871
4.52636	 0.00057722
4.5297	 0.00051385
4.53303	 0.000596145
4.53636	 0.000567405
4.5397	 0.000493558
4.54303	 0.000626447
4.54636	 0.000627697
4.5497	 0.000553209
4.55303	 0.000570503
4.55636	 0.000477269
4.5597	 0.000533955
4.56303	 0.000602628
4.56636	 0.000496101
4.5697	 0.000555135
4.57303	 0.000546324
4.57636	 0.00060165
4.57969	 0.000610446
4.58303	 0.000487425
4.58636	 0.000451884
4.58969	 0.000561416
4.59303	 0.000574477
4.59636	 0.000571011
4.59969	 0.000624876
4.60303	 0.000535565
4.60636	 0.000597285
4.60969	 0.000756389
4.61303	 0.000675529
4.61636	 0.000719273
4.61969	 0.000764315
4.62303	 0.000750318
4.62636	 0.000623328
4.62969	 0.000591786
4.63302	 0.000712501
4.63636	 0.00055369
4.63969	 0.000664736
4.64302	 0.00066057
4.64636	 0.000616491
4.64969	 0.000685816
4.65302	 0.000594835
4.65636	 0.000726614
4.65969	 0.000744771
4.66302	 0.000614039
4.66636	 0.000669616
4.66969	 0.000758903
4.67302	 0.000797616
4.67635	 0.000883435
4.67969	 0.000648305
4.68302	 0.000755853
4.68635	 0.000792738
4.68969	 0.000752248
4.69302	 0.000630632
4.69635	 0.000768327
4.69969	 0.000645672
4.70302	 0.000876852
4.70635	 0.000777209
4.70969	 0.00108357
4.71302	 0.00083107
4.71635	 0.000963873
4.71969	 0.000983024
4.72302	 0.000855203
4.72635	 0.00124293
4.72968	 0.00090488
4.73302	 0.00102193
4.73635	 0.000916465
4.73968	 0.00100164
4.74302	 0.000982979
4.74635	 0.000979308
4.74968	 0.000983377
4.75302	 0.00111685
4.75635	 0.000968968
4.75968	 0.00106589
4.76302	 0.00106616
4.76635	 0.000980176
4.76968	 0.00115465
4.77302	 0.0010962
4.77635	 0.00118787
4.77968	 0.00112013
4.78301	 0.00115235
4.78635	 0.0011067
4.78968	 0.000937414
4.79301	 0.00117013
4.79635	 0.00117553
4.79968	 0.00109671
4.80301	 0.00132921
4.80635	 0.00124526
4.80968	 0.00134955
4.81301	 0.00145544
4.81635	 0.00109838
4.81968	 0.00106979
4.82301	 0.0013027
4.82634	 0.00150239
4.82968	 0.00113231
4.83301	 0.00132805
4.83634	 0.000871484
4.83968	 0.00111591
4.84301	 0.00138654
4.84634	 0.00082203
4.84968	 0.00107687
4.85301	 0.000900807
4.85634	 0.00112416
4.85968	 0.00107173
4.86301	 0.00107029
4.86634	 0.00117307
4.86968	 0.00113339
4.87301	 0.00108559
4.87634	 0.00120289
4.87967	 0.00127736
4.88301	 0.00125734
4.88634	 0.00116402
4.88967	 0.00113137
4.89301	 0.00116018
4.89634	 0.00117459
4.89967	 0.000973387
4.90301	 0.000920245
4.90634	 0.00101599
4.90967	 0.000927245
4.91301	 0.00115275
4.91634	 0.00113096
4.91967	 0.00106061
4.92301	 0.00123343
4.92634	 0.000785839
4.92967	 0.00101287
4.933	 0.00122188
4.93634	 0.00102798
4.93967	 0.0011298
4.943	 0.000912795
4.94634	 0.000984226
4.94967	 0.000947871
4.953	 0.000830658
4.95634	 0.000867705
4.95967	 0.000750439
4.963	 0.000879911
4.96634	 0.00104079
4.96967	 0.000900835
4.973	 0.000859087
4.97633	 0.000729351
4.97967	 0.000888632
4.983	 0.000893093
4.98633	 0.00083449
4.98967	 0.000760528
4.993	 0.000578757
4.99633	 0.000760121
