# Frequency [GHz] 	Fouriercomponent
-4.99967	 0.601447
-4.99633	 0.567855
-4.993	 0.657464
-4.98967	 0.610236
-4.98633	 0.524908
-4.983	 0.505007
-4.97967	 0.60249
-4.97633	 0.498805
-4.973	 0.563906
-4.96967	 0.55787
-4.96634	 0.587266
-4.963	 0.524537
-4.95967	 0.651787
-4.95634	 0.637511
-4.953	 0.58224
-4.94967	 0.494301
-4.94634	 0.595167
-4.943	 0.639953
-4.93967	 0.690737
-4.93634	 0.529758
-4.933	 0.60712
-4.92967	 0.531244
-4.92634	 0.6745
-4.92301	 0.631926
-4.91967	 0.474233
-4.91634	 0.524435
-4.91301	 0.477042
-4.90967	 0.577009
-4.90634	 0.522509
-4.90301	 0.574326
-4.89967	 0.554189
-4.89634	 0.536931
-4.89301	 0.623834
-4.88967	 0.569836
-4.88634	 0.517499
-4.88301	 0.480411
-4.87967	 0.589273
-4.87634	 0.638455
-4.87301	 0.500233
-4.86968	 0.497399
-4.86634	 0.637646
-4.86301	 0.429973
-4.85968	 0.521011
-4.85634	 0.474649
-4.85301	 0.540001
-4.84968	 0.589641
-4.84634	 0.467367
-4.84301	 0.628148
-4.83968	 0.516466
-4.83634	 0.604115
-4.83301	 0.439776
-4.82968	 0.486787
-4.82634	 0.478654
-4.82301	 0.480829
-4.81968	 0.533006
-4.81635	 0.513328
-4.81301	 0.662712
-4.80968	 0.683667
-4.80635	 0.649642
-4.80301	 0.620707
-4.79968	 0.454743
-4.79635	 0.622981
-4.79301	 0.681407
-4.78968	 0.508437
-4.78635	 0.622877
-4.78301	 0.486484
-4.77968	 0.472183
-4.77635	 0.66334
-4.77302	 0.554117
-4.76968	 0.692738
-4.76635	 0.62971
-4.76302	 0.550097
-4.75968	 0.55728
-4.75635	 0.443859
-4.75302	 0.607517
-4.74968	 0.593379
-4.74635	 0.624957
-4.74302	 0.532702
-4.73968	 0.722745
-4.73635	 0.641289
-4.73302	 0.433288
-4.72968	 0.533954
-4.72635	 0.510423
-4.72302	 0.65699
-4.71969	 0.574033
-4.71635	 0.600764
-4.71302	 0.583197
-4.70969	 0.61175
-4.70635	 0.564801
-4.70302	 0.454946
-4.69969	 0.554381
-4.69635	 0.588259
-4.69302	 0.548341
-4.68969	 0.513458
-4.68635	 0.461876
-4.68302	 0.588512
-4.67969	 0.54264
-4.67635	 0.608752
-4.67302	 0.503196
-4.66969	 0.578246
-4.66636	 0.506432
-4.66302	 0.596044
-4.65969	 0.568226
-4.65636	 0.47249
-4.65302	 0.509879
-4.64969	 0.508527
-4.64636	 0.595327
-4.64302	 0.508655
-4.63969	 0.617079
-4.63636	 0.588947
-4.63302	 0.592651
-4.62969	 0.475427
-4.62636	 0.618862
-4.62303	 0.672706
-4.61969	 0.569206
-4.61636	 0.550462
-4.61303	 0.540844
-4.60969	 0.585569
-4.60636	 0.549771
-4.60303	 0.562512
-4.59969	 0.432862
-4.59636	 0.628254
-4.59303	 0.609819
-4.58969	 0.492579
-4.58636	 0.592298
-4.58303	 0.54194
-4.57969	 0.672789
-4.57636	 0.697062
-4.57303	 0.584285
-4.5697	 0.632272
-4.56636	 0.519795
-4.56303	 0.695723
-4.5597	 0.568473
-4.55636	 0.595705
-4.55303	 0.569492
-4.5497	 0.684535
-4.54636	 0.462138
-4.54303	 0.59069
-4.5397	 0.505592
-4.53636	 0.577162
-4.53303	 0.484604
-4.5297	 0.729778
-4.52636	 0.54467
-4.52303	 0.58371
-4.5197	 0.666533
-4.51637	 0.540036
-4.51303	 0.619141
-4.5097	 0.584697
-4.50637	 0.463339
-4.50303	 0.599508
-4.4997	 0.657253
-4.49637	 0.553872
-4.49303	 0.564028
-4.4897	 0.614705
-4.48637	 0.636062
-4.48303	 0.455083
-4.4797	 0.802196
-4.47637	 0.576903
-4.47304	 0.541073
-4.4697	 0.58121
-4.46637	 0.649616
-4.46304	 0.634084
-4.4597	 0.704898
-4.45637	 0.603139
-4.45304	 0.522556
-4.4497	 0.664921
-4.44637	 0.633712
-4.44304	 0.614454
-4.4397	 0.56698
-4.43637	 0.533715
-4.43304	 0.611255
-4.4297	 0.571709
-4.42637	 0.545795
-4.42304	 0.619813
-4.41971	 0.560158
-4.41637	 0.652464
-4.41304	 0.557666
-4.40971	 0.633388
-4.40637	 0.517195
-4.40304	 0.474487
-4.39971	 0.640747
-4.39637	 0.581007
-4.39304	 0.698141
-4.38971	 0.587188
-4.38637	 0.474392
-4.38304	 0.63353
-4.37971	 0.580749
-4.37637	 0.59373
-4.37304	 0.579075
-4.36971	 0.468076
-4.36638	 0.4959
-4.36304	 0.621249
-4.35971	 0.603718
-4.35638	 0.508395
-4.35304	 0.676991
-4.34971	 0.547268
-4.34638	 0.478085
-4.34304	 0.603091
-4.33971	 0.644065
-4.33638	 0.614193
-4.33304	 0.530045
-4.32971	 0.67646
-4.32638	 0.66668
-4.32305	 0.659992
-4.31971	 0.661094
-4.31638	 0.599156
-4.31305	 0.578018
-4.30971	 0.594402
-4.30638	 0.451918
-4.30305	 0.646795
-4.29971	 0.701147
-4.29638	 0.637238
-4.29305	 0.695467
-4.28971	 0.524723
-4.28638	 0.551619
-4.28305	 0.53972
-4.27971	 0.622989
-4.27638	 0.706123
-4.27305	 0.544307
-4.26972	 0.606253
-4.26638	 0.565203
-4.26305	 0.649788
-4.25972	 0.535947
-4.25638	 0.630987
-4.25305	 0.652049
-4.24972	 0.604863
-4.24638	 0.477692
-4.24305	 0.734879
-4.23972	 0.69068
-4.23638	 0.557797
-4.23305	 0.664886
-4.22972	 0.55531
-4.22638	 0.606615
-4.22305	 0.714656
-4.21972	 0.695208
-4.21639	 0.53254
-4.21305	 0.636426
-4.20972	 0.518707
-4.20639	 0.555312
-4.20305	 0.67986
-4.19972	 0.58822
-4.19639	 0.566935
-4.19305	 0.542638
-4.18972	 0.475327
-4.18639	 0.575827
-4.18305	 0.646441
-4.17972	 0.641361
-4.17639	 0.543041
-4.17306	 0.622036
-4.16972	 0.54179
-4.16639	 0.600084
-4.16306	 0.542661
-4.15972	 0.533883
-4.15639	 0.631622
-4.15306	 0.60456
-4.14972	 0.671523
-4.14639	 0.612341
-4.14306	 0.565232
-4.13972	 0.596293
-4.13639	 0.696706
-4.13306	 0.560858
-4.12972	 0.658856
-4.12639	 0.667677
-4.12306	 0.678215
-4.11973	 0.566346
-4.11639	 0.561146
-4.11306	 0.56204
-4.10973	 0.558405
-4.10639	 0.645734
-4.10306	 0.501457
-4.09973	 0.619807
-4.09639	 0.655022
-4.09306	 0.638576
-4.08973	 0.518501
-4.08639	 0.634549
-4.08306	 0.492368
-4.07973	 0.536469
-4.07639	 0.53241
-4.07306	 0.608803
-4.06973	 0.66769
-4.0664	 0.716359
-4.06306	 0.700281
-4.05973	 0.696589
-4.0564	 0.541485
-4.05306	 0.704377
-4.04973	 0.599391
-4.0464	 0.604629
-4.04306	 0.573896
-4.03973	 0.55384
-4.0364	 0.751683
-4.03306	 0.531865
-4.02973	 0.590718
-4.0264	 0.70489
-4.02307	 0.598886
-4.01973	 0.61831
-4.0164	 0.545475
-4.01307	 0.590064
-4.00973	 0.745055
-4.0064	 0.601412
-4.00307	 0.671601
-3.99973	 0.538051
-3.9964	 0.546962
-3.99307	 0.72283
-3.98973	 0.496769
-3.9864	 0.621934
-3.98307	 0.608644
-3.97973	 0.599382
-3.9764	 0.564543
-3.97307	 0.755937
-3.96974	 0.588224
-3.9664	 0.404013
-3.96307	 0.635083
-3.95974	 0.552339
-3.9564	 0.605991
-3.95307	 0.607649
-3.94974	 0.756988
-3.9464	 0.581601
-3.94307	 0.606332
-3.93974	 0.622137
-3.9364	 0.541805
-3.93307	 0.625355
-3.92974	 0.570035
-3.9264	 0.676633
-3.92307	 0.676225
-3.91974	 0.575173
-3.91641	 0.892544
-3.91307	 0.615495
-3.90974	 0.635571
-3.90641	 0.601276
-3.90307	 0.704922
-3.89974	 0.623727
-3.89641	 0.569217
-3.89307	 0.635035
-3.88974	 0.654215
-3.88641	 0.614767
-3.88307	 0.717368
-3.87974	 0.712694
-3.87641	 0.711994
-3.87308	 0.637392
-3.86974	 0.689397
-3.86641	 0.61439
-3.86308	 0.538289
-3.85974	 0.631542
-3.85641	 0.719845
-3.85308	 0.522757
-3.84974	 0.653427
-3.84641	 0.706047
-3.84308	 0.605874
-3.83974	 0.538952
-3.83641	 0.699581
-3.83308	 0.713969
-3.82974	 0.652408
-3.82641	 0.732563
-3.82308	 0.606873
-3.81975	 0.67825
-3.81641	 0.67053
-3.81308	 0.631756
-3.80975	 0.549819
-3.80641	 0.554659
-3.80308	 0.56433
-3.79975	 0.579513
-3.79641	 0.640109
-3.79308	 0.837408
-3.78975	 0.723211
-3.78641	 0.640389
-3.78308	 0.62957
-3.77975	 0.789686
-3.77641	 0.739486
-3.77308	 0.742322
-3.76975	 0.644296
-3.76642	 0.663244
-3.76308	 0.684349
-3.75975	 0.644174
-3.75642	 0.595111
-3.75308	 0.575021
-3.74975	 0.64531
-3.74642	 0.645273
-3.74308	 0.715415
-3.73975	 0.586243
-3.73642	 0.704798
-3.73308	 0.660676
-3.72975	 0.770543
-3.72642	 0.772246
-3.72309	 0.707053
-3.71975	 0.573753
-3.71642	 0.684242
-3.71309	 0.53056
-3.70975	 0.686857
-3.70642	 0.689569
-3.70309	 0.590285
-3.69975	 0.681056
-3.69642	 0.658101
-3.69309	 0.615232
-3.68975	 0.620113
-3.68642	 0.553387
-3.68309	 0.803711
-3.67975	 0.527143
-3.67642	 0.615114
-3.67309	 0.648493
-3.66976	 0.574597
-3.66642	 0.63666
-3.66309	 0.599556
-3.65976	 0.575794
-3.65642	 0.649827
-3.65309	 0.80017
-3.64976	 0.664644
-3.64642	 0.751612
-3.64309	 0.523949
-3.63976	 0.650217
-3.63642	 0.63721
-3.63309	 0.605495
-3.62976	 0.647511
-3.62642	 0.739768
-3.62309	 0.764653
-3.61976	 0.614759
-3.61643	 0.623555
-3.61309	 0.665269
-3.60976	 0.616273
-3.60643	 0.667591
-3.60309	 0.651109
-3.59976	 0.6401
-3.59643	 0.523221
-3.59309	 0.602112
-3.58976	 0.629649
-3.58643	 0.674779
-3.58309	 0.649003
-3.57976	 0.62865
-3.57643	 0.650766
-3.5731	 0.728597
-3.56976	 0.615242
-3.56643	 0.742144
-3.5631	 0.638083
-3.55976	 0.619464
-3.55643	 0.66141
-3.5531	 0.640909
-3.54976	 0.618291
-3.54643	 0.58868
-3.5431	 0.630737
-3.53976	 0.680874
-3.53643	 0.771588
-3.5331	 0.701178
-3.52976	 0.719876
-3.52643	 0.501532
-3.5231	 0.60586
-3.51977	 0.720577
-3.51643	 0.621409
-3.5131	 0.625683
-3.50977	 0.771525
-3.50643	 0.658395
-3.5031	 0.812583
-3.49977	 0.671861
-3.49643	 0.651804
-3.4931	 0.686124
-3.48977	 0.689077
-3.48643	 0.843592
-3.4831	 0.603271
-3.47977	 0.557562
-3.47643	 0.712184
-3.4731	 0.661207
-3.46977	 0.690601
-3.46644	 0.590077
-3.4631	 0.719428
-3.45977	 0.797778
-3.45644	 0.606341
-3.4531	 0.704175
-3.44977	 0.757972
-3.44644	 0.728945
-3.4431	 0.642748
-3.43977	 0.710994
-3.43644	 0.776786
-3.4331	 0.702571
-3.42977	 0.729659
-3.42644	 0.694152
-3.42311	 0.602581
-3.41977	 0.697993
-3.41644	 0.705657
-3.41311	 0.581426
-3.40977	 0.728942
-3.40644	 0.628848
-3.40311	 0.619429
-3.39977	 0.68833
-3.39644	 0.750366
-3.39311	 0.708779
-3.38977	 0.601888
-3.38644	 0.634094
-3.38311	 0.640244
-3.37977	 0.756963
-3.37644	 0.696253
-3.37311	 0.645412
-3.36978	 0.557372
-3.36644	 0.663116
-3.36311	 0.735073
-3.35978	 0.750926
-3.35644	 0.524984
-3.35311	 0.687176
-3.34978	 0.668161
-3.34644	 0.61398
-3.34311	 0.669985
-3.33978	 0.79134
-3.33644	 0.729854
-3.33311	 0.742952
-3.32978	 0.517349
-3.32644	 0.724942
-3.32311	 0.683346
-3.31978	 0.77042
-3.31645	 0.656447
-3.31311	 0.826513
-3.30978	 0.712016
-3.30645	 0.546624
-3.30311	 0.708922
-3.29978	 0.784938
-3.29645	 0.562056
-3.29311	 0.717213
-3.28978	 0.821775
-3.28645	 0.763428
-3.28311	 0.702361
-3.27978	 0.783651
-3.27645	 0.717399
-3.27312	 0.771076
-3.26978	 0.653926
-3.26645	 0.640281
-3.26312	 0.71426
-3.25978	 0.536723
-3.25645	 0.757428
-3.25312	 0.878599
-3.24978	 0.813981
-3.24645	 0.711476
-3.24312	 0.776078
-3.23978	 0.67523
-3.23645	 0.775367
-3.23312	 0.595549
-3.22978	 0.784795
-3.22645	 0.68635
-3.22312	 0.64845
-3.21979	 0.732
-3.21645	 0.804882
-3.21312	 0.712207
-3.20979	 0.640308
-3.20645	 0.685603
-3.20312	 0.696988
-3.19979	 0.593703
-3.19645	 0.688288
-3.19312	 0.776828
-3.18979	 0.640506
-3.18645	 0.671734
-3.18312	 0.731258
-3.17979	 0.734445
-3.17645	 0.825692
-3.17312	 0.701064
-3.16979	 0.788414
-3.16646	 0.81124
-3.16312	 0.693183
-3.15979	 0.599543
-3.15646	 0.722002
-3.15312	 0.66094
-3.14979	 0.818677
-3.14646	 0.685775
-3.14312	 0.676189
-3.13979	 0.68293
-3.13646	 0.464032
-3.13312	 0.716174
-3.12979	 0.642502
-3.12646	 0.720376
-3.12313	 0.652559
-3.11979	 0.59795
-3.11646	 0.706153
-3.11313	 0.763446
-3.10979	 0.765853
-3.10646	 0.676132
-3.10313	 0.822034
-3.09979	 0.850149
-3.09646	 0.715273
-3.09313	 0.861864
-3.08979	 0.717754
-3.08646	 0.731909
-3.08313	 0.806239
-3.07979	 0.678358
-3.07646	 0.716234
-3.07313	 0.662889
-3.0698	 0.638756
-3.06646	 0.71114
-3.06313	 0.826204
-3.0598	 0.677106
-3.05646	 0.706115
-3.05313	 0.74284
-3.0498	 0.698851
-3.04646	 0.755904
-3.04313	 0.836013
-3.0398	 0.579274
-3.03646	 0.670454
-3.03313	 0.672456
-3.0298	 0.679562
-3.02646	 0.675014
-3.02313	 0.818589
-3.0198	 0.843445
-3.01647	 0.75184
-3.01313	 0.620681
-3.0098	 0.755876
-3.00647	 0.816283
-3.00313	 0.800001
-2.9998	 0.79809
-2.99647	 0.671093
-2.99313	 0.67422
-2.9898	 0.807147
-2.98647	 0.806848
-2.98313	 0.729649
-2.9798	 0.692834
-2.97647	 0.594503
-2.97314	 0.921719
-2.9698	 0.819877
-2.96647	 0.791944
-2.96314	 0.689602
-2.9598	 0.686491
-2.95647	 1.00079
-2.95314	 0.803187
-2.9498	 0.790757
-2.94647	 0.78502
-2.94314	 0.748357
-2.9398	 0.853363
-2.93647	 0.754436
-2.93314	 0.77385
-2.9298	 0.799576
-2.92647	 0.797353
-2.92314	 0.728204
-2.91981	 0.906122
-2.91647	 0.686031
-2.91314	 0.843611
-2.90981	 0.568972
-2.90647	 0.704271
-2.90314	 0.66665
-2.89981	 0.848427
-2.89647	 0.717182
-2.89314	 0.682142
-2.88981	 0.649204
-2.88647	 0.858559
-2.88314	 0.712411
-2.87981	 0.813873
-2.87647	 0.657719
-2.87314	 0.78376
-2.86981	 0.62819
-2.86648	 0.700049
-2.86314	 0.626156
-2.85981	 0.787711
-2.85648	 0.607969
-2.85314	 0.819164
-2.84981	 0.69246
-2.84648	 0.574294
-2.84314	 0.799279
-2.83981	 0.564191
-2.83648	 0.687127
-2.83314	 0.729399
-2.82981	 0.815729
-2.82648	 0.809794
-2.82315	 0.902238
-2.81981	 0.783758
-2.81648	 0.830141
-2.81315	 0.861203
-2.80981	 0.727066
-2.80648	 0.660347
-2.80315	 0.74923
-2.79981	 0.812396
-2.79648	 0.810112
-2.79315	 0.764826
-2.78981	 0.787779
-2.78648	 0.806208
-2.78315	 0.751603
-2.77981	 0.801222
-2.77648	 0.804422
-2.77315	 0.743464
-2.76982	 0.790376
-2.76648	 0.882472
-2.76315	 0.700582
-2.75982	 0.760466
-2.75648	 0.797055
-2.75315	 0.714421
-2.74982	 0.64811
-2.74648	 0.774594
-2.74315	 0.782314
-2.73982	 0.841142
-2.73648	 0.698903
-2.73315	 0.676332
-2.72982	 0.74033
-2.72648	 0.742495
-2.72315	 0.760523
-2.71982	 0.754627
-2.71649	 0.711637
-2.71315	 0.688536
-2.70982	 0.990513
-2.70649	 0.778991
-2.70315	 0.689815
-2.69982	 0.674866
-2.69649	 0.563172
-2.69315	 0.686834
-2.68982	 0.90715
-2.68649	 0.832234
-2.68315	 0.830553
-2.67982	 0.610626
-2.67649	 0.653526
-2.67316	 0.780939
-2.66982	 0.751855
-2.66649	 0.788264
-2.66316	 0.729219
-2.65982	 0.793574
-2.65649	 0.745486
-2.65316	 0.816624
-2.64982	 0.675063
-2.64649	 0.714374
-2.64316	 0.772782
-2.63982	 0.779073
-2.63649	 0.673834
-2.63316	 0.98979
-2.62982	 0.640651
-2.62649	 0.709811
-2.62316	 0.786196
-2.61983	 0.74885
-2.61649	 0.694978
-2.61316	 0.72821
-2.60983	 0.757128
-2.60649	 0.625485
-2.60316	 0.758262
-2.59983	 0.70117
-2.59649	 0.826646
-2.59316	 0.616658
-2.58983	 0.701708
-2.58649	 0.847257
-2.58316	 0.937094
-2.57983	 0.746904
-2.57649	 0.634412
-2.57316	 0.836287
-2.56983	 0.814831
-2.5665	 0.720583
-2.56316	 0.819831
-2.55983	 0.75005
-2.5565	 0.750819
-2.55316	 0.835335
-2.54983	 0.61402
-2.5465	 0.688756
-2.54316	 0.667072
-2.53983	 0.74278
-2.5365	 0.804698
-2.53316	 0.66865
-2.52983	 0.799556
-2.5265	 0.887687
-2.52317	 0.854378
-2.51983	 0.788577
-2.5165	 0.801893
-2.51317	 0.695746
-2.50983	 0.703245
-2.5065	 0.712561
-2.50317	 0.742706
-2.49983	 0.708265
-2.4965	 0.832476
-2.49317	 0.653943
-2.48983	 0.828789
-2.4865	 0.72442
-2.48317	 0.74144
-2.47983	 0.835078
-2.4765	 0.801865
-2.47317	 0.833405
-2.46984	 0.842768
-2.4665	 0.698612
-2.46317	 0.744223
-2.45984	 0.753654
-2.4565	 0.688025
-2.45317	 0.73311
-2.44984	 0.849661
-2.4465	 0.838359
-2.44317	 1.00426
-2.43984	 0.770235
-2.4365	 0.801646
-2.43317	 0.666188
-2.42984	 0.813783
-2.4265	 0.762123
-2.42317	 0.833083
-2.41984	 0.751584
-2.41651	 0.707562
-2.41317	 0.830096
-2.40984	 0.797411
-2.40651	 0.713124
-2.40317	 0.81436
-2.39984	 0.854761
-2.39651	 0.797292
-2.39317	 0.783101
-2.38984	 0.908717
-2.38651	 1.00227
-2.38317	 0.669634
-2.37984	 0.845433
-2.37651	 0.832535
-2.37318	 0.842366
-2.36984	 0.800975
-2.36651	 0.835187
-2.36318	 0.733024
-2.35984	 0.766792
-2.35651	 0.807449
-2.35318	 0.846503
-2.34984	 0.808592
-2.34651	 0.792501
-2.34318	 0.774938
-2.33984	 0.720079
-2.33651	 0.798477
-2.33318	 0.756544
-2.32984	 0.791686
-2.32651	 0.816376
-2.32318	 0.727424
-2.31985	 0.847694
-2.31651	 0.788657
-2.31318	 0.698724
-2.30985	 0.957921
-2.30651	 0.781939
-2.30318	 0.756936
-2.29985	 0.829451
-2.29651	 0.903558
-2.29318	 0.837399
-2.28985	 0.936948
-2.28651	 0.772253
-2.28318	 0.880549
-2.27985	 0.903154
-2.27651	 0.856313
-2.27318	 0.799056
-2.26985	 0.733905
-2.26652	 1.00936
-2.26318	 0.750156
-2.25985	 0.814222
-2.25652	 0.779695
-2.25318	 0.838133
-2.24985	 0.742301
-2.24652	 0.814201
-2.24318	 0.886838
-2.23985	 0.804618
-2.23652	 0.803225
-2.23318	 0.723949
-2.22985	 0.787777
-2.22652	 0.698963
-2.22319	 0.806023
-2.21985	 0.706884
-2.21652	 0.77285
-2.21319	 0.620928
-2.20985	 0.747853
-2.20652	 0.728593
-2.20319	 0.79331
-2.19985	 0.827273
-2.19652	 0.882167
-2.19319	 0.788443
-2.18985	 0.839981
-2.18652	 0.783143
-2.18319	 0.704483
-2.17985	 0.891611
-2.17652	 0.847626
-2.17319	 0.790423
-2.16986	 0.890389
-2.16652	 0.792366
-2.16319	 0.912405
-2.15986	 0.736692
-2.15652	 0.921264
-2.15319	 0.797461
-2.14986	 0.958576
-2.14652	 0.835455
-2.14319	 0.741112
-2.13986	 0.685355
-2.13652	 0.838839
-2.13319	 0.639706
-2.12986	 0.71004
-2.12652	 1.08347
-2.12319	 0.972792
-2.11986	 0.713178
-2.11653	 0.915186
-2.11319	 0.854686
-2.10986	 0.775775
-2.10653	 0.847912
-2.10319	 0.835963
-2.09986	 0.910728
-2.09653	 0.646292
-2.09319	 0.881912
-2.08986	 0.842273
-2.08653	 0.787743
-2.08319	 0.598584
-2.07986	 0.772579
-2.07653	 0.879496
-2.0732	 0.74109
-2.06986	 0.769763
-2.06653	 0.818743
-2.0632	 0.808253
-2.05986	 0.791416
-2.05653	 0.962224
-2.0532	 0.927014
-2.04986	 0.850593
-2.04653	 0.758942
-2.0432	 0.861741
-2.03986	 0.716303
-2.03653	 0.983918
-2.0332	 0.953625
-2.02986	 0.803975
-2.02653	 0.708798
-2.0232	 0.681364
-2.01987	 0.974408
-2.01653	 0.886664
-2.0132	 0.881944
-2.00987	 0.85349
-2.00653	 0.935381
-2.0032	 0.645681
-1.99987	 0.737623
-1.99653	 0.678038
-1.9932	 0.71573
-1.98987	 0.791888
-1.98653	 0.861668
-1.9832	 0.84235
-1.97987	 0.940201
-1.97653	 0.849938
-1.9732	 0.731984
-1.96987	 0.762211
-1.96654	 0.878097
-1.9632	 0.869327
-1.95987	 0.899183
-1.95654	 0.944982
-1.9532	 0.86205
-1.94987	 0.93895
-1.94654	 0.808433
-1.9432	 0.976572
-1.93987	 0.769523
-1.93654	 0.835877
-1.9332	 0.831045
-1.92987	 0.761975
-1.92654	 0.748476
-1.92321	 0.882013
-1.91987	 0.702442
-1.91654	 0.698986
-1.91321	 0.987744
-1.90987	 0.850526
-1.90654	 0.883978
-1.90321	 1.05785
-1.89987	 0.747142
-1.89654	 0.857182
-1.89321	 0.658454
-1.88987	 0.847074
-1.88654	 0.828501
-1.88321	 0.757987
-1.87987	 0.815908
-1.87654	 0.708048
-1.87321	 0.936243
-1.86988	 0.760767
-1.86654	 0.944686
-1.86321	 0.917695
-1.85988	 0.915146
-1.85654	 0.852726
-1.85321	 0.651395
-1.84988	 0.785025
-1.84654	 0.887319
-1.84321	 0.771236
-1.83988	 0.802733
-1.83654	 0.994222
-1.83321	 0.935722
-1.82988	 0.813768
-1.82654	 0.786827
-1.82321	 0.710525
-1.81988	 0.870706
-1.81655	 0.83884
-1.81321	 0.87813
-1.80988	 0.713896
-1.80655	 0.788836
-1.80321	 0.842785
-1.79988	 0.760136
-1.79655	 0.697284
-1.79321	 0.838772
-1.78988	 0.952904
-1.78655	 0.650321
-1.78321	 0.83037
-1.77988	 0.748374
-1.77655	 0.981128
-1.77322	 0.936129
-1.76988	 0.705062
-1.76655	 0.805618
-1.76322	 0.935585
-1.75988	 0.920939
-1.75655	 0.727434
-1.75322	 0.888165
-1.74988	 0.817813
-1.74655	 0.848661
-1.74322	 0.91082
-1.73988	 0.850853
-1.73655	 0.772697
-1.73322	 0.798377
-1.72988	 0.851425
-1.72655	 0.804439
-1.72322	 0.928707
-1.71989	 0.739858
-1.71655	 0.793928
-1.71322	 0.662916
-1.70989	 0.92861
-1.70655	 0.933036
-1.70322	 0.814581
-1.69989	 0.877686
-1.69655	 0.682279
-1.69322	 0.784837
-1.68989	 0.917112
-1.68655	 0.851889
-1.68322	 0.706899
-1.67989	 0.888961
-1.67655	 0.7943
-1.67322	 0.77044
-1.66989	 0.80108
-1.66656	 0.784237
-1.66322	 0.767044
-1.65989	 0.703392
-1.65656	 0.935619
-1.65322	 0.768096
-1.64989	 0.962439
-1.64656	 0.707587
-1.64322	 1.05486
-1.63989	 0.978069
-1.63656	 0.867309
-1.63322	 0.822927
-1.62989	 0.96593
-1.62656	 0.90911
-1.62323	 0.708805
-1.61989	 0.915984
-1.61656	 0.757777
-1.61323	 0.851462
-1.60989	 0.766825
-1.60656	 0.926208
-1.60323	 0.666013
-1.59989	 0.666804
-1.59656	 0.904651
-1.59323	 0.838916
-1.58989	 0.82031
-1.58656	 0.874674
-1.58323	 0.763842
-1.57989	 0.861309
-1.57656	 1.16825
-1.57323	 0.876948
-1.5699	 0.865385
-1.56656	 0.797679
-1.56323	 0.819939
-1.5599	 0.968878
-1.55656	 0.992401
-1.55323	 0.845591
-1.5499	 0.738595
-1.54656	 0.839607
-1.54323	 0.931321
-1.5399	 0.813552
-1.53656	 0.990925
-1.53323	 0.793313
-1.5299	 0.721616
-1.52656	 0.862067
-1.52323	 0.903221
-1.5199	 1.13907
-1.51657	 0.968082
-1.51323	 0.979932
-1.5099	 0.97806
-1.50657	 0.957802
-1.50323	 0.747006
-1.4999	 0.871507
-1.49657	 1.01623
-1.49323	 0.849216
-1.4899	 0.902192
-1.48657	 0.930689
-1.48323	 0.866308
-1.4799	 0.942431
-1.47657	 0.892113
-1.47324	 0.755231
-1.4699	 0.784377
-1.46657	 0.932261
-1.46324	 0.713377
-1.4599	 0.960844
-1.45657	 0.800609
-1.45324	 0.751495
-1.4499	 0.738302
-1.44657	 1.0031
-1.44324	 0.940831
-1.4399	 0.966031
-1.43657	 0.864339
-1.43324	 0.937988
-1.4299	 0.818136
-1.42657	 0.793344
-1.42324	 0.934539
-1.41991	 0.928846
-1.41657	 0.970947
-1.41324	 0.854692
-1.40991	 0.87493
-1.40657	 0.831376
-1.40324	 0.891507
-1.39991	 0.856554
-1.39657	 0.906211
-1.39324	 0.902317
-1.38991	 1.07675
-1.38657	 0.764543
-1.38324	 0.816713
-1.37991	 0.845583
-1.37657	 1.0773
-1.37324	 0.747037
-1.36991	 1.11574
-1.36658	 0.9801
-1.36324	 0.851947
-1.35991	 0.834118
-1.35658	 0.781326
-1.35324	 0.768574
-1.34991	 0.864931
-1.34658	 0.701122
-1.34324	 0.841139
-1.33991	 0.881751
-1.33658	 0.881065
-1.33324	 0.850388
-1.32991	 0.825848
-1.32658	 0.841014
-1.32325	 0.84863
-1.31991	 0.788409
-1.31658	 0.92841
-1.31325	 0.874618
-1.30991	 0.912923
-1.30658	 0.781465
-1.30325	 1.01359
-1.29991	 0.957431
-1.29658	 0.878302
-1.29325	 0.991084
-1.28991	 0.968015
-1.28658	 0.953228
-1.28325	 1.00642
-1.27991	 0.97666
-1.27658	 0.840893
-1.27325	 0.984545
-1.26992	 1.07572
-1.26658	 0.764886
-1.26325	 0.873485
-1.25992	 0.839783
-1.25658	 0.940109
-1.25325	 0.829081
-1.24992	 0.804306
-1.24658	 0.795354
-1.24325	 0.8059
-1.23992	 0.845562
-1.23658	 0.995056
-1.23325	 0.808554
-1.22992	 0.707793
-1.22658	 0.974642
-1.22325	 1.079
-1.21992	 0.95023
-1.21659	 1.01253
-1.21325	 0.985077
-1.20992	 0.926431
-1.20659	 0.803191
-1.20325	 0.875289
-1.19992	 0.951575
-1.19659	 0.994907
-1.19325	 0.9659
-1.18992	 0.897179
-1.18659	 0.828319
-1.18325	 0.90137
-1.17992	 0.8144
-1.17659	 0.955149
-1.17326	 0.967342
-1.16992	 0.772976
-1.16659	 1.08037
-1.16326	 1.00991
-1.15992	 0.880607
-1.15659	 0.789325
-1.15326	 0.781414
-1.14992	 0.735783
-1.14659	 0.803353
-1.14326	 1.01677
-1.13992	 0.785226
-1.13659	 0.968891
-1.13326	 0.921216
-1.12992	 0.863859
-1.12659	 0.794733
-1.12326	 0.789414
-1.11993	 0.813022
-1.11659	 0.939536
-1.11326	 0.940869
-1.10993	 1.07361
-1.10659	 0.791049
-1.10326	 0.758562
-1.09993	 1.05084
-1.09659	 0.91127
-1.09326	 0.923079
-1.08993	 0.939053
-1.08659	 0.943521
-1.08326	 1.07038
-1.07993	 0.939103
-1.07659	 0.734179
-1.07326	 0.771221
-1.06993	 0.914301
-1.0666	 1.124
-1.06326	 0.862192
-1.05993	 1.04112
-1.0566	 0.877908
-1.05326	 1.05876
-1.04993	 0.881759
-1.0466	 0.986848
-1.04326	 1.01899
-1.03993	 0.723176
-1.0366	 1.02692
-1.03326	 1.12103
-1.02993	 1.03564
-1.0266	 0.967364
-1.02327	 0.760866
-1.01993	 0.94449
-1.0166	 1.00016
-1.01327	 0.918333
-1.00993	 0.664164
-1.0066	 1.03355
-1.00327	 0.986144
-0.999933	 0.830257
-0.9966	 1.09
-0.993267	 0.911598
-0.989934	 0.930072
-0.986601	 0.854119
-0.983268	 0.891564
-0.979935	 1.01856
-0.976602	 0.940689
-0.973268	 0.955564
-0.969935	 0.908794
-0.966602	 0.892042
-0.963269	 1.02211
-0.959936	 0.701096
-0.956603	 0.77466
-0.95327	 1.11313
-0.949937	 0.980877
-0.946604	 0.921373
-0.94327	 0.897528
-0.939937	 1.0253
-0.936604	 1.07796
-0.933271	 0.88805
-0.929938	 1.12775
-0.926605	 0.914381
-0.923272	 0.897337
-0.919939	 0.838438
-0.916606	 0.827025
-0.913272	 0.805253
-0.909939	 0.704169
-0.906606	 1.19477
-0.903273	 0.886179
-0.89994	 0.926624
-0.896607	 0.880968
-0.893274	 0.786792
-0.889941	 0.837413
-0.886608	 0.948721
-0.883274	 0.891909
-0.879941	 0.691622
-0.876608	 0.887624
-0.873275	 0.904964
-0.869942	 0.891508
-0.866609	 0.910136
-0.863276	 0.874157
-0.859943	 0.810241
-0.85661	 1.11175
-0.853276	 1.05919
-0.849943	 0.954755
-0.84661	 1.09996
-0.843277	 0.79709
-0.839944	 0.998809
-0.836611	 0.855138
-0.833278	 0.809843
-0.829945	 1.30158
-0.826612	 0.734724
-0.823278	 0.878517
-0.819945	 0.994625
-0.816612	 1.05263
-0.813279	 1.03221
-0.809946	 0.978018
-0.806613	 0.940825
-0.80328	 0.878975
-0.799947	 1.0338
-0.796614	 0.980758
-0.79328	 0.860549
-0.789947	 0.837784
-0.786614	 0.889957
-0.783281	 1.12125
-0.779948	 1.02421
-0.776615	 0.978179
-0.773282	 0.933138
-0.769949	 0.750944
-0.766616	 1.06075
-0.763282	 1.12008
-0.759949	 0.779617
-0.756616	 0.911148
-0.753283	 0.921921
-0.74995	 0.798053
-0.746617	 0.938814
-0.743284	 0.933353
-0.739951	 0.83308
-0.736618	 0.684952
-0.733284	 0.965433
-0.729951	 1.01191
-0.726618	 1.01702
-0.723285	 0.929862
-0.719952	 0.874019
-0.716619	 1.16845
-0.713286	 0.858203
-0.709953	 0.987087
-0.70662	 1.11231
-0.703286	 0.859068
-0.699953	 0.912781
-0.69662	 0.814932
-0.693287	 0.917557
-0.689954	 0.981268
-0.686621	 0.936769
-0.683288	 1.07406
-0.679955	 0.955227
-0.676622	 0.889615
-0.673288	 0.870295
-0.669955	 0.759573
-0.666622	 0.899392
-0.663289	 0.742614
-0.659956	 0.93284
-0.656623	 0.732286
-0.65329	 0.854734
-0.649957	 0.687092
-0.646624	 0.877429
-0.64329	 0.8552
-0.639957	 0.753956
-0.636624	 0.997596
-0.633291	 0.954902
-0.629958	 0.80869
-0.626625	 0.902981
-0.623292	 1.11243
-0.619959	 0.90231
-0.616626	 0.832966
-0.613292	 0.941485
-0.609959	 1.08368
-0.606626	 0.944824
-0.603293	 0.860675
-0.59996	 1.06316
-0.596627	 0.8997
-0.593294	 0.886086
-0.589961	 0.977229
-0.586628	 0.825464
-0.583294	 0.8078
-0.579961	 0.958076
-0.576628	 1.03984
-0.573295	 0.96736
-0.569962	 0.92901
-0.566629	 1.03085
-0.563296	 0.879557
-0.559963	 1.03206
-0.55663	 1.03585
-0.553296	 0.905906
-0.549963	 1.01049
-0.54663	 0.896794
-0.543297	 1.04542
-0.539964	 0.770413
-0.536631	 0.933468
-0.533298	 0.916564
-0.529965	 1.01217
-0.526632	 0.99119
-0.523298	 0.731149
-0.519965	 0.977329
-0.516632	 0.974901
-0.513299	 0.907049
-0.509966	 0.887173
-0.506633	 0.961692
-0.5033	 1.05014
-0.499967	 0.666054
-0.496634	 1.1409
-0.4933	 0.875691
-0.489967	 0.872366
-0.486634	 0.762366
-0.483301	 1.00628
-0.479968	 0.762443
-0.476635	 0.642692
-0.473302	 0.999897
-0.469969	 1.03088
-0.466636	 0.831882
-0.463302	 0.945595
-0.459969	 1.10147
-0.456636	 1.05944
-0.453303	 0.922522
-0.44997	 0.99757
-0.446637	 0.952292
-0.443304	 0.814005
-0.439971	 1.0127
-0.436638	 0.934785
-0.433304	 0.845434
-0.429971	 0.815828
-0.426638	 0.854922
-0.423305	 0.925289
-0.419972	 0.989034
-0.416639	 0.877748
-0.413306	 0.977608
-0.409973	 0.740804
-0.40664	 0.882226
-0.403306	 1.01618
-0.399973	 1.00007
-0.39664	 0.983621
-0.393307	 0.878423
-0.389974	 0.949653
-0.386641	 0.880287
-0.383308	 1.05653
-0.379975	 1.05608
-0.376642	 0.948393
-0.373308	 0.789693
-0.369975	 0.846239
-0.366642	 0.847158
-0.363309	 0.833801
-0.359976	 0.938223
-0.356643	 0.952917
-0.35331	 1.01254
-0.349977	 0.830684
-0.346644	 0.72833
-0.34331	 0.955721
-0.339977	 0.915312
-0.336644	 0.825322
-0.333311	 0.908344
-0.329978	 1.01257
-0.326645	 0.798236
-0.323312	 0.815663
-0.319979	 0.822775
-0.316646	 1.08553
-0.313312	 1.07924
-0.309979	 0.882973
-0.306646	 1.01859
-0.303313	 0.880426
-0.29998	 0.867897
-0.296647	 0.899067
-0.293314	 0.886712
-0.289981	 0.910385
-0.286648	 0.946446
-0.283314	 0.93936
-0.279981	 0.785205
-0.276648	 0.845765
-0.273315	 1.20516
-0.269982	 1.00521
-0.266649	 0.972762
-0.263316	 0.871431
-0.259983	 0.935762
-0.25665	 0.988693
-0.253316	 0.945881
-0.249983	 1.03165
-0.24665	 1.0386
-0.243317	 0.965274
-0.239984	 0.984604
-0.236651	 1.02748
-0.233318	 0.825614
-0.229985	 0.84377
-0.226652	 0.851523
-0.223318	 0.92681
-0.219985	 0.692254
-0.216652	 0.932536
-0.213319	 0.997561
-0.209986	 1.17266
-0.206653	 0.893024
-0.20332	 0.722763
-0.199987	 0.934378
-0.196654	 0.998955
-0.19332	 1.01869
-0.189987	 1.1148
-0.186654	 0.986291
-0.183321	 0.746509
-0.179988	 0.880381
-0.176655	 0.970558
-0.173322	 0.995572
-0.169989	 0.905284
-0.166656	 1.01627
-0.163322	 1.09776
-0.159989	 1.07139
-0.156656	 1.12153
-0.153323	 0.948377
-0.14999	 0.90396
-0.146657	 0.907901
-0.143324	 0.812655
-0.139991	 0.805051
-0.136658	 0.980409
-0.133324	 0.98561
-0.129991	 0.976777
-0.126658	 0.854854
-0.123325	 0.774055
-0.119992	 0.961429
-0.116659	 1.01005
-0.113326	 0.791431
-0.109993	 1.21328
-0.10666	 0.975668
-0.103326	 0.83143
-0.0999933	 0.872773
-0.0966602	 0.891242
-0.0933271	 0.830768
-0.089994	 0.88537
-0.0866609	 0.996976
-0.0833278	 0.923558
-0.0799947	 1.09132
-0.0766616	 1.00485
-0.0733284	 0.958165
-0.0699953	 0.937902
-0.0666622	 1.00857
-0.0633291	 0.968983
-0.059996	 0.729478
-0.0566629	 0.934239
-0.0533298	 0.81765
-0.0499967	 1.01101
-0.0466636	 1.1716
-0.0433304	 0.764301
-0.0399973	 0.94752
-0.0366642	 0.791503
-0.0333311	 0.914859
-0.029998	 0.9593
-0.0266649	 0.912972
-0.0233318	 1.01698
-0.0199987	 0.844418
-0.0166656	 0.925325
-0.0133324	 0.978084
-0.00999933	 0.978216
-0.00666622	 1.1243
-0.00333311	 0.0689828
0	 1
0.00333311	 0.810642
0.00666622	 1.18847
0.00999933	 0.945852
0.0133324	 1.00491
0.0166656	 0.80183
0.0199987	 0.820158
0.0233318	 0.886786
0.0266649	 1.18412
0.029998	 1.02903
0.0333311	 0.860203
0.0366642	 1.05724
0.0399973	 1.154
0.0433304	 0.914759
0.0466636	 0.863603
0.0499967	 1.35415
0.0533298	 0.830569
0.0566629	 0.769516
0.059996	 0.94409
0.0633291	 0.930705
0.0666622	 0.950138
0.0699953	 1.13299
0.0733284	 0.859358
0.0766616	 0.819501
0.0799947	 0.888859
0.0833278	 1.17281
0.0866609	 0.963167
0.089994	 0.781875
0.0933271	 0.892543
0.0966602	 0.971153
0.0999933	 0.957892
0.103326	 0.896889
0.10666	 0.890531
0.109993	 0.958269
0.113326	 0.758135
0.116659	 0.90512
0.119992	 0.916091
0.123325	 1.1087
0.126658	 0.803298
0.129991	 0.665659
0.133324	 0.881745
0.136658	 0.994279
0.139991	 0.860648
0.143324	 0.96773
0.146657	 0.995986
0.14999	 0.973205
0.153323	 0.781047
0.156656	 1.04248
0.159989	 0.957586
0.163322	 0.925827
0.166656	 0.783991
0.169989	 1.01826
0.173322	 1.12498
0.176655	 1.13417
0.179988	 0.92862
0.183321	 0.900556
0.186654	 0.800279
0.189987	 0.762632
0.19332	 0.882513
0.196654	 0.996737
0.199987	 0.859159
0.20332	 0.904553
0.206653	 0.905951
0.209986	 0.993492
0.213319	 0.954349
0.216652	 0.725897
0.219985	 1.1311
0.223318	 0.960644
0.226652	 0.727944
0.229985	 0.823405
0.233318	 0.868084
0.236651	 1.03715
0.239984	 1.1826
0.243317	 0.923689
0.24665	 1.04042
0.249983	 0.846631
0.253316	 0.915186
0.25665	 0.829142
0.259983	 1.10037
0.263316	 0.973752
0.266649	 0.89886
0.269982	 0.990464
0.273315	 0.953449
0.276648	 0.848655
0.279981	 0.840734
0.283314	 0.971449
0.286648	 0.96352
0.289981	 0.961012
0.293314	 0.839147
0.296647	 0.714647
0.29998	 1.00775
0.303313	 0.857497
0.306646	 0.972105
0.309979	 0.923185
0.313312	 0.770848
0.316646	 1.1139
0.319979	 0.901721
0.323312	 1.09428
0.326645	 0.825276
0.329978	 0.978848
0.333311	 1.02389
0.336644	 0.932155
0.339977	 0.952037
0.34331	 0.981862
0.346644	 0.960223
0.349977	 0.779467
0.35331	 0.848402
0.356643	 0.833968
0.359976	 0.825903
0.363309	 0.916231
0.366642	 0.908211
0.369975	 0.865476
0.373308	 0.746358
0.376642	 0.966923
0.379975	 0.999009
0.383308	 0.912015
0.386641	 1.10574
0.389974	 0.833354
0.393307	 1.07378
0.39664	 0.840676
0.399973	 0.820192
0.403306	 0.938538
0.40664	 0.836258
0.409973	 1.19808
0.413306	 0.847927
0.416639	 0.8069
0.419972	 0.966303
0.423305	 0.83133
0.426638	 0.963591
0.429971	 1.05265
0.433304	 0.805249
0.436638	 0.90353
0.439971	 0.970925
0.443304	 0.823253
0.446637	 0.844037
0.44997	 0.872713
0.453303	 1.01455
0.456636	 0.912193
0.459969	 1.08648
0.463302	 0.67107
0.466636	 0.978139
0.469969	 0.810836
0.473302	 0.986521
0.476635	 0.897341
0.479968	 0.855798
0.483301	 1.0761
0.486634	 0.896772
0.489967	 0.815477
0.4933	 0.990948
0.496634	 0.896169
0.499967	 1.03083
0.5033	 0.935118
0.506633	 0.943466
0.509966	 0.907586
0.513299	 0.755138
0.516632	 0.841293
0.519965	 0.995364
0.523298	 0.866848
0.526632	 0.853012
0.529965	 0.861863
0.533298	 0.879073
0.536631	 0.942633
0.539964	 0.911779
0.543297	 0.978472
0.54663	 0.734507
0.549963	 0.747017
0.553296	 0.897254
0.55663	 0.799705
0.559963	 0.710854
0.563296	 1.02353
0.566629	 1.06983
0.569962	 0.90194
0.573295	 0.790852
0.576628	 0.854647
0.579961	 0.684548
0.583294	 0.93936
0.586628	 1.05025
0.589961	 1.00998
0.593294	 0.754444
0.596627	 1.09513
0.59996	 0.906256
0.603293	 0.895271
0.606626	 0.991307
0.609959	 0.944726
0.613292	 0.951028
0.616626	 0.822215
0.619959	 0.847143
0.623292	 0.857394
0.626625	 0.877801
0.629958	 1.09204
0.633291	 0.89502
0.636624	 1.01764
0.639957	 0.935535
0.64329	 1.00452
0.646624	 0.691312
0.649957	 0.852925
0.65329	 1.02337
0.656623	 0.984839
0.659956	 0.972431
0.663289	 0.91835
0.666622	 0.799587
0.669955	 1.08997
0.673288	 0.796409
0.676622	 0.779025
0.679955	 0.906384
0.683288	 0.876844
0.686621	 0.942021
0.689954	 0.722253
0.693287	 0.959363
0.69662	 0.799475
0.699953	 0.78871
0.703286	 0.888466
0.70662	 1.09607
0.709953	 1.15751
0.713286	 0.730011
0.716619	 0.892627
0.719952	 1.21468
0.723285	 0.90846
0.726618	 0.855951
0.729951	 0.804722
0.733284	 1.05816
0.736618	 1.027
0.739951	 0.928727
0.743284	 0.823141
0.746617	 0.848595
0.74995	 1.1096
0.753283	 0.639555
0.756616	 1.25529
0.759949	 0.867979
0.763282	 0.938038
0.766616	 0.803336
0.769949	 1.03824
0.773282	 0.884888
0.776615	 0.973396
0.779948	 1.06758
0.783281	 0.975371
0.786614	 0.865624
0.789947	 0.884633
0.79328	 0.916455
0.796614	 0.95139
0.799947	 0.940091
0.80328	 0.836077
0.806613	 0.754033
0.809946	 0.979155
0.813279	 1.01647
0.816612	 0.935335
0.819945	 0.932658
0.823278	 1.17496
0.826612	 1.05067
0.829945	 0.885959
0.833278	 0.676362
0.836611	 0.812255
0.839944	 0.785824
0.843277	 0.784858
0.84661	 1.01297
0.849943	 0.895906
0.853276	 0.878423
0.85661	 0.865575
0.859943	 0.742073
0.863276	 0.912288
0.866609	 0.836049
0.869942	 0.896266
0.873275	 0.632227
0.876608	 0.987549
0.879941	 0.857867
0.883274	 0.917007
0.886608	 0.814363
0.889941	 0.835873
0.893274	 0.822232
0.896607	 0.893941
0.89994	 0.942046
0.903273	 1.05449
0.906606	 0.93379
0.909939	 1.12483
0.913272	 0.813454
0.916606	 0.969815
0.919939	 0.87012
0.923272	 0.740362
0.926605	 0.731174
0.929938	 0.97569
0.933271	 1.11991
0.936604	 0.860813
0.939937	 0.937634
0.94327	 0.829758
0.946604	 0.93813
0.949937	 0.9412
0.95327	 0.853403
0.956603	 1.07192
0.959936	 0.878208
0.963269	 0.898086
0.966602	 1.01524
0.969935	 1.19108
0.973268	 0.960283
0.976602	 1.07532
0.979935	 0.898696
0.983268	 0.712492
0.986601	 0.839032
0.989934	 0.803523
0.993267	 0.845062
0.9966	 0.841179
0.999933	 0.969937
1.00327	 0.741365
1.0066	 0.953784
1.00993	 1.15781
1.01327	 0.953473
1.0166	 0.772892
1.01993	 0.843255
1.02327	 0.842838
1.0266	 1.14504
1.02993	 0.792982
1.03326	 0.863226
1.0366	 0.952316
1.03993	 0.928146
1.04326	 0.930144
1.0466	 0.897596
1.04993	 0.85822
1.05326	 0.864716
1.0566	 0.937214
1.05993	 0.866393
1.06326	 0.986936
1.0666	 1.09523
1.06993	 0.96981
1.07326	 0.841786
1.07659	 0.887085
1.07993	 0.886347
1.08326	 0.776224
1.08659	 0.997404
1.08993	 0.892445
1.09326	 0.847621
1.09659	 0.92673
1.09993	 0.973733
1.10326	 0.702934
1.10659	 0.902346
1.10993	 0.982624
1.11326	 0.777615
1.11659	 1.04101
1.11993	 0.899221
1.12326	 0.865636
1.12659	 0.827998
1.12992	 0.926571
1.13326	 1.09179
1.13659	 0.897482
1.13992	 0.999686
1.14326	 0.806531
1.14659	 0.743504
1.14992	 0.897339
1.15326	 0.862901
1.15659	 0.871573
1.15992	 0.792527
1.16326	 0.916202
1.16659	 1.00914
1.16992	 0.892526
1.17326	 1.06073
1.17659	 0.951133
1.17992	 0.704737
1.18325	 0.847283
1.18659	 0.841153
1.18992	 0.873354
1.19325	 0.840414
1.19659	 0.897622
1.19992	 0.834729
1.20325	 0.873838
1.20659	 0.811103
1.20992	 0.923869
1.21325	 0.84992
1.21659	 0.762716
1.21992	 0.778861
1.22325	 0.939606
1.22658	 0.938664
1.22992	 1.03533
1.23325	 0.812631
1.23658	 1.06967
1.23992	 0.721342
1.24325	 0.931835
1.24658	 1.04483
1.24992	 0.802116
1.25325	 0.777133
1.25658	 0.842868
1.25992	 0.717779
1.26325	 0.787492
1.26658	 1.10098
1.26992	 0.865665
1.27325	 0.959797
1.27658	 0.86459
1.27991	 0.913393
1.28325	 0.959615
1.28658	 0.926274
1.28991	 0.863575
1.29325	 0.990205
1.29658	 0.707324
1.29991	 1.09545
1.30325	 0.740903
1.30658	 0.894209
1.30991	 0.755759
1.31325	 0.815652
1.31658	 0.833422
1.31991	 0.919723
1.32325	 0.96371
1.32658	 1.02152
1.32991	 0.912261
1.33324	 0.887338
1.33658	 0.889534
1.33991	 0.868502
1.34324	 0.805885
1.34658	 0.62181
1.34991	 0.88772
1.35324	 0.90203
1.35658	 0.74754
1.35991	 0.682112
1.36324	 1.00376
1.36658	 1.02389
1.36991	 0.998334
1.37324	 0.840387
1.37657	 0.996669
1.37991	 0.716842
1.38324	 0.702671
1.38657	 0.905806
1.38991	 0.780332
1.39324	 0.754033
1.39657	 0.906787
1.39991	 0.854529
1.40324	 0.961725
1.40657	 0.96741
1.40991	 0.908454
1.41324	 0.790011
1.41657	 0.840622
1.41991	 0.892792
1.42324	 0.807895
1.42657	 0.924642
1.4299	 0.723143
1.43324	 0.773143
1.43657	 0.991769
1.4399	 0.737123
1.44324	 0.819115
1.44657	 1.03918
1.4499	 0.878005
1.45324	 0.80546
1.45657	 0.812091
1.4599	 0.807386
1.46324	 0.811725
1.46657	 0.855343
1.4699	 0.801186
1.47324	 0.90872
1.47657	 0.88729
1.4799	 0.78858
1.48323	 0.797607
1.48657	 0.875725
1.4899	 1.13004
1.49323	 0.836712
1.49657	 0.807323
1.4999	 0.705036
1.50323	 1.01816
1.50657	 0.700121
1.5099	 0.745517
1.51323	 0.844944
1.51657	 0.960226
1.5199	 0.914372
1.52323	 0.942259
1.52656	 0.832954
1.5299	 1.00225
1.53323	 0.688294
1.53656	 0.808092
1.5399	 0.77474
1.54323	 0.723326
1.54656	 0.84902
1.5499	 0.683
1.55323	 0.748807
1.55656	 0.749928
1.5599	 1.01496
1.56323	 0.786018
1.56656	 0.735401
1.5699	 0.879043
1.57323	 0.936802
1.57656	 1.0767
1.57989	 0.877979
1.58323	 0.900711
1.58656	 0.857337
1.58989	 0.793739
1.59323	 0.986011
1.59656	 0.978605
1.59989	 0.886319
1.60323	 0.743489
1.60656	 0.902195
1.60989	 0.911512
1.61323	 0.876964
1.61656	 0.880067
1.61989	 0.998844
1.62323	 0.707104
1.62656	 0.747664
1.62989	 0.775484
1.63322	 0.839928
1.63656	 1.0563
1.63989	 0.680845
1.64322	 0.894337
1.64656	 0.877603
1.64989	 0.957116
1.65322	 0.676979
1.65656	 0.897527
1.65989	 0.629685
1.66322	 0.888795
1.66656	 0.74382
1.66989	 0.977631
1.67322	 0.784349
1.67655	 0.893056
1.67989	 0.835515
1.68322	 0.833693
1.68655	 0.903278
1.68989	 0.825964
1.69322	 0.889575
1.69655	 0.853347
1.69989	 0.699411
1.70322	 0.965092
1.70655	 0.873367
1.70989	 0.865143
1.71322	 0.782838
1.71655	 0.801573
1.71989	 0.817467
1.72322	 0.81837
1.72655	 0.717947
1.72988	 0.959079
1.73322	 0.979385
1.73655	 0.982591
1.73988	 0.966496
1.74322	 0.883341
1.74655	 0.932969
1.74988	 0.80496
1.75322	 0.859031
1.75655	 1.04945
1.75988	 0.811475
1.76322	 0.706133
1.76655	 0.80321
1.76988	 0.894345
1.77322	 0.737118
1.77655	 0.762362
1.77988	 0.799959
1.78321	 0.824782
1.78655	 0.858357
1.78988	 0.855229
1.79321	 0.747106
1.79655	 0.810949
1.79988	 0.91325
1.80321	 0.65518
1.80655	 0.886071
1.80988	 0.750907
1.81321	 0.889578
1.81655	 0.753272
1.81988	 0.633287
1.82321	 0.863709
1.82654	 0.695188
1.82988	 0.753321
1.83321	 0.859704
1.83654	 0.736387
1.83988	 0.814724
1.84321	 0.968227
1.84654	 0.8888
1.84988	 0.754984
1.85321	 0.800433
1.85654	 0.744789
1.85988	 0.756893
1.86321	 0.876497
1.86654	 0.953331
1.86988	 0.756627
1.87321	 0.790454
1.87654	 0.789513
1.87987	 0.688965
1.88321	 0.841251
1.88654	 0.841565
1.88987	 0.881128
1.89321	 0.792952
1.89654	 0.875689
1.89987	 0.903346
1.90321	 0.852425
1.90654	 0.85896
1.90987	 0.658983
1.91321	 0.875547
1.91654	 0.763914
1.91987	 0.747034
1.92321	 0.890078
1.92654	 0.941192
1.92987	 0.792152
1.9332	 0.841669
1.93654	 0.757593
1.93987	 0.801323
1.9432	 0.840315
1.94654	 0.846341
1.94987	 0.833011
1.9532	 0.952046
1.95654	 0.787194
1.95987	 0.858252
1.9632	 0.820206
1.96654	 0.744669
1.96987	 1.08119
1.9732	 0.765655
1.97653	 0.595541
1.97987	 0.74578
1.9832	 0.74523
1.98653	 0.819062
1.98987	 0.885906
1.9932	 0.859364
1.99653	 0.877715
1.99987	 0.723714
2.0032	 1.01963
2.00653	 0.887911
2.00987	 0.838817
2.0132	 0.911061
2.01653	 0.791712
2.01987	 0.754866
2.0232	 0.662398
2.02653	 0.81942
2.02986	 0.907085
2.0332	 0.849177
2.03653	 0.994031
2.03986	 0.770973
2.0432	 0.870579
2.04653	 0.884463
2.04986	 0.909876
2.0532	 0.745916
2.05653	 0.847271
2.05986	 0.864912
2.0632	 0.990397
2.06653	 0.82963
2.06986	 0.719105
2.0732	 0.835418
2.07653	 0.823505
2.07986	 1.06118
2.08319	 0.628559
2.08653	 0.839956
2.08986	 0.868271
2.09319	 0.821636
2.09653	 0.993733
2.09986	 0.811246
2.10319	 0.659776
2.10653	 0.859155
2.10986	 0.917916
2.11319	 0.658712
2.11653	 0.782162
2.11986	 0.812881
2.12319	 0.616183
2.12652	 0.804498
2.12986	 0.893924
2.13319	 0.946968
2.13652	 0.885643
2.13986	 0.792188
2.14319	 0.802639
2.14652	 0.660018
2.14986	 0.766276
2.15319	 0.948987
2.15652	 0.833311
2.15986	 0.773419
2.16319	 0.857788
2.16652	 0.922072
2.16986	 0.758778
2.17319	 0.846583
2.17652	 0.912171
2.17985	 0.878133
2.18319	 0.897878
2.18652	 0.7885
2.18985	 0.819353
2.19319	 0.843177
2.19652	 0.714816
2.19985	 0.783893
2.20319	 0.800984
2.20652	 0.839723
2.20985	 0.720742
2.21319	 0.803756
2.21652	 0.684887
2.21985	 0.806587
2.22319	 0.819726
2.22652	 0.764802
2.22985	 0.782447
2.23318	 0.763869
2.23652	 0.882231
2.23985	 0.756189
2.24318	 0.767054
2.24652	 0.906565
2.24985	 0.822443
2.25318	 0.861611
2.25652	 0.611427
2.25985	 0.82487
2.26318	 0.79407
2.26652	 0.71571
2.26985	 0.880382
2.27318	 0.710309
2.27651	 0.804874
2.27985	 0.658477
2.28318	 0.627518
2.28651	 0.768122
2.28985	 0.745179
2.29318	 0.632337
2.29651	 0.801379
2.29985	 0.857694
2.30318	 0.808976
2.30651	 0.840778
2.30985	 0.652909
2.31318	 0.776848
2.31651	 0.767453
2.31985	 0.749981
2.32318	 0.836633
2.32651	 0.845283
2.32984	 0.804906
2.33318	 0.732308
2.33651	 0.928975
2.33984	 0.72686
2.34318	 0.929556
2.34651	 0.74486
2.34984	 0.760375
2.35318	 0.916082
2.35651	 0.669855
2.35984	 0.710003
2.36318	 0.781247
2.36651	 0.825181
2.36984	 0.931531
2.37318	 0.809609
2.37651	 0.832174
2.37984	 0.873693
2.38317	 0.71983
2.38651	 0.688596
2.38984	 0.832918
2.39317	 0.845415
2.39651	 0.840084
2.39984	 0.676509
2.40317	 0.811544
2.40651	 0.86334
2.40984	 0.909421
2.41317	 0.825425
2.41651	 0.942746
2.41984	 0.82189
2.42317	 0.898917
2.4265	 0.751627
2.42984	 0.856257
2.43317	 0.787068
2.4365	 0.861176
2.43984	 0.835091
2.44317	 0.873378
2.4465	 0.884502
2.44984	 0.940303
2.45317	 0.68016
2.4565	 0.689881
2.45984	 0.764331
2.46317	 0.690642
2.4665	 0.654154
2.46984	 0.810339
2.47317	 0.689201
2.4765	 0.63368
2.47983	 0.791282
2.48317	 0.746743
2.4865	 0.602779
2.48983	 0.693534
2.49317	 0.937747
2.4965	 0.865437
2.49983	 0.815078
2.50317	 0.823425
2.5065	 0.775365
2.50983	 0.760492
2.51317	 0.717989
2.5165	 0.698028
2.51983	 0.661841
2.52317	 0.865466
2.5265	 0.844775
2.52983	 0.790769
2.53316	 0.827909
2.5365	 0.746049
2.53983	 0.789983
2.54316	 0.857701
2.5465	 0.747257
2.54983	 0.784976
2.55316	 0.718174
2.5565	 0.90302
2.55983	 0.761495
2.56316	 0.744072
2.5665	 1.0346
2.56983	 0.825719
2.57316	 0.817237
2.57649	 0.952749
2.57983	 0.762104
2.58316	 0.764411
2.58649	 0.879863
2.58983	 0.806568
2.59316	 0.841652
2.59649	 0.84397
2.59983	 0.777725
2.60316	 0.757529
2.60649	 0.726721
2.60983	 0.884226
2.61316	 0.800929
2.61649	 0.88467
2.61983	 0.755828
2.62316	 0.718626
2.62649	 0.78412
2.62982	 0.778992
2.63316	 0.674387
2.63649	 0.78827
2.63982	 0.754077
2.64316	 0.767301
2.64649	 0.764593
2.64982	 0.707948
2.65316	 0.718778
2.65649	 0.797274
2.65982	 0.858237
2.66316	 0.782756
2.66649	 0.889898
2.66982	 0.800037
2.67316	 0.700472
2.67649	 0.804773
2.67982	 0.731449
2.68315	 0.796223
2.68649	 0.623389
2.68982	 0.654946
2.69315	 0.769159
2.69649	 0.791091
2.69982	 0.748311
2.70315	 0.701026
2.70649	 0.764689
2.70982	 0.784471
2.71315	 0.905573
2.71649	 0.73369
2.71982	 0.706832
2.72315	 0.90657
2.72648	 0.794712
2.72982	 0.895506
2.73315	 0.936617
2.73648	 0.666076
2.73982	 0.757532
2.74315	 0.631746
2.74648	 0.756877
2.74982	 0.603958
2.75315	 0.764244
2.75648	 0.778223
2.75982	 0.764254
2.76315	 0.784422
2.76648	 0.805911
2.76982	 0.726354
2.77315	 0.740601
2.77648	 0.636879
2.77981	 0.766876
2.78315	 0.931548
2.78648	 0.783666
2.78981	 0.826424
2.79315	 0.712753
2.79648	 0.851571
2.79981	 0.722469
2.80315	 0.771835
2.80648	 0.882961
2.80981	 0.710212
2.81315	 0.685491
2.81648	 0.912622
2.81981	 0.627558
2.82315	 0.948577
2.82648	 0.70574
2.82981	 0.711323
2.83314	 0.709562
2.83648	 0.675527
2.83981	 0.826846
2.84314	 0.586813
2.84648	 0.734069
2.84981	 0.63964
2.85314	 0.815148
2.85648	 0.75885
2.85981	 0.866528
2.86314	 0.598469
2.86648	 0.793163
2.86981	 0.795637
2.87314	 0.788368
2.87647	 0.708136
2.87981	 0.786071
2.88314	 0.855301
2.88647	 0.65221
2.88981	 0.836132
2.89314	 0.665357
2.89647	 0.728939
2.89981	 0.677372
2.90314	 0.729818
2.90647	 0.586104
2.90981	 0.726961
2.91314	 0.693752
2.91647	 0.654096
2.91981	 0.784731
2.92314	 0.701247
2.92647	 0.746101
2.9298	 0.859183
2.93314	 0.626291
2.93647	 0.645866
2.9398	 0.754185
2.94314	 0.686681
2.94647	 0.895237
2.9498	 0.807169
2.95314	 0.788954
2.95647	 0.640238
2.9598	 0.659258
2.96314	 0.697699
2.96647	 0.802188
2.9698	 0.72535
2.97314	 0.900292
2.97647	 0.641515
2.9798	 0.597294
2.98313	 0.719513
2.98647	 0.849659
2.9898	 0.700309
2.99313	 0.734543
2.99647	 0.658937
2.9998	 0.718948
3.00313	 0.611048
3.00647	 0.667044
3.0098	 0.757736
3.01313	 0.705092
3.01647	 0.671674
3.0198	 0.710336
3.02313	 0.695228
3.02646	 0.70863
3.0298	 0.62479
3.03313	 0.683861
3.03646	 0.736425
3.0398	 0.609742
3.04313	 0.7658
3.04646	 0.707291
3.0498	 0.780966
3.05313	 0.732381
3.05646	 0.681391
3.0598	 0.795681
3.06313	 0.70504
3.06646	 0.894353
3.0698	 0.722979
3.07313	 0.812196
3.07646	 0.689486
3.07979	 0.715345
3.08313	 0.780875
3.08646	 0.741225
3.08979	 0.607212
3.09313	 0.704831
3.09646	 0.66931
3.09979	 0.766645
3.10313	 0.710183
3.10646	 0.636721
3.10979	 0.736394
3.11313	 0.666298
3.11646	 0.706243
3.11979	 0.648238
3.12313	 0.650525
3.12646	 0.71032
3.12979	 0.588294
3.13312	 0.643086
3.13646	 0.775276
3.13979	 0.579842
3.14312	 0.679812
3.14646	 0.580063
3.14979	 0.737053
3.15312	 0.749089
3.15646	 0.759366
3.15979	 0.700771
3.16312	 0.761664
3.16646	 0.863892
3.16979	 0.692231
3.17312	 0.743734
3.17645	 0.56065
3.17979	 0.691041
3.18312	 0.691601
3.18645	 0.809183
3.18979	 0.685435
3.19312	 0.677613
3.19645	 0.744569
3.19979	 0.701105
3.20312	 0.652524
3.20645	 0.676226
3.20979	 0.593371
3.21312	 0.800965
3.21645	 0.65387
3.21979	 0.593209
3.22312	 0.471438
3.22645	 0.846026
3.22978	 0.729945
3.23312	 0.745338
3.23645	 0.841849
3.23978	 0.677918
3.24312	 0.728507
3.24645	 0.621584
3.24978	 0.737477
3.25312	 0.720434
3.25645	 0.562985
3.25978	 0.680729
3.26312	 0.695024
3.26645	 0.628893
3.26978	 0.631139
3.27312	 0.712477
3.27645	 0.775617
3.27978	 0.588583
3.28311	 0.745127
3.28645	 0.660368
3.28978	 0.643019
3.29311	 0.689673
3.29645	 0.75213
3.29978	 0.6672
3.30311	 0.733055
3.30645	 0.65445
3.30978	 0.706265
3.31311	 0.699979
3.31645	 0.781204
3.31978	 0.62619
3.32311	 0.597825
3.32644	 0.548775
3.32978	 0.697393
3.33311	 0.634276
3.33644	 0.860126
3.33978	 0.71375
3.34311	 0.684674
3.34644	 0.747239
3.34978	 0.726672
3.35311	 0.774659
3.35644	 0.586766
3.35978	 0.534178
3.36311	 0.755423
3.36644	 0.650438
3.36978	 0.677069
3.37311	 0.676582
3.37644	 0.527489
3.37977	 0.688827
3.38311	 0.735287
3.38644	 0.624913
3.38977	 0.730592
3.39311	 0.59791
3.39644	 0.831255
3.39977	 0.817727
3.40311	 0.626173
3.40644	 0.572845
3.40977	 0.728903
3.41311	 0.544807
3.41644	 0.628773
3.41977	 0.723523
3.42311	 0.682778
3.42644	 0.624274
3.42977	 0.836418
3.4331	 0.717938
3.43644	 0.727394
3.43977	 0.553318
3.4431	 0.745766
3.44644	 0.606913
3.44977	 0.731734
3.4531	 0.726094
3.45644	 0.736
3.45977	 0.55385
3.4631	 0.625406
3.46644	 0.653137
3.46977	 0.806887
3.4731	 0.56177
3.47643	 0.593937
3.47977	 0.721955
3.4831	 0.75833
3.48643	 0.638091
3.48977	 0.709294
3.4931	 0.620071
3.49643	 0.60159
3.49977	 0.830659
3.5031	 0.707697
3.50643	 0.671274
3.50977	 0.725904
3.5131	 0.706106
3.51643	 0.647506
3.51977	 0.581647
3.5231	 0.771659
3.52643	 0.726834
3.52976	 0.756498
3.5331	 0.824896
3.53643	 0.620119
3.53976	 0.729129
3.5431	 0.660512
3.54643	 0.569645
3.54976	 0.596913
3.5531	 0.627528
3.55643	 0.609053
3.55976	 0.591414
3.5631	 0.51466
3.56643	 0.63261
3.56976	 0.660642
3.5731	 0.595669
3.57643	 0.679393
3.57976	 0.601898
3.58309	 0.651272
3.58643	 0.578208
3.58976	 0.773532
3.59309	 0.505409
3.59643	 0.601052
3.59976	 0.790545
3.60309	 0.573941
3.60643	 0.618687
3.60976	 0.651974
3.61309	 0.812387
3.61643	 0.881798
3.61976	 0.417839
3.62309	 0.716473
3.62642	 0.745434
3.62976	 0.539915
3.63309	 0.63515
3.63642	 0.801388
3.63976	 0.652391
3.64309	 0.591831
3.64642	 0.669799
3.64976	 0.549416
3.65309	 0.671105
3.65642	 0.698905
3.65976	 0.667337
3.66309	 0.584459
3.66642	 0.629624
3.66976	 0.583939
3.67309	 0.761271
3.67642	 0.62116
3.67975	 0.609247
3.68309	 0.8214
3.68642	 0.644161
3.68975	 0.705991
3.69309	 0.668043
3.69642	 0.662686
3.69975	 0.738558
3.70309	 0.734286
3.70642	 0.720294
3.70975	 0.585462
3.71309	 0.587366
3.71642	 0.625491
3.71975	 0.618561
3.72309	 0.58048
3.72642	 0.710505
3.72975	 0.59174
3.73308	 0.774235
3.73642	 0.646112
3.73975	 0.696302
3.74308	 0.679359
3.74642	 0.699311
3.74975	 0.530235
3.75308	 0.676217
3.75642	 0.689765
3.75975	 0.489852
3.76308	 0.594641
3.76642	 0.687029
3.76975	 0.626937
3.77308	 0.603738
3.77641	 0.672494
3.77975	 0.607276
3.78308	 0.597423
3.78641	 0.519463
3.78975	 0.789911
3.79308	 0.741384
3.79641	 0.509052
3.79975	 0.642342
3.80308	 0.682875
3.80641	 0.667834
3.80975	 0.630069
3.81308	 0.530706
3.81641	 0.531379
3.81975	 0.605228
3.82308	 0.612183
3.82641	 0.500778
3.82974	 0.72026
3.83308	 0.600301
3.83641	 0.57282
3.83974	 0.629399
3.84308	 0.660106
3.84641	 0.56939
3.84974	 0.697384
3.85308	 0.728967
3.85641	 0.67821
3.85974	 0.736683
3.86308	 0.592678
3.86641	 0.663795
3.86974	 0.576211
3.87308	 0.682696
3.87641	 0.58634
3.87974	 0.664336
3.88307	 0.620575
3.88641	 0.656261
3.88974	 0.587941
3.89307	 0.48612
3.89641	 0.694444
3.89974	 0.635027
3.90307	 0.797631
3.90641	 0.595818
3.90974	 0.572393
3.91307	 0.574602
3.91641	 0.68018
3.91974	 0.654555
3.92307	 0.710232
3.9264	 0.628171
3.92974	 0.719025
3.93307	 0.599636
3.9364	 0.68742
3.93974	 0.711168
3.94307	 0.552547
3.9464	 0.748186
3.94974	 0.58101
3.95307	 0.63916
3.9564	 0.706852
3.95974	 0.619259
3.96307	 0.576332
3.9664	 0.664736
3.96974	 0.642879
3.97307	 0.640114
3.9764	 0.528127
3.97973	 0.617784
3.98307	 0.738318
3.9864	 0.682989
3.98973	 0.479814
3.99307	 0.643271
3.9964	 0.587162
3.99973	 0.613343
4.00307	 0.606665
4.0064	 0.643653
4.00973	 0.616965
4.01307	 0.613754
4.0164	 0.606283
4.01973	 0.630217
4.02307	 0.80947
4.0264	 0.561271
4.02973	 0.767583
4.03306	 0.609934
4.0364	 0.679845
4.03973	 0.661903
4.04306	 0.788195
4.0464	 0.75345
4.04973	 0.750744
4.05306	 0.635016
4.0564	 0.602664
4.05973	 0.667684
4.06306	 0.593625
4.0664	 0.561277
4.06973	 0.752062
4.07306	 0.56464
4.07639	 0.540203
4.07973	 0.489145
4.08306	 0.571199
4.08639	 0.549263
4.08973	 0.57674
4.09306	 0.594736
4.09639	 0.654719
4.09973	 0.771543
4.10306	 0.54216
4.10639	 0.55889
4.10973	 0.579537
4.11306	 0.660127
4.11639	 0.561914
4.11973	 0.628385
4.12306	 0.723991
4.12639	 0.576753
4.12972	 0.721576
4.13306	 0.427238
4.13639	 0.565045
4.13972	 0.569056
4.14306	 0.644089
4.14639	 0.596389
4.14972	 0.614726
4.15306	 0.700749
4.15639	 0.539796
4.15972	 0.521555
4.16306	 0.617004
4.16639	 0.544246
4.16972	 0.675528
4.17306	 0.667503
4.17639	 0.513553
4.17972	 0.674968
4.18305	 0.600026
4.18639	 0.496347
4.18972	 0.625853
4.19305	 0.601058
4.19639	 0.692109
4.19972	 0.631511
4.20305	 0.546065
4.20639	 0.654466
4.20972	 0.564644
4.21305	 0.566384
4.21639	 0.549324
4.21972	 0.660769
4.22305	 0.599799
4.22638	 0.591592
4.22972	 0.583689
4.23305	 0.548897
4.23638	 0.654639
4.23972	 0.504203
4.24305	 0.66696
4.24638	 0.625438
4.24972	 0.708801
4.25305	 0.600051
4.25638	 0.537487
4.25972	 0.532296
4.26305	 0.659269
4.26638	 0.659688
4.26972	 0.603324
4.27305	 0.571965
4.27638	 0.715059
4.27971	 0.724428
4.28305	 0.578887
4.28638	 0.706215
4.28971	 0.586419
4.29305	 0.62662
4.29638	 0.596931
4.29971	 0.565691
4.30305	 0.606433
4.30638	 0.58353
4.30971	 0.769403
4.31305	 0.665716
4.31638	 0.663918
4.31971	 0.706272
4.32305	 0.614724
4.32638	 0.586584
4.32971	 0.593697
4.33304	 0.612828
4.33638	 0.548972
4.33971	 0.657713
4.34304	 0.60055
4.34638	 0.626312
4.34971	 0.588643
4.35304	 0.60517
4.35638	 0.671617
4.35971	 0.655428
4.36304	 0.687676
4.36638	 0.609116
4.36971	 0.575468
4.37304	 0.566352
4.37637	 0.622243
4.37971	 0.571511
4.38304	 0.608716
4.38637	 0.59866
4.38971	 0.759139
4.39304	 0.534056
4.39637	 0.741106
4.39971	 0.592588
4.40304	 0.478467
4.40637	 0.654145
4.40971	 0.667274
4.41304	 0.730379
4.41637	 0.578735
4.41971	 0.460145
4.42304	 0.638509
4.42637	 0.652131
4.4297	 0.572985
4.43304	 0.807106
4.43637	 0.704267
4.4397	 0.51802
4.44304	 0.577185
4.44637	 0.621999
4.4497	 0.563289
4.45304	 0.675159
4.45637	 0.53291
4.4597	 0.452291
4.46304	 0.585881
4.46637	 0.683008
4.4697	 0.509063
4.47304	 0.598966
4.47637	 0.764643
4.4797	 0.608385
4.48303	 0.659965
4.48637	 0.570582
4.4897	 0.590591
4.49303	 0.483785
4.49637	 0.656881
4.4997	 0.509546
4.50303	 0.642883
4.50637	 0.573853
4.5097	 0.593461
4.51303	 0.563784
4.51637	 0.711121
4.5197	 0.539828
4.52303	 0.574818
4.52636	 0.604795
4.5297	 0.644889
4.53303	 0.531259
4.53636	 0.513104
4.5397	 0.733061
4.54303	 0.593427
4.54636	 0.533504
4.5497	 0.63489
4.55303	 0.554797
4.55636	 0.697491
4.5597	 0.606795
4.56303	 0.609178
4.56636	 0.602399
4.5697	 0.599596
4.57303	 0.563893
4.57636	 0.588238
4.57969	 0.527652
4.58303	 0.565462
4.58636	 0.524244
4.58969	 0.50345
4.59303	 0.483998
4.59636	 0.485701
4.59969	 0.655648
4.60303	 0.477304
4.60636	 0.519374
4.60969	 0.640006
4.61303	 0.621665
4.61636	 0.660537
4.61969	 0.533526
4.62303	 0.603513
4.62636	 0.55054
4.62969	 0.604672
4.63302	 0.553776
4.63636	 0.62574
4.63969	 0.706493
4.64302	 0.534049
4.64636	 0.716009
4.64969	 0.634211
4.65302	 0.515292
4.65636	 0.50517
4.65969	 0.559553
4.66302	 0.490752
4.66636	 0.486943
4.66969	 0.484523
4.67302	 0.632066
4.67635	 0.766746
4.67969	 0.487605
4.68302	 0.454352
4.68635	 0.515429
4.68969	 0.540275
4.69302	 0.602834
4.69635	 0.642867
4.69969	 0.671213
4.70302	 0.551825
4.70635	 0.448675
4.70969	 0.519877
4.71302	 0.66125
4.71635	 0.52105
4.71969	 0.516871
4.72302	 0.619724
4.72635	 0.492216
4.72968	 0.646028
4.73302	 0.589989
4.73635	 0.492911
4.73968	 0.589658
4.74302	 0.55094
4.74635	 0.588828
4.74968	 0.569656
4.75302	 0.585109
4.75635	 0.465988
4.75968	 0.595824
4.76302	 0.576198
4.76635	 0.608276
4.76968	 0.626278
4.77302	 0.621901
4.77635	 0.650498
4.77968	 0.532707
4.78301	 0.55294
4.78635	 0.588032
4.78968	 0.540548
4.79301	 0.686482
4.79635	 0.465933
4.79968	 0.501987
4.80301	 0.597503
4.80635	 0.555775
4.80968	 0.691451
4.81301	 0.573061
4.81635	 0.42981
4.81968	 0.65222
4.82301	 0.516949
4.82634	 0.58231
4.82968	 0.47976
4.83301	 0.457914
4.83634	 0.538994
4.83968	 0.61411
4.84301	 0.551336
4.84634	 0.560391
4.84968	 0.526572
4.85301	 0.606362
4.85634	 0.600832
4.85968	 0.426465
4.86301	 0.41084
4.86634	 0.596858
4.86968	 0.496817
4.87301	 0.643779
4.87634	 0.555909
4.87967	 0.522309
4.88301	 0.568781
4.88634	 0.601129
4.88967	 0.642035
4.89301	 0.581775
4.89634	 0.567106
4.89967	 0.501418
4.90301	 0.570927
4.90634	 0.598024
4.90967	 0.555555
4.91301	 0.51516
4.91634	 0.498451
4.91967	 0.592084
4.92301	 0.573107
4.92634	 0.459111
4.92967	 0.645327
4.933	 0.640173
4.93634	 0.539067
4.93967	 0.549813
4.943	 0.482356
4.94634	 0.559217
4.94967	 0.652378
4.953	 0.652445
4.95634	 0.501424
4.95967	 0.566552
4.963	 0.55782
4.96634	 0.527552
4.96967	 0.476624
4.973	 0.482008
4.97633	 0.64086
4.97967	 0.55682
4.983	 0.445494
4.98633	 0.615526
4.98967	 0.541591
4.993	 0.60507
4.99633	 0.549176
