#Time [1ns] 	 Re(Es) 	 Im(Es) 	 |Es|^2 	 rho 	 w
0	-1168.08177	-863.938277	4940.97654	61489.9809	0.556901702	5.67707179e+13
1e-11	-2478.77607	-271.112596	4154.74809	62398.2594	0.556580155	5.70085589e+13
2e-11	-2466.77371	-13.2986649	4710.86535	62081.8937	0.556374111	5.72230581e+13
3e-11	-1752.59296	362.475406	3525.70478	61197.6889	0.556624248	5.74173457e+13
4e-11	-3935.91647	300.116476	4908.47556	60332.9488	0.557113177	5.75949043e+13
5e-11	-3307.8425	344.069418	6849.81955	59792.386	0.557557237	5.77578195e+13
6e-11	-2104.15667	-636.770481	7473.87248	61320.9222	0.557938645	5.79073128e+13
7e-11	-3118.49604	462.300794	7793.01487	59108.993	0.558248893	5.80435513e+13
8e-11	-3231.85635	1452.14745	6858.92993	58334.3669	0.559162417	5.81696242e+13
9e-11	-3321.91777	1094.83221	8372.97654	58190.3862	0.560410103	5.82884458e+13
1e-10	-2949.2436	259.866692	8520.36452	58299.0459	0.560871912	5.83994815e+13
1.1e-10	-2227.95283	897.346607	7815.42775	57672.9043	0.561514033	5.85021781e+13
1.2e-10	-2547.46214	-255.029245	8250.93647	60319.7873	0.561399794	5.85969216e+13
1.3e-10	-3056.96538	138.500737	7953.17229	63356.5158	0.560157195	5.86805167e+13
1.4e-10	-1695.8715	-1735.63209	7655.47775	63654.7189	0.558563662	5.87499215e+13
1.5e-10	-3552.13927	-3024.21967	7999.84419	61974.2169	0.557629342	5.88076055e+13
1.6e-10	-2413.77251	-2211.31842	8909.15833	61005.7745	0.558033134	5.88589561e+13
1.7e-10	-942.495827	-1104.93171	9648.37836	59856.1349	0.558638567	5.89072774e+13
1.8e-10	-1103.93412	-2083.7617	10801.4336	61040.9286	0.559013813	5.89537021e+13
1.9e-10	-1530.77508	-3236.35901	10621.9608	59841.7358	0.558912798	5.89959198e+13
2e-10	-2419.14789	-2304.70618	10271.9799	60770.0754	0.559230202	5.90348514e+13
2.1e-10	-85.5254496	-3797.45631	11661.6547	59714.0132	0.559149338	5.90703297e+13
2.2e-10	373.659825	-3056.40424	12601.83	61175.931	0.559271139	5.91031398e+13
2.3e-10	-770.489874	-1088.64929	11298.5355	59915.4973	0.559171149	5.91323427e+13
2.4e-10	-599.131112	-1119.93591	11585.2243	61058.2126	0.558982534	5.91588018e+13
2.5e-10	-422.565526	-2093.23448	10992.4968	61286.0825	0.558849356	5.91818467e+13
2.6e-10	103.009306	-1217.04232	9237.72797	60052.7981	0.559001737	5.92025846e+13
2.7e-10	-508.367417	-441.55134	8385.65688	60765.2575	0.55924062	5.92225604e+13
2.8e-10	1528.81448	-528.089246	8407.04235	59630.471	0.559603847	5.92414139e+13
2.9e-10	1096.58851	115.735507	8237.84939	59583.626	0.559873215	5.92598492e+13
3e-10	230.718407	-258.02511	9174.07722	60008.213	0.560273497	5.92780975e+13
3.1e-10	-129.508119	-1191.10972	11576.6984	60191.1732	0.560193318	5.9295315e+13
3.2e-10	-34.4499266	139.256629	11815.6095	61065.2639	0.559842826	5.93102343e+13
3.3e-10	724.346442	504.141238	11633.6598	60207.9982	0.55978044	5.93224308e+13
3.4e-10	1112.86844	-319.808857	11843.1088	62543.7469	0.559279077	5.93330347e+13
3.5e-10	67.5933719	-1364.12091	13682.0415	63775.665	0.558077713	5.93390801e+13
3.6e-10	-1336.13311	-2703.19929	13267.5299	62232.7282	0.557118429	5.933952e+13
3.7e-10	-273.464401	-1741.18978	11806.5221	62801.983	0.556717585	5.93377714e+13
3.8e-10	-820.602643	-1232.68123	10748.0934	61294.8907	0.557046266	5.93356042e+13
3.9e-10	-178.930963	-1186.17976	11652.1355	59283.9829	0.55769861	5.93358014e+13
4e-10	682.42335	-987.063059	12375.1639	57669.567	0.559417552	5.93402923e+13
4.1e-10	326.836936	-4.96842139	14305.5213	59558.8977	0.560099156	5.93502983e+13
4.2e-10	1139.88794	-843.377807	14736.617	58271.1102	0.560381576	5.93603773e+13
4.3e-10	1662.28214	-947.810599	13906.6651	57381.7519	0.561026144	5.93714997e+13
4.4e-10	2865.29815	-78.4701454	13998.4064	58189.6257	0.561323978	5.93837895e+13
4.5e-10	2170.7492	-604.338558	13124.7847	58307.6808	0.561510902	5.93956753e+13
4.6e-10	418.441981	23.9074993	11767.5905	58823.3025	0.561533241	5.94068026e+13
4.7e-10	638.422423	-305.962097	11919.6324	59279.3748	0.561546498	5.94171553e+13
4.8e-10	861.644826	-1266.08913	11386.8844	60903.0181	0.560951892	5.94255869e+13
4.9e-10	152.5781	-61.3159073	10020.1787	61541.8712	0.560144501	5.94303348e+13
5e-10	-618.757625	-656.528643	10866.3555	63077.1918	0.558988523	5.94311566e+13
5.1e-10	-1803.29955	-102.130634	9402.27793	62089.9293	0.558429139	5.94276861e+13
5.2e-10	-1222.17066	-1299.00567	9541.96129	61500.0761	0.558336439	5.94234111e+13
5.3e-10	-1196.80812	-1663.70747	10020.6352	62445.9953	0.558095575	5.94190673e+13
5.4e-10	-1493.06947	-2041.85207	8688.2988	61037.9212	0.557900533	5.94137368e+13
5.5e-10	-439.31956	-2384.56158	10305.9922	60955.7655	0.557923379	5.94089958e+13
5.6e-10	-810.568917	-2846.93617	9728.20652	61835.0848	0.558291364	5.9405472e+13
5.7e-10	509.803052	-655.807998	9103.53291	61655.3495	0.558280844	5.94028417e+13
5.8e-10	282.004043	-162.178954	7308.57847	62435.7272	0.558117112	5.94002985e+13
5.9e-10	1753.45138	-895.90697	6437.00185	61815.9005	0.558219672	5.93976637e+13
6e-10	1610.88957	606.194679	7579.90404	61830.6926	0.558175356	5.93955258e+13
6.1e-10	1876.69878	-548.679344	7956.24794	61672.348	0.558474693	5.93939321e+13
6.2e-10	1809.01722	-1523.93672	10245.2958	61732.5011	0.558327873	5.93930388e+13
6.3e-10	1105.25932	-2107.13597	10724.5472	62560.6024	0.557738017	5.93909442e+13
6.4e-10	1687.99692	-2238.03157	10313.7959	62907.905	0.557482511	5.93873123e+13
6.5e-10	3233.65783	-972.31402	9552.48719	60926.8335	0.557463476	5.93829844e+13
6.6e-10	1544.46646	-454.03721	9962.0166	60978.6986	0.558041528	5.93803641e+13
6.7e-10	1786.2228	-747.185933	11929.0892	61046.2027	0.557915807	5.93789272e+13
6.8e-10	326.422038	-1029.94907	11665.741	62482.0597	0.557845646	5.93775325e+13
6.9e-10	-124.451013	290.307237	11793.4239	62456.0297	0.557251746	5.93746548e+13
7e-10	-1387.99845	-801.439863	10669.123	62059.9572	0.557050619	5.9370431e+13
7.1e-10	-215.332427	-1629.85534	9847.53358	59199.8084	0.55775812	5.93672953e+13
7.2e-10	1002.8978	-2501.4841	8410.85012	58289.1658	0.559215058	5.93687846e+13
7.3e-10	1202.26229	-3006.83291	7662.76125	59344.2092	0.560326912	5.93757093e+13
7.4e-10	-4.09466458	-2388.43139	6227.8369	57763.7427	0.56140448	5.93858095e+13
7.5e-10	156.318099	-2251.47158	6909.38629	59194.4892	0.56207902	5.93990523e+13
7.6e-10	-868.037175	-129.803709	5628.98503	61001.722	0.56178097	5.94119468e+13
7.7e-10	-1411.80691	1037.8382	4502.04388	61761.3981	0.561030874	5.94212521e+13
7.8e-10	-1975.31322	1318.42313	5767.37268	62667.9019	0.560026925	5.94265241e+13
7.9e-10	-312.570395	1651.76186	5868.9186	63921.6289	0.558809412	5.94267418e+13
8e-10	-1439.71541	2308.90219	6578.76303	63957.4865	0.55773242	5.94220304e+13
8.1e-10	-203.358749	2320.31137	4527.48767	61815.12	0.557570067	5.9415139e+13
8.2e-10	-45.9662132	2826.52735	4009.63504	62299.885	0.558240099	5.94102236e+13
8.3e-10	998.389612	2964.82304	4219.0118	62302.9725	0.558418053	5.94074352e+13
8.4e-10	1344.71818	4680.18838	4183.12288	63235.0854	0.557845043	5.94043211e+13
8.5e-10	1404.26018	4735.80892	3458.36854	62210.6957	0.557582377	5.93994207e+13
8.6e-10	805.735081	1829.31454	3707.08867	61834.5467	0.557803698	5.93948132e+13
8.7e-10	691.671573	680.986457	2895.59473	61241.9168	0.558602624	5.9392654e+13
8.8e-10	1233.785	1069.76557	3877.31732	62089.5676	0.558782529	5.93930035e+13
8.9e-10	791.804843	-1085.78775	3044.8884	63090.3818	0.558450328	5.93931524e+13
9e-10	1213.70435	-1939.81442	3837.81174	62578.4515	0.558394437	5.93921928e+13
9.1e-10	633.928088	-1147.67234	5374.47345	60076.1638	0.558702507	5.93914881e+13
9.2e-10	1117.82478	-3951.32596	5623.13298	59944.8093	0.559665581	5.93939212e+13
9.3e-10	1565.3096	-2878.79136	7007.36851	60420.8603	0.559966961	5.93985073e+13
9.4e-10	2652.23226	-3754.94687	6524.70383	61072.5856	0.560038241	5.94035162e+13
9.5e-10	1450.83463	-3575.05528	6678.37676	62147.8015	0.5595153	5.94074253e+13
9.6e-10	1382.72529	-2325.97269	7488.48476	62583.5244	0.558954908	5.94085755e+13
9.7e-10	247.060157	-697.024861	7324.44314	60771.7004	0.558750693	5.94076217e+13
9.8e-10	925.677012	-1152.45374	8044.25138	61114.3184	0.558862097	5.94069221e+13
9.9e-10	-260.887339	-1059.88124	9092.35652	61020.3147	0.559039463	5.94067999e+13
1e-09	-1587.52541	357.113111	9262.80084	61621.7906	0.55910992	5.94073978e+13
1.01e-09	-355.135692	-2173.81621	8714.66735	61937.9478	0.558721552	5.94072359e+13
1.02e-09	265.59432	-2900.74884	9048.63077	60846.0341	0.558685382	5.94059513e+13
1.03e-09	-385.660118	-3990.01365	11274.5567	60962.1005	0.55894218	5.94055146e+13
1.04e-09	-1021.99556	-3723.62588	12118.0807	60847.818	0.55884228	5.94054028e+13
1.05e-09	-661.198681	-2359.09897	12108.43	60600.1579	0.558888007	5.94051026e+13
1.06e-09	-336.170048	-1979.94446	11093.5035	61199.3813	0.558779014	5.94046979e+13
1.07e-09	-1267.01606	-2668.10022	9857.18987	59853.1574	0.559033208	5.94043138e+13
1.08e-09	-728.529288	-1941.21982	10583.8615	61477.9026	0.559275773	5.94056544e+13
1.09e-09	-977.326967	-1490.51772	10844.4893	61896.4448	0.559025934	5.94066074e+13
1.1e-09	-1932.96196	-1466.92528	10475.6218	60568.9383	0.559025842	5.94066168e+13
1.11e-09	-1166.1836	-238.919794	10838.6302	60623.2388	0.559364103	5.94074681e+13
1.12e-09	422.933006	-82.9786655	10177.4977	59535.075	0.55964947	5.94091734e+13
1.13e-09	-335.178834	29.8123195	11428.7127	60957.183	0.559608349	5.94120103e+13
1.14e-09	-576.751907	346.36553	12323.5156	59572.6097	0.559657766	5.94138721e+13
1.15e-09	-192.603941	-1060.28301	12678.8421	59078.5813	0.560187226	5.94170871e+13
1.16e-09	-926.329333	223.033768	13901.7027	59689.5377	0.559901463	5.94205917e+13
1.17e-09	-38.1649727	83.5563217	14609.6289	60085.3238	0.559617556	5.94225533e+13
1.18e-09	1742.92622	-900.726315	14978.5145	61088.2385	0.559158868	5.9423041e+13
1.19e-09	2041.61293	247.367925	14751.6532	62374.2046	0.558324452	5.94209806e+13
1.2e-09	2267.18316	502.050796	13624.7399	59854.5246	0.558095447	5.94162549e+13
1.21e-09	2049.51325	-18.3930793	13677.4603	59624.9374	0.558575706	5.94127336e+13
1.22e-09	1882.95784	9.77415177	12113.2319	61061.8109	0.55906945	5.94118534e+13
1.23e-09	708.619505	-1355.44348	12263.4461	61258.1555	0.558925831	5.94115362e+13
1.24e-09	-301.50834	-2149.60152	11848.2853	59746.2819	0.559229284	5.94111245e+13
1.25e-09	-552.010531	-2635.59787	10692.569	60729.7307	0.559337372	5.9412026e+13
1.26e-09	-1706.72353	-1376.97325	11910.2308	59816.1984	0.559541925	5.94133641e+13
1.27e-09	-1141.79626	-670.564379	12160.7423	60009.9637	0.559685081	5.9415329e+13
1.28e-09	-536.64739	-2372.05724	11900.38	58887.2968	0.559915946	5.94176704e+13
1.29e-09	-1344.03483	-1520.48497	12991.4428	60201.6095	0.559878218	5.9420642e+13
1.3e-09	-1867.14865	-2437.06546	12487.0557	60493.5331	0.55983333	5.942282e+13
1.31e-09	-1813.20244	-2352.02914	11747.4112	59654.3422	0.559986078	5.94248504e+13
1.32e-09	-1111.10286	-1275.57415	11391.3469	60825.2856	0.559771487	5.94270573e+13
1.33e-09	-1677.72435	-2779.46406	11425.7172	61445.9565	0.559432648	5.94278767e+13
1.34e-09	227.110735	-2065.03414	10564.7686	62286.0173	0.558852415	5.9426812e+13
1.35e-09	574.34674	-2670.12395	7587.43987	63327.8182	0.558249802	5.94234177e+13
1.36e-09	-750.355587	-1839.46586	8123.8828	62172.6545	0.557887208	5.94179537e+13
1.37e-09	172.109463	-1034.52527	7860.63703	61662.4131	0.557935121	5.94124874e+13
1.38e-09	-1897.37137	-808.686658	8532.68006	60619.3069	0.558429388	5.94086466e+13
1.39e-09	-1090.8425	-2660.50928	9000.3988	62558.3291	0.558437364	5.94066771e+13
1.4e-09	-1286.41071	-3179.3356	8724.53997	60997.8383	0.558338625	5.94040032e+13
1.41e-09	-2953.43511	-1268.32389	7045.62793	62108.4517	0.558370066	5.94020062e+13
1.42e-09	-2659.58285	-1341.44679	6044.76821	61202.0392	0.558874166	5.94007464e+13
1.43e-09	-1918.5847	63.3773604	6292.65367	61570.3743	0.558823752	5.94008928e+13
1.44e-09	-2666.56823	2185.98462	7325.61903	62880.4016	0.558376665	5.94003582e+13
1.45e-09	-3171.21132	551.555542	8199.32013	64422.1922	0.557759844	5.93976397e+13
1.46e-09	-2723.28553	-2484.76174	8217.43357	62410.3981	0.557132842	5.9392166e+13
1.47e-09	-2536.56006	467.972261	7000.61708	60309.169	0.557932155	5.93872943e+13
1.48e-09	-2435.45666	316.733324	7634.19555	59486.6796	0.559219019	5.93874057e+13
1.49e-09	-3008.11724	-562.99506	7889.63062	61019.6648	0.559458001	5.93909956e+13
1.5e-09	-2934.65782	-137.328893	7872.6416	61416.738	0.559472088	5.93945955e+13
1.51e-09	-2496.75871	-1077.48132	9126.72736	62278.7693	0.559521101	5.93979605e+13
1.52e-09	-2785.54038	674.08576	9877.40196	62218.7298	0.558609733	5.93992562e+13
1.53e-09	-1295.22215	1373.74333	8387.83641	62417.6598	0.557994772	5.93973647e+13
1.54e-09	-1678.24808	1774.416	8260.06203	62807.4777	0.557705393	5.93938778e+13
1.55e-09	-1703.87714	1382.66091	6788.15288	61781.5168	0.557445327	5.93893934e+13
1.56e-09	-2243.18318	-376.816589	7319.83149	63068.2951	0.557655074	5.93855511e+13
1.57e-09	-547.17135	-213.425118	7186.73189	64585.2582	0.557027641	5.9381253e+13
1.58e-09	-1589.75139	1493.30385	6199.71754	62858.9616	0.5567805	5.93750084e+13
1.59e-09	67.3100152	-1038.02633	7574.51967	61218.5637	0.557231396	5.93700241e+13
1.6e-09	259.102269	574.484572	7182.27675	62127.1337	0.557544046	5.93674417e+13
1.61e-09	-95.0197442	1525.63826	7771.10214	61807.9432	0.557756846	5.93659091e+13
1.62e-09	422.740509	1435.77693	8187.2974	59907.5484	0.558120471	5.93653981e+13
1.63e-09	1682.10172	863.005283	7785.48673	60308.1559	0.558905017	5.93674854e+13
1.64e-09	1692.12191	1780.49084	7181.04596	61367.4864	0.559473979	5.93721448e+13
1.65e-09	958.687548	1181.93865	4798.29316	63810.5413	0.558690721	5.93762376e+13
1.66e-09	55.9746229	722.067985	4116.18905	62766.3028	0.558152292	5.9376789e+13
1.67e-09	1307.85594	2838.59445	3115.52986	62355.0117	0.558143776	5.93763554e+13
1.68e-09	2388.81564	2805.71944	2643.99993	62850.9142	0.557771343	5.93753065e+13
1.69e-09	-731.731272	2845.07993	3694.59642	63410.7423	0.557593026	5.93731901e+13
1.7e-09	-389.766073	3102.93967	3205.79342	62175.7022	0.557465309	5.93703912e+13
1.71e-09	-1312.80334	3325.22092	4141.20142	60395.7683	0.558256818	5.9368907e+13
1.72e-09	-2580.9618	3731.68826	4108.67001	59168.6568	0.559518661	5.93718634e+13
1.73e-09	-2833.78597	3917.74419	4967.67799	60903.221	0.560049399	5.93786657e+13
1.74e-09	513.483468	3071.77117	6601.95808	62702.6211	0.559764895	5.93853886e+13
1.75e-09	716.217354	3407.81332	8137.89587	62941.4435	0.558894943	5.9389002e+13
1.76e-09	36.5896912	2896.63134	8629.38097	61145.7337	0.558688515	5.93896259e+13
1.77e-09	749.226076	3459.21077	8668.59521	60468.3672	0.559201976	5.9390983e+13
1.78e-09	2062.07822	2425.33876	7643.84239	61199.2202	0.559446309	5.93939686e+13
1.79e-09	1114.33093	2308.44982	8809.5505	61021.5262	0.559191683	5.93966856e+13
1.8e-09	2606.5727	1455.22215	9228.68481	59938.8898	0.55922948	5.93984061e+13
1.81e-09	2221.6919	1164.43526	8921.86711	60871.3037	0.559355936	5.9400738e+13
1.82e-09	783.369504	271.81663	9418.95949	61361.1746	0.559246222	5.94027514e+13
1.83e-09	-813.582199	138.526888	9944.35	62211.4393	0.558746462	5.94033283e+13
1.84e-09	-1414.76948	62.0162978	11003.1218	61632.9804	0.558386074	5.94021248e+13
1.85e-09	-1917.92948	-980.615987	11077.1788	61852.1481	0.558172646	5.93998719e+13
1.86e-09	-1383.33437	-442.39936	11004.4107	61048.0103	0.558204797	5.93973097e+13
1.87e-09	-1215.82401	1816.36905	10892.7987	61428.7252	0.558448933	5.93955241e+13
1.88e-09	-1413.3088	-165.69109	11140.2559	61739.5333	0.558278119	5.93943424e+13
1.89e-09	-1029.88081	200.51743	12183.8347	61769.0566	0.55820397	5.93926213e+13
1.9e-09	-1557.35366	-523.043139	13913.217	60178.7318	0.558348297	5.9390862e+13
1.91e-09	-489.514211	-1697.51578	14806.0395	58855.199	0.558929925	5.93908145e+13
1.92e-09	-1723.05836	-1494.41182	14111.9891	59154.6926	0.55947186	5.93933628e+13
1.93e-09	-1189.03722	-931.554335	14927.5976	60533.5772	0.559336119	5.93966917e+13
1.94e-09	-1044.65513	-2932.1387	13311.3062	59894.8235	0.558996586	5.93982505e+13
1.95e-09	958.69149	-2972.44622	14312.1013	59601.9072	0.559146446	5.93994311e+13
1.96e-09	1674.72333	-556.300562	14712.2708	61278.4032	0.558879672	5.94007465e+13
1.97e-09	1378.15337	196.041007	14038.362	62391.8232	0.558086418	5.93997149e+13
1.98e-09	2136.85931	976.440716	13319.5648	60369.8433	0.55776449	5.93957891e+13
1.99e-09	1941.35709	100.596853	12292.5666	60470.7005	0.55853134	5.93933592e+13
2e-09	1487.5098	407.457154	10584.236	60555.4898	0.558452641	5.93929386e+13
2.01e-09	478.720722	1271.99956	11979.8713	61845.189	0.558493379	5.93925182e+13
2.02e-09	-1435.58769	2453.15045	11584.7503	61649.3276	0.55821501	5.93913011e+13
2.03e-09	468.794928	2296.76323	12929.4994	61556.4887	0.557788674	5.93891021e+13
2.04e-09	-32.0578336	1469.85202	13962.1494	61784.6348	0.557492663	5.93855629e+13
2.05e-09	-73.9077627	548.44748	12722.9993	61897.9528	0.557261424	5.93812228e+13
2.06e-09	-504.277108	2118.45223	13021.5605	59889.9648	0.557580656	5.93770405e+13
2.07e-09	-1048.31887	2138.06394	13829.0487	59994.0114	0.558308936	5.9375866e+13
2.08e-09	-1302.52988	1032.37703	12482.6648	59781.0809	0.558997856	5.93772265e+13
2.09e-09	-599.947688	1501.27967	12056.1664	58058.913	0.55945509	5.93806965e+13
2.1e-09	-1024.65864	1542.49918	12266.3972	58010.6772	0.560457886	5.93871618e+13
2.11e-09	-1304.41138	2758.50558	10626.8624	57767.4618	0.561527354	5.93970576e+13
2.12e-09	-2203.14936	2888.79236	11584.6016	59700.5707	0.561375497	5.94083227e+13
2.13e-09	-2602.66989	1039.90714	11157.3584	58910.6715	0.561498942	5.94176828e+13
2.14e-09	-2647.4725	2204.2054	12000.5011	61713.7767	0.561093733	5.94265592e+13
2.15e-09	-1184.86566	3456.56623	10800.2016	62432.1387	0.559440892	5.94300069e+13
2.16e-09	408.563799	1861.18661	11585.9632	61529.2802	0.558572048	5.94278309e+13
2.17e-09	-22.6525211	2885.08378	13326.7916	60576.2508	0.558297332	5.94239624e+13
2.18e-09	-652.825709	646.886316	14151.6655	60888.5131	0.558532007	5.94201366e+13
2.19e-09	-352.452018	1116.04651	13704.5174	60438.5257	0.558554871	5.94171871e+13
2.2e-09	-554.661377	1194.02598	12689.875	59784.6484	0.559077851	5.94154806e+13
2.21e-09	-521.32319	1227.28055	12449.8706	59469.0526	0.559628931	5.94163503e+13
2.22e-09	1014.1437	-287.736739	11265.2648	60456.2892	0.559637133	5.94182255e+13
2.23e-09	1677.78177	-36.2387802	9833.35889	60433.0036	0.559487951	5.94195149e+13
2.24e-09	-907.383923	-301.854458	8297.18301	59832.848	0.559732286	5.94207933e+13
2.25e-09	-1241.9453	-90.0390579	7194.65403	61928.079	0.559639438	5.94225696e+13
2.26e-09	-1585.93848	-267.424448	6579.78815	62483.5959	0.559084233	5.9422865e+13
2.27e-09	48.909406	833.621694	9394.70602	62035.1646	0.558645783	5.94208745e+13
2.28e-09	-987.185461	336.462587	9576.26124	61560.6823	0.558037253	5.94171405e+13
2.29e-09	-225.531645	496.376285	9775.44031	60939.3678	0.55816999	5.94126852e+13
2.3e-09	-1200.24974	2088.88365	8913.82907	60223.6441	0.558651053	5.94096085e+13
2.31e-09	-1679.23472	2444.35841	9877.99263	59390.7403	0.559491185	5.94094733e+13
2.32e-09	-678.379442	2627.61631	9395.2799	59582.2972	0.560147211	5.94126214e+13
2.33e-09	-667.093773	2393.9313	9632.78146	60492.2871	0.560251237	5.94172249e+13
2.34e-09	119.130702	1470.12037	9179.67793	60959.0654	0.560060863	5.9421154e+13
2.35e-09	1632.85442	2035.31715	8958.46674	62280.3606	0.559871438	5.94238966e+13
2.36e-09	1330.18545	2200.54514	8732.22381	63414.4797	0.558756865	5.94242071e+13
2.37e-09	2044.77672	408.791967	7030.72402	63022.6062	0.557904946	5.94200047e+13
2.38e-09	-429.895379	440.756087	6871.0828	62427.8427	0.557606777	5.94138801e+13
2.39e-09	-1211.10889	200.786869	6287.46457	61808.7116	0.557967805	5.94084222e+13
2.4e-09	-1406.7306	-111.933915	7396.4588	61862.3754	0.558206126	5.94048937e+13
2.41e-09	293.105443	152.754919	7131.85595	62219.5162	0.558063811	5.94018561e+13
2.42e-09	1858.21512	599.92168	7574.96434	59522.7326	0.558678003	5.93993678e+13
2.43e-09	-186.359957	-441.093824	6116.70977	59178.8136	0.559652261	5.9400771e+13
2.44e-09	-490.224906	-619.793564	5329.80325	60573.5189	0.560110867	5.94053121e+13
2.45e-09	-1241.42524	-408.918502	5198.94954	62392.1505	0.559961707	5.941007e+13
2.46e-09	-600.143937	1097.81128	4569.81423	61808.6009	0.559315172	5.94125184e+13
2.47e-09	-1523.32024	1040.32272	4783.51091	62230.236	0.559219764	5.94132781e+13
2.48e-09	-1591.36424	1071.63336	6208.58754	62564.8984	0.558415015	5.94123075e+13
2.49e-09	-1059.80511	1278.87899	3702.80615	64004.9646	0.557846453	5.94086736e+13
2.5e-09	-504.413266	888.182351	4727.16382	63293.0949	0.55735084	5.94030558e+13
2.51e-09	-95.0636443	2368.57826	4747.23544	62489.7662	0.557328343	5.93967455e+13
2.52e-09	-71.4330411	1897.83581	6826.3016	61768.9411	0.557513444	5.93915257e+13
2.53e-09	-815.304198	2826.06899	6067.3465	60315.3412	0.558462072	5.93888213e+13
2.54e-09	-624.495789	3056.88526	5080.99216	62822.6943	0.558658701	5.93891859e+13
2.55e-09	-839.656053	1172.81813	6439.23215	60110.0441	0.559088168	5.93900276e+13
2.56e-09	-1187.68985	351.808031	7979.80123	60005.3619	0.559467645	5.93928979e+13
2.57e-09	697.05258	-941.586427	6028.31825	60840.6529	0.559582496	5.93966574e+13
2.58e-09	109.093991	-1246.87636	6878.64786	60390.1633	0.55958938	5.94001319e+13
2.59e-09	417.471682	-887.794707	6371.56681	59204.2601	0.559962809	5.9403779e+13
2.6e-09	554.373665	209.83057	6915.8293	59527.2867	0.560514912	5.94093149e+13
2.61e-09	-42.0456302	-292.534255	6579.68156	59997.9227	0.560750517	5.94158402e+13
2.62e-09	1050.24095	851.270257	7604.40255	61168.6195	0.560618475	5.94221224e+13
2.63e-09	-277.720513	797.513174	7355.89277	61325.0453	0.5599909	5.94261123e+13
2.64e-09	-1513.13636	-347.087444	7990.45025	61665.0119	0.559508256	5.9427491e+13
2.65e-09	-2656.19364	470.932831	9350.05592	60648.2402	0.559392777	5.94273158e+13
2.66e-09	-573.655285	671.204025	8676.55881	61030.8616	0.559631859	5.94276692e+13
2.67e-09	-2155.105	1813.38128	10260.9688	61927.7977	0.559541303	5.94282531e+13
2.68e-09	-833.499074	1413.0954	10605.1988	62615.5063	0.558812067	5.94273103e+13
2.69e-09	-679.476891	-67.8661354	9524.65162	64546.893	0.557622107	5.94228225e+13
2.7e-09	-324.197422	11.3836875	7114.35511	64643.4732	0.556464406	5.94137048e+13
2.71e-09	-870.265413	-1040.59176	7678.88908	61429.7141	0.55639705	5.94024822e+13
2.72e-09	-1414.09606	293.644749	9409.99807	60756.7486	0.557527143	5.93947024e+13
2.73e-09	-1148.24011	3048.55496	9553.82463	59732.7333	0.558363723	5.93916179e+13
2.74e-09	-1738.38188	2478.48613	10110.6656	57493.8553	0.559407962	5.93924027e+13
2.75e-09	-1083.66806	940.092909	11038.6185	59214.4304	0.5605859	5.93983584e+13
2.76e-09	54.2582099	2285.13619	9833.03776	59899.2102	0.5608249	5.94061246e+13
2.77e-09	-540.239616	2313.5768	10892.5767	61548.0772	0.560241533	5.94129361e+13
2.78e-09	-1345.33196	2763.72701	11312.3351	63004.3109	0.558846431	5.94150325e+13
2.79e-09	163.920688	2336.17718	10945.1743	62749.5325	0.557959152	5.94118625e+13
2.8e-09	909.176896	2123.82172	11295.2022	59261.9642	0.557954195	5.94067447e+13
2.81e-09	582.601133	2019.85348	10632.64	59839.5556	0.558788187	5.94044274e+13
2.82e-09	851.972741	1620.58639	9267.34316	61528.1053	0.559069988	5.94048331e+13
2.83e-09	1021.46826	161.421554	10061.8979	61758.5916	0.558792502	5.94049355e+13
2.84e-09	2029.44968	1778.59517	12686.2463	62722.0244	0.558296345	5.94038189e+13
2.85e-09	1068.5249	3565.54706	12722.9521	62346.0176	0.557568972	5.94000851e+13
2.86e-09	-1108.05946	4229.90822	13177.5027	60866.7696	0.557620225	5.93949938e+13
2.87e-09	-855.787198	1881.13054	12859.0647	59979.9129	0.558050187	5.93914245e+13
2.88e-09	-2088.48862	1707.1603	11624.8664	59641.49	0.558874941	5.93907323e+13
2.89e-09	-3853.56471	1740.01602	11794.5652	59454.4813	0.559434473	5.93929572e+13
2.9e-09	-2730.28436	2567.35493	12064.7161	59159.1511	0.560033553	5.93972539e+13
2.91e-09	-2766.97387	2233.38631	13223.7997	58094.8044	0.560375106	5.94029273e+13
2.92e-09	-1390.7582	1300.70595	13723.4907	59665.1008	0.560724667	5.94099251e+13
2.93e-09	825.629147	1721.60813	14638.5746	59714.0399	0.56031449	5.94159075e+13
2.94e-09	604.94048	1638.19783	14111.0939	60352.4469	0.559993353	5.94197737e+13
2.95e-09	1752.52137	2190.73611	14401.6539	61174.5344	0.559198694	5.94213635e+13
2.96e-09	2599.62467	444.731943	12649.9614	62160.3701	0.558613262	5.9420032e+13
2.97e-09	3083.71584	-448.606814	11621.9643	62298.978	0.557684861	5.94156631e+13
2.98e-09	3410.91604	-398.430302	9496.15969	60529.8551	0.557803902	5.94096915e+13
2.99e-09	1275.53248	-1495.71204	9972.10323	58508.6999	0.558778651	5.94062795e+13
3e-09	-19.9916544	-915.56019	9180.3034	58868.1155	0.559967887	5.9408144e+13
3.01e-09	989.620753	50.5390122	10482.5062	58786.6276	0.560776471	5.94135574e+13
3.02e-09	454.546491	-481.627823	10706.002	62026.7724	0.560178449	5.94196027e+13
3.03e-09	411.922043	276.013902	9770.32312	63005.3313	0.558836099	5.94209656e+13
3.04e-09	1757.77646	-460.901694	7094.42823	61226.4436	0.558725786	5.94185019e+13
3.05e-09	914.90881	-990.091213	7561.0242	63764.8206	0.558226598	5.94161408e+13
3.06e-09	2008.30655	432.715588	9230.24084	64770.5818	0.557348797	5.94108242e+13
3.07e-09	1672.39122	1061.79227	8401.60222	63652.3036	0.556635288	5.940229e+13
3.08e-09	398.134098	626.260772	7920.0487	64464.8377	0.556193013	5.93927082e+13
3.09e-09	-1075.63805	1878.11451	10015.8812	63354.3212	0.555886668	5.93822527e+13
3.1e-09	315.526505	803.573662	9707.37979	63820.4336	0.555995827	5.93725163e+13
3.11e-09	-16.2494436	279.222702	8673.8417	63187.6848	0.556036237	5.93638475e+13
3.12e-09	-989.217309	-1585.52102	11004.2444	63087.1215	0.556089949	5.93563622e+13
3.13e-09	1151.48439	-1948.47305	10008.2666	60621.841	0.556571356	5.93501005e+13
3.14e-09	2752.89426	-1522.44865	10903.1397	59804.6978	0.557478597	5.93477076e+13
3.15e-09	1311.67988	-2467.45234	10175.4128	58548.2145	0.55877018	5.93497042e+13
3.16e-09	1062.82818	-1590.53827	9956.08806	59860.0612	0.559602426	5.93562072e+13
3.17e-09	2601.62088	-1177.18245	8761.16251	61088.6446	0.559471544	5.93635119e+13
3.18e-09	1386.52649	-1244.69834	9282.30817	60764.2473	0.559616789	5.93697498e+13
3.19e-09	2306.59139	-28.8428484	8345.02958	59626.6645	0.559679941	5.93757128e+13
3.2e-09	1755.71255	-1048.80115	8675.23777	60052.9352	0.559953087	5.9382044e+13
3.21e-09	1037.97964	-1474.50739	7320.47891	59760.2849	0.560263618	5.93888015e+13
3.22e-09	-185.509032	-3464.04925	7274.94886	61437.4094	0.560090359	5.93956282e+13
3.23e-09	822.447548	-3287.78267	6774.44219	60848.9608	0.559820867	5.94004621e+13
3.24e-09	-1650.78078	-909.854457	8525.0983	61564.568	0.559590536	5.94042583e+13
3.25e-09	256.06876	-357.911548	8240.26319	62411.7082	0.559144191	5.94062812e+13
3.26e-09	-1643.91977	318.277679	10821.3833	62383.0755	0.558675178	5.94061699e+13
3.27e-09	946.537987	780.28275	9231.5424	64092.6069	0.557584923	5.94030975e+13
3.28e-09	1384.96795	582.341466	7397.99711	61937.8802	0.557472686	5.93971953e+13
3.29e-09	112.309613	261.433326	8800.67986	62845.2496	0.557239519	5.93920701e+13
3.3e-09	627.838154	-726.416792	6200.57881	63203.4774	0.557105185	5.93861875e+13
3.31e-09	-771.110397	-1969.42712	7471.94452	62302.1694	0.556917678	5.93802358e+13
3.32e-09	122.13142	-621.744767	6273.33897	60538.9159	0.55746377	5.9375535e+13
3.33e-09	1171.28065	-2058.03448	7582.50421	59399.3199	0.558596634	5.93746539e+13
3.34e-09	2928.58587	-2140.77507	7692.59436	59332.2111	0.559679355	5.93782249e+13
3.35e-09	3459.46416	-2037.55533	7187.21768	59809.5196	0.56017464	5.93849006e+13
3.36e-09	4180.69006	-1385.25314	8990.07331	61882.1915	0.560004791	5.93916967e+13
3.37e-09	3626.71889	-908.154417	8469.38866	60548.7945	0.559849473	5.93965922e+13
3.38e-09	2954.13744	-1289.51083	8221.78032	60278.0103	0.559842452	5.94011557e+13
3.39e-09	2357.77959	-1053.11253	7165.27797	58699.8914	0.560457962	5.94060565e+13
3.4e-09	1162.16668	-932.649404	6638.3715	58580.2231	0.561311921	5.94137469e+13
3.41e-09	564.056232	1295.92012	8505.16165	59047.0858	0.561868396	5.94237344e+13
3.42e-09	1319.84431	511.192098	8743.73007	59100.7391	0.562409695	5.94347407e+13
3.43e-09	1113.36753	-213.684181	7889.99057	61512.8386	0.561736014	5.94450359e+13
3.44e-09	2134.26046	1061.8369	6728.5542	61625.3921	0.560770736	5.9450455e+13
3.45e-09	1101.85672	557.432819	5088.421	63835.5008	0.559423818	5.94513166e+13
3.46e-09	3029.353	1681.96412	5076.44557	62204.6017	0.558666815	5.94471312e+13
3.47e-09	1619.16311	129.69332	5702.64606	61412.5857	0.558656669	5.94420622e+13
3.48e-09	2413.35495	-835.824994	5979.47822	61079.6107	0.558796081	5.94377858e+13
3.49e-09	17.1976519	27.4971769	7646.23608	60489.7307	0.559409062	5.94351976e+13
3.5e-09	-1732.34503	-777.700881	8543.37919	61407.0709	0.559500158	5.94345601e+13
3.51e-09	-1073.92667	696.840794	8192.29671	63462.183	0.558940704	5.94334212e+13
3.52e-09	-645.070137	394.76047	8108.80797	63479.8939	0.558272277	5.94293657e+13
3.53e-09	863.158687	1009.84335	6997.42452	63884.5236	0.557177195	5.94224699e+13
3.54e-09	-177.121458	485.467103	7315.3411	62708.2158	0.556876102	5.94131574e+13
3.55e-09	-963.746547	-881.465532	8186.60765	61658.6141	0.557300884	5.94048483e+13
3.56e-09	-590.904698	-1669.60398	10083.7079	61964.1266	0.557540923	5.93990244e+13
3.57e-09	335.663609	433.493049	9947.67856	61802.7977	0.557763752	5.93944127e+13
3.58e-09	591.726413	-1176.8331	9200.83786	61741.4737	0.557936372	5.93910742e+13
3.59e-09	-320.056162	-1342.14984	9260.78474	63015.9586	0.557653153	5.93881345e+13
3.6e-09	-92.2184747	-409.962168	6785.79733	61764.3793	0.557687265	5.93843653e+13
3.61e-09	-344.525684	-1331.80207	5441.12366	60158.9429	0.558449232	5.93825916e+13
3.62e-09	2679.45733	-866.921623	5771.41502	60102.466	0.559537364	5.93847484e+13
3.63e-09	2075.14344	-1277.07473	7049.84266	60974.7116	0.559937497	5.93899562e+13
3.64e-09	1709.14506	512.515128	8012.21457	60407.5364	0.559943173	5.93953707e+13
3.65e-09	1032.83313	-606.78525	9026.46822	61601.1999	0.55947586	5.93996031e+13
3.66e-09	609.806931	-1389.35462	9374.63433	60798.4831	0.559181908	5.9401673e+13
3.67e-09	425.644589	-2466.82938	10020.6066	60257.7991	0.559160407	5.94030651e+13
3.68e-09	1246.37638	-3116.68581	11553.4861	59648.0488	0.559564978	5.94049563e+13
3.69e-09	1068.79264	-1360.6497	12769.349	59799.3967	0.559802019	5.94080415e+13
3.7e-09	1973.52857	-1308.32114	11234.6024	60084.0596	0.559994132	5.94116778e+13
3.71e-09	1098.09185	-994.046979	13049.0105	60085.2424	0.559914239	5.94151432e+13
3.72e-09	628.103627	-1749.75175	13970.6397	60586.9581	0.55967447	5.94177566e+13
3.73e-09	359.950692	-3062.83989	16133.0604	59682.354	0.559371259	5.94189661e+13
3.74e-09	-872.358944	-1715.73325	16603.6463	59305.2046	0.559213551	5.94191121e+13
3.75e-09	-196.21	-695.815588	14022.9736	58913.8943	0.55978421	5.94197683e+13
3.76e-09	-854.187685	-922.782128	14160.7113	60602.545	0.559670862	5.94219571e+13
3.77e-09	-1662.84017	-1411.24921	14393.3094	59932.6388	0.559105311	5.94221605e+13
3.78e-09	-28.3178926	-1549.13732	13221.7894	59592.5834	0.55906814	5.9421106e+13
3.79e-09	189.468938	-539.422733	12689.307	60345.5319	0.559523139	5.94212055e+13
3.8e-09	727.116952	464.850269	11042.0129	59738.4362	0.559638485	5.9421974e+13
3.81e-09	1052.9275	615.364168	11041.3931	57693.6084	0.560538035	5.94245888e+13
3.82e-09	309.0355	-1327.9538	11689.6466	59443.9812	0.56122894	5.94308136e+13
3.83e-09	157.606713	-807.241345	9768.16172	61227.013	0.560880659	5.94370908e+13
3.84e-09	1210.25687	-1918.54544	9835.6259	60779.2632	0.560360863	5.94408759e+13
3.85e-09	682.029231	-738.919369	9384.99837	61013.0163	0.560115822	5.94429396e+13
3.86e-09	-230.080489	-1222.6283	9362.70674	60426.2175	0.560024527	5.9443966e+13
3.87e-09	-73.8707847	-716.640388	8975.90166	61081.7918	0.559887241	5.94446382e+13
3.88e-09	-364.737362	-691.433579	10657.4053	60042.0035	0.559882383	5.94445302e+13
3.89e-09	-229.093923	-866.936217	10294.0543	60451.3607	0.559953321	5.94448813e+13
3.9e-09	1252.52036	-257.760899	10739.1675	62302.8122	0.559413032	5.94447056e+13
3.91e-09	1877.39578	390.978212	8600.96891	63323.259	0.55847281	5.9441243e+13
3.92e-09	1270.78389	728.763135	8915.08587	61595.4991	0.558121466	5.94349359e+13
3.93e-09	1608.26845	-181.344936	8721.79098	62184.3921	0.558145461	5.9429039e+13
3.94e-09	653.236623	-1377.64093	8817.89744	61876.8834	0.558087132	5.9423515e+13
3.95e-09	1099.0448	-2335.27442	8697.09704	61862.2183	0.557986991	5.94182955e+13
3.96e-09	1665.98889	-2350.37807	8648.45728	60137.4076	0.558306857	5.94137963e+13
3.97e-09	967.652309	-2121.52463	6817.65856	58852.6713	0.559486508	5.94126195e+13
3.98e-09	893.901639	-305.525668	7204.38777	60353.9036	0.560206251	5.94158814e+13
3.99e-09	1693.80528	-272.495963	7626.18958	61535.7891	0.560053249	5.94199937e+13
4e-09	985.529605	647.770754	8296.93809	60915.3335	0.559914329	5.94226484e+13
4.01e-09	-97.4393027	433.757831	9026.04779	60895.2703	0.559746741	5.94247309e+13
4.02e-09	-85.5012431	-650.286736	10282.7086	62404.5772	0.559230546	5.94255759e+13
4.03e-09	-93.8007922	253.07717	9786.07504	61786.2186	0.559165622	5.9424601e+13
4.04e-09	-67.957766	264.901665	7665.71919	61214.5528	0.558993924	5.94232816e+13
4.05e-09	-722.914189	926.114021	7124.21734	61625.7957	0.559099225	5.94221185e+13
4.06e-09	-1370.07622	794.874853	8530.33538	61195.6925	0.558913183	5.94208645e+13
4.07e-09	-963.536146	-1048.37659	7772.53132	61756.1387	0.559016092	5.94194682e+13
4.08e-09	-2230.33028	-2761.76883	9122.81475	63493.7819	0.558117485	5.94170482e+13
4.09e-09	-3032.51171	-2904.37196	8085.78691	64184.1063	0.557458078	5.94113816e+13
4.1e-09	-1707.16059	-3137.18346	7908.21716	62674.6435	0.556985106	5.9403767e+13
4.11e-09	-261.683013	-2943.98447	6275.61143	61764.0096	0.557269643	5.93965819e+13
4.12e-09	-989.420272	-1397.31713	6149.02122	61391.1914	0.557804124	5.93917955e+13
4.13e-09	-1501.33597	-442.011658	6409.30283	63499.5049	0.557940031	5.93891744e+13
4.14e-09	-592.890059	-1332.5364	6318.98648	61595.6191	0.557781198	5.93861375e+13
4.15e-09	-288.156792	-1544.33382	7531.07202	60004.5263	0.558615439	5.93845383e+13
4.16e-09	-1527.26406	153.734337	10052.5942	61226.8331	0.559173921	5.93866444e+13
4.17e-09	-3081.36146	291.57456	10213.6409	62603.8837	0.558446928	5.93883004e+13
4.18e-09	-2753.80912	352.417151	10181.8992	60739.9722	0.558606959	5.93876594e+13
4.19e-09	-2895.04578	149.991883	8730.48254	59654.0643	0.559038955	5.93888163e+13
4.2e-09	-1514.19671	432.488524	9074.61133	60727.6418	0.559731941	5.93923562e+13
4.21e-09	-1461.77855	803.730826	9854.29656	60443.8882	0.559879503	5.93969055e+13
4.22e-09	-600.594953	826.975924	11504.8166	59697.9995	0.559911398	5.94014246e+13
4.23e-09	998.477279	175.412978	12225.7152	57860.2151	0.560281021	5.94062063e+13
4.24e-09	-799.937887	-309.545267	10871.6164	57945.863	0.56087035	5.94127642e+13
4.25e-09	-780.720155	55.545406	9680.63987	58837.7181	0.561522442	5.94212852e+13
4.26e-09	904.771763	1043.70641	7894.84758	60298.5247	0.561348161	5.94300513e+13
4.27e-09	1699.92753	820.396245	7340.10193	60212.0003	0.560846553	5.94363032e+13
4.28e-09	2592.74595	-385.520533	5689.15605	62386.3512	0.560447918	5.94407428e+13
4.29e-09	2400.26095	-1750.01789	5030.57807	62194.9766	0.559621465	5.94419625e+13
4.3e-09	237.173177	-1597.05915	5741.43584	62166.8254	0.559312849	5.94407942e+13
4.31e-09	1419.72063	-1126.27137	5435.94915	61547.3555	0.558903716	5.94380592e+13
4.32e-09	1602.31664	-2381.10356	6658.8345	60573.4946	0.559262054	5.94354035e+13
4.33e-09	847.295539	-1775.84434	6741.67727	63112.7669	0.558888665	5.94336593e+13
4.34e-09	552.986402	-1024.58236	6361.03833	62577.9071	0.558142907	5.94292554e+13
4.35e-09	975.998077	618.331664	7084.33097	63525.2472	0.557557481	5.94228886e+13
4.36e-09	596.318284	-52.4360306	6914.35288	62208.6095	0.557711409	5.94157469e+13
4.37e-09	-733.186078	-1534.84089	6335.91192	62288.7265	0.557864352	5.94103154e+13
4.38e-09	1240.17042	-403.185704	7024.4941	61816.2061	0.558086961	5.94059517e+13
4.39e-09	1934.56579	-566.688606	7649.96848	61095.7997	0.558373666	5.9403052e+13
4.4e-09	1271.16226	-1445.02856	7554.1767	59870.373	0.558947651	5.94019051e+13
4.41e-09	2136.53566	-2615.29373	6848.53381	59906.1927	0.55985887	5.94041138e+13
4.42e-09	1823.27053	204.272773	7551.82432	59466.756	0.560198423	5.94083957e+13
4.43e-09	1347.08462	-2103.93514	8822.10443	60719.6178	0.560465438	5.94139039e+13
4.44e-09	753.171392	-3157.1075	8260.84141	60969.621	0.560169904	5.94186524e+13
4.45e-09	1362.92115	-2936.96973	8441.80837	62734.519	0.559577742	5.9421616e+13
4.46e-09	2243.79252	-435.401383	8535.65803	64406.7546	0.558307147	5.94205476e+13
4.47e-09	1150.45596	-1413.0608	8375.54738	61850.2375	0.55773288	5.94151427e+13
4.48e-09	1109.11624	93.8833103	7546.74271	62018.8719	0.557749411	5.94096085e+13
4.49e-09	721.982873	-278.5674	8204.05046	60247.9307	0.558419062	5.94054584e+13
4.5e-09	-135.316428	-2219.03041	10099.2836	59595.8522	0.559452898	5.94052103e+13
4.51e-09	-718.498382	-1220.07844	12042.3326	59897.4753	0.559567237	5.94078724e+13
4.52e-09	-133.692296	-1094.09031	12701.7724	59908.6235	0.559922541	5.94106801e+13
4.53e-09	178.478195	-2969.87385	13109.7976	59420.0423	0.559975094	5.94143734e+13
4.54e-09	-1373.74796	-1732.61952	13849.2117	60208.0441	0.55965702	5.94172649e+13
4.55e-09	-405.442111	-1423.51941	13987.1623	59907.8145	0.559667872	5.94190849e+13
4.56e-09	-1920.71989	311.597154	13095.2921	59325.8257	0.559801463	5.94207828e+13
4.57e-09	-1743.89211	1042.13535	13964.5213	60301.5652	0.55979901	5.94231103e+13
4.58e-09	-1586.94954	1277.73112	14538.468	59624.7442	0.559661593	5.94247478e+13
4.59e-09	-549.364773	424.969874	12755.6188	61235.3199	0.559566369	5.94258753e+13
4.6e-09	565.23749	-96.2282847	11490.7715	62512.0812	0.558666445	5.94248678e+13
4.61e-09	-649.756222	-999.855457	11062.7761	60500.0347	0.558217265	5.94206258e+13
4.62e-09	895.966318	-337.463425	11436.0322	59648.8149	0.558644619	5.9417136e+13
4.63e-09	-425.954256	-338.495411	12681.5419	60233.4111	0.559231911	5.94161927e+13
4.64e-09	-17.4160522	598.194686	13136.4277	60353.934	0.559168594	5.94163908e+13
4.65e-09	-2051.99432	613.088579	11388.23	61320.7179	0.558875241	5.94158043e+13
4.66e-09	-957.944155	-13.7940092	9088.45339	61168.1036	0.558882305	5.94145457e+13
4.67e-09	1596.08615	-287.836749	10282.8319	58794.2255	0.559480472	5.94142451e+13
4.68e-09	2232.43409	1925.01234	10166.4143	60327.2303	0.559783255	5.94165949e+13
4.69e-09	1940.85251	4267.40217	12335.4156	58456.4071	0.559969607	5.94191131e+13
4.7e-09	1328.14241	3679.21633	11990.0406	58632.9696	0.560633155	5.94232841e+13
4.71e-09	1488.39712	4594.30023	11057.3116	61170.2239	0.560246068	5.94281728e+13
4.72e-09	2624.76716	3608.60115	9918.33016	61629.9527	0.55956073	5.94300185e+13
4.73e-09	3779.58465	3707.81143	11633.0579	62750.7227	0.558676222	5.94287821e+13
4.74e-09	2896.38831	1649.01476	11829.1401	62033.9755	0.558019881	5.94242705e+13
4.75e-09	2301.95692	689.696947	13779.2468	63404.346	0.557288193	5.9417735e+13
4.76e-09	880.869637	798.778286	13597.107	62604.5383	0.556490653	5.94082286e+13
4.77e-09	-1836.91559	-42.1011606	11165.959	60678.7254	0.556868678	5.9398502e+13
4.78e-09	-943.295534	-2215.14957	10220.5908	60074.0101	0.558097863	5.93933135e+13
4.79e-09	1403.23161	-3656.95412	8354.82765	60063.3446	0.558703106	5.93924111e+13
4.8e-09	1534.83535	-2591.34045	7820.70329	60582.398	0.559285969	5.93939056e+13
4.81e-09	3031.21281	-2548.45817	8596.84631	61386.9041	0.559228337	5.93964313e+13
4.82e-09	2368.26114	-2058.37736	8672.58031	62432.8658	0.558623519	5.93974833e+13
4.83e-09	2440.55204	-2057.57219	9061.32565	61682.8467	0.558298252	5.93961853e+13
4.84e-09	1146.04593	-1568.29842	10161.6816	62285.7378	0.558249601	5.93945652e+13
4.85e-09	-14.3771224	-740.494076	9415.59827	63245.3809	0.557704488	5.93919138e+13
4.86e-09	854.657929	-762.321109	9087.1826	65152.5132	0.556744384	5.93867613e+13
4.87e-09	842.204659	-711.787813	9754.12577	62919.5525	0.556024222	5.93779423e+13
4.88e-09	513.205629	-1323.60796	11482.8526	60104.196	0.556929245	5.9370178e+13
4.89e-09	464.125103	-341.861667	10704.9242	60015.2516	0.557907519	5.93675107e+13
4.9e-09	1492.03335	739.45044	10107.9795	61732.5407	0.558512667	5.93685686e+13
4.91e-09	2594.06001	1913.36169	8968.21146	60354.5777	0.558458503	5.93700544e+13
4.92e-09	3355.42373	636.480826	7906.13053	62285.841	0.55865538	5.93723156e+13
4.93e-09	2254.54292	670.14222	6951.61201	61678.3104	0.558708661	5.93742266e+13
4.94e-09	3285.48863	1148.884	7616.80794	63064.915	0.558362947	5.93758558e+13
4.95e-09	2660.38586	1068.99265	6076.22549	62711.641	0.558048132	5.93755953e+13
4.96e-09	3243.4884	2685.32205	5858.33367	61302.8904	0.558226992	5.93749526e+13
4.97e-09	3422.01659	982.848785	5550.97275	60431.9353	0.558967977	5.9376216e+13
4.98e-09	3804.85669	3043.93204	6232.31758	61016.9373	0.559233773	5.93796489e+13
4.99e-09	2170.7898	1563.54031	7203.15215	60013.461	0.559463607	5.93836117e+13
5e-09	3745.19073	3018.02873	6330.47722	60942.637	0.559818952	5.93886011e+13
5.01e-09	1459.03821	4542.2159	7285.38475	60102.7947	0.55997724	5.93938495e+13
5.02e-09	2163.83172	3402.66197	8309.17787	58659.6587	0.560555888	5.94000364e+13
5.03e-09	3519.455	2436.54368	9677.42791	59310.703	0.560918112	5.9408014e+13
5.04e-09	1540.20148	1834.79243	9920.18782	59681.07	0.561045736	5.94159387e+13
5.05e-09	856.100437	2687.86702	9210.91594	60094.1381	0.561212798	5.9423859e+13
5.06e-09	105.656075	889.229851	7022.30094	60338.9128	0.560582319	5.9430092e+13
5.07e-09	-801.80219	1689.26946	6269.03036	59974.998	0.560654521	5.94344594e+13
5.08e-09	-1094.93139	496.382632	6880.74581	59944.481	0.560800142	5.94389042e+13
5.09e-09	-1206.04829	-1168.46106	5241.22365	61570.8861	0.560563795	5.94429946e+13
5.1e-09	-63.3109405	-946.136085	4441.07903	63529.6439	0.55976584	5.94446409e+13
5.11e-09	220.74266	-659.796539	5289.74	63920.7153	0.558282696	5.94415449e+13
5.12e-09	-233.734082	-1661.40218	4385.09039	62786.0043	0.55771252	5.94341772e+13
5.13e-09	874.945967	-2005.04763	4758.88147	62053.0147	0.557751369	5.94266402e+13
5.14e-09	1525.85964	-1671.65945	6136.30376	61597.1131	0.558017522	5.94205371e+13
5.15e-09	849.465632	-1858.12407	6417.26896	60800.3667	0.558681959	5.94167506e+13
5.16e-09	-53.6854857	-805.060752	7453.89103	61250.9996	0.558981386	5.94155623e+13
5.17e-09	312.415575	-1380.90268	6501.13971	60797.2891	0.558919791	5.94146748e+13
5.18e-09	-128.696735	-315.03698	6730.79298	63664.8818	0.558602558	5.94136945e+13
5.19e-09	-83.8960717	1589.94186	5171.5908	62277.7932	0.558302245	5.94106745e+13
5.2e-09	753.757329	1378.64886	6215.20186	60981.633	0.558590821	5.94081295e+13
5.21e-09	1927.47874	1184.09953	6393.51645	62519.3284	0.558913631	5.94073683e+13
5.22e-09	-162.711742	293.606312	6069.18278	62307.4781	0.558521457	5.94064266e+13
5.23e-09	-630.426615	720.326014	6590.09494	62995.9883	0.558012492	5.94039511e+13
5.24e-09	-703.887855	2991.62417	6657.5602	63087.3899	0.557604313	5.93997193e+13
5.25e-09	383.388865	1465.70195	7700.93386	60143.4058	0.558139928	5.93955452e+13
5.26e-09	-848.663126	2927.60252	8057.98091	60918.0816	0.558384276	5.93940871e+13
5.27e-09	418.961603	3008.46779	7216.17932	61714.2462	0.558599759	5.93933975e+13
5.28e-09	130.413742	2393.6172	7773.39153	62444.5514	0.558468879	5.93930958e+13
5.29e-09	923.465562	1935.09466	7757.71812	60957.306	0.558689593	5.93923003e+13
5.3e-09	1263.78659	1697.91207	7391.84202	60666.4885	0.558683352	5.93926401e+13
5.31e-09	1004.43608	1453.67236	6919.8556	61017.63	0.558792826	5.93933013e+13
5.32e-09	321.877701	2454.51427	6573.96243	59972.7484	0.559206552	5.93945331e+13
5.33e-09	2106.63026	248.623224	8243.3632	61075.0655	0.559605262	5.93976776e+13
5.34e-09	1488.90087	434.039671	11264.6428	61618.1795	0.559128234	5.94004286e+13
5.35e-09	905.147847	1353.3689	11640.2584	61104.2378	0.559054564	5.94014774e+13
5.36e-09	-350.273606	-1051.19885	14633.453	60374.305	0.558766385	5.94019118e+13
5.37e-09	-556.438604	-527.08425	14909.2123	58784.9669	0.559107252	5.9402053e+13
5.38e-09	-1490.18847	1122.31943	14731.5046	57396.5531	0.559964973	5.94046256e+13
5.39e-09	-1865.80159	-285.886953	14092.9864	57786.6097	0.560847381	5.94104816e+13
5.4e-09	-1733.73033	-563.580258	14293.3837	59420.9763	0.561081665	5.94184766e+13
5.41e-09	-737.957341	649.307595	13525.0938	58397.4652	0.56090174	5.94252903e+13
5.42e-09	350.28341	192.691282	12464.1122	61042.4403	0.560784538	5.94315972e+13
5.43e-09	484.675681	-67.7638623	12866.6143	61444.3998	0.559802427	5.94348642e+13
5.44e-09	1657.95105	-2016.38402	12435.8586	59587.9702	0.559734091	5.94352465e+13
5.45e-09	1535.1402	-614.807907	12047.2839	60269.5128	0.559507257	5.94353475e+13
5.46e-09	-1665.25735	-255.500079	11320.9305	59731.4128	0.559551085	5.94348277e+13
5.47e-09	-876.307456	-288.199572	11992.615	58546.702	0.560005776	5.94351636e+13
5.48e-09	-3615.93973	-508.188333	11679.5009	60178.4395	0.560507634	5.94379252e+13
5.49e-09	-4090.96721	380.147227	11573.3848	60847.1907	0.559708292	5.94397198e+13
5.5e-09	-2923.27232	1353.81184	10595.3746	59412.468	0.55993199	5.94398213e+13
5.51e-09	-2582.04976	44.5722074	10818.6455	59426.6052	0.560108161	5.9440885e+13
5.52e-09	-2778.77089	-1137.80085	10914.66	58502.8633	0.560687477	5.94433103e+13
5.53e-09	-2484.44296	-428.697012	9819.33825	58782.7669	0.561080261	5.94477019e+13
5.54e-09	-1101.49862	-773.41929	11977.3268	59485.3362	0.561225558	5.94528208e+13
5.55e-09	-1313.97945	1750.5522	10248.9977	60394.916	0.560679777	5.94567532e+13
5.56e-09	-563.671291	778.787729	12204.9273	59415.0186	0.560432514	5.94583881e+13
5.57e-09	247.105911	1895.40879	13316.4885	60998.8288	0.560269277	5.94593257e+13
5.58e-09	995.790068	2359.7038	12958.8276	61688.0789	0.559673452	5.94586137e+13
5.59e-09	620.092112	2297.24106	11705.4311	62033.5784	0.558874325	5.94551004e+13
5.6e-09	-1593.90029	-451.460462	11400.5659	59793.0425	0.558715526	5.94496806e+13
5.61e-09	-1403.88819	-1579.50254	9353.46503	60417.4084	0.559425088	5.9446266e+13
5.62e-09	-463.48179	-2735.63693	8634.43072	60659.8377	0.559764319	5.94449626e+13
5.63e-09	-1846.85305	-583.749894	6232.00587	60900.3387	0.559872376	5.94448581e+13
5.64e-09	-467.954736	-1530.38295	6606.97426	61255.9727	0.559864161	5.94448585e+13
5.65e-09	-792.140559	-2451.23936	9429.02065	61444.0269	0.559420692	5.94442318e+13
5.66e-09	-81.8740257	-2031.75008	10045.0906	62632.0849	0.559035154	5.94419183e+13
5.67e-09	441.833114	-4163.01596	11451.7096	64239.3761	0.557644352	5.94366429e+13
5.68e-09	570.324131	-3761.60303	12205.4431	63506.7998	0.556496995	5.94263416e+13
5.69e-09	2284.39156	-3552.95894	11768.0633	61268.7781	0.55652633	5.94142474e+13
5.7e-09	313.619125	-3914.95032	12251.6344	61535.9878	0.557179609	5.9405263e+13
5.71e-09	-1073.56012	-4574.47619	12133.9228	60822.5265	0.557582592	5.93989347e+13
5.72e-09	-1590.95593	-4093.3351	11363.9618	59230.6696	0.558266783	5.93952525e+13
5.73e-09	-750.930142	-3557.40606	10166.7142	57476.6049	0.55985025	5.93963178e+13
5.74e-09	-1429.22809	-2194.32574	8106.03515	58322.2801	0.561172479	5.94035084e+13
5.75e-09	-2007.05098	-996.397917	6984.60504	59193.2707	0.561803145	5.94139047e+13
5.76e-09	-1579.95491	-218.685335	5968.26125	60581.7002	0.561726258	5.94246707e+13
5.77e-09	-2216.35127	54.1903753	5498.0955	61408.5852	0.561065883	5.94326997e+13
5.78e-09	-2262.69562	1665.08956	6798.33331	59849.7213	0.560737312	5.94378886e+13
5.79e-09	-1624.48847	1898.18569	7251.05843	60223.9536	0.560898571	5.94424296e+13
5.8e-09	-644.272909	2543.52362	8708.01549	62929.3081	0.560151146	5.94460706e+13
5.81e-09	-66.1721554	2913.32586	8816.74681	63295.725	0.558597931	5.94443088e+13
5.82e-09	1167.80339	2524.35425	8508.39098	63346.848	0.557703708	5.9437365e+13
5.83e-09	1954.81965	1954.04234	8568.9849	62046.6562	0.557213208	5.94285163e+13
5.84e-09	2450.98716	337.64435	9003.60237	62103.2337	0.557239199	5.94196791e+13
5.85e-09	2806.94829	236.474006	10319.2607	61066.8896	0.557568728	5.94120865e+13
5.86e-09	2082.81685	-620.619877	9536.19872	61348.9539	0.558288256	5.94073513e+13
5.87e-09	1169.47302	103.637488	10058.4369	60781.6733	0.558595913	5.94051905e+13
5.88e-09	1366.20723	-1015.61574	10648.8795	59856.4917	0.558851888	5.9404161e+13
5.89e-09	419.232645	505.290946	9735.36317	60246.2827	0.559254764	5.94047752e+13
5.9e-09	-535.49829	193.048252	6615.18075	61634.1323	0.559572085	5.94069137e+13
5.91e-09	-189.798805	-295.827188	5579.40921	63059.5052	0.559141472	5.94086267e+13
5.92e-09	1119.55755	-380.023476	6285.72245	61339.1583	0.55873436	5.94081865e+13
5.93e-09	1878.42607	-656.145075	6268.40953	61161.9855	0.558832168	5.94073433e+13
5.94e-09	2602.22075	-648.333686	4702.90341	61748.7955	0.558943558	5.94070838e+13
5.95e-09	1716.95386	494.956153	4656.65719	62658.6567	0.558861819	5.94067616e+13
5.96e-09	-173.196704	-12.4180718	4819.82838	63391.7394	0.558229556	5.94050431e+13
5.97e-09	131.887217	-236.842605	5104.11605	63510.3805	0.557789179	5.940153e+13
5.98e-09	-300.508593	-1544.71494	4445.6184	61570.3312	0.557638137	5.9396636e+13
5.99e-09	-207.552449	-463.653972	5237.65346	61289.1977	0.558130038	5.93932867e+13
6e-09	-84.0605504	1557.70528	5045.25238	61624.8159	0.558311818	5.93916524e+13
6.01e-09	-1087.25758	1768.70722	6221.98247	61103.5653	0.558724112	5.93910142e+13
6.02e-09	-1357.75661	-562.783652	4292.90671	59878.5493	0.559233468	5.93924968e+13
6.03e-09	331.738724	-1301.44578	4189.19283	60947.761	0.559478032	5.93956139e+13
6.04e-09	454.440319	-1449.6229	4262.72887	61663.0715	0.559750628	5.93994982e+13
6.05e-09	1607.63922	-2106.55857	5061.89323	62321.7269	0.559522014	5.94031891e+13
6.06e-09	400.055376	-1473.58517	6212.34483	61476.9572	0.559174389	5.94048067e+13
6.07e-09	1427.15378	-1303.92825	5980.81691	61142.626	0.559152365	5.94057021e+13
6.08e-09	5.63110944	-1231.09678	6343.72255	60862.0129	0.559062066	5.94063547e+13
6.09e-09	-983.435793	82.2522658	7364.12767	61951.8617	0.559275245	5.94074061e+13
6.1e-09	-1456.36685	-488.913273	5738.32549	60571.0032	0.559037096	5.94077801e+13
6.11e-09	-1977.51306	-991.906856	6344.7878	59258.923	0.559735112	5.94091637e+13
6.12e-09	-3784.18752	-1570.72466	6714.03618	61008.4716	0.560089354	5.94130974e+13
6.13e-09	-3143.35474	-1972.78336	5991.53814	59986.3256	0.560159586	5.94170373e+13
6.14e-09	-1702.21344	-2666.72477	6974.88557	61222.2226	0.560125747	5.94211577e+13
6.15e-09	-1083.19787	-2364.57572	7266.8509	60495.0331	0.560164182	5.94243253e+13
6.16e-09	-2549.11681	-1727.89854	8564.68512	62097.4229	0.56010827	5.94277846e+13
6.17e-09	-2216.12864	-2423.39521	9421.7216	61242.4344	0.559307569	5.94286436e+13
6.18e-09	-649.229105	-2143.25089	8722.99134	60110.1859	0.559430666	5.94279205e+13
6.19e-09	-674.963256	-3380.01267	9942.20122	59861.1204	0.55961271	5.94281028e+13
6.2e-09	-1935.29845	-3337.62721	11230.3264	60367.5827	0.560181063	5.94298758e+13
6.21e-09	22.1230313	-2683.39498	10682.6715	60429.3541	0.560118549	5.94323979e+13
6.22e-09	477.645885	-842.132057	11654.2185	60729.3865	0.559892204	5.94343597e+13
6.23e-09	606.078518	-519.624013	11955.2193	60584.3869	0.559767984	5.9435074e+13
6.24e-09	319.768868	935.774012	12024.9769	61257.085	0.559768962	5.94356901e+13
6.25e-09	237.261943	249.358101	14742.3879	62617.3156	0.558778065	5.9434576e+13
6.26e-09	-1484.86786	-1497.94313	14710.6326	61689.3969	0.557509754	5.94287324e+13
6.27e-09	-1767.14681	-1475.14197	13790.8553	59889.1166	0.557642742	5.94207275e+13
6.28e-09	-835.772305	-1048.23425	13411.6374	60028.9113	0.558055597	5.94151221e+13
6.29e-09	725.841097	-1366.16029	15819.2657	59897.2069	0.558177388	5.94110662e+13
6.3e-09	886.416759	-2691.0881	14530.0919	61677.2948	0.558380915	5.94080809e+13
6.31e-09	274.228521	-1532.42736	13932.502	60523.4315	0.558319411	5.94053642e+13
6.32e-09	-588.411603	-1508.91522	14991.8445	59792.1217	0.558559643	5.94033389e+13
6.33e-09	-728.832367	-2052.27189	12220.8326	59661.8166	0.558933868	5.94028305e+13
6.34e-09	-845.254044	-2295.32924	11220.379	58571.7303	0.559350969	5.94037093e+13
6.35e-09	-125.77085	-1168.69207	10859.093	57448.8643	0.560385597	5.94072701e+13
6.36e-09	456.925922	-1845.97823	9747.065	57115.0821	0.561721537	5.94154087e+13
6.37e-09	-239.494035	-829.439341	8991.99125	57837.4165	0.562585695	5.94273319e+13
6.38e-09	-1560.797	331.955889	11190.9833	57565.789	0.562962172	5.94406132e+13
6.39e-09	-2705.31986	411.935932	10993.7079	59574.1771	0.562585537	5.94531136e+13
6.4e-09	-3001.48666	2471.82786	11316.9332	60655.0842	0.561495431	5.94613647e+13
6.41e-09	-2380.84649	651.86527	11110.0485	62406.287	0.560069677	5.94640141e+13
6.42e-09	-2995.21407	-63.883045	9927.43569	61102.1275	0.559436198	5.9461399e+13
6.43e-09	-3405.8287	-762.90835	7820.75888	61674.178	0.559252729	5.94579683e+13
6.44e-09	-2900.95912	-883.226264	6791.79652	60750.9694	0.559159197	5.9453924e+13
6.45e-09	-1928.54284	-382.919457	6649.34776	59885.1779	0.559593769	5.94509102e+13
6.46e-09	-1151.58719	-669.617231	6460.56193	60349.225	0.559967138	5.94501222e+13
6.47e-09	-1181.47038	217.384837	5750.01378	61346.3732	0.559787982	5.94500921e+13
6.48e-09	-1476.65269	-1057.79463	6633.35498	61825.9033	0.559414187	5.94487138e+13
6.49e-09	41.028159	578.742039	8528.24911	62286.3964	0.559006997	5.94458202e+13
6.5e-09	237.972439	-2212.65162	7995.07103	62746.7611	0.558499389	5.94415214e+13
6.51e-09	-1031.52994	-1115.44078	8730.89408	63039.7999	0.55791974	5.94352968e+13
6.52e-09	-134.47999	-626.592522	10063.9804	62929.2829	0.557310212	5.94270952e+13
6.53e-09	102.044044	965.722635	9860.6069	61486.0255	0.55731119	5.94184611e+13
6.54e-09	-227.802332	-112.592187	6999.67354	59019.1488	0.558392511	5.94125681e+13
6.55e-09	-2059.12339	1538.24477	8768.44109	59041.0265	0.559512051	5.94120373e+13
6.56e-09	-2172.49589	630.310823	9847.7314	58226.5258	0.560213703	5.94150213e+13
6.57e-09	-2722.20391	-183.826219	8264.01157	59182.1922	0.560888294	5.9420912e+13
6.58e-09	-2678.24169	713.193159	8447.07772	59077.8428	0.561308936	5.94280744e+13
6.59e-09	-2417.79832	661.140143	7144.6243	60357.2977	0.561126507	5.94352495e+13
6.6e-09	-2729.79914	1059.39682	7921.54121	60690.8653	0.560852103	5.94409091e+13
6.61e-09	-118.252004	380.320721	9379.51523	62017.815	0.560213044	5.94444407e+13
6.62e-09	-703.748146	1971.19945	8222.58902	60564.7138	0.559859595	5.94450174e+13
6.63e-09	-153.230899	2391.06961	9053.42162	61808.0682	0.559753541	5.94450371e+13
6.64e-09	180.453443	434.788523	9004.03865	60271.3183	0.559609606	5.94438497e+13
6.65e-09	-433.851132	1873.94528	10251.5353	59898.7504	0.559899221	5.94435225e+13
6.66e-09	-1123.47245	562.108602	9443.46894	59853.4963	0.559870405	5.94437971e+13
6.67e-09	-3095.29258	1005.56051	11024.7771	59278.6007	0.560214427	5.94446362e+13
6.68e-09	-2998.20143	1247.25976	10760.7386	59806.5494	0.560486893	5.94467132e+13
6.69e-09	-1554.23078	-870.89758	12396.2397	59344.8455	0.560455887	5.94490437e+13
6.7e-09	-1761.42335	-1079.30387	11948.8859	59691.4097	0.56032229	5.94510179e+13
6.71e-09	-3080.62344	-685.234945	9371.3847	61031.36	0.560279692	5.9452203e+13
6.72e-09	-2521.75404	-1005.23602	9036.13205	61354.4108	0.559684053	5.94519724e+13
6.73e-09	-842.563179	-476.04963	9821.73902	62496.5534	0.558737664	5.94491045e+13
6.74e-09	-158.811449	102.957246	7711.00457	61838.5687	0.558439854	5.94435298e+13
6.75e-09	-719.937645	-683.043418	6440.30447	61070.6851	0.558659338	5.94382941e+13
6.76e-09	448.483656	-176.335917	4207.38705	60674.5826	0.559138143	5.94349627e+13
6.77e-09	519.574732	926.675815	3706.68705	59879.5445	0.559569406	5.94336673e+13
6.78e-09	656.259666	594.33869	2319.65473	61302.4448	0.559997994	5.94345803e+13
6.79e-09	-150.812243	1509.00159	1602.55532	62830.2536	0.559779012	5.94358859e+13
6.8e-09	-237.966789	692.604481	1948.5977	63267.849	0.558895926	5.94349075e+13
6.81e-09	-1810.06906	303.597381	2531.26958	62173.991	0.55841551	5.94309611e+13
6.82e-09	-1955.48922	-181.933351	3899.29517	61940.7792	0.558352759	5.94264387e+13
6.83e-09	-2930.6623	-682.200523	3066.94833	60421.8882	0.558637693	5.94223341e+13
6.84e-09	-2013.4798	-1283.36449	4318.91224	61067.5417	0.559300305	5.94210354e+13
6.85e-09	-1546.12928	-1069.47391	5363.01862	61760.2503	0.5592066	5.9420911e+13
6.86e-09	-1240.149	1307.98719	7172.79117	60993.9819	0.559192333	5.94203729e+13
6.87e-09	-917.852121	145.83325	7442.70643	61409.7868	0.559042834	5.94200768e+13
6.88e-09	-236.86603	-113.491529	8252.14465	62946.0965	0.558674457	5.94185143e+13
6.89e-09	-587.370549	-245.62042	9542.74289	63775.9918	0.557547177	5.94142559e+13
6.9e-09	-1277.79065	361.627523	10613.5706	62644.3012	0.557281884	5.94072533e+13
6.91e-09	101.753329	933.269139	10060.7775	61671.2929	0.557410693	5.94005784e+13
6.92e-09	260.578772	-1232.2313	9679.12611	61785.7181	0.557771154	5.93956825e+13
6.93e-09	-818.164445	-1545.05724	8998.37025	59408.5606	0.558229082	5.9392459e+13
6.94e-09	-886.927189	-1740.63004	8589.34495	57720.7477	0.559767874	5.93936209e+13
6.95e-09	-1516.57381	208.69303	9179.42628	57007.3562	0.561341583	5.94010564e+13
6.96e-09	-2608.16202	-61.6323051	8499.34346	57667.5596	0.562431969	5.94132082e+13
6.97e-09	-1167.2504	-1123.1549	10245.959	58379.4441	0.562651112	5.94272745e+13
6.98e-09	-202.119449	-334.203615	10737.146	57937.232	0.562830682	5.9440288e+13
6.99e-09	-221.034385	-647.215691	9305.27172	58581.607	0.562962663	5.94528294e+13
7e-09	237.333205	1017.51982	9322.58781	60122.8481	0.562666123	5.94642306e+13
7.01e-09	434.572752	2555.70852	8119.03777	60617.6312	0.561816088	5.94720904e+13
7.02e-09	-333.665181	3637.41684	10005.1202	60933.8058	0.561000621	5.94759136e+13
7.03e-09	-1613.20988	3341.69083	11162.3657	60709.9251	0.56008726	5.94758605e+13
7.04e-09	-2518.90157	2538.42033	13782.3163	62930.2551	0.559215895	5.94727171e+13
7.05e-09	-1760.15553	2600.2665	14156.4343	62428.4969	0.558075084	5.946528e+13
7.06e-09	-1627.05149	1971.57243	14856.3769	61446.9594	0.557698228	5.94552796e+13
7.07e-09	-1080.85195	2674.40229	14802.3849	60920.2254	0.557687088	5.94455929e+13
7.08e-09	-1974.58153	2509.87672	14432.9302	62595.647	0.557232581	5.94363922e+13
7.09e-09	-2582.59358	1916.06263	13712.2182	59824.468	0.557324202	5.94264951e+13
7.1e-09	-2845.20325	1841.8614	14125.0695	60775.6179	0.558162998	5.94200385e+13
7.11e-09	-2158.54513	3124.67454	14752.812	59947.0047	0.558356637	5.94158411e+13
7.12e-09	-536.828374	579.973916	16308.8582	60045.2106	0.558472039	5.94128842e+13
7.13e-09	-1072.45818	1000.18534	15099.2439	60464.3692	0.55824441	5.9409895e+13
7.14e-09	29.3760316	-13.6639995	14452.5126	62204.4528	0.558033388	5.94065745e+13
7.15e-09	-964.964518	506.310125	16167.4231	62161.7142	0.557183672	5.94013694e+13
7.16e-09	799.25264	292.316739	16056.9002	60599.8052	0.556822333	5.93938064e+13
7.17e-09	961.54766	454.382143	13706.8632	60550.3837	0.557368616	5.93875886e+13
7.18e-09	-351.761038	721.201818	12339.6686	60109.0345	0.557967189	5.93841213e+13
7.19e-09	1136.15628	1861.99226	12675.6634	58954.8733	0.558608952	5.93834075e+13
7.2e-09	624.624563	2642.88134	12435.1668	59553.9845	0.559232574	5.93855739e+13
7.21e-09	833.239727	3025.82131	12298.2257	59352.622	0.559675159	5.93893595e+13
7.22e-09	496.04228	1849.69547	11860.1796	60891.9049	0.55938543	5.93937148e+13
7.23e-09	691.98215	1092.45532	11035.3877	60947.1562	0.559412551	5.9396563e+13
7.24e-09	-434.746824	-187.621731	11962.0761	61019.0791	0.559117216	5.9398633e+13
7.25e-09	50.7556265	-987.03161	10446.7859	59914.0666	0.559200211	5.9399877e+13
7.26e-09	-1005.60795	-82.8279902	11381.644	60059.8991	0.559215407	5.94015921e+13
7.27e-09	-1637.4211	-547.359769	11271.5874	60508.1015	0.55923357	5.94031396e+13
7.28e-09	-1148.49365	336.400491	10202.3794	60852.5565	0.559142399	5.9404558e+13
7.29e-09	615.162686	-436.732156	10774.3585	61207.4104	0.5591794	5.94057594e+13
7.3e-09	606.394317	-1774.54762	8685.26339	61355.9374	0.558735754	5.94058605e+13
7.31e-09	866.98462	-602.562841	8779.23332	61453.0978	0.558469133	5.94047099e+13
7.32e-09	951.022524	-185.238277	7152.86342	62585.5956	0.558483611	5.94030994e+13
7.33e-09	241.057401	20.332191	6397.94944	64034.6366	0.557609529	5.94000862e+13
7.34e-09	442.951759	-721.134487	7311.89349	63724.8784	0.55665261	5.93934454e+13
7.35e-09	1100.43685	-1187.63511	9195.5493	62909.8854	0.556565383	5.93852196e+13
7.36e-09	1240.4474	-778.131992	9926.19871	61834.827	0.556883557	5.93782242e+13
7.37e-09	973.934756	-1567.60608	10743.8852	61191.8241	0.557354684	5.93734808e+13
7.38e-09	-156.465874	-1752.16131	8551.84642	59215.5086	0.558058709	5.93712546e+13
7.39e-09	300.914073	-2191.60858	8550.7508	58973.2829	0.559497943	5.93736175e+13
7.4e-09	-361.74674	-1265.60927	6650.22742	60433.7298	0.560245975	5.93806179e+13
7.41e-09	345.378124	-706.662747	5295.60715	60732.9826	0.560153839	5.9388115e+13
7.42e-09	681.10335	1250.29332	6782.86426	60668.3833	0.560097483	5.93945372e+13
7.43e-09	-353.678036	1211.25476	7475.10806	60403.4751	0.560240534	5.9400544e+13
7.44e-09	-62.9145931	1528.41986	10082.3836	60665.7922	0.559925557	5.94059543e+13
7.45e-09	-658.158309	2119.02897	9291.12896	58717.4721	0.55997776	5.94096187e+13
7.46e-09	-372.740257	1751.17597	10575.1726	56982.3466	0.561133319	5.94153651e+13
7.47e-09	330.763903	443.614992	11044.8165	60093.0466	0.561561069	5.94246722e+13
7.48e-09	115.930675	1098.14495	10485.0852	58877.8473	0.561413521	5.94329905e+13
7.49e-09	-1178.40604	1064.54969	12263.898	60047.1263	0.561245761	5.94404036e+13
7.5e-09	-1388.14757	1073.84367	14091.6574	61037.4094	0.560662732	5.9445342e+13
7.51e-09	-2045.46396	149.526086	12306.0471	60282.1967	0.559751429	5.94466055e+13
7.52e-09	-844.228381	303.785812	10702.8759	60487.5248	0.55967866	5.94459203e+13
7.53e-09	-479.399276	1057.80653	12065.8099	61715.7913	0.559368941	5.94447327e+13
7.54e-09	376.974421	2078.4224	11930.3614	63452.1337	0.558348184	5.94410549e+13
7.55e-09	989.65403	927.242706	9557.83379	61732.9932	0.557877022	5.94340205e+13
7.56e-09	1769.9541	2020.24723	9164.58187	60937.7221	0.558275677	5.94277882e+13
7.57e-09	1602.41001	1273.19377	7865.41339	62369.1109	0.558400971	5.94236126e+13
7.58e-09	1135.97149	500.975455	7350.70827	62249.6731	0.558229852	5.94193897e+13
7.59e-09	1393.61682	1346.91233	6488.15385	62500.2823	0.558219739	5.94154031e+13
7.6e-09	1124.93426	1464.62822	4006.74176	61857.7033	0.558599887	5.9412041e+13
7.61e-09	1591.45439	627.587447	3925.62231	64246.2356	0.558163027	5.94097251e+13
7.62e-09	1533.33478	2007.97601	2965.18907	63440.4064	0.557293124	5.94044639e+13
7.63e-09	768.507791	2788.93777	4287.28496	62398.3058	0.557011546	5.93972531e+13
7.64e-09	-1638.26984	2319.1313	2053.12993	62320.709	0.557934354	5.93921427e+13
7.65e-09	-518.6771	3310.31266	667.232703	61563.7831	0.558323865	5.93902827e+13
7.66e-09	-1459.71689	1887.29889	1234.65612	63829.8288	0.557895003	5.93889158e+13
7.67e-09	-1109.39149	-893.132727	2547.89248	62778.5906	0.557589811	5.93855123e+13
7.68e-09	-366.812267	-1687.3111	2450.38776	61654.626	0.557663718	5.93820108e+13
7.69e-09	-597.031874	-3142.43605	4925.43431	62872.3627	0.557884368	5.9379719e+13
7.7e-09	-419.421593	-1838.98407	6556.55419	63077.9095	0.557658116	5.93777722e+13
7.71e-09	549.766144	-942.676949	9086.19002	60812.2116	0.55811218	5.93757191e+13
7.72e-09	2211.20471	-1023.93159	9759.7362	61881.3346	0.558253655	5.93757194e+13
7.73e-09	2537.39128	-20.6170778	10415.2984	60110.8595	0.558623888	5.93760975e+13
7.74e-09	2963.78162	492.215668	9767.3548	61100.0818	0.558676378	5.93780086e+13
7.75e-09	3216.528	-454.30949	9593.1791	60093.0252	0.559057787	5.93799349e+13
7.76e-09	3442.93826	-552.468524	8945.76721	58957.6296	0.559822276	5.93842265e+13
7.77e-09	1918.22522	-557.337509	8312.89313	58063.4809	0.560784948	5.93916102e+13
7.78e-09	1529.46518	-429.637611	8247.19415	58733.2647	0.561539173	5.94017828e+13
7.79e-09	862.991254	-1062.16659	7687.88711	59761.929	0.561690882	5.94131161e+13
7.8e-09	2360.6495	-703.727896	6349.64164	60124.8671	0.56149684	5.94229765e+13
7.81e-09	510.371474	-1870.81503	6420.67425	61257.2742	0.561236675	5.94311629e+13
7.82e-09	457.421074	-2391.86581	5328.46573	62793.1418	0.560138746	5.94361668e+13
7.83e-09	-552.87698	-2135.70691	4958.46886	64509.7724	0.558589958	5.94352251e+13
7.84e-09	-92.6330984	-2695.90366	5110.41173	65383.9329	0.55691395	5.94282199e+13
7.85e-09	-1233.36053	-2192.84148	5533.398	63311.7977	0.556217457	5.94165851e+13
7.86e-09	805.484182	-468.497832	6778.4872	62627.893	0.556763025	5.94057679e+13
7.87e-09	247.928669	-454.658771	7491.84665	61895.0464	0.557339421	5.93981094e+13
7.88e-09	-257.364778	-2831.08173	8289.27545	60180.0255	0.55800454	5.9393626e+13
7.89e-09	-1148.86809	-2253.96465	10279.7035	62246.0076	0.558368289	5.93921665e+13
7.9e-09	-1881.09456	-3014.88491	10248.5337	60478.773	0.558358091	5.93910794e+13
7.91e-09	-3194.582	-4022.62908	10529.2872	63061.803	0.558170697	5.93901546e+13
7.92e-09	-2854.57279	-4822.97979	11874.1915	62652.0484	0.557392353	5.93870796e+13
7.93e-09	-1905.33279	-4932.71513	11739.966	62128.1392	0.557162063	5.93820284e+13
7.94e-09	-2237.61001	-3309.94321	13106.8332	61751.2305	0.557180218	5.93770698e+13
7.95e-09	-875.381415	-2866.82029	13560.8917	63320.4986	0.556438471	5.93715057e+13
7.96e-09	138.464813	-1122.6288	15226.9361	62128.2091	0.555956919	5.93637934e+13
7.97e-09	131.841335	-2871.026	15042.349	61305.7836	0.556078289	5.93558266e+13
7.98e-09	1697.89991	-2792.53115	14697.2723	59890.2425	0.55689565	5.93503866e+13
7.99e-09	2387.88461	-1705.12909	14277.9553	59730.5574	0.557862136	5.93492762e+13
8e-09	2394.40821	-1565.56318	15273.1767	56764.2688	0.559228525	5.93524922e+13
8.01e-09	1320.35553	-1275.59135	16292.7819	56289.0593	0.560530936	5.93610721e+13
8.02e-09	1934.07502	-1029.41453	15790.5364	57500.0117	0.561472698	5.93737149e+13
8.03e-09	1745.09016	-1034.77106	15637.4764	58261.8901	0.561475441	5.93868707e+13
8.04e-09	1644.97137	-344.415335	15040.9306	60403.8959	0.560915589	5.93982262e+13
8.05e-09	1673.05876	-808.473118	13358.6173	62286.6997	0.559722688	5.94046871e+13
8.06e-09	2599.3603	-253.72407	12479.5406	60654.92	0.558995778	5.94061987e+13
8.07e-09	2787.88455	-12.0954512	12198.3348	60364.083	0.559071462	5.94063972e+13
8.08e-09	900.852346	817.284911	11821.1195	59046.4986	0.559478724	5.9407324e+13
8.09e-09	1417.85906	787.183785	9972.3965	59630.9667	0.559912077	5.94103824e+13
8.1e-09	2581.22828	-1237.26264	9110.3622	60843.4175	0.560052089	5.94141459e+13
8.11e-09	1746.85189	-698.18703	9002.7254	61617.1302	0.559850224	5.94174992e+13
8.12e-09	1136.23574	-786.229694	9198.91546	60659.1098	0.559485831	5.94192029e+13
8.13e-09	639.793996	-572.63537	9024.56819	60837.4577	0.559641833	5.94204128e+13
8.14e-09	582.207722	80.7974512	9740.28838	61759.6528	0.559436951	5.94215746e+13
8.15e-09	551.067836	151.423363	11196.8287	62437.0245	0.558780795	5.94210629e+13
8.16e-09	889.524738	1042.19222	10197.4414	63648.5917	0.558125454	5.94177427e+13
8.17e-09	1380.80333	1489.04714	9101.49474	62029.5348	0.557779821	5.94123204e+13
8.18e-09	101.091177	1968.29715	7726.97448	61304.8605	0.557853951	5.94070999e+13
8.19e-09	-2824.8433	2964.55876	8516.39092	61976.5849	0.55802553	5.94031329e+13
8.2e-09	-2625.88912	3893.52373	8492.96757	60859.3578	0.558322664	5.94000102e+13
8.21e-09	176.209274	1489.02792	7272.21132	61057.1618	0.558943402	5.93993218e+13
8.22e-09	268.170468	819.439784	6890.75482	59771.6588	0.559316329	5.94006386e+13
8.23e-09	-422.91967	1784.18764	7149.60989	59548.2754	0.560168186	5.94040715e+13
8.24e-09	-187.377131	1700.71228	7116.58425	61924.1541	0.560044915	5.94094276e+13
8.25e-09	-635.612593	1087.66263	7670.86928	61270.1714	0.559564458	5.94121851e+13
8.26e-09	-1990.25387	981.495871	8206.34435	59827.2519	0.559697279	5.94139585e+13
8.27e-09	-1162.61214	685.521611	10282.6918	58936.1995	0.560405004	5.94175979e+13
8.28e-09	-1695.59501	-312.472635	8987.75975	60797.4837	0.560572651	5.94228735e+13
8.29e-09	-1000.12962	316.939856	9968.7925	59844.2124	0.560422146	5.94272463e+13
8.3e-09	-1042.86813	810.592362	11218.9923	59097.3566	0.560489258	5.94313885e+13
8.31e-09	-1228.67549	-923.856739	10612.1487	59142.2162	0.560390944	5.94351817e+13
8.32e-09	-1062.59308	-2586.55357	10666.9485	60932.8072	0.560368657	5.94386443e+13
8.33e-09	-1216.52931	-2639.31509	11052.2974	60739.6542	0.560126887	5.94406298e+13
8.34e-09	-2036.38422	-614.10403	10880.9446	58442.5409	0.560408799	5.94421407e+13
8.35e-09	-1212.7506	-2024.77563	11661.1741	59130.9012	0.56055206	5.94449437e+13
8.36e-09	-1178.44919	-2293.73416	10886.3459	59487.6857	0.560975223	5.94485077e+13
8.37e-09	-874.785732	-1221.51114	9542.98394	59046.2389	0.561151334	5.9452822e+13
8.38e-09	-654.657718	-1184.98529	7752.70719	59799.0712	0.561025514	5.94571805e+13
8.39e-09	-776.856993	-1646.32992	7862.23795	61848.6162	0.560482083	5.94600066e+13
8.4e-09	-1036.34503	-787.506332	7818.91864	61066.0095	0.559561417	5.94592611e+13
8.41e-09	-513.735796	-39.301421	6637.19908	61456.397	0.559421097	5.94567192e+13
8.42e-09	-389.622085	675.813724	6722.95235	60642.575	0.559244428	5.94534738e+13
8.43e-09	-682.186687	1516.94047	4381.91209	60875.9125	0.559577746	5.94509638e+13
8.44e-09	326.234248	281.020198	3816.4542	61295.0856	0.559755977	5.944979e+13
8.45e-09	676.810464	-835.816707	3368.65982	60576.0872	0.559874574	5.94492348e+13
8.46e-09	-1413.51772	-1041.0643	2746.28665	60107.2324	0.560368023	5.94497866e+13
8.47e-09	-1461.41955	-1234.17885	2184.76523	61367.6714	0.560564285	5.94517388e+13
8.48e-09	-1961.52739	1.96836631	1816.49522	60848.9864	0.560183931	5.94530239e+13
8.49e-09	-2292.26563	523.502852	2290.93266	60043.9085	0.560030547	5.94532663e+13
8.5e-09	-114.442767	-226.971188	2041.70396	60456.779	0.560655497	5.94544879e+13
8.51e-09	-127.916878	-911.68309	2471.77693	60136.3554	0.560773546	5.94569731e+13
8.52e-09	-490.783649	-185.890075	4760.6174	60646.0903	0.560730655	5.94595765e+13
8.53e-09	-1414.611	-1053.48149	5134.36727	60939.8339	0.560586326	5.94614682e+13
8.54e-09	-344.322224	-958.171923	5011.83538	63000.6531	0.559639727	5.94614579e+13
8.55e-09	536.022681	-2632.84361	7477.51719	63379.382	0.558582168	5.94571591e+13
8.56e-09	252.754016	-2132.4541	7524.66061	60554.3456	0.558686887	5.94503604e+13
8.57e-09	470.628872	-744.044209	6974.77359	59928.6342	0.559368394	5.94464374e+13
8.58e-09	-72.8629749	-573.371316	6671.97404	59312.0632	0.559923698	5.9445387e+13
8.59e-09	-612.306553	-1688.44213	6826.87389	58394.2508	0.560942001	5.94472701e+13
8.6e-09	222.495993	-3480.80734	6696.95828	57957.2292	0.561911695	5.94530203e+13
8.61e-09	-1494.3611	-1528.36242	8298.4477	59425.8326	0.562303676	5.94615165e+13
8.62e-09	78.6825656	-1780.42028	7544.97142	59563.0265	0.562220416	5.94694667e+13
8.63e-09	313.494257	-1156.28824	7295.7685	61216.1192	0.561337532	5.94753855e+13
8.64e-09	-381.768408	1063.35722	7526.59008	62387.9402	0.560273949	5.94765913e+13
8.65e-09	-399.811788	3111.71074	5743.06315	63105.7025	0.559032553	5.94729441e+13
8.66e-09	1784.05223	3068.48372	6506.00352	64274.5054	0.558228304	5.9465556e+13
8.67e-09	1299.62199	2710.25476	6993.18892	63600.5065	0.557331642	5.94552086e+13
8.68e-09	1979.3481	2559.6358	6830.83531	62907.5106	0.557137512	5.94437888e+13
8.69e-09	4293.79283	1202.043	5732.52659	60955.9605	0.55756952	5.94336266e+13
8.7e-09	4576.24802	311.648339	6164.89513	61736.8807	0.558183223	5.94269612e+13
8.71e-09	2834.16008	-802.843781	6491.08208	61497.5193	0.558506161	5.94225518e+13
8.72e-09	1930.4581	-2143.56945	8645.62773	61462.1389	0.558594146	5.94194376e+13
8.73e-09	1922.76125	10.4102083	11068.1971	61623.7656	0.558366322	5.94164941e+13
8.74e-09	167.61803	-1508.11355	12862.514	62775.4646	0.557900899	5.9412528e+13
8.75e-09	191.977379	-2224.79672	12430.3906	63083.3699	0.557296012	5.94065795e+13
8.76e-09	-395.812852	-2338.69789	12087.1803	62435.8072	0.557086116	5.93993887e+13
8.77e-09	-640.115719	-2684.00865	13760.3466	61663.0141	0.557068342	5.93923934e+13
8.78e-09	-53.9646048	-1146.6031	14319.4319	60942.1199	0.557407075	5.93867265e+13
8.79e-09	-828.369787	264.703359	11871.9783	60369.4315	0.558096064	5.93835074e+13
8.8e-09	-1805.67273	-408.143439	11529.9616	59455.236	0.558857885	5.93836038e+13
8.81e-09	-930.114115	-1025.56233	11925.3327	58086.1228	0.559520741	5.93865195e+13
8.82e-09	-1884.13738	-1337.86407	14165.1287	58687.5624	0.560408428	5.93924628e+13
8.83e-09	-1570.71932	-345.858177	14202.7102	56884.8224	0.561293071	5.94009793e+13
8.84e-09	-2535.73724	-1241.64984	13282.4555	58335.3074	0.562145439	5.94127022e+13
8.85e-09	-2660.63241	-1393.32216	14187.3873	58662.956	0.561763047	5.94242988e+13
8.86e-09	-3236.80552	-1352.38378	14849.1616	58938.6625	0.561287749	5.94331527e+13
8.87e-09	-2199.12916	-1801.30435	14421.3185	58566.3412	0.561068455	5.94394675e+13
8.88e-09	-1131.89707	-1855.30917	13544.3798	58240.3183	0.560973463	5.94446998e+13
8.89e-09	-2485.77997	-2836.12907	15895.0629	57937.1157	0.561408112	5.9449927e+13
8.9e-09	-1471.44685	-732.065877	15742.0162	58076.5944	0.561486201	5.94557133e+13
8.91e-09	-644.955726	-1697.64448	13831.6207	58612.7047	0.561413943	5.94610494e+13
8.92e-09	341.533409	-1552.73229	12327.5794	60258.5825	0.560709192	5.94646564e+13
8.93e-09	-485.37922	-1615.2758	11576.6291	61590.0703	0.559926765	5.94649546e+13
8.94e-09	1523.95915	-763.659424	12245.2869	60077.2606	0.559563973	5.94623941e+13
8.95e-09	822.533083	-191.223066	12325.8234	60486.0721	0.559426939	5.94595036e+13
8.96e-09	1036.73143	1200.39065	11671.6289	59712.3228	0.559572774	5.94565133e+13
8.97e-09	1651.98951	449.54423	9041.35443	60774.5876	0.559846162	5.94549658e+13
8.98e-09	-903.431907	1301.9631	8117.57374	59011.7066	0.56022773	5.94543986e+13
8.99e-09	-670.614053	-149.958589	5508.55345	57438.2383	0.561422051	5.94570449e+13
9e-09	517.849102	1597.30307	6667.28917	59106.6855	0.562174443	5.94638754e+13
9.01e-09	455.546218	-458.871858	5901.77836	59037.4385	0.562113427	5.94713101e+13
9.02e-09	1676.39413	232.797852	7765.1734	60155.0583	0.562041983	5.94778919e+13
9.03e-09	266.041286	1495.11438	7235.35224	62617.5675	0.561082156	5.94820711e+13
9.04e-09	111.77513	983.512595	8524.43153	62026.0175	0.560027547	5.94814192e+13
9.05e-09	-95.2846621	2490.24536	10335.2236	63007.3598	0.559099038	5.94771745e+13
9.06e-09	-651.265246	1751.03076	9883.18329	62047.4674	0.558421576	5.94695033e+13
9.07e-09	-1966.66818	1999.85293	8815.12752	61941.6734	0.558471994	5.9461482e+13
9.08e-09	-383.767337	2727.34964	8304.33386	62208.5724	0.558353273	5.94542115e+13
9.09e-09	125.19123	2047.80104	7813.12815	60352.4528	0.558514018	5.9447429e+13
9.1e-09	-526.129322	4032.35617	7511.33378	59936.0688	0.559516287	5.94437282e+13
9.11e-09	1267.9557	3197.21837	6568.69533	58776.4832	0.560462451	5.94440854e+13
9.12e-09	1238.12874	1344.98169	6888.41081	57938.5801	0.561561003	5.94484665e+13
9.13e-09	1308.28231	-204.049805	9255.28275	59117.823	0.561992062	5.94561872e+13
9.14e-09	225.524736	767.871996	10193.726	59470.5174	0.561937912	5.94637818e+13
9.15e-09	-11.6235759	1626.38356	11597.4855	59471.98	0.561508	5.94695917e+13
9.16e-09	-497.038643	1150.83117	11655.1953	59931.0213	0.561336257	5.94737362e+13
9.17e-09	128.780819	65.650318	13314.1708	59562.0044	0.560635325	5.94755906e+13
9.18e-09	-88.7784335	-1689.15513	12120.5794	59793.0173	0.56044203	5.94754099e+13
9.19e-09	-663.168539	-3661.08758	11048.3882	60140.0701	0.560141305	5.94744098e+13
9.2e-09	-830.221223	-2928.56278	9234.66743	60683.1693	0.560161181	5.94727294e+13
9.21e-09	-357.044209	-3202.46417	8100.32517	60850.9896	0.560198143	5.94714739e+13
9.22e-09	-1979.91353	-2025.83979	7247.847	62149.6863	0.559553847	5.94693047e+13
9.23e-09	-2866.64839	-3558.40652	6427.67828	60420.432	0.559328056	5.94650938e+13
9.24e-09	-1426.09285	-3019.72601	5068.96494	60870.4427	0.559791343	5.94621545e+13
9.25e-09	-954.534179	-3321.13279	5798.27942	61055.9596	0.559751045	5.94604295e+13
9.26e-09	-187.683386	-3265.90987	5578.46343	61082.1347	0.559498492	5.9458255e+13
9.27e-09	1443.13815	-399.39067	3747.88707	60576.8999	0.559469648	5.9455733e+13
9.28e-09	15.7199998	-1435.61923	4767.7067	61085.97	0.559891509	5.94541386e+13
9.29e-09	-395.521467	-895.478273	3517.76265	61217.9308	0.559865665	5.94535485e+13
9.3e-09	-1481.99671	-1002.16873	2937.479	62310.808	0.559583896	5.94525662e+13
9.31e-09	-372.879707	-638.677356	4188.99528	61789.0725	0.559317149	5.94501196e+13
9.32e-09	-1435.001	-444.373766	2571.3772	62129.52	0.559111997	5.94470468e+13
9.33e-09	-1027.31835	-926.707902	2752.88293	62748.2797	0.558742067	5.94432744e+13
9.34e-09	-1603.70139	-197.326331	1295.37529	62767.8565	0.558246271	5.94380633e+13
9.35e-09	-2724.40641	-2090.59912	3342.06073	61872.6951	0.558127578	5.94321385e+13
9.36e-09	-2054.67119	-950.374338	3217.2437	64097.3982	0.558108151	5.94269149e+13
9.37e-09	-2267.84613	857.876937	2818.15958	62948.5913	0.557440087	5.94201837e+13
9.38e-09	-290.683761	43.7416984	3199.21574	61554.0784	0.557692537	5.9413047e+13
9.39e-09	-1313.20984	-462.029378	3248.28283	61366.3217	0.558304662	5.94084525e+13
9.4e-09	-589.289972	-1555.98756	1891.4476	60525.6697	0.558927946	5.94066975e+13
9.41e-09	-1914.36637	-737.651795	3934.46169	59419.6806	0.560086836	5.94085565e+13
9.42e-09	-3626.08458	-669.504991	5077.98269	58845.8442	0.56094982	5.94145798e+13
9.43e-09	-2992.99174	-207.021847	5166.80267	60152.9136	0.561491103	5.94231132e+13
9.44e-09	-1661.59278	40.6462564	4862.78228	60160.5065	0.561448076	5.94317815e+13
9.45e-09	-872.117238	524.374954	4416.95278	63261.4071	0.560627584	5.9438561e+13
9.46e-09	-525.762499	149.664858	5859.60596	63398.8084	0.5590579	5.94391276e+13
9.47e-09	-1246.34029	1243.53579	5551.21082	64397.1879	0.558046411	5.94347209e+13
9.48e-09	797.774001	176.470943	5666.63217	63598.6563	0.557379131	5.94268785e+13
9.49e-09	-496.048517	930.673991	5089.17817	63652.3644	0.556896638	5.94178443e+13
9.5e-09	-612.277684	689.438333	4135.95652	61621.4762	0.556996513	5.94084674e+13
9.51e-09	-516.797561	-858.911974	3742.38571	61294.2824	0.557831966	5.940213e+13
9.52e-09	1158.6429	-117.087321	4356.26868	59274.398	0.558761856	5.93996234e+13
9.53e-09	761.386088	-141.28278	5965.11123	60850.7389	0.559726872	5.94017853e+13
9.54e-09	-1285.8023	-198.74708	6752.26676	61779.126	0.559770747	5.94054648e+13
9.55e-09	-814.112619	-19.9466003	9603.77706	63468.3752	0.558758641	5.94073098e+13
9.56e-09	964.55072	-13.094611	10768.9856	62666.0349	0.557594387	5.94042047e+13
9.57e-09	649.601522	1592.18108	11402.2365	61679.0509	0.557619253	5.93987494e+13
9.58e-09	791.186133	3576.95137	12061.6428	61587.1889	0.557500424	5.93940689e+13
9.59e-09	884.677667	2739.07581	10308.5077	60778.1773	0.557806042	5.93897385e+13
9.6e-09	1740.84339	3175.00594	11197.5522	61694.7625	0.557873372	5.93871974e+13
9.61e-09	973.12434	4486.28937	11050.8481	60016.8181	0.55826888	5.93851656e+13
9.62e-09	840.48436	3555.99936	12128.3424	58712.3797	0.558982482	5.93856322e+13
9.63e-09	353.970975	4269.71361	11862.8276	58775.3512	0.559603181	5.93891361e+13
9.64e-09	-419.591307	5703.3309	12715.8146	57418.6392	0.560462711	5.93946772e+13
9.65e-09	-642.802486	5231.41301	14288.6668	58006.6568	0.561296244	5.94036935e+13
9.66e-09	-337.883717	2655.91817	12211.7674	56843.2642	0.562045687	5.94143437e+13
9.67e-09	951.130321	3113.05276	11301.5703	55827.1533	0.563007117	5.94276317e+13
9.68e-09	1125.11079	1092.61504	12580.0126	57262.4007	0.563560209	5.94434021e+13
9.69e-09	1231.5041	1471.79629	12731.6724	58083.5949	0.563357887	5.94580204e+13
9.7e-09	887.819133	1642.59938	13995.6611	58465.4454	0.562953684	5.94699886e+13
9.71e-09	937.455907	1229.79545	14606.515	59559.123	0.562255245	5.94788887e+13
9.72e-09	-840.510034	250.72236	14051.2175	61038.8258	0.561113888	5.9483275e+13
9.73e-09	-2568.53043	-91.6605445	15770.7778	60854.5582	0.559705397	5.94818659e+13
9.74e-09	-1685.66968	-2130.34711	14055.5	59836.3672	0.559487655	5.94770315e+13
9.75e-09	-2187.64108	-815.593846	14732.8935	57019.8218	0.560061495	5.94731222e+13
9.76e-09	-937.252957	200.109927	13349.1043	56975.1589	0.561439539	5.94739797e+13
9.77e-09	-2055.88478	1433.96951	12465.8602	58480.2971	0.562027936	5.94790741e+13
9.78e-09	-1920.53635	-1052.6972	10507.0442	60697.1854	0.56163302	5.94844033e+13
9.79e-09	-1911.01371	-117.385501	10303.5035	61018.8049	0.56062253	5.94859381e+13
9.8e-09	114.520895	-777.816281	9677.58152	61167.2805	0.560034042	5.94840321e+13
9.81e-09	-239.241909	96.0410352	8772.00436	62256.4738	0.559486537	5.94802115e+13
9.82e-09	429.965781	-515.312842	8904.60285	60395.136	0.559110265	5.94742662e+13
9.83e-09	561.533301	291.076416	8793.58128	61959.5225	0.559109639	5.94688285e+13
9.84e-09	443.698944	-674.155377	8381.8242	61570.6493	0.559208248	5.94635847e+13
9.85e-09	606.881461	-1588.25928	7997.81889	61714.0261	0.558830794	5.94585678e+13
9.86e-09	-115.883758	-1179.56082	7591.50453	63443.6829	0.558270746	5.94524654e+13
9.87e-09	2109.4232	-643.840104	9092.61521	61517.7555	0.557923464	5.94445744e+13
9.88e-09	432.034378	337.505253	7606.27403	60285.2279	0.558049394	5.94370142e+13
9.89e-09	-1374.54564	736.928263	7021.72954	60310.2888	0.558951987	5.94323087e+13
9.9e-09	-2004.02005	-240.501009	8065.36935	59029.3487	0.55949759	5.94306931e+13
9.91e-09	469.421319	741.450657	8516.31364	58909.9432	0.560401929	5.94324526e+13
9.92e-09	-44.9275914	465.610413	7768.46322	58964.6163	0.560906767	5.94368325e+13
9.93e-09	-662.833208	626.025188	8702.98124	59093.6841	0.56140671	5.94428968e+13
9.94e-09	-1751.41843	1048.30471	7831.86743	58085.209	0.561964093	5.94501706e+13
9.95e-09	-1706.3114	666.170229	7874.85548	59435.2294	0.562245294	5.94587719e+13
9.96e-09	-1894.44894	-1379.90368	10163.624	60462.0661	0.561417183	5.94658155e+13
9.97e-09	-1927.19471	-366.940139	12050.7464	60769.6025	0.561002367	5.94692965e+13
9.98e-09	-847.764664	-1377.7037	11996.6913	59855.0243	0.560558582	5.9470493e+13
9.99e-09	-1283.45111	-822.213812	10420.2048	63833.7285	0.55948128	5.94695239e+13
1e-08	-1204.43633	-295.14513	11079.2831	64218.1682	0.557851241	5.9462701e+13
