# Frequency [GHz] 	Fouriercomponent
-4.99967	 0.57827
-4.99633	 0.55214
-4.993	 0.62832
-4.98967	 0.603488
-4.98633	 0.496363
-4.983	 0.481682
-4.97967	 0.603807
-4.97633	 0.477845
-4.973	 0.554378
-4.96967	 0.544994
-4.96634	 0.585948
-4.963	 0.502263
-4.95967	 0.648394
-4.95634	 0.618422
-4.953	 0.581684
-4.94967	 0.490015
-4.94634	 0.579678
-4.943	 0.601161
-4.93967	 0.66569
-4.93634	 0.52464
-4.933	 0.598918
-4.92967	 0.504955
-4.92634	 0.633497
-4.92301	 0.602885
-4.91967	 0.482566
-4.91634	 0.520119
-4.91301	 0.470474
-4.90967	 0.577379
-4.90634	 0.534065
-4.90301	 0.575264
-4.89967	 0.551861
-4.89634	 0.51652
-4.89301	 0.650798
-4.88967	 0.550512
-4.88634	 0.49643
-4.88301	 0.474739
-4.87967	 0.591203
-4.87634	 0.613596
-4.87301	 0.476155
-4.86968	 0.503379
-4.86634	 0.616471
-4.86301	 0.431528
-4.85968	 0.524223
-4.85634	 0.470379
-4.85301	 0.544258
-4.84968	 0.558326
-4.84634	 0.448035
-4.84301	 0.609543
-4.83968	 0.521211
-4.83634	 0.577138
-4.83301	 0.440555
-4.82968	 0.488159
-4.82634	 0.472739
-4.82301	 0.490988
-4.81968	 0.52082
-4.81635	 0.514822
-4.81301	 0.632305
-4.80968	 0.672166
-4.80635	 0.644888
-4.80301	 0.62285
-4.79968	 0.448413
-4.79635	 0.615941
-4.79301	 0.656894
-4.78968	 0.53024
-4.78635	 0.593688
-4.78301	 0.478788
-4.77968	 0.456597
-4.77635	 0.641299
-4.77302	 0.549119
-4.76968	 0.674447
-4.76635	 0.624034
-4.76302	 0.524626
-4.75968	 0.533733
-4.75635	 0.432802
-4.75302	 0.588884
-4.74968	 0.58349
-4.74635	 0.602711
-4.74302	 0.539312
-4.73968	 0.707867
-4.73635	 0.634083
-4.73302	 0.440316
-4.72968	 0.512542
-4.72635	 0.504399
-4.72302	 0.630064
-4.71969	 0.559295
-4.71635	 0.590184
-4.71302	 0.556424
-4.70969	 0.595134
-4.70635	 0.565223
-4.70302	 0.447023
-4.69969	 0.527946
-4.69635	 0.581868
-4.69302	 0.519908
-4.68969	 0.50885
-4.68635	 0.437944
-4.68302	 0.575459
-4.67969	 0.517833
-4.67635	 0.620279
-4.67302	 0.493325
-4.66969	 0.557578
-4.66636	 0.517995
-4.66302	 0.561015
-4.65969	 0.574292
-4.65636	 0.445488
-4.65302	 0.523161
-4.64969	 0.501397
-4.64636	 0.57772
-4.64302	 0.490377
-4.63969	 0.588092
-4.63636	 0.588501
-4.63302	 0.573931
-4.62969	 0.474313
-4.62636	 0.585336
-4.62303	 0.642826
-4.61969	 0.549913
-4.61636	 0.574091
-4.61303	 0.537699
-4.60969	 0.573431
-4.60636	 0.545982
-4.60303	 0.56683
-4.59969	 0.419435
-4.59636	 0.59738
-4.59303	 0.620737
-4.58969	 0.477264
-4.58636	 0.563984
-4.58303	 0.52396
-4.57969	 0.651239
-4.57636	 0.65567
-4.57303	 0.563403
-4.5697	 0.613602
-4.56636	 0.508753
-4.56303	 0.661641
-4.5597	 0.565969
-4.55636	 0.594059
-4.55303	 0.567088
-4.5497	 0.66437
-4.54636	 0.463784
-4.54303	 0.57399
-4.5397	 0.488828
-4.53636	 0.578616
-4.53303	 0.461446
-4.5297	 0.741067
-4.52636	 0.541468
-4.52303	 0.576292
-4.5197	 0.644979
-4.51637	 0.510998
-4.51303	 0.598499
-4.5097	 0.58052
-4.50637	 0.466521
-4.50303	 0.584797
-4.4997	 0.619238
-4.49637	 0.537703
-4.49303	 0.549089
-4.4897	 0.600225
-4.48637	 0.624751
-4.48303	 0.452613
-4.4797	 0.770158
-4.47637	 0.576667
-4.47304	 0.559607
-4.4697	 0.579412
-4.46637	 0.630808
-4.46304	 0.604236
-4.4597	 0.692665
-4.45637	 0.608769
-4.45304	 0.541235
-4.4497	 0.648244
-4.44637	 0.61255
-4.44304	 0.589693
-4.4397	 0.529604
-4.43637	 0.512036
-4.43304	 0.584226
-4.4297	 0.550612
-4.42637	 0.537997
-4.42304	 0.60603
-4.41971	 0.561715
-4.41637	 0.65285
-4.41304	 0.553821
-4.40971	 0.604219
-4.40637	 0.51627
-4.40304	 0.467249
-4.39971	 0.622787
-4.39637	 0.562416
-4.39304	 0.664774
-4.38971	 0.577878
-4.38637	 0.461698
-4.38304	 0.633325
-4.37971	 0.551586
-4.37637	 0.580354
-4.37304	 0.574998
-4.36971	 0.470339
-4.36638	 0.49861
-4.36304	 0.59893
-4.35971	 0.590955
-4.35638	 0.507201
-4.35304	 0.665888
-4.34971	 0.521426
-4.34638	 0.461597
-4.34304	 0.570921
-4.33971	 0.620353
-4.33638	 0.614574
-4.33304	 0.525216
-4.32971	 0.659061
-4.32638	 0.653675
-4.32305	 0.647112
-4.31971	 0.624865
-4.31638	 0.598398
-4.31305	 0.554693
-4.30971	 0.573437
-4.30638	 0.455594
-4.30305	 0.649152
-4.29971	 0.671917
-4.29638	 0.62747
-4.29305	 0.670175
-4.28971	 0.519417
-4.28638	 0.543715
-4.28305	 0.518917
-4.27971	 0.619598
-4.27638	 0.704984
-4.27305	 0.534902
-4.26972	 0.596993
-4.26638	 0.540423
-4.26305	 0.653765
-4.25972	 0.517124
-4.25638	 0.626402
-4.25305	 0.637006
-4.24972	 0.598074
-4.24638	 0.479952
-4.24305	 0.711389
-4.23972	 0.680953
-4.23638	 0.543611
-4.23305	 0.63342
-4.22972	 0.569555
-4.22638	 0.596185
-4.22305	 0.70094
-4.21972	 0.658485
-4.21639	 0.507033
-4.21305	 0.619201
-4.20972	 0.492652
-4.20639	 0.541676
-4.20305	 0.641597
-4.19972	 0.560352
-4.19639	 0.547815
-4.19305	 0.534527
-4.18972	 0.501151
-4.18639	 0.554048
-4.18305	 0.621534
-4.17972	 0.646307
-4.17639	 0.51192
-4.17306	 0.615245
-4.16972	 0.520294
-4.16639	 0.587561
-4.16306	 0.53244
-4.15972	 0.523214
-4.15639	 0.630772
-4.15306	 0.603291
-4.14972	 0.659664
-4.14639	 0.597781
-4.14306	 0.569043
-4.13972	 0.558746
-4.13639	 0.674991
-4.13306	 0.558761
-4.12972	 0.635604
-4.12639	 0.64125
-4.12306	 0.665286
-4.11973	 0.553408
-4.11639	 0.544935
-4.11306	 0.53242
-4.10973	 0.571675
-4.10639	 0.629138
-4.10306	 0.48941
-4.09973	 0.616484
-4.09639	 0.625744
-4.09306	 0.609218
-4.08973	 0.48834
-4.08639	 0.636804
-4.08306	 0.510599
-4.07973	 0.522621
-4.07639	 0.506551
-4.07306	 0.587632
-4.06973	 0.682404
-4.0664	 0.704517
-4.06306	 0.667612
-4.05973	 0.68305
-4.0564	 0.525651
-4.05306	 0.682904
-4.04973	 0.587898
-4.0464	 0.624882
-4.04306	 0.567618
-4.03973	 0.549419
-4.0364	 0.714619
-4.03306	 0.515545
-4.02973	 0.561105
-4.0264	 0.710677
-4.02307	 0.576753
-4.01973	 0.621629
-4.0164	 0.52596
-4.01307	 0.59872
-4.00973	 0.702562
-4.0064	 0.573194
-4.00307	 0.656023
-3.99973	 0.523266
-3.9964	 0.560503
-3.99307	 0.69497
-3.98973	 0.474579
-3.9864	 0.631885
-3.98307	 0.581047
-3.97973	 0.601828
-3.9764	 0.56427
-3.97307	 0.736741
-3.96974	 0.565345
-3.9664	 0.410991
-3.96307	 0.595683
-3.95974	 0.534259
-3.9564	 0.614606
-3.95307	 0.592568
-3.94974	 0.747228
-3.9464	 0.58235
-3.94307	 0.590738
-3.93974	 0.592268
-3.9364	 0.567965
-3.93307	 0.598289
-3.92974	 0.570793
-3.9264	 0.635825
-3.92307	 0.661569
-3.91974	 0.585363
-3.91641	 0.862235
-3.91307	 0.581368
-3.90974	 0.626584
-3.90641	 0.573722
-3.90307	 0.69192
-3.89974	 0.591456
-3.89641	 0.56448
-3.89307	 0.60992
-3.88974	 0.647248
-3.88641	 0.601224
-3.88307	 0.717631
-3.87974	 0.722971
-3.87641	 0.706161
-3.87308	 0.640674
-3.86974	 0.702014
-3.86641	 0.598129
-3.86308	 0.537356
-3.85974	 0.626558
-3.85641	 0.706955
-3.85308	 0.512095
-3.84974	 0.619742
-3.84641	 0.701162
-3.84308	 0.614993
-3.83974	 0.56458
-3.83641	 0.668454
-3.83308	 0.698759
-3.82974	 0.652941
-3.82641	 0.704107
-3.82308	 0.588916
-3.81975	 0.654877
-3.81641	 0.646241
-3.81308	 0.605742
-3.80975	 0.52139
-3.80641	 0.546229
-3.80308	 0.538088
-3.79975	 0.606148
-3.79641	 0.600077
-3.79308	 0.831786
-3.78975	 0.685534
-3.78641	 0.643981
-3.78308	 0.594505
-3.77975	 0.761822
-3.77641	 0.746265
-3.77308	 0.73289
-3.76975	 0.651265
-3.76642	 0.664345
-3.76308	 0.67037
-3.75975	 0.622181
-3.75642	 0.602913
-3.75308	 0.5627
-3.74975	 0.650536
-3.74642	 0.646337
-3.74308	 0.724766
-3.73975	 0.568586
-3.73642	 0.681763
-3.73308	 0.622964
-3.72975	 0.735996
-3.72642	 0.768577
-3.72309	 0.688299
-3.71975	 0.563457
-3.71642	 0.654884
-3.71309	 0.527589
-3.70975	 0.658334
-3.70642	 0.652736
-3.70309	 0.565374
-3.69975	 0.683844
-3.69642	 0.626676
-3.69309	 0.5876
-3.68975	 0.592801
-3.68642	 0.567337
-3.68309	 0.787159
-3.67975	 0.543481
-3.67642	 0.609829
-3.67309	 0.619629
-3.66976	 0.563388
-3.66642	 0.641393
-3.66309	 0.577084
-3.65976	 0.582318
-3.65642	 0.64447
-3.65309	 0.769923
-3.64976	 0.643333
-3.64642	 0.753607
-3.64309	 0.516906
-3.63976	 0.62074
-3.63642	 0.614558
-3.63309	 0.581875
-3.62976	 0.635786
-3.62642	 0.735343
-3.62309	 0.747005
-3.61976	 0.613583
-3.61643	 0.62543
-3.61309	 0.63984
-3.60976	 0.60068
-3.60643	 0.6457
-3.60309	 0.625996
-3.59976	 0.653648
-3.59643	 0.520479
-3.59309	 0.599814
-3.58976	 0.664477
-3.58643	 0.663882
-3.58309	 0.653466
-3.57976	 0.626539
-3.57643	 0.619232
-3.5731	 0.717512
-3.56976	 0.601127
-3.56643	 0.69746
-3.5631	 0.64704
-3.55976	 0.627491
-3.55643	 0.658439
-3.5531	 0.624922
-3.54976	 0.619613
-3.54643	 0.559232
-3.5431	 0.6107
-3.53976	 0.679633
-3.53643	 0.750323
-3.5331	 0.674162
-3.52976	 0.699608
-3.52643	 0.476672
-3.5231	 0.581463
-3.51977	 0.700682
-3.51643	 0.631416
-3.5131	 0.61789
-3.50977	 0.732499
-3.50643	 0.629507
-3.5031	 0.781199
-3.49977	 0.659434
-3.49643	 0.638507
-3.4931	 0.666779
-3.48977	 0.671986
-3.48643	 0.814135
-3.4831	 0.575303
-3.47977	 0.526157
-3.47643	 0.686678
-3.4731	 0.630448
-3.46977	 0.673763
-3.46644	 0.567775
-3.4631	 0.720157
-3.45977	 0.805159
-3.45644	 0.607041
-3.4531	 0.695852
-3.44977	 0.732562
-3.44644	 0.694035
-3.4431	 0.633332
-3.43977	 0.670778
-3.43644	 0.737497
-3.4331	 0.665756
-3.42977	 0.702483
-3.42644	 0.671833
-3.42311	 0.596146
-3.41977	 0.67115
-3.41644	 0.704073
-3.41311	 0.56658
-3.40977	 0.700512
-3.40644	 0.600713
-3.40311	 0.661153
-3.39977	 0.679222
-3.39644	 0.750402
-3.39311	 0.704567
-3.38977	 0.579252
-3.38644	 0.614999
-3.38311	 0.635209
-3.37977	 0.719369
-3.37644	 0.696708
-3.37311	 0.647994
-3.36978	 0.540894
-3.36644	 0.691663
-3.36311	 0.717536
-3.35978	 0.719426
-3.35644	 0.503195
-3.35311	 0.664607
-3.34978	 0.643853
-3.34644	 0.583609
-3.34311	 0.654713
-3.33978	 0.753396
-3.33644	 0.709171
-3.33311	 0.707404
-3.32978	 0.499628
-3.32644	 0.69455
-3.32311	 0.656847
-3.31978	 0.742761
-3.31645	 0.672372
-3.31311	 0.801995
-3.30978	 0.725348
-3.30645	 0.544634
-3.30311	 0.671024
-3.29978	 0.748059
-3.29645	 0.558364
-3.29311	 0.681582
-3.28978	 0.790881
-3.28645	 0.735725
-3.28311	 0.664669
-3.27978	 0.785566
-3.27645	 0.709677
-3.27312	 0.781218
-3.26978	 0.634565
-3.26645	 0.624148
-3.26312	 0.692792
-3.25978	 0.540848
-3.25645	 0.757682
-3.25312	 0.854474
-3.24978	 0.778346
-3.24645	 0.70836
-3.24312	 0.746846
-3.23978	 0.670764
-3.23645	 0.734792
-3.23312	 0.572958
-3.22978	 0.778654
-3.22645	 0.683065
-3.22312	 0.666578
-3.21979	 0.726477
-3.21645	 0.76846
-3.21312	 0.695706
-3.20979	 0.602595
-3.20645	 0.677704
-3.20312	 0.698669
-3.19979	 0.563169
-3.19645	 0.665746
-3.19312	 0.770489
-3.18979	 0.631121
-3.18645	 0.668194
-3.18312	 0.68923
-3.17979	 0.720144
-3.17645	 0.786282
-3.17312	 0.686863
-3.16979	 0.760324
-3.16646	 0.791475
-3.16312	 0.681143
-3.15979	 0.582774
-3.15646	 0.692975
-3.15312	 0.648758
-3.14979	 0.789623
-3.14646	 0.702899
-3.14312	 0.662249
-3.13979	 0.700783
-3.13646	 0.441512
-3.13312	 0.706517
-3.12979	 0.653092
-3.12646	 0.708697
-3.12313	 0.625557
-3.11979	 0.584535
-3.11646	 0.71652
-3.11313	 0.74868
-3.10979	 0.770212
-3.10646	 0.656067
-3.10313	 0.800597
-3.09979	 0.844234
-3.09646	 0.710234
-3.09313	 0.830959
-3.08979	 0.680589
-3.08646	 0.710961
-3.08313	 0.799486
-3.07979	 0.659114
-3.07646	 0.697236
-3.07313	 0.672187
-3.0698	 0.618983
-3.06646	 0.702561
-3.06313	 0.782718
-3.0598	 0.692116
-3.05646	 0.708895
-3.05313	 0.694483
-3.0498	 0.700663
-3.04646	 0.735505
-3.04313	 0.813108
-3.0398	 0.576096
-3.03646	 0.679485
-3.03313	 0.672567
-3.0298	 0.669123
-3.02646	 0.645096
-3.02313	 0.799181
-3.0198	 0.802171
-3.01647	 0.738291
-3.01313	 0.588366
-3.0098	 0.722843
-3.00647	 0.811199
-3.00313	 0.760452
-2.9998	 0.758676
-2.99647	 0.645732
-2.99313	 0.646274
-2.9898	 0.810018
-2.98647	 0.770041
-2.98313	 0.728888
-2.9798	 0.679527
-2.97647	 0.601359
-2.97314	 0.900243
-2.9698	 0.80101
-2.96647	 0.77467
-2.96314	 0.666804
-2.9598	 0.703285
-2.95647	 0.976187
-2.95314	 0.76892
-2.9498	 0.779134
-2.94647	 0.784965
-2.94314	 0.710326
-2.9398	 0.848288
-2.93647	 0.730332
-2.93314	 0.768814
-2.9298	 0.747897
-2.92647	 0.775567
-2.92314	 0.703749
-2.91981	 0.878668
-2.91647	 0.684773
-2.91314	 0.857784
-2.90981	 0.593932
-2.90647	 0.720147
-2.90314	 0.659909
-2.89981	 0.823772
-2.89647	 0.698109
-2.89314	 0.663631
-2.88981	 0.646727
-2.88647	 0.808204
-2.88314	 0.684366
-2.87981	 0.791777
-2.87647	 0.642714
-2.87314	 0.759924
-2.86981	 0.601019
-2.86648	 0.668834
-2.86314	 0.625307
-2.85981	 0.769218
-2.85648	 0.591477
-2.85314	 0.803019
-2.84981	 0.652195
-2.84648	 0.561148
-2.84314	 0.789689
-2.83981	 0.549309
-2.83648	 0.676025
-2.83314	 0.701983
-2.82981	 0.839986
-2.82648	 0.778862
-2.82315	 0.874484
-2.81981	 0.758374
-2.81648	 0.803998
-2.81315	 0.830926
-2.80981	 0.726329
-2.80648	 0.616275
-2.80315	 0.724393
-2.79981	 0.783632
-2.79648	 0.799091
-2.79315	 0.738811
-2.78981	 0.746247
-2.78648	 0.804479
-2.78315	 0.727808
-2.77981	 0.792743
-2.77648	 0.815094
-2.77315	 0.731135
-2.76982	 0.786377
-2.76648	 0.880106
-2.76315	 0.719116
-2.75982	 0.75727
-2.75648	 0.764851
-2.75315	 0.688469
-2.74982	 0.615379
-2.74648	 0.762905
-2.74315	 0.771451
-2.73982	 0.815928
-2.73648	 0.688785
-2.73315	 0.654783
-2.72982	 0.692122
-2.72648	 0.704268
-2.72315	 0.761822
-2.71982	 0.72876
-2.71649	 0.692637
-2.71315	 0.648391
-2.70982	 0.963935
-2.70649	 0.76336
-2.70315	 0.648811
-2.69982	 0.633153
-2.69649	 0.554236
-2.69315	 0.663947
-2.68982	 0.904656
-2.68649	 0.796313
-2.68315	 0.803206
-2.67982	 0.591958
-2.67649	 0.643962
-2.67316	 0.779299
-2.66982	 0.7332
-2.66649	 0.779955
-2.66316	 0.730952
-2.65982	 0.756883
-2.65649	 0.7257
-2.65316	 0.785636
-2.64982	 0.64932
-2.64649	 0.679729
-2.64316	 0.750301
-2.63982	 0.736659
-2.63649	 0.63882
-2.63316	 0.947719
-2.62982	 0.607624
-2.62649	 0.694521
-2.62316	 0.789958
-2.61983	 0.717845
-2.61649	 0.690516
-2.61316	 0.736473
-2.60983	 0.738991
-2.60649	 0.616972
-2.60316	 0.735963
-2.59983	 0.734964
-2.59649	 0.811018
-2.59316	 0.649453
-2.58983	 0.660906
-2.58649	 0.808602
-2.58316	 0.940516
-2.57983	 0.754759
-2.57649	 0.619133
-2.57316	 0.804786
-2.56983	 0.803185
-2.5665	 0.693013
-2.56316	 0.786117
-2.55983	 0.737637
-2.5565	 0.752881
-2.55316	 0.828885
-2.54983	 0.610035
-2.5465	 0.696456
-2.54316	 0.651368
-2.53983	 0.729951
-2.5365	 0.772424
-2.53316	 0.653174
-2.52983	 0.763947
-2.5265	 0.845532
-2.52317	 0.851525
-2.51983	 0.739814
-2.5165	 0.767598
-2.51317	 0.668542
-2.50983	 0.69099
-2.5065	 0.694835
-2.50317	 0.717779
-2.49983	 0.689827
-2.4965	 0.797597
-2.49317	 0.612169
-2.48983	 0.809351
-2.4865	 0.721118
-2.48317	 0.741886
-2.47983	 0.818573
-2.4765	 0.764488
-2.47317	 0.811262
-2.46984	 0.823591
-2.4665	 0.699105
-2.46317	 0.74592
-2.45984	 0.749258
-2.4565	 0.651309
-2.45317	 0.717103
-2.44984	 0.802926
-2.4465	 0.821241
-2.44317	 0.978982
-2.43984	 0.724588
-2.4365	 0.773274
-2.43317	 0.650968
-2.42984	 0.79958
-2.4265	 0.721413
-2.42317	 0.810197
-2.41984	 0.743501
-2.41651	 0.692164
-2.41317	 0.78744
-2.40984	 0.800491
-2.40651	 0.671177
-2.40317	 0.818082
-2.39984	 0.847398
-2.39651	 0.78432
-2.39317	 0.776789
-2.38984	 0.866024
-2.38651	 0.962743
-2.38317	 0.668475
-2.37984	 0.820103
-2.37651	 0.823584
-2.37318	 0.794995
-2.36984	 0.79226
-2.36651	 0.81031
-2.36318	 0.695723
-2.35984	 0.762557
-2.35651	 0.786786
-2.35318	 0.831325
-2.34984	 0.774859
-2.34651	 0.765158
-2.34318	 0.753984
-2.33984	 0.696407
-2.33651	 0.784516
-2.33318	 0.71286
-2.32984	 0.795446
-2.32651	 0.771636
-2.32318	 0.728177
-2.31985	 0.806088
-2.31651	 0.758412
-2.31318	 0.700438
-2.30985	 0.909428
-2.30651	 0.745271
-2.30318	 0.727386
-2.29985	 0.805317
-2.29651	 0.87379
-2.29318	 0.78458
-2.28985	 0.90206
-2.28651	 0.748824
-2.28318	 0.894132
-2.27985	 0.858019
-2.27651	 0.82566
-2.27318	 0.773053
-2.26985	 0.749474
-2.26652	 0.965602
-2.26318	 0.738887
-2.25985	 0.808315
-2.25652	 0.765358
-2.25318	 0.827682
-2.24985	 0.706518
-2.24652	 0.796264
-2.24318	 0.834811
-2.23985	 0.791406
-2.23652	 0.789014
-2.23318	 0.722066
-2.22985	 0.781118
-2.22652	 0.673405
-2.22319	 0.785379
-2.21985	 0.695396
-2.21652	 0.739936
-2.21319	 0.603393
-2.20985	 0.724101
-2.20652	 0.691114
-2.20319	 0.754166
-2.19985	 0.806482
-2.19652	 0.868528
-2.19319	 0.775687
-2.18985	 0.805648
-2.18652	 0.778056
-2.18319	 0.699247
-2.17985	 0.879032
-2.17652	 0.849655
-2.17319	 0.767441
-2.16986	 0.869497
-2.16652	 0.787652
-2.16319	 0.879186
-2.15986	 0.705768
-2.15652	 0.921513
-2.15319	 0.748099
-2.14986	 0.943384
-2.14652	 0.820364
-2.14319	 0.747857
-2.13986	 0.703441
-2.13652	 0.800182
-2.13319	 0.649823
-2.12986	 0.676799
-2.12652	 1.04635
-2.12319	 0.919083
-2.11986	 0.701606
-2.11653	 0.92728
-2.11319	 0.809598
-2.10986	 0.740357
-2.10653	 0.846973
-2.10319	 0.829794
-2.09986	 0.881426
-2.09653	 0.621162
-2.09319	 0.869674
-2.08986	 0.800013
-2.08653	 0.773775
-2.08319	 0.568158
-2.07986	 0.755774
-2.07653	 0.853146
-2.0732	 0.720882
-2.06986	 0.737986
-2.06653	 0.785055
-2.0632	 0.776811
-2.05986	 0.845488
-2.05653	 0.955071
-2.0532	 0.91809
-2.04986	 0.816206
-2.04653	 0.758783
-2.0432	 0.862024
-2.03986	 0.69617
-2.03653	 0.951467
-2.0332	 0.917775
-2.02986	 0.815876
-2.02653	 0.702305
-2.0232	 0.638726
-2.01987	 0.950373
-2.01653	 0.860782
-2.0132	 0.856035
-2.00987	 0.835612
-2.00653	 0.918141
-2.0032	 0.627088
-1.99987	 0.711545
-1.99653	 0.650263
-1.9932	 0.691757
-1.98987	 0.807054
-1.98653	 0.823799
-1.9832	 0.79524
-1.97987	 0.895516
-1.97653	 0.800718
-1.9732	 0.700024
-1.96987	 0.759811
-1.96654	 0.897692
-1.9632	 0.823376
-1.95987	 0.888225
-1.95654	 0.927423
-1.9532	 0.810269
-1.94987	 0.92883
-1.94654	 0.779582
-1.9432	 0.947876
-1.93987	 0.759578
-1.93654	 0.818326
-1.9332	 0.792865
-1.92987	 0.796065
-1.92654	 0.730781
-1.92321	 0.855395
-1.91987	 0.69389
-1.91654	 0.716085
-1.91321	 1.00272
-1.90987	 0.815753
-1.90654	 0.856271
-1.90321	 1.0202
-1.89987	 0.735767
-1.89654	 0.873109
-1.89321	 0.623801
-1.88987	 0.851189
-1.88654	 0.820841
-1.88321	 0.724298
-1.87987	 0.812858
-1.87654	 0.698326
-1.87321	 0.903781
-1.86988	 0.72022
-1.86654	 0.930699
-1.86321	 0.894226
-1.85988	 0.882131
-1.85654	 0.812142
-1.85321	 0.623909
-1.84988	 0.741514
-1.84654	 0.880991
-1.84321	 0.806577
-1.83988	 0.787518
-1.83654	 0.993127
-1.83321	 0.905612
-1.82988	 0.789794
-1.82654	 0.758195
-1.82321	 0.713579
-1.81988	 0.857369
-1.81655	 0.804521
-1.81321	 0.842974
-1.80988	 0.723421
-1.80655	 0.776164
-1.80321	 0.831147
-1.79988	 0.73865
-1.79655	 0.684021
-1.79321	 0.848398
-1.78988	 0.949787
-1.78655	 0.627123
-1.78321	 0.775202
-1.77988	 0.723142
-1.77655	 0.96498
-1.77322	 0.887374
-1.76988	 0.689883
-1.76655	 0.778336
-1.76322	 0.91848
-1.75988	 0.8954
-1.75655	 0.68774
-1.75322	 0.872894
-1.74988	 0.792679
-1.74655	 0.848429
-1.74322	 0.904411
-1.73988	 0.863698
-1.73655	 0.78144
-1.73322	 0.78188
-1.72988	 0.827906
-1.72655	 0.77812
-1.72322	 0.8902
-1.71989	 0.72517
-1.71655	 0.803687
-1.71322	 0.673669
-1.70989	 0.9004
-1.70655	 0.898609
-1.70322	 0.787457
-1.69989	 0.833122
-1.69655	 0.672138
-1.69322	 0.807898
-1.68989	 0.861626
-1.68655	 0.813256
-1.68322	 0.747156
-1.67989	 0.887565
-1.67655	 0.794634
-1.67322	 0.743248
-1.66989	 0.807408
-1.66656	 0.74562
-1.66322	 0.744602
-1.65989	 0.728283
-1.65656	 0.91953
-1.65322	 0.752921
-1.64989	 0.993
-1.64656	 0.669203
-1.64322	 0.985137
-1.63989	 0.965926
-1.63656	 0.838266
-1.63322	 0.81422
-1.62989	 0.926281
-1.62656	 0.875927
-1.62323	 0.679199
-1.61989	 0.897883
-1.61656	 0.741301
-1.61323	 0.859672
-1.60989	 0.740882
-1.60656	 0.911172
-1.60323	 0.641753
-1.59989	 0.662182
-1.59656	 0.889538
-1.59323	 0.883772
-1.58989	 0.778855
-1.58656	 0.8642
-1.58323	 0.739224
-1.57989	 0.81503
-1.57656	 1.11388
-1.57323	 0.864117
-1.5699	 0.852234
-1.56656	 0.84471
-1.56323	 0.806818
-1.5599	 0.932269
-1.55656	 0.947422
-1.55323	 0.872675
-1.5499	 0.706969
-1.54656	 0.81401
-1.54323	 0.914291
-1.5399	 0.769954
-1.53656	 0.965356
-1.53323	 0.763426
-1.5299	 0.689241
-1.52656	 0.845319
-1.52323	 0.865809
-1.5199	 1.10887
-1.51657	 0.924037
-1.51323	 0.923321
-1.5099	 0.946979
-1.50657	 0.9172
-1.50323	 0.72607
-1.4999	 0.821069
-1.49657	 0.973912
-1.49323	 0.854792
-1.4899	 0.862443
-1.48657	 0.890674
-1.48323	 0.850375
-1.4799	 0.902791
-1.47657	 0.85911
-1.47324	 0.715045
-1.4699	 0.776739
-1.46657	 0.918449
-1.46324	 0.710705
-1.4599	 0.93132
-1.45657	 0.779202
-1.45324	 0.755907
-1.4499	 0.71067
-1.44657	 0.966944
-1.44324	 0.926716
-1.4399	 0.930985
-1.43657	 0.851696
-1.43324	 0.888544
-1.4299	 0.810159
-1.42657	 0.782762
-1.42324	 0.90796
-1.41991	 0.8758
-1.41657	 0.920808
-1.41324	 0.826095
-1.40991	 0.843686
-1.40657	 0.803905
-1.40324	 0.889688
-1.39991	 0.844791
-1.39657	 0.906539
-1.39324	 0.872393
-1.38991	 1.00684
-1.38657	 0.777711
-1.38324	 0.8205
-1.37991	 0.815711
-1.37657	 1.00792
-1.37324	 0.703894
-1.36991	 1.04238
-1.36658	 0.941925
-1.36324	 0.85694
-1.35991	 0.78603
-1.35658	 0.732938
-1.35324	 0.757276
-1.34991	 0.830365
-1.34658	 0.721134
-1.34324	 0.803952
-1.33991	 0.913593
-1.33658	 0.860077
-1.33324	 0.83206
-1.32991	 0.820427
-1.32658	 0.827668
-1.32325	 0.801572
-1.31991	 0.754771
-1.31658	 0.890386
-1.31325	 0.847513
-1.30991	 0.874863
-1.30658	 0.772376
-1.30325	 1.02103
-1.29991	 0.896833
-1.29658	 0.846404
-1.29325	 0.978044
-1.28991	 0.950912
-1.28658	 0.904778
-1.28325	 0.960909
-1.27991	 0.94711
-1.27658	 0.798368
-1.27325	 1.01181
-1.26992	 1.04282
-1.26658	 0.775096
-1.26325	 0.84898
-1.25992	 0.805398
-1.25658	 0.901049
-1.25325	 0.784994
-1.24992	 0.785226
-1.24658	 0.816434
-1.24325	 0.805013
-1.23992	 0.82843
-1.23658	 0.952505
-1.23325	 0.785093
-1.22992	 0.738491
-1.22658	 1.01855
-1.22325	 1.05077
-1.21992	 0.913196
-1.21659	 0.94785
-1.21325	 0.947075
-1.20992	 0.903229
-1.20659	 0.810859
-1.20325	 0.860121
-1.19992	 0.892485
-1.19659	 1.02216
-1.19325	 0.934155
-1.18992	 0.88635
-1.18659	 0.862501
-1.18325	 0.882114
-1.17992	 0.812419
-1.17659	 0.904088
-1.17326	 0.926675
-1.16992	 0.788443
-1.16659	 1.03023
-1.16326	 0.980996
-1.15992	 0.864236
-1.15659	 0.794522
-1.15326	 0.77513
-1.14992	 0.718033
-1.14659	 0.817557
-1.14326	 0.983046
-1.13992	 0.738149
-1.13659	 0.939136
-1.13326	 0.887148
-1.12992	 0.816054
-1.12659	 0.802846
-1.12326	 0.798935
-1.11993	 0.797705
-1.11659	 0.894166
-1.11326	 0.900997
-1.10993	 1.01856
-1.10659	 0.785923
-1.10326	 0.740186
-1.09993	 1.00441
-1.09659	 0.871958
-1.09326	 0.913317
-1.08993	 0.919832
-1.08659	 0.906552
-1.08326	 1.03694
-1.07993	 0.882134
-1.07659	 0.697533
-1.07326	 0.76635
-1.06993	 0.872499
-1.0666	 1.09507
-1.06326	 0.873208
-1.05993	 0.997072
-1.0566	 0.847405
-1.05326	 1.03618
-1.04993	 0.87782
-1.0466	 0.941031
-1.04326	 0.983974
-1.03993	 0.715839
-1.0366	 0.990358
-1.03326	 1.11096
-1.02993	 1.0249
-1.0266	 0.911889
-1.02327	 0.774438
-1.01993	 0.931161
-1.0166	 0.9609
-1.01327	 0.935621
-1.00993	 0.693749
-1.0066	 1.005
-1.00327	 0.975937
-0.999933	 0.7763
-0.9966	 1.03751
-0.993267	 0.873875
-0.989934	 0.900179
-0.986601	 0.838035
-0.983268	 0.863567
-0.979935	 0.980229
-0.976602	 0.900343
-0.973268	 0.893175
-0.969935	 0.899461
-0.966602	 0.869399
-0.963269	 0.999462
-0.959936	 0.682779
-0.956603	 0.761659
-0.95327	 1.06644
-0.949937	 0.949112
-0.946604	 0.900868
-0.94327	 0.855319
-0.939937	 0.962682
-0.936604	 1.01037
-0.933271	 0.898661
-0.929938	 1.0765
-0.926605	 0.880882
-0.923272	 0.852538
-0.919939	 0.853645
-0.916606	 0.798317
-0.913272	 0.818556
-0.909939	 0.707321
-0.906606	 1.16385
-0.903273	 0.840097
-0.89994	 0.920436
-0.896607	 0.864486
-0.893274	 0.777753
-0.889941	 0.818764
-0.886608	 0.93805
-0.883274	 0.888449
-0.879941	 0.655368
-0.876608	 0.867153
-0.873275	 0.891907
-0.869942	 0.872483
-0.866609	 0.893563
-0.863276	 0.844163
-0.859943	 0.813777
-0.85661	 1.06611
-0.853276	 1.00601
-0.849943	 0.911403
-0.84661	 1.08562
-0.843277	 0.783161
-0.839944	 0.973664
-0.836611	 0.844616
-0.833278	 0.809481
-0.829945	 1.23939
-0.826612	 0.75656
-0.823278	 0.87067
-0.819945	 0.993558
-0.816612	 1.00934
-0.813279	 0.980148
-0.809946	 0.955272
-0.806613	 0.958403
-0.80328	 0.841519
-0.799947	 0.992334
-0.796614	 0.975516
-0.79328	 0.822632
-0.789947	 0.801733
-0.786614	 0.858865
-0.783281	 1.08329
-0.779948	 0.990115
-0.776615	 0.960534
-0.773282	 0.888942
-0.769949	 0.716076
-0.766616	 1.02335
-0.763282	 1.07021
-0.759949	 0.74985
-0.756616	 0.916242
-0.753283	 0.889668
-0.74995	 0.77809
-0.746617	 0.891058
-0.743284	 0.915865
-0.739951	 0.817687
-0.736618	 0.700653
-0.733284	 0.938702
-0.729951	 0.995199
-0.726618	 0.955464
-0.723285	 0.916639
-0.719952	 0.841307
-0.716619	 1.1577
-0.713286	 0.839163
-0.709953	 0.940384
-0.70662	 1.05744
-0.703286	 0.815167
-0.699953	 0.865024
-0.69662	 0.825186
-0.693287	 0.886047
-0.689954	 1.00017
-0.686621	 0.901199
-0.683288	 1.0464
-0.679955	 0.935568
-0.676622	 0.873124
-0.673288	 0.837224
-0.669955	 0.74093
-0.666622	 0.856987
-0.663289	 0.738101
-0.659956	 0.882269
-0.656623	 0.72715
-0.65329	 0.830707
-0.649957	 0.670996
-0.646624	 0.825472
-0.64329	 0.832177
-0.639957	 0.749443
-0.636624	 1.00281
-0.633291	 0.97249
-0.629958	 0.791926
-0.626625	 0.856385
-0.623292	 1.07503
-0.619959	 0.854881
-0.616626	 0.805773
-0.613292	 0.88457
-0.609959	 1.06045
-0.606626	 0.903011
-0.603293	 0.831961
-0.59996	 1.04805
-0.596627	 0.892917
-0.593294	 0.87509
-0.589961	 0.950205
-0.586628	 0.821346
-0.583294	 0.80213
-0.579961	 0.909989
-0.576628	 0.994954
-0.573295	 0.981943
-0.569962	 0.887991
-0.566629	 1.04707
-0.563296	 0.827395
-0.559963	 0.987734
-0.55663	 1.00993
-0.553296	 0.848587
-0.549963	 0.957394
-0.54663	 0.896422
-0.543297	 1.03019
-0.539964	 0.772633
-0.536631	 0.885456
-0.533298	 0.886221
-0.529965	 0.986743
-0.526632	 0.970821
-0.523298	 0.750361
-0.519965	 0.949399
-0.516632	 0.936968
-0.513299	 0.867075
-0.509966	 0.837503
-0.506633	 0.954213
-0.5033	 1.04721
-0.499967	 0.629362
-0.496634	 1.12867
-0.4933	 0.843287
-0.489967	 0.881025
-0.486634	 0.776918
-0.483301	 0.974539
-0.479968	 0.756861
-0.476635	 0.685272
-0.473302	 1.03064
-0.469969	 1.03206
-0.466636	 0.799252
-0.463302	 0.909769
-0.459969	 1.07174
-0.456636	 1.06164
-0.453303	 0.924213
-0.44997	 0.959363
-0.446637	 0.939778
-0.443304	 0.801532
-0.439971	 1.02922
-0.436638	 0.915886
-0.433304	 0.84181
-0.429971	 0.799269
-0.426638	 0.816173
-0.423305	 0.945012
-0.419972	 0.970031
-0.416639	 0.90651
-0.413306	 0.919453
-0.409973	 0.730291
-0.40664	 0.880375
-0.403306	 0.964991
-0.399973	 0.964592
-0.39664	 0.972594
-0.393307	 0.852486
-0.389974	 0.90285
-0.386641	 0.853932
-0.383308	 1.04308
-0.379975	 1.03536
-0.376642	 0.914721
-0.373308	 0.766273
-0.369975	 0.83285
-0.366642	 0.868622
-0.363309	 0.833278
-0.359976	 0.900654
-0.356643	 0.927521
-0.35331	 0.97719
-0.349977	 0.822653
-0.346644	 0.696744
-0.34331	 0.958346
-0.339977	 0.878389
-0.336644	 0.824311
-0.333311	 0.87069
-0.329978	 1.00885
-0.326645	 0.786715
-0.323312	 0.773904
-0.319979	 0.839935
-0.316646	 1.10679
-0.313312	 1.06038
-0.309979	 0.865006
-0.306646	 1.04129
-0.303313	 0.884505
-0.29998	 0.830278
-0.296647	 0.885022
-0.293314	 0.87531
-0.289981	 0.901913
-0.286648	 0.886014
-0.283314	 0.89541
-0.279981	 0.772423
-0.276648	 0.840159
-0.273315	 1.17312
-0.269982	 0.972455
-0.266649	 0.94652
-0.263316	 0.829973
-0.259983	 0.926676
-0.25665	 0.959305
-0.253316	 0.955406
-0.249983	 1.00244
-0.24665	 0.997645
-0.243317	 0.924828
-0.239984	 0.941405
-0.236651	 1.00515
-0.233318	 0.787515
-0.229985	 0.820112
-0.226652	 0.836608
-0.223318	 0.913628
-0.219985	 0.676676
-0.216652	 0.8857
-0.213319	 0.958559
-0.209986	 1.11313
-0.206653	 0.878976
-0.20332	 0.758133
-0.199987	 0.894297
-0.196654	 0.996406
-0.19332	 1.00151
-0.189987	 1.08743
-0.186654	 0.935925
-0.183321	 0.720671
-0.179988	 0.890813
-0.176655	 0.934197
-0.173322	 0.955844
-0.169989	 0.93731
-0.166656	 0.995446
-0.163322	 1.05115
-0.159989	 1.10476
-0.156656	 1.08146
-0.153323	 0.908077
-0.14999	 0.878381
-0.146657	 0.911419
-0.143324	 0.773329
-0.139991	 0.789394
-0.136658	 0.930134
-0.133324	 0.935956
-0.129991	 0.94716
-0.126658	 0.841568
-0.123325	 0.77131
-0.119992	 0.922804
-0.116659	 0.973006
-0.113326	 0.775281
-0.109993	 1.2098
-0.10666	 0.937157
-0.103326	 0.816968
-0.0999933	 0.831871
-0.0966602	 0.89691
-0.0933271	 0.791704
-0.089994	 0.884761
-0.0866609	 0.974915
-0.0833278	 0.884715
-0.0799947	 1.10149
-0.0766616	 0.96006
-0.0733284	 0.981039
-0.0699953	 0.953182
-0.0666622	 1.00955
-0.0633291	 0.943925
-0.059996	 0.728104
-0.0566629	 0.912706
-0.0533298	 0.791112
-0.0499967	 0.99563
-0.0466636	 1.10482
-0.0433304	 0.734985
-0.0399973	 0.907806
-0.0366642	 0.745557
-0.0333311	 0.901984
-0.029998	 0.94357
-0.0266649	 0.907984
-0.0233318	 0.959978
-0.0199987	 0.808043
-0.0166656	 0.915969
-0.0133324	 0.994815
-0.00999933	 0.940467
-0.00666622	 1.07982
-0.00333311	 0.0643461
0	 1
0.00333311	 0.775086
0.00666622	 1.17055
0.00999933	 0.926573
0.0133324	 0.946181
0.0166656	 0.75713
0.0199987	 0.802581
0.0233318	 0.86977
0.0266649	 1.18991
0.029998	 0.999562
0.0333311	 0.859511
0.0366642	 1.00795
0.0399973	 1.10737
0.0433304	 0.911425
0.0466636	 0.822046
0.0499967	 1.29688
0.0533298	 0.801516
0.0566629	 0.742028
0.059996	 0.942078
0.0633291	 0.901846
0.0666622	 0.906262
0.0699953	 1.11279
0.0733284	 0.820802
0.0766616	 0.791808
0.0799947	 0.874216
0.0833278	 1.12198
0.0866609	 0.962367
0.089994	 0.762574
0.0933271	 0.882315
0.0966602	 0.912342
0.0999933	 0.899609
0.103326	 0.902886
0.10666	 0.888447
0.109993	 0.950829
0.113326	 0.753362
0.116659	 0.904037
0.119992	 0.912408
0.123325	 1.10106
0.126658	 0.793337
0.129991	 0.652079
0.133324	 0.842382
0.136658	 0.983669
0.139991	 0.857687
0.143324	 0.922912
0.146657	 0.999021
0.14999	 0.981999
0.153323	 0.756433
0.156656	 0.986389
0.159989	 0.94606
0.163322	 0.895941
0.166656	 0.771591
0.169989	 0.986649
0.173322	 1.08368
0.176655	 1.07589
0.179988	 0.93055
0.183321	 0.88413
0.186654	 0.817122
0.189987	 0.742715
0.19332	 0.837248
0.196654	 0.955692
0.199987	 0.837867
0.20332	 0.88513
0.206653	 0.935007
0.209986	 0.952632
0.213319	 0.914403
0.216652	 0.697646
0.219985	 1.08845
0.223318	 0.972856
0.226652	 0.709904
0.229985	 0.816006
0.233318	 0.823088
0.236651	 1.04022
0.239984	 1.18266
0.243317	 0.875123
0.24665	 1.01886
0.249983	 0.824482
0.253316	 0.869836
0.25665	 0.785794
0.259983	 1.09049
0.263316	 0.95202
0.266649	 0.877259
0.269982	 0.979876
0.273315	 0.920436
0.276648	 0.807333
0.279981	 0.805699
0.283314	 0.950326
0.286648	 0.968706
0.289981	 0.964256
0.293314	 0.832297
0.296647	 0.690637
0.29998	 0.962803
0.303313	 0.871923
0.306646	 0.912276
0.309979	 0.898223
0.313312	 0.746549
0.316646	 1.06839
0.319979	 0.88214
0.323312	 1.08045
0.326645	 0.784538
0.329978	 0.937646
0.333311	 0.972856
0.336644	 0.924719
0.339977	 0.895133
0.34331	 0.931102
0.346644	 0.972541
0.349977	 0.814822
0.35331	 0.83502
0.356643	 0.85616
0.359976	 0.819688
0.363309	 0.883116
0.366642	 0.897144
0.369975	 0.835427
0.373308	 0.734105
0.376642	 0.946144
0.379975	 0.942781
0.383308	 0.88709
0.386641	 1.03939
0.389974	 0.797772
0.393307	 1.01795
0.39664	 0.808083
0.399973	 0.813396
0.403306	 0.956176
0.40664	 0.802891
0.409973	 1.13234
0.413306	 0.876602
0.416639	 0.830648
0.419972	 0.909605
0.423305	 0.836494
0.426638	 0.965197
0.429971	 1.03598
0.433304	 0.827914
0.436638	 0.880103
0.439971	 0.933135
0.443304	 0.805447
0.446637	 0.809652
0.44997	 0.820573
0.453303	 0.986287
0.456636	 0.894253
0.459969	 1.01879
0.463302	 0.728849
0.466636	 0.922249
0.469969	 0.802106
0.473302	 0.9644
0.476635	 0.844517
0.479968	 0.846914
0.483301	 1.02123
0.486634	 0.876236
0.489967	 0.86103
0.4933	 0.991807
0.496634	 0.88076
0.499967	 0.979846
0.5033	 0.917493
0.506633	 0.951191
0.509966	 0.86687
0.513299	 0.778653
0.516632	 0.818495
0.519965	 0.93113
0.523298	 0.833655
0.526632	 0.87334
0.529965	 0.820832
0.533298	 0.867354
0.536631	 0.936621
0.539964	 0.880874
0.543297	 0.962208
0.54663	 0.707675
0.549963	 0.718985
0.553296	 0.914614
0.55663	 0.759256
0.559963	 0.680856
0.563296	 1.01825
0.566629	 1.02629
0.569962	 0.844035
0.573295	 0.769017
0.576628	 0.843657
0.579961	 0.656055
0.583294	 0.943711
0.586628	 1.02772
0.589961	 0.960756
0.593294	 0.754387
0.596627	 1.05492
0.59996	 0.900942
0.603293	 0.844587
0.606626	 0.9951
0.609959	 0.994495
0.613292	 0.936183
0.616626	 0.777479
0.619959	 0.868207
0.623292	 0.848228
0.626625	 0.833416
0.629958	 1.06568
0.633291	 0.86642
0.636624	 1.02001
0.639957	 0.88802
0.64329	 0.9679
0.646624	 0.658909
0.649957	 0.819914
0.65329	 0.985521
0.656623	 0.948898
0.659956	 0.94333
0.663289	 0.900658
0.666622	 0.785737
0.669955	 1.04772
0.673288	 0.791862
0.676622	 0.761193
0.679955	 0.882892
0.683288	 0.849548
0.686621	 0.947113
0.689954	 0.709865
0.693287	 0.938252
0.69662	 0.801998
0.699953	 0.819254
0.703286	 0.899104
0.70662	 1.03867
0.709953	 1.09172
0.713286	 0.693476
0.716619	 0.8678
0.719952	 1.18377
0.723285	 0.877314
0.726618	 0.822993
0.729951	 0.764906
0.733284	 1.00613
0.736618	 1.00893
0.739951	 0.913775
0.743284	 0.777638
0.746617	 0.835625
0.74995	 1.05133
0.753283	 0.642549
0.756616	 1.21436
0.759949	 0.844173
0.763282	 0.888248
0.766616	 0.771881
0.769949	 0.985914
0.773282	 0.861792
0.776615	 0.920904
0.779948	 1.06655
0.783281	 0.92863
0.786614	 0.880189
0.789947	 0.861479
0.79328	 0.901136
0.796614	 0.936986
0.799947	 0.903287
0.80328	 0.858256
0.806613	 0.735727
0.809946	 0.945706
0.813279	 0.977598
0.816612	 0.88208
0.819945	 0.877986
0.823278	 1.12003
0.826612	 1.00006
0.829945	 0.862375
0.833278	 0.655782
0.836611	 0.788234
0.839944	 0.783276
0.843277	 0.764261
0.84661	 0.98737
0.849943	 0.866476
0.853276	 0.83283
0.85661	 0.86676
0.859943	 0.758312
0.863276	 0.883631
0.866609	 0.833425
0.869942	 0.880106
0.873275	 0.62571
0.876608	 0.958814
0.879941	 0.82931
0.883274	 0.916319
0.886608	 0.771597
0.889941	 0.801068
0.893274	 0.864421
0.896607	 0.87541
0.89994	 0.912372
0.903273	 0.986952
0.906606	 0.961008
0.909939	 1.08514
0.913272	 0.828983
0.916606	 0.93156
0.919939	 0.841878
0.923272	 0.726157
0.926605	 0.70995
0.929938	 0.920874
0.933271	 1.09024
0.936604	 0.806522
0.939937	 0.906442
0.94327	 0.820163
0.946604	 0.947172
0.949937	 0.929627
0.95327	 0.862572
0.956603	 1.02377
0.959936	 0.82783
0.963269	 0.873128
0.966602	 0.969341
0.969935	 1.12573
0.973268	 0.969491
0.976602	 1.05002
0.979935	 0.879673
0.983268	 0.70614
0.986601	 0.808815
0.989934	 0.80169
0.993267	 0.813384
0.9966	 0.84607
0.999933	 0.920871
1.00327	 0.738328
1.0066	 0.917476
1.00993	 1.08865
1.01327	 0.956897
1.0166	 0.777781
1.01993	 0.801641
1.02327	 0.801285
1.0266	 1.13605
1.02993	 0.770771
1.03326	 0.86508
1.0366	 0.941314
1.03993	 0.899719
1.04326	 0.878752
1.0466	 0.860059
1.04993	 0.8388
1.05326	 0.819505
1.0566	 0.920824
1.05993	 0.870248
1.06326	 0.937018
1.0666	 1.05731
1.06993	 0.907593
1.07326	 0.847285
1.07659	 0.875774
1.07993	 0.897512
1.08326	 0.764023
1.08659	 0.955849
1.08993	 0.856616
1.09326	 0.828667
1.09659	 0.890793
1.09993	 0.935937
1.10326	 0.673586
1.10659	 0.86815
1.10993	 0.939289
1.11326	 0.765026
1.11659	 0.987172
1.11993	 0.873204
1.12326	 0.850171
1.12659	 0.821206
1.12992	 0.893718
1.13326	 1.06155
1.13659	 0.88299
1.13992	 0.959353
1.14326	 0.809236
1.14659	 0.724928
1.14992	 0.86362
1.15326	 0.874507
1.15659	 0.897107
1.15992	 0.761127
1.16326	 0.919379
1.16659	 0.994484
1.16992	 0.84867
1.17326	 1.03703
1.17659	 0.90723
1.17992	 0.706867
1.18325	 0.894374
1.18659	 0.830303
1.18992	 0.873233
1.19325	 0.796757
1.19659	 0.872383
1.19992	 0.843878
1.20325	 0.837408
1.20659	 0.826096
1.20992	 0.887677
1.21325	 0.836881
1.21659	 0.746064
1.21992	 0.743912
1.22325	 0.914991
1.22658	 0.909156
1.22992	 0.992103
1.23325	 0.808293
1.23658	 1.07384
1.23992	 0.71926
1.24325	 0.888772
1.24658	 1.04149
1.24992	 0.798583
1.25325	 0.739213
1.25658	 0.830928
1.25992	 0.689002
1.26325	 0.757125
1.26658	 1.09016
1.26992	 0.859982
1.27325	 0.913754
1.27658	 0.840839
1.27991	 0.885531
1.28325	 0.910363
1.28658	 0.90725
1.28991	 0.879109
1.29325	 0.958391
1.29658	 0.706971
1.29991	 1.0613
1.30325	 0.735613
1.30658	 0.849826
1.30991	 0.751044
1.31325	 0.816135
1.31658	 0.797021
1.31991	 0.905586
1.32325	 0.929711
1.32658	 0.967761
1.32991	 0.883518
1.33324	 0.842473
1.33658	 0.886925
1.33991	 0.822352
1.34324	 0.754477
1.34658	 0.622029
1.34991	 0.886828
1.35324	 0.863028
1.35658	 0.728415
1.35991	 0.677549
1.36324	 0.965484
1.36658	 0.978446
1.36991	 0.951474
1.37324	 0.810282
1.37657	 0.95312
1.37991	 0.68425
1.38324	 0.674304
1.38657	 0.861289
1.38991	 0.768212
1.39324	 0.724728
1.39657	 0.895758
1.39991	 0.820664
1.40324	 0.924163
1.40657	 0.950662
1.40991	 0.890354
1.41324	 0.743993
1.41657	 0.791174
1.41991	 0.856146
1.42324	 0.792308
1.42657	 0.91141
1.4299	 0.707489
1.43324	 0.777179
1.43657	 1.00597
1.4399	 0.707831
1.44324	 0.806249
1.44657	 0.990811
1.4499	 0.837133
1.45324	 0.789456
1.45657	 0.803298
1.4599	 0.788179
1.46324	 0.790241
1.46657	 0.816358
1.4699	 0.798367
1.47324	 0.877249
1.47657	 0.87154
1.4799	 0.791145
1.48323	 0.767588
1.48657	 0.899979
1.4899	 1.11661
1.49323	 0.838301
1.49657	 0.780999
1.4999	 0.703216
1.50323	 0.97807
1.50657	 0.668953
1.5099	 0.732229
1.51323	 0.822244
1.51657	 0.932873
1.5199	 0.88428
1.52323	 0.917137
1.52656	 0.79661
1.5299	 0.979263
1.53323	 0.67096
1.53656	 0.851598
1.5399	 0.807509
1.54323	 0.73861
1.54656	 0.825872
1.5499	 0.688815
1.55323	 0.738706
1.55656	 0.72744
1.5599	 0.96529
1.56323	 0.738621
1.56656	 0.709825
1.5699	 0.866708
1.57323	 0.88275
1.57656	 1.05683
1.57989	 0.843115
1.58323	 0.844287
1.58656	 0.81717
1.58989	 0.77462
1.59323	 0.964974
1.59656	 0.945687
1.59989	 0.882787
1.60323	 0.750592
1.60656	 0.852857
1.60989	 0.859804
1.61323	 0.869109
1.61656	 0.839688
1.61989	 0.995712
1.62323	 0.751122
1.62656	 0.713399
1.62989	 0.740789
1.63322	 0.812221
1.63656	 1.01003
1.63989	 0.675439
1.64322	 0.847761
1.64656	 0.883461
1.64989	 0.942204
1.65322	 0.674847
1.65656	 0.859538
1.65989	 0.636774
1.66322	 0.908977
1.66656	 0.716204
1.66989	 0.935715
1.67322	 0.766355
1.67655	 0.848373
1.67989	 0.807894
1.68322	 0.812346
1.68655	 0.878206
1.68989	 0.793505
1.69322	 0.860408
1.69655	 0.809963
1.69989	 0.69315
1.70322	 0.942661
1.70655	 0.826829
1.70989	 0.844499
1.71322	 0.768679
1.71655	 0.82328
1.71989	 0.772576
1.72322	 0.788154
1.72655	 0.696812
1.72988	 0.929795
1.73322	 0.947563
1.73655	 0.940668
1.73988	 0.942777
1.74322	 0.852275
1.74655	 0.88924
1.74988	 0.851709
1.75322	 0.808894
1.75655	 0.98322
1.75988	 0.759762
1.76322	 0.695266
1.76655	 0.788097
1.76988	 0.856626
1.77322	 0.703446
1.77655	 0.733332
1.77988	 0.811218
1.78321	 0.833478
1.78655	 0.848762
1.78988	 0.839183
1.79321	 0.761469
1.79655	 0.793191
1.79988	 0.874903
1.80321	 0.628062
1.80655	 0.867001
1.80988	 0.723001
1.81321	 0.872447
1.81655	 0.732497
1.81988	 0.638312
1.82321	 0.835615
1.82654	 0.672391
1.82988	 0.788203
1.83321	 0.817822
1.83654	 0.707882
1.83988	 0.776231
1.84321	 0.939271
1.84654	 0.872017
1.84988	 0.766998
1.85321	 0.749773
1.85654	 0.71699
1.85988	 0.780665
1.86321	 0.87407
1.86654	 0.891767
1.86988	 0.716887
1.87321	 0.789783
1.87654	 0.783183
1.87987	 0.678672
1.88321	 0.832503
1.88654	 0.792086
1.88987	 0.841832
1.89321	 0.759765
1.89654	 0.832358
1.89987	 0.879876
1.90321	 0.825521
1.90654	 0.88199
1.90987	 0.628374
1.91321	 0.83824
1.91654	 0.770475
1.91987	 0.737559
1.92321	 0.8382
1.92654	 0.897158
1.92987	 0.749903
1.9332	 0.861665
1.93654	 0.738015
1.93987	 0.778991
1.9432	 0.829575
1.94654	 0.815
1.94987	 0.810142
1.9532	 0.921956
1.95654	 0.770963
1.95987	 0.866183
1.9632	 0.811542
1.96654	 0.733149
1.96987	 1.0728
1.9732	 0.717358
1.97653	 0.597883
1.97987	 0.725345
1.9832	 0.715269
1.98653	 0.796892
1.98987	 0.844517
1.9932	 0.833155
1.99653	 0.890351
1.99987	 0.692772
2.0032	 0.984777
2.00653	 0.863571
2.00987	 0.857549
2.0132	 0.881795
2.01653	 0.791977
2.01987	 0.750516
2.0232	 0.647548
2.02653	 0.776363
2.02986	 0.896086
2.0332	 0.839759
2.03653	 0.944966
2.03986	 0.782665
2.0432	 0.898325
2.04653	 0.841025
2.04986	 0.860389
2.0532	 0.745634
2.05653	 0.828036
2.05986	 0.827006
2.0632	 0.989787
2.06653	 0.790341
2.06986	 0.729555
2.0732	 0.834782
2.07653	 0.855244
2.07986	 1.00399
2.08319	 0.645339
2.08653	 0.850932
2.08986	 0.850892
2.09319	 0.789226
2.09653	 0.985447
2.09986	 0.804378
2.10319	 0.643416
2.10653	 0.818215
2.10986	 0.895086
2.11319	 0.634545
2.11653	 0.79093
2.11986	 0.790244
2.12319	 0.580838
2.12652	 0.781675
2.12986	 0.843573
2.13319	 0.925029
2.13652	 0.858121
2.13986	 0.79985
2.14319	 0.81507
2.14652	 0.67801
2.14986	 0.73125
2.15319	 0.915526
2.15652	 0.813254
2.15986	 0.741972
2.16319	 0.817709
2.16652	 0.884152
2.16986	 0.765911
2.17319	 0.863428
2.17652	 0.917456
2.17985	 0.889875
2.18319	 0.847745
2.18652	 0.803844
2.18985	 0.792764
2.19319	 0.830904
2.19652	 0.71888
2.19985	 0.784625
2.20319	 0.773198
2.20652	 0.828863
2.20985	 0.692299
2.21319	 0.75121
2.21652	 0.679724
2.21985	 0.76404
2.22319	 0.795507
2.22652	 0.737101
2.22985	 0.751382
2.23318	 0.739931
2.23652	 0.825392
2.23985	 0.728755
2.24318	 0.759481
2.24652	 0.86946
2.24985	 0.81489
2.25318	 0.817108
2.25652	 0.64096
2.25985	 0.786091
2.26318	 0.805267
2.26652	 0.712295
2.26985	 0.857446
2.27318	 0.672527
2.27651	 0.779991
2.27985	 0.638536
2.28318	 0.636024
2.28651	 0.717112
2.28985	 0.744233
2.29318	 0.611317
2.29651	 0.763293
2.29985	 0.831998
2.30318	 0.788714
2.30651	 0.790325
2.30985	 0.634029
2.31318	 0.749555
2.31651	 0.730758
2.31985	 0.740265
2.32318	 0.847011
2.32651	 0.816057
2.32984	 0.860613
2.33318	 0.723074
2.33651	 0.898166
2.33984	 0.719692
2.34318	 0.909776
2.34651	 0.702435
2.34984	 0.728728
2.35318	 0.886164
2.35651	 0.640629
2.35984	 0.69061
2.36318	 0.7373
2.36651	 0.796465
2.36984	 0.893141
2.37318	 0.793004
2.37651	 0.813569
2.37984	 0.867935
2.38317	 0.699937
2.38651	 0.716243
2.38984	 0.83054
2.39317	 0.833976
2.39651	 0.828272
2.39984	 0.690531
2.40317	 0.788348
2.40651	 0.870576
2.40984	 0.886917
2.41317	 0.80321
2.41651	 0.922147
2.41984	 0.87452
2.42317	 0.877467
2.4265	 0.728409
2.42984	 0.806521
2.43317	 0.754604
2.4365	 0.833249
2.43984	 0.814682
2.44317	 0.830696
2.4465	 0.85206
2.44984	 0.902757
2.45317	 0.686512
2.4565	 0.670013
2.45984	 0.755423
2.46317	 0.679836
2.4665	 0.63038
2.46984	 0.785837
2.47317	 0.672537
2.4765	 0.611847
2.47983	 0.754535
2.48317	 0.719866
2.4865	 0.57818
2.48983	 0.678366
2.49317	 0.90105
2.4965	 0.821804
2.49983	 0.786702
2.50317	 0.78716
2.5065	 0.758612
2.50983	 0.790386
2.51317	 0.698912
2.5165	 0.684805
2.51983	 0.635457
2.52317	 0.848375
2.5265	 0.791683
2.52983	 0.769538
2.53316	 0.81424
2.5365	 0.732285
2.53983	 0.76578
2.54316	 0.815954
2.5465	 0.724096
2.54983	 0.779671
2.55316	 0.726277
2.5565	 0.862665
2.55983	 0.765975
2.56316	 0.724662
2.5665	 0.991341
2.56983	 0.828534
2.57316	 0.777208
2.57649	 0.893385
2.57983	 0.74478
2.58316	 0.786629
2.58649	 0.862097
2.58983	 0.773682
2.59316	 0.801254
2.59649	 0.837036
2.59983	 0.77212
2.60316	 0.716926
2.60649	 0.686652
2.60983	 0.848841
2.61316	 0.758436
2.61649	 0.851886
2.61983	 0.738846
2.62316	 0.738052
2.62649	 0.746718
2.62982	 0.757247
2.63316	 0.645839
2.63649	 0.748876
2.63982	 0.716391
2.64316	 0.726974
2.64649	 0.719839
2.64982	 0.699897
2.65316	 0.716015
2.65649	 0.789796
2.65982	 0.836781
2.66316	 0.74535
2.66649	 0.87278
2.66982	 0.769633
2.67316	 0.67348
2.67649	 0.786184
2.67982	 0.736704
2.68315	 0.754833
2.68649	 0.629551
2.68982	 0.642318
2.69315	 0.750114
2.69649	 0.807228
2.69982	 0.733029
2.70315	 0.690544
2.70649	 0.743936
2.70982	 0.749253
2.71315	 0.864139
2.71649	 0.721074
2.71982	 0.692033
2.72315	 0.855429
2.72648	 0.748471
2.72982	 0.868982
2.73315	 0.894849
2.73648	 0.649475
2.73982	 0.714931
2.74315	 0.610561
2.74648	 0.710774
2.74982	 0.584527
2.75315	 0.716094
2.75648	 0.77133
2.75982	 0.755447
2.76315	 0.754878
2.76648	 0.796759
2.76982	 0.696583
2.77315	 0.723241
2.77648	 0.606506
2.77981	 0.756683
2.78315	 0.951041
2.78648	 0.787432
2.78981	 0.804851
2.79315	 0.686852
2.79648	 0.833184
2.79981	 0.737854
2.80315	 0.755891
2.80648	 0.861353
2.80981	 0.683108
2.81315	 0.657949
2.81648	 0.875225
2.81981	 0.638524
2.82315	 0.898468
2.82648	 0.695835
2.82981	 0.689978
2.83314	 0.675019
2.83648	 0.634414
2.83981	 0.777088
2.84314	 0.57942
2.84648	 0.701617
2.84981	 0.643694
2.85314	 0.780985
2.85648	 0.749135
2.85981	 0.86975
2.86314	 0.579382
2.86648	 0.764171
2.86981	 0.75155
2.87314	 0.755683
2.87647	 0.677796
2.87981	 0.759495
2.88314	 0.848938
2.88647	 0.666495
2.88981	 0.808608
2.89314	 0.645505
2.89647	 0.705521
2.89981	 0.661031
2.90314	 0.694629
2.90647	 0.57372
2.90981	 0.721304
2.91314	 0.664696
2.91647	 0.663203
2.91981	 0.775742
2.92314	 0.676741
2.92647	 0.716551
2.9298	 0.864307
2.93314	 0.601349
2.93647	 0.648497
2.9398	 0.730566
2.94314	 0.665439
2.94647	 0.849217
2.9498	 0.786099
2.95314	 0.742273
2.95647	 0.61183
2.9598	 0.655804
2.96314	 0.67739
2.96647	 0.765111
2.9698	 0.742703
2.97314	 0.875856
2.97647	 0.666897
2.9798	 0.60936
2.98313	 0.683162
2.98647	 0.822258
2.9898	 0.692204
2.99313	 0.694807
2.99647	 0.651031
2.9998	 0.699746
3.00313	 0.597851
3.00647	 0.650877
3.0098	 0.729752
3.01313	 0.68889
3.01647	 0.651739
3.0198	 0.704613
3.02313	 0.694288
3.02646	 0.697652
3.0298	 0.637763
3.03313	 0.660382
3.03646	 0.726634
3.0398	 0.600639
3.04313	 0.759987
3.04646	 0.682739
3.0498	 0.772201
3.05313	 0.70054
3.05646	 0.652286
3.0598	 0.747468
3.06313	 0.683235
3.06646	 0.864171
3.0698	 0.688986
3.07313	 0.779001
3.07646	 0.664102
3.07979	 0.742162
3.08313	 0.78066
3.08646	 0.71158
3.08979	 0.618901
3.09313	 0.69033
3.09646	 0.671458
3.09979	 0.725242
3.10313	 0.693272
3.10646	 0.611121
3.10979	 0.708669
3.11313	 0.652378
3.11646	 0.667063
3.11979	 0.623385
3.12313	 0.619154
3.12646	 0.70581
3.12979	 0.567987
3.13312	 0.63259
3.13646	 0.74643
3.13979	 0.590151
3.14312	 0.640229
3.14646	 0.594067
3.14979	 0.727574
3.15312	 0.72341
3.15646	 0.724609
3.15979	 0.689131
3.16312	 0.754072
3.16646	 0.811917
3.16979	 0.689188
3.17312	 0.718469
3.17645	 0.558755
3.17979	 0.650486
3.18312	 0.652996
3.18645	 0.796498
3.18979	 0.680703
3.19312	 0.66432
3.19645	 0.752939
3.19979	 0.700079
3.20312	 0.619925
3.20645	 0.666154
3.20979	 0.596825
3.21312	 0.780395
3.21645	 0.643739
3.21979	 0.584346
3.22312	 0.458604
3.22645	 0.808173
3.22978	 0.688816
3.23312	 0.70509
3.23645	 0.843899
3.23978	 0.653141
3.24312	 0.712482
3.24645	 0.595175
3.24978	 0.728051
3.25312	 0.686418
3.25645	 0.54175
3.25978	 0.690574
3.26312	 0.69885
3.26645	 0.644815
3.26978	 0.615595
3.27312	 0.6876
3.27645	 0.77114
3.27978	 0.569875
3.28311	 0.724796
3.28645	 0.655762
3.28978	 0.643336
3.29311	 0.677185
3.29645	 0.740899
3.29978	 0.63785
3.30311	 0.723423
3.30645	 0.644936
3.30978	 0.690278
3.31311	 0.663779
3.31645	 0.741401
3.31978	 0.598824
3.32311	 0.595262
3.32644	 0.541071
3.32978	 0.662129
3.33311	 0.61431
3.33644	 0.826212
3.33978	 0.685647
3.34311	 0.655551
3.34644	 0.733816
3.34978	 0.687173
3.35311	 0.733289
3.35644	 0.558999
3.35978	 0.520517
3.36311	 0.762165
3.36644	 0.630179
3.36978	 0.633666
3.37311	 0.672633
3.37644	 0.523655
3.37977	 0.64992
3.38311	 0.71668
3.38644	 0.598979
3.38977	 0.699076
3.39311	 0.584112
3.39644	 0.832907
3.39977	 0.80236
3.40311	 0.617811
3.40644	 0.567515
3.40977	 0.720436
3.41311	 0.536461
3.41644	 0.593259
3.41977	 0.702088
3.42311	 0.661316
3.42644	 0.62105
3.42977	 0.819511
3.4331	 0.685737
3.43644	 0.69094
3.43977	 0.576321
3.4431	 0.718141
3.44644	 0.580311
3.44977	 0.709424
3.4531	 0.731207
3.45644	 0.702914
3.45977	 0.567406
3.4631	 0.61811
3.46644	 0.620067
3.46977	 0.774051
3.4731	 0.537782
3.47643	 0.559149
3.47977	 0.701392
3.4831	 0.733819
3.48643	 0.606274
3.48977	 0.689918
3.4931	 0.60458
3.49643	 0.607764
3.49977	 0.822354
3.5031	 0.68625
3.50643	 0.649156
3.50977	 0.726175
3.5131	 0.699674
3.51643	 0.6345
3.51977	 0.548604
3.5231	 0.758628
3.52643	 0.696059
3.52976	 0.740142
3.5331	 0.796334
3.53643	 0.596765
3.53976	 0.708197
3.5431	 0.641087
3.54643	 0.539693
3.54976	 0.580647
3.5531	 0.619434
3.55643	 0.612279
3.55976	 0.566103
3.5631	 0.496486
3.56643	 0.65188
3.56976	 0.627778
3.5731	 0.603766
3.57643	 0.680776
3.57976	 0.616005
3.58309	 0.631021
3.58643	 0.546531
3.58976	 0.752329
3.59309	 0.533294
3.59643	 0.570181
3.59976	 0.763001
3.60309	 0.543658
3.60643	 0.603076
3.60976	 0.617073
3.61309	 0.798046
3.61643	 0.843277
3.61976	 0.428175
3.62309	 0.693209
3.62642	 0.703226
3.62976	 0.508999
3.63309	 0.610674
3.63642	 0.766282
3.63976	 0.657009
3.64309	 0.581861
3.64642	 0.646129
3.64976	 0.52796
3.65309	 0.660304
3.65642	 0.669733
3.65976	 0.65939
3.66309	 0.586037
3.66642	 0.633238
3.66976	 0.56955
3.67309	 0.738004
3.67642	 0.588708
3.67975	 0.615695
3.68309	 0.790458
3.68642	 0.634672
3.68975	 0.712994
3.69309	 0.654863
3.69642	 0.663836
3.69975	 0.726258
3.70309	 0.72099
3.70642	 0.692168
3.70975	 0.588015
3.71309	 0.560927
3.71642	 0.608394
3.71975	 0.592006
3.72309	 0.591995
3.72642	 0.675999
3.72975	 0.572979
3.73308	 0.73027
3.73642	 0.645632
3.73975	 0.663447
3.74308	 0.667601
3.74642	 0.713788
3.74975	 0.560205
3.75308	 0.681295
3.75642	 0.690737
3.75975	 0.477335
3.76308	 0.566467
3.76642	 0.674088
3.76975	 0.590164
3.77308	 0.592143
3.77641	 0.703792
3.77975	 0.58001
3.78308	 0.589288
3.78641	 0.513486
3.78975	 0.788596
3.79308	 0.698097
3.79641	 0.49518
3.79975	 0.615876
3.80308	 0.642868
3.80641	 0.669083
3.80975	 0.596662
3.81308	 0.529963
3.81641	 0.525381
3.81975	 0.590104
3.82308	 0.58646
3.82641	 0.495414
3.82974	 0.691018
3.83308	 0.57708
3.83641	 0.559706
3.83974	 0.609025
3.84308	 0.636534
3.84641	 0.564071
3.84974	 0.666363
3.85308	 0.709154
3.85641	 0.638606
3.85974	 0.715366
3.86308	 0.553388
3.86641	 0.642359
3.86974	 0.565596
3.87308	 0.661184
3.87641	 0.609958
3.87974	 0.63007
3.88307	 0.647682
3.88641	 0.65307
3.88974	 0.553429
3.89307	 0.493251
3.89641	 0.682196
3.89974	 0.613967
3.90307	 0.753176
3.90641	 0.598678
3.90974	 0.602141
3.91307	 0.571364
3.91641	 0.657364
3.91974	 0.628847
3.92307	 0.68406
3.9264	 0.606759
3.92974	 0.709206
3.93307	 0.570957
3.9364	 0.666228
3.93974	 0.666475
3.94307	 0.546142
3.9464	 0.719706
3.94974	 0.551099
3.95307	 0.621757
3.9564	 0.670672
3.95974	 0.609784
3.96307	 0.562236
3.9664	 0.639103
3.96974	 0.618261
3.97307	 0.632517
3.9764	 0.51012
3.97973	 0.599431
3.98307	 0.693663
3.9864	 0.66412
3.98973	 0.47207
3.99307	 0.63177
3.9964	 0.588815
3.99973	 0.628555
4.00307	 0.593937
4.0064	 0.630923
4.00973	 0.61575
4.01307	 0.600659
4.0164	 0.613265
4.01973	 0.59883
4.02307	 0.791995
4.0264	 0.533866
4.02973	 0.767127
4.03306	 0.60495
4.0364	 0.665871
4.03973	 0.647029
4.04306	 0.747979
4.0464	 0.757097
4.04973	 0.749794
4.05306	 0.60999
4.0564	 0.607604
4.05973	 0.632701
4.06306	 0.607192
4.0664	 0.530803
4.06973	 0.71549
4.07306	 0.559295
4.07639	 0.533018
4.07973	 0.458209
4.08306	 0.545158
4.08639	 0.538418
4.08973	 0.556956
4.09306	 0.572334
4.09639	 0.640756
4.09973	 0.759746
4.10306	 0.519117
4.10639	 0.560988
4.10973	 0.57466
4.11306	 0.63486
4.11639	 0.545561
4.11973	 0.606926
4.12306	 0.684438
4.12639	 0.57981
4.12972	 0.702798
4.13306	 0.434708
4.13639	 0.552029
4.13972	 0.533701
4.14306	 0.617641
4.14639	 0.565696
4.14972	 0.634266
4.15306	 0.688856
4.15639	 0.527776
4.15972	 0.503225
4.16306	 0.627967
4.16639	 0.563134
4.16972	 0.637667
4.17306	 0.633298
4.17639	 0.49366
4.17972	 0.633078
4.18305	 0.593824
4.18639	 0.475076
4.18972	 0.592065
4.19305	 0.565175
4.19639	 0.672174
4.19972	 0.605143
4.20305	 0.537101
4.20639	 0.619183
4.20972	 0.56501
4.21305	 0.552451
4.21639	 0.538303
4.21972	 0.627007
4.22305	 0.611829
4.22638	 0.596285
4.22972	 0.584846
4.23305	 0.543331
4.23638	 0.632719
4.23972	 0.506149
4.24305	 0.64957
4.24638	 0.625002
4.24972	 0.676082
4.25305	 0.583389
4.25638	 0.518235
4.25972	 0.518735
4.26305	 0.640809
4.26638	 0.647741
4.26972	 0.589599
4.27305	 0.543748
4.27638	 0.696418
4.27971	 0.705219
4.28305	 0.553796
4.28638	 0.676485
4.28971	 0.575517
4.29305	 0.632948
4.29638	 0.586569
4.29971	 0.534292
4.30305	 0.601664
4.30638	 0.590999
4.30971	 0.744343
4.31305	 0.651078
4.31638	 0.653855
4.31971	 0.675904
4.32305	 0.588143
4.32638	 0.571866
4.32971	 0.578126
4.33304	 0.602554
4.33638	 0.526892
4.33971	 0.670541
4.34304	 0.5811
4.34638	 0.618982
4.34971	 0.59169
4.35304	 0.59772
4.35638	 0.640056
4.35971	 0.640663
4.36304	 0.648971
4.36638	 0.587477
4.36971	 0.577658
4.37304	 0.553779
4.37637	 0.627845
4.37971	 0.555055
4.38304	 0.595567
4.38637	 0.571085
4.38971	 0.737981
4.39304	 0.522447
4.39637	 0.731293
4.39971	 0.619189
4.40304	 0.45751
4.40637	 0.627068
4.40971	 0.705731
4.41304	 0.694905
4.41637	 0.554764
4.41971	 0.434913
4.42304	 0.607926
4.42637	 0.63741
4.4297	 0.561972
4.43304	 0.795358
4.43637	 0.672653
4.4397	 0.528819
4.44304	 0.578906
4.44637	 0.595058
4.4497	 0.566274
4.45304	 0.650425
4.45637	 0.524618
4.4597	 0.439235
4.46304	 0.5571
4.46637	 0.670878
4.4697	 0.489199
4.47304	 0.579489
4.47637	 0.752654
4.4797	 0.625058
4.48303	 0.630093
4.48637	 0.550493
4.4897	 0.574387
4.49303	 0.464059
4.49637	 0.650708
4.4997	 0.506062
4.50303	 0.619897
4.50637	 0.568896
4.5097	 0.584757
4.51303	 0.547398
4.51637	 0.69397
4.5197	 0.532528
4.52303	 0.555868
4.52636	 0.586461
4.5297	 0.622742
4.53303	 0.525659
4.53636	 0.483337
4.5397	 0.722372
4.54303	 0.567687
4.54636	 0.518391
4.5497	 0.614433
4.55303	 0.544083
4.55636	 0.680061
4.5597	 0.611197
4.56303	 0.584434
4.56636	 0.594384
4.5697	 0.584271
4.57303	 0.534735
4.57636	 0.581865
4.57969	 0.514394
4.58303	 0.563772
4.58636	 0.506584
4.58969	 0.507054
4.59303	 0.510952
4.59636	 0.468828
4.59969	 0.658859
4.60303	 0.450974
4.60636	 0.5008
4.60969	 0.642973
4.61303	 0.593239
4.61636	 0.66292
4.61969	 0.515269
4.62303	 0.584983
4.62636	 0.535589
4.62969	 0.584299
4.63302	 0.526972
4.63636	 0.589672
4.63969	 0.668817
4.64302	 0.537506
4.64636	 0.678306
4.64969	 0.620015
4.65302	 0.508035
4.65636	 0.487377
4.65969	 0.551377
4.66302	 0.489816
4.66636	 0.459822
4.66969	 0.459094
4.67302	 0.640787
4.67635	 0.724845
4.67969	 0.474591
4.68302	 0.43714
4.68635	 0.493016
4.68969	 0.541781
4.69302	 0.583174
4.69635	 0.632578
4.69969	 0.664086
4.70302	 0.539338
4.70635	 0.474058
4.70969	 0.507817
4.71302	 0.623866
4.71635	 0.518149
4.71969	 0.510787
4.72302	 0.598932
4.72635	 0.46117
4.72968	 0.610787
4.73302	 0.566835
4.73635	 0.4748
4.73968	 0.566909
4.74302	 0.564421
4.74635	 0.557917
4.74968	 0.584518
4.75302	 0.56704
4.75635	 0.464346
4.75968	 0.594882
4.76302	 0.553193
4.76635	 0.595006
4.76968	 0.603644
4.77302	 0.603388
4.77635	 0.624432
4.77968	 0.578371
4.78301	 0.526012
4.78635	 0.560035
4.78968	 0.534915
4.79301	 0.668912
4.79635	 0.473244
4.79968	 0.473729
4.80301	 0.595641
4.80635	 0.579272
4.80968	 0.653391
4.81301	 0.557796
4.81635	 0.412337
4.81968	 0.649743
4.82301	 0.487195
4.82634	 0.559156
4.82968	 0.451265
4.83301	 0.453812
4.83634	 0.526905
4.83968	 0.593989
4.84301	 0.528334
4.84634	 0.533324
4.84968	 0.522477
4.85301	 0.580362
4.85634	 0.570156
4.85968	 0.431823
4.86301	 0.389583
4.86634	 0.597928
4.86968	 0.489443
4.87301	 0.634432
4.87634	 0.534025
4.87967	 0.502762
4.88301	 0.541082
4.88634	 0.587679
4.88967	 0.620285
4.89301	 0.56432
4.89634	 0.541159
4.89967	 0.488309
4.90301	 0.553642
4.90634	 0.568866
4.90967	 0.533218
4.91301	 0.513967
4.91634	 0.490635
4.91967	 0.57552
4.92301	 0.555056
4.92634	 0.448226
4.92967	 0.621043
4.933	 0.619103
4.93634	 0.559469
4.93967	 0.548622
4.943	 0.471486
4.94634	 0.534833
4.94967	 0.622226
4.953	 0.632715
4.95634	 0.469038
4.95967	 0.56302
4.963	 0.537897
4.96634	 0.511149
4.96967	 0.481557
4.973	 0.466378
4.97633	 0.614443
4.97967	 0.542977
4.983	 0.417586
4.98633	 0.58888
4.98967	 0.531363
4.993	 0.577558
4.99633	 0.524124
