#Time [1ns] 	 Re(Es) 	 Im(Es) 	 |Es|^2 	 rho 	 w
0	-626.797321	-391.467573	43694.7748	42287.7433	0.559145669	5.94227063e+13
1e-11	415.918787	1944.04635	43490.4066	42976.9064	0.559629601	5.96668491e+13
2e-11	1083.16147	464.111521	42936.6891	43133.3157	0.560028192	5.98898646e+13
3e-11	300.725152	1706.25772	44601.1864	45064.2218	0.559708535	6.00928079e+13
4e-11	-247.175111	1812.94931	43707.566	44612.6871	0.559100217	6.0274154e+13
5e-11	-2745.78876	-203.637369	43997.8646	43672.5682	0.55926416	6.04377024e+13
6e-11	-3153.12794	-1731.4881	44276.9783	43176.9473	0.559659866	6.05872365e+13
7e-11	-2450.14135	-657.741909	44571.3125	44029.4838	0.559636675	6.0723827e+13
8e-11	-629.693778	-1504.85274	44278.2879	43487.2436	0.55967726	6.08473767e+13
9e-11	888.488551	104.213732	45150.1445	43742.7115	0.559807487	6.09598597e+13
1e-10	542.410761	-596.072353	44744.911	43661.8611	0.559638687	6.10616938e+13
1.1e-10	720.339223	483.435438	44508.9837	42491.4113	0.559719852	6.11538327e+13
1.2e-10	838.986777	2554.74949	46711.4113	40869.0093	0.560137087	6.12384158e+13
1.3e-10	728.825485	3653.00168	46606.2654	42447.2238	0.560033001	6.13159202e+13
1.4e-10	2238.35356	3251.103	46700.3891	42160.4459	0.559534144	6.13849997e+13
1.5e-10	2026.09462	2837.96853	46961.0239	41486.6881	0.559434378	6.14462374e+13
1.6e-10	846.652035	925.356387	45754.9768	42035.1243	0.559504614	6.15016898e+13
1.7e-10	342.662145	1573.38635	45778.4159	40279.8718	0.560290326	6.15534729e+13
1.8e-10	442.310901	384.540315	46067.8376	42042.8855	0.560843218	6.16037486e+13
1.9e-10	2787.4416	1662.20265	45543.6339	41797.0237	0.561103846	6.16504158e+13
2e-10	1361.75547	2283.95476	44845.889	41734.6305	0.561263668	6.16938228e+13
2.1e-10	965.675849	1896.76741	44638.4135	42912.3006	0.561367511	6.17341814e+13
2.2e-10	1279.61581	1760.58632	42881.9774	44095.3647	0.561431717	6.17708074e+13
2.3e-10	-471.92341	2600.93584	44154.4502	44622.2218	0.561555791	6.18047452e+13
2.4e-10	-1548.72575	3950.46627	45347.0132	46455.7905	0.560868866	6.18345054e+13
2.5e-10	-660.366337	5125.74067	44669.1311	45712.7798	0.559350543	6.18564353e+13
2.6e-10	505.975367	5324.10576	45130.9998	45020.1261	0.559168403	6.18728671e+13
2.7e-10	-33.1886445	4439.12143	46297.8741	43601.7884	0.55922409	6.18874032e+13
2.8e-10	-360.165175	3153.01918	46797.8401	43073.0071	0.558958073	6.19001699e+13
2.9e-10	131.191062	984.774896	45122.5959	42079.9438	0.559402681	6.19116735e+13
3e-10	574.224387	1199.73463	44524.4288	43757.6552	0.560134015	6.19249846e+13
3.1e-10	1367.84995	1935.19674	46513.2423	42212.0155	0.560303747	6.19389538e+13
3.2e-10	2043.00798	120.210555	46335.4298	42426.4224	0.560221647	6.19518501e+13
3.3e-10	1629.4235	1040.03038	46454.6625	40655.9211	0.560582783	6.19636646e+13
3.4e-10	576.498769	653.70427	46061.5516	40293.6383	0.56126342	6.19768023e+13
3.5e-10	337.15762	-94.7074335	48207.4844	42498.2915	0.561170237	6.19906048e+13
3.6e-10	145.91532	-151.579958	47723.5001	41206.7814	0.560545412	6.20008647e+13
3.7e-10	1132.51542	854.497434	48231.9967	38978.4671	0.560477141	6.20087537e+13
3.8e-10	2979.19915	1795.29394	48826.5043	39459.9666	0.560651863	6.20163834e+13
3.9e-10	556.973455	1332.22189	49651.3696	38399.2823	0.56088118	6.20240981e+13
4e-10	-143.711871	775.510624	49172.6404	39409.7798	0.560884507	6.20314844e+13
4.1e-10	-191.291659	2112.8398	49094.179	40026.6765	0.560505877	6.20375503e+13
4.2e-10	1451.30005	1660.10445	50553.384	40613.1813	0.559719846	6.20408292e+13
4.3e-10	1271.95748	1126.16524	49824.6827	39494.2742	0.559165927	6.20404995e+13
4.4e-10	1563.96726	744.265406	50052.5453	40920.5598	0.558838292	6.20387414e+13
4.5e-10	3097.65284	1855.08094	51973.2185	40411.9503	0.557655694	6.2034106e+13
4.6e-10	3586.28858	122.962686	50342.7098	40261.8114	0.55757984	6.20267535e+13
4.7e-10	1125.34418	-451.957163	49496.9353	40033.0895	0.558014777	6.20209408e+13
4.8e-10	172.095027	1317.88451	49290.6605	39372.1702	0.55851139	6.20175493e+13
4.9e-10	-1870.36997	1923.29941	49249.5528	40416.2667	0.558917382	6.20167336e+13
5e-10	-2574.12408	320.980301	48790.3824	41566.9171	0.558669493	6.20162345e+13
5.1e-10	-2173.22453	597.366808	48209.3795	39498.9356	0.559085668	6.20155391e+13
5.2e-10	-926.951846	1043.56399	48632.8657	40598.7328	0.559633341	6.20176245e+13
5.3e-10	-276.104138	1541.86666	47419.6354	40323.1189	0.559539954	6.20200764e+13
5.4e-10	-566.594165	581.335739	47151.5284	39575.3531	0.56011938	6.20234192e+13
5.5e-10	468.684142	381.748012	48719.0488	40702.7652	0.560181669	6.20283359e+13
5.6e-10	804.305289	-495.468767	48391.012	43543.5773	0.559756811	6.20320081e+13
5.7e-10	-136.181305	-83.1854253	46861.5588	42940.6303	0.559194779	6.20324903e+13
5.8e-10	542.79204	-687.133616	46602.6858	42517.5159	0.559377211	6.20324039e+13
5.9e-10	-1259.70645	-1567.4882	46249.8488	43304.147	0.559352101	6.20325516e+13
6e-10	-3113.48819	-4463.75263	43603.7055	42651.157	0.560178161	6.20340404e+13
6.1e-10	-1220.10592	-5516.60475	44152.1635	43520.6149	0.560789538	6.20391802e+13
6.2e-10	-122.760658	-2826.47965	44573.9885	41208.2213	0.561059353	6.20450901e+13
6.3e-10	606.247075	-2638.75434	43925.1576	41060.7293	0.56216542	6.20533333e+13
6.4e-10	108.082025	-1254.3989	43017.8311	42564.7415	0.562837654	6.20647693e+13
6.5e-10	530.226918	-1514.54991	44059.9194	43847.2099	0.562579854	6.20764889e+13
6.6e-10	-1378.31933	-1539.62206	44620.9799	44201.6766	0.56211764	6.20851937e+13
6.7e-10	-2560.11795	528.683884	45620.5994	43491.7519	0.56172106	6.20913043e+13
6.8e-10	-703.219916	1467.29668	46523.6809	43929.0008	0.56110237	6.20947858e+13
6.9e-10	-954.076828	2815.80402	43733.8423	44681.621	0.560630248	6.20952626e+13
7e-10	-3213.67061	2922.82601	43232.154	45119.7639	0.56080517	6.20953372e+13
7.1e-10	-1471.06656	2494.79458	44985.4783	46252.0265	0.560359596	6.20955042e+13
7.2e-10	701.632876	3840.49377	43817.5906	47385.3022	0.559540408	6.20923136e+13
7.3e-10	340.90927	3535.74663	45150.5829	45497.0276	0.559040834	6.208653e+13
7.4e-10	261.562258	757.206888	45795.8367	43492.387	0.559244705	6.20807397e+13
7.5e-10	392.084019	848.995428	45632.5465	46470.7754	0.559001428	6.20760725e+13
7.6e-10	1174.1782	318.402631	45033.5724	44643.4565	0.55862407	6.20696861e+13
7.7e-10	839.959505	2470.73352	43596.791	44486.3026	0.559439456	6.20649607e+13
7.8e-10	2288.57623	2580.66744	44573.1502	43814.6331	0.559885653	6.20635456e+13
7.9e-10	569.812052	1759.12083	43530.2782	41363.8644	0.560934929	6.20646587e+13
8e-10	-1082.29611	1890.34203	43050.0712	40650.8259	0.562360717	6.20713242e+13
8.1e-10	-529.253447	-152.927297	44045.5236	41656.6669	0.563097359	6.20821178e+13
8.2e-10	-1154.07036	-113.126382	43371.3449	42445.1751	0.563098343	6.20933313e+13
8.3e-10	-1541.44454	1438.38321	43932.8632	42363.2676	0.563186662	6.21035987e+13
8.4e-10	-43.8268917	781.513635	44497.9677	43831.4828	0.562888307	6.21128488e+13
8.5e-10	-193.991795	205.88521	45164.0467	44309.8826	0.561771427	6.21181987e+13
8.6e-10	-1804.2312	839.953895	46256.7975	43866.0393	0.56121048	6.21196486e+13
8.7e-10	-132.734881	518.816753	48183.7628	44602.7708	0.560056344	6.21175363e+13
8.8e-10	1322.30206	730.626084	48270.562	44002.1272	0.55882727	6.2110169e+13
8.9e-10	-892.496932	1751.98599	47461.3322	46265.6295	0.55786136	6.20992772e+13
9e-10	1678.02674	2579.79637	45624.2022	45571.6396	0.557605985	6.20860845e+13
9.1e-10	1737.54053	1550.89183	44412.5189	43105.5273	0.558288512	6.20750018e+13
9.2e-10	-2002.98587	1274.04923	43589.585	42992.5759	0.559664716	6.20695067e+13
9.3e-10	-399.098494	617.928838	45237.7043	43998.0305	0.56013941	6.20691394e+13
9.4e-10	-621.674834	2095.37753	46105.139	44242.5402	0.559952491	6.20690274e+13
9.5e-10	-1155.94238	4201.60633	47181.5339	46017.0346	0.559250149	6.20674998e+13
9.6e-10	-898.848189	2739.29002	47196.2475	44958.6817	0.558276436	6.20622248e+13
9.7e-10	-243.097892	2115.58821	48136.2059	43230.4354	0.558231286	6.20550171e+13
9.8e-10	-1498.04029	2082.75099	47963.7554	42162.4005	0.558455958	6.20488775e+13
9.9e-10	-594.472477	254.629615	46984.508	40669.0772	0.558911879	6.20445539e+13
1e-09	-1789.45632	-404.438048	46705.6925	41206.391	0.559769948	6.20436413e+13
1.01e-09	-1879.90757	-56.0337527	45419.1336	42973.1086	0.560095174	6.20452772e+13
1.02e-09	-1728.56141	-923.612939	45893.5625	43530.6297	0.560333094	6.20479493e+13
1.03e-09	-521.901294	-2391.74013	45851.9215	43627.7465	0.56035278	6.205108e+13
1.04e-09	-2474.00489	-1902.24061	44078.2224	45021.1537	0.560127803	6.20532132e+13
1.05e-09	189.807321	-1586.83943	45497.9727	45044.5741	0.559963758	6.20545938e+13
1.06e-09	-894.334429	-3829.55678	45281.9882	46315.9731	0.559303349	6.20542148e+13
1.07e-09	1497.19357	-2033.6643	46321.8171	46560.8814	0.558724794	6.20512751e+13
1.08e-09	921.221533	-2982.49253	46417.6156	44871.2266	0.558107656	6.20457525e+13
1.09e-09	1698.68645	-1697.52472	46536.868	44382.6446	0.558007448	6.20392421e+13
1.1e-09	1802.03423	-1518.58989	47606.1569	43789.0568	0.557900501	6.20332176e+13
1.11e-09	2331.95919	-2029.86204	47611.1209	42010.4884	0.558039991	6.20275678e+13
1.12e-09	2141.22957	-2527.27925	45474.2757	41798.7319	0.559189512	6.20247635e+13
1.13e-09	740.694223	-3603.71908	46882.9133	42420.6657	0.559722346	6.20264843e+13
1.14e-09	-742.68174	-1741.82652	46704.4474	42281.0782	0.559798599	6.20290013e+13
1.15e-09	-282.964995	-1169.62138	46452.447	43058.8756	0.559678072	6.20312911e+13
1.16e-09	-1205.74131	551.597008	46629.6872	44510.2676	0.559491173	6.20329504e+13
1.17e-09	-1402.89745	2064.05568	45889.961	44004.5519	0.559076482	6.20327092e+13
1.18e-09	-552.689433	902.692815	45540.0251	41450.3756	0.559598224	6.20326264e+13
1.19e-09	-671.401324	2024.80203	46635.7944	38743.4759	0.560691787	6.20361993e+13
1.2e-09	-1344.6825	1846.14502	49325.4144	38689.6812	0.561119176	6.20429814e+13
1.21e-09	-954.873541	998.676197	49611.3082	38373.3192	0.560919627	6.20491085e+13
1.22e-09	-39.1507809	-669.026394	52093.3831	37916.4983	0.56048451	6.20538926e+13
1.23e-09	699.751854	-77.9042053	52841.1496	37647.0376	0.559426142	6.20549312e+13
1.24e-09	1860.73125	-983.024532	51836.3062	38822.9731	0.558809824	6.20521582e+13
1.25e-09	-165.926117	2042.8026	52761.9976	38982.647	0.558223221	6.20473122e+13
1.26e-09	-404.00739	1593.90073	49958.5048	41181.0554	0.557988958	6.20407062e+13
1.27e-09	504.929917	2666.34152	49113.2617	40778.8386	0.558280294	6.20350338e+13
1.28e-09	1138.16276	1153.69748	48666.0711	39487.0234	0.558877643	6.2031662e+13
1.29e-09	3142.66778	1811.52212	48793.256	40498.7312	0.558891901	6.20302334e+13
1.3e-09	3093.8951	3255.57222	48946.5609	40756.0128	0.559134158	6.20292734e+13
1.31e-09	1090.59041	1393.51527	47040.5645	39915.4156	0.559442306	6.20294767e+13
1.32e-09	1749.31796	-454.302659	46768.3941	39094.6359	0.560494919	6.20324178e+13
1.33e-09	-206.249836	-1831.193	48007.3169	39048.9648	0.56114562	6.20388329e+13
1.34e-09	-631.932044	-2274.14381	48572.5161	40321.2114	0.56093107	6.20456856e+13
1.35e-09	-287.207583	-819.312217	48873.8313	41475.0314	0.560185173	6.20499342e+13
1.36e-09	660.36965	-460.014356	48697.3543	41505.8105	0.559559874	6.20506785e+13
1.37e-09	1323.58429	-508.163177	47392.9742	40160.4886	0.559867948	6.20504189e+13
1.38e-09	831.556552	-595.939525	46926.1713	40678.3815	0.560588316	6.20526426e+13
1.39e-09	1443.82293	-1720.59605	46657.7436	41210.4556	0.560854721	6.205669e+13
1.4e-09	290.437694	-1746.18895	47701.4826	40649.533	0.560874289	6.20611843e+13
1.41e-09	-1248.69125	-2166.92344	46876.607	39588.933	0.561076242	6.20652202e+13
1.42e-09	-1016.22957	-1079.27347	44236.4671	41471.2259	0.561643475	6.20705051e+13
1.43e-09	-407.558799	-2301.38652	43948.9345	41395.9043	0.562265117	6.2078127e+13
1.44e-09	624.292979	-1623.25055	44170.6308	41862.5585	0.562664127	6.20872721e+13
1.45e-09	1376.19468	-1568.80338	44908.5103	42249.4408	0.562790822	6.20965736e+13
1.46e-09	159.270926	-449.973684	46158.0486	43066.774	0.562266895	6.21046236e+13
1.47e-09	-795.469266	-436.469642	46988.971	41606.8357	0.561529988	6.21088456e+13
1.48e-09	-1491.01046	461.403844	46995.5229	40060.9787	0.561550183	6.21108566e+13
1.49e-09	-1947.36067	1186.82424	46494.9029	40695.2928	0.561501964	6.21127468e+13
1.5e-09	-2789.65529	-1476.20373	45228.2021	43916.9808	0.561097647	6.21140746e+13
1.51e-09	-2185.02923	366.05395	44836.0454	44997.283	0.560575104	6.21130417e+13
1.52e-09	-853.206675	-927.242521	44142.6376	45350.3626	0.560240229	6.21101327e+13
1.53e-09	-916.665624	-2208.05825	43508.2177	44950.559	0.560393411	6.21070509e+13
1.54e-09	-2806.73427	-3514.30724	43568.8423	45473.7506	0.560057844	6.21042971e+13
1.55e-09	-2844.3327	-3272.76038	44395.7034	46099.5913	0.559555354	6.21002183e+13
1.56e-09	-2086.9892	-3719.94338	45240.0702	45683.4847	0.559420209	6.20947352e+13
1.57e-09	-1354.14518	-3914.36429	43486.7531	45568.0963	0.559479682	6.20893198e+13
1.58e-09	565.344223	-2803.13557	45400.5414	44297.0318	0.55958036	6.20850228e+13
1.59e-09	-1008.7852	-2866.5742	45925.3368	43318.497	0.55964216	6.20813189e+13
1.6e-09	121.921997	-1686.75659	45934.4525	41945.5141	0.559977181	6.20786777e+13
1.61e-09	84.9382178	-306.576931	46234.7493	42039.5213	0.560338416	6.20778994e+13
1.62e-09	553.694294	-391.370414	46299.9329	42287.7233	0.560600421	6.20786395e+13
1.63e-09	442.268424	-192.241606	45085.7492	40593.7399	0.561283525	6.20806318e+13
1.64e-09	50.5345488	927.02604	44148.7307	41974.39	0.562250261	6.20864212e+13
1.65e-09	-542.628912	775.521759	45307.8729	42362.7519	0.562057107	6.20936187e+13
1.66e-09	-934.271956	-639.619516	46303.837	41294.1941	0.56183445	6.20989282e+13
1.67e-09	-2355.60753	-672.212306	47715.1907	41346.8784	0.561269124	6.21024361e+13
1.68e-09	-1794.90681	82.2768879	48661.9932	41865.8707	0.560690674	6.21031112e+13
1.69e-09	-277.619429	593.580073	48542.7478	42955.6406	0.559746112	6.21004917e+13
1.7e-09	-391.467726	2109.30618	48909.334	43335.2212	0.558720163	6.20941846e+13
1.71e-09	-1221.42369	2271.38992	47569.8871	43264.1602	0.558222775	6.20849882e+13
1.72e-09	-433.570317	465.705455	46175.5087	42432.0994	0.558669313	6.2076538e+13
1.73e-09	398.673504	1101.86347	44683.8564	44259.3409	0.559531206	6.20716961e+13
1.74e-09	2004.81038	1129.86752	44493.9799	43866.3645	0.559889614	6.20697447e+13
1.75e-09	-138.467716	1508.00125	45346.5556	45709.9106	0.55969163	6.20689686e+13
1.76e-09	-168.767328	1909.6318	44658.657	44744.5084	0.55954832	6.20668788e+13
1.77e-09	-576.680906	1312.37516	45336.3533	45564.0109	0.559801807	6.20656421e+13
1.78e-09	-1084.40626	1760.7514	47441.5255	45003.9677	0.559082482	6.20632677e+13
1.79e-09	12.6020466	3282.06665	46480.9248	46559.9169	0.558126949	6.20579409e+13
1.8e-09	-27.7583403	1617.55222	46658.6104	45006.6346	0.557728196	6.20497394e+13
1.81e-09	-151.235621	3704.74026	46749.6205	44139.1151	0.557900817	6.20418558e+13
1.82e-09	-909.601486	2741.31369	45864.6238	44262.4538	0.558004859	6.20353222e+13
1.83e-09	-90.2273911	1188.38165	46019.5085	44183.4265	0.55867286	6.20310179e+13
1.84e-09	482.772869	518.354596	47033.4891	44272.4903	0.558920733	6.20291125e+13
1.85e-09	-221.762885	2116.39989	46728.4386	44339.2482	0.558640194	6.20273549e+13
1.86e-09	301.78581	956.580825	46574.2441	44042.0119	0.55840257	6.2024592e+13
1.87e-09	795.902569	-767.142867	46813.8712	44729.6629	0.558393493	6.20214332e+13
1.88e-09	-328.635203	-1497.19053	46641.1943	46354.2851	0.558077911	6.20183016e+13
1.89e-09	1088.52472	-1684.09888	47652.5129	45706.2014	0.557659835	6.20136662e+13
1.9e-09	1170.49556	-181.543674	47684.0187	43801.9811	0.557258359	6.20075805e+13
1.91e-09	683.623964	1299.04148	48094.5177	44332.2168	0.557494749	6.20020707e+13
1.92e-09	887.900631	2196.47877	48319.7346	44581.782	0.557313515	6.19970568e+13
1.93e-09	1265.22106	1636.35772	47026.979	43079.3167	0.557557614	6.19923167e+13
1.94e-09	1379.72683	-277.312574	46585.4799	42190.5794	0.558321219	6.19902658e+13
1.95e-09	1587.51892	-184.537268	46412.8894	41334.9772	0.558993384	6.19915703e+13
1.96e-09	1309.4965	-427.073023	45615.4451	42572.0232	0.560235726	6.19966346e+13
1.97e-09	-270.086507	-744.794003	45805.1587	42804.3057	0.56046718	6.20045953e+13
1.98e-09	-606.01777	158.299067	46636.744	43546.5923	0.56035103	6.20121531e+13
1.99e-09	-42.3106225	-405.870972	46474.506	40982.2349	0.560042909	6.20174938e+13
2e-09	-25.4260974	1319.9602	45658.5685	42878.9	0.560689831	6.20236298e+13
2.01e-09	914.027347	1216.38512	46699.3507	43308.9485	0.560152813	6.20295544e+13
2.02e-09	1750.78679	1795.92626	49058.479	43317.0594	0.559378545	6.20322064e+13
2.03e-09	1382.44443	1567.04304	50372.4809	42388.5022	0.558646934	6.20310178e+13
2.04e-09	2489.34369	1904.87224	50626.1011	42924.1653	0.557894951	6.20271957e+13
2.05e-09	1609.97515	605.824771	48161.5675	42476.6528	0.557409843	6.20204891e+13
2.06e-09	784.201157	431.966098	47586.8589	41464.8333	0.557966923	6.20147007e+13
2.07e-09	468.725806	869.656944	47520.12	38428.9439	0.559268248	6.20133125e+13
2.08e-09	517.253482	1255.62059	48116.4749	39545.9392	0.560434358	6.20176667e+13
2.09e-09	277.950532	724.333611	48616.6152	40104.7947	0.560424271	6.20240416e+13
2.1e-09	-533.792428	157.257659	47712.9502	39838.6266	0.560507552	6.20297569e+13
2.11e-09	432.418835	-277.219359	47476.2148	39916.4919	0.560753382	6.20356985e+13
2.12e-09	1538.84079	-364.664651	47153.1786	40758.197	0.56061551	6.20415116e+13
2.13e-09	1923.94292	-734.830024	46925.9388	39879.5866	0.560909619	6.20466183e+13
2.14e-09	1271.73951	62.15322	47046.0025	40685.2917	0.560985355	6.20526484e+13
2.15e-09	477.447314	589.549528	47517.9267	41089.7803	0.561089014	6.20581084e+13
2.16e-09	-100.799459	1420.38219	49459.2911	41860.389	0.560251053	6.20619841e+13
2.17e-09	-863.610303	1153.8344	49621.0857	41912.6718	0.559335804	6.2061223e+13
2.18e-09	-2563.04263	329.608903	48705.2889	42093.6019	0.558615335	6.20573771e+13
2.19e-09	-2162.65233	2521.27394	47973.4096	41153.4961	0.558665944	6.20520785e+13
2.2e-09	-1347.20763	2661.86833	48316.9865	41152.8995	0.5588552	6.20482462e+13
2.21e-09	-2051.26812	1280.76026	48095.8512	40077.1589	0.559365905	6.20456824e+13
2.22e-09	-281.611798	1706.31594	47368.2645	39663.9945	0.55982698	6.20455677e+13
2.23e-09	-2112.06067	828.928425	46042.6117	41029.2094	0.560409467	6.20478691e+13
2.24e-09	-1008.64291	1285.24561	46884.7054	41420.4429	0.560743202	6.20521161e+13
2.25e-09	-2185.4715	1490.14445	46787.7391	43556.434	0.560230674	6.20556162e+13
2.26e-09	-2807.75541	2429.54515	45072.1705	45870.2424	0.559617919	6.2056202e+13
2.27e-09	-1993.59263	1756.19775	46236.024	45493.1597	0.559337956	6.20547939e+13
2.28e-09	-2759.44301	643.154437	47214.0173	44207.2779	0.558962447	6.20520032e+13
2.29e-09	-2553.91888	2230.49297	46363.3571	41867.3085	0.559232639	6.20490396e+13
2.3e-09	-2140.66682	1094.26604	46591.7995	43672.8114	0.559474248	6.20479077e+13
2.31e-09	-2556.96157	1134.49098	47525.9475	44136.2029	0.559161879	6.2046716e+13
2.32e-09	-3411.69877	1885.93118	46129.6621	43827.5062	0.55903692	6.20442621e+13
2.33e-09	-3615.17444	2165.38992	45239.751	41861.0191	0.559706378	6.20430797e+13
2.34e-09	-3446.13029	2738.17485	44225.6005	43264.0369	0.560604997	6.20456815e+13
2.35e-09	-3525.77144	689.397582	44535.505	42247.25	0.560964171	6.20506017e+13
2.36e-09	-3603.69579	42.6067226	44617.8659	42431.6711	0.561705433	6.20571673e+13
2.37e-09	-2555.10794	149.482956	44100.5497	43624.3365	0.561586758	6.20649403e+13
2.38e-09	-1800.70129	1217.8084	43763.3301	45635.4682	0.561442734	6.20713765e+13
2.39e-09	-1579.83057	787.352575	45406.2175	44071.8335	0.560984584	6.20758609e+13
2.4e-09	-1928.23678	462.389098	45194.6211	43046.0252	0.56057567	6.20776568e+13
2.41e-09	-3203.43956	167.539693	46051.9766	45402.9214	0.560138081	6.20785088e+13
2.42e-09	-1430.05021	-1145.79794	46178.0747	45183.4552	0.559429006	6.20763138e+13
2.43e-09	-1499.3746	-2924.95629	45135.7422	43500.5497	0.559259008	6.20719231e+13
2.44e-09	-631.83383	-2822.29312	43991.755	42984.3038	0.56011471	6.20697176e+13
2.45e-09	-611.434556	-847.679858	43821.4305	41708.3856	0.560980257	6.20713224e+13
2.46e-09	-1194.60968	-423.669579	43594.767	42831.4236	0.561749781	6.20764803e+13
2.47e-09	-1101.3499	1001.06098	44164.7354	43529.7835	0.561769957	6.20827441e+13
2.48e-09	657.21907	841.600839	45466.1112	44152.6358	0.56151072	6.20882021e+13
2.49e-09	608.722173	711.310171	46905.1115	42993.6923	0.560495108	6.20904392e+13
2.5e-09	818.813376	714.701209	46572.6877	43401.8655	0.56008241	6.20890147e+13
2.51e-09	1030.48322	614.434448	45327.6793	42816.877	0.560279041	6.20871628e+13
2.52e-09	1056.7529	-2059.01384	45607.1464	43055.6073	0.560525306	6.20866848e+13
2.53e-09	-360.92968	-2726.78537	44953.3358	43806.5945	0.560765471	6.20871604e+13
2.54e-09	-541.604451	-1866.04055	43517.8318	43930.9998	0.56081243	6.20882572e+13
2.55e-09	-11.3147865	-2399.58282	45523.8324	44346.1689	0.560618001	6.20892259e+13
2.56e-09	-209.378222	-2326.17574	43667.7634	44961.0307	0.560381025	6.20889893e+13
2.57e-09	-325.938629	-2077.42085	44178.8986	46171.0662	0.560093531	6.2087932e+13
2.58e-09	-635.891976	-2424.95012	46026.4979	45233.4136	0.559938295	6.20858633e+13
2.59e-09	-706.147207	-2082.16996	46175.7434	45470.3477	0.559298113	6.2082235e+13
2.6e-09	-447.319679	-1340.20807	46455.6796	45281.7992	0.558788547	6.20764777e+13
2.61e-09	-1051.83661	-2133.03068	45758.1062	46687.6673	0.558072096	6.2069045e+13
2.62e-09	-1358.57611	-1131.4601	45502.8709	44955.1936	0.557989548	6.20600705e+13
2.63e-09	923.053144	-278.442948	44642.3597	42744.2101	0.558808935	6.20530958e+13
2.64e-09	3513.07045	-469.233897	44425.2523	44278.1184	0.559492742	6.2050865e+13
2.65e-09	2056.70504	1035.32023	44680.6112	43789.6464	0.55994641	6.20511908e+13
2.66e-09	716.763053	773.540108	43840.9859	44522.9047	0.56006729	6.2052349e+13
2.67e-09	-144.568086	2267.24277	45839.104	44934.3728	0.559927796	6.20536405e+13
2.68e-09	-390.261778	3083.53568	45090.7125	44326.1618	0.559368933	6.20531389e+13
2.69e-09	1349.56247	4197.65064	45922.8103	44237.7998	0.559275193	6.20517339e+13
2.7e-09	609.366774	3722.24559	45987.7107	44106.6674	0.558916112	6.20490994e+13
2.71e-09	514.145761	4702.97067	46380.1381	43814.0713	0.558971079	6.20462336e+13
2.72e-09	2458.29019	3601.47034	46783.1662	43575.6367	0.558867603	6.20435453e+13
2.73e-09	2956.39809	2040.51711	47464.3407	42249.1437	0.559034689	6.20407675e+13
2.74e-09	1671.99875	2346.00096	46735.6936	43457.7372	0.559019757	6.20389824e+13
2.75e-09	753.362827	3282.83337	47086.525	43030.8004	0.559069119	6.20373228e+13
2.76e-09	-320.89701	1760.94312	46202.8465	43869.9917	0.559134851	6.20358904e+13
2.77e-09	704.733642	1171.89928	44802.1002	43685.5374	0.559703327	6.20357677e+13
2.78e-09	1490.93281	-216.719528	45746.4198	43123.2845	0.560331376	6.20386132e+13
2.79e-09	3093.88938	-1580.45174	47389.9373	43150.9358	0.560051803	6.20420374e+13
2.8e-09	2618.95551	-1601.49749	48602.7584	43831.412	0.559540492	6.20435793e+13
2.81e-09	3261.50991	-2299.35932	46864.5726	43959.5746	0.558878158	6.20419157e+13
2.82e-09	328.853586	-2173.09523	44432.502	45126.5946	0.558766132	6.20389077e+13
2.83e-09	2582.19111	-2958.41873	45741.4476	44076.0473	0.559218245	6.20371684e+13
2.84e-09	2738.41207	-3067.4422	46659.5308	44858.0169	0.559057295	6.20364162e+13
2.85e-09	2458.55162	-2804.43307	46925.9095	45102.5657	0.558368926	6.20339398e+13
2.86e-09	2395.79699	-2077.57557	46306.2354	43060.8395	0.558596462	6.2029927e+13
2.87e-09	1799.51336	-1209.19156	46111.6237	43754.0082	0.558704514	6.20276219e+13
2.88e-09	1168.45573	-3335.47082	46669.7814	43434.976	0.559034787	6.20263357e+13
2.89e-09	588.916115	-2891.25186	46792.7694	44086.5181	0.559128462	6.20263145e+13
2.9e-09	965.770743	-1823.18018	47014.0802	44787.5874	0.558459043	6.20250719e+13
2.91e-09	703.801006	-617.230052	44427.851	44166.3196	0.558717565	6.20223803e+13
2.92e-09	418.293782	-1286.01604	44548.2394	43381.9163	0.559391513	6.20222764e+13
2.93e-09	-1547.133	-1347.48684	44860.1142	43312.8454	0.55982381	6.20245795e+13
2.94e-09	-1513.77807	-975.55532	45133.4509	43443.6263	0.560219174	6.20283857e+13
2.95e-09	-443.73916	-1667.43699	46607.7843	42030.5954	0.560437383	6.20330407e+13
2.96e-09	-1422.63509	-855.810506	46558.2611	40262.1005	0.560809113	6.20383973e+13
2.97e-09	-1932.34662	-1753.97502	47870.4274	42510.9644	0.560903244	6.20448708e+13
2.98e-09	-967.354146	-2811.83134	47417.4728	41607.0058	0.560381439	6.20492104e+13
2.99e-09	-216.09172	-2961.47893	47314.1174	40766.1621	0.56070687	6.20529102e+13
3e-09	-1133.80978	-3631.69897	46244.1623	41961.5482	0.560971869	6.20575143e+13
3.01e-09	-1037.38192	-2166.04604	45749.0282	43401.2483	0.560962398	6.2062203e+13
3.02e-09	-1660.55342	-347.086814	47044.5418	41169.2328	0.560658318	6.20657249e+13
3.03e-09	-2454.33497	-2040.97675	46696.5639	41866.9222	0.560512512	6.20680888e+13
3.04e-09	-2143.83102	-942.652496	48219.0986	43463.174	0.559998364	6.20693152e+13
3.05e-09	-2764.45844	-248.39963	47834.4741	43715.2234	0.55911027	6.2067013e+13
3.06e-09	-2442.49911	620.865618	49131.6248	41859.1399	0.558640103	6.20620953e+13
3.07e-09	-951.918605	1334.53835	47396.0156	44289.6728	0.558270484	6.20560909e+13
3.08e-09	751.231022	1044.40524	47531.9055	44181.3255	0.558327716	6.20496696e+13
3.09e-09	477.470596	1913.81425	47613.487	43861.8425	0.558268834	6.20438183e+13
3.1e-09	-65.2140181	159.872845	46539.7376	43137.355	0.558495256	6.20386386e+13
3.11e-09	857.412357	307.83254	46180.6766	42664.6096	0.55899165	6.20357674e+13
3.12e-09	612.172754	312.17125	46983.1805	41421.4641	0.559607004	6.20354907e+13
3.13e-09	394.445754	-809.516282	46558.0412	41854.5298	0.559932366	6.20372045e+13
3.14e-09	1924.59224	122.03922	47640.0367	42911.8051	0.55991177	6.20397898e+13
3.15e-09	918.964884	482.999311	48178.7085	43538.0445	0.559176697	6.20404213e+13
3.16e-09	496.041031	-1441.60227	45904.1183	40352.6359	0.559609346	6.20392848e+13
3.17e-09	-109.406653	-1897.15741	45434.2998	40645.52	0.560658839	6.20421006e+13
3.18e-09	202.910629	-1145.51023	45967.5266	40633.6257	0.561497372	6.20486929e+13
3.19e-09	-1136.0564	-1115.00299	46356.6366	41294.6007	0.561697714	6.20568545e+13
3.2e-09	-757.520289	-364.105499	46948.148	43621.8358	0.560992411	6.20635507e+13
3.21e-09	-747.776234	-1584.60574	48245.7062	43871.6434	0.559853282	6.20655613e+13
3.22e-09	-2203.07017	-3162.72589	46593.7315	45897.9844	0.558438182	6.20621235e+13
3.23e-09	-2057.22418	-2189.02164	46821.3624	45535.962	0.557797541	6.20545294e+13
3.24e-09	-2361.1847	-1779.76849	46543.0525	44430.8211	0.557838613	6.20462253e+13
3.25e-09	770.449319	-2602.65325	45076.1284	42942.4818	0.558539833	6.20399367e+13
3.26e-09	1059.46894	-2124.35281	44217.2285	42840.6752	0.559759583	6.20386351e+13
3.27e-09	362.526071	484.501166	44107.8548	42079.7234	0.560910431	6.20423713e+13
3.28e-09	530.699891	-322.336801	45131.7562	43302.891	0.561614785	6.20498817e+13
3.29e-09	578.492063	205.906715	45649.5447	45231.1492	0.560835266	6.20567884e+13
3.3e-09	1108.72936	-805.622693	44741.5067	45320.8655	0.559764024	6.20587482e+13
3.31e-09	375.129979	-400.600049	46299.0032	44361.9627	0.559200012	6.20572794e+13
3.32e-09	723.794178	248.971533	45702.4227	45400.9821	0.559001004	6.20542225e+13
3.33e-09	998.428009	414.815897	45705.0369	45267.8277	0.558760096	6.20504715e+13
3.34e-09	-818.681797	-128.098268	45594.7482	46851.4617	0.558365089	6.20458888e+13
3.35e-09	-981.373741	949.894727	44924.9178	45318.0433	0.558228907	6.20401693e+13
3.36e-09	-2058.67627	813.394571	47018.34	43405.9792	0.558648649	6.20359106e+13
3.37e-09	155.67565	-248.250906	45435.7632	43505.3978	0.558840312	6.20330632e+13
3.38e-09	1312.25755	-1651.32025	45171.6399	43328.3285	0.559373387	6.20322595e+13
3.39e-09	2001.9136	-2468.57626	44239.7101	43464.3722	0.560056482	6.20339905e+13
3.4e-09	1026.42332	-4058.56291	44632.5967	44052.4105	0.560348314	6.20376509e+13
3.41e-09	-575.837505	-2813.96262	45880.8182	44426.8672	0.560143394	6.20412347e+13
3.42e-09	-913.811237	-3072.98036	45844.7749	45862.1495	0.559247904	6.2042327e+13
3.43e-09	-2597.54604	-3187.79051	45905.1374	44251.0498	0.558785239	6.20400403e+13
3.44e-09	-1929.26236	-1781.76791	45064.9931	43537.547	0.558962923	6.203724e+13
3.45e-09	-1557.17922	-1494.02474	46925.0083	42176.2711	0.559641098	6.20369625e+13
3.46e-09	297.874889	-809.676245	47255.108	43620.1287	0.559558425	6.20379965e+13
3.47e-09	-1790.42308	-1551.43694	45951.5284	44373.0799	0.559191805	6.20377176e+13
3.48e-09	259.987529	-3059.60886	46202.4967	44313.8124	0.558923498	6.20362715e+13
3.49e-09	-518.70728	-2159.73349	46043.6383	44943.1875	0.558982378	6.2034626e+13
3.5e-09	-695.879106	-2059.23945	45369.1644	44285.7988	0.558752023	6.20325607e+13
3.51e-09	-1523.34032	-2166.77719	46291.3989	44555.9066	0.55910197	6.20311281e+13
3.52e-09	-2067.04239	-1653.6387	45518.0714	44587.5874	0.558955331	6.20301653e+13
3.53e-09	-1294.09677	-541.416672	46884.4173	43568.5371	0.559037651	6.20293232e+13
3.54e-09	1.50401688	-561.921331	47101.3839	41883.142	0.559110941	6.20287357e+13
3.55e-09	-467.319245	-193.175453	45696.1551	43373.513	0.559065129	6.20284736e+13
3.56e-09	-2011.9433	-825.77088	44730.6039	45228.077	0.55935831	6.20286886e+13
3.57e-09	403.322518	-756.43961	45364.5866	45886.8091	0.559431708	6.20294359e+13
3.58e-09	-829.433885	1244.83047	45966.6682	45382.2769	0.55872131	6.20289018e+13
3.59e-09	-1235.06219	-80.4548824	45167.4114	45577.138	0.558831287	6.20270317e+13
3.6e-09	-51.9285758	-249.477849	44482.6352	44700.899	0.55895715	6.2025543e+13
3.61e-09	-1246.84861	-403.027632	43797.8237	43698.7284	0.559579141	6.20257969e+13
3.62e-09	-1761.09635	1955.76047	44090.8755	43007.314	0.560128683	6.20289027e+13
3.63e-09	-4326.41679	1223.49757	42939.2296	43867.9867	0.560961328	6.20345104e+13
3.64e-09	-4388.08915	2157.9068	43674.1767	43435.0316	0.561403048	6.20423413e+13
3.65e-09	-5581.20195	1421.85986	45262.504	43415.6074	0.561410697	6.20505489e+13
3.66e-09	-5222.73469	1514.65767	44605.5611	44885.1233	0.560802167	6.20564462e+13
3.67e-09	-3598.92303	1760.33677	43765.9472	44032.5417	0.560780704	6.20599903e+13
3.68e-09	-3575.05388	734.980742	43313.8937	45731.1307	0.560719991	6.20637975e+13
3.69e-09	-1938.29134	-417.04649	44810.676	44812.5067	0.560550686	6.20665697e+13
3.7e-09	-2225.63911	-1683.68526	44081.9667	45946.7757	0.560180468	6.20678327e+13
3.71e-09	-2257.25764	-2678.85458	44964.9407	46656.3366	0.559263971	6.20667185e+13
3.72e-09	-2318.30702	-3300.72371	44188.0112	44962.1103	0.559211215	6.20630135e+13
3.73e-09	-2002.37628	-2644.24362	43657.646	45751.6432	0.559456524	6.20603384e+13
3.74e-09	-273.402533	-2563.28695	43701.9607	44776.6291	0.559575562	6.20587096e+13
3.75e-09	-676.924824	-3362.77935	44468.4603	43410.5836	0.560331752	6.20588025e+13
3.76e-09	1955.28226	-2097.73995	45117.7295	42135.2293	0.560608651	6.20613308e+13
3.77e-09	2105.26367	-2370.45964	47033.5388	42221.7827	0.560579564	6.20645356e+13
3.78e-09	3289.82601	-1735.99122	47531.7475	42518.2214	0.560231785	6.20662981e+13
3.79e-09	2401.5845	-2527.21392	47066.6878	43358.8595	0.559575263	6.20657366e+13
3.8e-09	1630.54616	-2705.31497	47294.8877	43966.8069	0.559493025	6.20636703e+13
3.81e-09	3019.46765	-520.26137	48062.1157	42674.2688	0.558869021	6.20603476e+13
3.82e-09	3082.31913	-1134.5068	47904.6669	43106.1297	0.558436084	6.20551597e+13
3.83e-09	2282.9198	-330.841639	47491.2522	42871.0983	0.558537646	6.20496292e+13
3.84e-09	2027.07969	-157.944912	46488.827	44084.5541	0.558728578	6.20452378e+13
3.85e-09	2513.03482	628.68088	46785.5874	43642.115	0.558636508	6.20415227e+13
3.86e-09	685.406966	1259.03594	47453.9833	44728.794	0.558420163	6.20375846e+13
3.87e-09	-891.560112	680.664909	48349.8952	43427.7205	0.558180296	6.20329238e+13
3.88e-09	-247.677357	3262.31478	49248.1169	41812.7608	0.557947435	6.20277138e+13
3.89e-09	431.862514	2384.47016	48105.2473	41714.2693	0.557785499	6.20221724e+13
3.9e-09	-530.7036	1687.34121	48461.3476	43530.3548	0.557815827	6.20173415e+13
3.91e-09	-1018.04989	2143.8548	48877.6535	42022.6563	0.557643931	6.20123727e+13
3.92e-09	-1171.03477	1726.82063	48038.1659	41056.0566	0.558186067	6.20082843e+13
3.93e-09	-1106.28677	123.507905	47794.1028	40156.581	0.558809758	6.20072939e+13
3.94e-09	-2149.79187	-52.0239926	47278.9749	40451.7446	0.559233473	6.2008606e+13
3.95e-09	-2263.29147	-185.252763	47153.0186	41346.257	0.559788607	6.20119709e+13
3.96e-09	-3025.99614	-620.864784	47867.2685	41840.3686	0.560182487	6.20169838e+13
3.97e-09	-1403.73266	991.96346	46693.6862	44436.0593	0.55962117	6.20212663e+13
3.98e-09	-1341.69663	1807.68029	47932.8595	43266.3124	0.559165384	6.20227676e+13
3.99e-09	-1994.58668	-13.709353	48584.2289	44613.1773	0.558434975	6.20218758e+13
4e-09	-1224.55855	705.814613	47559.315	43201.7351	0.558097698	6.20182663e+13
4.01e-09	-2191.65516	2214.76549	46732.0019	43225.5236	0.558377638	6.20151238e+13
4.02e-09	-706.634	1543.69495	45959.9014	44270.5673	0.558562156	6.20134206e+13
4.03e-09	-3090.92466	-1067.60074	44600.3004	44405.8925	0.558757576	6.20124505e+13
4.04e-09	-911.448028	-767.609102	45055.4867	44857.3755	0.559213411	6.20131851e+13
4.05e-09	-770.665092	-865.698725	44186.3075	45048.1823	0.559548016	6.20152707e+13
4.06e-09	-1074.29548	-1246.72816	43445.4255	44570.8919	0.559997386	6.20189036e+13
4.07e-09	-778.778491	-377.519443	42003.8363	44504.1142	0.560603297	6.2024207e+13
4.08e-09	-621.328906	-1443.69253	42925.5832	44049.2883	0.561086301	6.20316464e+13
4.09e-09	-718.905169	-361.803967	41954.05	46302.6867	0.561238291	6.20396537e+13
4.1e-09	878.962632	648.708343	41492.9761	44442.9364	0.561308466	6.20468835e+13
4.11e-09	2270.87268	202.434349	40407.1313	43747.4574	0.562600793	6.20563587e+13
4.12e-09	1935.17048	1237.60309	42320.2163	45579.5067	0.562716556	6.20686213e+13
4.13e-09	672.095372	2379.75199	43061.4939	45394.6386	0.562335418	6.20787834e+13
4.14e-09	2348.39174	2932.01696	44202.796	44096.7716	0.561969919	6.20862707e+13
4.15e-09	1671.49361	2495.80819	45805.1427	44726.813	0.561422255	6.2091716e+13
4.16e-09	2166.67912	1279.19895	46512.4003	44921.2167	0.560207098	6.20926026e+13
4.17e-09	1448.02397	1313.71788	45738.3008	45602.3026	0.559039452	6.20885147e+13
4.18e-09	2215.96665	2478.40249	44298.8499	43690.2907	0.559214527	6.20823082e+13
4.19e-09	1816.8953	2892.16249	45214.6436	42509.2957	0.559902103	6.20787173e+13
4.2e-09	1173.48216	3097.21953	44925.308	43680.8706	0.560168251	6.20776946e+13
4.21e-09	632.958946	3533.01149	47267.5945	44526.045	0.559616513	6.20765974e+13
4.22e-09	472.320636	2076.17155	44982.625	45225.5162	0.559369134	6.2072993e+13
4.23e-09	-166.267385	1903.69496	43346.8483	46429.9856	0.559306799	6.20695549e+13
4.24e-09	1213.48525	1724.06729	42435.6082	44024.7423	0.559750149	6.20667833e+13
4.25e-09	414.899197	2573.64617	41579.6118	44132.5323	0.561028531	6.20680249e+13
4.26e-09	-252.455575	1945.54498	43201.4757	45682.1317	0.561441447	6.20732249e+13
4.27e-09	493.097674	-942.858074	44812.3357	45646.422	0.560848782	6.20775007e+13
4.28e-09	903.655482	-665.567616	44783.2877	45363.3926	0.560108759	6.20783458e+13
4.29e-09	565.929322	126.866975	46918.6004	43892.4665	0.559783472	6.2076962e+13
4.3e-09	330.854616	-811.919834	45686.1234	45050.3899	0.559611621	6.2074359e+13
4.31e-09	385.794168	-130.601462	44679.0569	43275.1157	0.559654229	6.20716541e+13
4.32e-09	1151.751	-1248.22644	47234.5663	44477.4618	0.559652535	6.20699857e+13
4.33e-09	1706.40994	148.224019	44875.5099	45078.0461	0.558965463	6.20663439e+13
4.34e-09	1878.15799	130.586907	45454.9315	43732.1453	0.559278416	6.20625082e+13
4.35e-09	446.093711	-1422.23469	46002.4573	44940.7542	0.559353777	6.20601348e+13
4.36e-09	-189.189806	-2078.97538	45876.2647	44333.1817	0.559198282	6.20573734e+13
4.37e-09	-916.704366	-2734.08963	46050.0251	46000.8748	0.558962202	6.20545139e+13
4.38e-09	-463.911482	-2747.50707	45918.7486	44996.8085	0.558772819	6.20503994e+13
4.39e-09	-3390.83048	-2340.74046	46734.646	45232.4337	0.558446927	6.20461152e+13
4.4e-09	-1406.01196	-1124.08742	47077.7585	45814.0548	0.557885245	6.2040406e+13
4.41e-09	-1713.62876	-942.089307	46702.1433	44710.4862	0.557727513	6.20331782e+13
4.42e-09	-548.835268	-1468.98503	45812.4934	43875.51	0.558034627	6.20269754e+13
4.43e-09	-1834.36746	8.11784219	45226.7948	43392.1998	0.558893524	6.2023837e+13
4.44e-09	-1460.46685	-452.585958	43556.8706	44334.9726	0.559804761	6.20247264e+13
4.45e-09	-1659.05707	-491.267503	42953.4454	44855.7267	0.559971183	6.2028061e+13
4.46e-09	-1526.6247	-1035.56512	42528.4818	45145.4892	0.560628616	6.20324182e+13
4.47e-09	-284.157027	279.953956	42603.7716	43801.3306	0.561028876	6.20387484e+13
4.48e-09	161.540156	385.385766	42613.0935	42584.4319	0.561484863	6.20463769e+13
4.49e-09	-855.450774	929.196805	42529.0617	44229.1378	0.562060326	6.20556528e+13
4.5e-09	11.4921304	939.083465	42950.4565	44460.8359	0.562129515	6.20652783e+13
4.51e-09	-1032.65608	400.861968	43670.125	46130.4911	0.561578194	6.20733129e+13
4.52e-09	-235.091724	725.534136	43922.9758	46248.6949	0.560709364	6.20772711e+13
4.53e-09	2268.77139	1712.96287	43200.3752	46892.8613	0.560141876	6.20777822e+13
4.54e-09	2076.19351	1586.13779	43361.9337	46030.7329	0.56003012	6.20769359e+13
4.55e-09	2968.45973	1725.87465	43631.7723	45651.8902	0.559992611	6.20759581e+13
4.56e-09	2899.27576	863.420805	45158.0767	47630.2423	0.559155832	6.20734781e+13
4.57e-09	937.691079	1936.62148	46675.5539	47365.726	0.558156534	6.20671705e+13
4.58e-09	1664.64398	2122.52512	46307.5036	47123.5171	0.55726562	6.20575918e+13
4.59e-09	1160.85088	2395.09783	48400.512	46134.0453	0.556686338	6.20458463e+13
4.6e-09	1745.6268	1093.11585	47407.4176	44220.7267	0.556327924	6.20327556e+13
4.61e-09	2543.84736	-39.4112968	46533.3352	42732.4657	0.557295247	6.20220115e+13
4.62e-09	2929.08054	-372.727173	45802.4253	43017.4607	0.558370874	6.2016846e+13
4.63e-09	2248.08619	-30.9467259	45592.4497	43095.8842	0.559267926	6.20162726e+13
4.64e-09	2227.49316	-2128.16006	46800.3281	43607.749	0.559236684	6.20179035e+13
4.65e-09	6.17340936	-2862.4019	45964.664	47032.9472	0.558523506	6.20179854e+13
4.66e-09	-64.8495017	-3549.00827	45807.9304	44924.3768	0.558128129	6.20150806e+13
4.67e-09	659.227095	-2045.02286	46064.6405	44466.4682	0.558243578	6.20121165e+13
4.68e-09	2398.43532	-1085.20402	46052.1561	44433.9921	0.55842446	6.20099146e+13
4.69e-09	2571.17762	-2528.30427	46043.0285	45090.8259	0.558563476	6.20088382e+13
4.7e-09	1900.36287	-2613.11126	44541.9509	43921.143	0.558855116	6.20081529e+13
4.71e-09	4091.22151	-3626.07853	44049.5745	45025.4335	0.559410464	6.2009825e+13
4.72e-09	3066.05254	-2715.91798	45468.4018	41605.686	0.560081426	6.20133503e+13
4.73e-09	2649.00544	-1835.13663	46934.6534	41478.4888	0.560509028	6.20194978e+13
4.74e-09	1649.92673	-2154.56791	44972.0057	41011.8711	0.560969353	6.20264743e+13
4.75e-09	781.7575	-1852.35403	46315.5706	40046.048	0.561812605	6.20358091e+13
4.76e-09	1316.20088	-2939.76901	45495.7881	40156.6357	0.561921161	6.20461595e+13
4.77e-09	33.8279452	-3507.38141	45655.3078	39546.0252	0.562760735	6.20574511e+13
4.78e-09	1124.20626	-2972.5347	46929.1782	40415.2083	0.562596892	6.20697056e+13
4.79e-09	-470.276772	-1228.23335	47707.6711	42069.0523	0.561891882	6.20788015e+13
4.8e-09	-445.202819	-272.03015	48872.709	43492.2345	0.560469608	6.20828287e+13
4.81e-09	-1498.21967	1052.64551	48472.2469	43273.7723	0.559235139	6.20804999e+13
4.82e-09	163.599666	1158.25928	49511.9317	42367.1571	0.558331724	6.20741478e+13
4.83e-09	1265.14479	705.372989	47297.3966	42747.394	0.558177578	6.20656493e+13
4.84e-09	1445.20441	610.714994	46740.9769	44403.516	0.55832365	6.20584426e+13
4.85e-09	1911.63736	1684.28387	46385.7882	44613.9835	0.558419837	6.20521741e+13
4.86e-09	2370.61426	867.869626	46524.7204	42919.5436	0.558513862	6.20468161e+13
4.87e-09	-636.76467	1257.89435	44484.0028	43724.5223	0.559215694	6.20435298e+13
4.88e-09	-423.764222	1903.34285	45585.7999	44554.9626	0.559709449	6.2043415e+13
4.89e-09	765.040965	2657.49106	45045.3295	44205.8949	0.559641439	6.20441309e+13
4.9e-09	2757.8618	2633.67082	47227.2046	44902.7352	0.559398453	6.20444731e+13
4.91e-09	2406.17091	1387.05932	45993.3458	46732.7833	0.558554153	6.20422014e+13
4.92e-09	886.328877	778.875675	44539.1897	47854.187	0.557954949	6.20370255e+13
4.93e-09	-95.1119972	794.147527	44257.7967	46682.5067	0.557832786	6.20306131e+13
4.94e-09	339.855161	2683.44767	44490.9167	44990.9213	0.558267936	6.2025345e+13
4.95e-09	-1456.78467	1274.16273	43915.3624	45650.3572	0.558773211	6.20228338e+13
4.96e-09	-624.691501	251.865485	44690.7779	45554.3848	0.559229856	6.2022697e+13
4.97e-09	-1296.72231	-1134.46928	44394.7695	45579.3159	0.559179236	6.20232837e+13
4.98e-09	-706.021259	-1450.12123	46004.5005	43862.656	0.559318865	6.20239492e+13
4.99e-09	-574.38773	-1542.83867	48974.8458	44009.8654	0.558803699	6.20244449e+13
5e-09	91.4123239	-1041.93342	48502.4644	43874.0138	0.557729173	6.20210137e+13
5.01e-09	-314.678131	-1052.52855	47761.1432	44438.376	0.557582733	6.20153182e+13
5.02e-09	304.617031	-652.721937	45773.7199	44891.5409	0.557462076	6.20092012e+13
5.03e-09	728.291128	-522.559188	43758.7776	43185.3839	0.55827262	6.2004992e+13
5.04e-09	-1157.0014	1451.4521	44042.6304	41956.7671	0.559937185	6.20064827e+13
5.05e-09	572.733172	938.699289	43869.8151	40828.395	0.561524785	6.20146658e+13
5.06e-09	965.268453	1074.34638	43278.096	42694.3598	0.562138831	6.20272144e+13
5.07e-09	13.6072548	91.2046247	45116.2741	44800.5976	0.561813953	6.20397147e+13
5.08e-09	847.550964	1177.43578	43471.9845	46205.5868	0.560764966	6.20475357e+13
5.09e-09	1663.07849	866.009364	43277.003	46843.5313	0.560295318	6.20514585e+13
5.1e-09	1703.55032	1851.95964	42375.5106	45302.2285	0.560313242	6.2053533e+13
5.11e-09	756.644711	75.8956856	42139.402	45101.0414	0.560721929	6.20565796e+13
5.12e-09	680.504422	399.38446	42638.3011	45379.8497	0.561226203	6.20614473e+13
5.13e-09	1122.83572	65.5019639	43662.2561	46582.9558	0.560624941	6.20658598e+13
5.14e-09	17.9932648	186.396709	43798.4858	46090.504	0.560014972	6.20669266e+13
5.15e-09	-641.921914	-976.573517	43769.8312	46294.6942	0.560010461	6.20665923e+13
5.16e-09	-68.0363969	-434.986299	44364.7809	46504.3417	0.559741581	6.20660619e+13
5.17e-09	196.030795	329.490864	43788.8761	47602.5165	0.559213684	6.20638616e+13
5.18e-09	569.790298	-1465.7733	44274.0668	46654.7013	0.558666365	6.20594913e+13
5.19e-09	-349.515893	-438.207333	43302.9057	45008.998	0.558806552	6.20542689e+13
5.2e-09	-1459.33479	-319.858952	45224.447	45502.2004	0.559047759	6.2051159e+13
5.21e-09	-1142.25212	701.981964	44149.6414	46277.0086	0.558917757	6.20483339e+13
5.22e-09	-2597.08306	972.336549	46804.4031	45451.2779	0.558379699	6.20445415e+13
5.23e-09	-1711.52871	1698.72167	47559.7083	41860.8421	0.558149165	6.20388519e+13
5.24e-09	-1443.80732	2452.28013	47049.6294	43084.3526	0.558397283	6.20342833e+13
5.25e-09	-1211.62905	2084.2833	45060.8228	44273.6934	0.558848441	6.20310553e+13
5.26e-09	-603.605971	2265.19346	45117.8017	45087.5546	0.558922072	6.20296658e+13
5.27e-09	-1970.3215	2940.33939	45783.8413	44112.686	0.559110404	6.20288613e+13
5.28e-09	-2513.13004	2321.26988	43174.819	43855.3704	0.559799505	6.20294409e+13
5.29e-09	-1210.57323	2822.27229	42175.3769	42926.4016	0.560754821	6.20336739e+13
5.3e-09	-871.308886	2458.66264	43249.0475	44354.9093	0.561701007	6.20420002e+13
5.31e-09	180.722923	2439.45346	44195.4723	44444.5235	0.561243183	6.20504491e+13
5.32e-09	-294.042642	2114.15738	44914.7496	44905.5725	0.560782882	6.20561333e+13
5.33e-09	630.934766	2376.10915	45346.4387	46093.0705	0.560443479	6.20596556e+13
5.34e-09	-163.886923	227.376311	44426.1417	45708.4101	0.559860395	6.20606329e+13
5.35e-09	-1144.99025	1259.76739	43633.2408	44981.9054	0.55965788	6.20598865e+13
5.36e-09	-505.79712	1210.38055	44521.0429	45392.9596	0.559841881	6.20595154e+13
5.37e-09	-145.689266	1469.18947	43144.9983	46773.7361	0.559668205	6.20588388e+13
5.38e-09	1055.32042	3094.37376	44147.9292	48267.8881	0.558971393	6.20568865e+13
5.39e-09	-331.657538	4284.0657	45090.3739	47246.1082	0.55821602	6.20518936e+13
5.4e-09	-1835.7631	2231.65962	45133.7157	48083.3245	0.557684456	6.20446545e+13
5.41e-09	-1230.10688	1706.90941	45979.6915	45810.521	0.557655935	6.20365816e+13
5.42e-09	-1430.08175	1693.15059	44402.8595	45044.7467	0.558067951	6.20299493e+13
5.43e-09	-721.20513	836.934641	43953.0534	44229.3427	0.559006849	6.20271722e+13
5.44e-09	-257.256428	-819.157771	45510.6168	43871.2272	0.559217171	6.20269769e+13
5.45e-09	-630.7097	-739.311443	45561.73	45139.0574	0.559263941	6.20274268e+13
5.46e-09	-491.705544	-678.135803	44206.8821	45210.9385	0.558986711	6.20272478e+13
5.47e-09	-1008.86327	-1927.38358	43582.9522	43131.2781	0.559761842	6.20276136e+13
5.48e-09	121.498926	-2025.96621	45896.9442	42585.7744	0.560320768	6.20315462e+13
5.49e-09	345.822707	-1988.72813	44827.8588	42856.2928	0.560706146	6.20364195e+13
5.5e-09	405.102012	-1583.00605	44524.8425	43543.2162	0.560899418	6.20424926e+13
5.51e-09	194.12144	-3281.9605	43931.4895	44766.231	0.561071022	6.2048719e+13
5.52e-09	120.100445	-4348.9451	44553.7524	45113.7025	0.560477153	6.20536318e+13
5.53e-09	-85.5663483	-4699.40062	45334.3351	44137.3244	0.559761115	6.2055235e+13
5.54e-09	1050.53711	-4508.4507	44003.6384	43424.5645	0.560069912	6.20553668e+13
5.55e-09	231.565668	-2308.60979	45525.0388	43852.8416	0.56030052	6.20572395e+13
5.56e-09	1136.2651	-1742.35947	46523.9585	43393.6133	0.559876223	6.20583091e+13
5.57e-09	402.358839	-1865.4032	46568.4108	42642.9789	0.559764404	6.20580373e+13
5.58e-09	1217.51644	-2303.18988	47779.6759	41980.4453	0.559692126	6.20576776e+13
5.59e-09	2567.61372	-1484.77454	49544.6535	41960.5099	0.55948817	6.20568021e+13
5.6e-09	915.833904	-538.590884	48162.6772	42731.8472	0.558975072	6.2054036e+13
5.61e-09	1278.36663	-742.887769	47643.7046	42543.3784	0.558840168	6.20504639e+13
5.62e-09	-32.074114	1393.80926	46643.0585	42727.122	0.559051284	6.20471591e+13
5.63e-09	827.555552	435.125415	45621.2377	43124.7444	0.559511773	6.20455878e+13
5.64e-09	974.715574	1854.99613	45878.5977	41389.0936	0.559898993	6.20460393e+13
5.65e-09	1971.24609	2769.11405	46719.742	41573.5297	0.560277715	6.20483193e+13
5.66e-09	3516.41105	3641.82609	45271.0127	39931.1337	0.560899104	6.20517596e+13
5.67e-09	2915.91142	2626.96523	45448.1965	40623.307	0.561915429	6.20588613e+13
5.68e-09	1901.44137	3477.60076	45238.8189	41488.7538	0.562063011	6.20677693e+13
5.69e-09	-100.654123	3422.30574	45265.9477	42291.4552	0.562220567	6.20765002e+13
5.7e-09	-998.321354	2203.96686	47117.5985	43595.4953	0.561579182	6.20836726e+13
5.71e-09	-2386.84929	550.147938	47362.2163	43399.6446	0.56060774	6.20862995e+13
5.72e-09	-2032.52168	219.111191	46700.0178	43797.7951	0.55960925	6.20845827e+13
5.73e-09	-2669.16851	427.561839	49088.5712	44860.23	0.558928418	6.20801555e+13
5.74e-09	-2920.58711	234.92479	48729.7418	46223.7705	0.557714799	6.20718161e+13
5.75e-09	-1629.84565	506.473399	47316.6862	45846.3754	0.556841293	6.20596474e+13
5.76e-09	-1688.66475	1073.88909	45872.4664	46108.1015	0.557031401	6.2047116e+13
5.77e-09	-1755.82434	-660.64161	46231.0692	45819.8038	0.55704492	6.20364259e+13
5.78e-09	-1199.37252	102.398079	44792.3949	44657.3942	0.557451741	6.20274048e+13
5.79e-09	-1682.94572	474.916859	44017.9104	43600.0148	0.558591046	6.20224399e+13
5.8e-09	-2300.16955	1378.03471	44787.3837	42131.3805	0.559386326	6.20220427e+13
5.81e-09	-2200.20932	607.525529	45990.039	42665.2576	0.560085493	6.20251965e+13
5.82e-09	-2570.23603	842.938211	45103.763	42475.7101	0.560590143	6.2030016e+13
5.83e-09	-2046.25966	1021.91298	44472.0674	41471.7577	0.561343892	6.20368045e+13
5.84e-09	-857.565685	1087.34078	45507.5058	42870.7654	0.561331181	6.20453982e+13
5.85e-09	350.785637	847.939426	46593.6817	43591.6828	0.561156615	6.2052583e+13
5.86e-09	-1249.10402	-445.05779	46146.8217	43410.021	0.560667202	6.20574108e+13
5.87e-09	-961.527095	-1152.00536	44173.6242	42780.5336	0.560609272	6.20605555e+13
5.88e-09	-1101.65103	123.317463	45429.3635	43601.1981	0.560655848	6.20639335e+13
5.89e-09	-2135.8287	55.0207593	46194.601	44715.0475	0.560169651	6.20660528e+13
5.9e-09	-539.146659	352.295248	46543.25	45085.4338	0.559424987	6.20652461e+13
5.91e-09	499.206269	-674.304259	46266.5256	45377.0506	0.559014684	6.20618425e+13
5.92e-09	-75.9542426	-1227.57084	43649.1665	44768.8019	0.559070592	6.2057647e+13
5.93e-09	578.396378	835.788174	43520.6989	45973.5633	0.559557568	6.20557059e+13
5.94e-09	1346.49098	1045.15878	44015.2669	47089.7021	0.559527882	6.20550174e+13
5.95e-09	2322.68204	1132.41298	42091.0849	46288.0293	0.559758245	6.20539097e+13
5.96e-09	1600.25471	-606.593598	43080.3973	45631.9074	0.560129996	6.20545633e+13
5.97e-09	326.126442	-1195.45757	41739.8378	46112.7255	0.560108291	6.20558445e+13
5.98e-09	460.060805	-1158.46287	42191.0133	47862.9497	0.559941457	6.20573198e+13
5.99e-09	956.976205	-1708.34666	42184.4887	48547.471	0.559673436	6.20572136e+13
6e-09	59.6795015	-1542.31241	43018.2514	46691.5794	0.559488033	6.20557472e+13
6.01e-09	-1820.14989	-753.860042	44067.4231	47559.3808	0.559074858	6.20538203e+13
6.02e-09	-1996.47904	33.9194933	44883.0207	47458.2954	0.558461748	6.20496701e+13
6.03e-09	-1714.17349	631.969513	45416.3824	48981.3095	0.557641569	6.20433342e+13
6.04e-09	-432.918213	271.747795	45293.8306	47078.8429	0.557228742	6.20342066e+13
6.05e-09	-806.774279	431.677097	45478.1233	47436.6595	0.557316334	6.20257581e+13
6.06e-09	-2269.63304	751.504365	44302.7562	45571.8283	0.557516027	6.20181438e+13
6.07e-09	611.336867	-1307.62115	45547.5439	44853.0521	0.558369881	6.20137799e+13
6.08e-09	-124.882763	491.46897	45302.5206	43006.4341	0.558895129	6.20124835e+13
6.09e-09	780.590492	1270.92805	46067.4699	42310.8168	0.559481083	6.20140355e+13
6.1e-09	877.086061	1062.86452	44795.6846	40277.0166	0.560606585	6.20182463e+13
6.11e-09	662.012939	2246.52282	44642.0073	40673.786	0.561753542	6.20273886e+13
6.12e-09	747.382118	853.986803	46284.015	41918.2178	0.561969186	6.20390765e+13
6.13e-09	693.729207	-476.571993	45007.0109	41892.963	0.561932546	6.20492524e+13
6.14e-09	1862.62973	-172.100747	46032.3934	43677.6959	0.56152567	6.2058315e+13
6.15e-09	2122.60742	-2291.50859	46705.5509	45099.6557	0.560557788	6.20636158e+13
6.16e-09	1230.44891	-1901.0667	46455.8865	42276.3647	0.559777973	6.2063895e+13
6.17e-09	477.346795	-1750.1893	46531.07	42441.8033	0.559919093	6.20634791e+13
6.18e-09	-512.798547	-2461.27369	45820.4473	43414.3341	0.560293494	6.20638557e+13
6.19e-09	-2285.91118	-577.120987	47059.6889	45249.7477	0.559466316	6.20639403e+13
6.2e-09	-1285.28555	-1916.66943	47034.2145	46464.0888	0.558316048	6.20597415e+13
6.21e-09	-1387.43475	216.149047	45405.1225	45071.6542	0.558088397	6.20521749e+13
6.22e-09	-128.699718	-122.690276	45246.617	44535.9477	0.558138725	6.20453988e+13
6.23e-09	-187.78184	1397.76407	45717.842	44417.4639	0.558750458	6.20407092e+13
6.24e-09	-1233.7448	1755.79105	45062.3703	44505.5484	0.55878218	6.20376499e+13
6.25e-09	492.80642	137.978835	44831.9802	44976.504	0.558985233	6.20355562e+13
6.26e-09	856.643167	-2371.10292	45328.3999	46467.602	0.558481756	6.20334235e+13
6.27e-09	1337.22878	-1330.7166	47020.9783	46575.5983	0.557786656	6.20289582e+13
6.28e-09	1446.67928	-360.736508	45474.4544	45589.4401	0.557591358	6.20222291e+13
6.29e-09	1098.34928	-1221.97513	44912.0985	44538.1503	0.558251181	6.20171851e+13
6.3e-09	3481.76309	-1272.77729	45138.4092	44277.5561	0.558705477	6.20152592e+13
6.31e-09	2059.8717	-1440.95193	43260.3583	44491.3525	0.5591162	6.20150487e+13
6.32e-09	1433.92825	4.42843392	44166.9985	45989.2746	0.559430102	6.20171611e+13
6.33e-09	1343.5869	1667.78242	43419.5069	45730.9886	0.559547556	6.20192503e+13
6.34e-09	1127.42457	1535.25258	43365.8255	45654.8665	0.559641222	6.20218076e+13
6.35e-09	-1080.73328	-955.888054	42871.1442	45395.7719	0.560152693	6.20251206e+13
6.36e-09	-2719.35076	-848.748304	44799.198	46235.2267	0.559757423	6.20290307e+13
6.37e-09	-3814.80524	-307.68529	45202.2491	46160.2542	0.559263804	6.20303002e+13
6.38e-09	-3463.37925	1758.29397	45456.4647	46891.8538	0.558514256	6.20291647e+13
6.39e-09	-3377.49014	1500.53814	44730.1379	44893.1342	0.55855136	6.20259684e+13
6.4e-09	-3589.54281	-665.661328	45028.8743	45890.6324	0.558927919	6.20243784e+13
6.41e-09	-2505.02939	2175.13551	46002.5012	44431.3915	0.558793718	6.20235365e+13
6.42e-09	-1543.76304	1530.65784	45094.7087	43453.371	0.558982601	6.2022432e+13
6.43e-09	-1228.40379	-753.058496	43023.4942	43963.4211	0.559858586	6.20238304e+13
6.44e-09	-2933.87267	1863.61834	41675.7394	44360.6834	0.560896583	6.2028973e+13
6.45e-09	-2152.81654	2365.77808	41950.758	42629.5299	0.562060777	6.20381533e+13
6.46e-09	-366.79513	1629.67468	42017.4302	43846.2182	0.562665827	6.20506541e+13
6.47e-09	-1719.45572	1522.79112	42738.7797	43222.9145	0.562962997	6.20635803e+13
6.48e-09	-1938.36129	-793.110302	43242.4411	42577.0352	0.563110608	6.20762944e+13
6.49e-09	-2908.58464	-2329.81248	44593.3636	43878.9355	0.562499894	6.20874624e+13
6.5e-09	-2912.75804	-1186.44235	45336.0145	45029.4236	0.561579693	6.20941601e+13
6.51e-09	-2578.86283	109.024949	48153.1592	45766.1084	0.560090298	6.20953733e+13
6.52e-09	-1163.30383	-1945.29936	47697.9313	47234.5091	0.558243177	6.20893249e+13
6.53e-09	-2694.38539	-2625.80726	47187.8575	46144.5562	0.557122637	6.20772946e+13
6.54e-09	-978.17374	-2936.36395	46948.7346	45207.7035	0.556969609	6.20638304e+13
6.55e-09	-1286.41492	-2352.82455	47203.8288	45202.8446	0.556858291	6.20511895e+13
6.56e-09	-737.72033	-167.533196	46753.2116	45767.5863	0.557119675	6.20397851e+13
6.57e-09	379.205289	-479.05868	46322.1332	45466.2333	0.556986328	6.20298296e+13
6.58e-09	1516.53526	-140.373728	45164.0064	42908.2331	0.557917761	6.20220413e+13
6.59e-09	1179.78246	1183.71237	45920.0261	43666.1022	0.558814899	6.20192279e+13
6.6e-09	152.108968	-1037.9743	45516.4454	44003.266	0.559099885	6.2019217e+13
6.61e-09	-1299.14845	-764.233817	44713.473	44470.7705	0.55940605	6.20205076e+13
6.62e-09	-520.449785	142.874187	47038.5157	44182.3476	0.559413658	6.20224494e+13
6.63e-09	-566.06809	19.6896345	46142.3831	44885.2524	0.559250562	6.20234705e+13
6.64e-09	-706.685379	107.156488	46018.6683	43717.5603	0.559108285	6.20235961e+13
6.65e-09	-439.474426	135.26446	44976.9642	46206.9251	0.559134522	6.20239667e+13
6.66e-09	-502.002582	862.526527	45241.4036	46922.8436	0.558755608	6.20232419e+13
6.67e-09	-814.8999	-96.6477451	45251.9708	47748.7012	0.557613812	6.20198445e+13
6.68e-09	506.923049	520.184079	43868.8803	45178.8185	0.557839334	6.20139277e+13
6.69e-09	1032.50438	379.793615	43508.4815	45049.3123	0.558626132	6.20113263e+13
6.7e-09	1287.25886	-255.283627	43475.1208	45255.1703	0.559235212	6.20118819e+13
6.71e-09	710.689652	-584.548125	45545.4759	46828.6423	0.55900001	6.20137898e+13
6.72e-09	1529.37486	160.214457	47286.158	45271.4748	0.558403891	6.20131371e+13
6.73e-09	1221.8009	-325.998357	45334.7707	46259.4979	0.557844639	6.20098672e+13
6.74e-09	1213.46422	823.907379	42914.4219	47110.7403	0.558476831	6.20070583e+13
6.75e-09	594.160133	1450.3536	41814.5318	47024.5738	0.558825818	6.2006715e+13
6.76e-09	-1415.95711	2201.3546	41704.6142	47255.2553	0.559252742	6.20079796e+13
6.77e-09	-711.591258	2497.71329	43114.1653	47582.3751	0.559206092	6.20101607e+13
6.78e-09	-783.147433	2688.73016	43453.2929	47533.6792	0.558844811	6.20112272e+13
6.79e-09	-2456.5372	2388.46502	41510.7392	47866.4819	0.559014888	6.20115459e+13
6.8e-09	-2392.67734	1388.15602	39827.4303	48860.0192	0.559027068	6.20123693e+13
6.81e-09	-2558.93012	-231.930515	40127.3181	48925.0163	0.559655253	6.20145142e+13
6.82e-09	-530.971597	-330.528068	40768.4084	48570.5245	0.559833672	6.20180795e+13
6.83e-09	-567.907242	-1554.46956	41763.7349	49068.8815	0.559492443	6.20211739e+13
6.84e-09	337.757777	657.03263	42343.4187	47579.6207	0.559101513	6.20221694e+13
6.85e-09	815.347529	-77.0245239	44917.1369	47184.52	0.558961247	6.20224127e+13
6.86e-09	-76.1140959	-1682.38372	44440.9913	48481.1393	0.558122834	6.20205585e+13
6.87e-09	402.850274	-1725.52021	42445.8307	46616.4768	0.558135778	6.2016483e+13
6.88e-09	1583.24562	-1230.43155	43203.9487	44170.5958	0.559117018	6.20150029e+13
6.89e-09	840.088064	-805.790597	44018.7626	42599.22	0.56001063	6.20176961e+13
6.9e-09	2118.02334	-1542.55583	45237.4612	43876.1524	0.560584764	6.20236418e+13
6.91e-09	1792.09293	-1947.77785	47105.7277	42898.135	0.560396946	6.20295478e+13
6.92e-09	1535.45736	-2633.51172	47549.7365	41342.7702	0.560319243	6.20341555e+13
6.93e-09	2293.24358	-2347.16566	47044.7784	41580.5141	0.560242225	6.20382396e+13
6.94e-09	1834.57983	-2125.15208	45835.1331	41308.3119	0.560790578	6.20426958e+13
6.95e-09	1411.12801	-2571.43236	45705.7998	42674.7909	0.560920556	6.20484952e+13
6.96e-09	1277.47334	-723.134952	47548.886	43259.9704	0.560378338	6.20532741e+13
6.97e-09	2775.0138	-527.252598	46094.1221	43713.7079	0.560028303	6.20548049e+13
6.98e-09	2022.39589	-388.353961	44354.586	43226.6186	0.560249119	6.20561069e+13
6.99e-09	608.200283	-605.533672	44913.1331	43984.0286	0.560236143	6.20582307e+13
7e-09	-358.748396	-250.673251	45261.9436	43987.7126	0.56004109	6.20593629e+13
7.01e-09	-2028.14144	1443.1239	44481.8651	43579.0372	0.56046126	6.20606014e+13
7.02e-09	67.4854768	818.886222	44193.9292	44255.1171	0.560500398	6.20631201e+13
7.03e-09	-226.308142	855.193131	43553.0643	44480.6017	0.56085118	6.20656883e+13
7.04e-09	562.18466	1157.12521	45198.8377	43663.1619	0.561273564	6.20701366e+13
7.05e-09	1872.3525	798.300493	45573.0839	43153.127	0.561069743	6.20744352e+13
7.06e-09	194.258283	949.919985	47042.9338	42788.5651	0.560626093	6.20771798e+13
7.07e-09	200.80635	1710.30663	45780.9461	42475.8017	0.56073659	6.20785059e+13
7.08e-09	-768.983422	1439.69456	44141.3695	43053.2566	0.560811144	6.2080207e+13
7.09e-09	-387.19	222.956583	42889.8904	43395.3643	0.561243093	6.20831838e+13
7.1e-09	306.124966	-585.561996	43562.0122	43758.1043	0.561639611	6.208754e+13
7.11e-09	-1139.1133	1017.26443	44929.5082	44063.3488	0.561659608	6.20926142e+13
7.12e-09	-625.653022	1355.08562	45138.8973	44990.2342	0.56121078	6.209591e+13
7.13e-09	1403.56427	1598.11694	44674.2063	46891.874	0.560108889	6.2096002e+13
7.14e-09	1361.22595	961.928903	43316.8008	47404.7001	0.55922443	6.20914785e+13
7.15e-09	192.545163	824.8039	45120.8158	46569.2384	0.558676271	6.20848178e+13
7.16e-09	-134.011391	162.781616	46763.0226	47288.0045	0.558143829	6.20763724e+13
7.17e-09	1628.38613	-1402.14095	45560.9599	48041.4578	0.557432698	6.20659911e+13
7.18e-09	2595.30727	-2526.06637	44164.9519	47557.9401	0.557114211	6.20543764e+13
7.19e-09	2158.51568	-2234.38554	42809.3984	47887.469	0.557785138	6.20445117e+13
7.2e-09	1528.15312	-2981.1036	44943.5143	46550.0302	0.557754624	6.2037292e+13
7.21e-09	-725.418527	-2454.35632	43397.1598	46068.3914	0.558184253	6.20311945e+13
7.22e-09	1558.64461	-1155.0077	43946.6914	44863.2116	0.558772469	6.20280993e+13
7.23e-09	-231.57849	-2027.51595	45282.5388	45196.0106	0.559132546	6.20273357e+13
7.24e-09	136.659892	-3676.55996	44918.1111	44767.0423	0.559130274	6.2027026e+13
7.25e-09	1140.15621	-5463.31138	44522.8844	42588.438	0.560060809	6.2028512e+13
7.26e-09	1841.75763	-3866.85853	43082.3372	43818.0416	0.560776976	6.20336946e+13
7.27e-09	2538.26453	-2304.06488	42923.3713	43365.3169	0.561601282	6.20414187e+13
7.28e-09	4013.74779	-2031.89024	44079.4605	43431.6938	0.56158755	6.2050271e+13
7.29e-09	2509.98249	-1278.6667	44891.738	42381.9718	0.561997178	6.20588791e+13
7.3e-09	-5.35718797	-1512.00237	43854.4307	40669.2124	0.562456883	6.20681459e+13
7.31e-09	-56.2310575	497.661169	45388.6883	42211.6485	0.562503774	6.2078593e+13
7.32e-09	-726.672112	-575.143379	46235.8613	43921.6643	0.561840082	6.20867417e+13
7.33e-09	-1622.79584	290.175521	48158.9477	45434.2715	0.56060709	6.2090182e+13
7.34e-09	-360.987348	-821.218829	47835.5146	43473.9182	0.559264794	6.2086985e+13
7.35e-09	-893.488593	-854.009657	47048.6239	42756.0002	0.558916208	6.20807835e+13
7.36e-09	-783.768513	15.3157913	45266.8371	43170.0201	0.559281432	6.20754964e+13
7.37e-09	-627.110637	97.1093249	45835.0337	43149.3259	0.559403877	6.20717813e+13
7.38e-09	-635.604051	540.324899	46625.4494	43464.2023	0.559313992	6.20685964e+13
7.39e-09	-1093.91216	-151.642875	46450.7606	42722.3058	0.559393973	6.20655144e+13
7.4e-09	-338.539151	-18.5743102	44524.1491	43579.7793	0.559925661	6.20638802e+13
7.41e-09	489.094805	-1554.62508	44529.1737	42879.0742	0.56036236	6.20644995e+13
7.42e-09	-452.019998	-1385.42377	46631.4093	44334.548	0.560000127	6.20658155e+13
7.43e-09	-2909.53461	-1774.55569	47383.3695	43805.8057	0.559578054	6.20646721e+13
7.44e-09	-2837.02018	-953.885449	46333.3825	45685.1635	0.558675598	6.20614471e+13
7.45e-09	-3698.48869	962.36395	46324.2985	44659.8486	0.55814384	6.20551162e+13
7.46e-09	-3237.12335	1614.20982	43980.9182	46155.6823	0.558482	6.20487897e+13
7.47e-09	-2685.63643	2230.14854	46568.4837	45338.3289	0.558206783	6.20438897e+13
7.48e-09	-3549.00874	3364.2794	45194.032	47126.5645	0.557666656	6.2037381e+13
7.49e-09	-2828.88969	2234.68978	43815.5008	46376.6846	0.558159055	6.20308565e+13
7.5e-09	-2355.55163	1176.96888	45339.9466	47401.1648	0.557954933	6.20260799e+13
7.51e-09	-3979.95297	871.135879	43910.7048	48394.2217	0.557545862	6.20202785e+13
7.52e-09	-3592.17984	75.370321	45217.6188	46261.2018	0.557515549	6.20140127e+13
7.53e-09	-2299.85218	214.162037	45609.2127	43615.8783	0.558168087	6.20093285e+13
7.54e-09	-2742.03876	-313.892766	47207.5132	42987.8714	0.558478657	6.20076766e+13
7.55e-09	-227.05149	-2079.54212	46251.1941	43978.794	0.558541824	6.20067797e+13
7.56e-09	-1608.43464	-2994.70265	45551.8224	42161.0382	0.55904286	6.20068197e+13
7.57e-09	464.598144	-2735.86466	44709.8963	41722.3856	0.560123282	6.20102344e+13
7.58e-09	-1240.4406	-2850.25024	45506.3706	44858.7445	0.56045131	6.20169399e+13
7.59e-09	-887.966956	-1903.77931	44265.306	46303.3287	0.559672409	6.20216847e+13
7.6e-09	-2334.15459	-2924.72376	42942.3068	44994.5575	0.559684953	6.20239485e+13
7.61e-09	-2793.42524	-593.163926	41998.6066	47634.2453	0.559916744	6.20269808e+13
7.62e-09	-1306.18975	-1053.30228	41512.2011	47701.4285	0.559881249	6.20300372e+13
7.63e-09	-96.7878711	-1709.40944	42266.972	47784.9964	0.559800671	6.203254e+13
7.64e-09	903.183284	-3366.0138	41754.655	48754.2898	0.559534634	6.20343253e+13
7.65e-09	2009.70407	-3169.52389	41291.2034	49352.9779	0.559414435	6.20349029e+13
7.66e-09	997.185764	-2782.32966	42207.7273	49148.1267	0.558786927	6.20341495e+13
7.67e-09	1006.54062	-3612.62208	42829.2979	49816.0796	0.558221085	6.20308719e+13
7.68e-09	1665.59066	-3496.27645	41685.3062	49476.9862	0.558254395	6.20263771e+13
7.69e-09	571.300747	-2477.50095	41609.3518	47026.0059	0.558662399	6.20230758e+13
7.7e-09	3214.70594	-1469.85271	41418.6299	46512.3781	0.55920794	6.20226258e+13
7.71e-09	2378.39772	-871.181399	42118.8363	45966.9888	0.560023717	6.20249131e+13
7.72e-09	3384.14568	-1306.26663	42978.6908	42855.2214	0.560413665	6.20292619e+13
7.73e-09	3594.61631	-499.131298	43947.0164	42499.7053	0.561223085	6.20359385e+13
7.74e-09	3728.38447	913.681393	45693.3945	41883.2695	0.561341732	6.20441015e+13
7.75e-09	2202.62164	882.758906	44996.7725	42528.0258	0.56098073	6.20510393e+13
7.76e-09	1861.75183	1125.44253	44481.1824	42205.985	0.561606994	6.20574605e+13
7.77e-09	1629.75563	677.337012	45527.9305	43683.4212	0.561304352	6.20646759e+13
7.78e-09	1362.72555	2147.76157	45527.8124	44099.9289	0.560798508	6.20690651e+13
7.79e-09	1210.48508	577.986108	46460.4879	45403.806	0.560106891	6.20707861e+13
7.8e-09	1392.13214	53.775552	46292.4188	45289.2949	0.559387695	6.20690306e+13
7.81e-09	1567.9047	-99.9972215	46105.4454	45452.4606	0.558847726	6.20648994e+13
7.82e-09	522.120106	-1808.56796	46435.9858	44102.3424	0.558777408	6.20596599e+13
7.83e-09	1262.54129	-702.897375	45925.992	42774.3119	0.558826765	6.20549107e+13
7.84e-09	736.840589	-109.125785	44721.5068	41929.8921	0.55966275	6.20522907e+13
7.85e-09	1930.94374	-817.786789	44266.8686	42284.2247	0.560623032	6.20540621e+13
7.86e-09	1337.31284	-957.950848	45525.7229	42570.5697	0.561240385	6.2059112e+13
7.87e-09	844.108458	-474.214946	44875.8119	42748.1733	0.561393446	6.20650104e+13
7.88e-09	-62.0295739	-257.607547	43493.5254	43045.9483	0.561612946	6.20711197e+13
7.89e-09	1417.60681	-587.922838	44761.9472	45090.2253	0.561274489	6.20768561e+13
7.9e-09	1324.72535	-781.601067	44459.745	44704.2767	0.560919216	6.20799739e+13
7.91e-09	2213.77697	118.892765	44640.5855	46332.1353	0.560399118	6.20815816e+13
7.92e-09	1189.9928	802.19179	46414.4802	45830.0738	0.559406745	6.20798208e+13
7.93e-09	1857.15952	2538.91761	46560.16	45563.6626	0.558261999	6.20734098e+13
7.94e-09	3185.19584	1446.08407	46223.5417	44176.214	0.558452581	6.20652409e+13
7.95e-09	2499.19714	2889.39508	46723.5656	45023.4339	0.558642943	6.20591205e+13
7.96e-09	3640.2088	2708.76324	46200.8239	44198.4094	0.55837493	6.20531789e+13
7.97e-09	2167.1302	2610.70286	45351.5533	43874.1854	0.558980512	6.20485881e+13
7.98e-09	1272.47429	337.954992	45365.1294	45119.2015	0.558996861	6.20459982e+13
7.99e-09	1090.43605	739.790033	44362.2814	44874.387	0.559205719	6.20438506e+13
8e-09	239.378305	-403.887921	44353.0325	45103.6326	0.559452316	6.20428702e+13
8.01e-09	-311.524906	892.701484	44883.3431	44834.0503	0.559575633	6.20428506e+13
8.02e-09	-916.32745	1389.53614	44232.8615	44994.3798	0.559874088	6.20436149e+13
8.03e-09	-57.2571182	833.023111	44302.8978	44041.1494	0.559962183	6.20451533e+13
8.04e-09	-2742.33055	154.250937	44049.6079	46264.7093	0.559990466	6.20472061e+13
8.05e-09	-1383.10293	348.497105	43633.1833	45984.8243	0.559898729	6.20484104e+13
8.06e-09	-325.929066	648.148098	43030.2201	45137.0558	0.560057913	6.20495709e+13
8.07e-09	-295.917787	965.105287	43317.0912	44884.5883	0.560265772	6.20518361e+13
8.08e-09	-660.874684	311.649763	44423.81	44829.4788	0.560258774	6.20543106e+13
8.09e-09	-698.163505	-323.442461	44569.7543	43783.7075	0.560169596	6.20560818e+13
8.1e-09	-100.946647	-1083.66182	45573.3426	43560.1133	0.560515842	6.20582953e+13
8.11e-09	306.689949	-818.911221	45325.4494	43484.1035	0.560455981	6.2060908e+13
8.12e-09	1794.15367	523.287633	45991.968	43540.1123	0.560678693	6.20636735e+13
8.13e-09	1275.57934	59.7851561	47957.4198	42506.0645	0.56011797	6.20654771e+13
8.14e-09	2831.28438	530.685107	47684.2528	42455.4018	0.559630566	6.2064649e+13
8.15e-09	2725.6777	-968.23676	48009.0498	43276.9686	0.559807453	6.20634908e+13
8.16e-09	753.590787	-1133.38986	46025.1484	43229.04	0.559557191	6.20619774e+13
8.17e-09	320.762254	-835.924322	45920.3615	45218.837	0.55926956	6.20602354e+13
8.18e-09	752.134011	-840.492696	44766.454	43789.3273	0.559425521	6.20573188e+13
8.19e-09	1062.36067	-539.229189	43794.6516	42689.906	0.559749005	6.20561014e+13
8.2e-09	333.165814	1462.69881	43097.0971	43688.1822	0.560899278	6.20582787e+13
8.21e-09	-566.090343	1764.19624	45803.3939	44778.0007	0.560841609	6.20629615e+13
8.22e-09	-1098.68144	1154.29063	46395.32	43490.3417	0.560153573	6.20650497e+13
8.23e-09	-2546.67022	3024.89321	46178.9071	43750.0538	0.559900268	6.20649418e+13
8.24e-09	-1278.16326	3316.8148	47749.4218	43812.7042	0.559594675	6.20641308e+13
8.25e-09	-1592.55187	2915.14042	48151.6325	42606.3335	0.5590987	6.20613346e+13
8.26e-09	-1399.5828	1085.03498	49498.6484	41812.2403	0.558843477	6.20574237e+13
8.27e-09	-1935.55325	267.420761	47300.3502	43189.5646	0.55877251	6.20529586e+13
8.28e-09	-864.997188	545.642849	46685.0556	44244.3383	0.558907823	6.20491202e+13
8.29e-09	-1182.16216	-870.866706	47686.2321	44058.8873	0.558723817	6.20458407e+13
8.3e-09	-999.896278	-752.507914	46917.2815	44468.5592	0.558504962	6.2041762e+13
8.31e-09	-1073.47531	-899.078596	47509.1267	43532.4274	0.558058682	6.20369464e+13
8.32e-09	-1418.98681	-999.485418	47191.5649	44698.1132	0.558210601	6.20318655e+13
8.33e-09	-1384.60889	-1970.39743	48149.0449	44797.0219	0.557696254	6.20264618e+13
8.34e-09	-741.775715	-3964.67693	47648.088	43987.5619	0.55729872	6.20195172e+13
8.35e-09	566.095346	-3710.4083	45296.4265	44048.0306	0.557505366	6.20125934e+13
8.36e-09	-731.86467	-4706.73596	45437.521	42746.801	0.558254148	6.20083514e+13
8.37e-09	-568.069237	-2936.59923	43743.2426	41540.1023	0.559620886	6.20087259e+13
8.38e-09	-2579.00077	-1211.11401	43256.2597	42086.6663	0.560879881	6.20149372e+13
8.39e-09	-1074.72734	-1871.97908	46727.2713	43352.0593	0.561080394	6.20243374e+13
8.4e-09	-197.674733	-691.536616	45955.5589	45060.7198	0.560216658	6.20310013e+13
8.41e-09	303.776265	-1115.64174	46830.8479	44272.2108	0.55957369	6.20336823e+13
8.42e-09	719.050584	2074.78039	45575.7705	45533.5541	0.559242709	6.20340457e+13
8.43e-09	1995.44044	2454.35752	42263.4772	46456.3391	0.55936178	6.20334306e+13
8.44e-09	850.865116	1943.96134	43839.1159	47659.8366	0.559373679	6.2034106e+13
8.45e-09	1180.23123	-260.520397	42769.386	47976.7077	0.558863993	6.20331981e+13
8.46e-09	-387.250693	-980.403308	43782.5826	47733.3375	0.559006672	6.2031945e+13
8.47e-09	483.721295	1592.07067	42571.9741	48096.6548	0.558803897	6.20304219e+13
8.48e-09	857.249929	211.567441	39144.7209	47579.6313	0.55912446	6.20287994e+13
8.49e-09	840.124912	1110.05879	40533.4325	47315.8527	0.559723971	6.20299605e+13
8.5e-09	1018.38466	1349.01757	41144.1582	45515.4091	0.560564538	6.20334626e+13
8.51e-09	2387.76908	-15.9027545	40993.2147	46551.2988	0.561150181	6.20400938e+13
8.52e-09	3108.8249	824.223707	42455.1983	46246.859	0.561103357	6.20472969e+13
8.53e-09	1923.95346	785.699649	42252.3296	47141.6607	0.560685483	6.20525232e+13
8.54e-09	2645.85907	1637.9059	43637.1169	46549.5763	0.560100898	6.20554481e+13
8.55e-09	1669.45944	1180.66804	45946.9568	46719.535	0.559329631	6.20554687e+13
8.56e-09	198.375192	-316.782069	47354.6162	45302.904	0.558397161	6.20516579e+13
8.57e-09	1880.481	-1175.81029	47948.2775	45014.5576	0.55779269	6.20450884e+13
8.58e-09	937.761936	-1018.24523	46004.8375	44017.238	0.557686366	6.20370303e+13
8.59e-09	1223.19574	-502.045912	44899.3891	43652.3652	0.55876152	6.2031958e+13
8.6e-09	1283.26343	1677.4085	44794.4562	43607.3944	0.559465786	6.20313184e+13
8.61e-09	950.612511	649.891573	42899.3962	43088.1669	0.560286908	6.20335942e+13
8.62e-09	1157.36242	1295.57932	43588.2339	44019.0737	0.560816366	6.20391585e+13
8.63e-09	745.255582	32.3188251	44340.5568	45179.6098	0.560606637	6.20447089e+13
8.64e-09	1732.82482	895.382951	45037.5927	43580.0724	0.560347452	6.20484518e+13
8.65e-09	1363.38224	716.221275	45134.0534	40213.6651	0.560845299	6.20520216e+13
8.66e-09	990.009171	780.951324	45424.0284	41940.9103	0.561522577	6.20584285e+13
8.67e-09	257.802471	-301.725152	44437.8674	42506.3773	0.561774769	6.20657549e+13
8.68e-09	-527.762377	-1855.05634	43341.8107	42264.3165	0.562007953	6.2073367e+13
8.69e-09	-1365.26331	-3297.55466	41943.4281	42544.7883	0.562999421	6.20827225e+13
8.7e-09	636.708459	-1082.19539	43717.672	45528.3289	0.562817127	6.20937763e+13
8.71e-09	-162.495287	-3670.55954	43342.6922	46267.2134	0.56194482	6.21010152e+13
8.72e-09	181.479024	-3726.47815	46002.5704	46972.117	0.560404739	6.21031212e+13
8.73e-09	1887.33683	-2665.7786	46230.7966	46779.3654	0.55893738	6.20981558e+13
8.74e-09	-907.96553	-546.357285	46132.3588	47455.3851	0.557829004	6.20884759e+13
8.75e-09	-1207.95878	-702.048405	47066.6928	46012.955	0.557143763	6.20756766e+13
8.76e-09	-1914.41435	-644.450095	46846.2732	45410.3232	0.557047894	6.20625529e+13
8.77e-09	-2533.277	-3082.35527	46533.4507	43507.5556	0.557241463	6.20506596e+13
8.78e-09	-3665.23472	-2035.65406	43391.4935	43945.3488	0.558406168	6.2042436e+13
8.79e-09	-1852.48915	-752.429874	43564.7079	43090.191	0.559712543	6.20404251e+13
8.8e-09	-73.5579211	562.17992	43279.7429	43736.5391	0.560315502	6.20429939e+13
8.81e-09	-1223.58117	920.849101	46165.4655	44009.8114	0.560429469	6.20469888e+13
8.82e-09	-2105.13197	513.940682	44147.3218	45723.3108	0.560249624	6.20500468e+13
8.83e-09	-554.718531	830.403112	42651.0591	45436.1764	0.560176361	6.20522484e+13
8.84e-09	-1047.42164	-944.454898	44458.3608	47860.9925	0.559843684	6.20540174e+13
8.85e-09	-1301.56634	-1562.58259	45426.9759	46936.7663	0.559035023	6.20526747e+13
8.86e-09	-741.434951	-1217.72699	45336.6287	47090.1471	0.558187462	6.20481197e+13
8.87e-09	-732.682883	-1901.44651	44746.7925	46062.9552	0.558297049	6.20421327e+13
8.88e-09	-2541.73973	-739.407763	43406.0272	44362.6688	0.558652593	6.20374866e+13
8.89e-09	-1507.26961	-2515.78499	44038.7761	43354.1878	0.559581306	6.20362188e+13
8.9e-09	-1384.92419	384.327276	44308.2055	44769.1044	0.559867722	6.20380085e+13
8.91e-09	-1218.05797	1290.57517	43236.6031	44380.3187	0.560293857	6.20404506e+13
8.92e-09	-2102.13577	-1178.79387	44354.9135	43527.9376	0.560639971	6.20446932e+13
8.93e-09	-1293.15763	-2491.37979	46210.4658	43929.908	0.560610533	6.20494082e+13
8.94e-09	-54.5365421	-2310.9831	47987.8594	44225.3755	0.559594249	6.20516372e+13
8.95e-09	-434.180599	-675.153558	48285.9266	45480.9369	0.558186473	6.20483332e+13
8.96e-09	-941.388771	-846.964928	47721.9193	44635.6307	0.557433325	6.20405827e+13
8.97e-09	-64.5139605	163.925646	46823.2016	43385.4038	0.557681157	6.20322346e+13
8.98e-09	-1617.55564	85.7457029	46618.3267	45177.3236	0.558042938	6.20265769e+13
8.99e-09	-1270.65016	-555.276549	44907.5496	44994.8611	0.558123699	6.20218434e+13
9e-09	-2544.08992	2576.84648	44904.0546	44469.859	0.558803147	6.20193178e+13
9.01e-09	-3132.21377	1807.51482	45789.1641	43601.7567	0.559221244	6.20194896e+13
9.02e-09	-2735.81422	896.759405	45952.169	44696.336	0.559304058	6.20207412e+13
9.03e-09	-1304.73337	990.14995	44859.4585	43691.1623	0.559430029	6.20218886e+13
9.04e-09	-1687.12221	1137.77525	45396.8518	44233.0314	0.559870533	6.20243391e+13
9.05e-09	-2243.50286	-208.646005	45456.5663	43071.8693	0.560003415	6.20276964e+13
9.06e-09	-940.485507	-692.122069	47082.0241	40615.5242	0.56055209	6.2031913e+13
9.07e-09	-1381.14072	551.355931	46493.2092	40718.3437	0.560827699	6.20376714e+13
9.08e-09	-492.135972	1584.41262	45776.5937	42042.0194	0.560922789	6.20438391e+13
9.09e-09	113.061399	2232.99235	45588.9552	43369.6825	0.560801398	6.20494481e+13
9.1e-09	-164.293767	1332.24488	47278.9159	44013.0525	0.560165406	6.20531762e+13
9.11e-09	1837.12852	1087.61101	46838.013	44711.3616	0.559483093	6.20532737e+13
9.12e-09	-259.333315	-889.08868	45957.1912	44187.5742	0.559099202	6.20512691e+13
9.13e-09	-793.162454	-668.903642	46484.7178	44041.3355	0.559112937	6.20488539e+13
9.14e-09	-985.243575	99.3802866	47882.3678	43694.5653	0.558824233	6.2045975e+13
9.15e-09	994.357636	705.606093	48449.5008	44804.0654	0.558060128	6.2041477e+13
9.16e-09	3222.83191	740.725227	50240.1115	45186.7415	0.556906827	6.20335153e+13
9.17e-09	5025.30702	382.055712	47862.494	43564.2834	0.556612069	6.2022414e+13
9.18e-09	5254.23172	935.009215	47448.7206	42633.1988	0.557174352	6.20131119e+13
9.19e-09	4261.93562	794.275356	47083.3858	42223.2148	0.558030275	6.20078866e+13
9.2e-09	4111.90207	-123.461232	47481.0873	43326.6576	0.558255358	6.2005818e+13
9.21e-09	2213.54965	-20.0849157	46968.641	43767.3286	0.558203618	6.20038837e+13
9.22e-09	2589.09054	-774.325074	45619.8309	43375.4241	0.558477171	6.20023883e+13
9.23e-09	3360.92304	-1969.12633	43909.0826	45624.9597	0.558950205	6.20029954e+13
9.24e-09	3919.38868	-1382.19588	43092.6217	46522.9203	0.55948907	6.20053658e+13
9.25e-09	2649.7162	-1933.4939	43771.5316	47301.5264	0.559018257	6.2008174e+13
9.26e-09	2892.40287	-1839.71781	43639.7505	47804.9008	0.558630819	6.20084345e+13
9.27e-09	2614.99511	-1127.20691	44102.6989	48820.9212	0.558095072	6.20070697e+13
9.28e-09	3535.69455	-182.297989	44510.5551	46573.4966	0.557917833	6.20038353e+13
9.29e-09	3127.20823	470.054061	43372.4543	46376.1652	0.558253197	6.20013576e+13
9.3e-09	4657.7847	-5.55338382	40956.0628	45562.8312	0.559049108	6.20010726e+13
9.31e-09	4081.05119	-1223.72993	42914.3683	44916.7147	0.560301202	6.20055851e+13
9.32e-09	905.497073	-735.562048	41282.2977	44528.0822	0.560782971	6.2013211e+13
9.33e-09	-437.099816	789.911444	40984.7592	46765.1808	0.561470317	6.20226543e+13
9.34e-09	243.510144	1951.81757	41226.7636	46684.747	0.5614851	6.2032665e+13
9.35e-09	2253.25253	946.429427	43534.7908	45401.181	0.561100611	6.20411126e+13
9.36e-09	1609.66652	1963.98558	43260.2166	44957.2285	0.560716297	6.20470369e+13
9.37e-09	1728.61907	2071.74403	46240.6896	44801.4546	0.560202675	6.20509486e+13
9.38e-09	1029.59798	2943.68805	45695.481	43540.3833	0.559785669	6.20519228e+13
9.39e-09	890.312203	4216.4777	46970.9428	42446.2087	0.559989271	6.20525707e+13
9.4e-09	2059.31595	1693.04159	47063.2828	42302.1676	0.560121398	6.2053826e+13
9.41e-09	1683.29465	2939.23935	45624.3957	41452.7422	0.560312539	6.20551619e+13
9.42e-09	564.684078	1421.29575	45331.7908	42569.4024	0.560529978	6.2057905e+13
9.43e-09	2083.27685	458.756345	44749.1351	42877.0949	0.560718323	6.20612774e+13
9.44e-09	2262.10888	-536.667212	45416.7539	42373.2036	0.561091725	6.20653545e+13
9.45e-09	2231.34476	382.141875	45167.3087	42867.0791	0.561164203	6.20698706e+13
9.46e-09	2383.58441	190.582593	45646.1062	42837.6009	0.56115731	6.20742523e+13
9.47e-09	1505.09554	-335.537256	46294.3775	41409.9903	0.56127393	6.20782816e+13
9.48e-09	-603.818742	730.308007	45312.5951	42812.8037	0.561479452	6.20828466e+13
9.49e-09	-888.153625	195.678085	44742.5601	42803.9791	0.561553033	6.20871525e+13
9.5e-09	684.583244	268.630518	45632.9713	42294.9377	0.561417284	6.2091404e+13
9.51e-09	841.517166	92.3615455	45362.3868	45543.5298	0.560875341	6.20940171e+13
9.52e-09	1470.01293	-1217.81537	44758.1	44041.5198	0.560386868	6.20937504e+13
9.53e-09	897.417692	-1605.13847	44738.5933	43864.3962	0.560303015	6.20925471e+13
9.54e-09	978.242276	-1732.83939	45869.9646	42420.4268	0.560401688	6.20912712e+13
9.55e-09	772.865275	189.663419	48265.1171	44582.5147	0.559681011	6.20895461e+13
9.56e-09	617.201305	-100.208092	49269.3298	43772.4519	0.558522818	6.20835952e+13
9.57e-09	472.139011	193.459058	48813.8264	45056.8714	0.557663272	6.20739085e+13
9.58e-09	2466.10188	-9.853128	47530.6985	44728.5208	0.556938918	6.2061683e+13
9.59e-09	1837.49935	-511.887479	47195.2086	46399.954	0.557059061	6.20496397e+13
9.6e-09	559.027311	622.454627	46320.6767	46862.918	0.556794072	6.20381123e+13
9.61e-09	294.893734	559.511556	45764.2251	46884.1303	0.55655398	6.20266556e+13
9.62e-09	482.852464	-483.132435	45713.0845	45141.3852	0.55698916	6.20165659e+13
9.63e-09	2194.17757	-576.498097	47378.6248	42266.6814	0.55770971	6.2009975e+13
9.64e-09	1445.62266	-1745.35392	47638.1278	43271.1277	0.557998178	6.2006153e+13
9.65e-09	1985.75464	245.13202	45463.0179	45859.866	0.557961073	6.20033397e+13
9.66e-09	1315.26871	-114.56834	45726.429	46214.2991	0.557867312	6.20003246e+13
9.67e-09	946.343777	-1047.24289	45415.4277	46094.5531	0.557763606	6.19970398e+13
9.68e-09	139.990684	-2077.13018	44766.7551	45353.0804	0.557960046	6.19942816e+13
9.69e-09	-79.234181	-3158.90017	43752.321	44686.5852	0.558515333	6.19931578e+13
9.7e-09	-741.944352	-2488.53771	43767.5393	44026.1802	0.559081957	6.19948325e+13
9.71e-09	-1277.21193	-627.598901	42199.4188	44880.501	0.559918427	6.19993408e+13
9.72e-09	-915.047475	355.103564	41880.4622	45968.4466	0.560448583	6.20062626e+13
9.73e-09	-285.081016	1700.15505	44357.7509	47022.5774	0.560382497	6.20139137e+13
9.74e-09	-342.724013	-924.445321	41760.5945	47145.1331	0.5599926	6.20188672e+13
9.75e-09	-366.541326	-1188.20559	42839.8881	46310.399	0.560071727	6.20231802e+13
9.76e-09	-1639.11102	44.6375777	43718.8547	44088.873	0.560390787	6.20277751e+13
9.77e-09	-154.312804	-958.687529	44042.1846	43088.21	0.560798088	6.20337454e+13
9.78e-09	689.192213	-1448.33628	45470.4601	41746.537	0.561347593	6.20410108e+13
9.79e-09	1927.07378	146.470154	46098.4616	42334.555	0.56130307	6.20490958e+13
9.8e-09	3473.38059	-873.796151	46815.1314	42671.5292	0.561238651	6.20559733e+13
9.81e-09	1553.36818	-1145.13029	47056.214	43714.9984	0.560366766	6.20604621e+13
9.82e-09	833.334209	-1534.04193	48665.8926	43846.9079	0.559335126	6.20605988e+13
9.83e-09	1741.97231	-2272.74028	47850.8458	43285.4711	0.558685116	6.20567247e+13
9.84e-09	2009.10132	-1133.32204	46784.0692	43018.5792	0.558703112	6.2051712e+13
9.85e-09	911.270082	-1765.25165	45864.6795	41907.635	0.55897398	6.20477135e+13
9.86e-09	-115.975253	-1078.5209	45650.7891	40566.0285	0.560087958	6.20470035e+13
9.87e-09	-1810.44609	-1107.84177	46384.8654	41687.593	0.560824554	6.2050759e+13
9.88e-09	-2028.62807	-2748.0291	45364.2831	42068.0204	0.56130254	6.20561546e+13
9.89e-09	-2428.26391	-1536.01113	45871.3662	43183.9096	0.56120666	6.20623006e+13
9.9e-09	-3278.00826	-2218.65836	46388.3985	42468.8369	0.560861523	6.20668547e+13
9.91e-09	-2603.06379	-2332.16048	47168.7985	43938.2852	0.560366014	6.20694102e+13
9.92e-09	-1904.86895	-1467.53114	46602.7373	44920.8532	0.55953061	6.20686682e+13
9.93e-09	-1859.55853	-1557.07547	46782.6717	45819.0325	0.558753193	6.20648267e+13
9.94e-09	-1397.48504	-2934.41637	45525.1813	45532.5031	0.558408926	6.20585036e+13
9.95e-09	166.697141	-1688.61563	44329.0213	47023.3073	0.558175875	6.20521784e+13
9.96e-09	1023.02123	-1500.165	45560.5028	45505.5409	0.558247937	6.2045926e+13
9.97e-09	660.501161	-3169.44028	46008.6305	45003.2724	0.55810931	6.20400077e+13
9.98e-09	-1416.37287	-1707.66456	46699.88	45372.2291	0.557970258	6.20342639e+13
9.99e-09	-1452.05212	-980.32077	44337.5106	45573.2709	0.558085211	6.20285075e+13
1e-08	-1112.3334	-115.889677	43721.4535	44499.1979	0.558570297	6.20246121e+13
