# Frequency [GHz] 	Fouriercomponent
-4.99967	 0.000785127
-4.99633	 0.000660165
-4.993	 0.000782817
-4.98967	 0.00075985
-4.98633	 0.000782979
-4.983	 0.000828117
-4.97967	 0.000932279
-4.97633	 0.000963307
-4.973	 0.000887586
-4.96967	 0.00104193
-4.96634	 0.000946959
-4.963	 0.000862395
-4.95967	 0.000827478
-4.95634	 0.000943814
-4.953	 0.000909072
-4.94967	 0.000902195
-4.94634	 0.000874121
-4.943	 0.000974107
-4.93967	 0.000835769
-4.93634	 0.000930062
-4.933	 0.00112248
-4.92967	 0.000969664
-4.92634	 0.0010067
-4.92301	 0.000913606
-4.91967	 0.00106627
-4.91634	 0.00117818
-4.91301	 0.00107168
-4.90967	 0.000982631
-4.90634	 0.000883282
-4.90301	 0.00116235
-4.89967	 0.000781027
-4.89634	 0.00115496
-4.89301	 0.000896838
-4.88967	 0.00124086
-4.88634	 0.000995034
-4.88301	 0.00100938
-4.87967	 0.00111901
-4.87634	 0.00125967
-4.87301	 0.00118763
-4.86968	 0.000856187
-4.86634	 0.00126949
-4.86301	 0.00098432
-4.85968	 0.0011598
-4.85634	 0.000990088
-4.85301	 0.000941365
-4.84968	 0.00130605
-4.84634	 0.00104254
-4.84301	 0.00103727
-4.83968	 0.00101356
-4.83634	 0.00129015
-4.83301	 0.00101152
-4.82968	 0.00121644
-4.82634	 0.00134131
-4.82301	 0.00111331
-4.81968	 0.00104768
-4.81635	 0.00123448
-4.81301	 0.00123331
-4.80968	 0.00119332
-4.80635	 0.00117465
-4.80301	 0.000830917
-4.79968	 0.00109568
-4.79635	 0.00123989
-4.79301	 0.000895059
-4.78968	 0.000945395
-4.78635	 0.00102428
-4.78301	 0.00103533
-4.77968	 0.0010861
-4.77635	 0.000988054
-4.77302	 0.000788834
-4.76968	 0.00116895
-4.76635	 0.000748822
-4.76302	 0.00111858
-4.75968	 0.00112419
-4.75635	 0.0010137
-4.75302	 0.00113225
-4.74968	 0.00101957
-4.74635	 0.000971451
-4.74302	 0.000824045
-4.73968	 0.00089734
-4.73635	 0.000979154
-4.73302	 0.000753706
-4.72968	 0.00108718
-4.72635	 0.00106269
-4.72302	 0.000718619
-4.71969	 0.00066704
-4.71635	 0.000829596
-4.71302	 0.000967964
-4.70969	 0.000755221
-4.70635	 0.000759181
-4.70302	 0.000791688
-4.69969	 0.000882571
-4.69635	 0.0007912
-4.69302	 0.000882905
-4.68969	 0.00070723
-4.68635	 0.000702664
-4.68302	 0.000714356
-4.67969	 0.000731764
-4.67635	 0.000812369
-4.67302	 0.000723149
-4.66969	 0.000600963
-4.66636	 0.000686006
-4.66302	 0.000721308
-4.65969	 0.000627911
-4.65636	 0.000725095
-4.65302	 0.000697466
-4.64969	 0.000808705
-4.64636	 0.000634106
-4.64302	 0.000656382
-4.63969	 0.000630471
-4.63636	 0.000647211
-4.63302	 0.000571683
-4.62969	 0.000597063
-4.62636	 0.000550993
-4.62303	 0.000662458
-4.61969	 0.000559931
-4.61636	 0.000550645
-4.61303	 0.000614982
-4.60969	 0.000466757
-4.60636	 0.000606157
-4.60303	 0.000646126
-4.59969	 0.000557773
-4.59636	 0.000471534
-4.59303	 0.000544804
-4.58969	 0.00064277
-4.58636	 0.000653522
-4.58303	 0.00050838
-4.57969	 0.000641471
-4.57636	 0.000611979
-4.57303	 0.000633533
-4.5697	 0.000507308
-4.56636	 0.000485403
-4.56303	 0.000485515
-4.5597	 0.000496289
-4.55636	 0.000482407
-4.55303	 0.000490983
-4.5497	 0.000469837
-4.54636	 0.000440175
-4.54303	 0.000527506
-4.5397	 0.000530558
-4.53636	 0.000454516
-4.53303	 0.000580611
-4.5297	 0.000507962
-4.52636	 0.000475919
-4.52303	 0.000477206
-4.5197	 0.000508093
-4.51637	 0.000432272
-4.51303	 0.000439594
-4.5097	 0.000489683
-4.50637	 0.000524951
-4.50303	 0.000563474
-4.4997	 0.000447016
-4.49637	 0.000473723
-4.49303	 0.000462204
-4.4897	 0.000458665
-4.48637	 0.000457788
-4.48303	 0.000393783
-4.4797	 0.000553997
-4.47637	 0.000417796
-4.47304	 0.000368139
-4.4697	 0.000445265
-4.46637	 0.000388539
-4.46304	 0.000385275
-4.4597	 0.000434556
-4.45637	 0.000401627
-4.45304	 0.000476274
-4.4497	 0.000517528
-4.44637	 0.000415893
-4.44304	 0.000382567
-4.4397	 0.000457678
-4.43637	 0.000391688
-4.43304	 0.000421925
-4.4297	 0.000426807
-4.42637	 0.000433279
-4.42304	 0.00033526
-4.41971	 0.000485748
-4.41637	 0.000448341
-4.41304	 0.000480324
-4.40971	 0.00043096
-4.40637	 0.000442504
-4.40304	 0.000360946
-4.39971	 0.000398735
-4.39637	 0.000434938
-4.39304	 0.000383749
-4.38971	 0.000370174
-4.38637	 0.00035678
-4.38304	 0.000380616
-4.37971	 0.000352917
-4.37637	 0.000345893
-4.37304	 0.000442735
-4.36971	 0.000481833
-4.36638	 0.000459829
-4.36304	 0.000377982
-4.35971	 0.000494873
-4.35638	 0.000395775
-4.35304	 0.000394534
-4.34971	 0.000410032
-4.34638	 0.000434764
-4.34304	 0.000384177
-4.33971	 0.000383955
-4.33638	 0.000391053
-4.33304	 0.000460398
-4.32971	 0.000370047
-4.32638	 0.000396599
-4.32305	 0.000323828
-4.31971	 0.000466242
-4.31638	 0.000369767
-4.31305	 0.000375953
-4.30971	 0.000465952
-4.30638	 0.000432949
-4.30305	 0.000348876
-4.29971	 0.000398475
-4.29638	 0.000382808
-4.29305	 0.000412606
-4.28971	 0.000397807
-4.28638	 0.000367955
-4.28305	 0.000352695
-4.27971	 0.000343711
-4.27638	 0.000337584
-4.27305	 0.000383787
-4.26972	 0.000404314
-4.26638	 0.000399449
-4.26305	 0.000386143
-4.25972	 0.000370221
-4.25638	 0.000382638
-4.25305	 0.000366178
-4.24972	 0.000409507
-4.24638	 0.000421054
-4.24305	 0.000373506
-4.23972	 0.000363816
-4.23638	 0.000390137
-4.23305	 0.000378999
-4.22972	 0.000378725
-4.22638	 0.000333104
-4.22305	 0.000314442
-4.21972	 0.000352073
-4.21639	 0.00041834
-4.21305	 0.000297245
-4.20972	 0.00041837
-4.20639	 0.000360339
-4.20305	 0.000379782
-4.19972	 0.000390521
-4.19639	 0.000424071
-4.19305	 0.000400487
-4.18972	 0.000438672
-4.18639	 0.000424673
-4.18305	 0.000418432
-4.17972	 0.000350974
-4.17639	 0.000467742
-4.17306	 0.000483558
-4.16972	 0.000503766
-4.16639	 0.000351443
-4.16306	 0.000448775
-4.15972	 0.000390595
-4.15639	 0.000322719
-4.15306	 0.000436063
-4.14972	 0.000329296
-4.14639	 0.000489522
-4.14306	 0.000363955
-4.13972	 0.000325251
-4.13639	 0.000377493
-4.13306	 0.000394636
-4.12972	 0.000389697
-4.12639	 0.00043919
-4.12306	 0.000430404
-4.11973	 0.000430423
-4.11639	 0.000362961
-4.11306	 0.000411258
-4.10973	 0.000431389
-4.10639	 0.000463334
-4.10306	 0.000397064
-4.09973	 0.000449729
-4.09639	 0.000447383
-4.09306	 0.000392275
-4.08973	 0.000425809
-4.08639	 0.000342986
-4.08306	 0.000394815
-4.07973	 0.000411253
-4.07639	 0.000380592
-4.07306	 0.000372308
-4.06973	 0.000394165
-4.0664	 0.000451959
-4.06306	 0.000402467
-4.05973	 0.000440739
-4.0564	 0.000588671
-4.05306	 0.000482805
-4.04973	 0.000339673
-4.0464	 0.000457214
-4.04306	 0.000430262
-4.03973	 0.000434077
-4.0364	 0.000398703
-4.03306	 0.000463729
-4.02973	 0.000417678
-4.0264	 0.0003993
-4.02307	 0.000445307
-4.01973	 0.000432504
-4.0164	 0.000459042
-4.01307	 0.000478868
-4.00973	 0.000499971
-4.0064	 0.000594045
-4.00307	 0.000496985
-3.99973	 0.000468654
-3.9964	 0.000475251
-3.99307	 0.000511572
-3.98973	 0.000458036
-3.9864	 0.00049048
-3.98307	 0.000512134
-3.97973	 0.00047963
-3.9764	 0.000483965
-3.97307	 0.000558004
-3.96974	 0.000504111
-3.9664	 0.000563886
-3.96307	 0.000515443
-3.95974	 0.000615418
-3.9564	 0.000449474
-3.95307	 0.000471547
-3.94974	 0.000490503
-3.9464	 0.000498483
-3.94307	 0.000538143
-3.93974	 0.000613993
-3.9364	 0.000562773
-3.93307	 0.000567513
-3.92974	 0.000485881
-3.9264	 0.00047864
-3.92307	 0.000530395
-3.91974	 0.000473886
-3.91641	 0.000481498
-3.91307	 0.000585575
-3.90974	 0.000536494
-3.90641	 0.00056407
-3.90307	 0.000536447
-3.89974	 0.000489466
-3.89641	 0.000554521
-3.89307	 0.000622452
-3.88974	 0.0005485
-3.88641	 0.000587717
-3.88307	 0.000572041
-3.87974	 0.000500395
-3.87641	 0.000554129
-3.87308	 0.000524056
-3.86974	 0.000562312
-3.86641	 0.000638107
-3.86308	 0.000559048
-3.85974	 0.000468197
-3.85641	 0.000732648
-3.85308	 0.000736126
-3.84974	 0.000611562
-3.84641	 0.000870151
-3.84308	 0.000706736
-3.83974	 0.00082505
-3.83641	 0.000502625
-3.83308	 0.000707492
-3.82974	 0.000639147
-3.82641	 0.000809433
-3.82308	 0.000785096
-3.81975	 0.00078639
-3.81641	 0.000700223
-3.81308	 0.000806131
-3.80975	 0.00074724
-3.80641	 0.000594826
-3.80308	 0.000809091
-3.79975	 0.000697484
-3.79641	 0.000930078
-3.79308	 0.000813899
-3.78975	 0.000788487
-3.78641	 0.000796536
-3.78308	 0.000775509
-3.77975	 0.000827906
-3.77641	 0.000873128
-3.77308	 0.000930673
-3.76975	 0.000887586
-3.76642	 0.000921984
-3.76308	 0.00102149
-3.75975	 0.000828921
-3.75642	 0.000771896
-3.75308	 0.000946311
-3.74975	 0.00103847
-3.74642	 0.00103058
-3.74308	 0.00112983
-3.73975	 0.000913069
-3.73642	 0.00091997
-3.73308	 0.000881297
-3.72975	 0.00107039
-3.72642	 0.00107459
-3.72309	 0.0011065
-3.71975	 0.0011174
-3.71642	 0.00105968
-3.71309	 0.000966871
-3.70975	 0.00124977
-3.70642	 0.00108986
-3.70309	 0.00109242
-3.69975	 0.00119874
-3.69642	 0.00116037
-3.69309	 0.00127666
-3.68975	 0.00120913
-3.68642	 0.000998617
-3.68309	 0.00112935
-3.67975	 0.00128873
-3.67642	 0.0011672
-3.67309	 0.00126746
-3.66976	 0.00119402
-3.66642	 0.00118761
-3.66309	 0.00101335
-3.65976	 0.00133
-3.65642	 0.00153253
-3.65309	 0.00132648
-3.64976	 0.00135422
-3.64642	 0.00148216
-3.64309	 0.00128426
-3.63976	 0.00177271
-3.63642	 0.00131803
-3.63309	 0.00141667
-3.62976	 0.00171593
-3.62642	 0.00173139
-3.62309	 0.00117838
-3.61976	 0.00147596
-3.61643	 0.00207152
-3.61309	 0.00163936
-3.60976	 0.00157493
-3.60643	 0.00157862
-3.60309	 0.00148697
-3.59976	 0.00156553
-3.59643	 0.0016778
-3.59309	 0.00183579
-3.58976	 0.00166268
-3.58643	 0.00201585
-3.58309	 0.00165215
-3.57976	 0.00156661
-3.57643	 0.00177624
-3.5731	 0.00162491
-3.56976	 0.00178473
-3.56643	 0.0016149
-3.5631	 0.00192786
-3.55976	 0.00143837
-3.55643	 0.00131747
-3.5531	 0.00161683
-3.54976	 0.00157852
-3.54643	 0.00161007
-3.5431	 0.00136439
-3.53976	 0.00112084
-3.53643	 0.00133884
-3.5331	 0.00159044
-3.52976	 0.00111389
-3.52643	 0.000980443
-3.5231	 0.00122191
-3.51977	 0.00116773
-3.51643	 0.00107497
-3.5131	 0.000921665
-3.50977	 0.000968167
-3.50643	 0.00119327
-3.5031	 0.0010667
-3.49977	 0.00116584
-3.49643	 0.000985489
-3.4931	 0.00117616
-3.48977	 0.00111817
-3.48643	 0.000882225
-3.4831	 0.000862626
-3.47977	 0.000952997
-3.47643	 0.00103403
-3.4731	 0.000855844
-3.46977	 0.000941501
-3.46644	 0.000796957
-3.4631	 0.000962509
-3.45977	 0.000847694
-3.45644	 0.000709226
-3.4531	 0.000968883
-3.44977	 0.000814265
-3.44644	 0.00073333
-3.4431	 0.000963751
-3.43977	 0.000735587
-3.43644	 0.000855293
-3.4331	 0.000827411
-3.42977	 0.000693411
-3.42644	 0.000701828
-3.42311	 0.000814032
-3.41977	 0.000826394
-3.41644	 0.000722339
-3.41311	 0.000694418
-3.40977	 0.000735055
-3.40644	 0.000793324
-3.40311	 0.000645779
-3.39977	 0.000754452
-3.39644	 0.000583728
-3.39311	 0.000772609
-3.38977	 0.000646572
-3.38644	 0.000583121
-3.38311	 0.000539259
-3.37977	 0.000566194
-3.37644	 0.000740664
-3.37311	 0.00065084
-3.36978	 0.000702826
-3.36644	 0.000600147
-3.36311	 0.000622574
-3.35978	 0.000655051
-3.35644	 0.000622984
-3.35311	 0.000639221
-3.34978	 0.000538972
-3.34644	 0.000702379
-3.34311	 0.000563353
-3.33978	 0.000486107
-3.33644	 0.000582422
-3.33311	 0.000507871
-3.32978	 0.000509236
-3.32644	 0.000512344
-3.32311	 0.000520806
-3.31978	 0.000644527
-3.31645	 0.000489764
-3.31311	 0.000470197
-3.30978	 0.000603241
-3.30645	 0.00051314
-3.30311	 0.000572069
-3.29978	 0.000570988
-3.29645	 0.000527947
-3.29311	 0.000552713
-3.28978	 0.000445178
-3.28645	 0.000480966
-3.28311	 0.000571168
-3.27978	 0.000492201
-3.27645	 0.000532024
-3.27312	 0.00037837
-3.26978	 0.000519717
-3.26645	 0.000493462
-3.26312	 0.000483569
-3.25978	 0.000453003
-3.25645	 0.000625177
-3.25312	 0.000511925
-3.24978	 0.000550156
-3.24645	 0.000532828
-3.24312	 0.000485388
-3.23978	 0.0004315
-3.23645	 0.000503816
-3.23312	 0.000496885
-3.22978	 0.000525506
-3.22645	 0.0005115
-3.22312	 0.000494527
-3.21979	 0.000444011
-3.21645	 0.000467817
-3.21312	 0.000424482
-3.20979	 0.000332232
-3.20645	 0.000523329
-3.20312	 0.000335922
-3.19979	 0.000432363
-3.19645	 0.000512806
-3.19312	 0.000470053
-3.18979	 0.00039315
-3.18645	 0.000391387
-3.18312	 0.00036255
-3.17979	 0.000433466
-3.17645	 0.000402358
-3.17312	 0.000403484
-3.16979	 0.000566554
-3.16646	 0.000417375
-3.16312	 0.000435287
-3.15979	 0.000426128
-3.15646	 0.000406079
-3.15312	 0.000387002
-3.14979	 0.000427446
-3.14646	 0.000407401
-3.14312	 0.000482484
-3.13979	 0.000500817
-3.13646	 0.000321961
-3.13312	 0.000461502
-3.12979	 0.000418739
-3.12646	 0.000457826
-3.12313	 0.000443247
-3.11979	 0.000441808
-3.11646	 0.000410078
-3.11313	 0.000389027
-3.10979	 0.000401856
-3.10646	 0.000341423
-3.10313	 0.000417297
-3.09979	 0.000360904
-3.09646	 0.000461407
-3.09313	 0.00032102
-3.08979	 0.000374607
-3.08646	 0.000409442
-3.08313	 0.000363446
-3.07979	 0.000443638
-3.07646	 0.000423652
-3.07313	 0.000394779
-3.0698	 0.000411099
-3.06646	 0.000359697
-3.06313	 0.000368236
-3.0598	 0.000437933
-3.05646	 0.000451908
-3.05313	 0.000418684
-3.0498	 0.000467967
-3.04646	 0.000488573
-3.04313	 0.000400739
-3.0398	 0.000395343
-3.03646	 0.000452038
-3.03313	 0.000458433
-3.0298	 0.000470929
-3.02646	 0.000430063
-3.02313	 0.000414625
-3.0198	 0.000393498
-3.01647	 0.000480316
-3.01313	 0.000441804
-3.0098	 0.000409953
-3.00647	 0.000388602
-3.00313	 0.000438972
-2.9998	 0.000426109
-2.99647	 0.000416928
-2.99313	 0.000374093
-2.9898	 0.000407047
-2.98647	 0.00045529
-2.98313	 0.0003988
-2.9798	 0.000400902
-2.97647	 0.000375795
-2.97314	 0.000375833
-2.9698	 0.000351502
-2.96647	 0.000418811
-2.96314	 0.000364397
-2.9598	 0.000448277
-2.95647	 0.00041412
-2.95314	 0.000443252
-2.9498	 0.000365658
-2.94647	 0.000304826
-2.94314	 0.000437523
-2.9398	 0.000460156
-2.93647	 0.000420592
-2.93314	 0.000457059
-2.9298	 0.000413251
-2.92647	 0.000442752
-2.92314	 0.000404665
-2.91981	 0.000483559
-2.91647	 0.000378868
-2.91314	 0.000384116
-2.90981	 0.000520104
-2.90647	 0.000359261
-2.90314	 0.000340186
-2.89981	 0.000384834
-2.89647	 0.000431399
-2.89314	 0.00039683
-2.88981	 0.000416168
-2.88647	 0.000398166
-2.88314	 0.000381461
-2.87981	 0.000396298
-2.87647	 0.000397595
-2.87314	 0.000440154
-2.86981	 0.00036902
-2.86648	 0.000510136
-2.86314	 0.000481091
-2.85981	 0.000391099
-2.85648	 0.000428016
-2.85314	 0.000488506
-2.84981	 0.00037588
-2.84648	 0.000488608
-2.84314	 0.000541143
-2.83981	 0.000518404
-2.83648	 0.000486381
-2.83314	 0.000514823
-2.82981	 0.000439283
-2.82648	 0.000407662
-2.82315	 0.000420451
-2.81981	 0.000444698
-2.81648	 0.000435239
-2.81315	 0.000505731
-2.80981	 0.000456154
-2.80648	 0.00050529
-2.80315	 0.00056771
-2.79981	 0.000536953
-2.79648	 0.000437355
-2.79315	 0.000504602
-2.78981	 0.000457828
-2.78648	 0.000562015
-2.78315	 0.000500124
-2.77981	 0.000529437
-2.77648	 0.00053405
-2.77315	 0.000514806
-2.76982	 0.000512635
-2.76648	 0.000457329
-2.76315	 0.000627975
-2.75982	 0.00044388
-2.75648	 0.000572161
-2.75315	 0.00048814
-2.74982	 0.000567768
-2.74648	 0.000402564
-2.74315	 0.000602001
-2.73982	 0.000529974
-2.73648	 0.00050488
-2.73315	 0.000495572
-2.72982	 0.000510984
-2.72648	 0.000564159
-2.72315	 0.000471105
-2.71982	 0.000518938
-2.71649	 0.000584719
-2.71315	 0.00056818
-2.70982	 0.000571815
-2.70649	 0.000532669
-2.70315	 0.000561105
-2.69982	 0.000653885
-2.69649	 0.00056442
-2.69315	 0.000444337
-2.68982	 0.000609833
-2.68649	 0.000571488
-2.68315	 0.000614927
-2.67982	 0.000570357
-2.67649	 0.000464094
-2.67316	 0.000598016
-2.66982	 0.000580269
-2.66649	 0.000651098
-2.66316	 0.000585412
-2.65982	 0.000703868
-2.65649	 0.00064397
-2.65316	 0.000612111
-2.64982	 0.000660579
-2.64649	 0.000749566
-2.64316	 0.000620527
-2.63982	 0.000733231
-2.63649	 0.000698348
-2.63316	 0.000721858
-2.62982	 0.000718787
-2.62649	 0.000680634
-2.62316	 0.000714489
-2.61983	 0.000627391
-2.61649	 0.000997387
-2.61316	 0.000660905
-2.60983	 0.000651457
-2.60649	 0.000707748
-2.60316	 0.000785863
-2.59983	 0.000777945
-2.59649	 0.0010228
-2.59316	 0.000871189
-2.58983	 0.00100849
-2.58649	 0.000836372
-2.58316	 0.000816238
-2.57983	 0.000967571
-2.57649	 0.000786234
-2.57316	 0.000854113
-2.56983	 0.000789937
-2.5665	 0.00112951
-2.56316	 0.000792912
-2.55983	 0.000892246
-2.5565	 0.000903725
-2.55316	 0.00105416
-2.54983	 0.00112527
-2.5465	 0.000816358
-2.54316	 0.000978228
-2.53983	 0.00101237
-2.5365	 0.00101686
-2.53316	 0.000951522
-2.52983	 0.000856826
-2.5265	 0.0011221
-2.52317	 0.00124311
-2.51983	 0.00095606
-2.5165	 0.00126104
-2.51317	 0.0012084
-2.50983	 0.00101664
-2.5065	 0.00123891
-2.50317	 0.00115236
-2.49983	 0.0014106
-2.4965	 0.00125289
-2.49317	 0.00127157
-2.48983	 0.00134936
-2.4865	 0.00120868
-2.48317	 0.00149943
-2.47983	 0.00131067
-2.4765	 0.0013257
-2.47317	 0.00115362
-2.46984	 0.00148512
-2.4665	 0.00154577
-2.46317	 0.00139124
-2.45984	 0.00181434
-2.4565	 0.00142523
-2.45317	 0.00202835
-2.44984	 0.00150595
-2.4465	 0.00180331
-2.44317	 0.00199247
-2.43984	 0.00173495
-2.4365	 0.0019891
-2.43317	 0.00190268
-2.42984	 0.00170121
-2.4265	 0.00187221
-2.42317	 0.00170812
-2.41984	 0.00195466
-2.41651	 0.0020338
-2.41317	 0.00217342
-2.40984	 0.00225911
-2.40651	 0.00253757
-2.40317	 0.00298345
-2.39984	 0.00306801
-2.39651	 0.00289321
-2.39317	 0.00285454
-2.38984	 0.00287362
-2.38651	 0.00278834
-2.38317	 0.00231592
-2.37984	 0.00318304
-2.37651	 0.00281539
-2.37318	 0.0029835
-2.36984	 0.00350734
-2.36651	 0.00279838
-2.36318	 0.00294895
-2.35984	 0.00336604
-2.35651	 0.00295828
-2.35318	 0.00243018
-2.34984	 0.00287878
-2.34651	 0.00254138
-2.34318	 0.00186054
-2.33984	 0.00286504
-2.33651	 0.00236666
-2.33318	 0.001956
-2.32984	 0.0018955
-2.32651	 0.00165201
-2.32318	 0.0016902
-2.31985	 0.001461
-2.31651	 0.00160725
-2.31318	 0.00193307
-2.30985	 0.00167789
-2.30651	 0.00128428
-2.30318	 0.00154882
-2.29985	 0.00159255
-2.29651	 0.00150114
-2.29318	 0.00132325
-2.28985	 0.00155045
-2.28651	 0.00121385
-2.28318	 0.00115029
-2.27985	 0.0010886
-2.27651	 0.0011537
-2.27318	 0.00144103
-2.26985	 0.00107991
-2.26652	 0.00135693
-2.26318	 0.0011378
-2.25985	 0.00084948
-2.25652	 0.00120964
-2.25318	 0.00127712
-2.24985	 0.0011925
-2.24652	 0.000879732
-2.24318	 0.000844707
-2.23985	 0.00097661
-2.23652	 0.000807153
-2.23318	 0.000983347
-2.22985	 0.000909462
-2.22652	 0.000868543
-2.22319	 0.000940866
-2.21985	 0.000743359
-2.21652	 0.000879234
-2.21319	 0.000593778
-2.20985	 0.000794592
-2.20652	 0.000860695
-2.20319	 0.000872175
-2.19985	 0.000662763
-2.19652	 0.000832634
-2.19319	 0.000707014
-2.18985	 0.000714575
-2.18652	 0.000577732
-2.18319	 0.000708429
-2.17985	 0.000704189
-2.17652	 0.00085857
-2.17319	 0.000699856
-2.16986	 0.000674948
-2.16652	 0.00075752
-2.16319	 0.000665279
-2.15986	 0.000622659
-2.15652	 0.000764836
-2.15319	 0.000698817
-2.14986	 0.000696022
-2.14652	 0.000637019
-2.14319	 0.000618357
-2.13986	 0.000633999
-2.13652	 0.000592831
-2.13319	 0.000656535
-2.12986	 0.000650657
-2.12652	 0.000546935
-2.12319	 0.00055579
-2.11986	 0.000594537
-2.11653	 0.000539505
-2.11319	 0.000603182
-2.10986	 0.000534817
-2.10653	 0.000628279
-2.10319	 0.000544701
-2.09986	 0.000610239
-2.09653	 0.000543731
-2.09319	 0.000511357
-2.08986	 0.000487224
-2.08653	 0.000567551
-2.08319	 0.000483003
-2.07986	 0.000561218
-2.07653	 0.000488748
-2.0732	 0.000498998
-2.06986	 0.000561364
-2.06653	 0.000506806
-2.0632	 0.000488069
-2.05986	 0.000442305
-2.05653	 0.000511958
-2.0532	 0.0005015
-2.04986	 0.000447926
-2.04653	 0.000531612
-2.0432	 0.000526249
-2.03986	 0.000462119
-2.03653	 0.000477837
-2.0332	 0.000542127
-2.02986	 0.00047391
-2.02653	 0.000479376
-2.0232	 0.000521441
-2.01987	 0.00050659
-2.01653	 0.000459206
-2.0132	 0.000522828
-2.00987	 0.000427297
-2.00653	 0.000508447
-2.0032	 0.00056257
-1.99987	 0.00044305
-1.99653	 0.000414417
-1.9932	 0.000419214
-1.98987	 0.00040146
-1.98653	 0.000425488
-1.9832	 0.000437003
-1.97987	 0.000431918
-1.97653	 0.000417778
-1.9732	 0.00056709
-1.96987	 0.000456741
-1.96654	 0.000523889
-1.9632	 0.000444703
-1.95987	 0.000351303
-1.95654	 0.000454818
-1.9532	 0.000462581
-1.94987	 0.000396347
-1.94654	 0.000467212
-1.9432	 0.000482181
-1.93987	 0.000303639
-1.93654	 0.000385418
-1.9332	 0.000437144
-1.92987	 0.000503785
-1.92654	 0.000469855
-1.92321	 0.000541365
-1.91987	 0.000587163
-1.91654	 0.000399564
-1.91321	 0.000458977
-1.90987	 0.000409108
-1.90654	 0.000467754
-1.90321	 0.000457529
-1.89987	 0.000375536
-1.89654	 0.000403796
-1.89321	 0.000520783
-1.88987	 0.000373519
-1.88654	 0.000395333
-1.88321	 0.000452468
-1.87987	 0.00043127
-1.87654	 0.000433966
-1.87321	 0.000406762
-1.86988	 0.000476054
-1.86654	 0.000534235
-1.86321	 0.000456198
-1.85988	 0.000507374
-1.85654	 0.000394934
-1.85321	 0.000332227
-1.84988	 0.000384038
-1.84654	 0.000457733
-1.84321	 0.000465434
-1.83988	 0.000311613
-1.83654	 0.000391465
-1.83321	 0.000435022
-1.82988	 0.000398959
-1.82654	 0.000490164
-1.82321	 0.000438035
-1.81988	 0.000327329
-1.81655	 0.000384641
-1.81321	 0.000462969
-1.80988	 0.000421938
-1.80655	 0.000434065
-1.80321	 0.000474597
-1.79988	 0.000385531
-1.79655	 0.000468622
-1.79321	 0.000386158
-1.78988	 0.000424068
-1.78655	 0.000394955
-1.78321	 0.000438678
-1.77988	 0.000476731
-1.77655	 0.000500286
-1.77322	 0.000425106
-1.76988	 0.000360454
-1.76655	 0.000433968
-1.76322	 0.000403867
-1.75988	 0.000389064
-1.75655	 0.000369296
-1.75322	 0.000369924
-1.74988	 0.000387111
-1.74655	 0.000454319
-1.74322	 0.00042482
-1.73988	 0.000492561
-1.73655	 0.000488753
-1.73322	 0.000445121
-1.72988	 0.000429662
-1.72655	 0.000449713
-1.72322	 0.000396524
-1.71989	 0.000457884
-1.71655	 0.000405992
-1.71322	 0.00045571
-1.70989	 0.000444332
-1.70655	 0.000396927
-1.70322	 0.000398467
-1.69989	 0.000473846
-1.69655	 0.000408028
-1.69322	 0.000435908
-1.68989	 0.000479198
-1.68655	 0.000494926
-1.68322	 0.000482951
-1.67989	 0.000491976
-1.67655	 0.000508344
-1.67322	 0.00044704
-1.66989	 0.000494695
-1.66656	 0.000463109
-1.66322	 0.000428526
-1.65989	 0.000438686
-1.65656	 0.000442923
-1.65322	 0.000394911
-1.64989	 0.000421103
-1.64656	 0.000347239
-1.64322	 0.00046648
-1.63989	 0.00041827
-1.63656	 0.000421683
-1.63322	 0.000428805
-1.62989	 0.000525081
-1.62656	 0.000458396
-1.62323	 0.000562494
-1.61989	 0.000431027
-1.61656	 0.000598897
-1.61323	 0.000495174
-1.60989	 0.000533071
-1.60656	 0.000525986
-1.60323	 0.000516553
-1.59989	 0.000440592
-1.59656	 0.000527407
-1.59323	 0.000563789
-1.58989	 0.000432631
-1.58656	 0.000498848
-1.58323	 0.000507665
-1.57989	 0.000498361
-1.57656	 0.000564333
-1.57323	 0.000462441
-1.5699	 0.000427778
-1.56656	 0.000558851
-1.56323	 0.000514157
-1.5599	 0.000567141
-1.55656	 0.000544503
-1.55323	 0.000546905
-1.5499	 0.000504664
-1.54656	 0.00041056
-1.54323	 0.00048077
-1.5399	 0.000565426
-1.53656	 0.000505282
-1.53323	 0.000565939
-1.5299	 0.00059243
-1.52656	 0.000661529
-1.52323	 0.000590739
-1.5199	 0.000496377
-1.51657	 0.000621851
-1.51323	 0.000548309
-1.5099	 0.000476123
-1.50657	 0.000696703
-1.50323	 0.000615758
-1.4999	 0.000565771
-1.49657	 0.000557719
-1.49323	 0.000545377
-1.4899	 0.000626766
-1.48657	 0.000573207
-1.48323	 0.000741152
-1.4799	 0.0006927
-1.47657	 0.000555948
-1.47324	 0.000542215
-1.4699	 0.00053684
-1.46657	 0.000592296
-1.46324	 0.000483314
-1.4599	 0.000607858
-1.45657	 0.000484442
-1.45324	 0.000635713
-1.4499	 0.000498592
-1.44657	 0.000673813
-1.44324	 0.000766498
-1.4399	 0.000709982
-1.43657	 0.000653899
-1.43324	 0.00064967
-1.4299	 0.000698022
-1.42657	 0.000662692
-1.42324	 0.000702806
-1.41991	 0.000806648
-1.41657	 0.000661659
-1.41324	 0.000723362
-1.40991	 0.000615416
-1.40657	 0.000677089
-1.40324	 0.000599683
-1.39991	 0.000825828
-1.39657	 0.000935467
-1.39324	 0.000864512
-1.38991	 0.000744563
-1.38657	 0.000814471
-1.38324	 0.000927
-1.37991	 0.000780553
-1.37657	 0.000778738
-1.37324	 0.000868741
-1.36991	 0.000559547
-1.36658	 0.000870651
-1.36324	 0.00099137
-1.35991	 0.000903893
-1.35658	 0.000829738
-1.35324	 0.0010707
-1.34991	 0.000869961
-1.34658	 0.000970661
-1.34324	 0.0010053
-1.33991	 0.00103183
-1.33658	 0.00120727
-1.33324	 0.000971483
-1.32991	 0.000882016
-1.32658	 0.00105958
-1.32325	 0.00119325
-1.31991	 0.00113377
-1.31658	 0.00121605
-1.31325	 0.00112884
-1.30991	 0.00130896
-1.30658	 0.00127145
-1.30325	 0.00150236
-1.29991	 0.00163805
-1.29658	 0.00153227
-1.29325	 0.00137415
-1.28991	 0.00120977
-1.28658	 0.00176852
-1.28325	 0.00177737
-1.27991	 0.00162937
-1.27658	 0.0017083
-1.27325	 0.0017146
-1.26992	 0.00165223
-1.26658	 0.00155407
-1.26325	 0.00180701
-1.25992	 0.00207155
-1.25658	 0.00184981
-1.25325	 0.00219078
-1.24992	 0.00179822
-1.24658	 0.00224428
-1.24325	 0.00255334
-1.23992	 0.0027164
-1.23658	 0.00203284
-1.23325	 0.00297575
-1.22992	 0.00291206
-1.22658	 0.00308048
-1.22325	 0.00304677
-1.21992	 0.00383237
-1.21659	 0.00363352
-1.21325	 0.00331786
-1.20992	 0.00492837
-1.20659	 0.00549127
-1.20325	 0.00555204
-1.19992	 0.0068431
-1.19659	 0.00882833
-1.19325	 0.00830701
-1.18992	 0.0107504
-1.18659	 0.0103503
-1.18325	 0.0109783
-1.17992	 0.0108986
-1.17659	 0.00755426
-1.17326	 0.00831791
-1.16992	 0.0061036
-1.16659	 0.00624781
-1.16326	 0.00458312
-1.15992	 0.00477058
-1.15659	 0.004176
-1.15326	 0.00390229
-1.14992	 0.00291085
-1.14659	 0.00328147
-1.14326	 0.00313171
-1.13992	 0.00278536
-1.13659	 0.00271965
-1.13326	 0.00244429
-1.12992	 0.00285693
-1.12659	 0.00279809
-1.12326	 0.00241281
-1.11993	 0.00170179
-1.11659	 0.00188969
-1.11326	 0.00181023
-1.10993	 0.00188322
-1.10659	 0.00178025
-1.10326	 0.00165468
-1.09993	 0.0013418
-1.09659	 0.0014463
-1.09326	 0.00129328
-1.08993	 0.00164866
-1.08659	 0.0012319
-1.08326	 0.00124482
-1.07993	 0.00138183
-1.07659	 0.00112984
-1.07326	 0.00129323
-1.06993	 0.00120162
-1.0666	 0.00134906
-1.06326	 0.00120786
-1.05993	 0.00131244
-1.0566	 0.00120124
-1.05326	 0.000847393
-1.04993	 0.000986314
-1.0466	 0.000911441
-1.04326	 0.000996777
-1.03993	 0.00103754
-1.0366	 0.000961
-1.03326	 0.000763651
-1.02993	 0.000841757
-1.0266	 0.000874242
-1.02327	 0.000963717
-1.01993	 0.000815016
-1.0166	 0.000910763
-1.01327	 0.000951172
-1.00993	 0.000860173
-1.0066	 0.000807763
-1.00327	 0.000748804
-0.999933	 0.000836464
-0.9966	 0.000943135
-0.993267	 0.000903408
-0.989934	 0.000841234
-0.986601	 0.00084246
-0.983268	 0.000799027
-0.979935	 0.000771536
-0.976602	 0.000702133
-0.973268	 0.00085801
-0.969935	 0.000583188
-0.966602	 0.000665229
-0.963269	 0.000679777
-0.959936	 0.000671508
-0.956603	 0.000664937
-0.95327	 0.000777773
-0.949937	 0.000737864
-0.946604	 0.00084907
-0.94327	 0.000610944
-0.939937	 0.000638307
-0.936604	 0.000540005
-0.933271	 0.000720124
-0.929938	 0.000666134
-0.926605	 0.000632288
-0.923272	 0.000681167
-0.919939	 0.000683956
-0.916606	 0.000491349
-0.913272	 0.000552958
-0.909939	 0.000596461
-0.906606	 0.000717892
-0.903273	 0.000662428
-0.89994	 0.000613866
-0.896607	 0.000557342
-0.893274	 0.000619969
-0.889941	 0.000691234
-0.886608	 0.000497464
-0.883274	 0.00062123
-0.879941	 0.000571253
-0.876608	 0.000561155
-0.873275	 0.000645936
-0.869942	 0.000485126
-0.866609	 0.000578787
-0.863276	 0.000634076
-0.859943	 0.000563104
-0.85661	 0.000627987
-0.853276	 0.000514593
-0.849943	 0.000617181
-0.84661	 0.000561498
-0.843277	 0.00056732
-0.839944	 0.000568262
-0.836611	 0.000529865
-0.833278	 0.000556204
-0.829945	 0.000451551
-0.826612	 0.000579554
-0.823278	 0.000539251
-0.819945	 0.000676634
-0.816612	 0.000485975
-0.813279	 0.000464941
-0.809946	 0.000507592
-0.806613	 0.000479914
-0.80328	 0.000494231
-0.799947	 0.000422375
-0.796614	 0.000425426
-0.79328	 0.000501986
-0.789947	 0.00055926
-0.786614	 0.000563591
-0.783281	 0.000544103
-0.779948	 0.000444546
-0.776615	 0.000505306
-0.773282	 0.000519028
-0.769949	 0.000393683
-0.766616	 0.000446897
-0.763282	 0.000529211
-0.759949	 0.000535295
-0.756616	 0.000474036
-0.753283	 0.000531033
-0.74995	 0.00039644
-0.746617	 0.000447811
-0.743284	 0.000486065
-0.739951	 0.000487426
-0.736618	 0.000505141
-0.733284	 0.00047831
-0.729951	 0.000452796
-0.726618	 0.000479524
-0.723285	 0.000526257
-0.719952	 0.000489637
-0.716619	 0.000518791
-0.713286	 0.000563998
-0.709953	 0.000433677
-0.70662	 0.000472894
-0.703286	 0.000486096
-0.699953	 0.00051545
-0.69662	 0.000591394
-0.693287	 0.000448008
-0.689954	 0.000532621
-0.686621	 0.000510964
-0.683288	 0.000512594
-0.679955	 0.000526749
-0.676622	 0.000478653
-0.673288	 0.000465878
-0.669955	 0.000418418
-0.666622	 0.00048624
-0.663289	 0.000515629
-0.659956	 0.000437697
-0.656623	 0.000411629
-0.65329	 0.000500297
-0.649957	 0.000469334
-0.646624	 0.000488314
-0.64329	 0.000509799
-0.639957	 0.000430968
-0.636624	 0.000473319
-0.633291	 0.00038548
-0.629958	 0.000423416
-0.626625	 0.000481693
-0.623292	 0.000611252
-0.619959	 0.00044842
-0.616626	 0.000542664
-0.613292	 0.000375515
-0.609959	 0.000511432
-0.606626	 0.000514005
-0.603293	 0.000521606
-0.59996	 0.000519051
-0.596627	 0.000478618
-0.593294	 0.000390155
-0.589961	 0.000517964
-0.586628	 0.000485806
-0.583294	 0.000525759
-0.579961	 0.000507089
-0.576628	 0.00050944
-0.573295	 0.000526378
-0.569962	 0.000514985
-0.566629	 0.000577613
-0.563296	 0.000488791
-0.559963	 0.000480387
-0.55663	 0.000493599
-0.553296	 0.000568265
-0.549963	 0.000470929
-0.54663	 0.000495149
-0.543297	 0.000458206
-0.539964	 0.000618007
-0.536631	 0.000645923
-0.533298	 0.000544637
-0.529965	 0.000521011
-0.526632	 0.00047982
-0.523298	 0.00051185
-0.519965	 0.000524611
-0.516632	 0.000568239
-0.513299	 0.000532029
-0.509966	 0.000578709
-0.506633	 0.000408599
-0.5033	 0.000515511
-0.499967	 0.000511877
-0.496634	 0.000521776
-0.4933	 0.000451202
-0.489967	 0.000545179
-0.486634	 0.000574575
-0.483301	 0.000502668
-0.479968	 0.000482754
-0.476635	 0.000444049
-0.473302	 0.000610074
-0.469969	 0.000593149
-0.466636	 0.000522322
-0.463302	 0.000715545
-0.459969	 0.000487815
-0.456636	 0.000472391
-0.453303	 0.000568711
-0.44997	 0.000569783
-0.446637	 0.000470947
-0.443304	 0.000542873
-0.439971	 0.000511848
-0.436638	 0.000483871
-0.433304	 0.00047781
-0.429971	 0.00055421
-0.426638	 0.000548548
-0.423305	 0.000506953
-0.419972	 0.000584374
-0.416639	 0.000638376
-0.413306	 0.000542537
-0.409973	 0.000711922
-0.40664	 0.000570665
-0.403306	 0.000647388
-0.399973	 0.000559504
-0.39664	 0.000509733
-0.393307	 0.00048639
-0.389974	 0.000607638
-0.386641	 0.000514847
-0.383308	 0.000483434
-0.379975	 0.000545272
-0.376642	 0.000480461
-0.373308	 0.000599756
-0.369975	 0.000641217
-0.366642	 0.000660202
-0.363309	 0.000601197
-0.359976	 0.000770358
-0.356643	 0.000521984
-0.35331	 0.0006605
-0.349977	 0.000725024
-0.346644	 0.00067472
-0.34331	 0.000640167
-0.339977	 0.000619595
-0.336644	 0.00062163
-0.333311	 0.000604178
-0.329978	 0.000677992
-0.326645	 0.000619081
-0.323312	 0.000682447
-0.319979	 0.000695127
-0.316646	 0.0006824
-0.313312	 0.000619504
-0.309979	 0.000615485
-0.306646	 0.000707908
-0.303313	 0.000699351
-0.29998	 0.000768756
-0.296647	 0.000767503
-0.293314	 0.000658406
-0.289981	 0.000798058
-0.286648	 0.000763513
-0.283314	 0.000682807
-0.279981	 0.000864502
-0.276648	 0.000728563
-0.273315	 0.000920888
-0.269982	 0.000791483
-0.266649	 0.000739736
-0.263316	 0.000881307
-0.259983	 0.000647449
-0.25665	 0.00105586
-0.253316	 0.000904727
-0.249983	 0.000778274
-0.24665	 0.000735793
-0.243317	 0.000779714
-0.239984	 0.000815961
-0.236651	 0.000897971
-0.233318	 0.000878837
-0.229985	 0.00101832
-0.226652	 0.000777723
-0.223318	 0.000866124
-0.219985	 0.00101182
-0.216652	 0.000897823
-0.213319	 0.000795415
-0.209986	 0.00102619
-0.206653	 0.000885138
-0.20332	 0.00103466
-0.199987	 0.000876799
-0.196654	 0.00128328
-0.19332	 0.000955884
-0.189987	 0.000889442
-0.186654	 0.000943511
-0.183321	 0.00110299
-0.179988	 0.00126719
-0.176655	 0.000972406
-0.173322	 0.00124403
-0.169989	 0.00112646
-0.166656	 0.00121121
-0.163322	 0.00126218
-0.159989	 0.00114201
-0.156656	 0.00119016
-0.153323	 0.00130264
-0.14999	 0.00161038
-0.146657	 0.00140843
-0.143324	 0.00121727
-0.139991	 0.00141874
-0.136658	 0.0013793
-0.133324	 0.00153416
-0.129991	 0.00122491
-0.126658	 0.00120308
-0.123325	 0.00142778
-0.119992	 0.00173397
-0.116659	 0.0014846
-0.113326	 0.00153536
-0.109993	 0.00185076
-0.10666	 0.00145217
-0.103326	 0.00218792
-0.0999933	 0.00175666
-0.0966602	 0.00185678
-0.0933271	 0.00230494
-0.089994	 0.00210728
-0.0866609	 0.00219167
-0.0833278	 0.00187793
-0.0799947	 0.00238738
-0.0766616	 0.00221985
-0.0733284	 0.00275886
-0.0699953	 0.00284601
-0.0666622	 0.0028205
-0.0633291	 0.00270393
-0.059996	 0.00296032
-0.0566629	 0.00350821
-0.0533298	 0.00368865
-0.0499967	 0.00378985
-0.0466636	 0.00398143
-0.0433304	 0.00467558
-0.0399973	 0.00400899
-0.0366642	 0.00514166
-0.0333311	 0.00559507
-0.029998	 0.00676048
-0.0266649	 0.00747442
-0.0233318	 0.00995999
-0.0199987	 0.0117778
-0.0166656	 0.0120547
-0.0133324	 0.015235
-0.00999933	 0.0229439
-0.00666622	 0.0419042
-0.00333311	 0.00301785
0	 1
0.00333311	 0.0427818
0.00666622	 0.0261355
0.00999933	 0.014839
0.0133324	 0.0137211
0.0166656	 0.0110699
0.0199987	 0.0104402
0.0233318	 0.008119
0.0266649	 0.0066154
0.029998	 0.0059466
0.0333311	 0.00497221
0.0366642	 0.00384324
0.0399973	 0.0045516
0.0433304	 0.00441903
0.0466636	 0.0037054
0.0499967	 0.00381958
0.0533298	 0.00344943
0.0566629	 0.00287978
0.059996	 0.00255312
0.0633291	 0.00306503
0.0666622	 0.00290559
0.0699953	 0.00264883
0.0733284	 0.0019651
0.0766616	 0.00267635
0.0799947	 0.00222132
0.0833278	 0.00209851
0.0866609	 0.00208842
0.089994	 0.00197185
0.0933271	 0.00202069
0.0966602	 0.00165243
0.0999933	 0.00218723
0.103326	 0.00172555
0.10666	 0.00178512
0.109993	 0.00158471
0.113326	 0.00132476
0.116659	 0.00161675
0.119992	 0.00163264
0.123325	 0.00133135
0.126658	 0.00128678
0.129991	 0.00164798
0.133324	 0.0012672
0.136658	 0.00130624
0.139991	 0.00141202
0.143324	 0.00145972
0.146657	 0.00150492
0.14999	 0.00133335
0.153323	 0.00105317
0.156656	 0.00130844
0.159989	 0.00120478
0.163322	 0.00123158
0.166656	 0.00119352
0.169989	 0.00122375
0.173322	 0.00113601
0.176655	 0.00113058
0.179988	 0.000945568
0.183321	 0.000973906
0.186654	 0.000965207
0.189987	 0.00102071
0.19332	 0.00104798
0.196654	 0.00098543
0.199987	 0.000922903
0.20332	 0.000899399
0.206653	 0.000942634
0.209986	 0.000856522
0.213319	 0.00105804
0.216652	 0.000921879
0.219985	 0.000840029
0.223318	 0.000857098
0.226652	 0.000765492
0.229985	 0.00102581
0.233318	 0.000845032
0.236651	 0.000916831
0.239984	 0.000882229
0.243317	 0.000882464
0.24665	 0.00070556
0.249983	 0.000882151
0.253316	 0.000836642
0.25665	 0.00087475
0.259983	 0.000723027
0.263316	 0.000807959
0.266649	 0.000734859
0.269982	 0.000863512
0.273315	 0.000667149
0.276648	 0.000786535
0.279981	 0.00084611
0.283314	 0.000574677
0.286648	 0.000828789
0.289981	 0.000589606
0.293314	 0.000736654
0.296647	 0.000771597
0.29998	 0.000680787
0.303313	 0.000671228
0.306646	 0.000709458
0.309979	 0.000541429
0.313312	 0.000682192
0.316646	 0.000589446
0.319979	 0.000578866
0.323312	 0.000841285
0.326645	 0.00076373
0.329978	 0.000528133
0.333311	 0.000573456
0.336644	 0.000609726
0.339977	 0.000731102
0.34331	 0.000651021
0.346644	 0.000576689
0.349977	 0.000640934
0.35331	 0.000507882
0.356643	 0.000617942
0.359976	 0.000556273
0.363309	 0.000570896
0.366642	 0.000629074
0.369975	 0.000603262
0.373308	 0.00055423
0.376642	 0.000635921
0.379975	 0.000603135
0.383308	 0.000578691
0.386641	 0.000540606
0.389974	 0.000480797
0.393307	 0.000565845
0.39664	 0.000467685
0.399973	 0.000556281
0.403306	 0.000583093
0.40664	 0.000680685
0.409973	 0.000491543
0.413306	 0.000641067
0.416639	 0.000599994
0.419972	 0.000523748
0.423305	 0.000605539
0.426638	 0.000666317
0.429971	 0.000532154
0.433304	 0.000477388
0.436638	 0.000633903
0.439971	 0.000504489
0.443304	 0.000392962
0.446637	 0.000581714
0.44997	 0.000676114
0.453303	 0.000468558
0.456636	 0.000486459
0.459969	 0.000523244
0.463302	 0.000550835
0.466636	 0.000449119
0.469969	 0.000617179
0.473302	 0.000428299
0.476635	 0.000558947
0.479968	 0.000481975
0.483301	 0.000565184
0.486634	 0.000461858
0.489967	 0.00047886
0.4933	 0.000508401
0.496634	 0.000628151
0.499967	 0.000512869
0.5033	 0.000547987
0.506633	 0.000577321
0.509966	 0.000508177
0.513299	 0.000592919
0.516632	 0.000420169
0.519965	 0.000451581
0.523298	 0.000445787
0.526632	 0.000529781
0.529965	 0.000459805
0.533298	 0.00055834
0.536631	 0.000515443
0.539964	 0.000387792
0.543297	 0.000447537
0.54663	 0.000518889
0.549963	 0.000535638
0.553296	 0.000541555
0.55663	 0.000593843
0.559963	 0.000443491
0.563296	 0.000490187
0.566629	 0.000541688
0.569962	 0.00053154
0.573295	 0.000488752
0.576628	 0.000476529
0.579961	 0.000403999
0.583294	 0.000441735
0.586628	 0.00047656
0.589961	 0.000517827
0.593294	 0.000431029
0.596627	 0.000483309
0.59996	 0.000592395
0.603293	 0.000437369
0.606626	 0.000466026
0.609959	 0.000486885
0.613292	 0.000435254
0.616626	 0.000531097
0.619959	 0.000456986
0.623292	 0.000439107
0.626625	 0.000367228
0.629958	 0.000439472
0.633291	 0.000499248
0.636624	 0.000489097
0.639957	 0.000483763
0.64329	 0.000532153
0.646624	 0.000423594
0.649957	 0.000502124
0.65329	 0.000523908
0.656623	 0.000429882
0.659956	 0.000569798
0.663289	 0.000467217
0.666622	 0.000451431
0.669955	 0.00048439
0.673288	 0.000494487
0.676622	 0.000533482
0.679955	 0.000450133
0.683288	 0.000520117
0.686621	 0.00044915
0.689954	 0.000462806
0.693287	 0.000446848
0.69662	 0.000540411
0.699953	 0.000440084
0.703286	 0.000505931
0.70662	 0.000486469
0.709953	 0.000491332
0.713286	 0.000530211
0.716619	 0.000492544
0.719952	 0.000544454
0.723285	 0.000438708
0.726618	 0.000485063
0.729951	 0.000456567
0.733284	 0.000451451
0.736618	 0.000471568
0.739951	 0.000440223
0.743284	 0.000499515
0.746617	 0.000531276
0.74995	 0.000427653
0.753283	 0.000516522
0.756616	 0.000548715
0.759949	 0.000472032
0.763282	 0.000461048
0.766616	 0.000524786
0.769949	 0.000474242
0.773282	 0.000574328
0.776615	 0.000443552
0.779948	 0.000437788
0.783281	 0.000430366
0.786614	 0.000555713
0.789947	 0.000513047
0.79328	 0.000513964
0.796614	 0.00042343
0.799947	 0.000420353
0.80328	 0.000585598
0.806613	 0.000500062
0.809946	 0.000598433
0.813279	 0.000531921
0.816612	 0.000599608
0.819945	 0.000684465
0.823278	 0.000413474
0.826612	 0.000506862
0.829945	 0.000555425
0.833278	 0.000570323
0.836611	 0.000577593
0.839944	 0.000566161
0.843277	 0.000495595
0.84661	 0.000599948
0.849943	 0.000517674
0.853276	 0.000503686
0.85661	 0.000494861
0.859943	 0.000610337
0.863276	 0.000505896
0.866609	 0.000507978
0.869942	 0.000575727
0.873275	 0.000659455
0.876608	 0.000601306
0.879941	 0.000576412
0.883274	 0.00049155
0.886608	 0.000640299
0.889941	 0.000698465
0.893274	 0.000520147
0.896607	 0.000625702
0.89994	 0.000694982
0.903273	 0.000698972
0.906606	 0.000699187
0.909939	 0.000555745
0.913272	 0.00061566
0.916606	 0.000530349
0.919939	 0.000677254
0.923272	 0.00063205
0.926605	 0.000739135
0.929938	 0.000645798
0.933271	 0.000617641
0.936604	 0.000597855
0.939937	 0.000625895
0.94327	 0.000671072
0.946604	 0.000666348
0.949937	 0.000771144
0.95327	 0.000673637
0.956603	 0.000733266
0.959936	 0.000662854
0.963269	 0.000763723
0.966602	 0.000690171
0.969935	 0.000935566
0.973268	 0.000789794
0.976602	 0.000809183
0.979935	 0.000800149
0.983268	 0.000923885
0.986601	 0.000942249
0.989934	 0.000788443
0.993267	 0.000778476
0.9966	 0.000892272
0.999933	 0.000759958
1.00327	 0.000824994
1.0066	 0.000870419
1.00993	 0.000835112
1.01327	 0.000876687
1.0166	 0.000946738
1.01993	 0.00090184
1.02327	 0.000784668
1.0266	 0.000847421
1.02993	 0.00084302
1.03326	 0.0010623
1.0366	 0.000929539
1.03993	 0.00104582
1.04326	 0.000941379
1.0466	 0.00101839
1.04993	 0.000964597
1.05326	 0.00119889
1.0566	 0.00110501
1.05993	 0.00103551
1.06326	 0.00158602
1.0666	 0.00119909
1.06993	 0.0012484
1.07326	 0.00103005
1.07659	 0.00134653
1.07993	 0.00114093
1.08326	 0.00118636
1.08659	 0.00149195
1.08993	 0.00111948
1.09326	 0.00138688
1.09659	 0.00116657
1.09993	 0.00152938
1.10326	 0.00163575
1.10659	 0.00182892
1.10993	 0.00170615
1.11326	 0.00183001
1.11659	 0.00175311
1.11993	 0.00229633
1.12326	 0.00249795
1.12659	 0.00268393
1.12992	 0.00231875
1.13326	 0.00294917
1.13659	 0.00299364
1.13992	 0.00293841
1.14326	 0.00333251
1.14659	 0.00235008
1.14992	 0.0036532
1.15326	 0.00364355
1.15659	 0.00481931
1.15992	 0.00424513
1.16326	 0.00593569
1.16659	 0.00650346
1.16992	 0.0071208
1.17326	 0.00769166
1.17659	 0.0119511
1.17992	 0.00996539
1.18325	 0.0103966
1.18659	 0.0110538
1.18992	 0.00908371
1.19325	 0.00857802
1.19659	 0.00709259
1.19992	 0.005812
1.20325	 0.00566142
1.20659	 0.00458374
1.20992	 0.00360151
1.21325	 0.00341134
1.21659	 0.00335889
1.21992	 0.00308236
1.22325	 0.00287028
1.22658	 0.00342827
1.22992	 0.00281611
1.23325	 0.0023413
1.23658	 0.00229985
1.23992	 0.00232141
1.24325	 0.00210311
1.24658	 0.00204702
1.24992	 0.00208757
1.25325	 0.00176434
1.25658	 0.00202638
1.25992	 0.0018584
1.26325	 0.00202371
1.26658	 0.00170148
1.26992	 0.00175772
1.27325	 0.0014784
1.27658	 0.00193603
1.27991	 0.00169141
1.28325	 0.00145099
1.28658	 0.00127607
1.28991	 0.00139472
1.29325	 0.00131774
1.29658	 0.00171348
1.29991	 0.00113137
1.30325	 0.00102441
1.30658	 0.00118264
1.30991	 0.00111943
1.31325	 0.00123971
1.31658	 0.00124656
1.31991	 0.00111647
1.32325	 0.00105209
1.32658	 0.00105736
1.32991	 0.00115379
1.33324	 0.000996174
1.33658	 0.00102873
1.33991	 0.000877002
1.34324	 0.00103455
1.34658	 0.00087497
1.34991	 0.000902364
1.35324	 0.00107609
1.35658	 0.000897554
1.35991	 0.000755709
1.36324	 0.000824163
1.36658	 0.0009835
1.36991	 0.000942305
1.37324	 0.000745335
1.37657	 0.00091803
1.37991	 0.00106168
1.38324	 0.000776774
1.38657	 0.000788532
1.38991	 0.000723313
1.39324	 0.000783019
1.39657	 0.00069997
1.39991	 0.000861711
1.40324	 0.000637762
1.40657	 0.000738495
1.40991	 0.000692497
1.41324	 0.000729497
1.41657	 0.000812981
1.41991	 0.000514753
1.42324	 0.000716249
1.42657	 0.0006716
1.4299	 0.000810413
1.43324	 0.00051344
1.43657	 0.000641752
1.4399	 0.000810847
1.44324	 0.00061177
1.44657	 0.000569592
1.4499	 0.000639627
1.45324	 0.000510764
1.45657	 0.000642449
1.4599	 0.000666294
1.46324	 0.000409521
1.46657	 0.000512452
1.4699	 0.000587441
1.47324	 0.000670448
1.47657	 0.000651524
1.4799	 0.000726886
1.48323	 0.000590963
1.48657	 0.00066751
1.4899	 0.000655542
1.49323	 0.000508769
1.49657	 0.000710113
1.4999	 0.000637803
1.50323	 0.000551887
1.50657	 0.00057581
1.5099	 0.000551867
1.51323	 0.000570419
1.51657	 0.000546313
1.5199	 0.000560063
1.52323	 0.000580545
1.52656	 0.000563838
1.5299	 0.000526798
1.53323	 0.000521339
1.53656	 0.000572437
1.5399	 0.000623896
1.54323	 0.000544806
1.54656	 0.000477187
1.5499	 0.000591559
1.55323	 0.000540536
1.55656	 0.000498087
1.5599	 0.000460214
1.56323	 0.000527565
1.56656	 0.000545391
1.5699	 0.000509335
1.57323	 0.000424212
1.57656	 0.000443522
1.57989	 0.000457629
1.58323	 0.000538068
1.58656	 0.000515819
1.58989	 0.000600966
1.59323	 0.000463164
1.59656	 0.000488488
1.59989	 0.00046809
1.60323	 0.000440182
1.60656	 0.000482599
1.60989	 0.000495833
1.61323	 0.000582172
1.61656	 0.000508136
1.61989	 0.000616878
1.62323	 0.000472774
1.62656	 0.000516974
1.62989	 0.000488419
1.63322	 0.000495598
1.63656	 0.000495883
1.63989	 0.000397497
1.64322	 0.000437208
1.64656	 0.000448995
1.64989	 0.000475243
1.65322	 0.000503611
1.65656	 0.000416687
1.65989	 0.000451237
1.66322	 0.00039041
1.66656	 0.000385003
1.66989	 0.000465574
1.67322	 0.000471074
1.67655	 0.000404135
1.67989	 0.000421658
1.68322	 0.000373996
1.68655	 0.000423251
1.68989	 0.000504235
1.69322	 0.0003929
1.69655	 0.000393307
1.69989	 0.000376644
1.70322	 0.000410828
1.70655	 0.000444601
1.70989	 0.000427661
1.71322	 0.000432028
1.71655	 0.000419862
1.71989	 0.000421456
1.72322	 0.000370289
1.72655	 0.000383716
1.72988	 0.000440605
1.73322	 0.000456248
1.73655	 0.000555212
1.73988	 0.000358782
1.74322	 0.000516429
1.74655	 0.000405216
1.74988	 0.00039847
1.75322	 0.000484244
1.75655	 0.000371171
1.75988	 0.000413307
1.76322	 0.000479241
1.76655	 0.000392712
1.76988	 0.000361172
1.77322	 0.000411731
1.77655	 0.000462826
1.77988	 0.000387986
1.78321	 0.000396494
1.78655	 0.000431334
1.78988	 0.000517875
1.79321	 0.000346943
1.79655	 0.000385517
1.79988	 0.000422842
1.80321	 0.000480464
1.80655	 0.000453645
1.80988	 0.00047121
1.81321	 0.000517931
1.81655	 0.000455843
1.81988	 0.000343416
1.82321	 0.00047542
1.82654	 0.000360901
1.82988	 0.00043058
1.83321	 0.0004207
1.83654	 0.000416009
1.83988	 0.000480771
1.84321	 0.000403936
1.84654	 0.000393982
1.84988	 0.000412659
1.85321	 0.00039507
1.85654	 0.000425456
1.85988	 0.000455435
1.86321	 0.000400229
1.86654	 0.000381156
1.86988	 0.000419216
1.87321	 0.000426722
1.87654	 0.000445464
1.87987	 0.000455764
1.88321	 0.000449515
1.88654	 0.000327022
1.88987	 0.000403017
1.89321	 0.000372422
1.89654	 0.000376263
1.89987	 0.000411127
1.90321	 0.000412287
1.90654	 0.000408689
1.90987	 0.000387567
1.91321	 0.000447453
1.91654	 0.000452329
1.91987	 0.000471013
1.92321	 0.000493327
1.92654	 0.000446543
1.92987	 0.000434492
1.9332	 0.000543179
1.93654	 0.000373285
1.93987	 0.000481081
1.9432	 0.000372792
1.94654	 0.000394089
1.94987	 0.000400134
1.9532	 0.000455497
1.95654	 0.000472194
1.95987	 0.00047246
1.9632	 0.000509738
1.96654	 0.000384278
1.96987	 0.00048626
1.9732	 0.000484952
1.97653	 0.000459681
1.97987	 0.000453165
1.9832	 0.000513993
1.98653	 0.000452416
1.98987	 0.000411236
1.9932	 0.000449921
1.99653	 0.000415345
1.99987	 0.000514522
2.0032	 0.000386025
2.00653	 0.000492346
2.00987	 0.000501056
2.0132	 0.000506147
2.01653	 0.000425601
2.01987	 0.000546562
2.0232	 0.000421775
2.02653	 0.000491413
2.02986	 0.000478823
2.0332	 0.000523742
2.03653	 0.000525386
2.03986	 0.000465669
2.0432	 0.000514542
2.04653	 0.000542169
2.04986	 0.000516569
2.0532	 0.000546512
2.05653	 0.000363993
2.05986	 0.000577242
2.0632	 0.000551941
2.06653	 0.000548581
2.06986	 0.000570667
2.0732	 0.000567604
2.07653	 0.000590284
2.07986	 0.000508095
2.08319	 0.000511609
2.08653	 0.000500716
2.08986	 0.000600559
2.09319	 0.000491668
2.09653	 0.000492433
2.09986	 0.000551251
2.10319	 0.000554154
2.10653	 0.000632329
2.10986	 0.000593916
2.11319	 0.000561395
2.11653	 0.000613071
2.11986	 0.000517708
2.12319	 0.000574045
2.12652	 0.000586133
2.12986	 0.00053783
2.13319	 0.000561801
2.13652	 0.000713218
2.13986	 0.000667269
2.14319	 0.000532887
2.14652	 0.000624016
2.14986	 0.00070463
2.15319	 0.000696571
2.15652	 0.000573483
2.15986	 0.000660375
2.16319	 0.000586478
2.16652	 0.000639827
2.16986	 0.000611296
2.17319	 0.000774137
2.17652	 0.000646502
2.17985	 0.000810753
2.18319	 0.000631809
2.18652	 0.00083249
2.18985	 0.000685368
2.19319	 0.000637426
2.19652	 0.000752857
2.19985	 0.000795875
2.20319	 0.000669748
2.20652	 0.000882433
2.20985	 0.000855087
2.21319	 0.000843483
2.21652	 0.000790472
2.21985	 0.000945621
2.22319	 0.00102708
2.22652	 0.000786265
2.22985	 0.000988426
2.23318	 0.000982384
2.23652	 0.000967777
2.23985	 0.000878735
2.24318	 0.00108434
2.24652	 0.00110446
2.24985	 0.00127304
2.25318	 0.00102504
2.25652	 0.000980721
2.25985	 0.00123797
2.26318	 0.00102173
2.26652	 0.00130774
2.26985	 0.00117383
2.27318	 0.00117863
2.27651	 0.00129973
2.27985	 0.00114181
2.28318	 0.00108121
2.28651	 0.00131913
2.28985	 0.0015739
2.29318	 0.00144687
2.29651	 0.00144058
2.29985	 0.00159508
2.30318	 0.00155006
2.30651	 0.00186125
2.30985	 0.00160604
2.31318	 0.00165696
2.31651	 0.00162293
2.31985	 0.00156658
2.32318	 0.00174383
2.32651	 0.00203956
2.32984	 0.00211432
2.33318	 0.00262573
2.33651	 0.00286316
2.33984	 0.00200449
2.34318	 0.00229412
2.34651	 0.00256808
2.34984	 0.00260689
2.35318	 0.00292568
2.35651	 0.00261947
2.35984	 0.00304757
2.36318	 0.00255608
2.36651	 0.00317539
2.36984	 0.00264492
2.37318	 0.00256561
2.37651	 0.00258712
2.37984	 0.00280265
2.38317	 0.00255546
2.38651	 0.0030201
2.38984	 0.00318212
2.39317	 0.0030897
2.39651	 0.00302734
2.39984	 0.00288797
2.40317	 0.00242552
2.40651	 0.00253226
2.40984	 0.00240275
2.41317	 0.00244963
2.41651	 0.00205035
2.41984	 0.00205216
2.42317	 0.00193165
2.4265	 0.00137617
2.42984	 0.0022929
2.43317	 0.00181868
2.4365	 0.00158137
2.43984	 0.00178708
2.44317	 0.00194632
2.4465	 0.00158653
2.44984	 0.00172451
2.45317	 0.0017527
2.4565	 0.00178452
2.45984	 0.0013586
2.46317	 0.00116057
2.4665	 0.00150624
2.46984	 0.00134952
2.47317	 0.00142799
2.4765	 0.0013353
2.47983	 0.00141986
2.48317	 0.00106436
2.4865	 0.00134132
2.48983	 0.00121397
2.49317	 0.00125437
2.4965	 0.00145934
2.49983	 0.00108258
2.50317	 0.0011821
2.5065	 0.00113758
2.50983	 0.00135626
2.51317	 0.00116236
2.5165	 0.00126781
2.51983	 0.00112802
2.52317	 0.00111464
2.5265	 0.00111234
2.52983	 0.00104282
2.53316	 0.000961107
2.5365	 0.000983075
2.53983	 0.000923543
2.54316	 0.00080774
2.5465	 0.00102746
2.54983	 0.00105886
2.55316	 0.00106668
2.5565	 0.000886705
2.55983	 0.000712742
2.56316	 0.000974129
2.5665	 0.000962471
2.56983	 0.000821049
2.57316	 0.000934166
2.57649	 0.000913274
2.57983	 0.000773282
2.58316	 0.000860812
2.58649	 0.000952135
2.58983	 0.00100095
2.59316	 0.00088394
2.59649	 0.000720346
2.59983	 0.000816041
2.60316	 0.000831754
2.60649	 0.000715746
2.60983	 0.000775689
2.61316	 0.000865637
2.61649	 0.000734791
2.61983	 0.000632857
2.62316	 0.000627957
2.62649	 0.000718112
2.62982	 0.000719643
2.63316	 0.000610494
2.63649	 0.000798841
2.63982	 0.000648363
2.64316	 0.00054044
2.64649	 0.000714958
2.64982	 0.000570147
2.65316	 0.000671122
2.65649	 0.000579298
2.65982	 0.000612713
2.66316	 0.000570601
2.66649	 0.000678072
2.66982	 0.000663041
2.67316	 0.000593003
2.67649	 0.000573094
2.67982	 0.000673699
2.68315	 0.00054968
2.68649	 0.00053558
2.68982	 0.000619755
2.69315	 0.000703617
2.69649	 0.000553777
2.69982	 0.000714768
2.70315	 0.000552538
2.70649	 0.000515744
2.70982	 0.000608597
2.71315	 0.00045938
2.71649	 0.000606196
2.71982	 0.0005166
2.72315	 0.000511915
2.72648	 0.000603027
2.72982	 0.000590831
2.73315	 0.000560289
2.73648	 0.000522693
2.73982	 0.000375037
2.74315	 0.000482609
2.74648	 0.000470011
2.74982	 0.000419024
2.75315	 0.000444993
2.75648	 0.000587956
2.75982	 0.00046189
2.76315	 0.000463535
2.76648	 0.000523062
2.76982	 0.000536843
2.77315	 0.000588726
2.77648	 0.000441453
2.77981	 0.000502266
2.78315	 0.000573608
2.78648	 0.000465214
2.78981	 0.000488993
2.79315	 0.000562569
2.79648	 0.000429689
2.79981	 0.000459203
2.80315	 0.000433474
2.80648	 0.000396325
2.80981	 0.000506471
2.81315	 0.000443948
2.81648	 0.00041363
2.81981	 0.000395408
2.82315	 0.000466893
2.82648	 0.00050431
2.82981	 0.000460076
2.83314	 0.000522011
2.83648	 0.000418243
2.83981	 0.000374984
2.84314	 0.00047647
2.84648	 0.000406852
2.84981	 0.000435944
2.85314	 0.000416108
2.85648	 0.000447934
2.85981	 0.000470402
2.86314	 0.000429461
2.86648	 0.00039048
2.86981	 0.000425846
2.87314	 0.000498734
2.87647	 0.000473348
2.87981	 0.000383303
2.88314	 0.000520474
2.88647	 0.000367688
2.88981	 0.000453866
2.89314	 0.000495275
2.89647	 0.000401515
2.89981	 0.000418616
2.90314	 0.000548207
2.90647	 0.000443637
2.90981	 0.000378122
2.91314	 0.00045185
2.91647	 0.000400265
2.91981	 0.000408615
2.92314	 0.000450457
2.92647	 0.000429125
2.9298	 0.000446779
2.93314	 0.000459958
2.93647	 0.000360103
2.9398	 0.000408572
2.94314	 0.000468367
2.94647	 0.000462977
2.9498	 0.000435599
2.95314	 0.00036221
2.95647	 0.00048982
2.9598	 0.000368851
2.96314	 0.000517061
2.96647	 0.000402267
2.9698	 0.000422642
2.97314	 0.000411505
2.97647	 0.000444509
2.9798	 0.000433125
2.98313	 0.000387514
2.98647	 0.000387263
2.9898	 0.000440636
2.99313	 0.000544777
2.99647	 0.000410169
2.9998	 0.000386154
3.00313	 0.000421682
3.00647	 0.000419017
3.0098	 0.000365978
3.01313	 0.000407084
3.01647	 0.000404804
3.0198	 0.00044363
3.02313	 0.000319799
3.02646	 0.000336919
3.0298	 0.000410037
3.03313	 0.000586306
3.03646	 0.000473014
3.0398	 0.000407781
3.04313	 0.000392119
3.04646	 0.000448386
3.0498	 0.00043733
3.05313	 0.000454831
3.05646	 0.000430052
3.0598	 0.000327034
3.06313	 0.00037752
3.06646	 0.000381203
3.0698	 0.00036097
3.07313	 0.000401281
3.07646	 0.000409496
3.07979	 0.000451507
3.08313	 0.000379873
3.08646	 0.000393468
3.08979	 0.000366671
3.09313	 0.000550653
3.09646	 0.000492989
3.09979	 0.000395039
3.10313	 0.000594633
3.10646	 0.000382061
3.10979	 0.000508186
3.11313	 0.000411948
3.11646	 0.000377983
3.11979	 0.000416552
3.12313	 0.000524224
3.12646	 0.00045479
3.12979	 0.000408192
3.13312	 0.000393492
3.13646	 0.000402824
3.13979	 0.000410348
3.14312	 0.00039466
3.14646	 0.000415602
3.14979	 0.00041047
3.15312	 0.000537421
3.15646	 0.000407379
3.15979	 0.000520693
3.16312	 0.000446609
3.16646	 0.000426632
3.16979	 0.00043861
3.17312	 0.000471981
3.17645	 0.000474542
3.17979	 0.000422159
3.18312	 0.000365256
3.18645	 0.000371873
3.18979	 0.000464375
3.19312	 0.000423321
3.19645	 0.000488061
3.19979	 0.000437188
3.20312	 0.000467875
3.20645	 0.000454287
3.20979	 0.000445117
3.21312	 0.000470232
3.21645	 0.000495785
3.21979	 0.000512262
3.22312	 0.000369168
3.22645	 0.000454619
3.22978	 0.000466654
3.23312	 0.00043873
3.23645	 0.000495891
3.23978	 0.000547277
3.24312	 0.000488939
3.24645	 0.000348573
3.24978	 0.000472912
3.25312	 0.00055816
3.25645	 0.000483558
3.25978	 0.000498583
3.26312	 0.00056353
3.26645	 0.00046956
3.26978	 0.000497017
3.27312	 0.00044211
3.27645	 0.000455803
3.27978	 0.000468579
3.28311	 0.000547645
3.28645	 0.000490283
3.28978	 0.000490979
3.29311	 0.000540719
3.29645	 0.000612098
3.29978	 0.000643561
3.30311	 0.000461658
3.30645	 0.00051186
3.30978	 0.000562258
3.31311	 0.000501924
3.31645	 0.000556467
3.31978	 0.000676165
3.32311	 0.000544951
3.32644	 0.000682701
3.32978	 0.000503251
3.33311	 0.000523371
3.33644	 0.000607876
3.33978	 0.000689075
3.34311	 0.000623246
3.34644	 0.000498678
3.34978	 0.000469348
3.35311	 0.000590857
3.35644	 0.000540191
3.35978	 0.000567166
3.36311	 0.000632675
3.36644	 0.000577038
3.36978	 0.000656256
3.37311	 0.000703339
3.37644	 0.000718196
3.37977	 0.000637136
3.38311	 0.00068249
3.38644	 0.000633115
3.38977	 0.000650216
3.39311	 0.000728621
3.39644	 0.000681116
3.39977	 0.000827119
3.40311	 0.000679827
3.40644	 0.000680415
3.40977	 0.000694321
3.41311	 0.000861777
3.41644	 0.00077183
3.41977	 0.000715954
3.42311	 0.000777789
3.42644	 0.000666039
3.42977	 0.000724544
3.4331	 0.000914735
3.43644	 0.000876766
3.43977	 0.000904703
3.4431	 0.000799718
3.44644	 0.000964299
3.44977	 0.000836476
3.4531	 0.000751262
3.45644	 0.00065269
3.45977	 0.000883114
3.4631	 0.00088233
3.46644	 0.000934004
3.46977	 0.000847902
3.4731	 0.000935936
3.47643	 0.000871556
3.47977	 0.000933516
3.4831	 0.000752535
3.48643	 0.00101848
3.48977	 0.00107868
3.4931	 0.000994646
3.49643	 0.00119442
3.49977	 0.0010213
3.5031	 0.00123576
3.50643	 0.00125005
3.50977	 0.0010667
3.5131	 0.00110913
3.51643	 0.000997096
3.51977	 0.00119072
3.5231	 0.00112253
3.52643	 0.00112122
3.52976	 0.00149164
3.5331	 0.001154
3.53643	 0.00136119
3.53976	 0.00163615
3.5431	 0.00151952
3.54643	 0.00152929
3.54976	 0.00136171
3.5531	 0.00143048
3.55643	 0.00142014
3.55976	 0.00184907
3.5631	 0.0014911
3.56643	 0.00160075
3.56976	 0.00177157
3.5731	 0.00171404
3.57643	 0.00120595
3.57976	 0.00181216
3.58309	 0.00185961
3.58643	 0.00198336
3.58976	 0.00195011
3.59309	 0.0015775
3.59643	 0.00208968
3.59976	 0.00163304
3.60309	 0.00176068
3.60643	 0.00150586
3.60976	 0.00149937
3.61309	 0.00187733
3.61643	 0.00172754
3.61976	 0.00176507
3.62309	 0.00163614
3.62642	 0.00139532
3.62976	 0.00120967
3.63309	 0.00146594
3.63642	 0.00177583
3.63976	 0.00133774
3.64309	 0.00146784
3.64642	 0.0014535
3.64976	 0.00161093
3.65309	 0.00150414
3.65642	 0.00131878
3.65976	 0.00125132
3.66309	 0.00126807
3.66642	 0.00155671
3.66976	 0.00114938
3.67309	 0.0013788
3.67642	 0.00122177
3.67975	 0.0011782
3.68309	 0.00125437
3.68642	 0.00122498
3.68975	 0.00146665
3.69309	 0.00111535
3.69642	 0.00103117
3.69975	 0.000994935
3.70309	 0.00111614
3.70642	 0.0012702
3.70975	 0.000788519
3.71309	 0.00113888
3.71642	 0.0013128
3.71975	 0.00104002
3.72309	 0.000928709
3.72642	 0.0010324
3.72975	 0.00098384
3.73308	 0.000743505
3.73642	 0.00113615
3.73975	 0.000989263
3.74308	 0.00103319
3.74642	 0.000953386
3.74975	 0.000972188
3.75308	 0.000708595
3.75642	 0.000773031
3.75975	 0.000978672
3.76308	 0.0011232
3.76642	 0.000934581
3.76975	 0.000867726
3.77308	 0.000871574
3.77641	 0.00103802
3.77975	 0.000741921
3.78308	 0.000910154
3.78641	 0.000721445
3.78975	 0.000631179
3.79308	 0.000703278
3.79641	 0.00075391
3.79975	 0.000898082
3.80308	 0.00077739
3.80641	 0.000759806
3.80975	 0.000850879
3.81308	 0.000774843
3.81641	 0.00074872
3.81975	 0.000708057
3.82308	 0.000874671
3.82641	 0.000591076
3.82974	 0.000618945
3.83308	 0.000697157
3.83641	 0.000755967
3.83974	 0.000701657
3.84308	 0.000720029
3.84641	 0.000675995
3.84974	 0.00054988
3.85308	 0.000619471
3.85641	 0.000548072
3.85974	 0.000600216
3.86308	 0.000604257
3.86641	 0.000628849
3.86974	 0.000645673
3.87308	 0.000612789
3.87641	 0.000546122
3.87974	 0.00051294
3.88307	 0.000520294
3.88641	 0.000527135
3.88974	 0.000671217
3.89307	 0.000538599
3.89641	 0.000629402
3.89974	 0.000505573
3.90307	 0.00059663
3.90641	 0.000566124
3.90974	 0.00059877
3.91307	 0.000582114
3.91641	 0.000586003
3.91974	 0.00056169
3.92307	 0.000631965
3.9264	 0.00052365
3.92974	 0.000516561
3.93307	 0.000580009
3.9364	 0.000482084
3.93974	 0.000511271
3.94307	 0.000482379
3.9464	 0.000474129
3.94974	 0.000579645
3.95307	 0.00049949
3.9564	 0.000496599
3.95974	 0.000495363
3.96307	 0.000603113
3.9664	 0.000425275
3.96974	 0.000507249
3.97307	 0.000451058
3.9764	 0.000598659
3.97973	 0.000452951
3.98307	 0.000481991
3.9864	 0.00042405
3.98973	 0.00050645
3.99307	 0.000354944
3.9964	 0.000473958
3.99973	 0.000454291
4.00307	 0.000456202
4.0064	 0.000604628
4.00973	 0.000497605
4.01307	 0.00040808
4.0164	 0.000429412
4.01973	 0.000517462
4.02307	 0.000396326
4.0264	 0.000472289
4.02973	 0.000351599
4.03306	 0.000382075
4.0364	 0.000380149
4.03973	 0.000437371
4.04306	 0.00045838
4.0464	 0.000438174
4.04973	 0.000389048
4.05306	 0.000411291
4.0564	 0.000335685
4.05973	 0.000380614
4.06306	 0.000345943
4.0664	 0.000391826
4.06973	 0.000399823
4.07306	 0.000489326
4.07639	 0.00040998
4.07973	 0.00039908
4.08306	 0.000531519
4.08639	 0.000428682
4.08973	 0.000397188
4.09306	 0.000360483
4.09639	 0.000427203
4.09973	 0.000431722
4.10306	 0.000392552
4.10639	 0.000402919
4.10973	 0.000461723
4.11306	 0.00039159
4.11639	 0.000362221
4.11973	 0.00042963
4.12306	 0.00042836
4.12639	 0.000421255
4.12972	 0.000422647
4.13306	 0.00041281
4.13639	 0.000426641
4.13972	 0.000446579
4.14306	 0.000437462
4.14639	 0.000371225
4.14972	 0.000404267
4.15306	 0.000366506
4.15639	 0.000392252
4.15972	 0.00045984
4.16306	 0.000467914
4.16639	 0.000408643
4.16972	 0.000365188
4.17306	 0.000417336
4.17639	 0.000385085
4.17972	 0.000451946
4.18305	 0.000424044
4.18639	 0.000396551
4.18972	 0.000408104
4.19305	 0.000417028
4.19639	 0.000422637
4.19972	 0.000351118
4.20305	 0.000328613
4.20639	 0.000427413
4.20972	 0.00032511
4.21305	 0.00041313
4.21639	 0.000341218
4.21972	 0.000386624
4.22305	 0.000474495
4.22638	 0.000425798
4.22972	 0.000411968
4.23305	 0.000369334
4.23638	 0.00037211
4.23972	 0.000296972
4.24305	 0.000343669
4.24638	 0.000425551
4.24972	 0.000363599
4.25305	 0.00040725
4.25638	 0.000331078
4.25972	 0.000391077
4.26305	 0.00042004
4.26638	 0.000380899
4.26972	 0.000344289
4.27305	 0.000378844
4.27638	 0.000347553
4.27971	 0.000438509
4.28305	 0.000407121
4.28638	 0.000306464
4.28971	 0.000450707
4.29305	 0.00041022
4.29638	 0.000421585
4.29971	 0.000390929
4.30305	 0.000347948
4.30638	 0.000404217
4.30971	 0.000377629
4.31305	 0.000378689
4.31638	 0.000394429
4.31971	 0.000438997
4.32305	 0.000386827
4.32638	 0.000363658
4.32971	 0.00044787
4.33304	 0.000356157
4.33638	 0.000376962
4.33971	 0.000369261
4.34304	 0.000400494
4.34638	 0.000400526
4.34971	 0.000383047
4.35304	 0.00036196
4.35638	 0.000459522
4.35971	 0.000406668
4.36304	 0.000498629
4.36638	 0.000339177
4.36971	 0.000422668
4.37304	 0.000420963
4.37637	 0.000459185
4.37971	 0.000402501
4.38304	 0.000439678
4.38637	 0.000389215
4.38971	 0.00039356
4.39304	 0.000412246
4.39637	 0.00042806
4.39971	 0.000450798
4.40304	 0.0004271
4.40637	 0.000404021
4.40971	 0.000456696
4.41304	 0.000467349
4.41637	 0.000391276
4.41971	 0.000424901
4.42304	 0.000410878
4.42637	 0.000419902
4.4297	 0.000449577
4.43304	 0.000507099
4.43637	 0.000383824
4.4397	 0.000445889
4.44304	 0.000422784
4.44637	 0.000520404
4.4497	 0.000452121
4.45304	 0.000480623
4.45637	 0.000411283
4.4597	 0.000442106
4.46304	 0.000357665
4.46637	 0.000421926
4.4697	 0.000478832
4.47304	 0.000496117
4.47637	 0.000557324
4.4797	 0.000501084
4.48303	 0.00044781
4.48637	 0.000488301
4.4897	 0.000447415
4.49303	 0.000419957
4.49637	 0.00042901
4.4997	 0.000350661
4.50303	 0.000506882
4.50637	 0.000498865
4.5097	 0.000508767
4.51303	 0.000489037
4.51637	 0.000506267
4.5197	 0.000472925
4.52303	 0.000539222
4.52636	 0.000542386
4.5297	 0.000508672
4.53303	 0.000592037
4.53636	 0.000556593
4.5397	 0.000482736
4.54303	 0.000592464
4.54636	 0.00061627
4.5497	 0.000524689
4.55303	 0.000556349
4.55636	 0.000452487
4.5597	 0.000500181
4.56303	 0.000581487
4.56636	 0.000497975
4.5697	 0.000539724
4.57303	 0.000538382
4.57636	 0.000582849
4.57969	 0.000573732
4.58303	 0.00046859
4.58636	 0.000421859
4.58969	 0.000559574
4.59303	 0.000561866
4.59636	 0.000549084
4.59969	 0.000592314
4.60303	 0.000516924
4.60636	 0.000594508
4.60969	 0.00074328
4.61303	 0.000645331
4.61636	 0.000670227
4.61969	 0.000744826
4.62303	 0.000704583
4.62636	 0.000614638
4.62969	 0.000567927
4.63302	 0.000696114
4.63636	 0.000558856
4.63969	 0.000635195
4.64302	 0.000628079
4.64636	 0.000589854
4.64969	 0.000656774
4.65302	 0.00058555
4.65636	 0.000726417
4.65969	 0.00072132
4.66302	 0.000579149
4.66636	 0.00063294
4.66969	 0.000720292
4.67302	 0.000744424
4.67635	 0.000844094
4.67969	 0.000687454
4.68302	 0.000707662
4.68635	 0.000765423
4.68969	 0.000708748
4.69302	 0.000624793
4.69635	 0.000735957
4.69969	 0.000600657
4.70302	 0.000833586
4.70635	 0.000730943
4.70969	 0.00103722
4.71302	 0.000774581
4.71635	 0.000904561
4.71969	 0.000950995
4.72302	 0.000824955
4.72635	 0.00118781
4.72968	 0.000844279
4.73302	 0.000973427
4.73635	 0.000870944
4.73968	 0.000934791
4.74302	 0.000940645
4.74635	 0.000951181
4.74968	 0.000916202
4.75302	 0.0010443
4.75635	 0.000918283
4.75968	 0.000994762
4.76302	 0.00100692
4.76635	 0.000930804
4.76968	 0.0011508
4.77302	 0.00108186
4.77635	 0.00116562
4.77968	 0.00105686
4.78301	 0.00112019
4.78635	 0.00107564
4.78968	 0.000883383
4.79301	 0.00115744
4.79635	 0.00109792
4.79968	 0.00104792
4.80301	 0.00126661
4.80635	 0.0011785
4.80968	 0.00131465
4.81301	 0.00139922
4.81635	 0.00104522
4.81968	 0.00103573
4.82301	 0.00125708
4.82634	 0.00142091
4.82968	 0.00108648
4.83301	 0.00128862
4.83634	 0.000829012
4.83968	 0.00107166
4.84301	 0.00131016
4.84634	 0.000777088
4.84968	 0.00105896
4.85301	 0.000897808
4.85634	 0.00112034
4.85968	 0.00102041
4.86301	 0.00101525
4.86634	 0.00114782
4.86968	 0.00106386
4.87301	 0.0010141
4.87634	 0.00113771
4.87967	 0.00122145
4.88301	 0.00117296
4.88634	 0.00113638
4.88967	 0.00106537
4.89301	 0.0011556
4.89634	 0.00115759
4.89967	 0.000917703
4.90301	 0.000865407
4.90634	 0.0010145
4.90967	 0.00089955
4.91301	 0.00109182
4.91634	 0.00105601
4.91967	 0.00102111
4.92301	 0.00115354
4.92634	 0.000795711
4.92967	 0.000952026
4.933	 0.00115705
4.93634	 0.00099295
4.93967	 0.00110026
4.943	 0.000864172
4.94634	 0.000959689
4.94967	 0.000930422
4.953	 0.000806378
4.95634	 0.000868796
4.95967	 0.000724969
4.963	 0.000866153
4.96634	 0.00100269
4.96967	 0.000852894
4.973	 0.000815704
4.97633	 0.000689306
4.97967	 0.000857389
4.983	 0.000856723
4.98633	 0.000839246
4.98967	 0.000734137
4.993	 0.000573149
4.99633	 0.000712307
