# Frequency [GHz] 	Fouriercomponent
-4.99967	 0.588172
-4.99633	 0.557569
-4.993	 0.623803
-4.98967	 0.604043
-4.98633	 0.483715
-4.983	 0.494873
-4.97967	 0.614473
-4.97633	 0.498382
-4.973	 0.560878
-4.96967	 0.554551
-4.96634	 0.57792
-4.963	 0.514806
-4.95967	 0.639371
-4.95634	 0.624426
-4.953	 0.584712
-4.94967	 0.494367
-4.94634	 0.574238
-4.943	 0.594989
-4.93967	 0.645775
-4.93634	 0.516751
-4.933	 0.605154
-4.92967	 0.513296
-4.92634	 0.61867
-4.92301	 0.593216
-4.91967	 0.471769
-4.91634	 0.505304
-4.91301	 0.48279
-4.90967	 0.568192
-4.90634	 0.524856
-4.90301	 0.589467
-4.89967	 0.552329
-4.89634	 0.54412
-4.89301	 0.649958
-4.88967	 0.583345
-4.88634	 0.492703
-4.88301	 0.49335
-4.87967	 0.589749
-4.87634	 0.621045
-4.87301	 0.485224
-4.86968	 0.519835
-4.86634	 0.609078
-4.86301	 0.436212
-4.85968	 0.529767
-4.85634	 0.488711
-4.85301	 0.547613
-4.84968	 0.559249
-4.84634	 0.46827
-4.84301	 0.607466
-4.83968	 0.528953
-4.83634	 0.574595
-4.83301	 0.432913
-4.82968	 0.484896
-4.82634	 0.483228
-4.82301	 0.525927
-4.81968	 0.540876
-4.81635	 0.519077
-4.81301	 0.634531
-4.80968	 0.651203
-4.80635	 0.637365
-4.80301	 0.623145
-4.79968	 0.465328
-4.79635	 0.631101
-4.79301	 0.651853
-4.78968	 0.549846
-4.78635	 0.59402
-4.78301	 0.472567
-4.77968	 0.450935
-4.77635	 0.636419
-4.77302	 0.555706
-4.76968	 0.688895
-4.76635	 0.645893
-4.76302	 0.536128
-4.75968	 0.537063
-4.75635	 0.435438
-4.75302	 0.597922
-4.74968	 0.582225
-4.74635	 0.618244
-4.74302	 0.568415
-4.73968	 0.726625
-4.73635	 0.648373
-4.73302	 0.432214
-4.72968	 0.510804
-4.72635	 0.51393
-4.72302	 0.619286
-4.71969	 0.561228
-4.71635	 0.593571
-4.71302	 0.557849
-4.70969	 0.619315
-4.70635	 0.578094
-4.70302	 0.448301
-4.69969	 0.519847
-4.69635	 0.595476
-4.69302	 0.51689
-4.68969	 0.524151
-4.68635	 0.453292
-4.68302	 0.614042
-4.67969	 0.5248
-4.67635	 0.615264
-4.67302	 0.523257
-4.66969	 0.573849
-4.66636	 0.5261
-4.66302	 0.557286
-4.65969	 0.591961
-4.65636	 0.440107
-4.65302	 0.53465
-4.64969	 0.512758
-4.64636	 0.564023
-4.64302	 0.500025
-4.63969	 0.605613
-4.63636	 0.581123
-4.63302	 0.586214
-4.62969	 0.470575
-4.62636	 0.59324
-4.62303	 0.631105
-4.61969	 0.538122
-4.61636	 0.564113
-4.61303	 0.537321
-4.60969	 0.559737
-4.60636	 0.549097
-4.60303	 0.558445
-4.59969	 0.409083
-4.59636	 0.600083
-4.59303	 0.622222
-4.58969	 0.499718
-4.58636	 0.564391
-4.58303	 0.514573
-4.57969	 0.644959
-4.57636	 0.664477
-4.57303	 0.557112
-4.5697	 0.619947
-4.56636	 0.501187
-4.56303	 0.648731
-4.5597	 0.549833
-4.55636	 0.588715
-4.55303	 0.572212
-4.5497	 0.661042
-4.54636	 0.482123
-4.54303	 0.572299
-4.5397	 0.514315
-4.53636	 0.564555
-4.53303	 0.484881
-4.5297	 0.730595
-4.52636	 0.547113
-4.52303	 0.563682
-4.5197	 0.63788
-4.51637	 0.537371
-4.51303	 0.586244
-4.5097	 0.592257
-4.50637	 0.483242
-4.50303	 0.593824
-4.4997	 0.614268
-4.49637	 0.54443
-4.49303	 0.568064
-4.4897	 0.605354
-4.48637	 0.644925
-4.48303	 0.471029
-4.4797	 0.758965
-4.47637	 0.567817
-4.47304	 0.562275
-4.4697	 0.566833
-4.46637	 0.635079
-4.46304	 0.597685
-4.4597	 0.677034
-4.45637	 0.626797
-4.45304	 0.532981
-4.4497	 0.645546
-4.44637	 0.629228
-4.44304	 0.607273
-4.4397	 0.513862
-4.43637	 0.522844
-4.43304	 0.61897
-4.4297	 0.55607
-4.42637	 0.561032
-4.42304	 0.602721
-4.41971	 0.593699
-4.41637	 0.642705
-4.41304	 0.55339
-4.40971	 0.630685
-4.40637	 0.539288
-4.40304	 0.477208
-4.39971	 0.628944
-4.39637	 0.584118
-4.39304	 0.66395
-4.38971	 0.570418
-4.38637	 0.499343
-4.38304	 0.635858
-4.37971	 0.557568
-4.37637	 0.590705
-4.37304	 0.574075
-4.36971	 0.495805
-4.36638	 0.490922
-4.36304	 0.607034
-4.35971	 0.583475
-4.35638	 0.499514
-4.35304	 0.656379
-4.34971	 0.509474
-4.34638	 0.489059
-4.34304	 0.553595
-4.33971	 0.62512
-4.33638	 0.628741
-4.33304	 0.532307
-4.32971	 0.643261
-4.32638	 0.654638
-4.32305	 0.640149
-4.31971	 0.613723
-4.31638	 0.589725
-4.31305	 0.550713
-4.30971	 0.573786
-4.30638	 0.468472
-4.30305	 0.643875
-4.29971	 0.669304
-4.29638	 0.638743
-4.29305	 0.673741
-4.28971	 0.530757
-4.28638	 0.542713
-4.28305	 0.519138
-4.27971	 0.620527
-4.27638	 0.706119
-4.27305	 0.540087
-4.26972	 0.600915
-4.26638	 0.533909
-4.26305	 0.639338
-4.25972	 0.530983
-4.25638	 0.635673
-4.25305	 0.628159
-4.24972	 0.589848
-4.24638	 0.499594
-4.24305	 0.702198
-4.23972	 0.70907
-4.23638	 0.565372
-4.23305	 0.617602
-4.22972	 0.591277
-4.22638	 0.635914
-4.22305	 0.691284
-4.21972	 0.648431
-4.21639	 0.521718
-4.21305	 0.640611
-4.20972	 0.503399
-4.20639	 0.563304
-4.20305	 0.656337
-4.19972	 0.571551
-4.19639	 0.54824
-4.19305	 0.572506
-4.18972	 0.503737
-4.18639	 0.552822
-4.18305	 0.618553
-4.17972	 0.655315
-4.17639	 0.512191
-4.17306	 0.605088
-4.16972	 0.547307
-4.16639	 0.577704
-4.16306	 0.516233
-4.15972	 0.527464
-4.15639	 0.657956
-4.15306	 0.593015
-4.14972	 0.649457
-4.14639	 0.595862
-4.14306	 0.552946
-4.13972	 0.571319
-4.13639	 0.654231
-4.13306	 0.55836
-4.12972	 0.618144
-4.12639	 0.622635
-4.12306	 0.696393
-4.11973	 0.584385
-4.11639	 0.548135
-4.11306	 0.536234
-4.10973	 0.602659
-4.10639	 0.632017
-4.10306	 0.510578
-4.09973	 0.634375
-4.09639	 0.632308
-4.09306	 0.603277
-4.08973	 0.500717
-4.08639	 0.619168
-4.08306	 0.513154
-4.07973	 0.518289
-4.07639	 0.514737
-4.07306	 0.581651
-4.06973	 0.678574
-4.0664	 0.705926
-4.06306	 0.671186
-4.05973	 0.675104
-4.0564	 0.53138
-4.05306	 0.676702
-4.04973	 0.596054
-4.0464	 0.630859
-4.04306	 0.579438
-4.03973	 0.548569
-4.0364	 0.710111
-4.03306	 0.525448
-4.02973	 0.549037
-4.0264	 0.708858
-4.02307	 0.568369
-4.01973	 0.635257
-4.0164	 0.52787
-4.01307	 0.598119
-4.00973	 0.719487
-4.0064	 0.571802
-4.00307	 0.674604
-3.99973	 0.524264
-3.9964	 0.553644
-3.99307	 0.704255
-3.98973	 0.465857
-3.9864	 0.638537
-3.98307	 0.58713
-3.97973	 0.59606
-3.9764	 0.565683
-3.97307	 0.732455
-3.96974	 0.572339
-3.9664	 0.403574
-3.96307	 0.595416
-3.95974	 0.534029
-3.9564	 0.627556
-3.95307	 0.598841
-3.94974	 0.747576
-3.9464	 0.572455
-3.94307	 0.599454
-3.93974	 0.587775
-3.9364	 0.566734
-3.93307	 0.587233
-3.92974	 0.588977
-3.9264	 0.628387
-3.92307	 0.656144
-3.91974	 0.621329
-3.91641	 0.855171
-3.91307	 0.597831
-3.90974	 0.635765
-3.90641	 0.581668
-3.90307	 0.676096
-3.89974	 0.586922
-3.89641	 0.552243
-3.89307	 0.596355
-3.88974	 0.663509
-3.88641	 0.593236
-3.88307	 0.710986
-3.87974	 0.738813
-3.87641	 0.747662
-3.87308	 0.65827
-3.86974	 0.689811
-3.86641	 0.613424
-3.86308	 0.556374
-3.85974	 0.652217
-3.85641	 0.69321
-3.85308	 0.518374
-3.84974	 0.630393
-3.84641	 0.704749
-3.84308	 0.632991
-3.83974	 0.554982
-3.83641	 0.682021
-3.83308	 0.713109
-3.82974	 0.668105
-3.82641	 0.728173
-3.82308	 0.626693
-3.81975	 0.658221
-3.81641	 0.686255
-3.81308	 0.603408
-3.80975	 0.530734
-3.80641	 0.590193
-3.80308	 0.54996
-3.79975	 0.602701
-3.79641	 0.614912
-3.79308	 0.859506
-3.78975	 0.677548
-3.78641	 0.64667
-3.78308	 0.612025
-3.77975	 0.752787
-3.77641	 0.754499
-3.77308	 0.731761
-3.76975	 0.649211
-3.76642	 0.651378
-3.76308	 0.708353
-3.75975	 0.628554
-3.75642	 0.620281
-3.75308	 0.561513
-3.74975	 0.643378
-3.74642	 0.637289
-3.74308	 0.715867
-3.73975	 0.584602
-3.73642	 0.665935
-3.73308	 0.640757
-3.72975	 0.720151
-3.72642	 0.76156
-3.72309	 0.685908
-3.71975	 0.584938
-3.71642	 0.671773
-3.71309	 0.552142
-3.70975	 0.675553
-3.70642	 0.668296
-3.70309	 0.591152
-3.69975	 0.669052
-3.69642	 0.643451
-3.69309	 0.577394
-3.68975	 0.6019
-3.68642	 0.595523
-3.68309	 0.792079
-3.67975	 0.540082
-3.67642	 0.618121
-3.67309	 0.626544
-3.66976	 0.568982
-3.66642	 0.629474
-3.66309	 0.602898
-3.65976	 0.621949
-3.65642	 0.658144
-3.65309	 0.782258
-3.64976	 0.651322
-3.64642	 0.741017
-3.64309	 0.516684
-3.63976	 0.616403
-3.63642	 0.613567
-3.63309	 0.579293
-3.62976	 0.65217
-3.62642	 0.733931
-3.62309	 0.763297
-3.61976	 0.65
-3.61643	 0.606586
-3.61309	 0.656989
-3.60976	 0.590028
-3.60643	 0.648032
-3.60309	 0.625344
-3.59976	 0.684886
-3.59643	 0.535946
-3.59309	 0.600102
-3.58976	 0.676576
-3.58643	 0.656145
-3.58309	 0.666643
-3.57976	 0.648126
-3.57643	 0.608106
-3.5731	 0.71419
-3.56976	 0.60369
-3.56643	 0.704497
-3.5631	 0.648597
-3.55976	 0.658273
-3.55643	 0.666375
-3.5531	 0.6287
-3.54976	 0.632685
-3.54643	 0.562911
-3.5431	 0.634324
-3.53976	 0.694912
-3.53643	 0.751837
-3.5331	 0.678826
-3.52976	 0.707865
-3.52643	 0.479435
-3.5231	 0.584635
-3.51977	 0.692719
-3.51643	 0.648914
-3.5131	 0.613259
-3.50977	 0.733802
-3.50643	 0.632392
-3.5031	 0.766421
-3.49977	 0.665572
-3.49643	 0.648484
-3.4931	 0.686836
-3.48977	 0.680077
-3.48643	 0.815358
-3.4831	 0.590182
-3.47977	 0.524729
-3.47643	 0.671358
-3.4731	 0.620296
-3.46977	 0.69048
-3.46644	 0.569272
-3.4631	 0.746859
-3.45977	 0.81784
-3.45644	 0.621205
-3.4531	 0.681012
-3.44977	 0.736577
-3.44644	 0.696185
-3.4431	 0.617695
-3.43977	 0.70699
-3.43644	 0.721761
-3.4331	 0.675971
-3.42977	 0.709756
-3.42644	 0.684438
-3.42311	 0.579922
-3.41977	 0.685306
-3.41644	 0.714331
-3.41311	 0.570449
-3.40977	 0.698918
-3.40644	 0.587787
-3.40311	 0.696307
-3.39977	 0.695218
-3.39644	 0.754928
-3.39311	 0.701858
-3.38977	 0.582652
-3.38644	 0.653457
-3.38311	 0.63906
-3.37977	 0.724038
-3.37644	 0.686638
-3.37311	 0.675824
-3.36978	 0.536525
-3.36644	 0.680439
-3.36311	 0.704284
-3.35978	 0.721185
-3.35644	 0.538544
-3.35311	 0.664643
-3.34978	 0.660282
-3.34644	 0.573976
-3.34311	 0.667235
-3.33978	 0.759656
-3.33644	 0.719278
-3.33311	 0.70457
-3.32978	 0.510836
-3.32644	 0.679317
-3.32311	 0.667725
-3.31978	 0.750963
-3.31645	 0.693683
-3.31311	 0.787863
-3.30978	 0.709932
-3.30645	 0.559548
-3.30311	 0.685708
-3.29978	 0.732238
-3.29645	 0.544339
-3.29311	 0.71862
-3.28978	 0.816998
-3.28645	 0.714617
-3.28311	 0.657407
-3.27978	 0.78985
-3.27645	 0.691803
-3.27312	 0.763602
-3.26978	 0.647873
-3.26645	 0.613037
-3.26312	 0.678199
-3.25978	 0.538277
-3.25645	 0.767356
-3.25312	 0.871658
-3.24978	 0.796365
-3.24645	 0.704892
-3.24312	 0.723718
-3.23978	 0.678468
-3.23645	 0.724072
-3.23312	 0.601573
-3.22978	 0.777756
-3.22645	 0.699281
-3.22312	 0.664015
-3.21979	 0.740075
-3.21645	 0.756737
-3.21312	 0.697364
-3.20979	 0.625054
-3.20645	 0.661442
-3.20312	 0.698842
-3.19979	 0.607035
-3.19645	 0.676158
-3.19312	 0.784761
-3.18979	 0.621164
-3.18645	 0.675554
-3.18312	 0.707387
-3.17979	 0.722461
-3.17645	 0.794149
-3.17312	 0.676711
-3.16979	 0.734111
-3.16646	 0.782516
-3.16312	 0.719762
-3.15979	 0.565267
-3.15646	 0.696413
-3.15312	 0.657093
-3.14979	 0.805745
-3.14646	 0.703258
-3.14312	 0.648748
-3.13979	 0.722599
-3.13646	 0.436085
-3.13312	 0.710469
-3.12979	 0.672802
-3.12646	 0.726597
-3.12313	 0.609229
-3.11979	 0.57439
-3.11646	 0.731408
-3.11313	 0.737515
-3.10979	 0.768437
-3.10646	 0.639984
-3.10313	 0.798083
-3.09979	 0.84488
-3.09646	 0.738439
-3.09313	 0.874072
-3.08979	 0.669838
-3.08646	 0.699618
-3.08313	 0.785755
-3.07979	 0.680516
-3.07646	 0.684613
-3.07313	 0.679023
-3.0698	 0.614699
-3.06646	 0.692457
-3.06313	 0.767608
-3.0598	 0.699546
-3.05646	 0.721982
-3.05313	 0.7107
-3.0498	 0.729531
-3.04646	 0.727868
-3.04313	 0.801347
-3.0398	 0.599281
-3.03646	 0.674217
-3.03313	 0.689801
-3.0298	 0.666386
-3.02646	 0.661884
-3.02313	 0.802762
-3.0198	 0.776512
-3.01647	 0.733525
-3.01313	 0.594577
-3.0098	 0.742361
-3.00647	 0.804386
-3.00313	 0.775115
-2.9998	 0.754857
-2.99647	 0.662251
-2.99313	 0.646514
-2.9898	 0.81434
-2.98647	 0.760911
-2.98313	 0.766851
-2.9798	 0.697504
-2.97647	 0.623413
-2.97314	 0.902682
-2.9698	 0.795731
-2.96647	 0.766094
-2.96314	 0.654611
-2.9598	 0.712215
-2.95647	 0.986795
-2.95314	 0.771348
-2.9498	 0.781187
-2.94647	 0.770242
-2.94314	 0.69763
-2.9398	 0.838946
-2.93647	 0.723939
-2.93314	 0.765571
-2.9298	 0.759472
-2.92647	 0.761198
-2.92314	 0.699635
-2.91981	 0.863932
-2.91647	 0.693018
-2.91314	 0.851297
-2.90981	 0.588664
-2.90647	 0.700373
-2.90314	 0.658763
-2.89981	 0.82508
-2.89647	 0.698112
-2.89314	 0.725151
-2.88981	 0.670278
-2.88647	 0.810366
-2.88314	 0.693087
-2.87981	 0.785427
-2.87647	 0.663581
-2.87314	 0.744774
-2.86981	 0.617958
-2.86648	 0.65925
-2.86314	 0.633498
-2.85981	 0.764295
-2.85648	 0.622858
-2.85314	 0.805991
-2.84981	 0.649772
-2.84648	 0.569059
-2.84314	 0.773363
-2.83981	 0.546166
-2.83648	 0.671301
-2.83314	 0.721616
-2.82981	 0.831583
-2.82648	 0.774856
-2.82315	 0.870998
-2.81981	 0.757528
-2.81648	 0.791455
-2.81315	 0.859304
-2.80981	 0.718392
-2.80648	 0.632314
-2.80315	 0.726442
-2.79981	 0.79073
-2.79648	 0.794967
-2.79315	 0.751755
-2.78981	 0.746468
-2.78648	 0.797845
-2.78315	 0.744838
-2.77981	 0.797633
-2.77648	 0.793779
-2.77315	 0.729096
-2.76982	 0.785013
-2.76648	 0.857356
-2.76315	 0.711519
-2.75982	 0.740587
-2.75648	 0.747086
-2.75315	 0.687716
-2.74982	 0.635506
-2.74648	 0.763012
-2.74315	 0.765154
-2.73982	 0.845249
-2.73648	 0.694094
-2.73315	 0.652223
-2.72982	 0.699313
-2.72648	 0.721517
-2.72315	 0.768069
-2.71982	 0.716082
-2.71649	 0.7388
-2.71315	 0.684578
-2.70982	 0.952256
-2.70649	 0.785967
-2.70315	 0.683921
-2.69982	 0.624313
-2.69649	 0.556025
-2.69315	 0.669411
-2.68982	 0.890375
-2.68649	 0.787403
-2.68315	 0.817622
-2.67982	 0.585017
-2.67649	 0.655543
-2.67316	 0.783275
-2.66982	 0.727419
-2.66649	 0.757523
-2.66316	 0.734732
-2.65982	 0.744574
-2.65649	 0.717951
-2.65316	 0.801128
-2.64982	 0.657601
-2.64649	 0.658807
-2.64316	 0.761178
-2.63982	 0.714357
-2.63649	 0.656336
-2.63316	 0.952306
-2.62982	 0.636555
-2.62649	 0.680762
-2.62316	 0.782391
-2.61983	 0.713076
-2.61649	 0.679631
-2.61316	 0.734861
-2.60983	 0.723173
-2.60649	 0.638167
-2.60316	 0.750979
-2.59983	 0.741091
-2.59649	 0.796776
-2.59316	 0.65817
-2.58983	 0.676163
-2.58649	 0.80552
-2.58316	 0.931921
-2.57983	 0.790683
-2.57649	 0.602131
-2.57316	 0.795576
-2.56983	 0.78199
-2.5665	 0.704931
-2.56316	 0.789916
-2.55983	 0.731452
-2.5565	 0.754302
-2.55316	 0.81991
-2.54983	 0.618666
-2.5465	 0.705342
-2.54316	 0.666613
-2.53983	 0.758949
-2.5365	 0.783596
-2.53316	 0.662512
-2.52983	 0.749518
-2.5265	 0.847706
-2.52317	 0.852393
-2.51983	 0.780508
-2.5165	 0.803982
-2.51317	 0.676934
-2.50983	 0.701264
-2.5065	 0.710324
-2.50317	 0.708042
-2.49983	 0.731962
-2.4965	 0.810489
-2.49317	 0.619687
-2.48983	 0.788578
-2.4865	 0.724005
-2.48317	 0.748864
-2.47983	 0.800109
-2.4765	 0.765345
-2.47317	 0.789321
-2.46984	 0.84408
-2.4665	 0.698778
-2.46317	 0.750943
-2.45984	 0.759663
-2.4565	 0.663422
-2.45317	 0.729417
-2.44984	 0.811276
-2.4465	 0.82889
-2.44317	 0.974867
-2.43984	 0.761241
-2.4365	 0.769931
-2.43317	 0.678471
-2.42984	 0.791268
-2.4265	 0.742433
-2.42317	 0.819556
-2.41984	 0.760861
-2.41651	 0.701327
-2.41317	 0.816112
-2.40984	 0.820431
-2.40651	 0.69331
-2.40317	 0.810952
-2.39984	 0.887419
-2.39651	 0.768514
-2.39317	 0.78164
-2.38984	 0.907201
-2.38651	 0.960648
-2.38317	 0.648448
-2.37984	 0.792407
-2.37651	 0.8236
-2.37318	 0.780887
-2.36984	 0.796396
-2.36651	 0.812817
-2.36318	 0.685121
-2.35984	 0.761717
-2.35651	 0.77933
-2.35318	 0.836918
-2.34984	 0.768895
-2.34651	 0.784337
-2.34318	 0.774887
-2.33984	 0.732505
-2.33651	 0.800408
-2.33318	 0.708376
-2.32984	 0.785459
-2.32651	 0.786311
-2.32318	 0.736819
-2.31985	 0.802373
-2.31651	 0.7745
-2.31318	 0.716204
-2.30985	 0.888006
-2.30651	 0.752233
-2.30318	 0.722178
-2.29985	 0.837851
-2.29651	 0.865067
-2.29318	 0.762463
-2.28985	 0.905701
-2.28651	 0.727144
-2.28318	 0.877758
-2.27985	 0.852327
-2.27651	 0.800928
-2.27318	 0.770575
-2.26985	 0.774185
-2.26652	 0.968956
-2.26318	 0.756186
-2.25985	 0.812007
-2.25652	 0.743821
-2.25318	 0.835151
-2.24985	 0.741996
-2.24652	 0.793584
-2.24318	 0.827376
-2.23985	 0.792666
-2.23652	 0.790979
-2.23318	 0.706814
-2.22985	 0.806308
-2.22652	 0.721469
-2.22319	 0.801532
-2.21985	 0.705258
-2.21652	 0.723891
-2.21319	 0.592694
-2.20985	 0.716744
-2.20652	 0.701452
-2.20319	 0.743162
-2.19985	 0.818917
-2.19652	 0.847964
-2.19319	 0.795179
-2.18985	 0.81079
-2.18652	 0.764254
-2.18319	 0.701203
-2.17985	 0.873153
-2.17652	 0.83222
-2.17319	 0.777309
-2.16986	 0.867782
-2.16652	 0.809236
-2.16319	 0.862662
-2.15986	 0.715969
-2.15652	 0.930724
-2.15319	 0.740707
-2.14986	 0.934144
-2.14652	 0.854694
-2.14319	 0.741804
-2.13986	 0.720096
-2.13652	 0.807346
-2.13319	 0.665403
-2.12986	 0.667501
-2.12652	 1.04322
-2.12319	 0.91011
-2.11986	 0.683873
-2.11653	 0.920839
-2.11319	 0.852005
-2.10986	 0.755115
-2.10653	 0.844838
-2.10319	 0.829903
-2.09986	 0.883831
-2.09653	 0.609969
-2.09319	 0.865964
-2.08986	 0.799418
-2.08653	 0.793399
-2.08319	 0.569941
-2.07986	 0.75977
-2.07653	 0.841998
-2.0732	 0.709192
-2.06986	 0.74757
-2.06653	 0.783099
-2.0632	 0.766518
-2.05986	 0.830008
-2.05653	 0.954522
-2.0532	 0.925549
-2.04986	 0.81143
-2.04653	 0.748711
-2.0432	 0.837479
-2.03986	 0.72926
-2.03653	 0.943124
-2.0332	 0.914732
-2.02986	 0.807589
-2.02653	 0.689081
-2.0232	 0.65887
-2.01987	 0.93101
-2.01653	 0.854385
-2.0132	 0.833192
-2.00987	 0.843313
-2.00653	 0.909292
-2.0032	 0.644497
-1.99987	 0.733244
-1.99653	 0.66605
-1.9932	 0.696617
-1.98987	 0.801524
-1.98653	 0.831726
-1.9832	 0.775002
-1.97987	 0.910016
-1.97653	 0.805912
-1.9732	 0.711815
-1.96987	 0.754295
-1.96654	 0.905997
-1.9632	 0.815772
-1.95987	 0.892891
-1.95654	 0.922123
-1.9532	 0.832392
-1.94987	 0.920586
-1.94654	 0.786108
-1.9432	 0.962656
-1.93987	 0.756063
-1.93654	 0.821682
-1.9332	 0.824132
-1.92987	 0.799989
-1.92654	 0.743434
-1.92321	 0.847456
-1.91987	 0.690104
-1.91654	 0.707948
-1.91321	 0.983181
-1.90987	 0.797204
-1.90654	 0.874965
-1.90321	 1.00887
-1.89987	 0.723393
-1.89654	 0.870448
-1.89321	 0.63055
-1.88987	 0.860844
-1.88654	 0.815442
-1.88321	 0.749096
-1.87987	 0.828081
-1.87654	 0.706468
-1.87321	 0.899958
-1.86988	 0.720751
-1.86654	 0.907995
-1.86321	 0.933459
-1.85988	 0.871893
-1.85654	 0.843483
-1.85321	 0.617056
-1.84988	 0.742768
-1.84654	 0.867023
-1.84321	 0.786006
-1.83988	 0.77406
-1.83654	 0.987931
-1.83321	 0.91211
-1.82988	 0.780577
-1.82654	 0.759569
-1.82321	 0.706631
-1.81988	 0.827854
-1.81655	 0.812081
-1.81321	 0.826729
-1.80988	 0.721272
-1.80655	 0.796641
-1.80321	 0.826379
-1.79988	 0.75044
-1.79655	 0.706501
-1.79321	 0.858198
-1.78988	 0.942633
-1.78655	 0.624203
-1.78321	 0.782548
-1.77988	 0.753776
-1.77655	 0.95282
-1.77322	 0.891133
-1.76988	 0.679666
-1.76655	 0.776751
-1.76322	 0.932871
-1.75988	 0.907713
-1.75655	 0.670275
-1.75322	 0.859444
-1.74988	 0.776536
-1.74655	 0.863811
-1.74322	 0.914381
-1.73988	 0.915471
-1.73655	 0.771437
-1.73322	 0.787946
-1.72988	 0.805162
-1.72655	 0.79536
-1.72322	 0.919827
-1.71989	 0.729792
-1.71655	 0.787012
-1.71322	 0.678293
-1.70989	 0.913985
-1.70655	 0.887119
-1.70322	 0.770819
-1.69989	 0.83776
-1.69655	 0.70595
-1.69322	 0.846787
-1.68989	 0.846428
-1.68655	 0.810991
-1.68322	 0.737044
-1.67989	 0.925773
-1.67655	 0.811027
-1.67322	 0.768255
-1.66989	 0.820031
-1.66656	 0.757152
-1.66322	 0.781303
-1.65989	 0.765138
-1.65656	 0.942447
-1.65322	 0.761545
-1.64989	 0.978001
-1.64656	 0.674177
-1.64322	 0.976276
-1.63989	 0.971232
-1.63656	 0.836427
-1.63322	 0.824005
-1.62989	 0.946352
-1.62656	 0.865028
-1.62323	 0.688049
-1.61989	 0.916601
-1.61656	 0.721879
-1.61323	 0.848377
-1.60989	 0.752579
-1.60656	 0.916283
-1.60323	 0.685044
-1.59989	 0.647093
-1.59656	 0.880908
-1.59323	 0.901222
-1.58989	 0.792577
-1.58656	 0.864917
-1.58323	 0.767912
-1.57989	 0.818652
-1.57656	 1.12421
-1.57323	 0.846074
-1.5699	 0.850369
-1.56656	 0.839585
-1.56323	 0.815255
-1.5599	 0.947025
-1.55656	 0.954399
-1.55323	 0.867047
-1.5499	 0.70744
-1.54656	 0.850951
-1.54323	 0.904108
-1.5399	 0.791199
-1.53656	 0.976109
-1.53323	 0.760032
-1.5299	 0.693212
-1.52656	 0.832386
-1.52323	 0.891282
-1.5199	 1.09399
-1.51657	 0.913465
-1.51323	 0.937652
-1.5099	 0.955028
-1.50657	 0.919453
-1.50323	 0.756504
-1.4999	 0.816364
-1.49657	 0.950114
-1.49323	 0.849431
-1.4899	 0.84612
-1.48657	 0.861996
-1.48323	 0.845764
-1.4799	 0.877827
-1.47657	 0.865603
-1.47324	 0.747405
-1.4699	 0.818615
-1.46657	 0.922538
-1.46324	 0.696528
-1.4599	 0.947829
-1.45657	 0.758156
-1.45324	 0.734976
-1.4499	 0.712087
-1.44657	 0.973644
-1.44324	 0.995387
-1.4399	 0.931745
-1.43657	 0.903808
-1.43324	 0.930989
-1.4299	 0.828907
-1.42657	 0.783044
-1.42324	 0.93413
-1.41991	 0.894029
-1.41657	 0.912951
-1.41324	 0.840018
-1.40991	 0.82491
-1.40657	 0.814526
-1.40324	 0.905972
-1.39991	 0.845802
-1.39657	 0.90272
-1.39324	 0.884195
-1.38991	 1.01273
-1.38657	 0.828664
-1.38324	 0.818783
-1.37991	 0.845581
-1.37657	 1.01602
-1.37324	 0.708171
-1.36991	 1.04418
-1.36658	 0.951313
-1.36324	 0.885939
-1.35991	 0.795141
-1.35658	 0.742216
-1.35324	 0.750634
-1.34991	 0.804013
-1.34658	 0.735169
-1.34324	 0.836143
-1.33991	 0.924046
-1.33658	 0.877563
-1.33324	 0.832473
-1.32991	 0.806307
-1.32658	 0.864832
-1.32325	 0.845083
-1.31991	 0.79825
-1.31658	 0.883794
-1.31325	 0.840349
-1.30991	 0.86934
-1.30658	 0.753491
-1.30325	 1.0105
-1.29991	 0.878268
-1.29658	 0.839678
-1.29325	 0.971744
-1.28991	 0.940201
-1.28658	 0.917303
-1.28325	 1.00459
-1.27991	 0.946985
-1.27658	 0.801134
-1.27325	 0.996854
-1.26992	 1.03541
-1.26658	 0.764465
-1.26325	 0.855208
-1.25992	 0.830459
-1.25658	 0.926486
-1.25325	 0.794096
-1.24992	 0.81455
-1.24658	 0.850659
-1.24325	 0.806014
-1.23992	 0.818092
-1.23658	 0.953024
-1.23325	 0.770267
-1.22992	 0.723984
-1.22658	 1.02984
-1.22325	 1.03828
-1.21992	 0.893958
-1.21659	 1.00743
-1.21325	 0.959126
-1.20992	 0.899228
-1.20659	 0.837694
-1.20325	 0.879856
-1.19992	 0.897386
-1.19659	 1.01016
-1.19325	 0.925836
-1.18992	 0.870029
-1.18659	 0.878173
-1.18325	 0.901858
-1.17992	 0.810857
-1.17659	 0.915792
-1.17326	 0.925684
-1.16992	 0.852286
-1.16659	 1.04141
-1.16326	 0.978477
-1.15992	 0.861373
-1.15659	 0.820211
-1.15326	 0.759717
-1.14992	 0.730935
-1.14659	 0.867012
-1.14326	 0.991656
-1.13992	 0.757677
-1.13659	 0.942908
-1.13326	 0.917191
-1.12992	 0.811184
-1.12659	 0.793689
-1.12326	 0.811709
-1.11993	 0.816501
-1.11659	 0.879725
-1.11326	 0.908569
-1.10993	 1.04852
-1.10659	 0.770584
-1.10326	 0.731887
-1.09993	 0.978922
-1.09659	 0.85281
-1.09326	 0.913929
-1.08993	 0.927659
-1.08659	 0.918332
-1.08326	 1.07279
-1.07993	 0.917403
-1.07659	 0.687901
-1.07326	 0.790334
-1.06993	 0.85994
-1.0666	 1.07527
-1.06326	 0.865483
-1.05993	 0.9683
-1.0566	 0.847701
-1.05326	 1.02918
-1.04993	 0.887421
-1.0466	 0.921651
-1.04326	 0.969582
-1.03993	 0.732674
-1.0366	 0.969896
-1.03326	 1.12355
-1.02993	 1.00143
-1.0266	 0.93841
-1.02327	 0.793624
-1.01993	 0.909744
-1.0166	 0.955404
-1.01327	 0.939099
-1.00993	 0.769067
-1.0066	 1.00537
-1.00327	 0.989048
-0.999933	 0.797124
-0.9966	 1.00848
-0.993267	 0.916277
-0.989934	 0.895504
-0.986601	 0.853839
-0.983268	 0.899503
-0.979935	 0.967841
-0.976602	 0.907882
-0.973268	 0.878066
-0.969935	 0.876645
-0.966602	 0.923626
-0.963269	 1.0076
-0.959936	 0.675598
-0.956603	 0.789628
-0.95327	 1.04246
-0.949937	 0.925981
-0.946604	 0.883235
-0.94327	 0.860968
-0.939937	 0.969186
-0.936604	 1.00991
-0.933271	 0.944769
-0.929938	 1.08017
-0.926605	 0.917611
-0.923272	 0.863759
-0.919939	 0.83995
-0.916606	 0.811443
-0.913272	 0.842405
-0.909939	 0.762917
-0.906606	 1.13636
-0.903273	 0.832072
-0.89994	 0.916392
-0.896607	 0.868171
-0.893274	 0.794706
-0.889941	 0.821321
-0.886608	 0.976226
-0.883274	 0.885343
-0.879941	 0.655748
-0.876608	 0.855551
-0.873275	 0.868302
-0.869942	 0.879851
-0.866609	 0.886665
-0.863276	 0.864763
-0.859943	 0.863086
-0.85661	 1.13224
-0.853276	 0.997336
-0.849943	 0.893174
-0.84661	 1.06065
-0.843277	 0.805407
-0.839944	 0.963698
-0.836611	 0.832496
-0.833278	 0.841806
-0.829945	 1.25541
-0.826612	 0.8176
-0.823278	 0.859783
-0.819945	 1.02328
-0.816612	 0.982238
-0.813279	 0.986106
-0.809946	 0.938396
-0.806613	 0.97515
-0.80328	 0.887754
-0.799947	 0.990849
-0.796614	 0.980074
-0.79328	 0.802885
-0.789947	 0.80641
-0.786614	 0.865896
-0.783281	 1.0736
-0.779948	 0.983142
-0.776615	 0.974765
-0.773282	 0.872469
-0.769949	 0.73621
-0.766616	 1.0354
-0.763282	 1.0422
-0.759949	 0.805314
-0.756616	 0.963507
-0.753283	 0.890174
-0.74995	 0.778283
-0.746617	 0.885127
-0.743284	 0.905086
-0.739951	 0.807475
-0.736618	 0.720447
-0.733284	 0.92214
-0.729951	 0.993425
-0.726618	 1.00054
-0.723285	 0.896986
-0.719952	 0.854404
-0.716619	 1.1492
-0.713286	 0.842502
-0.709953	 0.951534
-0.70662	 1.08213
-0.703286	 0.823922
-0.699953	 0.859354
-0.69662	 0.800484
-0.693287	 0.884485
-0.689954	 0.987084
-0.686621	 0.89393
-0.683288	 1.04185
-0.679955	 0.955774
-0.676622	 0.876381
-0.673288	 0.855013
-0.669955	 0.756686
-0.666622	 0.847056
-0.663289	 0.762685
-0.659956	 0.884593
-0.656623	 0.751536
-0.65329	 0.850469
-0.649957	 0.705482
-0.646624	 0.842531
-0.64329	 0.855982
-0.639957	 0.754743
-0.636624	 0.986449
-0.633291	 0.945812
-0.629958	 0.765878
-0.626625	 0.841797
-0.623292	 1.03976
-0.619959	 0.884698
-0.616626	 0.786193
-0.613292	 0.886786
-0.609959	 1.06834
-0.606626	 0.901418
-0.603293	 0.806602
-0.59996	 1.03682
-0.596627	 0.894889
-0.593294	 0.893546
-0.589961	 0.938188
-0.586628	 0.845308
-0.583294	 0.787078
-0.579961	 0.912542
-0.576628	 1.02112
-0.573295	 0.983668
-0.569962	 0.911547
-0.566629	 1.01526
-0.563296	 0.803207
-0.559963	 1.00424
-0.55663	 1.0289
-0.553296	 0.823844
-0.549963	 0.968731
-0.54663	 0.908468
-0.543297	 1.06973
-0.539964	 0.777525
-0.536631	 0.905461
-0.533298	 0.87792
-0.529965	 1.02389
-0.526632	 0.964579
-0.523298	 0.73539
-0.519965	 0.969033
-0.516632	 0.978882
-0.513299	 0.873613
-0.509966	 0.859228
-0.506633	 0.940835
-0.5033	 1.07671
-0.499967	 0.648711
-0.496634	 1.13154
-0.4933	 0.844571
-0.489967	 0.877743
-0.486634	 0.778042
-0.483301	 0.979091
-0.479968	 0.7742
-0.476635	 0.670107
-0.473302	 1.02402
-0.469969	 1.01531
-0.466636	 0.801805
-0.463302	 0.902184
-0.459969	 1.07124
-0.456636	 1.10602
-0.453303	 0.930698
-0.44997	 0.987197
-0.446637	 0.943594
-0.443304	 0.796457
-0.439971	 1.03898
-0.436638	 0.919491
-0.433304	 0.867353
-0.429971	 0.825709
-0.426638	 0.816984
-0.423305	 0.918713
-0.419972	 0.961336
-0.416639	 0.905241
-0.413306	 0.90255
-0.409973	 0.738447
-0.40664	 0.88522
-0.403306	 0.971105
-0.399973	 0.954877
-0.39664	 0.958648
-0.393307	 0.869392
-0.389974	 0.888406
-0.386641	 0.854423
-0.383308	 1.01866
-0.379975	 1.02101
-0.376642	 0.910431
-0.373308	 0.797399
-0.369975	 0.861434
-0.366642	 0.859696
-0.363309	 0.850816
-0.359976	 0.897683
-0.356643	 0.935831
-0.35331	 1.0118
-0.349977	 0.807322
-0.346644	 0.696544
-0.34331	 0.971334
-0.339977	 0.88786
-0.336644	 0.879861
-0.333311	 0.858447
-0.329978	 1.00748
-0.326645	 0.802778
-0.323312	 0.764737
-0.319979	 0.846646
-0.316646	 1.11059
-0.313312	 1.0545
-0.309979	 0.882624
-0.306646	 1.02532
-0.303313	 0.877084
-0.29998	 0.841844
-0.296647	 0.873466
-0.293314	 0.902918
-0.289981	 0.91414
-0.286648	 0.902629
-0.283314	 0.888763
-0.279981	 0.799444
-0.276648	 0.831082
-0.273315	 1.16901
-0.269982	 0.947057
-0.266649	 0.922391
-0.263316	 0.829137
-0.259983	 0.942198
-0.25665	 0.984128
-0.253316	 1.00431
-0.249983	 1.01072
-0.24665	 1.00654
-0.243317	 0.947782
-0.239984	 0.949519
-0.236651	 1.03533
-0.233318	 0.818735
-0.229985	 0.808474
-0.226652	 0.850478
-0.223318	 0.951239
-0.219985	 0.710422
-0.216652	 0.87976
-0.213319	 0.970647
-0.209986	 1.08292
-0.206653	 0.874768
-0.20332	 0.785173
-0.199987	 0.901591
-0.196654	 0.974043
-0.19332	 0.979916
-0.189987	 1.08237
-0.186654	 0.933431
-0.183321	 0.733522
-0.179988	 0.879984
-0.176655	 0.907083
-0.173322	 0.943877
-0.169989	 0.975684
-0.166656	 0.973554
-0.163322	 1.03714
-0.159989	 1.0965
-0.156656	 1.07265
-0.153323	 0.918824
-0.14999	 0.897843
-0.146657	 0.902965
-0.143324	 0.799622
-0.139991	 0.843086
-0.136658	 0.905833
-0.133324	 0.928117
-0.129991	 0.942775
-0.126658	 0.823502
-0.123325	 0.753169
-0.119992	 0.949455
-0.116659	 0.976685
-0.113326	 0.750524
-0.109993	 1.2335
-0.10666	 0.943434
-0.103326	 0.808303
-0.0999933	 0.845223
-0.0966602	 0.895571
-0.0933271	 0.832652
-0.089994	 0.869468
-0.0866609	 0.972501
-0.0833278	 0.913114
-0.0799947	 1.1032
-0.0766616	 0.94466
-0.0733284	 1.00997
-0.0699953	 0.95107
-0.0666622	 1.00187
-0.0633291	 0.940169
-0.059996	 0.741178
-0.0566629	 0.908153
-0.0533298	 0.80039
-0.0499967	 1.00659
-0.0466636	 1.10672
-0.0433304	 0.76564
-0.0399973	 0.922862
-0.0366642	 0.771356
-0.0333311	 0.916558
-0.029998	 0.910934
-0.0266649	 0.882732
-0.0233318	 0.989364
-0.0199987	 0.834478
-0.0166656	 0.921732
-0.0133324	 1.02166
-0.00999933	 0.988991
-0.00666622	 1.07218
-0.00333311	 0.0620343
0	 1
0.00333311	 0.756941
0.00666622	 1.17127
0.00999933	 0.919903
0.0133324	 0.954614
0.0166656	 0.744866
0.0199987	 0.790877
0.0233318	 0.908696
0.0266649	 1.2216
0.029998	 0.979382
0.0333311	 0.869585
0.0366642	 1.04697
0.0399973	 1.10477
0.0433304	 0.895158
0.0466636	 0.821599
0.0499967	 1.29649
0.0533298	 0.787351
0.0566629	 0.729033
0.059996	 0.975948
0.0633291	 0.923519
0.0666622	 0.909664
0.0699953	 1.1518
0.0733284	 0.817088
0.0766616	 0.787913
0.0799947	 0.869756
0.0833278	 1.12084
0.0866609	 0.974408
0.089994	 0.80993
0.0933271	 0.86017
0.0966602	 0.944804
0.0999933	 0.910923
0.103326	 0.895911
0.10666	 0.875576
0.109993	 0.920541
0.113326	 0.752019
0.116659	 0.876978
0.119992	 0.915775
0.123325	 1.1275
0.126658	 0.777377
0.129991	 0.691059
0.133324	 0.849813
0.136658	 0.9868
0.139991	 0.852038
0.143324	 0.936488
0.146657	 0.976768
0.14999	 1.00635
0.153323	 0.76737
0.156656	 0.98547
0.159989	 0.930095
0.163322	 0.894636
0.166656	 0.784156
0.169989	 0.971081
0.173322	 1.11023
0.176655	 1.07314
0.179988	 0.916264
0.183321	 0.880759
0.186654	 0.829553
0.189987	 0.741106
0.19332	 0.859046
0.196654	 0.986631
0.199987	 0.875282
0.20332	 0.879997
0.206653	 0.9482
0.209986	 0.937806
0.213319	 0.909461
0.216652	 0.697935
0.219985	 1.12351
0.223318	 1.02859
0.226652	 0.736916
0.229985	 0.830358
0.233318	 0.849125
0.236651	 1.02406
0.239984	 1.17669
0.243317	 0.857806
0.24665	 1.02265
0.249983	 0.814096
0.253316	 0.873312
0.25665	 0.776634
0.259983	 1.05837
0.263316	 0.951096
0.266649	 0.883314
0.269982	 0.985212
0.273315	 0.902988
0.276648	 0.804247
0.279981	 0.843397
0.283314	 0.963804
0.286648	 0.947709
0.289981	 0.970661
0.293314	 0.845017
0.296647	 0.706211
0.29998	 0.948973
0.303313	 0.899703
0.306646	 0.953471
0.309979	 0.887711
0.313312	 0.779836
0.316646	 1.05409
0.319979	 0.868722
0.323312	 1.0981
0.326645	 0.776618
0.329978	 0.907672
0.333311	 0.998013
0.336644	 0.944631
0.339977	 0.898827
0.34331	 0.906345
0.346644	 0.959833
0.349977	 0.851557
0.35331	 0.821564
0.356643	 0.838156
0.359976	 0.839052
0.363309	 0.901785
0.366642	 0.936894
0.369975	 0.868073
0.373308	 0.751725
0.376642	 0.973888
0.379975	 0.973704
0.383308	 0.886586
0.386641	 1.04441
0.389974	 0.799996
0.393307	 1.01367
0.39664	 0.860102
0.399973	 0.839588
0.403306	 0.959692
0.40664	 0.823894
0.409973	 1.11521
0.413306	 0.912122
0.416639	 0.855602
0.419972	 0.930546
0.423305	 0.847108
0.426638	 0.964056
0.429971	 1.03215
0.433304	 0.825671
0.436638	 0.910579
0.439971	 0.933294
0.443304	 0.803148
0.446637	 0.831796
0.44997	 0.831434
0.453303	 0.960605
0.456636	 0.909498
0.459969	 1.03254
0.463302	 0.79698
0.466636	 0.931597
0.469969	 0.81315
0.473302	 0.984616
0.476635	 0.85415
0.479968	 0.878263
0.483301	 1.01605
0.486634	 0.912787
0.489967	 0.882966
0.4933	 0.971848
0.496634	 0.907328
0.499967	 0.98089
0.5033	 0.88727
0.506633	 0.954508
0.509966	 0.86226
0.513299	 0.778192
0.516632	 0.803932
0.519965	 0.949565
0.523298	 0.854448
0.526632	 0.854632
0.529965	 0.847816
0.533298	 0.850539
0.536631	 0.923032
0.539964	 0.877074
0.543297	 0.971341
0.54663	 0.712324
0.549963	 0.707755
0.553296	 0.924688
0.55663	 0.758067
0.559963	 0.681172
0.563296	 1.02169
0.566629	 1.08494
0.569962	 0.894839
0.573295	 0.809138
0.576628	 0.867256
0.579961	 0.695144
0.583294	 0.935436
0.586628	 0.99967
0.589961	 0.951962
0.593294	 0.775019
0.596627	 1.05859
0.59996	 0.896872
0.603293	 0.823061
0.606626	 1.02384
0.609959	 1.02724
0.613292	 0.955147
0.616626	 0.819112
0.619959	 0.879647
0.623292	 0.856339
0.626625	 0.85443
0.629958	 1.1148
0.633291	 0.894452
0.636624	 1.00567
0.639957	 0.917362
0.64329	 0.939654
0.646624	 0.713364
0.649957	 0.837693
0.65329	 0.971395
0.656623	 0.996441
0.659956	 0.949451
0.663289	 0.908752
0.666622	 0.795616
0.669955	 1.04459
0.673288	 0.785092
0.676622	 0.798328
0.679955	 0.890216
0.683288	 0.835103
0.686621	 0.936502
0.689954	 0.732948
0.693287	 0.955558
0.69662	 0.789053
0.699953	 0.839733
0.703286	 0.899443
0.70662	 1.03514
0.709953	 1.07105
0.713286	 0.722283
0.716619	 0.886586
0.719952	 1.21804
0.723285	 0.877138
0.726618	 0.83803
0.729951	 0.761834
0.733284	 0.999327
0.736618	 1.01099
0.739951	 0.94729
0.743284	 0.780866
0.746617	 0.845286
0.74995	 1.03511
0.753283	 0.652381
0.756616	 1.21012
0.759949	 0.85875
0.763282	 0.904005
0.766616	 0.801416
0.769949	 0.968893
0.773282	 0.888001
0.776615	 0.909196
0.779948	 1.0595
0.783281	 0.956284
0.786614	 0.872761
0.789947	 0.852567
0.79328	 0.917379
0.796614	 0.957465
0.799947	 0.901404
0.80328	 0.834149
0.806613	 0.745976
0.809946	 0.961253
0.813279	 0.995284
0.816612	 0.908918
0.819945	 0.896092
0.823278	 1.11771
0.826612	 0.998189
0.829945	 0.907789
0.833278	 0.637336
0.836611	 0.769409
0.839944	 0.806852
0.843277	 0.765382
0.84661	 0.959995
0.849943	 0.874419
0.853276	 0.809166
0.85661	 0.861038
0.859943	 0.759454
0.863276	 0.922021
0.866609	 0.828159
0.869942	 0.867938
0.873275	 0.631321
0.876608	 0.952027
0.879941	 0.829713
0.883274	 0.902421
0.886608	 0.796428
0.889941	 0.829249
0.893274	 0.897349
0.896607	 0.853808
0.89994	 0.902246
0.903273	 0.983001
0.906606	 0.987417
0.909939	 1.10376
0.913272	 0.881694
0.916606	 0.931754
0.919939	 0.852498
0.923272	 0.725747
0.926605	 0.735164
0.929938	 0.918959
0.933271	 1.10636
0.936604	 0.842755
0.939937	 0.912196
0.94327	 0.825809
0.946604	 0.978582
0.949937	 0.943848
0.95327	 0.861694
0.956603	 1.02686
0.959936	 0.816851
0.963269	 0.873706
0.966602	 1.01624
0.969935	 1.14488
0.973268	 0.945265
0.976602	 1.06085
0.979935	 0.884724
0.983268	 0.69585
0.986601	 0.803525
0.989934	 0.813836
0.993267	 0.85739
0.9966	 0.830978
0.999933	 0.902167
1.00327	 0.730811
1.0066	 0.936965
1.00993	 1.09666
1.01327	 0.92742
1.0166	 0.762914
1.01993	 0.818157
1.02327	 0.791199
1.0266	 1.12546
1.02993	 0.795234
1.03326	 0.851906
1.0366	 0.947247
1.03993	 0.897648
1.04326	 0.8634
1.0466	 0.891297
1.04993	 0.867466
1.05326	 0.808044
1.0566	 0.897861
1.05993	 0.882303
1.06326	 0.958359
1.0666	 1.0588
1.06993	 0.92385
1.07326	 0.874611
1.07659	 0.876689
1.07993	 0.891531
1.08326	 0.78251
1.08659	 0.958101
1.08993	 0.94959
1.09326	 0.837748
1.09659	 0.898729
1.09993	 0.954473
1.10326	 0.672522
1.10659	 0.89676
1.10993	 0.90992
1.11326	 0.799845
1.11659	 0.972191
1.11993	 0.884819
1.12326	 0.838032
1.12659	 0.814754
1.12992	 0.901116
1.13326	 1.06914
1.13659	 0.874391
1.13992	 0.975192
1.14326	 0.789441
1.14659	 0.720511
1.14992	 0.865738
1.15326	 0.918009
1.15659	 0.901125
1.15992	 0.758911
1.16326	 0.926704
1.16659	 0.989201
1.16992	 0.863295
1.17326	 1.03179
1.17659	 0.924234
1.17992	 0.71357
1.18325	 0.901023
1.18659	 0.832102
1.18992	 0.853043
1.19325	 0.798251
1.19659	 0.902428
1.19992	 0.841376
1.20325	 0.856981
1.20659	 0.812626
1.20992	 0.872327
1.21325	 0.824576
1.21659	 0.810992
1.21992	 0.777679
1.22325	 0.945375
1.22658	 0.943403
1.22992	 1.01433
1.23325	 0.864588
1.23658	 1.0625
1.23992	 0.748588
1.24325	 0.863658
1.24658	 1.01946
1.24992	 0.812059
1.25325	 0.755518
1.25658	 0.836489
1.25992	 0.702835
1.26325	 0.755187
1.26658	 1.0907
1.26992	 0.844574
1.27325	 0.896224
1.27658	 0.847445
1.27991	 0.896623
1.28325	 0.902045
1.28658	 0.912826
1.28991	 0.943794
1.29325	 0.971584
1.29658	 0.750813
1.29991	 1.09674
1.30325	 0.750673
1.30658	 0.892344
1.30991	 0.757958
1.31325	 0.79767
1.31658	 0.793831
1.31991	 0.89415
1.32325	 0.915916
1.32658	 0.963936
1.32991	 0.878007
1.33324	 0.864491
1.33658	 0.87083
1.33991	 0.823386
1.34324	 0.772538
1.34658	 0.633867
1.34991	 0.891319
1.35324	 0.868833
1.35658	 0.728276
1.35991	 0.721886
1.36324	 0.952123
1.36658	 0.998299
1.36991	 0.964482
1.37324	 0.820717
1.37657	 0.939236
1.37991	 0.664125
1.38324	 0.664458
1.38657	 0.864161
1.38991	 0.742721
1.39324	 0.744419
1.39657	 0.901109
1.39991	 0.818425
1.40324	 0.913781
1.40657	 0.930597
1.40991	 0.901619
1.41324	 0.736244
1.41657	 0.817024
1.41991	 0.867166
1.42324	 0.802604
1.42657	 0.893429
1.4299	 0.785551
1.43324	 0.799287
1.43657	 0.99737
1.4399	 0.700448
1.44324	 0.825308
1.44657	 1.00799
1.4499	 0.821083
1.45324	 0.78124
1.45657	 0.793194
1.4599	 0.797605
1.46324	 0.810671
1.46657	 0.817991
1.4699	 0.814237
1.47324	 0.88747
1.47657	 0.849815
1.4799	 0.799445
1.48323	 0.772577
1.48657	 0.887519
1.4899	 1.11955
1.49323	 0.826392
1.49657	 0.772337
1.4999	 0.752193
1.50323	 0.965926
1.50657	 0.713593
1.5099	 0.740635
1.51323	 0.837891
1.51657	 0.970582
1.5199	 0.88354
1.52323	 0.926151
1.52656	 0.81529
1.5299	 0.966983
1.53323	 0.681759
1.53656	 0.845656
1.5399	 0.812639
1.54323	 0.750821
1.54656	 0.808324
1.5499	 0.710166
1.55323	 0.774641
1.55656	 0.717614
1.5599	 0.959165
1.56323	 0.741426
1.56656	 0.73989
1.5699	 0.852206
1.57323	 0.880372
1.57656	 1.03851
1.57989	 0.867946
1.58323	 0.83731
1.58656	 0.837579
1.58989	 0.756089
1.59323	 0.948758
1.59656	 0.915293
1.59989	 0.874145
1.60323	 0.781671
1.60656	 0.857251
1.60989	 0.842859
1.61323	 0.887037
1.61656	 0.826787
1.61989	 1.0146
1.62323	 0.753784
1.62656	 0.716297
1.62989	 0.739082
1.63322	 0.808049
1.63656	 1.02561
1.63989	 0.701273
1.64322	 0.841961
1.64656	 0.887144
1.64989	 0.95236
1.65322	 0.689018
1.65656	 0.840026
1.65989	 0.663464
1.66322	 0.905308
1.66656	 0.701544
1.66989	 1.01031
1.67322	 0.744763
1.67655	 0.86228
1.67989	 0.80565
1.68322	 0.835325
1.68655	 0.886975
1.68989	 0.807679
1.69322	 0.86389
1.69655	 0.838461
1.69989	 0.711787
1.70322	 0.960595
1.70655	 0.883862
1.70989	 0.878006
1.71322	 0.776136
1.71655	 0.805712
1.71989	 0.771025
1.72322	 0.814498
1.72655	 0.702618
1.72988	 0.925202
1.73322	 0.964515
1.73655	 0.958893
1.73988	 0.923625
1.74322	 0.851826
1.74655	 0.887006
1.74988	 0.850367
1.75322	 0.847081
1.75655	 0.967396
1.75988	 0.783948
1.76322	 0.678413
1.76655	 0.804425
1.76988	 0.865182
1.77322	 0.724841
1.77655	 0.709582
1.77988	 0.847827
1.78321	 0.823801
1.78655	 0.849517
1.78988	 0.894583
1.79321	 0.7895
1.79655	 0.830034
1.79988	 0.872148
1.80321	 0.65261
1.80655	 0.840409
1.80988	 0.730645
1.81321	 0.883839
1.81655	 0.737605
1.81988	 0.654232
1.82321	 0.836383
1.82654	 0.699846
1.82988	 0.768899
1.83321	 0.827157
1.83654	 0.702725
1.83988	 0.822708
1.84321	 0.92952
1.84654	 0.846933
1.84988	 0.769058
1.85321	 0.764545
1.85654	 0.706401
1.85988	 0.795294
1.86321	 0.890637
1.86654	 0.886585
1.86988	 0.725762
1.87321	 0.837472
1.87654	 0.807736
1.87987	 0.667608
1.88321	 0.831283
1.88654	 0.792187
1.88987	 0.853863
1.89321	 0.763195
1.89654	 0.810182
1.89987	 0.906654
1.90321	 0.836665
1.90654	 0.8686
1.90987	 0.642769
1.91321	 0.856178
1.91654	 0.77947
1.91987	 0.748493
1.92321	 0.829169
1.92654	 0.916274
1.92987	 0.72403
1.9332	 0.846188
1.93654	 0.755017
1.93987	 0.772516
1.9432	 0.83011
1.94654	 0.806045
1.94987	 0.792019
1.9532	 0.894119
1.95654	 0.753728
1.95987	 0.849522
1.9632	 0.807895
1.96654	 0.751486
1.96987	 1.09516
1.9732	 0.714347
1.97653	 0.589944
1.97987	 0.728245
1.9832	 0.7102
1.98653	 0.806548
1.98987	 0.850228
1.9932	 0.830501
1.99653	 0.884013
1.99987	 0.710395
2.0032	 0.975626
2.00653	 0.91019
2.00987	 0.859156
2.0132	 0.897916
2.01653	 0.805497
2.01987	 0.743272
2.0232	 0.696957
2.02653	 0.77244
2.02986	 0.882744
2.0332	 0.851795
2.03653	 0.914233
2.03986	 0.856446
2.0432	 0.921915
2.04653	 0.841541
2.04986	 0.848729
2.0532	 0.763697
2.05653	 0.815606
2.05986	 0.805807
2.0632	 1.00649
2.06653	 0.83105
2.06986	 0.722254
2.0732	 0.847333
2.07653	 0.858108
2.07986	 1.00175
2.08319	 0.648519
2.08653	 0.839201
2.08986	 0.880205
2.09319	 0.767437
2.09653	 0.961756
2.09986	 0.814733
2.10319	 0.646037
2.10653	 0.857742
2.10986	 0.956458
2.11319	 0.656039
2.11653	 0.821433
2.11986	 0.785742
2.12319	 0.571339
2.12652	 0.780571
2.12986	 0.899944
2.13319	 0.912073
2.13652	 0.852479
2.13986	 0.803562
2.14319	 0.821
2.14652	 0.667364
2.14986	 0.719595
2.15319	 0.910557
2.15652	 0.821529
2.15986	 0.742155
2.16319	 0.82042
2.16652	 0.870185
2.16986	 0.802144
2.17319	 0.856128
2.17652	 0.918151
2.17985	 0.893608
2.18319	 0.828953
2.18652	 0.836524
2.18985	 0.790586
2.19319	 0.851817
2.19652	 0.713142
2.19985	 0.775447
2.20319	 0.789515
2.20652	 0.809584
2.20985	 0.682487
2.21319	 0.742353
2.21652	 0.704235
2.21985	 0.764992
2.22319	 0.822072
2.22652	 0.735584
2.22985	 0.733614
2.23318	 0.777089
2.23652	 0.838819
2.23985	 0.744353
2.24318	 0.773215
2.24652	 0.869502
2.24985	 0.808289
2.25318	 0.8096
2.25652	 0.638595
2.25985	 0.760484
2.26318	 0.832277
2.26652	 0.725201
2.26985	 0.887484
2.27318	 0.672633
2.27651	 0.758858
2.27985	 0.638562
2.28318	 0.658806
2.28651	 0.724473
2.28985	 0.75367
2.29318	 0.668131
2.29651	 0.766352
2.29985	 0.846665
2.30318	 0.783823
2.30651	 0.788393
2.30985	 0.645435
2.31318	 0.740862
2.31651	 0.711855
2.31985	 0.728117
2.32318	 0.837898
2.32651	 0.81498
2.32984	 0.842495
2.33318	 0.760739
2.33651	 0.892837
2.33984	 0.706155
2.34318	 0.892726
2.34651	 0.717822
2.34984	 0.739414
2.35318	 0.903377
2.35651	 0.629666
2.35984	 0.671503
2.36318	 0.718922
2.36651	 0.790368
2.36984	 0.928603
2.37318	 0.772706
2.37651	 0.804253
2.37984	 0.855969
2.38317	 0.713129
2.38651	 0.711685
2.38984	 0.836743
2.39317	 0.825824
2.39651	 0.828479
2.39984	 0.726971
2.40317	 0.797253
2.40651	 0.848425
2.40984	 0.893164
2.41317	 0.782853
2.41651	 0.904057
2.41984	 0.901268
2.42317	 0.865168
2.4265	 0.773456
2.42984	 0.786071
2.43317	 0.764615
2.4365	 0.823261
2.43984	 0.816502
2.44317	 0.844312
2.4465	 0.849855
2.44984	 0.926274
2.45317	 0.674438
2.4565	 0.690602
2.45984	 0.775707
2.46317	 0.684384
2.4665	 0.62051
2.46984	 0.797837
2.47317	 0.690741
2.4765	 0.620215
2.47983	 0.758696
2.48317	 0.738712
2.4865	 0.584444
2.48983	 0.708401
2.49317	 0.904102
2.4965	 0.815146
2.49983	 0.778848
2.50317	 0.769072
2.5065	 0.748763
2.50983	 0.78049
2.51317	 0.69093
2.5165	 0.720052
2.51983	 0.656621
2.52317	 0.91058
2.5265	 0.825177
2.52983	 0.77767
2.53316	 0.843577
2.5365	 0.753655
2.53983	 0.809233
2.54316	 0.808185
2.5465	 0.72377
2.54983	 0.76815
2.55316	 0.72536
2.5565	 0.850199
2.55983	 0.779948
2.56316	 0.709977
2.5665	 1.01696
2.56983	 0.83868
2.57316	 0.773821
2.57649	 0.894632
2.57983	 0.739117
2.58316	 0.81319
2.58649	 0.852257
2.58983	 0.783228
2.59316	 0.819459
2.59649	 0.839625
2.59983	 0.781208
2.60316	 0.714525
2.60649	 0.69233
2.60983	 0.833326
2.61316	 0.752555
2.61649	 0.873949
2.61983	 0.760813
2.62316	 0.724267
2.62649	 0.776367
2.62982	 0.742498
2.63316	 0.652528
2.63649	 0.76544
2.63982	 0.720522
2.64316	 0.734965
2.64649	 0.764898
2.64982	 0.737352
2.65316	 0.709364
2.65649	 0.792961
2.65982	 0.833174
2.66316	 0.766017
2.66649	 0.869009
2.66982	 0.773215
2.67316	 0.684073
2.67649	 0.774947
2.67982	 0.738665
2.68315	 0.784066
2.68649	 0.644597
2.68982	 0.654641
2.69315	 0.77583
2.69649	 0.820338
2.69982	 0.720301
2.70315	 0.731912
2.70649	 0.750103
2.70982	 0.772205
2.71315	 0.905578
2.71649	 0.729216
2.71982	 0.718068
2.72315	 0.883685
2.72648	 0.768621
2.72982	 0.870777
2.73315	 0.889274
2.73648	 0.67253
2.73982	 0.695474
2.74315	 0.628393
2.74648	 0.712266
2.74982	 0.60192
2.75315	 0.726762
2.75648	 0.762699
2.75982	 0.766017
2.76315	 0.778993
2.76648	 0.838327
2.76982	 0.681311
2.77315	 0.747821
2.77648	 0.592776
2.77981	 0.753777
2.78315	 0.951751
2.78648	 0.791204
2.78981	 0.804584
2.79315	 0.699365
2.79648	 0.810047
2.79981	 0.735488
2.80315	 0.764283
2.80648	 0.855607
2.80981	 0.72645
2.81315	 0.663007
2.81648	 0.877043
2.81981	 0.626452
2.82315	 0.878276
2.82648	 0.693677
2.82981	 0.695073
2.83314	 0.719734
2.83648	 0.67315
2.83981	 0.775218
2.84314	 0.613879
2.84648	 0.686244
2.84981	 0.635868
2.85314	 0.771032
2.85648	 0.751604
2.85981	 0.864636
2.86314	 0.586171
2.86648	 0.747551
2.86981	 0.756239
2.87314	 0.757589
2.87647	 0.65795
2.87981	 0.770304
2.88314	 0.82375
2.88647	 0.682092
2.88981	 0.800537
2.89314	 0.649006
2.89647	 0.720297
2.89981	 0.646365
2.90314	 0.688882
2.90647	 0.569457
2.90981	 0.771541
2.91314	 0.675266
2.91647	 0.653691
2.91981	 0.773924
2.92314	 0.660462
2.92647	 0.728187
2.9298	 0.863426
2.93314	 0.602704
2.93647	 0.668546
2.9398	 0.71915
2.94314	 0.714603
2.94647	 0.851361
2.9498	 0.793919
2.95314	 0.750115
2.95647	 0.605449
2.9598	 0.64416
2.96314	 0.696491
2.96647	 0.769215
2.9698	 0.733612
2.97314	 0.868939
2.97647	 0.65167
2.9798	 0.621919
2.98313	 0.681833
2.98647	 0.821651
2.9898	 0.68127
2.99313	 0.705131
2.99647	 0.676053
2.9998	 0.722406
3.00313	 0.601839
3.00647	 0.636586
3.0098	 0.734384
3.01313	 0.719388
3.01647	 0.679909
3.0198	 0.714689
3.02313	 0.680309
3.02646	 0.694404
3.0298	 0.660317
3.03313	 0.696672
3.03646	 0.708279
3.0398	 0.602013
3.04313	 0.767603
3.04646	 0.740303
3.0498	 0.776744
3.05313	 0.700823
3.05646	 0.650277
3.0598	 0.75465
3.06313	 0.685361
3.06646	 0.852566
3.0698	 0.706515
3.07313	 0.762402
3.07646	 0.668726
3.07979	 0.739691
3.08313	 0.75407
3.08646	 0.722058
3.08979	 0.647065
3.09313	 0.729284
3.09646	 0.678832
3.09979	 0.751245
3.10313	 0.673244
3.10646	 0.610355
3.10979	 0.691969
3.11313	 0.651773
3.11646	 0.662149
3.11979	 0.627079
3.12313	 0.648205
3.12646	 0.720683
3.12979	 0.572372
3.13312	 0.616967
3.13646	 0.728424
3.13979	 0.629588
3.14312	 0.695323
3.14646	 0.600967
3.14979	 0.747023
3.15312	 0.747317
3.15646	 0.742943
3.15979	 0.6862
3.16312	 0.739943
3.16646	 0.813929
3.16979	 0.691885
3.17312	 0.724208
3.17645	 0.557982
3.17979	 0.68158
3.18312	 0.651977
3.18645	 0.800162
3.18979	 0.713873
3.19312	 0.687603
3.19645	 0.755409
3.19979	 0.710082
3.20312	 0.608091
3.20645	 0.66064
3.20979	 0.627631
3.21312	 0.782791
3.21645	 0.658006
3.21979	 0.595689
3.22312	 0.493453
3.22645	 0.80598
3.22978	 0.691279
3.23312	 0.709708
3.23645	 0.852075
3.23978	 0.691365
3.24312	 0.704582
3.24645	 0.640925
3.24978	 0.742634
3.25312	 0.713254
3.25645	 0.545202
3.25978	 0.6807
3.26312	 0.704998
3.26645	 0.655556
3.26978	 0.613789
3.27312	 0.676707
3.27645	 0.78566
3.27978	 0.584901
3.28311	 0.725367
3.28645	 0.691593
3.28978	 0.674333
3.29311	 0.699241
3.29645	 0.769247
3.29978	 0.639458
3.30311	 0.707527
3.30645	 0.66176
3.30978	 0.689972
3.31311	 0.675466
3.31645	 0.755237
3.31978	 0.61045
3.32311	 0.611011
3.32644	 0.523213
3.32978	 0.687369
3.33311	 0.629406
3.33644	 0.853156
3.33978	 0.713653
3.34311	 0.649929
3.34644	 0.749803
3.34978	 0.684928
3.35311	 0.753546
3.35644	 0.564719
3.35978	 0.546641
3.36311	 0.756865
3.36644	 0.656395
3.36978	 0.628536
3.37311	 0.667631
3.37644	 0.537207
3.37977	 0.649134
3.38311	 0.715202
3.38644	 0.614729
3.38977	 0.707247
3.39311	 0.619814
3.39644	 0.850169
3.39977	 0.807765
3.40311	 0.625258
3.40644	 0.614293
3.40977	 0.754664
3.41311	 0.55276
3.41644	 0.621389
3.41977	 0.723073
3.42311	 0.672415
3.42644	 0.605981
3.42977	 0.823675
3.4331	 0.689418
3.43644	 0.709542
3.43977	 0.595659
3.4431	 0.772656
3.44644	 0.615736
3.44977	 0.723044
3.4531	 0.71629
3.45644	 0.703674
3.45977	 0.585607
3.4631	 0.61309
3.46644	 0.603144
3.46977	 0.76061
3.4731	 0.529047
3.47643	 0.590438
3.47977	 0.689428
3.4831	 0.731619
3.48643	 0.627512
3.48977	 0.682255
3.4931	 0.60901
3.49643	 0.61044
3.49977	 0.826139
3.5031	 0.694408
3.50643	 0.650013
3.50977	 0.715606
3.5131	 0.698354
3.51643	 0.653325
3.51977	 0.565841
3.5231	 0.764959
3.52643	 0.711891
3.52976	 0.745453
3.5331	 0.809053
3.53643	 0.596198
3.53976	 0.712986
3.5431	 0.642838
3.54643	 0.546867
3.54976	 0.600409
3.5531	 0.606599
3.55643	 0.618899
3.55976	 0.595102
3.5631	 0.489026
3.56643	 0.669365
3.56976	 0.637991
3.5731	 0.61282
3.57643	 0.679644
3.57976	 0.608744
3.58309	 0.645178
3.58643	 0.567187
3.58976	 0.731266
3.59309	 0.545335
3.59643	 0.563448
3.59976	 0.746852
3.60309	 0.560648
3.60643	 0.585226
3.60976	 0.614769
3.61309	 0.807198
3.61643	 0.835332
3.61976	 0.443122
3.62309	 0.713821
3.62642	 0.728727
3.62976	 0.531416
3.63309	 0.632046
3.63642	 0.782682
3.63976	 0.665949
3.64309	 0.572361
3.64642	 0.636706
3.64976	 0.517434
3.65309	 0.68276
3.65642	 0.67852
3.65976	 0.67144
3.66309	 0.584334
3.66642	 0.653068
3.66976	 0.589176
3.67309	 0.758595
3.67642	 0.608656
3.67975	 0.618553
3.68309	 0.811997
3.68642	 0.629637
3.68975	 0.730888
3.69309	 0.657812
3.69642	 0.670923
3.69975	 0.720384
3.70309	 0.727252
3.70642	 0.672013
3.70975	 0.580773
3.71309	 0.567287
3.71642	 0.602121
3.71975	 0.591111
3.72309	 0.585827
3.72642	 0.687021
3.72975	 0.575991
3.73308	 0.737413
3.73642	 0.640843
3.73975	 0.655385
3.74308	 0.670852
3.74642	 0.703279
3.74975	 0.573244
3.75308	 0.679941
3.75642	 0.694926
3.75975	 0.485447
3.76308	 0.573373
3.76642	 0.666398
3.76975	 0.619178
3.77308	 0.603978
3.77641	 0.704007
3.77975	 0.587965
3.78308	 0.576545
3.78641	 0.511355
3.78975	 0.776143
3.79308	 0.70548
3.79641	 0.531961
3.79975	 0.61372
3.80308	 0.626063
3.80641	 0.686583
3.80975	 0.611037
3.81308	 0.540797
3.81641	 0.539054
3.81975	 0.604907
3.82308	 0.617955
3.82641	 0.484115
3.82974	 0.676587
3.83308	 0.574694
3.83641	 0.566373
3.83974	 0.641741
3.84308	 0.673957
3.84641	 0.579249
3.84974	 0.669157
3.85308	 0.695847
3.85641	 0.642651
3.85974	 0.72686
3.86308	 0.554601
3.86641	 0.636551
3.86974	 0.561477
3.87308	 0.691193
3.87641	 0.617764
3.87974	 0.64321
3.88307	 0.636285
3.88641	 0.690847
3.88974	 0.554866
3.89307	 0.522576
3.89641	 0.672827
3.89974	 0.598786
3.90307	 0.751949
3.90641	 0.60592
3.90974	 0.614667
3.91307	 0.581989
3.91641	 0.636535
3.91974	 0.628314
3.92307	 0.693933
3.9264	 0.627842
3.92974	 0.732308
3.93307	 0.57205
3.9364	 0.671297
3.93974	 0.652759
3.94307	 0.543869
3.9464	 0.713453
3.94974	 0.568972
3.95307	 0.619142
3.9564	 0.669792
3.95974	 0.61663
3.96307	 0.575715
3.9664	 0.629732
3.96974	 0.63499
3.97307	 0.618794
3.9764	 0.533512
3.97973	 0.606857
3.98307	 0.723067
3.9864	 0.650868
3.98973	 0.515473
3.99307	 0.634283
3.9964	 0.594193
3.99973	 0.612508
4.00307	 0.61349
4.0064	 0.636958
4.00973	 0.618004
4.01307	 0.620323
4.0164	 0.601916
4.01973	 0.591508
4.02307	 0.77897
4.0264	 0.533113
4.02973	 0.764562
4.03306	 0.61658
4.0364	 0.676059
4.03973	 0.64967
4.04306	 0.751039
4.0464	 0.738809
4.04973	 0.732938
4.05306	 0.612725
4.0564	 0.616305
4.05973	 0.634702
4.06306	 0.604339
4.0664	 0.525183
4.06973	 0.7141
4.07306	 0.543075
4.07639	 0.532696
4.07973	 0.459449
4.08306	 0.578392
4.08639	 0.541958
4.08973	 0.564139
4.09306	 0.584498
4.09639	 0.652165
4.09973	 0.748106
4.10306	 0.518058
4.10639	 0.574388
4.10973	 0.55854
4.11306	 0.643844
4.11639	 0.561305
4.11973	 0.60405
4.12306	 0.691446
4.12639	 0.586432
4.12972	 0.717277
4.13306	 0.476217
4.13639	 0.544378
4.13972	 0.563037
4.14306	 0.622021
4.14639	 0.5907
4.14972	 0.637343
4.15306	 0.739075
4.15639	 0.54326
4.15972	 0.511596
4.16306	 0.617368
4.16639	 0.556204
4.16972	 0.667941
4.17306	 0.615549
4.17639	 0.486989
4.17972	 0.617207
4.18305	 0.595402
4.18639	 0.477446
4.18972	 0.600741
4.19305	 0.570611
4.19639	 0.693584
4.19972	 0.617466
4.20305	 0.547539
4.20639	 0.607569
4.20972	 0.562124
4.21305	 0.548525
4.21639	 0.525358
4.21972	 0.666588
4.22305	 0.652425
4.22638	 0.588247
4.22972	 0.57913
4.23305	 0.546392
4.23638	 0.61368
4.23972	 0.519533
4.24305	 0.663276
4.24638	 0.614147
4.24972	 0.664767
4.25305	 0.577253
4.25638	 0.527791
4.25972	 0.513786
4.26305	 0.626879
4.26638	 0.651993
4.26972	 0.591795
4.27305	 0.544691
4.27638	 0.702049
4.27971	 0.717443
4.28305	 0.554801
4.28638	 0.673579
4.28971	 0.576723
4.29305	 0.63174
4.29638	 0.619362
4.29971	 0.53761
4.30305	 0.597359
4.30638	 0.581017
4.30971	 0.773445
4.31305	 0.67598
4.31638	 0.641505
4.31971	 0.689844
4.32305	 0.578178
4.32638	 0.566636
4.32971	 0.581958
4.33304	 0.608147
4.33638	 0.543598
4.33971	 0.662012
4.34304	 0.594839
4.34638	 0.600786
4.34971	 0.612753
4.35304	 0.586137
4.35638	 0.669068
4.35971	 0.655464
4.36304	 0.654032
4.36638	 0.590255
4.36971	 0.602421
4.37304	 0.549674
4.37637	 0.645326
4.37971	 0.563012
4.38304	 0.620155
4.38637	 0.559983
4.38971	 0.743107
4.39304	 0.508083
4.39637	 0.737325
4.39971	 0.624905
4.40304	 0.455351
4.40637	 0.642778
4.40971	 0.727419
4.41304	 0.730946
4.41637	 0.551856
4.41971	 0.44352
4.42304	 0.616333
4.42637	 0.652039
4.4297	 0.56211
4.43304	 0.799553
4.43637	 0.655852
4.4397	 0.534434
4.44304	 0.599462
4.44637	 0.616393
4.4497	 0.567819
4.45304	 0.663596
4.45637	 0.534788
4.4597	 0.44133
4.46304	 0.558221
4.46637	 0.698263
4.4697	 0.504201
4.47304	 0.581567
4.47637	 0.75845
4.4797	 0.622353
4.48303	 0.629107
4.48637	 0.555485
4.4897	 0.566895
4.49303	 0.48453
4.49637	 0.635731
4.4997	 0.532303
4.50303	 0.63397
4.50637	 0.550061
4.5097	 0.586898
4.51303	 0.536584
4.51637	 0.688433
4.5197	 0.558798
4.52303	 0.54044
4.52636	 0.594037
4.5297	 0.610218
4.53303	 0.515036
4.53636	 0.519549
4.5397	 0.717287
4.54303	 0.571053
4.54636	 0.521278
4.5497	 0.639939
4.55303	 0.537007
4.55636	 0.665324
4.5597	 0.618322
4.56303	 0.58773
4.56636	 0.603776
4.5697	 0.587639
4.57303	 0.551399
4.57636	 0.572208
4.57969	 0.520622
4.58303	 0.558855
4.58636	 0.536276
4.58969	 0.5036
4.59303	 0.502253
4.59636	 0.486982
4.59969	 0.663656
4.60303	 0.442922
4.60636	 0.493699
4.60969	 0.627155
4.61303	 0.573923
4.61636	 0.651883
4.61969	 0.529169
4.62303	 0.59596
4.62636	 0.528312
4.62969	 0.567359
4.63302	 0.518468
4.63636	 0.594022
4.63969	 0.68403
4.64302	 0.545978
4.64636	 0.680803
4.64969	 0.637957
4.65302	 0.509934
4.65636	 0.534842
4.65969	 0.551047
4.66302	 0.482383
4.66636	 0.461901
4.66969	 0.462419
4.67302	 0.633853
4.67635	 0.72423
4.67969	 0.48914
4.68302	 0.464966
4.68635	 0.496107
4.68969	 0.557466
4.69302	 0.620883
4.69635	 0.663908
4.69969	 0.673014
4.70302	 0.562999
4.70635	 0.493119
4.70969	 0.520174
4.71302	 0.653504
4.71635	 0.538545
4.71969	 0.520682
4.72302	 0.581848
4.72635	 0.473831
4.72968	 0.602932
4.73302	 0.563454
4.73635	 0.481402
4.73968	 0.5705
4.74302	 0.568197
4.74635	 0.558231
4.74968	 0.59962
4.75302	 0.574032
4.75635	 0.467446
4.75968	 0.591122
4.76302	 0.551603
4.76635	 0.601488
4.76968	 0.615804
4.77302	 0.605939
4.77635	 0.625135
4.77968	 0.576356
4.78301	 0.55544
4.78635	 0.555268
4.78968	 0.527054
4.79301	 0.649359
4.79635	 0.481204
4.79968	 0.516122
4.80301	 0.60561
4.80635	 0.570239
4.80968	 0.63602
4.81301	 0.579746
4.81635	 0.450739
4.81968	 0.649675
4.82301	 0.475749
4.82634	 0.545044
4.82968	 0.439911
4.83301	 0.467489
4.83634	 0.523184
4.83968	 0.583481
4.84301	 0.53309
4.84634	 0.53864
4.84968	 0.548709
4.85301	 0.584781
4.85634	 0.564974
4.85968	 0.446532
4.86301	 0.397941
4.86634	 0.610936
4.86968	 0.501516
4.87301	 0.623684
4.87634	 0.531371
4.87967	 0.496707
4.88301	 0.564619
4.88634	 0.587107
4.88967	 0.60676
4.89301	 0.56745
4.89634	 0.552229
4.89967	 0.492816
4.90301	 0.558951
4.90634	 0.581348
4.90967	 0.546033
4.91301	 0.505384
4.91634	 0.478889
4.91967	 0.583675
4.92301	 0.573313
4.92634	 0.46061
4.92967	 0.646949
4.933	 0.626198
4.93634	 0.573017
4.93967	 0.565524
4.943	 0.468615
4.94634	 0.550125
4.94967	 0.624996
4.953	 0.625161
4.95634	 0.471258
4.95967	 0.56113
4.963	 0.561018
4.96634	 0.518157
4.96967	 0.48442
4.973	 0.495265
4.97633	 0.608761
4.97967	 0.535662
4.983	 0.414542
4.98633	 0.620641
4.98967	 0.557386
4.993	 0.574699
4.99633	 0.519655
