# Frequency [GHz] 	Fouriercomponent
-4.99967	 0.000764566
-4.99633	 0.000632784
-4.993	 0.00075284
-4.98967	 0.00078014
-4.98633	 0.000796351
-4.983	 0.000797768
-4.97967	 0.000873163
-4.97633	 0.000911839
-4.973	 0.000853175
-4.96967	 0.00100522
-4.96634	 0.000892678
-4.963	 0.000819771
-4.95967	 0.000795891
-4.95634	 0.000925995
-4.953	 0.000890667
-4.94967	 0.000897823
-4.94634	 0.000827965
-4.943	 0.000943338
-4.93967	 0.000799606
-4.93634	 0.000876854
-4.933	 0.00110095
-4.92967	 0.000958749
-4.92634	 0.000961063
-4.92301	 0.000874987
-4.91967	 0.000995849
-4.91634	 0.00111253
-4.91301	 0.00101504
-4.90967	 0.000948629
-4.90634	 0.000866056
-4.90301	 0.00114816
-4.89967	 0.000728875
-4.89634	 0.00111273
-4.89301	 0.000846828
-4.88967	 0.00117782
-4.88634	 0.000947995
-4.88301	 0.000967453
-4.87967	 0.00107854
-4.87634	 0.00122456
-4.87301	 0.00113987
-4.86968	 0.000846462
-4.86634	 0.00123158
-4.86301	 0.000930297
-4.85968	 0.00112078
-4.85634	 0.000963507
-4.85301	 0.000915525
-4.84968	 0.00125595
-4.84634	 0.00101197
-4.84301	 0.00102208
-4.83968	 0.000950167
-4.83634	 0.00123622
-4.83301	 0.00096131
-4.82968	 0.00115774
-4.82634	 0.00131406
-4.82301	 0.00104861
-4.81968	 0.0010017
-4.81635	 0.00120854
-4.81301	 0.00119877
-4.80968	 0.00117426
-4.80635	 0.001117
-4.80301	 0.000792025
-4.79968	 0.00105509
-4.79635	 0.00118094
-4.79301	 0.000909612
-4.78968	 0.000946835
-4.78635	 0.00103329
-4.78301	 0.00103525
-4.77968	 0.00108486
-4.77635	 0.000983965
-4.77302	 0.00077649
-4.76968	 0.00113754
-4.76635	 0.000723407
-4.76302	 0.00109347
-4.75968	 0.00108401
-4.75635	 0.00096108
-4.75302	 0.00111349
-4.74968	 0.000962239
-4.74635	 0.000925434
-4.74302	 0.000780189
-4.73968	 0.000852786
-4.73635	 0.000973604
-4.73302	 0.000748729
-4.72968	 0.00105694
-4.72635	 0.00103518
-4.72302	 0.000715807
-4.71969	 0.0006484
-4.71635	 0.000790745
-4.71302	 0.000930519
-4.70969	 0.00075256
-4.70635	 0.000726055
-4.70302	 0.000789029
-4.69969	 0.000832393
-4.69635	 0.000765012
-4.69302	 0.000838011
-4.68969	 0.000691708
-4.68635	 0.000689272
-4.68302	 0.00068705
-4.67969	 0.000715798
-4.67635	 0.000780096
-4.67302	 0.000700476
-4.66969	 0.000611667
-4.66636	 0.000672191
-4.66302	 0.000692133
-4.65969	 0.00062013
-4.65636	 0.000692728
-4.65302	 0.000661932
-4.64969	 0.000757337
-4.64636	 0.000636113
-4.64302	 0.000674945
-4.63969	 0.00058963
-4.63636	 0.000632717
-4.63302	 0.000564575
-4.62969	 0.000576551
-4.62636	 0.000530309
-4.62303	 0.000626477
-4.61969	 0.000533108
-4.61636	 0.00051852
-4.61303	 0.000585883
-4.60969	 0.000481553
-4.60636	 0.000581877
-4.60303	 0.000614262
-4.59969	 0.000556042
-4.59636	 0.000455442
-4.59303	 0.000523772
-4.58969	 0.000636355
-4.58636	 0.000634605
-4.58303	 0.000505146
-4.57969	 0.000634355
-4.57636	 0.00058925
-4.57303	 0.000603242
-4.5697	 0.000501253
-4.56636	 0.000472799
-4.56303	 0.000463671
-4.5597	 0.000491367
-4.55636	 0.000474349
-4.55303	 0.000461389
-4.5497	 0.000466779
-4.54636	 0.000441753
-4.54303	 0.000498814
-4.5397	 0.000528248
-4.53636	 0.00044134
-4.53303	 0.000550133
-4.5297	 0.000492043
-4.52636	 0.000454657
-4.52303	 0.000467104
-4.5197	 0.000491838
-4.51637	 0.00042083
-4.51303	 0.000414604
-4.5097	 0.000474379
-4.50637	 0.000526803
-4.50303	 0.00054144
-4.4997	 0.00043659
-4.49637	 0.000453779
-4.49303	 0.000433612
-4.4897	 0.000451106
-4.48637	 0.000430637
-4.48303	 0.000401679
-4.4797	 0.000521162
-4.47637	 0.000398409
-4.47304	 0.000343747
-4.4697	 0.000428682
-4.46637	 0.0003795
-4.46304	 0.000367606
-4.4597	 0.000414695
-4.45637	 0.00039013
-4.45304	 0.000466133
-4.4497	 0.000503217
-4.44637	 0.000405501
-4.44304	 0.000374467
-4.4397	 0.000435561
-4.43637	 0.000385013
-4.43304	 0.000402361
-4.4297	 0.00041725
-4.42637	 0.000431143
-4.42304	 0.000341322
-4.41971	 0.000480697
-4.41637	 0.000440562
-4.41304	 0.000467133
-4.40971	 0.000416347
-4.40637	 0.000418984
-4.40304	 0.000355915
-4.39971	 0.000383582
-4.39637	 0.000424342
-4.39304	 0.000376788
-4.38971	 0.000372998
-4.38637	 0.000341495
-4.38304	 0.000363216
-4.37971	 0.000330771
-4.37637	 0.000337475
-4.37304	 0.000433786
-4.36971	 0.000460953
-4.36638	 0.000428921
-4.36304	 0.000356528
-4.35971	 0.000462898
-4.35638	 0.00039145
-4.35304	 0.000380485
-4.34971	 0.000393408
-4.34638	 0.00043051
-4.34304	 0.000366702
-4.33971	 0.000391831
-4.33638	 0.000387174
-4.33304	 0.000442072
-4.32971	 0.000371413
-4.32638	 0.000385358
-4.32305	 0.000302002
-4.31971	 0.000450994
-4.31638	 0.000352233
-4.31305	 0.000360434
-4.30971	 0.000459974
-4.30638	 0.00041214
-4.30305	 0.000338491
-4.29971	 0.000381672
-4.29638	 0.000368085
-4.29305	 0.00038941
-4.28971	 0.000390317
-4.28638	 0.000352075
-4.28305	 0.000349485
-4.27971	 0.000324423
-4.27638	 0.000326743
-4.27305	 0.000361884
-4.26972	 0.00039649
-4.26638	 0.000388382
-4.26305	 0.000366279
-4.25972	 0.000364557
-4.25638	 0.000363299
-4.25305	 0.000353583
-4.24972	 0.000391194
-4.24638	 0.000417823
-4.24305	 0.000356698
-4.23972	 0.000347165
-4.23638	 0.00037407
-4.23305	 0.000373414
-4.22972	 0.000358849
-4.22638	 0.000322587
-4.22305	 0.000331623
-4.21972	 0.00034643
-4.21639	 0.000392949
-4.21305	 0.000286614
-4.20972	 0.000400859
-4.20639	 0.000364261
-4.20305	 0.000381833
-4.19972	 0.000373526
-4.19639	 0.000404699
-4.19305	 0.000384529
-4.18972	 0.000418941
-4.18639	 0.000413858
-4.18305	 0.000395792
-4.17972	 0.000364746
-4.17639	 0.000463198
-4.17306	 0.000461723
-4.16972	 0.000489022
-4.16639	 0.000361875
-4.16306	 0.000423443
-4.15972	 0.000379265
-4.15639	 0.000318577
-4.15306	 0.000444699
-4.14972	 0.000309725
-4.14639	 0.000477623
-4.14306	 0.000365571
-4.13972	 0.000319905
-4.13639	 0.00037323
-4.13306	 0.000382909
-4.12972	 0.000369261
-4.12639	 0.000439374
-4.12306	 0.000409211
-4.11973	 0.000418646
-4.11639	 0.00035595
-4.11306	 0.000407311
-4.10973	 0.000412818
-4.10639	 0.000434165
-4.10306	 0.000382571
-4.09973	 0.00044178
-4.09639	 0.000430344
-4.09306	 0.000375807
-4.08973	 0.00040632
-4.08639	 0.000328111
-4.08306	 0.000386016
-4.07973	 0.000410135
-4.07639	 0.000368647
-4.07306	 0.00034905
-4.06973	 0.000375602
-4.0664	 0.000434197
-4.06306	 0.000388982
-4.05973	 0.000420785
-4.0564	 0.000563721
-4.05306	 0.000461356
-4.04973	 0.00033416
-4.0464	 0.000445328
-4.04306	 0.000422178
-4.03973	 0.000428924
-4.0364	 0.000375723
-4.03306	 0.000447676
-4.02973	 0.000408614
-4.0264	 0.000389645
-4.02307	 0.000427925
-4.01973	 0.000424267
-4.0164	 0.00043397
-4.01307	 0.000472369
-4.00973	 0.000481019
-4.0064	 0.000553024
-4.00307	 0.000477943
-3.99973	 0.00045369
-3.9964	 0.000442803
-3.99307	 0.000482756
-3.98973	 0.000431814
-3.9864	 0.000461088
-3.98307	 0.000485462
-3.97973	 0.000462351
-3.9764	 0.000471631
-3.97307	 0.000552431
-3.96974	 0.000478688
-3.9664	 0.000549804
-3.96307	 0.000506082
-3.95974	 0.000590406
-3.9564	 0.000435546
-3.95307	 0.00046779
-3.94974	 0.000467671
-3.9464	 0.000485189
-3.94307	 0.000514762
-3.93974	 0.000582292
-3.9364	 0.000551115
-3.93307	 0.000560008
-3.92974	 0.000475247
-3.9264	 0.000472894
-3.92307	 0.000505259
-3.91974	 0.000456771
-3.91641	 0.000460804
-3.91307	 0.000568408
-3.90974	 0.000503169
-3.90641	 0.000536313
-3.90307	 0.000524234
-3.89974	 0.00045991
-3.89641	 0.00055846
-3.89307	 0.000595053
-3.88974	 0.000553467
-3.88641	 0.000558759
-3.88307	 0.000558216
-3.87974	 0.00048623
-3.87641	 0.0005227
-3.87308	 0.000498075
-3.86974	 0.000548406
-3.86641	 0.000624954
-3.86308	 0.000530207
-3.85974	 0.000455121
-3.85641	 0.000713246
-3.85308	 0.000699423
-3.84974	 0.000578357
-3.84641	 0.000829489
-3.84308	 0.000676342
-3.83974	 0.000785324
-3.83641	 0.000507138
-3.83308	 0.000661982
-3.82974	 0.00061717
-3.82641	 0.000780829
-3.82308	 0.000758569
-3.81975	 0.000761742
-3.81641	 0.000689522
-3.81308	 0.00079319
-3.80975	 0.000723884
-3.80641	 0.000608676
-3.80308	 0.000778146
-3.79975	 0.00069181
-3.79641	 0.000879047
-3.79308	 0.000781134
-3.78975	 0.000753008
-3.78641	 0.000784539
-3.78308	 0.000723533
-3.77975	 0.000825115
-3.77641	 0.000833981
-3.77308	 0.00088153
-3.76975	 0.000890166
-3.76642	 0.000865508
-3.76308	 0.000982597
-3.75975	 0.000802068
-3.75642	 0.000733936
-3.75308	 0.000896482
-3.74975	 0.00100869
-3.74642	 0.000990987
-3.74308	 0.00107915
-3.73975	 0.000908924
-3.73642	 0.000885172
-3.73308	 0.00084441
-3.72975	 0.00100789
-3.72642	 0.00101523
-3.72309	 0.00106707
-3.71975	 0.00109571
-3.71642	 0.00104033
-3.71309	 0.000940135
-3.70975	 0.00121445
-3.70642	 0.00108249
-3.70309	 0.0010142
-3.69975	 0.00112103
-3.69642	 0.00112253
-3.69309	 0.00123812
-3.68975	 0.00117417
-3.68642	 0.000948823
-3.68309	 0.00107149
-3.67975	 0.00128727
-3.67642	 0.00110496
-3.67309	 0.00120981
-3.66976	 0.00114988
-3.66642	 0.0011069
-3.66309	 0.000969953
-3.65976	 0.00126623
-3.65642	 0.00146926
-3.65309	 0.00128262
-3.64976	 0.00127482
-3.64642	 0.00141022
-3.64309	 0.00126948
-3.63976	 0.00168992
-3.63642	 0.00128686
-3.63309	 0.00133671
-3.62976	 0.00163451
-3.62642	 0.00170231
-3.62309	 0.00114834
-3.61976	 0.00145803
-3.61643	 0.00199956
-3.61309	 0.0016192
-3.60976	 0.00153186
-3.60643	 0.00152822
-3.60309	 0.00147826
-3.59976	 0.0015935
-3.59643	 0.00163828
-3.59309	 0.00180297
-3.58976	 0.00159052
-3.58643	 0.00193625
-3.58309	 0.00162312
-3.57976	 0.00149379
-3.57643	 0.00168514
-3.5731	 0.00156129
-3.56976	 0.00174152
-3.56643	 0.00160912
-3.5631	 0.00184262
-3.55976	 0.00142691
-3.55643	 0.00127688
-3.5531	 0.00156825
-3.54976	 0.00152621
-3.54643	 0.00161227
-3.5431	 0.00131515
-3.53976	 0.00114634
-3.53643	 0.00129815
-3.5331	 0.00152719
-3.52976	 0.00106916
-3.52643	 0.000964101
-3.5231	 0.00122111
-3.51977	 0.00109523
-3.51643	 0.00110753
-3.5131	 0.000926243
-3.50977	 0.000942112
-3.50643	 0.00114893
-3.5031	 0.00104995
-3.49977	 0.00109075
-3.49643	 0.000947649
-3.4931	 0.00111191
-3.48977	 0.00107654
-3.48643	 0.000899603
-3.4831	 0.000858575
-3.47977	 0.000921924
-3.47643	 0.00100764
-3.4731	 0.000838758
-3.46977	 0.000928875
-3.46644	 0.000809574
-3.4631	 0.000935957
-3.45977	 0.000843984
-3.45644	 0.000718918
-3.4531	 0.000934704
-3.44977	 0.000788174
-3.44644	 0.00069735
-3.4431	 0.000940548
-3.43977	 0.000754021
-3.43644	 0.000842388
-3.4331	 0.000779238
-3.42977	 0.000661695
-3.42644	 0.000702718
-3.42311	 0.000777783
-3.41977	 0.000806892
-3.41644	 0.000694561
-3.41311	 0.000655411
-3.40977	 0.000701871
-3.40644	 0.000773119
-3.40311	 0.000615631
-3.39977	 0.000740478
-3.39644	 0.000557681
-3.39311	 0.000743789
-3.38977	 0.000621577
-3.38644	 0.000561993
-3.38311	 0.000535966
-3.37977	 0.000561295
-3.37644	 0.000728789
-3.37311	 0.000611447
-3.36978	 0.000696804
-3.36644	 0.000604241
-3.36311	 0.000600681
-3.35978	 0.000639665
-3.35644	 0.000593492
-3.35311	 0.000634502
-3.34978	 0.000537427
-3.34644	 0.000656933
-3.34311	 0.000570705
-3.33978	 0.000494198
-3.33644	 0.000553131
-3.33311	 0.000478905
-3.32978	 0.000490253
-3.32644	 0.000514829
-3.32311	 0.000506058
-3.31978	 0.000630471
-3.31645	 0.00047185
-3.31311	 0.000457725
-3.30978	 0.00061619
-3.30645	 0.000491443
-3.30311	 0.00054069
-3.29978	 0.000539447
-3.29645	 0.000522258
-3.29311	 0.000561749
-3.28978	 0.000441165
-3.28645	 0.000465926
-3.28311	 0.00053704
-3.27978	 0.000469591
-3.27645	 0.00052492
-3.27312	 0.000357283
-3.26978	 0.000501494
-3.26645	 0.000471536
-3.26312	 0.000478069
-3.25978	 0.000450304
-3.25645	 0.000594098
-3.25312	 0.000505255
-3.24978	 0.000535983
-3.24645	 0.00051615
-3.24312	 0.000460075
-3.23978	 0.000415617
-3.23645	 0.000484283
-3.23312	 0.000485439
-3.22978	 0.000494914
-3.22645	 0.000500856
-3.22312	 0.000474888
-3.21979	 0.000416932
-3.21645	 0.000442913
-3.21312	 0.000422684
-3.20979	 0.000320962
-3.20645	 0.000491247
-3.20312	 0.000330986
-3.19979	 0.000410471
-3.19645	 0.00048559
-3.19312	 0.000444409
-3.18979	 0.000377366
-3.18645	 0.000371576
-3.18312	 0.000357103
-3.17979	 0.000419492
-3.17645	 0.000395651
-3.17312	 0.000406632
-3.16979	 0.00053264
-3.16646	 0.000400673
-3.16312	 0.000422006
-3.15979	 0.000411388
-3.15646	 0.000387029
-3.15312	 0.000381135
-3.14979	 0.000398828
-3.14646	 0.000383844
-3.14312	 0.000462264
-3.13979	 0.000485506
-3.13646	 0.000313419
-3.13312	 0.000448951
-3.12979	 0.000399409
-3.12646	 0.00045509
-3.12313	 0.000435553
-3.11979	 0.000431006
-3.11646	 0.000385202
-3.11313	 0.00037298
-3.10979	 0.000388681
-3.10646	 0.000326642
-3.10313	 0.000399279
-3.09979	 0.000338602
-3.09646	 0.000464666
-3.09313	 0.000325649
-3.08979	 0.000362747
-3.08646	 0.000380118
-3.08313	 0.000355055
-3.07979	 0.000432877
-3.07646	 0.00041807
-3.07313	 0.000382774
-3.0698	 0.000408614
-3.06646	 0.000355326
-3.06313	 0.000362733
-3.0598	 0.000431074
-3.05646	 0.00044717
-3.05313	 0.000406002
-3.0498	 0.000449209
-3.04646	 0.000468142
-3.04313	 0.000399924
-3.0398	 0.000373464
-3.03646	 0.000430055
-3.03313	 0.000432506
-3.0298	 0.000449335
-3.02646	 0.000409566
-3.02313	 0.000398439
-3.0198	 0.000370148
-3.01647	 0.000462114
-3.01313	 0.000429162
-3.0098	 0.000401901
-3.00647	 0.000361934
-3.00313	 0.000439085
-2.9998	 0.000428015
-2.99647	 0.000399332
-2.99313	 0.000376231
-2.9898	 0.000397084
-2.98647	 0.000432281
-2.98313	 0.000390155
-2.9798	 0.000372577
-2.97647	 0.000358834
-2.97314	 0.000370337
-2.9698	 0.000334884
-2.96647	 0.000395679
-2.96314	 0.000352604
-2.9598	 0.000421654
-2.95647	 0.000394294
-2.95314	 0.00043475
-2.9498	 0.00034097
-2.94647	 0.00031621
-2.94314	 0.000418692
-2.9398	 0.00045035
-2.93647	 0.000395428
-2.93314	 0.000439959
-2.9298	 0.000399706
-2.92647	 0.000429406
-2.92314	 0.000393865
-2.91981	 0.000467166
-2.91647	 0.00037278
-2.91314	 0.000372638
-2.90981	 0.000513644
-2.90647	 0.000347798
-2.90314	 0.000356172
-2.89981	 0.000375292
-2.89647	 0.000410288
-2.89314	 0.000403843
-2.88981	 0.000432501
-2.88647	 0.00037677
-2.88314	 0.000370256
-2.87981	 0.000402083
-2.87647	 0.000373346
-2.87314	 0.000409729
-2.86981	 0.00037959
-2.86648	 0.00048858
-2.86314	 0.000455957
-2.85981	 0.000374788
-2.85648	 0.000451787
-2.85314	 0.000467457
-2.84981	 0.000357941
-2.84648	 0.00047444
-2.84314	 0.000522276
-2.83981	 0.000509672
-2.83648	 0.000462793
-2.83314	 0.000495518
-2.82981	 0.000422189
-2.82648	 0.000409957
-2.82315	 0.000411071
-2.81981	 0.000424317
-2.81648	 0.000428198
-2.81315	 0.000474548
-2.80981	 0.000447201
-2.80648	 0.00049498
-2.80315	 0.000550731
-2.79981	 0.000521606
-2.79648	 0.000420835
-2.79315	 0.000478996
-2.78981	 0.000445008
-2.78648	 0.00053962
-2.78315	 0.000480707
-2.77981	 0.000509028
-2.77648	 0.000523463
-2.77315	 0.000518201
-2.76982	 0.000494455
-2.76648	 0.00043829
-2.76315	 0.000629688
-2.75982	 0.000425915
-2.75648	 0.000541468
-2.75315	 0.00047866
-2.74982	 0.000541523
-2.74648	 0.00041612
-2.74315	 0.000574338
-2.73982	 0.000506666
-2.73648	 0.000488954
-2.73315	 0.000498123
-2.72982	 0.000474661
-2.72648	 0.000532448
-2.72315	 0.000452285
-2.71982	 0.000506557
-2.71649	 0.000578288
-2.71315	 0.000556067
-2.70982	 0.000560353
-2.70649	 0.000529417
-2.70315	 0.000544079
-2.69982	 0.000645686
-2.69649	 0.000541138
-2.69315	 0.000439774
-2.68982	 0.000569388
-2.68649	 0.000563164
-2.68315	 0.000599429
-2.67982	 0.00056876
-2.67649	 0.000454288
-2.67316	 0.000589995
-2.66982	 0.000565985
-2.66649	 0.000629241
-2.66316	 0.000573943
-2.65982	 0.000689142
-2.65649	 0.000599057
-2.65316	 0.000613004
-2.64982	 0.000624264
-2.64649	 0.000722414
-2.64316	 0.000613304
-2.63982	 0.000711614
-2.63649	 0.000698576
-2.63316	 0.000694594
-2.62982	 0.000686929
-2.62649	 0.000667381
-2.62316	 0.000695366
-2.61983	 0.000624313
-2.61649	 0.000974046
-2.61316	 0.000643859
-2.60983	 0.000634933
-2.60649	 0.000669107
-2.60316	 0.000761059
-2.59983	 0.000732047
-2.59649	 0.000962706
-2.59316	 0.000825589
-2.58983	 0.000966047
-2.58649	 0.000824594
-2.58316	 0.000786655
-2.57983	 0.000941195
-2.57649	 0.000796606
-2.57316	 0.000847155
-2.56983	 0.000770538
-2.5665	 0.00105547
-2.56316	 0.000797093
-2.55983	 0.000879884
-2.5565	 0.000869797
-2.55316	 0.00103948
-2.54983	 0.00108479
-2.5465	 0.000788437
-2.54316	 0.000932279
-2.53983	 0.000963096
-2.5365	 0.000979573
-2.53316	 0.000902287
-2.52983	 0.000822669
-2.5265	 0.00109024
-2.52317	 0.00119854
-2.51983	 0.000954276
-2.5165	 0.00117332
-2.51317	 0.00116437
-2.50983	 0.000969549
-2.5065	 0.00115578
-2.50317	 0.00113426
-2.49983	 0.00133861
-2.4965	 0.00117865
-2.49317	 0.00121322
-2.48983	 0.0013307
-2.4865	 0.00119985
-2.48317	 0.0014543
-2.47983	 0.00129098
-2.4765	 0.00130388
-2.47317	 0.0011404
-2.46984	 0.00140729
-2.4665	 0.00147047
-2.46317	 0.00130135
-2.45984	 0.00170778
-2.4565	 0.00135233
-2.45317	 0.00192788
-2.44984	 0.0015574
-2.4465	 0.00173137
-2.44317	 0.00192452
-2.43984	 0.00166809
-2.4365	 0.00199723
-2.43317	 0.00180677
-2.42984	 0.0016565
-2.4265	 0.00183566
-2.42317	 0.00170977
-2.41984	 0.00185711
-2.41651	 0.00207384
-2.41317	 0.0020451
-2.40984	 0.00214155
-2.40651	 0.00246448
-2.40317	 0.00288074
-2.39984	 0.00294879
-2.39651	 0.00282157
-2.39317	 0.00290563
-2.38984	 0.00268749
-2.38651	 0.00271118
-2.38317	 0.00232992
-2.37984	 0.0029695
-2.37651	 0.00281273
-2.37318	 0.00286448
-2.36984	 0.00332381
-2.36651	 0.00262349
-2.36318	 0.00287543
-2.35984	 0.00325753
-2.35651	 0.00286781
-2.35318	 0.00227063
-2.34984	 0.00274936
-2.34651	 0.00252144
-2.34318	 0.00176407
-2.33984	 0.00275763
-2.33651	 0.00234439
-2.33318	 0.0018657
-2.32984	 0.00179216
-2.32651	 0.00156776
-2.32318	 0.00163954
-2.31985	 0.00142721
-2.31651	 0.00151142
-2.31318	 0.00184947
-2.30985	 0.00163677
-2.30651	 0.00129252
-2.30318	 0.00147548
-2.29985	 0.00153152
-2.29651	 0.00146875
-2.29318	 0.00130086
-2.28985	 0.00150371
-2.28651	 0.00116326
-2.28318	 0.00111561
-2.27985	 0.00102527
-2.27651	 0.00108564
-2.27318	 0.00138955
-2.26985	 0.00104183
-2.26652	 0.00127506
-2.26318	 0.00118281
-2.25985	 0.000813459
-2.25652	 0.00120319
-2.25318	 0.00120608
-2.24985	 0.00113274
-2.24652	 0.000851652
-2.24318	 0.000838654
-2.23985	 0.000941509
-2.23652	 0.000815424
-2.23318	 0.000942222
-2.22985	 0.000875535
-2.22652	 0.000818647
-2.22319	 0.000910126
-2.21985	 0.000745615
-2.21652	 0.000828039
-2.21319	 0.000610993
-2.20985	 0.000769613
-2.20652	 0.000823862
-2.20319	 0.000830347
-2.19985	 0.00063742
-2.19652	 0.00081336
-2.19319	 0.000698563
-2.18985	 0.000705309
-2.18652	 0.000548603
-2.18319	 0.000687961
-2.17985	 0.000727629
-2.17652	 0.000824453
-2.17319	 0.000666023
-2.16986	 0.000656294
-2.16652	 0.000732919
-2.16319	 0.000627537
-2.15986	 0.000590423
-2.15652	 0.00073067
-2.15319	 0.000674012
-2.14986	 0.000667077
-2.14652	 0.000634541
-2.14319	 0.000600569
-2.13986	 0.000614645
-2.13652	 0.000579375
-2.13319	 0.00063304
-2.12986	 0.00064299
-2.12652	 0.00051856
-2.12319	 0.000552723
-2.11986	 0.000562989
-2.11653	 0.000515725
-2.11319	 0.000596038
-2.10986	 0.000504227
-2.10653	 0.000586635
-2.10319	 0.000522294
-2.09986	 0.000572374
-2.09653	 0.00052627
-2.09319	 0.000499037
-2.08986	 0.000472346
-2.08653	 0.000561201
-2.08319	 0.000462846
-2.07986	 0.000550074
-2.07653	 0.000481189
-2.0732	 0.000477492
-2.06986	 0.000523511
-2.06653	 0.000478426
-2.0632	 0.000474085
-2.05986	 0.000436318
-2.05653	 0.000479993
-2.0532	 0.000495499
-2.04986	 0.000459557
-2.04653	 0.000515349
-2.0432	 0.000496108
-2.03986	 0.000443891
-2.03653	 0.000472891
-2.0332	 0.000516541
-2.02986	 0.000474698
-2.02653	 0.000449687
-2.0232	 0.000502623
-2.01987	 0.000490469
-2.01653	 0.000447053
-2.0132	 0.000497172
-2.00987	 0.000447167
-2.00653	 0.000485852
-2.0032	 0.000550845
-1.99987	 0.000435797
-1.99653	 0.000403037
-1.9932	 0.000407516
-1.98987	 0.000389766
-1.98653	 0.000407067
-1.9832	 0.000418492
-1.97987	 0.000418908
-1.97653	 0.000403962
-1.9732	 0.000532897
-1.96987	 0.000452194
-1.96654	 0.000497509
-1.9632	 0.000433442
-1.95987	 0.000361475
-1.95654	 0.000423342
-1.9532	 0.00044708
-1.94987	 0.000386117
-1.94654	 0.000453698
-1.9432	 0.000479767
-1.93987	 0.00030587
-1.93654	 0.000373114
-1.9332	 0.000414467
-1.92987	 0.000475964
-1.92654	 0.000464192
-1.92321	 0.000523447
-1.91987	 0.000565705
-1.91654	 0.000385893
-1.91321	 0.000452558
-1.90987	 0.000387079
-1.90654	 0.000458213
-1.90321	 0.000439961
-1.89987	 0.000364109
-1.89654	 0.00040044
-1.89321	 0.000497208
-1.88987	 0.000366246
-1.88654	 0.000401376
-1.88321	 0.00042055
-1.87987	 0.000409599
-1.87654	 0.000408403
-1.87321	 0.00038509
-1.86988	 0.00046171
-1.86654	 0.000511135
-1.86321	 0.000429127
-1.85988	 0.000498167
-1.85654	 0.000375437
-1.85321	 0.000355469
-1.84988	 0.000373862
-1.84654	 0.000438547
-1.84321	 0.000450137
-1.83988	 0.000310058
-1.83654	 0.000375247
-1.83321	 0.000410358
-1.82988	 0.000395649
-1.82654	 0.000476345
-1.82321	 0.000430021
-1.81988	 0.00032831
-1.81655	 0.000378841
-1.81321	 0.000451474
-1.80988	 0.000416913
-1.80655	 0.000407007
-1.80321	 0.000448735
-1.79988	 0.000369977
-1.79655	 0.00044867
-1.79321	 0.000367093
-1.78988	 0.000431522
-1.78655	 0.000380661
-1.78321	 0.000420127
-1.77988	 0.000472116
-1.77655	 0.000485358
-1.77322	 0.000403839
-1.76988	 0.000357008
-1.76655	 0.000425947
-1.76322	 0.000392858
-1.75988	 0.000382801
-1.75655	 0.000358219
-1.75322	 0.000374009
-1.74988	 0.00037015
-1.74655	 0.000431096
-1.74322	 0.000407871
-1.73988	 0.000473075
-1.73655	 0.000462796
-1.73322	 0.000424312
-1.72988	 0.000419476
-1.72655	 0.000441886
-1.72322	 0.000393586
-1.71989	 0.00044547
-1.71655	 0.000396434
-1.71322	 0.000442283
-1.70989	 0.000420918
-1.70655	 0.000381525
-1.70322	 0.000380628
-1.69989	 0.000469389
-1.69655	 0.000395405
-1.69322	 0.000430737
-1.68989	 0.000448179
-1.68655	 0.000474638
-1.68322	 0.000463413
-1.67989	 0.000466797
-1.67655	 0.000482942
-1.67322	 0.000430344
-1.66989	 0.000477425
-1.66656	 0.000437956
-1.66322	 0.000434404
-1.65989	 0.000425656
-1.65656	 0.000416694
-1.65322	 0.000381001
-1.64989	 0.000421495
-1.64656	 0.000327808
-1.64322	 0.000451238
-1.63989	 0.000399259
-1.63656	 0.000395244
-1.63322	 0.000423992
-1.62989	 0.00050743
-1.62656	 0.000452272
-1.62323	 0.000554378
-1.61989	 0.000419983
-1.61656	 0.000579289
-1.61323	 0.000484064
-1.60989	 0.000520952
-1.60656	 0.000495247
-1.60323	 0.000483982
-1.59989	 0.000425212
-1.59656	 0.000502681
-1.59323	 0.000547113
-1.58989	 0.000435583
-1.58656	 0.000470566
-1.58323	 0.000479908
-1.57989	 0.000474353
-1.57656	 0.000556266
-1.57323	 0.000444794
-1.5699	 0.000410724
-1.56656	 0.000536381
-1.56323	 0.000502529
-1.5599	 0.000537855
-1.55656	 0.000530502
-1.55323	 0.000545193
-1.5499	 0.000477025
-1.54656	 0.000411512
-1.54323	 0.00046565
-1.5399	 0.000536156
-1.53656	 0.000492926
-1.53323	 0.000555909
-1.5299	 0.000556724
-1.52656	 0.000642276
-1.52323	 0.000560462
-1.5199	 0.000471594
-1.51657	 0.000600628
-1.51323	 0.000517489
-1.5099	 0.000448797
-1.50657	 0.000660267
-1.50323	 0.000614778
-1.4999	 0.000541963
-1.49657	 0.000546307
-1.49323	 0.000557676
-1.4899	 0.000600516
-1.48657	 0.000551013
-1.48323	 0.000702072
-1.4799	 0.000660333
-1.47657	 0.000540752
-1.47324	 0.000522931
-1.4699	 0.000546792
-1.46657	 0.000558592
-1.46324	 0.000478867
-1.4599	 0.000569674
-1.45657	 0.000498299
-1.45324	 0.000623938
-1.4499	 0.000476224
-1.44657	 0.00063833
-1.44324	 0.000732858
-1.4399	 0.000682611
-1.43657	 0.000648037
-1.43324	 0.000648106
-1.4299	 0.000680194
-1.42657	 0.000636312
-1.42324	 0.0006961
-1.41991	 0.000815975
-1.41657	 0.000665871
-1.41324	 0.000683928
-1.40991	 0.000590728
-1.40657	 0.000659767
-1.40324	 0.000563697
-1.39991	 0.000806877
-1.39657	 0.00090639
-1.39324	 0.000844471
-1.38991	 0.000704692
-1.38657	 0.000814612
-1.38324	 0.000911437
-1.37991	 0.000778532
-1.37657	 0.000776911
-1.37324	 0.000847679
-1.36991	 0.000553535
-1.36658	 0.000831773
-1.36324	 0.00093958
-1.35991	 0.000923704
-1.35658	 0.000810889
-1.35324	 0.00103225
-1.34991	 0.000843225
-1.34658	 0.000970765
-1.34324	 0.000995021
-1.33991	 0.00102962
-1.33658	 0.001158
-1.33324	 0.000926878
-1.32991	 0.000856054
-1.32658	 0.00100796
-1.32325	 0.00115301
-1.31991	 0.00113789
-1.31658	 0.00118302
-1.31325	 0.0010977
-1.30991	 0.00122855
-1.30658	 0.00122254
-1.30325	 0.00151893
-1.29991	 0.00164088
-1.29658	 0.00150466
-1.29325	 0.00135546
-1.28991	 0.001178
-1.28658	 0.00167111
-1.28325	 0.00172585
-1.27991	 0.00153821
-1.27658	 0.00166522
-1.27325	 0.00164254
-1.26992	 0.00158715
-1.26658	 0.00158414
-1.26325	 0.00171905
-1.25992	 0.00194696
-1.25658	 0.00173606
-1.25325	 0.00217973
-1.24992	 0.00176017
-1.24658	 0.00209025
-1.24325	 0.00243238
-1.23992	 0.00256383
-1.23658	 0.00206174
-1.23325	 0.00281899
-1.22992	 0.00284868
-1.22658	 0.00296582
-1.22325	 0.00292231
-1.21992	 0.00359749
-1.21659	 0.00346389
-1.21325	 0.00318236
-1.20992	 0.00479617
-1.20659	 0.00518182
-1.20325	 0.0055815
-1.19992	 0.00668726
-1.19659	 0.00856117
-1.19325	 0.00803834
-1.18992	 0.0105945
-1.18659	 0.010125
-1.18325	 0.0107646
-1.17992	 0.0106145
-1.17659	 0.00730828
-1.17326	 0.0079237
-1.16992	 0.00586448
-1.16659	 0.00600133
-1.16326	 0.00441613
-1.15992	 0.00461106
-1.15659	 0.00406633
-1.15326	 0.00373166
-1.14992	 0.00281527
-1.14659	 0.00324254
-1.14326	 0.00299109
-1.13992	 0.00273452
-1.13659	 0.00265811
-1.13326	 0.00237294
-1.12992	 0.00274729
-1.12659	 0.00270552
-1.12326	 0.00241478
-1.11993	 0.00175094
-1.11659	 0.00186722
-1.11326	 0.00177679
-1.10993	 0.00183056
-1.10659	 0.00172468
-1.10326	 0.00158457
-1.09993	 0.0013518
-1.09659	 0.00139667
-1.09326	 0.00123263
-1.08993	 0.00155481
-1.08659	 0.00119945
-1.08326	 0.00117758
-1.07993	 0.00131292
-1.07659	 0.00107039
-1.07326	 0.00124706
-1.06993	 0.0011736
-1.0666	 0.00127796
-1.06326	 0.00117453
-1.05993	 0.00124982
-1.0566	 0.00112873
-1.05326	 0.000839806
-1.04993	 0.000945382
-1.0466	 0.000902466
-1.04326	 0.00098292
-1.03993	 0.000989681
-1.0366	 0.000941919
-1.03326	 0.000729874
-1.02993	 0.000792443
-1.0266	 0.000827305
-1.02327	 0.000929376
-1.01993	 0.00079183
-1.0166	 0.000851485
-1.01327	 0.000913303
-1.00993	 0.000834286
-1.0066	 0.000811205
-1.00327	 0.000706533
-0.999933	 0.000827018
-0.9966	 0.000925113
-0.993267	 0.000858304
-0.989934	 0.000847805
-0.986601	 0.000819396
-0.983268	 0.000778851
-0.979935	 0.000738293
-0.976602	 0.000700664
-0.973268	 0.000827046
-0.969935	 0.000572733
-0.966602	 0.000652431
-0.963269	 0.000657789
-0.959936	 0.000677774
-0.956603	 0.000672564
-0.95327	 0.000775219
-0.949937	 0.000698377
-0.946604	 0.000818827
-0.94327	 0.00057992
-0.939937	 0.000607723
-0.936604	 0.000532663
-0.933271	 0.000675857
-0.929938	 0.000654073
-0.926605	 0.000605862
-0.923272	 0.000642021
-0.919939	 0.000668228
-0.916606	 0.000458087
-0.913272	 0.000543758
-0.909939	 0.00056787
-0.906606	 0.000705526
-0.903273	 0.000638452
-0.89994	 0.00058358
-0.896607	 0.000556728
-0.893274	 0.00057605
-0.889941	 0.000667215
-0.886608	 0.000480178
-0.883274	 0.000599879
-0.879941	 0.000547459
-0.876608	 0.000543759
-0.873275	 0.000629453
-0.869942	 0.000498825
-0.866609	 0.00056678
-0.863276	 0.000620884
-0.859943	 0.000530625
-0.85661	 0.000611468
-0.853276	 0.000520592
-0.849943	 0.000601552
-0.84661	 0.000537812
-0.843277	 0.000543381
-0.839944	 0.000538141
-0.836611	 0.00051363
-0.833278	 0.000540048
-0.829945	 0.000452339
-0.826612	 0.000545382
-0.823278	 0.000513716
-0.819945	 0.000647334
-0.816612	 0.000495573
-0.813279	 0.000444305
-0.809946	 0.00048812
-0.806613	 0.00048589
-0.80328	 0.000474368
-0.799947	 0.000413969
-0.796614	 0.00040809
-0.79328	 0.000479572
-0.789947	 0.000557041
-0.786614	 0.0005339
-0.783281	 0.000539386
-0.779948	 0.000420053
-0.776615	 0.000504795
-0.773282	 0.000496374
-0.769949	 0.000384347
-0.766616	 0.000428181
-0.763282	 0.000506313
-0.759949	 0.000533065
-0.756616	 0.000453408
-0.753283	 0.000525069
-0.74995	 0.000392461
-0.746617	 0.000428033
-0.743284	 0.000455447
-0.739951	 0.000468832
-0.736618	 0.000478542
-0.733284	 0.000463035
-0.729951	 0.000435684
-0.726618	 0.000463697
-0.723285	 0.000496468
-0.719952	 0.000463654
-0.716619	 0.000485274
-0.713286	 0.000553398
-0.709953	 0.000433942
-0.70662	 0.000441084
-0.703286	 0.000466908
-0.699953	 0.000498921
-0.69662	 0.000566433
-0.693287	 0.00042305
-0.689954	 0.000508477
-0.686621	 0.000502598
-0.683288	 0.000482855
-0.679955	 0.000510073
-0.676622	 0.000458365
-0.673288	 0.000442836
-0.669955	 0.000392628
-0.666622	 0.000464341
-0.663289	 0.000498136
-0.659956	 0.000436332
-0.656623	 0.000403585
-0.65329	 0.000481354
-0.649957	 0.000461578
-0.646624	 0.000484547
-0.64329	 0.000512387
-0.639957	 0.000401813
-0.636624	 0.000456174
-0.633291	 0.00037249
-0.629958	 0.00042024
-0.626625	 0.000459155
-0.623292	 0.00059811
-0.619959	 0.000439889
-0.616626	 0.000533616
-0.613292	 0.000375415
-0.609959	 0.00049869
-0.606626	 0.000488807
-0.603293	 0.000503317
-0.59996	 0.000490825
-0.596627	 0.000466231
-0.593294	 0.000379382
-0.589961	 0.000503408
-0.586628	 0.000457037
-0.583294	 0.000521204
-0.579961	 0.000477122
-0.576628	 0.000487745
-0.573295	 0.000527595
-0.569962	 0.000500019
-0.566629	 0.000554733
-0.563296	 0.000487868
-0.559963	 0.000467202
-0.55663	 0.000464818
-0.553296	 0.000546236
-0.549963	 0.000444724
-0.54663	 0.000473677
-0.543297	 0.000428235
-0.539964	 0.000608196
-0.536631	 0.000609072
-0.533298	 0.000546124
-0.529965	 0.000495717
-0.526632	 0.000460104
-0.523298	 0.000492728
-0.519965	 0.000497297
-0.516632	 0.00054566
-0.513299	 0.000513976
-0.509966	 0.000550314
-0.506633	 0.00041584
-0.5033	 0.000495173
-0.499967	 0.000482943
-0.496634	 0.00051537
-0.4933	 0.000428
-0.489967	 0.000539965
-0.486634	 0.000549484
-0.483301	 0.000490569
-0.479968	 0.000467691
-0.476635	 0.000430841
-0.473302	 0.000589547
-0.469969	 0.000570726
-0.466636	 0.000514865
-0.463302	 0.000671794
-0.459969	 0.000492618
-0.456636	 0.000449818
-0.453303	 0.000539377
-0.44997	 0.000543902
-0.446637	 0.000450867
-0.443304	 0.000526465
-0.439971	 0.000489993
-0.436638	 0.000463842
-0.433304	 0.00046278
-0.429971	 0.000538828
-0.426638	 0.000544165
-0.423305	 0.000487459
-0.419972	 0.000568209
-0.416639	 0.000619685
-0.413306	 0.000541542
-0.409973	 0.00067135
-0.40664	 0.000561535
-0.403306	 0.000614007
-0.399973	 0.000548991
-0.39664	 0.000486083
-0.393307	 0.000475257
-0.389974	 0.000564483
-0.386641	 0.000527369
-0.383308	 0.00045694
-0.379975	 0.000532195
-0.376642	 0.000463751
-0.373308	 0.00056535
-0.369975	 0.000633241
-0.366642	 0.000635798
-0.363309	 0.000576869
-0.359976	 0.000745153
-0.356643	 0.000486053
-0.35331	 0.000638506
-0.349977	 0.000712432
-0.346644	 0.000664349
-0.34331	 0.000653942
-0.339977	 0.000636908
-0.336644	 0.000619898
-0.333311	 0.000598342
-0.329978	 0.000669651
-0.326645	 0.000633856
-0.323312	 0.00065858
-0.319979	 0.000658085
-0.316646	 0.000676112
-0.313312	 0.000594916
-0.309979	 0.000595862
-0.306646	 0.000667285
-0.303313	 0.000658358
-0.29998	 0.000749825
-0.296647	 0.000729676
-0.293314	 0.000645995
-0.289981	 0.000790468
-0.286648	 0.000715328
-0.283314	 0.000666567
-0.279981	 0.000850313
-0.276648	 0.000686432
-0.273315	 0.000876349
-0.269982	 0.000767171
-0.266649	 0.000701368
-0.263316	 0.000878654
-0.259983	 0.000627071
-0.25665	 0.00103689
-0.253316	 0.000870361
-0.249983	 0.000740157
-0.24665	 0.000718589
-0.243317	 0.000739489
-0.239984	 0.000792316
-0.236651	 0.0008827
-0.233318	 0.00084677
-0.229985	 0.000972711
-0.226652	 0.000743678
-0.223318	 0.000864221
-0.219985	 0.00101084
-0.216652	 0.000856901
-0.213319	 0.000772462
-0.209986	 0.00100927
-0.206653	 0.000873785
-0.20332	 0.00100069
-0.199987	 0.000876944
-0.196654	 0.001246
-0.19332	 0.00094086
-0.189987	 0.00083768
-0.186654	 0.000899742
-0.183321	 0.0011104
-0.179988	 0.00121291
-0.176655	 0.000975402
-0.173322	 0.00118726
-0.169989	 0.00109265
-0.166656	 0.00119939
-0.163322	 0.0012343
-0.159989	 0.00108776
-0.156656	 0.00113386
-0.153323	 0.00123079
-0.14999	 0.0015464
-0.146657	 0.00137276
-0.143324	 0.00114817
-0.139991	 0.00133452
-0.136658	 0.00132182
-0.133324	 0.00147402
-0.129991	 0.00119934
-0.126658	 0.00117302
-0.123325	 0.00144135
-0.119992	 0.00174747
-0.116659	 0.00143688
-0.113326	 0.00150604
-0.109993	 0.00173681
-0.10666	 0.0014232
-0.103326	 0.00208293
-0.0999933	 0.00173275
-0.0966602	 0.00172541
-0.0933271	 0.00218405
-0.089994	 0.002087
-0.0866609	 0.00209143
-0.0833278	 0.0017791
-0.0799947	 0.00229277
-0.0766616	 0.00225735
-0.0733284	 0.00263147
-0.0699953	 0.00270628
-0.0666622	 0.00273623
-0.0633291	 0.00266429
-0.059996	 0.0029557
-0.0566629	 0.00330504
-0.0533298	 0.0034966
-0.0499967	 0.00378014
-0.0466636	 0.00389199
-0.0433304	 0.00453578
-0.0399973	 0.00394503
-0.0366642	 0.00509211
-0.0333311	 0.00565545
-0.029998	 0.00639413
-0.0266649	 0.00720162
-0.0233318	 0.00963439
-0.0199987	 0.0114916
-0.0166656	 0.0117396
-0.0133324	 0.0147071
-0.00999933	 0.022717
-0.00666622	 0.0403828
-0.00333311	 0.00279862
0	 1
0.00333311	 0.0412256
0.00666622	 0.0256096
0.00999933	 0.0142497
0.0133324	 0.01333
0.0166656	 0.0108138
0.0199987	 0.0100593
0.0233318	 0.00778134
0.0266649	 0.00623088
0.029998	 0.00595908
0.0333311	 0.00491675
0.0366642	 0.00380095
0.0399973	 0.00443296
0.0433304	 0.0043353
0.0466636	 0.00370265
0.0499967	 0.00356439
0.0533298	 0.00326517
0.0566629	 0.00286038
0.059996	 0.00250358
0.0633291	 0.00297482
0.0666622	 0.00279248
0.0699953	 0.00250947
0.0733284	 0.00201897
0.0766616	 0.00255089
0.0799947	 0.00215633
0.0833278	 0.00198374
0.0866609	 0.00204248
0.089994	 0.00187874
0.0933271	 0.00188698
0.0966602	 0.00164017
0.0999933	 0.00208395
0.103326	 0.00168054
0.10666	 0.00170618
0.109993	 0.00156408
0.113326	 0.00123255
0.116659	 0.00162972
0.119992	 0.00159698
0.123325	 0.00130789
0.126658	 0.00121104
0.129991	 0.00157557
0.133324	 0.00122171
0.136658	 0.0012221
0.139991	 0.00132185
0.143324	 0.00138805
0.146657	 0.00148502
0.14999	 0.00125981
0.153323	 0.00104764
0.156656	 0.00123201
0.159989	 0.0012011
0.163322	 0.00120608
0.166656	 0.0011239
0.169989	 0.00116157
0.173322	 0.00111525
0.176655	 0.00110396
0.179988	 0.000922484
0.183321	 0.000966928
0.186654	 0.000921335
0.189987	 0.000965747
0.19332	 0.000997431
0.196654	 0.000977976
0.199987	 0.000918015
0.20332	 0.000877638
0.206653	 0.000893816
0.209986	 0.00083129
0.213319	 0.00100404
0.216652	 0.000895609
0.219985	 0.000836114
0.223318	 0.000850683
0.226652	 0.000719975
0.229985	 0.000987999
0.233318	 0.000834199
0.236651	 0.000905523
0.239984	 0.000830942
0.243317	 0.000851718
0.24665	 0.000674099
0.249983	 0.000829587
0.253316	 0.000818238
0.25665	 0.000842576
0.259983	 0.000726394
0.263316	 0.000782844
0.266649	 0.000714219
0.269982	 0.00081185
0.273315	 0.000626934
0.276648	 0.000768395
0.279981	 0.000832965
0.283314	 0.00055571
0.286648	 0.00078863
0.289981	 0.000596114
0.293314	 0.000696092
0.296647	 0.000765659
0.29998	 0.000679805
0.303313	 0.000640559
0.306646	 0.000700363
0.309979	 0.000523611
0.313312	 0.000654266
0.316646	 0.000574065
0.319979	 0.000567735
0.323312	 0.000800441
0.326645	 0.000726634
0.329978	 0.000537299
0.333311	 0.000574166
0.336644	 0.000581785
0.339977	 0.000718478
0.34331	 0.000630259
0.346644	 0.000565846
0.349977	 0.000611101
0.35331	 0.000492749
0.356643	 0.000614752
0.359976	 0.000549917
0.363309	 0.000570936
0.366642	 0.00061232
0.369975	 0.00057191
0.373308	 0.000526158
0.376642	 0.000616617
0.379975	 0.000583947
0.383308	 0.000559794
0.386641	 0.000510135
0.389974	 0.000487172
0.393307	 0.000539914
0.39664	 0.0004632
0.399973	 0.000557263
0.403306	 0.000574192
0.40664	 0.000644357
0.409973	 0.000491374
0.413306	 0.00062105
0.416639	 0.000600954
0.419972	 0.000501276
0.423305	 0.000592896
0.426638	 0.000637187
0.429971	 0.000509442
0.433304	 0.000467916
0.436638	 0.000605355
0.439971	 0.000499419
0.443304	 0.000380678
0.446637	 0.000576491
0.44997	 0.000672842
0.453303	 0.000470131
0.456636	 0.000480312
0.459969	 0.000503132
0.463302	 0.000528947
0.466636	 0.000434984
0.469969	 0.000594334
0.473302	 0.000418475
0.476635	 0.00056358
0.479968	 0.000472329
0.483301	 0.000551004
0.486634	 0.000457593
0.489967	 0.000456142
0.4933	 0.000474793
0.496634	 0.00059415
0.499967	 0.000501638
0.5033	 0.000548824
0.506633	 0.000559014
0.509966	 0.000472588
0.513299	 0.000584398
0.516632	 0.00040767
0.519965	 0.000436323
0.523298	 0.000426043
0.526632	 0.000511964
0.529965	 0.000442215
0.533298	 0.000533719
0.536631	 0.000511606
0.539964	 0.000381634
0.543297	 0.000434152
0.54663	 0.000483126
0.549963	 0.000521449
0.553296	 0.00052689
0.55663	 0.000573119
0.559963	 0.000429596
0.563296	 0.000482689
0.566629	 0.000522959
0.569962	 0.00053102
0.573295	 0.000465855
0.576628	 0.000464936
0.579961	 0.000387264
0.583294	 0.0004156
0.586628	 0.000458231
0.589961	 0.000487145
0.593294	 0.000408025
0.596627	 0.000471439
0.59996	 0.000576319
0.603293	 0.000417729
0.606626	 0.000466115
0.609959	 0.000476303
0.613292	 0.000428373
0.616626	 0.000524653
0.619959	 0.000444407
0.623292	 0.000428534
0.626625	 0.000352787
0.629958	 0.000427087
0.633291	 0.000484128
0.636624	 0.000457747
0.639957	 0.000486203
0.64329	 0.000501573
0.646624	 0.000421916
0.649957	 0.000480583
0.65329	 0.000500804
0.656623	 0.000427923
0.659956	 0.000537833
0.663289	 0.000445941
0.666622	 0.00044368
0.669955	 0.000461069
0.673288	 0.000470713
0.676622	 0.000511386
0.679955	 0.000443247
0.683288	 0.000499337
0.686621	 0.000422021
0.689954	 0.000430615
0.693287	 0.000448797
0.69662	 0.00052248
0.699953	 0.000414824
0.703286	 0.000484427
0.70662	 0.000464258
0.709953	 0.00048584
0.713286	 0.000502388
0.716619	 0.00046721
0.719952	 0.000527579
0.723285	 0.000416354
0.726618	 0.000466958
0.729951	 0.000426222
0.733284	 0.00044241
0.736618	 0.000460658
0.739951	 0.000419991
0.743284	 0.000477183
0.746617	 0.00050462
0.74995	 0.000400742
0.753283	 0.000512522
0.756616	 0.000536918
0.759949	 0.000460686
0.763282	 0.000436454
0.766616	 0.000508484
0.769949	 0.000480323
0.773282	 0.000566271
0.776615	 0.000422107
0.779948	 0.00042176
0.783281	 0.000409578
0.786614	 0.000540066
0.789947	 0.000486984
0.79328	 0.00049187
0.796614	 0.000412864
0.799947	 0.000424827
0.80328	 0.000567245
0.806613	 0.000475771
0.809946	 0.000568345
0.813279	 0.00052066
0.816612	 0.000566089
0.819945	 0.000650369
0.823278	 0.000406922
0.826612	 0.000481635
0.829945	 0.000526074
0.833278	 0.000532802
0.836611	 0.000566162
0.839944	 0.000535027
0.843277	 0.000476947
0.84661	 0.000562598
0.849943	 0.000490619
0.853276	 0.000502885
0.85661	 0.000472905
0.859943	 0.000585621
0.863276	 0.000496138
0.866609	 0.000502986
0.869942	 0.000558899
0.873275	 0.000650964
0.876608	 0.00058605
0.879941	 0.000577006
0.883274	 0.000481101
0.886608	 0.000628746
0.889941	 0.000668268
0.893274	 0.000520285
0.896607	 0.000611603
0.89994	 0.00068506
0.903273	 0.000677873
0.906606	 0.000674772
0.909939	 0.000562784
0.913272	 0.000597917
0.916606	 0.000521538
0.919939	 0.000633016
0.923272	 0.000607161
0.926605	 0.000740165
0.929938	 0.000621226
0.933271	 0.00061523
0.936604	 0.000600929
0.939937	 0.000589942
0.94327	 0.000631552
0.946604	 0.000630417
0.949937	 0.00074253
0.95327	 0.000668834
0.956603	 0.000738529
0.959936	 0.000629762
0.963269	 0.000740263
0.966602	 0.000669297
0.969935	 0.000937865
0.973268	 0.00076149
0.976602	 0.000776211
0.979935	 0.000783441
0.983268	 0.00090968
0.986601	 0.000918921
0.989934	 0.000756911
0.993267	 0.00075226
0.9966	 0.000837724
0.999933	 0.000714851
1.00327	 0.000809059
1.0066	 0.00082299
1.00993	 0.000820798
1.01327	 0.000845701
1.0166	 0.000917709
1.01993	 0.00088869
1.02327	 0.000747511
1.0266	 0.000835381
1.02993	 0.000808728
1.03326	 0.0010081
1.0366	 0.000882397
1.03993	 0.00102104
1.04326	 0.000937233
1.0466	 0.000983628
1.04993	 0.000936704
1.05326	 0.00115394
1.0566	 0.0010621
1.05993	 0.00100048
1.06326	 0.00150424
1.0666	 0.00118191
1.06993	 0.00120713
1.07326	 0.000998664
1.07659	 0.0013055
1.07993	 0.00107353
1.08326	 0.00116124
1.08659	 0.00139896
1.08993	 0.00105818
1.09326	 0.00133862
1.09659	 0.0011762
1.09993	 0.00144663
1.10326	 0.00160366
1.10659	 0.00179276
1.10993	 0.00170665
1.11326	 0.0018202
1.11659	 0.00176215
1.11993	 0.00229812
1.12326	 0.00244719
1.12659	 0.00257533
1.12992	 0.00223174
1.13326	 0.00287437
1.13659	 0.00288945
1.13992	 0.0027813
1.14326	 0.00330122
1.14659	 0.00230663
1.14992	 0.00348511
1.15326	 0.00355802
1.15659	 0.00463601
1.15992	 0.00409799
1.16326	 0.00569165
1.16659	 0.00619323
1.16992	 0.00683445
1.17326	 0.00738426
1.17659	 0.0115738
1.17992	 0.00977527
1.18325	 0.0101596
1.18659	 0.0109203
1.18992	 0.00874681
1.19325	 0.00826446
1.19659	 0.00691315
1.19992	 0.00582403
1.20325	 0.0053487
1.20659	 0.00448865
1.20992	 0.00343536
1.21325	 0.00329844
1.21659	 0.00318499
1.21992	 0.00296313
1.22325	 0.00277767
1.22658	 0.0033118
1.22992	 0.00268363
1.23325	 0.00234088
1.23658	 0.00220063
1.23992	 0.00220903
1.24325	 0.00200004
1.24658	 0.00195994
1.24992	 0.00208761
1.25325	 0.001677
1.25658	 0.0019362
1.25992	 0.00176078
1.26325	 0.0020002
1.26658	 0.00164103
1.26992	 0.00169425
1.27325	 0.00145457
1.27658	 0.00187721
1.27991	 0.00168486
1.28325	 0.00139781
1.28658	 0.00123706
1.28991	 0.00141653
1.29325	 0.00128926
1.29658	 0.00168001
1.29991	 0.00118294
1.30325	 0.000968246
1.30658	 0.00114245
1.30991	 0.00109049
1.31325	 0.00120672
1.31658	 0.00123749
1.31991	 0.00108875
1.32325	 0.000992192
1.32658	 0.00100327
1.32991	 0.00111414
1.33324	 0.000950547
1.33658	 0.000975659
1.33991	 0.00086881
1.34324	 0.000998239
1.34658	 0.0008261
1.34991	 0.000864888
1.35324	 0.00104246
1.35658	 0.000898023
1.35991	 0.00072623
1.36324	 0.000783621
1.36658	 0.000943267
1.36991	 0.000898106
1.37324	 0.000713103
1.37657	 0.000895515
1.37991	 0.00102274
1.38324	 0.000738193
1.38657	 0.000783786
1.38991	 0.00067604
1.39324	 0.000745795
1.39657	 0.000675691
1.39991	 0.000833951
1.40324	 0.00060547
1.40657	 0.000687721
1.40991	 0.000706468
1.41324	 0.000706412
1.41657	 0.0007946
1.41991	 0.000519269
1.42324	 0.000717654
1.42657	 0.000646886
1.4299	 0.000794476
1.43324	 0.000510613
1.43657	 0.00061709
1.4399	 0.000795878
1.44324	 0.000586468
1.44657	 0.000546208
1.4499	 0.000646324
1.45324	 0.000483237
1.45657	 0.000631309
1.4599	 0.000661709
1.46324	 0.000404937
1.46657	 0.00050043
1.4699	 0.000553487
1.47324	 0.000630541
1.47657	 0.000645584
1.4799	 0.000710062
1.48323	 0.000555208
1.48657	 0.000653555
1.4899	 0.000642976
1.49323	 0.000484532
1.49657	 0.000686444
1.4999	 0.000622135
1.50323	 0.000525289
1.50657	 0.000566802
1.5099	 0.00052439
1.51323	 0.000550815
1.51657	 0.000545019
1.5199	 0.00055623
1.52323	 0.000551368
1.52656	 0.000548946
1.5299	 0.000518724
1.53323	 0.000504545
1.53656	 0.000561489
1.5399	 0.000603075
1.54323	 0.000521197
1.54656	 0.000448898
1.5499	 0.000552426
1.55323	 0.000508257
1.55656	 0.000481542
1.5599	 0.000448558
1.56323	 0.000502761
1.56656	 0.000513024
1.5699	 0.000484917
1.57323	 0.000407569
1.57656	 0.000432686
1.57989	 0.000457145
1.58323	 0.000500889
1.58656	 0.000515632
1.58989	 0.000572302
1.59323	 0.000453946
1.59656	 0.000470517
1.59989	 0.000450916
1.60323	 0.000427351
1.60656	 0.000454643
1.60989	 0.000468774
1.61323	 0.00057195
1.61656	 0.000475228
1.61989	 0.00057944
1.62323	 0.00045641
1.62656	 0.000496484
1.62989	 0.000454984
1.63322	 0.000477276
1.63656	 0.000485364
1.63989	 0.000378711
1.64322	 0.000409588
1.64656	 0.000430269
1.64989	 0.000457034
1.65322	 0.00049056
1.65656	 0.000411395
1.65989	 0.000437996
1.66322	 0.000374188
1.66656	 0.00037661
1.66989	 0.000440289
1.67322	 0.000455671
1.67655	 0.00038767
1.67989	 0.000415768
1.68322	 0.000363581
1.68655	 0.0004166
1.68989	 0.000487027
1.69322	 0.000385475
1.69655	 0.000393556
1.69989	 0.000359826
1.70322	 0.000396518
1.70655	 0.000432151
1.70989	 0.000410979
1.71322	 0.000425597
1.71655	 0.000401941
1.71989	 0.000420421
1.72322	 0.000348403
1.72655	 0.000371573
1.72988	 0.000415013
1.73322	 0.000441655
1.73655	 0.000534173
1.73988	 0.000354549
1.74322	 0.000496943
1.74655	 0.000389074
1.74988	 0.00038913
1.75322	 0.000485676
1.75655	 0.000385652
1.75988	 0.000391197
1.76322	 0.000457814
1.76655	 0.000371637
1.76988	 0.000343444
1.77322	 0.000401949
1.77655	 0.000456964
1.77988	 0.000396403
1.78321	 0.000382293
1.78655	 0.00043257
1.78988	 0.000516354
1.79321	 0.000335418
1.79655	 0.000366799
1.79988	 0.000414366
1.80321	 0.00045377
1.80655	 0.000460635
1.80988	 0.000451028
1.81321	 0.000511481
1.81655	 0.000432356
1.81988	 0.000332166
1.82321	 0.000450887
1.82654	 0.000343766
1.82988	 0.000420802
1.83321	 0.000402126
1.83654	 0.000395704
1.83988	 0.000454773
1.84321	 0.000381535
1.84654	 0.00037454
1.84988	 0.000395823
1.85321	 0.00038003
1.85654	 0.000430003
1.85988	 0.000446674
1.86321	 0.000378118
1.86654	 0.000362649
1.86988	 0.000395378
1.87321	 0.000418548
1.87654	 0.000427997
1.87987	 0.000442969
1.88321	 0.000423098
1.88654	 0.000334007
1.88987	 0.000402246
1.89321	 0.000358174
1.89654	 0.000383362
1.89987	 0.0003867
1.90321	 0.000390888
1.90654	 0.000414347
1.90987	 0.000379424
1.91321	 0.000422851
1.91654	 0.000459485
1.91987	 0.000455843
1.92321	 0.000463611
1.92654	 0.000423132
1.92987	 0.000427138
1.9332	 0.000518999
1.93654	 0.00039856
1.93987	 0.000451392
1.9432	 0.000353278
1.94654	 0.000374726
1.94987	 0.000373697
1.9532	 0.000441314
1.95654	 0.000471127
1.95987	 0.000468419
1.9632	 0.000488961
1.96654	 0.000373545
1.96987	 0.000480991
1.9732	 0.00046136
1.97653	 0.000453557
1.97987	 0.000446803
1.9832	 0.000507993
1.98653	 0.000429625
1.98987	 0.000393437
1.9932	 0.000439911
1.99653	 0.000408151
1.99987	 0.000490485
2.0032	 0.000373026
2.00653	 0.000493179
2.00987	 0.000466361
2.0132	 0.000484764
2.01653	 0.000421992
2.01987	 0.000526761
2.0232	 0.000403838
2.02653	 0.00047581
2.02986	 0.000474181
2.0332	 0.000512343
2.03653	 0.000498067
2.03986	 0.00045188
2.0432	 0.000499158
2.04653	 0.000512856
2.04986	 0.000500333
2.0532	 0.000520389
2.05653	 0.000368064
2.05986	 0.000543094
2.0632	 0.000541298
2.06653	 0.000523405
2.06986	 0.0005553
2.0732	 0.000562023
2.07653	 0.000566992
2.07986	 0.000489364
2.08319	 0.000507808
2.08653	 0.000483339
2.08986	 0.000564186
2.09319	 0.000499459
2.09653	 0.000482731
2.09986	 0.00054957
2.10319	 0.000516088
2.10653	 0.000613032
2.10986	 0.00058098
2.11319	 0.00054158
2.11653	 0.000586884
2.11986	 0.000495939
2.12319	 0.00056218
2.12652	 0.000551389
2.12986	 0.00054258
2.13319	 0.000547081
2.13652	 0.000681874
2.13986	 0.000659167
2.14319	 0.000534042
2.14652	 0.000601793
2.14986	 0.000689032
2.15319	 0.000685367
2.15652	 0.000569427
2.15986	 0.000629666
2.16319	 0.000569446
2.16652	 0.000628991
2.16986	 0.000583832
2.17319	 0.0007398
2.17652	 0.000669231
2.17985	 0.000794194
2.18319	 0.000599858
2.18652	 0.000801324
2.18985	 0.000656926
2.19319	 0.000620753
2.19652	 0.000747459
2.19985	 0.000744529
2.20319	 0.000667149
2.20652	 0.000851536
2.20985	 0.000870075
2.21319	 0.000787675
2.21652	 0.000799561
2.21985	 0.000908205
2.22319	 0.00097422
2.22652	 0.000745092
2.22985	 0.000954173
2.23318	 0.000937907
2.23652	 0.000917298
2.23985	 0.000870515
2.24318	 0.00105148
2.24652	 0.00105977
2.24985	 0.00119977
2.25318	 0.0010241
2.25652	 0.000913045
2.25985	 0.00124647
2.26318	 0.000956431
2.26652	 0.00128385
2.26985	 0.00110566
2.27318	 0.00114142
2.27651	 0.00123464
2.27985	 0.00111407
2.28318	 0.00107191
2.28651	 0.00126756
2.28985	 0.00152122
2.29318	 0.00141312
2.29651	 0.0013974
2.29985	 0.00155847
2.30318	 0.00156762
2.30651	 0.00179079
2.30985	 0.00158198
2.31318	 0.00159555
2.31651	 0.00159632
2.31985	 0.00157021
2.32318	 0.00168338
2.32651	 0.00192028
2.32984	 0.00200528
2.33318	 0.00255852
2.33651	 0.00279125
2.33984	 0.00194783
2.34318	 0.00223755
2.34651	 0.00245112
2.34984	 0.00245518
2.35318	 0.00285372
2.35651	 0.00259389
2.35984	 0.00296461
2.36318	 0.00238028
2.36651	 0.00300573
2.36984	 0.00256335
2.37318	 0.00256177
2.37651	 0.00243132
2.37984	 0.00275381
2.38317	 0.00249718
2.38651	 0.00283353
2.38984	 0.00325733
2.39317	 0.00294934
2.39651	 0.0029223
2.39984	 0.00282536
2.40317	 0.00233202
2.40651	 0.00239219
2.40984	 0.00224829
2.41317	 0.0024223
2.41651	 0.00193209
2.41984	 0.00204324
2.42317	 0.00182015
2.4265	 0.00132816
2.42984	 0.00215174
2.43317	 0.00186419
2.4365	 0.00150081
2.43984	 0.00172299
2.44317	 0.00183716
2.4465	 0.00159905
2.44984	 0.0016671
2.45317	 0.00166646
2.4565	 0.00167426
2.45984	 0.00128106
2.46317	 0.00112217
2.4665	 0.00147495
2.46984	 0.00131374
2.47317	 0.00138018
2.4765	 0.00129105
2.47983	 0.00135919
2.48317	 0.00103448
2.4865	 0.00129199
2.48983	 0.00114939
2.49317	 0.00117516
2.4965	 0.00136608
2.49983	 0.00113401
2.50317	 0.00114696
2.5065	 0.00106729
2.50983	 0.00127505
2.51317	 0.00113875
2.5165	 0.00120972
2.51983	 0.00107482
2.52317	 0.00106646
2.5265	 0.00105928
2.52983	 0.000979675
2.53316	 0.000900407
2.5365	 0.000970796
2.53983	 0.000881105
2.54316	 0.00079173
2.5465	 0.000982153
2.54983	 0.00101428
2.55316	 0.00103951
2.5565	 0.000881367
2.55983	 0.000708765
2.56316	 0.000971293
2.5665	 0.000943495
2.56983	 0.000803184
2.57316	 0.0009007
2.57649	 0.000914387
2.57983	 0.000769532
2.58316	 0.000855326
2.58649	 0.000930897
2.58983	 0.000961642
2.59316	 0.000827647
2.59649	 0.000715652
2.59983	 0.000787357
2.60316	 0.00080271
2.60649	 0.000696228
2.60983	 0.00077481
2.61316	 0.000844192
2.61649	 0.000710425
2.61983	 0.000611966
2.62316	 0.000623109
2.62649	 0.000679807
2.62982	 0.000677132
2.63316	 0.000604067
2.63649	 0.000762199
2.63982	 0.000624187
2.64316	 0.000542966
2.64649	 0.000707302
2.64982	 0.000541117
2.65316	 0.000631525
2.65649	 0.000554166
2.65982	 0.000603154
2.66316	 0.000567292
2.66649	 0.000646703
2.66982	 0.00063869
2.67316	 0.000597408
2.67649	 0.000558586
2.67982	 0.000662726
2.68315	 0.000531496
2.68649	 0.000505784
2.68982	 0.000581748
2.69315	 0.000678927
2.69649	 0.000528437
2.69982	 0.000692762
2.70315	 0.000546877
2.70649	 0.0005026
2.70982	 0.000581266
2.71315	 0.000444432
2.71649	 0.000591012
2.71982	 0.000505976
2.72315	 0.000501104
2.72648	 0.00058923
2.72982	 0.000587391
2.73315	 0.000544493
2.73648	 0.00049238
2.73982	 0.000363318
2.74315	 0.000466261
2.74648	 0.000436486
2.74982	 0.000396109
2.75315	 0.000440262
2.75648	 0.000568293
2.75982	 0.000441899
2.76315	 0.000449314
2.76648	 0.000551019
2.76982	 0.000528876
2.77315	 0.000550413
2.77648	 0.000431182
2.77981	 0.000472487
2.78315	 0.000542077
2.78648	 0.000452549
2.78981	 0.000471624
2.79315	 0.000562902
2.79648	 0.000420752
2.79981	 0.000456978
2.80315	 0.00040661
2.80648	 0.00038912
2.80981	 0.000478058
2.81315	 0.000421096
2.81648	 0.000409695
2.81981	 0.000398839
2.82315	 0.000445476
2.82648	 0.000473708
2.82981	 0.0004372
2.83314	 0.000490608
2.83648	 0.00039929
2.83981	 0.000361987
2.84314	 0.000457117
2.84648	 0.000399496
2.84981	 0.000431698
2.85314	 0.000431736
2.85648	 0.000419343
2.85981	 0.000440726
2.86314	 0.000407397
2.86648	 0.000373815
2.86981	 0.00041562
2.87314	 0.000484216
2.87647	 0.000455304
2.87981	 0.000379699
2.88314	 0.000490951
2.88647	 0.000350553
2.88981	 0.000441822
2.89314	 0.000485269
2.89647	 0.000385543
2.89981	 0.000404284
2.90314	 0.000540332
2.90647	 0.000430805
2.90981	 0.000375675
2.91314	 0.000435835
2.91647	 0.000380966
2.91981	 0.000406282
2.92314	 0.000441572
2.92647	 0.000417636
2.9298	 0.000429671
2.93314	 0.00043801
2.93647	 0.000355333
2.9398	 0.000399296
2.94314	 0.000448601
2.94647	 0.000462691
2.9498	 0.000421571
2.95314	 0.000353265
2.95647	 0.000472105
2.9598	 0.000359935
2.96314	 0.000490689
2.96647	 0.000387071
2.9698	 0.000399098
2.97314	 0.000391056
2.97647	 0.000437057
2.9798	 0.000409972
2.98313	 0.000368465
2.98647	 0.000368216
2.9898	 0.000431404
2.99313	 0.000522961
2.99647	 0.000397543
2.9998	 0.000384114
3.00313	 0.000405189
3.00647	 0.00040949
3.0098	 0.000350795
3.01313	 0.000390049
3.01647	 0.000395839
3.0198	 0.000424053
3.02313	 0.000310267
3.02646	 0.000322064
3.0298	 0.000396747
3.03313	 0.000575525
3.03646	 0.000455785
3.0398	 0.000397459
3.04313	 0.00038175
3.04646	 0.000428699
3.0498	 0.000409318
3.05313	 0.0004498
3.05646	 0.000409886
3.0598	 0.000311219
3.06313	 0.000384033
3.06646	 0.00037494
3.0698	 0.000343345
3.07313	 0.000401447
3.07646	 0.000398133
3.07979	 0.000452532
3.08313	 0.000365847
3.08646	 0.00038064
3.08979	 0.00035892
3.09313	 0.000543123
3.09646	 0.000473359
3.09979	 0.000379991
3.10313	 0.000570106
3.10646	 0.0003732
3.10979	 0.000494242
3.11313	 0.000399575
3.11646	 0.000356922
3.11979	 0.000396262
3.12313	 0.000502225
3.12646	 0.000425586
3.12979	 0.000401732
3.13312	 0.000384818
3.13646	 0.00039964
3.13979	 0.000404521
3.14312	 0.000378639
3.14646	 0.000401522
3.14979	 0.000397244
3.15312	 0.000521172
3.15646	 0.000379
3.15979	 0.000508691
3.16312	 0.000435461
3.16646	 0.000400972
3.16979	 0.000415287
3.17312	 0.000449353
3.17645	 0.000458565
3.17979	 0.000432362
3.18312	 0.000359147
3.18645	 0.000380386
3.18979	 0.000442087
3.19312	 0.000413549
3.19645	 0.000463783
3.19979	 0.000413841
3.20312	 0.000449768
3.20645	 0.000448077
3.20979	 0.000426659
3.21312	 0.000456162
3.21645	 0.000480597
3.21979	 0.000498877
3.22312	 0.000356849
3.22645	 0.000438779
3.22978	 0.000447015
3.23312	 0.000414246
3.23645	 0.000470895
3.23978	 0.000521721
3.24312	 0.000479329
3.24645	 0.000362511
3.24978	 0.0004616
3.25312	 0.000527296
3.25645	 0.000482501
3.25978	 0.000492037
3.26312	 0.000532998
3.26645	 0.0004681
3.26978	 0.0005139
3.27312	 0.000430515
3.27645	 0.000452823
3.27978	 0.000457348
3.28311	 0.000524862
3.28645	 0.000479778
3.28978	 0.000479586
3.29311	 0.000512221
3.29645	 0.000569685
3.29978	 0.000611829
3.30311	 0.000459938
3.30645	 0.000498094
3.30978	 0.000533225
3.31311	 0.000479672
3.31645	 0.00053562
3.31978	 0.000656718
3.32311	 0.000537065
3.32644	 0.000663823
3.32978	 0.000491811
3.33311	 0.000506815
3.33644	 0.000590251
3.33978	 0.000688249
3.34311	 0.000601151
3.34644	 0.000496495
3.34978	 0.000461311
3.35311	 0.000548272
3.35644	 0.000504823
3.35978	 0.000544071
3.36311	 0.000638117
3.36644	 0.000562412
3.36978	 0.000614813
3.37311	 0.000672873
3.37644	 0.00068507
3.37977	 0.000629398
3.38311	 0.000653
3.38644	 0.000592608
3.38977	 0.000609452
3.39311	 0.000689331
3.39644	 0.000656034
3.39977	 0.000814201
3.40311	 0.000676224
3.40644	 0.000643136
3.40977	 0.000669173
3.41311	 0.000834389
3.41644	 0.000770239
3.41977	 0.000702378
3.42311	 0.000748747
3.42644	 0.000631797
3.42977	 0.000693606
3.4331	 0.000868927
3.43644	 0.000882011
3.43977	 0.000871039
3.4431	 0.000755661
3.44644	 0.000934846
3.44977	 0.000811483
3.4531	 0.000763396
3.45644	 0.000664726
3.45977	 0.000869388
3.4631	 0.00085287
3.46644	 0.000921371
3.46977	 0.000828675
3.4731	 0.00095651
3.47643	 0.000829923
3.47977	 0.000903704
3.4831	 0.000727174
3.48643	 0.0010043
3.48977	 0.00101029
3.4931	 0.000944692
3.49643	 0.00111874
3.49977	 0.00101277
3.5031	 0.00117264
3.50643	 0.00118927
3.50977	 0.00103513
3.5131	 0.00111264
3.51643	 0.000997067
3.51977	 0.0011863
3.5231	 0.00110822
3.52643	 0.00108798
3.52976	 0.00141655
3.5331	 0.00112572
3.53643	 0.00133244
3.53976	 0.00155342
3.5431	 0.0015083
3.54643	 0.00148254
3.54976	 0.00130783
3.5531	 0.00138048
3.55643	 0.00136645
3.55976	 0.00177391
3.5631	 0.00151424
3.56643	 0.00156002
3.56976	 0.00168863
3.5731	 0.00160912
3.57643	 0.00116817
3.57976	 0.00176188
3.58309	 0.00177054
3.58643	 0.0018531
3.58976	 0.00188918
3.59309	 0.00153631
3.59643	 0.0020444
3.59976	 0.00160917
3.60309	 0.00171366
3.60643	 0.00150429
3.60976	 0.00150151
3.61309	 0.00186819
3.61643	 0.00167665
3.61976	 0.00166655
3.62309	 0.00162657
3.62642	 0.00132298
3.62976	 0.00114169
3.63309	 0.00144281
3.63642	 0.00172102
3.63976	 0.00131684
3.64309	 0.00143061
3.64642	 0.00139228
3.64976	 0.00153637
3.65309	 0.00145348
3.65642	 0.00131428
3.65976	 0.00122872
3.66309	 0.00118391
3.66642	 0.0014615
3.66976	 0.00109845
3.67309	 0.00132323
3.67642	 0.00119421
3.67975	 0.00113479
3.68309	 0.00122246
3.68642	 0.00118637
3.68975	 0.00148833
3.69309	 0.00106825
3.69642	 0.000975715
3.69975	 0.000944304
3.70309	 0.00107764
3.70642	 0.0012393
3.70975	 0.000763826
3.71309	 0.00112793
3.71642	 0.00128841
3.71975	 0.00101026
3.72309	 0.000893067
3.72642	 0.000991636
3.72975	 0.000930335
3.73308	 0.000728526
3.73642	 0.00107077
3.73975	 0.000948365
3.74308	 0.000993419
3.74642	 0.000952541
3.74975	 0.00092281
3.75308	 0.000695362
3.75642	 0.00073566
3.75975	 0.000941174
3.76308	 0.00107784
3.76642	 0.000868391
3.76975	 0.000864338
3.77308	 0.00082313
3.77641	 0.000999795
3.77975	 0.00071429
3.78308	 0.000918833
3.78641	 0.000676999
3.78975	 0.000591496
3.79308	 0.000657572
3.79641	 0.000762957
3.79975	 0.000863324
3.80308	 0.000772998
3.80641	 0.000738468
3.80975	 0.00084135
3.81308	 0.000781266
3.81641	 0.000719799
3.81975	 0.000682402
3.82308	 0.000839908
3.82641	 0.000597089
3.82974	 0.000604468
3.83308	 0.000687913
3.83641	 0.000730348
3.83974	 0.000678579
3.84308	 0.000685892
3.84641	 0.000637495
3.84974	 0.000536195
3.85308	 0.000600184
3.85641	 0.000542745
3.85974	 0.000571222
3.86308	 0.00060301
3.86641	 0.000613597
3.86974	 0.000603489
3.87308	 0.000573902
3.87641	 0.000522504
3.87974	 0.000478654
3.88307	 0.00049075
3.88641	 0.000523034
3.88974	 0.000664269
3.89307	 0.00050421
3.89641	 0.000612034
3.89974	 0.000489792
3.90307	 0.000570502
3.90641	 0.000538755
3.90974	 0.00057873
3.91307	 0.000566046
3.91641	 0.000562089
3.91974	 0.00053474
3.92307	 0.000595813
3.9264	 0.000524645
3.92974	 0.000509693
3.93307	 0.000541908
3.9364	 0.000458797
3.93974	 0.000489275
3.94307	 0.000469151
3.9464	 0.000443992
3.94974	 0.000565947
3.95307	 0.000477341
3.9564	 0.000491157
3.95974	 0.000473753
3.96307	 0.000568498
3.9664	 0.000400413
3.96974	 0.000498061
3.97307	 0.000438398
3.9764	 0.000579852
3.97973	 0.000432317
3.98307	 0.000458236
3.9864	 0.000402817
3.98973	 0.000499178
3.99307	 0.00035146
3.9964	 0.000444678
3.99973	 0.000447014
4.00307	 0.000443972
4.0064	 0.00057111
4.00973	 0.000483962
4.01307	 0.000414431
4.0164	 0.000424485
4.01973	 0.00049942
4.02307	 0.000383705
4.0264	 0.000445397
4.02973	 0.000345647
4.03306	 0.000368646
4.0364	 0.000360953
4.03973	 0.000443845
4.04306	 0.000443287
4.0464	 0.000431898
4.04973	 0.000372265
4.05306	 0.000398767
4.0564	 0.000333119
4.05973	 0.000360046
4.06306	 0.000340943
4.0664	 0.00037465
4.06973	 0.000391607
4.07306	 0.000478681
4.07639	 0.000386293
4.07973	 0.000384861
4.08306	 0.00050596
4.08639	 0.000406725
4.08973	 0.000402922
4.09306	 0.000341251
4.09639	 0.000403827
4.09973	 0.000411281
4.10306	 0.000368369
4.10639	 0.000389708
4.10973	 0.000446774
4.11306	 0.000375903
4.11639	 0.000351349
4.11973	 0.00041145
4.12306	 0.000414179
4.12639	 0.000408452
4.12972	 0.000398462
4.13306	 0.00041606
4.13639	 0.000429995
4.13972	 0.000427044
4.14306	 0.000439133
4.14639	 0.000370242
4.14972	 0.000386688
4.15306	 0.000361099
4.15639	 0.000369154
4.15972	 0.000443399
4.16306	 0.000451447
4.16639	 0.000410861
4.16972	 0.000356638
4.17306	 0.000408691
4.17639	 0.000372988
4.17972	 0.000431953
4.18305	 0.000407624
4.18639	 0.000380854
4.18972	 0.000386166
4.19305	 0.000393362
4.19639	 0.000406271
4.19972	 0.000333824
4.20305	 0.000321536
4.20639	 0.000424763
4.20972	 0.000318735
4.21305	 0.000393394
4.21639	 0.000328519
4.21972	 0.000383949
4.22305	 0.000459503
4.22638	 0.000406636
4.22972	 0.000392771
4.23305	 0.000349887
4.23638	 0.000360872
4.23972	 0.000305296
4.24305	 0.000343149
4.24638	 0.000399747
4.24972	 0.000348476
4.25305	 0.000394769
4.25638	 0.000327547
4.25972	 0.000389777
4.26305	 0.000392065
4.26638	 0.000361246
4.26972	 0.000330872
4.27305	 0.000361788
4.27638	 0.000333394
4.27971	 0.000417729
4.28305	 0.000398623
4.28638	 0.000291311
4.28971	 0.000424425
4.29305	 0.000383345
4.29638	 0.000408141
4.29971	 0.00036648
4.30305	 0.000351958
4.30638	 0.00038491
4.30971	 0.000375186
4.31305	 0.000369998
4.31638	 0.000393485
4.31971	 0.000421307
4.32305	 0.000372575
4.32638	 0.00035489
4.32971	 0.000438359
4.33304	 0.000338102
4.33638	 0.000358573
4.33971	 0.000361051
4.34304	 0.00040001
4.34638	 0.000381365
4.34971	 0.00037864
4.35304	 0.000338158
4.35638	 0.000437314
4.35971	 0.000393015
4.36304	 0.000479996
4.36638	 0.000350631
4.36971	 0.000407974
4.37304	 0.000412484
4.37637	 0.000435762
4.37971	 0.000380456
4.38304	 0.000414996
4.38637	 0.000375904
4.38971	 0.000384649
4.39304	 0.000413946
4.39637	 0.000400992
4.39971	 0.0004259
4.40304	 0.000398902
4.40637	 0.000385409
4.40971	 0.000451287
4.41304	 0.000461801
4.41637	 0.000391166
4.41971	 0.000413163
4.42304	 0.000407144
4.42637	 0.000414302
4.4297	 0.000435932
4.43304	 0.000485123
4.43637	 0.000378554
4.4397	 0.00042869
4.44304	 0.000411494
4.44637	 0.000494583
4.4497	 0.000439709
4.45304	 0.000457346
4.45637	 0.000420022
4.4597	 0.000433192
4.46304	 0.000333058
4.46637	 0.000437778
4.4697	 0.000478061
4.47304	 0.000487243
4.47637	 0.000538874
4.4797	 0.000491529
4.48303	 0.0004214
4.48637	 0.000460299
4.4897	 0.000424686
4.49303	 0.00040856
4.49637	 0.000403978
4.4997	 0.000354507
4.50303	 0.0004834
4.50637	 0.000482999
4.5097	 0.000493854
4.51303	 0.000461196
4.51637	 0.0004885
4.5197	 0.000465088
4.52303	 0.000521433
4.52636	 0.000518714
4.5297	 0.000486302
4.53303	 0.000562791
4.53636	 0.000543949
4.5397	 0.000461293
4.54303	 0.000565495
4.54636	 0.000603603
4.5497	 0.0005087
4.55303	 0.000521159
4.55636	 0.000430622
4.5597	 0.000500365
4.56303	 0.000565998
4.56636	 0.00048846
4.5697	 0.000513405
4.57303	 0.000514306
4.57636	 0.000544623
4.57969	 0.000569475
4.58303	 0.000469346
4.58636	 0.000407312
4.58969	 0.00052709
4.59303	 0.000541364
4.59636	 0.000525764
4.59969	 0.000563445
4.60303	 0.000524918
4.60636	 0.000580165
4.60969	 0.00069588
4.61303	 0.000613031
4.61636	 0.000634481
4.61969	 0.000730724
4.62303	 0.000675884
4.62636	 0.000593558
4.62969	 0.000553535
4.63302	 0.000657967
4.63636	 0.00052728
4.63969	 0.000633954
4.64302	 0.000648102
4.64636	 0.000580739
4.64969	 0.000652176
4.65302	 0.000560046
4.65636	 0.00070215
4.65969	 0.000716257
4.66302	 0.00056199
4.66636	 0.000624674
4.66969	 0.000700801
4.67302	 0.000706888
4.67635	 0.000788694
4.67969	 0.000664331
4.68302	 0.000688097
4.68635	 0.00077232
4.68969	 0.000683028
4.69302	 0.000600462
4.69635	 0.000702867
4.69969	 0.000591565
4.70302	 0.000799428
4.70635	 0.000736297
4.70969	 0.000971013
4.71302	 0.000753172
4.71635	 0.000912083
4.71969	 0.000932592
4.72302	 0.000824986
4.72635	 0.00113188
4.72968	 0.000822498
4.73302	 0.000950404
4.73635	 0.00086143
4.73968	 0.000877861
4.74302	 0.000921852
4.74635	 0.000889273
4.74968	 0.000926934
4.75302	 0.000983621
4.75635	 0.000878872
4.75968	 0.000951533
4.76302	 0.00103654
4.76635	 0.000951814
4.76968	 0.0011226
4.77302	 0.00106127
4.77635	 0.00114476
4.77968	 0.00103442
4.78301	 0.00109649
4.78635	 0.00110131
4.78968	 0.000864566
4.79301	 0.00111222
4.79635	 0.00105526
4.79968	 0.000977329
4.80301	 0.00120957
4.80635	 0.00110945
4.80968	 0.0012985
4.81301	 0.00132895
4.81635	 0.00102806
4.81968	 0.00101664
4.82301	 0.00117239
4.82634	 0.0013408
4.82968	 0.0010333
4.83301	 0.00119774
4.83634	 0.000807103
4.83968	 0.0010029
4.84301	 0.00122664
4.84634	 0.000776367
4.84968	 0.00100142
4.85301	 0.000872029
4.85634	 0.0011222
4.85968	 0.000954499
4.86301	 0.0010123
4.86634	 0.00108173
4.86968	 0.00106329
4.87301	 0.00100622
4.87634	 0.00107722
4.87967	 0.00117186
4.88301	 0.00109927
4.88634	 0.00109875
4.88967	 0.00103786
4.89301	 0.00114304
4.89634	 0.00110841
4.89967	 0.000899681
4.90301	 0.000840105
4.90634	 0.00100661
4.90967	 0.000854732
4.91301	 0.00101759
4.91634	 0.000993657
4.91967	 0.000963648
4.92301	 0.00110509
4.92634	 0.000755704
4.92967	 0.000909205
4.933	 0.00112348
4.93634	 0.00097015
4.93967	 0.00103918
4.943	 0.00082467
4.94634	 0.0009164
4.94967	 0.000917618
4.953	 0.000753167
4.95634	 0.00081208
4.95967	 0.000681558
4.963	 0.000842114
4.96634	 0.000955476
4.96967	 0.000855939
4.973	 0.00076994
4.97633	 0.000665348
4.97967	 0.00087553
4.983	 0.0008289
4.98633	 0.000786652
4.98967	 0.000704659
4.993	 0.000585601
4.99633	 0.000681326
