#Time [1ns] 	 Re(Es) 	 Im(Es) 	 |Es|^2 	 rho 	 w
0	932.958777	335.106543	59520.0918	23355.3453	0.559207495	6.20772372e+13
1e-11	905.778482	879.161304	58051.3613	23777.1286	0.559103743	6.23162484e+13
2e-11	398.773674	1063.89998	56729.9622	22699.8196	0.560151194	6.25346229e+13
3e-11	62.015993	2275.35656	57379.5838	23166.4776	0.560583156	6.27363013e+13
4e-11	242.090753	3320.11121	59184.2798	23662.1263	0.560680522	6.29208077e+13
5e-11	-158.801499	2052.63109	59250.6352	23575.5889	0.560746304	6.30876317e+13
6e-11	-1337.4494	1448.38459	56707.3479	23209.2012	0.561207195	6.32396796e+13
7e-11	-1111.8445	-241.413986	57306.0868	23980.6873	0.561750964	6.33803287e+13
8e-11	-2521.2881	-1495.46372	59714.1066	23175.5753	0.561625851	6.35090194e+13
9e-11	-2952.35367	-1422.05246	60438.0333	21966.7949	0.56116459	6.36240539e+13
1e-10	-2226.25493	-2225.5017	61072.8747	20915.2787	0.56069325	6.37263338e+13
1.1e-10	-1199.26813	-2905.3661	61449.5179	22041.3316	0.560019183	6.38168503e+13
1.2e-10	-1978.40075	-2242.54427	59370.615	21438.1966	0.560055649	6.38970431e+13
1.3e-10	-426.424768	-2497.19796	57070.9749	22486.4409	0.561241116	6.39722606e+13
1.4e-10	-1495.22096	-2290.1089	57470.2302	22302.3087	0.562410476	6.40457644e+13
1.5e-10	-708.907027	-2313.99843	58981.9114	22370.352	0.562319121	6.41154659e+13
1.6e-10	-539.974299	-2598.71383	59735.368	22926.022	0.561982353	6.41774982e+13
1.7e-10	-1103.07842	-1389.10402	59511.2544	22714.4168	0.561636921	6.42318969e+13
1.8e-10	-1296.32246	-1095.02011	57726.5697	22317.5969	0.562059725	6.42811765e+13
1.9e-10	-38.1367681	-2489.51613	59531.5666	22302.4607	0.562261342	6.43278429e+13
2e-10	-342.71556	-1034.20881	60237.4454	21697.8514	0.56190784	6.43695558e+13
2.1e-10	-179.802363	-631.002334	60769.9051	23111.7714	0.561426574	6.44056327e+13
2.2e-10	-340.849891	-1394.19873	60716.9677	23005.7552	0.560787254	6.44360132e+13
2.3e-10	-1023.54618	-2557.38291	62581.2854	24465.6293	0.559962731	6.44607235e+13
2.4e-10	-35.6562334	-3621.37064	61145.31	24891.7208	0.559109877	6.44787968e+13
2.5e-10	224.650924	-3327.06836	62823.0903	25564.0434	0.558421861	6.44925981e+13
2.6e-10	843.176685	-3330.54423	60820.7015	23723.3693	0.558404046	6.45024961e+13
2.7e-10	1496.69034	-3492.04573	61182.4157	22675.7071	0.558923137	6.45133517e+13
2.8e-10	1258.49878	-2865.33637	60826.4235	22359.9163	0.559327893	6.4524812e+13
2.9e-10	-76.4797588	-2710.29929	62013.638	23933.611	0.559248758	6.45363543e+13
3e-10	1061.95486	-3399.78266	61213.6221	23036.7246	0.558990926	6.45453633e+13
3.1e-10	830.921026	-3409.68966	61682.2702	22913.3195	0.559173648	6.45538027e+13
3.2e-10	1415.27143	-586.837062	61658.0661	21579.1818	0.558766264	6.45609294e+13
3.3e-10	1525.44355	1127.73273	60998.9241	23688.8684	0.55888712	6.45668591e+13
3.4e-10	1770.02488	1442.04003	60686.6875	23033.2719	0.558840144	6.45721525e+13
3.5e-10	1714.02899	1634.8097	60874.2144	23964.4622	0.559170811	6.45776611e+13
3.6e-10	436.106828	991.025341	60942.27	24401.4335	0.55944203	6.45839179e+13
3.7e-10	256.134284	990.708747	58584.6367	26027.3879	0.559982025	6.45911223e+13
3.8e-10	157.484639	1319.02016	57029.1204	25983.8718	0.560586063	6.46003031e+13
3.9e-10	-219.538845	337.070149	58614.5881	25257.666	0.561209321	6.46117735e+13
4e-10	-383.401335	-871.952661	59447.6191	24729.5872	0.561124783	6.46232278e+13
4.1e-10	-351.520044	474.3864	58006.778	24151.3551	0.561397299	6.46333826e+13
4.2e-10	-56.4507906	302.171371	57741.3154	24611.4429	0.562322804	6.46455564e+13
4.3e-10	-208.669981	-1076.72708	59844.9287	23745.8387	0.562404996	6.46591295e+13
4.4e-10	3.01174712	-797.600882	60923.4025	25514.0312	0.561290839	6.4669302e+13
4.5e-10	-1320.82588	-989.34849	61825.2042	22587.7215	0.560371752	6.46737097e+13
4.6e-10	-1714.15849	-1441.98394	60800.5113	23023.5071	0.560028339	6.46747885e+13
4.7e-10	-659.652817	-1140.66013	61035.8131	23743.9856	0.559884453	6.4675076e+13
4.8e-10	-31.4439843	-1053.68268	59663.275	23038.6544	0.560624522	6.46759748e+13
4.9e-10	-1497.19701	-743.070341	61319.2637	22080.5843	0.560632615	6.46791315e+13
5e-10	-993.647918	44.7740859	62192.6903	22249.2871	0.560018818	6.46805703e+13
5.1e-10	-744.723897	-2244.9297	60222.3885	21780.1435	0.559937824	6.46797555e+13
5.2e-10	238.35079	-2522.51771	60337.8163	19963.5049	0.560549772	6.46806085e+13
5.3e-10	2093.39991	-3172.70945	61460.4958	19629.7842	0.560968386	6.46838656e+13
5.4e-10	1031.67069	-1062.09068	60687.2993	20794.6264	0.560916573	6.46874601e+13
5.5e-10	2051.35138	768.514812	62014.9728	20355.2877	0.560360208	6.46895472e+13
5.6e-10	2502.62883	808.745193	62896.9478	18192.1654	0.560099271	6.46897123e+13
5.7e-10	1454.3637	-1298.09252	61681.3027	19241.9348	0.560104934	6.4688756e+13
5.8e-10	345.508429	-1280.02597	59880.279	21320.6019	0.560863985	6.46892197e+13
5.9e-10	584.243051	-1891.16254	60527.3845	22120.8763	0.560889448	6.46922125e+13
6e-10	-913.17383	-2426.10815	59882.7083	25005.4639	0.560664138	6.46943157e+13
6.1e-10	-1646.83446	-2458.9208	60466.5067	27109.0967	0.560176553	6.46947032e+13
6.2e-10	-1144.92082	-3792.01962	59367.846	26269.6419	0.559576797	6.4692512e+13
6.3e-10	-1047.24518	-3615.44161	58886.1099	25665.4203	0.560127734	6.46902092e+13
6.4e-10	-209.973576	-2546.33929	60030.8838	24732.4378	0.560380598	6.4690184e+13
6.5e-10	1531.31749	-1860.36663	59885.3814	24955.2407	0.560338936	6.46904953e+13
6.6e-10	1832.48466	-2034.20014	60907.6462	23438.6124	0.560273021	6.46907391e+13
6.7e-10	596.187611	-1155.77769	61971.2875	24050.5096	0.559815107	6.46898923e+13
6.8e-10	-1915.87483	164.758007	62947.0396	23133.1006	0.55929205	6.46869607e+13
6.9e-10	-3076.81261	145.795772	61045.5792	22067.3211	0.559177361	6.46822666e+13
7e-10	-1835.86379	1749.15256	60571.6188	23364.2508	0.559838343	6.46795891e+13
7.1e-10	-175.213256	1720.13986	61185.4533	21934.8797	0.560143625	6.46795244e+13
7.2e-10	1029.52567	-45.2535578	58776.7804	24676.5181	0.560244738	6.46799471e+13
7.3e-10	2379.28011	-113.7695	58917.3267	25815.4604	0.560797054	6.46819376e+13
7.4e-10	1457.22282	-466.080506	57995.5295	26802.3814	0.560995303	6.46855042e+13
7.5e-10	1398.62098	417.258953	57718.2112	26694.0086	0.561618906	6.46903123e+13
7.6e-10	110.993269	-1057.6694	59026.0675	24995.0996	0.561879614	6.46966948e+13
7.7e-10	764.104922	-608.831985	58170.4483	23162.8475	0.56184592	6.47027605e+13
7.8e-10	802.089947	432.9473	60546.5458	24924.6172	0.561617201	6.47085508e+13
7.9e-10	-76.3853868	-1899.73118	60780.9447	23642.1239	0.56088873	6.47109649e+13
8e-10	474.429882	-929.732019	59879.6525	23467.1755	0.560705401	6.47112298e+13
8.1e-10	1143.48459	-1024.28334	61018.7984	21909.1224	0.560765332	6.4711299e+13
8.2e-10	2120.06215	24.3116839	60675.093	23391.9578	0.560521207	6.47109074e+13
8.3e-10	3555.17125	-330.402101	60252.076	24527.3814	0.560291743	6.4709602e+13
8.4e-10	1948.39963	371.755457	60948.5138	23183.091	0.560195262	6.47077047e+13
8.5e-10	1831.0915	1130.92234	60882.2497	23349.1343	0.56010305	6.47056232e+13
8.6e-10	1726.24333	453.308822	59082.6987	23321.3636	0.560350417	6.47036286e+13
8.7e-10	3714.60088	1053.24332	58935.9292	22826.6349	0.561033895	6.47041775e+13
8.8e-10	2137.87609	-694.611864	59162.8454	24794.6817	0.561426304	6.47072564e+13
8.9e-10	687.117482	-1576.28606	60389.412	25525.2767	0.56110788	6.4710462e+13
9e-10	-48.4375443	-957.436295	61022.0366	22691.3332	0.560540633	6.47109919e+13
9.1e-10	-330.167015	-450.943187	62678.464	21326.6131	0.560119104	6.47094605e+13
9.2e-10	2112.63689	-489.822691	62931.4586	22539.9067	0.559324094	6.47052954e+13
9.3e-10	1358.58649	332.927897	60418.3351	23104.6043	0.559165404	6.46989355e+13
9.4e-10	1255.21019	1027.43441	60361.0457	23765.4902	0.559528893	6.46939562e+13
9.5e-10	1064.1891	2495.61087	60106.1847	24537.5245	0.560012655	6.46912823e+13
9.6e-10	1438.69455	2678.39214	60084.1237	23292.0796	0.560255829	6.46903834e+13
9.7e-10	1186.84958	1849.407	60304.108	24931.1198	0.560352487	6.46905481e+13
9.8e-10	2365.24308	1194.42651	59115.5159	23792.6299	0.56044016	6.46907483e+13
9.9e-10	1514.77059	1770.25891	59940.1821	23575.1261	0.560743382	6.46922958e+13
1e-09	1075.16664	1075.45298	60780.9292	24863.6449	0.560490316	6.46937674e+13
1.01e-09	473.729443	-495.577081	60437.8528	23653.836	0.560304597	6.46937994e+13
1.02e-09	-746.221272	-1005.46088	61691.6136	20673.1316	0.560021449	6.46930043e+13
1.03e-09	-125.108958	-261.6264	61427.6777	21655.6426	0.560255456	6.46922069e+13
1.04e-09	484.708166	1301.39289	59513.8869	22037.9317	0.560632126	6.46923567e+13
1.05e-09	-1461.3177	-187.459298	59592.465	22420.6734	0.561146519	6.46946847e+13
1.06e-09	-1691.1618	-2133.0646	59986.1108	23651.9434	0.561013117	6.46980657e+13
1.07e-09	-2725.45572	-1153.18983	60234.9095	25473.907	0.560894356	6.47005295e+13
1.08e-09	-1913.84254	-1053.00404	60678.2333	24873.6471	0.560438743	6.47010808e+13
1.09e-09	-1151.98245	-1723.51204	61746.4776	24874.0877	0.559542911	6.46992293e+13
1.1e-09	46.8840598	-1026.43644	60126.8084	25676.2674	0.559302124	6.46944148e+13
1.11e-09	185.779566	-226.933016	60711.2152	26428.2254	0.559097597	6.46897034e+13
1.12e-09	-960.766976	659.597504	60267.6909	26156.9446	0.559054841	6.46846978e+13
1.13e-09	-480.595042	792.852401	58835.5621	23465.0206	0.559769542	6.46809065e+13
1.14e-09	-155.361698	1145.61018	59431.0355	23779.3988	0.560550758	6.4681556e+13
1.15e-09	935.22705	987.971644	60095.5038	22586.9705	0.560871425	6.46842449e+13
1.16e-09	-411.362752	379.607442	61878.5267	22204.4501	0.560752639	6.46872367e+13
1.17e-09	267.01232	-313.57606	60749.7844	22016.8474	0.560370293	6.46886312e+13
1.18e-09	-628.584437	-547.372325	58734.664	24903.9962	0.560677377	6.46895645e+13
1.19e-09	-717.548486	211.588269	58049.0734	26306.9877	0.560939245	6.46920682e+13
1.2e-09	-796.357647	-981.7292	58234.9705	24238.3218	0.561355962	6.46956968e+13
1.21e-09	-742.075767	513.973766	59008.6893	25218.7313	0.561564722	6.47005078e+13
1.22e-09	697.207355	1756.12606	61155.6714	23601.3027	0.560772748	6.47038644e+13
1.23e-09	2210.10255	-191.017656	59569.3402	23564.5635	0.560672795	6.47041753e+13
1.24e-09	2240.29125	95.9696435	59261.7524	24658.7539	0.560769868	6.47050006e+13
1.25e-09	3282.32031	343.821929	59433.957	26151.7332	0.560856647	6.47061802e+13
1.26e-09	3677.33535	152.000925	60195.839	26059.9217	0.560763861	6.47072083e+13
1.27e-09	3499.31056	330.144709	62069.8172	26591.4891	0.559735261	6.47060297e+13
1.28e-09	1734.74115	626.059648	61541.1434	24996.9995	0.558722317	6.46997038e+13
1.29e-09	581.610214	-205.323561	63038.0587	24170.9708	0.558339317	6.46913263e+13
1.3e-09	328.702703	758.984302	62565.4733	24087.5474	0.557882232	6.4681874e+13
1.31e-09	1500.08195	1108.05711	62257.4844	23448.3242	0.557894877	6.46721991e+13
1.32e-09	769.282991	748.5395	60384.0996	24045.0023	0.558099092	6.46637226e+13
1.33e-09	425.897541	-1962.6851	59772.8645	23236.4606	0.559079908	6.46587617e+13
1.34e-09	3333.07078	-2453.35	60229.876	22889.6568	0.559812143	6.46582183e+13
1.35e-09	970.374617	-323.335307	59108.951	23152.7621	0.560442764	6.46603853e+13
1.36e-09	1440.3449	1513.94384	59150.6853	22423.0635	0.560729003	6.46644229e+13
1.37e-09	2145.99791	1513.26088	60176.7894	22063.7395	0.561107299	6.4669923e+13
1.38e-09	2196.25997	721.695386	60602.477	21459.6082	0.561124262	6.46756355e+13
1.39e-09	872.460253	863.137887	59951.5889	23027.718	0.561025839	6.4680525e+13
1.4e-09	-65.4276019	1089.29929	60079.6169	23697.8807	0.560766322	6.46843162e+13
1.41e-09	-80.223757	2439.66953	60475.2677	24785.1832	0.56055979	6.46867021e+13
1.42e-09	1725.2605	2136.10228	59502.1621	24784.5151	0.560405433	6.46878907e+13
1.43e-09	-121.468842	2006.16454	58103.2302	26525.132	0.560609993	6.46891859e+13
1.44e-09	889.314289	1836.21186	58227.1914	26266.0107	0.560742261	6.4691231e+13
1.45e-09	869.223658	3512.18543	58627.162	26087.5383	0.560976299	6.46938051e+13
1.46e-09	2368.49713	4052.60735	57541.9772	25795.5567	0.561111859	6.46967555e+13
1.47e-09	412.707143	3806.09909	57962.0823	26138.3669	0.561450017	6.47006108e+13
1.48e-09	1341.7038	2736.47218	60101.3358	25889.1413	0.561108208	6.47044659e+13
1.49e-09	2574.63145	3731.91948	61609.6269	26753.0224	0.560061307	6.47046925e+13
1.5e-09	1817.44036	2597.36434	62284.4274	25989.6411	0.558850754	6.46999193e+13
1.51e-09	-199.925572	2895.85838	60863.8386	24401.3017	0.558516402	6.46918027e+13
1.52e-09	-748.976542	2622.33204	59113.5218	24009.8195	0.559285186	6.46853987e+13
1.53e-09	-1049.14624	1556.16211	58532.5061	25082.9972	0.56034363	6.46837743e+13
1.54e-09	-2048.42603	1203.47834	57868.2121	25617.7717	0.56110222	6.46863444e+13
1.55e-09	-886.735926	1590.50014	57067.7484	28271.4273	0.561278854	6.46907672e+13
1.56e-09	518.774437	1440.63011	56939.2932	27529.3519	0.561256173	6.46950147e+13
1.57e-09	1520.79791	2625.89722	56289.1359	27432.1379	0.561820155	6.47000763e+13
1.58e-09	930.50414	2598.68656	56460.1031	24645.8965	0.5627729	6.47077213e+13
1.59e-09	364.283327	2146.95785	57956.7762	25335.2469	0.562956748	6.4717956e+13
1.6e-09	72.029087	2240.10522	58787.0957	25989.3227	0.562545134	6.47264597e+13
1.61e-09	-459.075433	1916.18578	60388.2528	25941.4209	0.561948614	6.47320158e+13
1.62e-09	-1489.92582	1227.07848	60556.2989	26804.4126	0.560607923	6.47326484e+13
1.63e-09	-599.051334	2523.74733	61293.7693	26273.3087	0.559516252	6.47280343e+13
1.64e-09	-936.024759	1456.40526	61005.0688	25495.4276	0.559058819	6.47202048e+13
1.65e-09	-1937.53482	855.772182	60862.95	22939.6414	0.558948967	6.4711833e+13
1.66e-09	-1515.93921	91.888011	60558.4418	22686.9313	0.559914135	6.47059564e+13
1.67e-09	-1020.67605	558.178152	59970.6209	22303.2462	0.560675292	6.4704324e+13
1.68e-09	-1123.82769	1865.38621	60141.0148	24162.3234	0.560870877	6.47052495e+13
1.69e-09	-601.805206	1438.29571	60454.9541	24218.2421	0.560789749	6.47063084e+13
1.7e-09	1739.31708	1222.84586	62328.1407	24899.1199	0.560244661	6.47062573e+13
1.71e-09	2024.6011	897.747223	61385.3976	25208.8287	0.559280848	6.47021946e+13
1.72e-09	3786.14304	1880.38049	61566.9739	24561.6826	0.558524481	6.46952026e+13
1.73e-09	3662.09255	839.054407	61869.9002	23688.5171	0.558589824	6.46871603e+13
1.74e-09	2427.35353	1026.84271	61851.836	23111.5153	0.558906664	6.46805915e+13
1.75e-09	2274.70519	796.803275	62218.6698	23199.3874	0.558694427	6.46754053e+13
1.76e-09	4093.52001	-458.847128	60612.7367	24666.7731	0.558811228	6.46700661e+13
1.77e-09	2660.31054	-2253.07719	59569.7914	25032.858	0.559032216	6.46658552e+13
1.78e-09	2427.6507	-2352.9056	60846.9326	26803.3697	0.558981276	6.46631576e+13
1.79e-09	2838.28614	-3965.18468	60860.1821	26029.7602	0.558792541	6.46595966e+13
1.8e-09	2701.11372	-3472.72924	60187.0269	27487.978	0.558549718	6.46555462e+13
1.81e-09	2540.38238	-1660.69352	60522.7494	27766.3989	0.55829413	6.46507342e+13
1.82e-09	1763.69788	-2884.67084	59397.6681	24705.9036	0.558381244	6.4645675e+13
1.83e-09	2618.07591	-2811.76842	59788.2528	25414.1027	0.559130037	6.46433174e+13
1.84e-09	1833.51145	-2316.70556	60134.1058	24200.9777	0.559673765	6.46437251e+13
1.85e-09	863.97837	-928.592271	61451.8147	22666.4645	0.559571916	6.46454698e+13
1.86e-09	-182.218227	-980.00583	60146.1735	23299.9633	0.560032086	6.46472082e+13
1.87e-09	-271.748235	754.37516	61620.9339	23284.1021	0.56035616	6.46509999e+13
1.88e-09	127.493571	713.975889	62607.3618	23639.4357	0.559487998	6.4653474e+13
1.89e-09	925.614047	1743.53385	62999.7834	23944.9527	0.558914379	6.46522681e+13
1.9e-09	900.686498	2319.08341	62582.1056	24122.3355	0.558181782	6.46484846e+13
1.91e-09	-1051.67694	3564.07976	61132.8417	22622.2341	0.558426554	6.4643325e+13
1.92e-09	-470.621048	4082.37951	59724.914	23250.0829	0.559157447	6.46411314e+13
1.93e-09	-1614.13866	2184.55291	58843.504	21871.7012	0.560500077	6.46433186e+13
1.94e-09	-2866.94592	1205.04261	58743.3488	23757.2394	0.561591292	6.46512161e+13
1.95e-09	-2186.2923	-504.986385	58848.0501	26269.273	0.561436686	6.46603735e+13
1.96e-09	-2602.57273	-423.351119	58727.2461	24866.1744	0.561418828	6.46680723e+13
1.97e-09	-4412.63988	-922.989661	59969.9951	22463.297	0.561627494	6.46757207e+13
1.98e-09	-2072.25037	-1300.34179	60122.5139	23710.1388	0.561095207	6.46820017e+13
1.99e-09	-3648.06699	-1550.42878	58983.9605	23608.7642	0.560964582	6.46857251e+13
2e-09	-2462.06911	-1742.68938	59512.9307	23601.3543	0.56124914	6.46898528e+13
2.01e-09	-2002.27286	-1247.78312	60110.5544	24503.5808	0.561197281	6.46941023e+13
2.02e-09	-779.163144	-640.887718	61425.918	24683.5638	0.560655864	6.46966016e+13
2.03e-09	-3042.49093	-1003.05842	62165.937	25477.1431	0.559728631	6.46960341e+13
2.04e-09	-1092.44525	-504.396506	60801.6685	24827.0514	0.559201373	6.46918304e+13
2.05e-09	-924.755986	-1997.84613	61751.9635	24732.7919	0.558998207	6.4686937e+13
2.06e-09	648.77888	-463.80272	59892.0672	23904.6859	0.559122476	6.46817045e+13
2.07e-09	-233.017762	-954.391101	60291.7808	22722.6953	0.559989559	6.46792324e+13
2.08e-09	893.358668	-1481.00254	61137.2159	23606.1271	0.56010263	6.46796061e+13
2.09e-09	2354.46714	-2151.7094	60703.0415	22384.0529	0.559974847	6.46795241e+13
2.1e-09	2068.31944	-1140.18544	61084.0419	21995.6327	0.559976305	6.46793652e+13
2.11e-09	437.135235	188.860373	60517.5628	22547.5141	0.559979312	6.46790144e+13
2.12e-09	-309.973328	-833.649973	62221.2611	21950.7061	0.559697453	6.46785911e+13
2.13e-09	-454.001022	576.13076	61923.1641	23513.9733	0.559239781	6.46762991e+13
2.14e-09	-1103.75287	-637.630634	62083.9535	22940.6568	0.559272421	6.4673262e+13
2.15e-09	-474.148416	-2075.85629	61271.7802	23178.054	0.559008488	6.46697811e+13
2.16e-09	355.034615	-1443.61026	60267.7394	22786.1375	0.559303399	6.46667158e+13
2.17e-09	-1080.41321	-138.580495	59142.0453	22098.7246	0.560101956	6.46663877e+13
2.18e-09	-1550.12043	253.733198	58710.9054	21428.9883	0.561014972	6.46697011e+13
2.19e-09	556.471976	1284.75074	58593.5073	23610.9296	0.561829797	6.46766115e+13
2.2e-09	1345.06318	306.557798	59072.1537	24330.0171	0.561709439	6.46845111e+13
2.21e-09	-447.462247	833.10603	59803.4271	23337.2816	0.561792649	6.46915114e+13
2.22e-09	107.7437	1657.50117	60153.4359	22935.3176	0.561453866	6.46972794e+13
2.23e-09	996.331903	1898.30745	60159.6369	23558.7951	0.561319124	6.47013992e+13
2.24e-09	173.60718	-203.439204	59940.1385	25006.3301	0.560596873	6.47035453e+13
2.25e-09	1370.18766	-722.09012	58454.6764	24740.2546	0.560839567	6.47037643e+13
2.26e-09	-1014.98807	603.570359	58269.8589	24795.4092	0.561333537	6.47060609e+13
2.27e-09	-1188.99223	1131.07223	58718.0722	24105.2739	0.561611554	6.47098132e+13
2.28e-09	-1831.20445	221.774513	59221.005	24059.5804	0.56191784	6.47145888e+13
2.29e-09	-1262.0816	439.051175	59893.1344	24408.311	0.561558117	6.47187849e+13
2.3e-09	-94.8394658	372.797356	60808.5089	26203.5881	0.561155527	6.47210726e+13
2.31e-09	-893.470754	-583.296091	61713.1007	24749.0891	0.560036572	6.47197038e+13
2.32e-09	761.049809	-31.0721197	61477.3599	22879.7067	0.559357913	6.4714445e+13
2.33e-09	1202.70389	109.742746	61217.7165	24583.7948	0.55933825	6.47081383e+13
2.34e-09	488.653212	-1391.90201	59985.9105	26599.0971	0.559188941	6.470211e+13
2.35e-09	-1262.38645	-2724.5684	62614.9831	28679.2974	0.55854485	6.46955142e+13
2.36e-09	-1611.46777	-695.799398	62513.4901	29449.515	0.556898027	6.46842775e+13
2.37e-09	-550.810757	-145.535697	60411.243	28703.3129	0.556731045	6.46695763e+13
2.38e-09	-1810.44182	74.8122894	58079.2145	28853.5516	0.557539272	6.46573524e+13
2.39e-09	-2456.28767	-886.48902	57545.7303	28034.7476	0.558514093	6.46506128e+13
2.4e-09	-784.135469	-1414.16527	56934.8009	26668.2414	0.560106583	6.46497107e+13
2.41e-09	1545.40482	-1378.99016	57011.8833	25463.8957	0.561343701	6.46553867e+13
2.42e-09	2258.59411	1172.65411	57532.3297	25441.9946	0.562069539	6.4664769e+13
2.43e-09	4690.72925	1047.08189	59959.1692	26082.8383	0.561698142	6.46747966e+13
2.44e-09	2473.8323	1008.55552	62613.0455	26344.2229	0.560553353	6.46806291e+13
2.45e-09	2985.02521	2564.01416	62101.7619	25720.7151	0.559103173	6.46794539e+13
2.46e-09	130.761384	1719.98078	62639.6096	24536.0213	0.558589172	6.46743514e+13
2.47e-09	-2111.53029	1697.25721	60909.6536	24358.5204	0.558409865	6.46679976e+13
2.48e-09	-3130.66991	2136.68657	60285.6555	24977.4971	0.558786628	6.46627947e+13
2.49e-09	-2609.29398	3143.84276	58888.9727	24740.7455	0.559595285	6.46601954e+13
2.5e-09	-797.960961	4123.07814	60854.1221	25267.2218	0.559927053	6.46612013e+13
2.51e-09	-665.29255	2991.98726	60282.4723	24146.5978	0.559865075	6.46621296e+13
2.52e-09	-2941.67174	2680.76376	60607.9897	23690.7	0.560307879	6.46639363e+13
2.53e-09	-2193.31004	2013.88451	61646.4947	24604.6753	0.559834433	6.46658295e+13
2.54e-09	-1377.18805	2098.77934	60454.6682	26359.5574	0.559525792	6.4665479e+13
2.55e-09	-844.134783	1038.55534	61074.0414	25686.603	0.559291341	6.46640579e+13
2.56e-09	-500.194743	391.360165	59895.5702	27274.3184	0.559160442	6.46619576e+13
2.57e-09	126.522672	791.307652	58737.3133	26616.6519	0.55903889	6.46593366e+13
2.58e-09	401.778959	-954.665225	59530.2122	26536.6493	0.559363927	6.46577634e+13
2.59e-09	1159.82367	-1119.23998	59256.6235	26276.864	0.559640466	6.46574487e+13
2.6e-09	524.833177	-2109.24013	61452.8525	26768.3349	0.559192957	6.4657405e+13
2.61e-09	1244.62838	-1367.30674	61624.6478	26957.7704	0.558557058	6.46542772e+13
2.62e-09	-376.105081	-1437.01492	61568.6085	26747.7028	0.557904992	6.46488287e+13
2.63e-09	-1623.26237	-911.804708	60079.2516	25547.8522	0.557985543	6.46423842e+13
2.64e-09	-678.981139	-761.466004	58737.8019	23884.5835	0.558717872	6.46381052e+13
2.65e-09	-164.478087	-681.707689	60742.7957	22088.0576	0.559851403	6.46391448e+13
2.66e-09	-664.549207	-426.804567	59650.2982	22019.9211	0.560279032	6.46428631e+13
2.67e-09	-2271.90656	-1349.40923	58624.9864	23347.4505	0.561089032	6.46487886e+13
2.68e-09	-2333.83837	-1758.58332	59052.7176	24519.2178	0.561506856	6.46572791e+13
2.69e-09	-824.671495	-535.861561	60165.2593	24728.8503	0.561464916	6.46658536e+13
2.7e-09	-282.540205	449.683039	61698.3343	24037.5238	0.560401801	6.46712094e+13
2.71e-09	-1289.34476	1223.41754	61601.4997	22834.2994	0.559833676	6.4672328e+13
2.72e-09	-445.403155	1324.19744	62563.6206	23470.7319	0.559183618	6.46708344e+13
2.73e-09	-471.526709	-363.469306	62693.0119	22261.2675	0.558931484	6.466713e+13
2.74e-09	331.228475	3.18326826	62843.0331	21874.2936	0.558471375	6.46624425e+13
2.75e-09	-1539.2368	-214.330468	62420.1048	22371.4688	0.558382763	6.46570653e+13
2.76e-09	-217.307974	579.000264	62604.7197	24104.6168	0.558269765	6.46517835e+13
2.77e-09	779.839467	1682.4037	62348.9116	21989.2057	0.558252229	6.46464457e+13
2.78e-09	-240.448931	1846.05908	61865.1519	19836.646	0.558853866	6.46429112e+13
2.79e-09	545.401207	439.13776	60704.7788	18413.9606	0.559904426	6.46429847e+13
2.8e-09	409.839532	402.476486	62009.2	21581.3452	0.560330035	6.46471598e+13
2.81e-09	1332.8221	315.799696	61831.8489	21437.4897	0.559920318	6.46505306e+13
2.82e-09	2705.95487	412.394781	62876.5217	22768.7108	0.559580948	6.4652284e+13
2.83e-09	2011.12993	-40.9305803	63406.3436	23354.5467	0.558558455	6.46508392e+13
2.84e-09	793.756711	-74.0695336	62358.6301	24206.697	0.55811124	6.46460802e+13
2.85e-09	1613.68611	-477.415872	61270.8119	23114.3947	0.558459797	6.46412119e+13
2.86e-09	774.534172	-2231.29312	60497.0361	22690.7874	0.559272678	6.46393982e+13
2.87e-09	2516.13976	-375.739653	61902.1901	23261.4679	0.559159456	6.46399683e+13
2.88e-09	1131.95481	-1290.16086	60640.1714	22818.6355	0.559257619	6.46398366e+13
2.89e-09	2775.2472	-1041.69694	60141.2673	22349.3318	0.559486281	6.46405478e+13
2.9e-09	2799.30591	-1985.37354	60973.3026	22091.5071	0.559625169	6.46423054e+13
2.91e-09	956.36303	-2731.21141	60508.1016	22634.8353	0.559749744	6.46442829e+13
2.92e-09	355.860243	-389.819883	59762.4194	22579.6273	0.560386439	6.46473233e+13
2.93e-09	-244.51935	424.644813	61604.3497	23320.442	0.559902969	6.46512199e+13
2.94e-09	580.996996	-779.131609	61635.7082	24269.3156	0.559254778	6.46519085e+13
2.95e-09	198.770987	-424.339378	61229.1095	24649.6456	0.559000394	6.46505504e+13
2.96e-09	1239.11255	-1283.93852	61144.03	24396.1141	0.558995241	6.46487293e+13
2.97e-09	1666.10782	-573.995571	60356.9687	23649.6588	0.559215131	6.46473022e+13
2.98e-09	1658.89172	-1367.75038	59846.083	22607.5586	0.559873272	6.46480118e+13
2.99e-09	576.530436	-2028.34167	59256.9006	22448.2136	0.560901261	6.46522447e+13
3e-09	392.445864	-2433.17167	61044.4661	24320.0852	0.560831429	6.4658814e+13
3.01e-09	75.211607	-1251.24097	62837.6566	23121.3076	0.559887553	6.46625521e+13
3.02e-09	1435.89206	-1571.92356	62650.4112	22320.9828	0.558928438	6.46614786e+13
3.03e-09	2533.81373	-181.936062	62826.7589	19111.2966	0.558609417	6.4657489e+13
3.04e-09	2812.50025	224.747001	62999.6764	21401.6296	0.558893414	6.4654062e+13
3.05e-09	2074.95456	-994.181134	61423.1456	23030.5204	0.558547277	6.46507787e+13
3.06e-09	-213.187509	-243.681272	60301.6786	23153.2146	0.559169943	6.46480363e+13
3.07e-09	-200.901043	151.01463	59563.4577	22124.5535	0.559879588	6.464846e+13
3.08e-09	-536.051618	1035.03696	59555.7538	22028.749	0.561016185	6.46531575e+13
3.09e-09	-650.030176	2298.79163	60266.817	21039.063	0.561422279	6.46609229e+13
3.1e-09	-2113.49176	1535.61083	60764.5929	22693.8527	0.561818232	6.46694839e+13
3.11e-09	-1736.16436	1183.38617	62829.9256	23307.9579	0.560852709	6.4676307e+13
3.12e-09	-414.215455	2156.94815	63054.6321	24130.0119	0.55951958	6.46773402e+13
3.13e-09	-430.254699	1631.38649	62916.0459	23793.0706	0.55850892	6.46729458e+13
3.14e-09	-645.43542	2209.52062	62110.9963	24918.4435	0.55816216	6.46661031e+13
3.15e-09	721.196557	-559.428231	61730.7794	24730.9308	0.557907137	6.46586949e+13
3.16e-09	354.13351	176.62664	62345.5025	24525.4621	0.557849515	6.46513642e+13
3.17e-09	238.857357	2440.71541	61175.711	24541.8647	0.558411268	6.46455262e+13
3.18e-09	485.634392	708.888929	61394.0184	25413.0386	0.558431194	6.46416579e+13
3.19e-09	-781.770386	618.59141	59859.4327	26769.6078	0.558502477	6.46382781e+13
3.2e-09	-1352.62912	1440.9598	58314.4735	28613.6006	0.559078029	6.46365094e+13
3.21e-09	-807.392798	388.634214	58919.058	26775.306	0.55942796	6.46370169e+13
3.22e-09	-370.821642	947.713928	58718.688	24146.124	0.55989307	6.46391092e+13
3.23e-09	-21.4743802	1630.38415	59868.5995	26530.365	0.560268373	6.46434854e+13
3.24e-09	1043.93001	-73.5822193	59913.0978	26396.8822	0.560217098	6.46477679e+13
3.25e-09	1873.50714	54.0832888	62464.9666	25648.6955	0.559175765	6.46496572e+13
3.26e-09	14.5408029	-539.606779	62528.0963	23527.4319	0.558506782	6.46468812e+13
3.27e-09	691.034668	18.106701	61696.4031	23596.8889	0.558279822	6.46427242e+13
3.28e-09	1132.00251	408.913943	61645.2366	22076.8418	0.558446909	6.46390485e+13
3.29e-09	672.815885	1070.42033	60676.1873	23023.2933	0.558967553	6.46368095e+13
3.3e-09	811.791358	1860.07005	60560.8843	23830.4087	0.559459304	6.46371845e+13
3.31e-09	1123.1878	625.845293	61496.6606	24899.3452	0.559207558	6.46382683e+13
3.32e-09	1297.18754	-900.85193	61088.9293	25251.0991	0.558873426	6.46375956e+13
3.33e-09	1371.76465	-881.831603	61076.0909	24959.8118	0.558730137	6.46361145e+13
3.34e-09	190.990088	-1059.58475	61155.7643	25269.7054	0.558769181	6.46344575e+13
3.35e-09	-159.402164	-732.143262	61656.2916	24879.1304	0.558628721	6.46330682e+13
3.36e-09	1000.61177	-1750.39028	59879.0412	23387.2412	0.558925913	6.46315158e+13
3.37e-09	1472.28886	-1309.48674	59442.8469	23425.2786	0.559643515	6.46325793e+13
3.38e-09	3007.85513	-964.8788	60958.61	25518.2866	0.560066059	6.46365601e+13
3.39e-09	2285.80566	1032.74387	63535.52	25759.9692	0.559024041	6.4638831e+13
3.4e-09	2077.03856	2278.1957	62888.7141	25092.1474	0.557838843	6.46356191e+13
3.41e-09	2784.10189	2948.57249	61856.249	26353.2225	0.557282573	6.46288857e+13
3.42e-09	753.481103	1819.09759	60965.5054	26712.9472	0.55735122	6.46218561e+13
3.43e-09	102.861026	445.936027	60307.195	27165.0976	0.557751673	6.46161668e+13
3.44e-09	1635.06198	-286.280479	58562.2021	27757.3245	0.558635992	6.46137615e+13
3.45e-09	910.539441	-1910.91981	60258.3323	25952.0167	0.55912028	6.46149775e+13
3.46e-09	-1195.90981	-2438.24597	59251.9469	25326.976	0.559235984	6.46167514e+13
3.47e-09	-434.885474	-1698.6085	59368.0587	24028.6547	0.560082139	6.46207957e+13
3.48e-09	-1144.02346	-865.801659	57955.1949	22897.5791	0.56087337	6.46278824e+13
3.49e-09	-670.408937	126.293664	57478.7269	23377.6534	0.56213332	6.46388947e+13
3.5e-09	-316.69431	-105.969062	58243.5855	23106.7967	0.562850212	6.46533274e+13
3.51e-09	1003.70511	-1750.73778	59026.6067	22848.5873	0.562627504	6.46677201e+13
3.52e-09	420.227314	-2607.45578	59294.6961	21723.0898	0.562329392	6.46794163e+13
3.53e-09	1047.20251	-4386.71327	59827.3371	21020.9841	0.562269809	6.46895487e+13
3.54e-09	189.29843	-2741.97063	60728.1798	18374.6422	0.562005039	6.46977999e+13
3.55e-09	484.217728	-2453.71719	62736.8464	19547.4158	0.561141061	6.47033688e+13
3.56e-09	1104.98387	-2123.44143	63537.8047	20852.7466	0.559963901	6.47038594e+13
3.57e-09	1796.9611	-1398.3991	65496.5803	22535.0617	0.558654878	6.46989609e+13
3.58e-09	1408.26795	-337.015795	62912.3974	22362.9218	0.558078619	6.4689213e+13
3.59e-09	3171.6384	1714.99112	61982.9028	21135.5858	0.558214022	6.4680034e+13
3.6e-09	2152.09975	-651.669344	60963.4796	21149.528	0.558778789	6.46730884e+13
3.61e-09	1288.54089	-864.117582	60495.0023	22641.895	0.559533696	6.466981e+13
3.62e-09	228.887673	612.316649	60038.1242	24286.9086	0.560027937	6.46696658e+13
3.63e-09	442.932577	324.035331	61013.5778	24502.7774	0.559972068	6.46705311e+13
3.64e-09	1021.94992	1205.32273	61453.4047	23065.3574	0.559447261	6.4670105e+13
3.65e-09	291.614413	1292.29305	61806.4423	21861.8319	0.559377452	6.46681976e+13
3.66e-09	684.247006	-22.2664088	62685.8336	22370.8702	0.559296161	6.46664647e+13
3.67e-09	-1651.7953	1192.13013	62404.1613	23366.8772	0.558562819	6.46631787e+13
3.68e-09	-1880.07197	1609.83292	61799.3985	23854.6194	0.558362286	6.46578548e+13
3.69e-09	-120.016554	1905.7455	60929.8892	23474.0804	0.558669521	6.46529666e+13
3.7e-09	370.472285	2570.6469	59022.8914	22374.9055	0.55974802	6.4651461e+13
3.71e-09	-6.48621934	3445.4489	58166.0467	22826.2095	0.561099885	6.46552183e+13
3.72e-09	-940.542474	2072.83464	58780.6957	23491.0754	0.561714654	6.46635627e+13
3.73e-09	266.345621	765.000148	60339.9817	23178.5548	0.561719365	6.46724395e+13
3.74e-09	1321.16388	-171.692712	61022.2403	23360.7466	0.560990764	6.46792923e+13
3.75e-09	2722.82428	452.336033	61646.2483	22995.5479	0.560419481	6.46822946e+13
3.76e-09	1596.12943	-463.539839	62440.2705	22274.6538	0.559409175	6.46817739e+13
3.77e-09	1370.92359	-1000.96204	62208.7322	24370.5611	0.558728917	6.46775617e+13
3.78e-09	1077.48816	-1440.07751	61512.259	25375.1298	0.558424142	6.46713508e+13
3.79e-09	666.797977	-3877.30161	61365.9073	25140.3313	0.55855259	6.46652765e+13
3.8e-09	1244.16366	-2779.32033	62141.5191	24912.1322	0.558630296	6.46601306e+13
3.81e-09	1287.4225	-1218.22086	61807.0949	25339.5425	0.558527204	6.46555057e+13
3.82e-09	1225.04242	-1722.71627	62100.9483	24669.675	0.55844348	6.46508152e+13
3.83e-09	2432.06001	-3528.6497	62556.6183	23828.4294	0.558230532	6.46460997e+13
3.84e-09	1596.34661	-3060.18457	62840.1633	23884.7013	0.557986705	6.46409838e+13
3.85e-09	1384.35984	-1710.74279	63122.9293	23997.9423	0.55760697	6.46349394e+13
3.86e-09	972.517176	-1728.20246	62668.7319	24145.377	0.557427439	6.46280799e+13
3.87e-09	1950.45146	-1275.81905	61201.0436	23264.0337	0.557762713	6.46219979e+13
3.88e-09	1034.19506	-786.500692	60955.146	22369.4831	0.5586835	6.46192745e+13
3.89e-09	-650.65112	175.391249	60480.2846	21263.2588	0.559749887	6.46211187e+13
3.9e-09	-1065.73214	-1827.27507	60253.9858	22436.7289	0.560294297	6.46265784e+13
3.91e-09	-442.919309	-1700.98502	62259.43	22688.388	0.560268957	6.46330071e+13
3.92e-09	-116.175008	-1549.29923	63740.1686	24289.8092	0.559127473	6.46363911e+13
3.93e-09	-893.832095	-1491.89871	62555.4766	22839.2545	0.558172842	6.46340079e+13
3.94e-09	-194.943804	-1036.62876	60678.219	21227.5412	0.558511753	6.46304572e+13
3.95e-09	-1115.64247	-952.514324	61441.9455	20989.4823	0.559258217	6.4630134e+13
3.96e-09	-1286.03512	727.462725	62170.7992	20063.206	0.559462584	6.46319237e+13
3.97e-09	-300.558508	1479.82732	61157.8031	22464.285	0.559436967	6.46337405e+13
3.98e-09	-1091.52851	294.988869	60991.1436	22145.456	0.559529775	6.46353313e+13
3.99e-09	1446.42111	998.027184	59836.1641	21832.0706	0.559958529	6.46379214e+13
4e-09	-1201.93659	584.298444	61202.6022	24087.0776	0.560050299	6.46421737e+13
4.01e-09	-1951.02288	1476.19874	59766.7971	25655	0.559905256	6.46452548e+13
4.02e-09	-267.895693	2093.6013	59844.5018	25851.9834	0.559740254	6.46474072e+13
4.03e-09	783.220517	1995.35613	61686.2957	26612.275	0.559331425	6.46487095e+13
4.04e-09	-1445.35039	2299.78389	60608.1783	27738.9661	0.558802966	6.46474129e+13
4.05e-09	379.821375	4145.21251	58420.8919	28432.4173	0.559044982	6.46452043e+13
4.06e-09	-409.337643	-259.117223	58684.5811	28225.6805	0.559511854	6.46451967e+13
4.07e-09	37.8082861	82.5273924	58189.7682	27383.1667	0.559821984	6.4646564e+13
4.08e-09	-1540.82807	1734.53335	59232.5995	25472.6531	0.560261163	6.46495236e+13
4.09e-09	-438.059757	1648.60113	59606.7085	25118.6463	0.560341512	6.46534663e+13
4.1e-09	493.522921	1825.652	60231.5039	23986.1612	0.560442627	6.46574291e+13
4.11e-09	923.42603	2433.36258	58862.9502	23793.3988	0.560674469	6.4661399e+13
4.12e-09	109.307334	2479.23208	59718.4712	22652.2049	0.560848305	6.46663577e+13
4.13e-09	-1050.67789	1616.5218	61406.1834	22068.495	0.56088077	6.46714326e+13
4.14e-09	-1688.79993	1926.94615	60310.8537	24938.5708	0.560494551	6.46749807e+13
4.15e-09	-2940.51371	491.205721	61909.413	24935.1241	0.560056162	6.46765982e+13
4.16e-09	-1080.5434	-146.991463	60237.5772	24827.6396	0.559361165	6.46752894e+13
4.17e-09	-1658.13113	-554.337732	60802.7896	23526.6278	0.559760242	6.46735608e+13
4.18e-09	-1755.61197	-881.004444	61716.9899	21886.0413	0.559882296	6.46733375e+13
4.19e-09	-1411.33688	-417.89878	61914.8413	22264.0237	0.559914117	6.46730961e+13
4.2e-09	-963.632806	916.841558	63319.1198	23197.9322	0.559085655	6.46718022e+13
4.21e-09	-282.511637	2505.44549	63078.7581	24997.4534	0.558233213	6.46665833e+13
4.22e-09	-550.332276	2863.64317	61045.6507	25410.0274	0.557981015	6.46590236e+13
4.23e-09	-737.568285	2878.43204	61135.3241	25888.7726	0.557914786	6.46519823e+13
4.24e-09	553.366862	2493.40783	59250.57	26720.5179	0.55832938	6.46459405e+13
4.25e-09	422.164513	2631.53349	60765.6259	25576.485	0.558690791	6.46427504e+13
4.26e-09	1737.06299	4379.69262	60751.0783	25385.1111	0.558863709	6.46407617e+13
4.27e-09	1457.71822	1963.64636	59145.4485	24459.8027	0.55927403	6.46397287e+13
4.28e-09	190.046514	2569.05502	58427.3932	25081.0561	0.560093659	6.46416884e+13
4.29e-09	718.436696	2052.16717	57147.442	24652.0669	0.560757846	6.46467081e+13
4.3e-09	23.0204073	2095.04951	57129.8063	24842.1541	0.562065629	6.46557687e+13
4.31e-09	-1551.73771	1219.06391	58567.7392	24932.299	0.562316693	6.46674308e+13
4.32e-09	-446.547128	4028.06469	59930.7001	25099.6575	0.561876987	6.46777432e+13
4.33e-09	675.248905	2867.1025	59065.0468	25256.619	0.561633345	6.46850766e+13
4.34e-09	-371.38251	1981.93125	57605.3337	23366.5008	0.561694204	6.46912299e+13
4.35e-09	375.329092	1957.63851	60633.3096	21672.1712	0.562005346	6.46983993e+13
4.36e-09	2119.11579	1619.38296	63480.0167	22417.5968	0.560751544	6.47031691e+13
4.37e-09	1056.75917	1174.83199	62261.4886	20899.6735	0.559897072	6.47018187e+13
4.38e-09	698.54656	1606.79488	61708.7801	19982.6321	0.559849056	6.46988199e+13
4.39e-09	31.2054435	788.694832	63253.0179	20198.3942	0.559702522	6.46959984e+13
4.4e-09	1251.15834	-205.558089	62450.8046	19743.3133	0.559583489	6.46925352e+13
4.41e-09	330.492299	-845.95666	63739.2588	20219.6073	0.559346512	6.46891103e+13
4.42e-09	126.471667	351.32071	64364.2436	20267.8083	0.558537861	6.46837036e+13
4.43e-09	-2739.29331	103.948237	62055.8078	20929.2459	0.55848245	6.46762727e+13
4.44e-09	-3031.52812	-192.588223	60900.7423	19859.6681	0.558914479	6.46705402e+13
4.45e-09	-2257.41096	-1243.08749	60526.1166	19951.4535	0.559878756	6.46683852e+13
4.46e-09	-36.8935887	-1291.89305	60168.1754	20078.5555	0.560595396	6.46700185e+13
4.47e-09	-117.146456	30.1778108	63754.0645	21505.14	0.560104743	6.4673147e+13
4.48e-09	-1301.68792	957.930831	61993.7852	22354.029	0.559459984	6.46722052e+13
4.49e-09	-1353.46179	1300.29493	63257.5934	23751.3038	0.558719572	6.46691621e+13
4.5e-09	-2148.21192	1877.43935	61531.0775	23682.568	0.558354749	6.46634457e+13
4.51e-09	-931.270365	1077.30475	59687.3686	23222.1051	0.558963269	6.46584491e+13
4.52e-09	-1442.62446	569.864029	59020.8995	23811.3419	0.560225886	6.46582487e+13
4.53e-09	-296.70228	-907.874703	57385.6237	23204.3166	0.561323812	6.46629345e+13
4.54e-09	218.291522	-2544.67728	58038.8245	22257.2348	0.562441162	6.46722816e+13
4.55e-09	1430.14893	-1961.09288	59467.4035	23643.6342	0.562541439	6.4683947e+13
4.56e-09	1583.85228	-921.063023	60162.8542	21875.4469	0.562110157	6.46934341e+13
4.57e-09	-723.770729	-679.278538	61843.7446	24182.5024	0.561357756	6.47001684e+13
4.58e-09	231.606049	-665.662419	61507.9249	24215.9489	0.560048745	6.47010747e+13
4.59e-09	-903.361289	-757.014235	63158.6821	24113.9536	0.559369721	6.46977858e+13
4.6e-09	-1079.87199	407.25192	61489.8664	24233.3766	0.558799744	6.46916854e+13
4.61e-09	-53.3299486	421.665516	61616.8524	23028.9977	0.558749622	6.46851966e+13
4.62e-09	579.799355	654.432538	61122.8067	24570.9018	0.558965949	6.46795297e+13
4.63e-09	2638.77672	1463.79483	62135.984	23595.9795	0.55906245	6.46751859e+13
4.64e-09	2406.32383	554.463267	60233.4318	24064.2412	0.559550356	6.46719e+13
4.65e-09	1965.28958	-217.551816	60696.0971	25644.1118	0.559598514	6.46707861e+13
4.66e-09	1795.45675	1111.4606	60027.6223	26421.111	0.559340938	6.46689465e+13
4.67e-09	754.096774	259.579409	60451.4	25548.6721	0.559327272	6.46669593e+13
4.68e-09	-258.75382	-559.317122	59012.3069	25268.9084	0.559578924	6.46654127e+13
4.69e-09	-687.115837	307.958303	58586.4426	23640.4159	0.560276666	6.46660396e+13
4.7e-09	-317.448661	-1139.46165	59850.1139	24604.7584	0.560464227	6.46691383e+13
4.71e-09	-976.871684	238.960144	59433.8738	25223.8912	0.560678729	6.46722065e+13
4.72e-09	-671.665285	-1645.17293	59947.0476	23875.4242	0.560614557	6.46757677e+13
4.73e-09	330.16768	-3399.39084	62932.6526	24523.5061	0.560108004	6.46782557e+13
4.74e-09	765.078397	-3779.85936	62156.168	24414.7157	0.558920341	6.46759986e+13
4.75e-09	1094.7345	-3119.509	63372.7391	23796.4195	0.558687871	6.46710153e+13
4.76e-09	834.378876	-3488.58008	60870.998	23658.2843	0.558475577	6.46648783e+13
4.77e-09	-42.2784662	-2818.40383	62383.6038	21845.406	0.558765597	6.46604678e+13
4.78e-09	55.4702857	-2620.40271	63490.3453	21790.4076	0.55854066	6.46564415e+13
4.79e-09	1040.2258	-980.602048	62605.1765	21494.7019	0.558117114	6.46511512e+13
4.8e-09	1043.17942	-602.441912	60972.4131	22800.9465	0.558288715	6.46455876e+13
4.81e-09	1679.16466	-214.043467	61609.9709	22385.6045	0.559192903	6.46431356e+13
4.82e-09	-1126.44177	502.946265	61430.6714	22268.5372	0.559151161	6.46429231e+13
4.83e-09	-7.13447465	-801.985262	61570.3414	22391.463	0.559308877	6.46427299e+13
4.84e-09	1357.17623	-2479.81382	62207.0982	23216.1431	0.558953458	6.46423537e+13
4.85e-09	-15.6634077	-3284.80382	61057.5932	24555.4321	0.558705525	6.46405896e+13
4.86e-09	-455.829241	-2078.76645	61175.8737	26678.1381	0.558283606	6.46376922e+13
4.87e-09	-1911.54861	-2345.40535	61530.9217	26362.3532	0.558112571	6.4633765e+13
4.88e-09	-1205.97039	-825.784415	60759.1944	26678.9511	0.557921534	6.46292011e+13
4.89e-09	-690.241835	-686.101116	59129.369	26446.018	0.558583257	6.46258091e+13
4.9e-09	-1095.13699	-204.79803	59037.1387	27439.2243	0.559305891	6.46258886e+13
4.91e-09	-353.515065	696.124378	60085.233	26534.2436	0.55965991	6.46283895e+13
4.92e-09	-804.637727	1700.80352	60515.6032	25887.1002	0.559516561	6.46311807e+13
4.93e-09	-1731.3923	1139.58226	60658.2033	24885.8001	0.559385952	6.46331256e+13
4.94e-09	-253.11189	-295.328192	60900.5921	25649.7911	0.559269796	6.46345208e+13
4.95e-09	-1035.27542	115.211858	61136.0001	24716.6614	0.559285754	6.46352889e+13
4.96e-09	-1287.19741	-584.900119	59717.708	24525.5176	0.559528509	6.46364717e+13
4.97e-09	-76.1523741	-750.391313	59003.6598	23319.5418	0.560051972	6.46390351e+13
4.98e-09	-678.768625	68.6475068	60015.1894	22792.53	0.560563859	6.4644322e+13
4.99e-09	-691.051004	-208.115499	60812.1769	22093.559	0.560509526	6.46499915e+13
5e-09	190.205174	1041.87282	61876.9698	19979.9403	0.560512777	6.46547208e+13
5.01e-09	570.341674	552.619409	64903.7665	21180.2429	0.559947154	6.46583051e+13
5.02e-09	-928.030647	-318.500793	65832.1389	20398.9621	0.55796027	6.46557759e+13
5.03e-09	34.6570525	-1038.45207	65386.2755	20931.5809	0.556908654	6.46467617e+13
5.04e-09	1541.07096	-859.951255	66596.007	22330.4974	0.556092724	6.46347758e+13
5.05e-09	848.101217	-798.513607	64609.3521	22193.6536	0.55595469	6.46210734e+13
5.06e-09	66.5142551	13.1559312	61781.234	22785.2802	0.556576762	6.46095883e+13
5.07e-09	1034.6707	-865.657741	60586.9487	23058.7172	0.557772739	6.46036156e+13
5.08e-09	1338.04002	-1716.00271	60383.1958	22687.924	0.558910655	6.46033022e+13
5.09e-09	-75.9482942	-1979.01145	59844.1265	23285.9331	0.55953907	6.46068562e+13
5.1e-09	1137.1666	-2272.30916	57772.3707	23685.2492	0.560424555	6.46129293e+13
5.11e-09	-820.809248	-1196.46025	58062.5326	23165.7643	0.561759961	6.46235712e+13
5.12e-09	655.586528	-1375.5866	58432.4605	23523.2626	0.562576779	6.46380161e+13
5.13e-09	-105.048426	-668.635754	58815.9121	24342.2664	0.56253276	6.4652908e+13
5.14e-09	20.1088419	-1341.52422	58167.8662	23658.8893	0.562586531	6.46662062e+13
5.15e-09	-559.115286	-2136.67168	58446.7641	25868.1119	0.562904019	6.46793872e+13
5.16e-09	-1070.17045	-2450.45931	59889.5428	25676.3336	0.56218527	6.46905734e+13
5.17e-09	-1481.55997	-2109.26613	60027.6769	24181.9698	0.561556514	6.46974974e+13
5.18e-09	-1641.18611	-1640.33831	60297.8093	25681.9055	0.560922831	6.47011428e+13
5.19e-09	-464.439848	-3539.425	60308.7727	23381.8649	0.560455683	6.47018976e+13
5.2e-09	-2239.81309	-2193.29785	60873.6489	22394.2912	0.560287995	6.47013264e+13
5.21e-09	-1478.96397	-1113.88674	61493.6813	22789.9873	0.560110669	6.46999704e+13
5.22e-09	-224.853181	-106.027041	61314.5259	21529.4845	0.559825773	6.469765e+13
5.23e-09	-1814.07932	379.231468	63701.4114	20859.1766	0.55912633	6.46941524e+13
5.24e-09	-853.488779	894.402818	62851.9295	20925.8929	0.558826198	6.46880948e+13
5.25e-09	-861.19839	155.426757	61298.2199	20509.6239	0.558948529	6.46819704e+13
5.26e-09	-1665.63997	802.308885	62674.1659	21420.6884	0.55915483	6.4677856e+13
5.27e-09	42.4214725	715.375452	61802.3541	21792.4103	0.559207204	6.46741863e+13
5.28e-09	-1516.91618	894.134606	63370.0721	22148.7473	0.558956303	6.46709145e+13
5.29e-09	-1807.95446	578.589645	62225.0053	24158.7335	0.558106952	6.46651567e+13
5.3e-09	-1030.36702	-838.177783	62644.2612	23031.1713	0.558037929	6.46578682e+13
5.31e-09	-1061.65776	-506.122888	61108.2013	22058.0775	0.558412736	6.46513227e+13
5.32e-09	664.082417	-900.534889	61102.3317	22641.3644	0.558761064	6.46475413e+13
5.33e-09	-1418.84548	-651.468457	59784.9238	21236.5801	0.559496234	6.46462039e+13
5.34e-09	-2511.20316	942.253589	60392.0593	21589.7624	0.560371545	6.46489766e+13
5.35e-09	-2129.65081	1469.43785	60841.6708	21193.4721	0.560541619	6.4653763e+13
5.36e-09	-1782.93472	1100.13055	59861.6414	23251.4471	0.560510375	6.46582868e+13
5.37e-09	-2263.69379	-200.937259	59939.1066	22421.5248	0.56070218	6.46625092e+13
5.38e-09	-2335.13639	1238.54299	59348.966	24365.1752	0.561029781	6.46677082e+13
5.39e-09	-1394.67536	1005.5868	58370.4808	25073.5071	0.561444328	6.46738731e+13
5.4e-09	312.403109	1537.98066	58527.476	25667.3582	0.56177714	6.46813136e+13
5.41e-09	1044.78867	1121.18283	58206.2504	25661.0062	0.56177156	6.46886113e+13
5.42e-09	-1202.34323	3283.23689	60973.1056	24788.4505	0.561238376	6.46945613e+13
5.43e-09	-719.879373	2004.05165	60873.7465	23267.237	0.56059815	6.46968558e+13
5.44e-09	-307.032141	1509.03689	62122.1186	23640.1062	0.560136005	6.46969608e+13
5.45e-09	-2165.6478	-509.066538	62216.3656	24999.5057	0.559294599	6.46941949e+13
5.46e-09	-4090.883	781.487051	62631.1699	24425.0742	0.558346774	6.46876303e+13
5.47e-09	-4490.81469	1182.54591	61897.7345	23925.394	0.557999	6.46785955e+13
5.48e-09	-3709.1914	34.8902711	62540.7147	23804.7987	0.557811465	6.46695917e+13
5.49e-09	-2860.39831	-96.6866515	61888.8206	25004.1529	0.557911009	6.46609383e+13
5.5e-09	-2499.31962	-704.39626	61143.6845	24327.7222	0.558029893	6.46535307e+13
5.51e-09	-688.44544	250.688485	61335.1234	22940.1798	0.558495859	6.46481987e+13
5.52e-09	565.50938	1429.43554	58989.9103	23493.8908	0.559424265	6.46458827e+13
5.53e-09	702.595727	-465.981181	59073.993	23531.5591	0.56031279	6.46483045e+13
5.54e-09	-1080.2138	33.534497	59630.4858	25027.4954	0.560744555	6.4653565e+13
5.55e-09	-211.76331	-1137.6457	62968.5244	24179.4291	0.559857357	6.46579132e+13
5.56e-09	807.041	-672.677247	61789.8456	23211.4746	0.559372042	6.4657604e+13
5.57e-09	895.047378	-1970.12914	60421.1231	25877.5371	0.55942506	6.46566385e+13
5.58e-09	1237.46792	-2084.93209	61219.8015	25330.9093	0.559154881	6.46557792e+13
5.59e-09	2015.32756	-721.704757	60930.3401	24486.2225	0.559089224	6.4653932e+13
5.6e-09	1565.50452	-650.867489	59990.1553	25333.751	0.559291138	6.46525636e+13
5.61e-09	1008.75284	645.142833	60721.3789	25563.6287	0.559271507	6.46520068e+13
5.62e-09	-444.868129	565.300122	60735.728	25686.6518	0.559029574	6.465065e+13
5.63e-09	-1509.89219	-199.352929	59924.3008	24209.3596	0.559005332	6.46486745e+13
5.64e-09	46.739476	-222.022229	60793.69	25066.276	0.558959992	6.46472652e+13
5.65e-09	-114.550612	-417.18073	60744.1924	25391.3931	0.558918764	6.46454767e+13
5.66e-09	1267.95721	-315.836128	59552.8418	25449.8418	0.559397661	6.46445172e+13
5.67e-09	764.61272	-310.140455	59479.6828	26542.8991	0.559900789	6.46460381e+13
5.68e-09	2095.98268	-587.237754	60503.7786	28539.7694	0.55941478	6.46477767e+13
5.69e-09	697.731178	454.789829	60365.0139	29682.9538	0.558662348	6.46466348e+13
5.7e-09	489.471672	-820.649368	61281.32	28773.8649	0.558340461	6.4643057e+13
5.71e-09	32.9881206	-663.710661	59566.8585	27310.5375	0.557968293	6.46378638e+13
5.72e-09	-93.3777918	-950.756162	60136.3961	27192.8976	0.558549072	6.46340963e+13
5.73e-09	-1045.69277	-1350.2301	61522.8581	23814.9017	0.55860479	6.46321469e+13
5.74e-09	1482.76865	-1993.4715	62788.2105	23946.8045	0.55839516	6.46301882e+13
5.75e-09	1685.49187	-1371.22684	63225.1165	23239.3566	0.557829067	6.46265092e+13
5.76e-09	-271.537795	-2091.61799	62811.4909	21742.2534	0.557672503	6.4621165e+13
5.77e-09	-143.019313	-2252.14091	60114.4568	20548.4864	0.55853123	6.46175459e+13
5.78e-09	20.5347476	-4366.19499	60506.1283	20978.5162	0.55931612	6.46186245e+13
5.79e-09	-1429.36013	-3922.80054	62369.5659	19547.1292	0.559711622	6.46223592e+13
5.8e-09	-594.474686	-3045.92094	61654.9713	19832.4648	0.559699883	6.46261018e+13
5.81e-09	-183.949972	-969.799764	63459.211	20143.3371	0.55958553	6.46297709e+13
5.82e-09	-443.047826	-1016.59962	63260.0846	21076.0363	0.559291184	6.46317676e+13
5.83e-09	-701.220177	-1471.90519	62156.2382	18722.7728	0.559039673	6.46320579e+13
5.84e-09	-1144.59297	-1560.81706	63096.4763	18362.104	0.55950646	6.46332019e+13
5.85e-09	255.548419	-1376.92573	63895.6508	17926.7512	0.559141491	6.46344909e+13
5.86e-09	-643.177058	-586.979278	65490.5015	20564.0613	0.558165449	6.46332671e+13
5.87e-09	983.710834	583.958449	64553.1713	21463.89	0.55727486	6.46274427e+13
5.88e-09	54.917214	-1556.98982	62381.7682	22162.0691	0.557754551	6.46208002e+13
5.89e-09	163.8299	-1450.84892	62187.8009	22414.8398	0.557972884	6.46168467e+13
5.9e-09	-550.649733	-2003.52753	60976.6813	22318.715	0.558717824	6.46151963e+13
5.91e-09	-716.245502	-886.142147	59812.2201	23295.1539	0.559169423	6.46164119e+13
5.92e-09	131.904876	-379.694749	60712.349	24692.3933	0.559565794	6.46196841e+13
5.93e-09	-199.985335	-526.692484	60927.7568	23574.4489	0.559489878	6.46232731e+13
5.94e-09	-1068.86473	-682.739505	61037.1631	21872.8347	0.559760377	6.4626628e+13
5.95e-09	-3657.44217	-74.5160321	58741.0113	22455.8644	0.560791664	6.46321865e+13
5.96e-09	-2122.85275	213.376169	58353.3163	24409.2655	0.561506772	6.46413803e+13
5.97e-09	-2014.51689	-151.508196	57829.4146	24076.4562	0.561684932	6.46514508e+13
5.98e-09	-407.104916	1935.62518	57948.3197	26844.586	0.561985166	6.4662124e+13
5.99e-09	930.464024	1321.50047	58646.3116	26666.8171	0.561605467	6.46715568e+13
6e-09	938.91816	595.997114	60245.9115	27719.737	0.560875965	6.46779845e+13
6.01e-09	1487.5517	-57.5579679	62693.2188	27239.9544	0.559562835	6.46793745e+13
6.02e-09	1477.88647	1509.72638	61809.104	26271.9318	0.558539928	6.46748199e+13
6.03e-09	2093.02862	-985.052514	62661.2046	26328.5624	0.557853588	6.46676243e+13
6.04e-09	1745.71882	28.1666412	63705.7691	24995.3201	0.557046704	6.46576083e+13
6.05e-09	2092.41827	47.1567225	62823.6916	24237.8979	0.55652373	6.46456719e+13
6.06e-09	1136.2564	1763.06789	62373.6485	23649.8577	0.55692985	6.46342049e+13
6.07e-09	-85.3825062	2060.28241	61415.0942	22733.3435	0.557311856	6.46256181e+13
6.08e-09	2343.91398	1621.77086	60701.7828	20941.391	0.558183263	6.46205912e+13
6.09e-09	1496.67892	681.290122	60797.6175	22353.4658	0.558852346	6.4619773e+13
6.1e-09	-277.557365	-891.719284	61158.5015	20564.8947	0.559540295	6.46213822e+13
6.11e-09	-103.399932	-1577.81162	62181.2084	21734.1743	0.559595175	6.46249511e+13
6.12e-09	244.338934	-470.528262	58714.337	20528.8854	0.560158176	6.46285761e+13
6.13e-09	-357.619891	1493.36247	57609.3876	20403.7891	0.561684548	6.46367872e+13
6.14e-09	693.002641	315.333253	56989.9692	18671.2894	0.563317929	6.46509521e+13
6.15e-09	1231.89019	297.58384	59828.7533	18583.798	0.564047147	6.46699417e+13
6.16e-09	283.475374	340.595001	60812.2673	19245.5602	0.563497064	6.4687179e+13
6.17e-09	1174.65505	-165.045669	60944.6106	19104.1385	0.562734129	6.46999642e+13
6.18e-09	1343.29035	7.8283262	60902.3218	20651.0704	0.562328262	6.47088847e+13
6.19e-09	482.02094	17.8739063	61202.7978	21250.5757	0.561872599	6.47153774e+13
6.2e-09	1017.13636	2547.13184	60122.259	21670.6023	0.561448317	6.47187341e+13
6.21e-09	448.546682	2344.09584	59414.3287	22453.1845	0.561798887	6.47218881e+13
6.22e-09	-433.335545	2866.25823	59685.347	22802.134	0.561764213	6.47256838e+13
6.23e-09	447.881633	2795.95193	61274.2243	23919.5492	0.56127548	6.47284929e+13
6.24e-09	-1133.97956	2261.72489	59206.376	22669.6303	0.561049957	6.47283645e+13
6.25e-09	-1611.04134	1002.32227	60320.8153	24850.8834	0.56121225	6.4728751e+13
6.26e-09	-282.994848	1107.9967	62832.2428	24284.3997	0.560129736	6.47274342e+13
6.27e-09	-165.969245	1737.38213	62608.7254	25298.5366	0.558838898	6.4720619e+13
6.28e-09	-914.375349	870.511217	62489.8233	24274.2916	0.558495226	6.47106774e+13
6.29e-09	75.1065931	1157.75574	60366.1949	25707.1706	0.558542422	6.47007971e+13
6.3e-09	-666.504792	1570.8744	61600.5609	25057.8423	0.558781993	6.4692991e+13
6.31e-09	1475.14263	135.095998	60611.7869	25082.1442	0.558791173	6.46861066e+13
6.32e-09	720.657105	262.054037	59080.9439	25600.0402	0.558991752	6.46803796e+13
6.33e-09	1120.23793	1058.15291	57744.1609	25086.2256	0.559889682	6.46774499e+13
6.34e-09	612.481435	178.369828	58547.1571	25629.2725	0.560777623	6.46789534e+13
6.35e-09	1021.65603	127.836561	58716.26	28143.0001	0.560873555	6.4682536e+13
6.36e-09	1009.42761	-1774.58504	59353.6134	27065.5976	0.560385717	6.46850151e+13
6.37e-09	792.061009	-2114.1564	59508.1504	27469.9411	0.560053449	6.46852407e+13
6.38e-09	-760.888147	-1255.00335	59555.9989	26124.865	0.560099762	6.46846293e+13
6.39e-09	-3034.37656	-2430.50097	58215.4763	25755.6368	0.560498625	6.46848548e+13
6.4e-09	-2144.32097	-2080.23984	59850.3046	27069.9155	0.560333679	6.46864316e+13
6.41e-09	-1756.28631	-1284.26843	57539.0144	28893.1651	0.560444985	6.46869083e+13
6.42e-09	-2275.01006	-2333.43731	57832.744	28220.2617	0.560461867	6.46882158e+13
6.43e-09	-1607.2551	-2632.03824	58199.7251	28866.2317	0.560748052	6.46897975e+13
6.44e-09	-1729.97295	-3501.98635	58974.4552	29090.6969	0.560160342	6.46908179e+13
6.45e-09	-169.926421	-1903.72931	57920.3661	28411.3901	0.5601006	6.4689957e+13
6.46e-09	1245.71422	-3145.43666	58029.4324	27865.2621	0.560373388	6.46898511e+13
6.47e-09	347.174984	-2246.18116	58827.187	27932.593	0.560322898	6.46903943e+13
6.48e-09	-1110.1531	-2209.53029	58641.1008	28503.7513	0.560269722	6.4690546e+13
6.49e-09	-1429.11773	748.671559	59919.6115	28571.3124	0.559888014	6.46900396e+13
6.5e-09	166.913445	611.567381	60801.7103	29917.3946	0.559017675	6.46868559e+13
6.51e-09	1658.14883	-1849.38707	60580.0568	29164.0132	0.558054699	6.46796721e+13
6.52e-09	2847.75201	-2974.74546	60081.9169	28718.6575	0.558126873	6.4670946e+13
6.53e-09	1698.9686	-2684.02273	61405.7985	27590.5028	0.55789495	6.46632114e+13
6.54e-09	1939.69402	-3750.90353	62182.5705	25563.9194	0.557705444	6.4654825e+13
6.55e-09	2125.43181	-1441.71611	62331.3979	25316.9589	0.557492615	6.46465477e+13
6.56e-09	583.77125	-468.079874	61611.0925	25929.0742	0.557575343	6.46384721e+13
6.57e-09	2230.42807	-1434.41332	62009.4433	23372.3299	0.557456786	6.46313669e+13
6.58e-09	1817.47083	-304.010309	59604.2404	20550.3088	0.558555513	6.46262888e+13
6.59e-09	1940.67578	-412.427189	61791.6722	21276.8481	0.559361265	6.46271206e+13
6.6e-09	1130.0125	-1979.94753	61075.4937	20275.8414	0.559585014	6.46293495e+13
6.61e-09	1266.8386	486.522843	60240.1004	20499.374	0.560273618	6.46332707e+13
6.62e-09	3647.65665	437.171984	59583.005	22259.6173	0.560842833	6.46398686e+13
6.63e-09	3891.4473	-1752.57213	60511.5808	21864.9564	0.560829936	6.46473986e+13
6.64e-09	5154.42127	-1128.3994	62379.4244	22887.4779	0.560615038	6.46535574e+13
6.65e-09	3227.39543	-1674.35716	63043.7328	20261.8697	0.559624958	6.46561242e+13
6.66e-09	1691.86928	-1314.52711	62935.3003	19953.4622	0.559281576	6.46558372e+13
6.67e-09	159.378013	-839.456044	62105.1591	19507.2817	0.559523889	6.465495e+13
6.68e-09	490.491774	-919.69057	61158.5345	21607.5354	0.559394799	6.4654824e+13
6.69e-09	-275.164693	-139.330379	59895.2707	22721.003	0.560146595	6.46557681e+13
6.7e-09	-1771.44346	-427.13026	59218.4731	21711.8785	0.560636444	6.46592933e+13
6.71e-09	-577.873781	-492.432328	57600.1626	23211.6022	0.561849108	6.46660683e+13
6.72e-09	388.888426	-1330.65588	60033.7527	21625.958	0.562405477	6.46768092e+13
6.73e-09	-670.630541	-520.565509	60628.5859	22948.4968	0.561562775	6.46858357e+13
6.74e-09	1773.31147	-913.753323	61186.868	21318.3722	0.560961311	6.46906249e+13
6.75e-09	4058.45211	-1269.42987	60884.9126	23133.9969	0.560451504	6.46926304e+13
6.76e-09	2675.72356	-526.891527	60454.9398	23181.6299	0.560381628	6.46928467e+13
6.77e-09	2929.04875	-2265.28637	60330.5173	23457.3146	0.560122288	6.46926105e+13
6.78e-09	2322.70356	-1355.93982	57942.2971	22938.9787	0.560676812	6.46925927e+13
6.79e-09	1997.82436	-1629.51063	58124.6984	23106.8951	0.561506753	6.46960806e+13
6.8e-09	1900.37757	-2195.17257	58703.7442	25667.7288	0.561808562	6.47018956e+13
6.81e-09	3335.45667	-1778.94	60487.4176	25153.174	0.561386295	6.47070118e+13
6.82e-09	967.601412	-889.753274	60486.553	26106.816	0.560687082	6.470866e+13
6.83e-09	98.9157906	530.324559	61923.4638	25824.7031	0.559842885	6.47072245e+13
6.84e-09	-839.821773	-2402.90476	62038.4898	25005.1002	0.558872334	6.47017967e+13
6.85e-09	-498.95911	-479.778944	62112.0004	23970.7908	0.558533741	6.4694074e+13
6.86e-09	-1045.51168	-176.856878	61383.1655	23410.4436	0.558365117	6.46856537e+13
6.87e-09	-1847.16246	268.871107	60802.9566	23591.331	0.558636935	6.46783679e+13
6.88e-09	-692.389733	2706.82328	61022.1548	24743.1008	0.558976832	6.46733311e+13
6.89e-09	100.427358	2606.03935	61408.6177	24181.0469	0.559006189	6.46693437e+13
6.9e-09	-1770.89749	3018.02314	60567.252	23350.4794	0.559064867	6.46658028e+13
6.91e-09	-1113.79899	2923.47757	60114.5703	21607.7482	0.55960032	6.46638626e+13
6.92e-09	377.640251	3104.67783	60745.2936	22578.7029	0.560040735	6.46644872e+13
6.93e-09	324.21629	4406.35941	60129.5705	22066.5884	0.560135857	6.46660555e+13
6.94e-09	-529.655853	2602.52572	59115.0591	20870.8732	0.560888336	6.46690279e+13
6.95e-09	1405.46221	2342.7351	60520.0044	20045.5954	0.561568254	6.46754776e+13
6.96e-09	561.704579	1879.50809	61427.2033	18052.3896	0.561602148	6.46827325e+13
6.97e-09	282.06883	3836.01685	61949.3292	18983.3244	0.561280726	6.46886272e+13
6.98e-09	1485.57861	2138.49897	61805.5997	19853.5867	0.560790249	6.46922751e+13
6.99e-09	1865.8349	3155.58305	60716.6038	18843.6889	0.560853432	6.46941049e+13
7e-09	3212.37931	2790.88083	62727.3037	19407.3844	0.560871018	6.46969157e+13
7.01e-09	451.300587	4907.22152	60539.3499	20308.4643	0.560946164	6.46985029e+13
7.02e-09	82.8599583	2880.30716	59891.808	20127.307	0.561367512	6.47015993e+13
7.03e-09	-1463.76469	-59.5233271	59142.1436	18216.332	0.562196827	6.47067516e+13
7.04e-09	504.506519	-500.36245	59284.4113	19392.4694	0.562777917	6.4715058e+13
7.05e-09	1482.74992	-238.881878	60804.3522	20449.0807	0.562673319	6.47239421e+13
7.06e-09	2704.97064	-1979.4218	62088.9853	21420.6352	0.561568411	6.47292827e+13
7.07e-09	1220.17482	-2401.36437	62685.0744	22226.1353	0.560567641	6.47291406e+13
7.08e-09	372.919399	-2805.29964	62206.6593	23567.7337	0.55942391	6.4724211e+13
7.09e-09	-172.50428	-1368.55193	59987.7688	23120.0245	0.559437557	6.47169399e+13
7.1e-09	36.2627138	-737.304278	61330.7889	22629.5513	0.559753447	6.47117606e+13
7.11e-09	847.372931	-1514.55938	60865.8584	23414.0441	0.559811557	6.47075011e+13
7.12e-09	511.602834	-2402.43078	61632.6687	23539.1427	0.559535921	6.47033579e+13
7.13e-09	2747.25571	-2350.26133	59621.6168	23810.9801	0.559600909	6.46987701e+13
7.14e-09	1450.56227	-1831.53004	59697.7632	25210.3428	0.559960697	6.46961071e+13
7.15e-09	1602.33845	146.763886	59043.2196	27959.0595	0.55982704	6.46940483e+13
7.16e-09	2707.09158	223.125298	59430.8973	27495.5033	0.55972868	6.46915498e+13
7.17e-09	2344.72646	-607.930754	57022.1582	27426.3428	0.560211748	6.4689765e+13
7.18e-09	1691.47451	41.2956659	58835.1101	26992.0247	0.560731459	6.46910053e+13
7.19e-09	669.353465	2007.13659	57097.9006	25307.3522	0.56114167	6.46933725e+13
7.2e-09	931.509866	1323.19395	59195.5209	25284.2689	0.561785753	6.46985099e+13
7.21e-09	-9.4602275	1922.44933	60564.6662	25682.4644	0.561011154	6.47031295e+13
7.22e-09	-624.830815	3084.73925	60644.6019	24988.294	0.560392834	6.47036104e+13
7.23e-09	-1007.41345	1578.7852	59589.4353	24407.3017	0.560089887	6.47021395e+13
7.24e-09	305.762104	236.640093	61462.966	25235.3252	0.559836244	6.47000924e+13
7.25e-09	214.309826	487.71748	59498.4305	25607.9493	0.559794616	6.46967688e+13
7.26e-09	-2352.18795	1896.89315	57967.3493	25783.8129	0.560236223	6.4694927e+13
7.27e-09	-1714.59298	1149.36177	58176.9606	23937.0498	0.56089809	6.46955062e+13
7.28e-09	-712.174875	333.876254	58561.0912	24290.4493	0.561784452	6.4699667e+13
7.29e-09	972.464928	-476.805391	60444.998	25126.3195	0.561528045	6.47052845e+13
7.3e-09	1650.07709	-958.85718	61010.5902	25197.9596	0.560821437	6.47079155e+13
7.31e-09	833.250977	-897.547359	59895.2468	26481.4725	0.560235261	6.4707192e+13
7.32e-09	-97.630465	-1430.6733	60815.3954	26910.7349	0.559542053	6.47042631e+13
7.33e-09	-1452.81582	-799.539156	62076.0007	26293.8563	0.559026093	6.46988205e+13
7.34e-09	-1239.53073	-1636.35652	62878.5197	26620.3129	0.558064884	6.46907031e+13
7.35e-09	-1222.15864	-2545.33206	61860.4447	27535.1353	0.557606089	6.4679962e+13
7.36e-09	-214.637573	-973.006529	61647.6274	25195.2722	0.557674125	6.4669347e+13
7.37e-09	758.114091	-67.9522931	61387.6009	25860.7305	0.557771165	6.46602791e+13
7.38e-09	393.607495	332.743655	60780.2481	25627.3648	0.557998959	6.46526517e+13
7.39e-09	1363.18794	1680.52364	59856.624	24037.6558	0.558487042	6.46470853e+13
7.4e-09	660.32236	68.2099893	60112.2363	23941.2347	0.559123084	6.46447757e+13
7.41e-09	441.335961	152.635105	61455.0704	24526.7495	0.559460496	6.46449635e+13
7.42e-09	195.494693	198.970671	60529.7143	23119.919	0.559518604	6.46456973e+13
7.43e-09	-220.231102	1353.39999	61401.5316	25595.5032	0.559427115	6.46468435e+13
7.44e-09	94.9674147	-188.709767	61656.8054	25119.1969	0.559064677	6.46464338e+13
7.45e-09	-1181.30832	1562.197	61179.4602	23819.3699	0.558983462	6.46449512e+13
7.46e-09	-3736.73348	1141.40523	61504.4837	23673.7382	0.558638995	6.4642974e+13
7.47e-09	-2277.25218	828.662474	58346.7603	24824.1238	0.55934368	6.46414451e+13
7.48e-09	-3095.72458	-267.797608	57861.5129	26566.2107	0.5603329	6.46442713e+13
7.49e-09	-2245.29902	561.221541	59773.3524	25214.065	0.560628214	6.46496602e+13
7.5e-09	-1212.91208	-721.82611	60159.4647	24322.4368	0.560575619	6.46551803e+13
7.51e-09	-1518.96822	-2954.5857	61064.2423	23286.3867	0.560296738	6.46593093e+13
7.52e-09	-428.470761	-1661.15648	58109.3825	24022.6465	0.56048566	6.46623337e+13
7.53e-09	828.181283	-3746.28481	58617.042	24249.7559	0.561294111	6.46677067e+13
7.54e-09	822.257132	-3968.08714	58392.5463	24454.0057	0.561335945	6.46743751e+13
7.55e-09	-120.098058	-3473.00523	59486.0049	23569.5314	0.561425158	6.46808798e+13
7.56e-09	-934.894571	-2909.45503	60459.9298	24213.6432	0.561449582	6.46870528e+13
7.57e-09	-1890.76914	-2449.06891	60569.608	25447.0656	0.560510104	6.46904704e+13
7.58e-09	-2446.21243	-1500.36357	59922.7385	23887.7915	0.560399028	6.46908533e+13
7.59e-09	-2035.91472	-1072.94782	59002.1556	23018.039	0.560662575	6.46916391e+13
7.6e-09	-1676.50724	299.627647	60459.8212	23752.9708	0.560997231	6.46942145e+13
7.61e-09	-2599.43477	586.02724	60331.1887	23716.2356	0.560656045	6.46961331e+13
7.62e-09	-1041.99721	1712.77619	60804.9798	24098.3258	0.560293766	6.46966212e+13
7.63e-09	-558.186154	486.394432	59599.9941	23391.2267	0.560257059	6.46957589e+13
7.64e-09	-557.343522	1117.75065	61742.283	23969.8598	0.560205235	6.46956417e+13
7.65e-09	1650.25314	594.046556	61154.174	24070.6914	0.559799381	6.46938667e+13
7.66e-09	1565.62377	-393.936291	61651.6289	23605.2111	0.55922276	6.46905058e+13
7.67e-09	-987.315755	-679.993245	63127.5636	21504.6803	0.558740007	6.46853007e+13
7.68e-09	872.521996	-1380.2488	62451.2747	22387.3741	0.558455259	6.46785238e+13
7.69e-09	1947.72037	-395.235868	61968.0017	22147.697	0.558440199	6.46717719e+13
7.7e-09	2097.3882	767.641331	61689.06	22128.8767	0.558968154	6.46665519e+13
7.71e-09	359.923992	260.43599	62457.0646	23949.3073	0.559106492	6.46635127e+13
7.72e-09	175.272608	2235.38935	61388.7254	23141.4595	0.559098422	6.46604799e+13
7.73e-09	300.748296	2952.9847	62528.8696	25542.3938	0.558706044	6.46577186e+13
7.74e-09	167.301112	1618.29635	61304.836	25525.8287	0.558103278	6.46525393e+13
7.75e-09	739.554712	1427.67199	61154.511	25371.7205	0.558413579	6.46473721e+13
7.76e-09	697.259766	2243.06118	60619.471	23097.8306	0.558883344	6.46441576e+13
7.77e-09	-339.003199	1931.43667	60019.4979	20648.5894	0.559567018	6.46436355e+13
7.78e-09	404.290127	-154.791594	61512.7942	20926.3913	0.560161943	6.46465438e+13
7.79e-09	1650.26883	-765.053031	61494.3016	19714.5914	0.560331667	6.46504712e+13
7.8e-09	858.595611	-1578.92288	63587.3073	18116.3655	0.560024307	6.46541176e+13
7.81e-09	365.841159	-1626.78602	62661.1664	18526.5693	0.559640055	6.46556215e+13
7.82e-09	726.989347	19.9251101	61199.2407	19400.8496	0.560021528	6.4656846e+13
7.83e-09	-943.708151	742.175179	60111.2673	20670.5016	0.560567901	6.46597686e+13
7.84e-09	-1092.0207	1182.79552	59984.9049	19269.8154	0.56129186	6.46652458e+13
7.85e-09	-31.444506	1907.57917	60831.6539	18969.9742	0.561531914	6.46726162e+13
7.86e-09	758.045525	-109.877207	61947.4268	20179.2323	0.561329973	6.46795887e+13
7.87e-09	2362.65432	-805.371282	64076.6809	21409.8461	0.559916296	6.46828432e+13
7.88e-09	3140.48594	-1100.19251	62202.7942	22032.2442	0.558677371	6.46789868e+13
7.89e-09	1705.0209	-628.614848	61623.8478	24389.7768	0.558829438	6.46734414e+13
7.9e-09	218.375624	-1803.11121	61234.0811	22220.3413	0.558954309	6.46688289e+13
7.91e-09	932.817083	-1549.06823	59314.1483	22409.314	0.55961063	6.46662867e+13
7.92e-09	-182.029065	-2813.5549	60052.1139	22303.7448	0.560182548	6.46670844e+13
7.93e-09	-504.357973	-3353.84919	60039.4042	22240.7807	0.560375867	6.46694606e+13
7.94e-09	885.540881	-3766.78178	59153.0014	20782.624	0.561071529	6.46730711e+13
7.95e-09	458.930579	-3241.47229	59589.6299	22251.152	0.561593486	6.46794711e+13
7.96e-09	1026.9231	-1480.90691	60823.156	22710.1648	0.561303937	6.46859347e+13
7.97e-09	-37.0126878	-590.530761	60128.2157	25273.5108	0.560819906	6.46898183e+13
7.98e-09	519.421108	-289.603558	58396.8434	23446.709	0.561002472	6.46922104e+13
7.99e-09	-326.897449	-442.112138	60200.5562	23108.0951	0.561294327	6.46960727e+13
8e-09	-1416.95285	-110.664643	58849.085	24085.714	0.561221255	6.46997189e+13
8.01e-09	-1790.40683	-410.93185	58632.1378	25270.2203	0.561416282	6.47036199e+13
8.02e-09	-455.998903	392.212863	60600.2062	25550.7718	0.561245677	6.47075353e+13
8.03e-09	661.956355	-2579.66762	59717.1468	25726.8788	0.560745413	6.47090245e+13
8.04e-09	-94.6534257	-2225.52318	60110.8489	25443.9865	0.56060016	6.47091672e+13
8.05e-09	-1376.58273	-179.899159	60015.5968	24977.689	0.560202959	6.47080981e+13
8.06e-09	-584.748296	664.431258	60186.335	26076.2398	0.559977501	6.47055703e+13
8.07e-09	-431.206385	-114.229842	60558.8024	24988.0449	0.559822604	6.47024853e+13
8.08e-09	381.486786	358.287816	61087.7329	25119.8129	0.559407235	6.46986293e+13
8.09e-09	-342.358626	748.492412	61973.5255	22762.1291	0.559274671	6.46937116e+13
8.1e-09	1347.21281	1998.48722	62120.7714	20695.996	0.559092575	6.46886327e+13
8.11e-09	945.659932	3383.90381	61811.2507	22889.2427	0.559084151	6.46836991e+13
8.12e-09	1868.57747	3755.28356	61575.26	22955.6988	0.558951964	6.46789706e+13
8.13e-09	744.832271	4548.00045	63124.4248	22600.8401	0.558878096	6.46745179e+13
8.14e-09	1173.49126	1528.69823	61788.2815	24703.5546	0.558343613	6.46688054e+13
8.15e-09	52.6822331	1766.68678	63215.7399	25048.6215	0.558279897	6.46623966e+13
8.16e-09	-1287.39927	2563.34028	62227.9607	25708.9438	0.557692842	6.46548895e+13
8.17e-09	-1372.18951	1181.50296	60679.3957	25300.0632	0.557742791	6.46466637e+13
8.18e-09	-677.475419	698.770947	59922.1252	25335.8387	0.558612763	6.46413503e+13
8.19e-09	279.045562	1327.53884	58508.3001	26957.912	0.559546788	6.46405425e+13
8.2e-09	-1676.63958	587.752361	57714.8295	25282.5655	0.560138335	6.4643033e+13
8.21e-09	-2637.5074	979.581069	58028.8345	25896.3118	0.560962054	6.46487586e+13
8.22e-09	-3015.3824	988.728959	58483.5599	25848.3177	0.561148198	6.46560258e+13
8.23e-09	-2535.76907	2308.06921	59142.8825	25850.9362	0.56127776	6.46633164e+13
8.24e-09	-1655.36734	3307.45357	59460.092	26293.3465	0.560926608	6.46695641e+13
8.25e-09	-959.524014	2642.76374	61142.194	25975.3343	0.560284383	6.46732059e+13
8.26e-09	-216.320675	1892.0443	60939.0928	25748.4545	0.559644414	6.4673511e+13
8.27e-09	388.150456	703.361841	60515.362	25895.0895	0.559445146	6.46717308e+13
8.28e-09	99.0360578	166.690377	61872.6429	25343.3564	0.559013268	6.46691618e+13
8.29e-09	-958.306165	-1658.57119	60788.3327	25960.66	0.558572576	6.46644035e+13
8.3e-09	-2661.2513	-2502.03179	59654.3728	27107.1787	0.558856848	6.46598529e+13
8.31e-09	-3024.20287	-1374.51349	58904.7534	27365.9328	0.559282049	6.46574662e+13
8.32e-09	-2858.32062	-1319.71325	58063.45	25405.769	0.559732923	6.46568822e+13
8.33e-09	-2142.64963	-1513.2178	58694.0224	25227.8932	0.560246102	6.4658966e+13
8.34e-09	-2560.11552	-1065.94495	58155.6997	25728.862	0.560829726	6.46628689e+13
8.35e-09	-899.902467	-2487.79912	56872.6833	23708.7612	0.561757601	6.46693126e+13
8.36e-09	705.769856	-2087.52304	58960.0841	25107.7502	0.562328554	6.46796157e+13
8.37e-09	909.503914	-3360.66887	59679.6864	25602.1031	0.561390703	6.46879295e+13
8.38e-09	72.2900181	-3909.87929	59857.4258	23089.4034	0.561007509	6.4692237e+13
8.39e-09	126.3684	-4348.79016	58864.8681	22180.5973	0.56144623	6.46959566e+13
8.4e-09	-693.858256	-3699.51791	58686.7433	21160.334	0.561858235	6.47011774e+13
8.41e-09	-810.807659	-3762.30487	59378.1222	24242.848	0.562227955	6.47082447e+13
8.42e-09	-1386.41954	-5744.50522	61358.3016	23449.0191	0.561653666	6.47141086e+13
8.43e-09	-3652.16045	-4594.49418	60979.9651	23844.6626	0.56057204	6.47156515e+13
8.44e-09	-3278.17587	-3740.51538	60100.2502	23049.0058	0.560765416	6.47147143e+13
8.45e-09	-1960.26115	-2584.59129	61364.9585	23801.5853	0.560542555	6.47143147e+13
8.46e-09	-327.914607	-2111.74772	61724.3938	26989.1862	0.559553879	6.47113214e+13
8.47e-09	-1118.1024	-1968.90988	60162.6977	26601.539	0.559202621	6.47050396e+13
8.48e-09	-1034.38922	262.687746	59451.5159	26530.6429	0.559370416	6.46992846e+13
8.49e-09	-680.328728	-1227.80528	59374.346	26567.3429	0.559588794	6.46949839e+13
8.5e-09	-1629.51091	-1492.52256	59979.0531	25241.6495	0.559627284	6.46918872e+13
8.51e-09	-2357.51372	-1787.46093	62001.3122	23417.9943	0.55957946	6.4688938e+13
8.52e-09	-769.458991	-898.919548	61516.0954	22803.6981	0.559315621	6.46851509e+13
8.53e-09	-695.859196	-2131.31624	62206.0037	22521.4731	0.559335951	6.46815326e+13
8.54e-09	-657.153755	-900.628063	61663.9833	24115.9319	0.559060013	6.46775883e+13
8.55e-09	-1384.60386	-286.753543	61716.6033	24046.8806	0.558710897	6.46728508e+13
8.56e-09	-657.788993	-1434.32931	60184.832	24756.6965	0.558994318	6.46680947e+13
8.57e-09	-1187.40991	-1873.89538	60328.2495	23323.9446	0.559398718	6.46653665e+13
8.58e-09	-177.586372	-1660.50359	58902.8244	22369.9609	0.560045315	6.46649774e+13
8.59e-09	-780.631837	-2367.81065	59243.151	22604.3227	0.561105769	6.4668611e+13
8.6e-09	444.144321	-1938.46524	59986.3829	21727.2062	0.561487018	6.46752443e+13
8.61e-09	-3.08182113	-3856.127	61017.9892	22292.4368	0.561293209	6.46817457e+13
8.62e-09	645.106924	-2212.80777	61601.1431	21977.2144	0.560780492	6.46861269e+13
8.63e-09	-117.949479	-3121.69702	61069.5389	22274.026	0.560545576	6.46882254e+13
8.64e-09	448.810066	-2367.33696	63384.4066	22835.8271	0.559782562	6.46884458e+13
8.65e-09	1058.78617	-1205.22133	63419.2726	21709.5551	0.558992037	6.46847804e+13
8.66e-09	1426.00425	-1695.85567	62997.4711	20005.3358	0.558373563	6.46782211e+13
8.67e-09	1622.8932	-2234.52302	62775.7245	19196.8253	0.558647606	6.46713284e+13
8.68e-09	600.725812	-2864.64606	62729.878	20044.8201	0.558987399	6.46668334e+13
8.69e-09	929.822879	-2235.35508	62819.9089	20444.6064	0.558857716	6.46630901e+13
8.7e-09	-449.978958	-2430.51111	61958.979	20653.6224	0.558979317	6.46595815e+13
8.71e-09	-1602.22389	-3773.17646	60768.3635	20662.5789	0.559727385	6.46582671e+13
8.72e-09	-2716.28211	-3414.30359	60253.8687	18511.0635	0.560564443	6.4660401e+13
8.73e-09	-1262.44797	-2140.33209	60507.0295	18477.4005	0.561531092	6.4666522e+13
8.74e-09	-1844.26079	-2842.39908	61159.6196	18977.1983	0.561381447	6.46742019e+13
8.75e-09	-814.70258	-2349.04033	59574.0519	19229.6759	0.561698649	6.46807937e+13
8.76e-09	-12.2815165	-80.8953989	60233.843	18803.9624	0.562118615	6.4689053e+13
8.77e-09	-681.999931	1362.16993	64187.1898	20378.2282	0.561138701	6.46960849e+13
8.78e-09	-56.5421389	2179.81777	62867.8267	20731.3378	0.559899395	6.46965027e+13
8.79e-09	-905.216153	3047.84638	62071.2838	21326.176	0.559412284	6.46931452e+13
8.8e-09	-1711.97182	2287.04693	61550.0913	22377.0741	0.559528339	6.46893902e+13
8.81e-09	-979.480463	1789.87382	60429.1852	23658.4359	0.559427888	6.46858692e+13
8.82e-09	-1584.13993	455.254439	59832.2263	24586.5473	0.559902416	6.46837232e+13
8.83e-09	-1637.46111	-833.567565	61393.1709	25824.7838	0.559703759	6.46825754e+13
8.84e-09	-1114.66726	-934.170737	62430.9309	26507.3259	0.558823093	6.46792808e+13
8.85e-09	-1024.72074	-306.546061	61125.1443	27192.9023	0.557984301	6.4671864e+13
8.86e-09	-1848.08476	-39.8757776	61231.2431	27782.686	0.557988097	6.4663776e+13
8.87e-09	-1056.00708	596.582425	58933.8177	26970.8462	0.55825924	6.46563099e+13
8.88e-09	-1224.07945	115.016993	58608.0264	25737.2644	0.559061679	6.46524349e+13
8.89e-09	-2526.50555	-807.92028	57840.7601	25450.0364	0.559950658	6.46524128e+13
8.9e-09	-1949.87825	-271.029809	59508.9033	25846.3742	0.560383992	6.46557313e+13
8.91e-09	-1846.64984	1046.88383	59452.125	24545.8494	0.560480369	6.46595995e+13
8.92e-09	-139.541688	1938.56467	58136.9501	24648.4371	0.56092307	6.46639792e+13
8.93e-09	-623.785957	2803.3305	58392.9067	23737.3921	0.561425566	6.46702626e+13
8.94e-09	-955.844734	3004.06428	58969.7325	22822.4345	0.561737232	6.46778128e+13
8.95e-09	-718.957618	942.766042	60200.0738	25320.1059	0.561563817	6.46856192e+13
8.96e-09	-663.99287	-923.646256	62138.7761	26472.8795	0.560266424	6.46895192e+13
8.97e-09	-140.962544	-2098.99842	62483.4428	25656.2319	0.558784997	6.46864499e+13
8.98e-09	808.170073	-1197.0029	60655.5836	24411.4265	0.558538615	6.46793923e+13
8.99e-09	862.80032	-1756.94363	60808.9953	25731.4085	0.558611548	6.46734541e+13
9e-09	1902.81598	-2440.50227	61199.7063	26634.0745	0.558451149	6.46674498e+13
9.01e-09	1817.19537	-1397.31105	59327.3627	26124.4597	0.558676703	6.46619083e+13
9.02e-09	235.758128	682.136108	57969.4166	26957.385	0.559530125	6.4659525e+13
9.03e-09	1915.67061	267.588517	56909.5289	27074.4812	0.56052413	6.4661187e+13
9.04e-09	1546.44179	1567.60395	58565.0105	26853.0868	0.560752538	6.46657437e+13
9.05e-09	-347.167473	2249.15738	58062.9575	26778.8236	0.561222301	6.46708155e+13
9.06e-09	-1614.09946	1922.80731	59233.7931	27888.103	0.561095149	6.46768642e+13
9.07e-09	-798.537463	2554.20031	58113.2327	28141.4444	0.560327869	6.46799361e+13
9.08e-09	-954.340128	484.477837	58716.8404	28479.3199	0.560244661	6.46811542e+13
9.09e-09	146.217883	820.455904	58129.7168	27507.7929	0.560469894	6.46818582e+13
9.1e-09	-726.42904	-157.403138	57929.6948	29311.8802	0.56074891	6.46840696e+13
9.11e-09	-2955.89767	40.13614	57924.2787	28424.2387	0.560930282	6.46870958e+13
9.12e-09	-2391.38217	1363.27576	58206.5807	26518.5636	0.561106636	6.46904806e+13
9.13e-09	-2211.0799	1384.28999	61034.8656	24197.5326	0.560999627	6.46942073e+13
9.14e-09	-1351.83253	738.265956	62121.7707	22924.7171	0.560215846	6.46954443e+13
9.15e-09	-2004.86768	1065.13187	61588.2651	23055.7219	0.559753308	6.46936428e+13
9.16e-09	-1271.5568	-197.121615	59296.9785	23897.8424	0.560039994	6.46914117e+13
9.17e-09	-1717.602	-1657.66663	59237.248	23297.5782	0.560569709	6.46913471e+13
9.18e-09	-446.02735	-1304.03206	57310.8445	22416.1415	0.561406538	6.46939433e+13
9.19e-09	-1688.04616	-1551.35637	58063.9253	22611.1267	0.562385409	6.47008131e+13
9.2e-09	-2339.42848	-388.993661	57905.0825	23351.9891	0.562680852	6.47097414e+13
9.21e-09	-2606.08872	-899.320882	59687.1044	24097.1613	0.562685697	6.47188914e+13
9.22e-09	-3020.50858	1202.80839	60395.4171	23880.4426	0.561759379	6.47247139e+13
9.23e-09	-889.920444	311.24332	59959.3248	21698.8615	0.561379635	6.47269588e+13
9.24e-09	-933.841995	-2341.96146	61926.2151	22125.0047	0.561106868	6.47280183e+13
9.25e-09	-1185.75796	-1689.9128	61783.9331	22465.065	0.560448025	6.47266273e+13
9.26e-09	-1052.82195	-3354.80502	62975.77	23173.7448	0.559672051	6.47224822e+13
9.27e-09	-1805.55368	-3608.37719	61947.2297	23350.3223	0.558940338	6.47151633e+13
9.28e-09	-1560.53202	-3082.48505	59985.3958	23284.4864	0.559177208	6.47070978e+13
9.29e-09	-245.226324	-2292.31933	59348.9776	23508.6896	0.560382167	6.47031789e+13
9.3e-09	-457.087032	-2687.43963	58483.8207	24629.6729	0.560852936	6.47033061e+13
9.31e-09	-1994.08576	-2592.6737	60923.6785	25959.0932	0.560819053	6.47052298e+13
9.32e-09	-1903.18686	-1963.85667	61536.7222	25070.5698	0.559808784	6.47041969e+13
9.33e-09	-726.936554	-4125.904	60347.9102	24588.7784	0.559446854	6.46997751e+13
9.34e-09	-1725.75556	-3515.30549	61314.9901	23262.7646	0.559194663	6.46946552e+13
9.35e-09	-1889.2407	-3090.18561	59497.7848	24645.4262	0.559688342	6.4690398e+13
9.36e-09	-2231.97016	-2902.39038	60119.759	21816.6381	0.560178999	6.46886727e+13
9.37e-09	-1666.00805	-1784.37472	60807.9123	23284.902	0.560569963	6.46895248e+13
9.38e-09	-628.843237	-99.4339652	59872.039	23452.7812	0.560594483	6.46907436e+13
9.39e-09	-498.019999	-1039.51834	59990.056	24635.6016	0.560434564	6.46919831e+13
9.4e-09	-438.346079	-428.662974	58853.971	24338.5624	0.560792281	6.46930886e+13
9.41e-09	1188.70532	444.967966	59011.5071	23512.9672	0.561251494	6.46959305e+13
9.42e-09	1362.84317	505.210405	61544.9972	23346.709	0.560981793	6.46995743e+13
9.43e-09	1020.39431	116.519101	61690.126	23705.844	0.559853744	6.46995688e+13
9.44e-09	988.838929	1773.81202	63224.252	23038.0263	0.559261721	6.46957304e+13
9.45e-09	-1324.13363	552.487422	62365.5668	22968.8501	0.558736334	6.46896731e+13
9.46e-09	-1358.42893	594.258141	61879.8265	22046.1442	0.558566615	6.46825104e+13
9.47e-09	-1059.77393	-122.841417	62485.4998	20720.7907	0.558890568	6.46765791e+13
9.48e-09	17.8149431	-124.757737	61229.0047	21396.3735	0.55895739	6.46720584e+13
9.49e-09	646.489332	-1077.04057	61338.4188	20868.4471	0.559525744	6.46693893e+13
9.5e-09	-1262.02752	-778.636428	62683.0083	21275.5429	0.559504818	6.46683995e+13
9.51e-09	-3159.75539	-596.952411	63255.2689	20123.9428	0.559039525	6.46661584e+13
9.52e-09	-3422.98275	-1688.11859	62816.7249	20134.4518	0.558955216	6.46628961e+13
9.53e-09	-2526.89153	-1206.69543	61170.2005	20056.783	0.559115953	6.46596183e+13
9.54e-09	-1483.44797	-829.890566	61226.3188	20256.875	0.55968409	6.46587114e+13
9.55e-09	914.929544	-1628.62384	60664.3355	19326.2108	0.560266051	6.46603614e+13
9.56e-09	1030.94481	-1099.88877	60848.7834	20207.6769	0.560858741	6.46644004e+13
9.57e-09	1511.8767	-1808.64941	61836.9703	20915.7293	0.56061527	6.46691337e+13
9.58e-09	140.756719	-797.422111	60662.4922	22666.9834	0.560400866	6.46720554e+13
9.59e-09	2564.46167	-507.301074	61767.7684	21924.8732	0.56038281	6.46744823e+13
9.6e-09	3148.68272	-1812.12594	61078.64	20935.0048	0.560308879	6.4676002e+13
9.61e-09	2294.65779	464.901238	61929.8693	21399.5881	0.559841732	6.4676804e+13
9.62e-09	-51.0619764	-219.570375	62598.7057	22127.9027	0.559466989	6.46755714e+13
9.63e-09	-550.899474	-14.2530067	62434.3115	23080.4105	0.559006691	6.46726181e+13
9.64e-09	-966.678259	305.39156	61670.457	22927.1981	0.558870949	6.46681552e+13
9.65e-09	-1113.61921	842.367058	61903.1768	24783.6754	0.5588662	6.46642652e+13
9.66e-09	-1532.66833	932.306893	59557.8003	27664.9474	0.55886853	6.46602937e+13
9.67e-09	-2132.06521	-205.528295	61052.9765	27823.4093	0.558651725	6.46568135e+13
9.68e-09	-1251.18241	1202.54666	60575.2647	27325.7408	0.55849491	6.46523204e+13
9.69e-09	-1369.73334	1451.98422	57658.5371	28329.6796	0.55866669	6.4648199e+13
9.7e-09	-304.701863	239.516995	57697.6717	27302.3888	0.559567495	6.46470077e+13
9.71e-09	-1759.63641	986.613594	56176.415	27219.0533	0.560452583	6.46497449e+13
9.72e-09	-2463.55676	671.584513	56695.547	26630.0299	0.561599238	6.46569039e+13
9.73e-09	-1970.97698	1494.09738	58466.0795	27297.2037	0.56226107	6.46676131e+13
9.74e-09	-542.787759	77.4212359	57024.5308	24581.0647	0.5618457	6.46768978e+13
9.75e-09	-518.384486	610.418983	58870.5995	24694.5468	0.562060774	6.46856441e+13
9.76e-09	670.052534	27.8525796	58393.3682	24886.7741	0.561834206	6.46933388e+13
9.77e-09	-328.128147	1489.91768	58983.2395	24253.3357	0.561954713	6.47000794e+13
9.78e-09	188.936632	1859.53388	61038.2138	25073.5386	0.561379144	6.47056823e+13
9.79e-09	497.301384	3614.67908	61523.605	24504.9377	0.560457365	6.47070704e+13
9.8e-09	-1237.26352	2286.72365	61650.9244	26281.9788	0.559474063	6.47042136e+13
9.81e-09	-1003.15076	1611.72968	61469.8775	26313.5928	0.558855576	6.4697946e+13
9.82e-09	-1435.42702	1167.87163	59093.3857	26330.284	0.558768278	6.4690346e+13
9.83e-09	-2112.46406	-214.158434	59383.0529	28383.0931	0.559317688	6.46851147e+13
9.84e-09	-1036.37527	-31.3612165	59316.759	27766.5803	0.559406669	6.46816435e+13
9.85e-09	614.670717	-270.208009	58902.4894	27740.9603	0.559524431	6.46788921e+13
9.86e-09	160.91068	135.533342	58501.893	28594.4966	0.559904966	6.46773666e+13
9.87e-09	-104.462727	-45.691853	59299.6893	27311.5937	0.559681201	6.46766332e+13
9.88e-09	-3193.87721	-1911.66688	58916.0535	28481.3535	0.55966628	6.46753452e+13
9.89e-09	-3590.55953	-1237.4661	57432.4401	27472.2152	0.559858296	6.46739814e+13
9.9e-09	-2091.8963	504.907374	58400.3668	28178.8028	0.560392517	6.46749587e+13
9.91e-09	277.950329	2063.40446	58559.5942	29047.5053	0.560097176	6.46766043e+13
9.92e-09	85.9259232	1286.4148	57978.0288	30473.4657	0.560007475	6.46769438e+13
9.93e-09	343.023755	230.329117	58705.5062	27559.2831	0.559878924	6.46765861e+13
9.94e-09	-219.293815	261.856867	60419.8134	27021.8076	0.559765396	6.46762217e+13
9.95e-09	-387.045537	331.131031	60783.8099	25634.5249	0.559335814	6.46744197e+13
9.96e-09	-917.66412	-2306.47512	61374.6789	26559.0973	0.558939153	6.467119e+13
9.97e-09	-805.724122	-1650.44674	60253.7372	28272.3189	0.558408086	6.46661266e+13
9.98e-09	13.0095716	-1254.03374	59318.028	26876.9245	0.558719338	6.46607048e+13
9.99e-09	-634.838815	-762.242956	59936.1834	25631.8145	0.558865588	6.46570996e+13
1e-08	-405.786187	-1141.91657	59189.7	24936.8292	0.559567023	6.4655335e+13
